# Samples: 113379, Average: 6353.1 ns, StdDev: 1090.0 ns, Quartiles: 5866.0/5997.0/6400.0 ns
3968,1
4211,1
5325,1
5354,1
5379,1
5392,1
5401,2
5405,1
5408,2
5411,1
5412,1
5414,1
5417,2
5418,3
5421,2
5424,1
5427,2
5428,1
5433,2
5434,2
5436,2
5437,1
5440,5
5443,3
5446,2
5447,2
5449,3
5450,2
5453,5
5456,5
5459,8
5460,2
5462,1
5463,4
5465,2
5466,7
5468,2
5469,12
5472,9
5475,6
5476,3
5478,6
5479,5
5481,4
5482,3
5484,3
5485,15
5488,20
5491,14
5492,1
5494,13
5495,9
5497,9
5498,11
5500,9
5501,14
5504,29
5507,19
5508,9
5510,12
5511,12
5513,15
5514,21
5516,9
5517,29
5520,49
5523,30
5524,10
5526,25
5527,27
5529,22
5530,25
5532,11
5533,38
5536,70
5539,41
5540,19
5542,42
5543,25
5545,33
5546,33
5548,21
5549,55
5552,94
5555,66
5556,17
5558,51
5559,30
5561,36
5562,58
5564,15
5565,80
5568,101
5571,98
5572,25
5574,48
5575,46
5577,51
5578,82
5580,25
5581,111
5584,141
5587,117
5588,27
5590,75
5591,57
5593,62
5594,86
5596,27
5597,127
5600,167
5603,136
5604,28
5606,113
5607,74
5609,79
5610,115
5612,32
5613,144
5616,164
5619,141
5620,36
5622,108
5623,73
5625,96
5626,127
5628,40
5629,153
5632,189
5635,173
5636,45
5638,91
5639,86
5641,75
5642,131
5644,33
5645,181
5648,198
5651,151
5652,41
5654,129
5655,87
5657,92
5658,117
5660,45
5661,183
5664,180
5667,161
5668,48
5670,113
5671,79
5673,75
5674,122
5676,41
5677,167
5680,198
5683,152
5684,33
5686,126
5687,82
5689,77
5690,103
5692,39
5693,155
5696,184
5699,182
5700,39
5702,116
5703,91
5705,89
5706,133
5708,35
5709,149
5712,191
5715,147
5716,37
5718,119
5719,73
5721,81
5722,109
5724,29
5725,156
5728,207
5731,181
5732,47
5734,114
5735,79
5737,89
5738,94
5740,49
5741,152
5744,189
5747,191
5748,44
5750,129
5751,77
5753,84
5754,124
5756,41
5757,175
5760,242
5763,192
5764,48
5766,151
5767,101
5769,112
5770,147
5772,42
5773,205
5776,290
5779,230
5780,62
5782,184
5783,100
5785,133
5786,167
5788,63
5789,253
5792,350
5795,282
5796,66
5798,226
5799,180
5801,164
5802,226
5804,80
5805,330
5808,405
5811,334
5812,91
5814,279
5815,181
5817,192
5818,274
5820,97
5821,417
5824,488
5827,446
5828,106
5830,316
5831,191
5833,245
5834,366
5836,113
5837,418
5840,663
5843,474
5844,120
5846,403
5847,261
5849,289
5850,402
5852,144
5853,614
5856,680
5859,588
5860,161
5862,413
5863,281
5865,328
5866,461
5868,133
5869,569
5872,799
5875,604
5876,138
5878,489
5879,331
5881,317
5882,470
5884,172
5885,643
5888,756
5891,648
5892,162
5894,445
5895,317
5897,329
5898,507
5900,144
5901,654
5904,836
5907,595
5908,158
5910,482
5911,305
5913,316
5914,490
5916,164
5917,680
5920,761
5923,560
5924,169
5926,472
5927,293
5929,273
5930,457
5932,139
5933,591
5936,730
5939,600
5940,119
5942,427
5943,288
5945,262
5946,406
5948,137
5949,551
5952,647
5955,549
5956,142
5958,379
5959,236
5961,238
5962,390
5964,102
5965,502
5968,604
5971,405
5972,105
5974,310
5975,253
5977,221
5978,326
5980,97
5981,440
5984,529
5987,423
5988,96
5990,284
5991,208
5993,197
5994,287
5996,87
5997,371
6000,405
6003,327
6004,75
6006,270
6007,149
6009,152
6010,210
6012,78
6013,332
6016,320
6019,310
6020,80
6022,205
6023,126
6025,121
6026,210
6028,58
6029,253
6032,301
6035,215
6036,70
6038,170
6039,109
6041,109
6042,168
6044,68
6045,213
6048,278
6051,202
6052,47
6054,133
6055,113
6057,101
6058,170
6060,53
6061,198
6064,268
6067,175
6068,57
6070,150
6071,93
6073,93
6074,163
6076,41
6077,200
6080,237
6083,181
6084,53
6086,155
6087,95
6089,110
6090,152
6092,57
6093,178
6096,264
6099,213
6100,49
6102,165
6103,118
6105,91
6106,143
6108,51
6109,199
6112,254
6115,247
6116,64
6118,178
6119,86
6121,103
6122,203
6124,53
6125,224
6128,310
6131,223
6132,43
6134,168
6135,119
6137,121
6138,184
6140,60
6141,239
6144,297
6147,229
6148,72
6150,178
6151,120
6153,116
6154,165
6156,48
6157,263
6160,311
6163,249
6164,58
6166,183
6167,107
6169,131
6170,168
6172,54
6173,248
6176,287
6179,267
6180,55
6182,181
6183,129
6185,114
6186,200
6188,72
6189,229
6192,253
6195,204
6196,50
6198,160
6199,106
6201,116
6202,151
6204,44
6205,219
6208,250
6211,240
6212,42
6214,146
6215,106
6217,96
6218,155
6220,37
6221,196
6224,227
6227,190
6228,49
6230,144
6231,93
6233,101
6234,116
6236,37
6237,161
6240,198
6243,160
6244,42
6246,116
6247,76
6249,86
6250,109
6252,44
6253,131
6256,185
6259,140
6260,30
6262,110
6263,62
6265,65
6266,83
6268,35
6269,130
6272,165
6275,117
6276,33
6278,81
6279,44
6281,57
6282,99
6284,35
6285,102
6288,131
6291,104
6292,29
6294,85
6295,47
6297,50
6298,87
6300,26
6301,110
6304,124
6307,111
6308,37
6310,54
6311,42
6313,45
6314,73
6316,19
6317,92
6320,114
6323,87
6324,22
6326,69
6327,57
6329,40
6330,76
6332,22
6333,83
6336,113
6339,104
6340,19
6342,81
6343,39
6345,56
6346,76
6348,28
6349,105
6352,103
6355,89
6356,25
6358,77
6359,51
6361,39
6362,64
6364,29
6365,91
6368,136
6371,109
6372,31
6374,64
6375,45
6377,52
6378,83
6380,25
6381,100
6384,153
6387,96
6388,26
6390,88
6391,79
6393,58
6394,94
6396,37
6397,117
6400,143
6403,116
6404,33
6406,91
6407,62
6409,61
6410,86
6412,32
6413,126
6416,149
6419,118
6420,40
6422,101
6423,66
6425,67
6426,89
6428,40
6429,130
6432,158
6435,150
6436,41
6438,113
6439,65
6441,63
6442,102
6444,33
6445,143
6448,173
6451,122
6452,34
6454,92
6455,63
6457,60
6458,92
6460,22
6461,124
6464,140
6467,118
6468,34
6470,81
6471,65
6473,63
6474,94
6476,26
6477,131
6480,140
6483,111
6484,23
6486,102
6487,63
6489,42
6490,88
6492,21
6493,105
6496,141
6499,99
6500,21
6502,71
6503,46
6505,58
6506,76
6508,21
6509,78
6512,117
6515,106
6516,25
6518,76
6519,46
6521,48
6522,65
6524,30
6525,82
6528,100
6531,83
6532,23
6534,52
6535,37
6537,58
6538,55
6540,26
6541,89
6544,86
6547,64
6548,15
6550,48
6551,32
6553,28
6554,54
6556,13
6557,61
6560,85
6563,53
6564,13
6566,44
6567,27
6569,34
6570,34
6572,14
6573,50
6576,62
6579,59
6580,18
6582,42
6583,28
6585,25
6586,41
6588,19
6589,61
6592,68
6595,61
6596,16
6598,41
6599,25
6601,24
6602,50
6604,13
6605,51
6608,63
6611,46
6612,13
6614,56
6615,24
6617,29
6618,36
6620,13
6621,72
6624,75
6627,66
6628,21
6630,41
6631,29
6633,36
6634,54
6636,13
6637,68
6640,75
6643,64
6644,17
6646,48
6647,35
6649,31
6650,45
6652,13
6653,81
6656,98
6659,70
6660,15
6662,49
6663,31
6665,33
6666,55
6668,19
6669,69
6672,98
6675,78
6676,20
6678,62
6679,53
6681,31
6682,66
6684,20
6685,89
6688,93
6691,57
6692,17
6694,53
6695,48
6697,41
6698,86
6700,18
6701,66
6704,107
6707,96
6708,20
6710,77
6711,51
6713,37
6714,56
6716,28
6717,92
6720,112
6723,94
6724,20
6726,68
6727,27
6729,42
6730,71
6732,14
6733,71
6736,82
6739,65
6740,18
6742,51
6743,42
6745,37
6746,61
6748,19
6749,69
6752,93
6755,73
6756,16
6758,57
6759,28
6761,23
6762,63
6764,14
6765,74
6768,91
6771,69
6772,14
6774,48
6775,32
6777,28
6778,60
6780,18
6781,49
6784,83
6787,60
6788,12
6790,55
6791,34
6793,27
6794,34
6796,12
6797,57
6800,73
6803,47
6804,8
6806,33
6807,25
6809,20
6810,40
6812,9
6813,42
6816,50
6819,49
6820,15
6822,30
6823,20
6825,29
6826,33
6828,11
6829,55
6832,53
6835,38
6836,15
6838,31
6839,14
6841,17
6842,31
6844,9
6845,42
6848,42
6851,41
6852,9
6854,22
6855,18
6857,10
6858,28
6860,9
6861,34
6864,40
6867,32
6868,13
6870,32
6871,21
6873,21
6874,28
6876,13
6877,33
6880,33
6883,39
6884,7
6886,19
6887,16
6889,13
6890,26
6892,3
6893,24
6896,40
6899,41
6900,10
6902,32
6903,16
6905,15
6906,21
6908,13
6909,31
6912,32
6915,25
6916,9
6918,25
6919,13
6921,25
6922,25
6924,8
6925,33
6928,50
6931,34
6932,7
6934,53
6935,26
6937,22
6938,29
6940,12
6941,46
6944,44
6947,40
6948,6
6950,36
6951,15
6953,29
6954,28
6956,14
6957,44
6960,58
6963,46
6964,11
6966,41
6967,19
6969,12
6970,30
6972,8
6973,38
6976,48
6979,42
6980,6
6982,36
6983,22
6985,18
6986,30
6988,13
6989,54
6992,51
6995,42
6996,11
6998,35
6999,21
7001,13
7002,50
7004,11
7005,52
7008,65
7011,45
7012,7
7014,33
7015,23
7017,16
7018,39
7020,12
7021,45
7024,47
7027,28
7028,10
7030,35
7031,21
7033,19
7034,32
7036,11
7037,43
7040,54
7043,29
7044,11
7046,27
7047,16
7049,23
7050,26
7052,11
7053,37
7056,30
7059,31
7060,6
7062,26
7063,9
7065,13
7066,23
7068,7
7069,34
7072,45
7075,28
7076,9
7078,20
7079,7
7081,12
7082,19
7084,6
7085,35
7088,40
7091,13
7092,5
7094,24
7095,9
7097,13
7098,15
7100,5
7101,19
7104,30
7107,22
7108,8
7110,8
7111,9
7113,15
7114,14
7116,6
7117,21
7120,26
7123,18
7126,14
7127,6
7129,6
7130,7
7132,4
7133,17
7136,23
7139,15
7140,2
7142,14
7143,7
7145,7
7146,15
7148,5
7149,17
7152,25
7155,21
7156,5
7158,14
7159,7
7161,9
7162,8
7164,5
7165,18
7168,18
7171,16
7172,1
7174,16
7175,5
7177,8
7178,15
7181,17
7184,17
7187,16
7188,2
7190,9
7191,3
7193,12
7194,10
7196,6
7197,22
7200,19
7203,11
7204,2
7206,16
7207,8
7209,8
7210,19
7212,3
7213,15
7216,20
7219,16
7220,3
7222,15
7223,5
7225,3
7226,11
7228,3
7229,8
7232,19
7235,19
7236,5
7238,9
7239,10
7241,6
7242,11
7244,4
7245,18
7248,21
7251,16
7252,2
7254,14
7255,9
7257,11
7258,12
7260,5
7261,12
7264,27
7267,9
7268,5
7270,8
7271,6
7273,7
7274,14
7276,1
7277,14
7280,16
7283,14
7284,5
7286,16
7287,12
7289,6
7290,13
7292,4
7293,23
7296,20
7299,13
7300,5
7302,12
7303,8
7305,5
7306,6
7308,6
7309,20
7312,15
7315,19
7316,1
7318,8
7319,9
7321,6
7322,10
7324,3
7325,16
7328,16
7331,13
7332,3
7334,12
7335,4
7337,7
7338,7
7340,5
7341,14
7344,23
7347,7
7348,3
7350,10
7351,6
7353,8
7354,7
7356,5
7357,11
7360,9
7363,3
7364,2
7366,5
7367,3
7369,4
7370,7
7372,3
7373,9
7376,13
7379,8
7380,4
7382,11
7383,4
7385,3
7386,8
7388,4
7389,9
7392,17
7395,13
7396,3
7398,5
7399,4
7401,7
7402,3
7404,2
7405,9
7408,7
7411,6
7412,2
7414,2
7415,3
7417,3
7418,10
7420,2
7421,8
7424,9
7427,13
7428,3
7430,5
7431,2
7434,3
7436,1
7437,5
7440,4
7443,4
7444,2
7446,9
7447,6
7449,6
7450,3
7452,2
7453,8
7456,10
7459,7
7462,5
7463,5
7465,4
7466,9
7468,1
7469,7
7472,7
7475,4
7476,1
7478,9
7479,1
7481,2
7482,4
7484,2
7485,10
7488,5
7491,11
7492,2
7494,8
7495,2
7497,3
7498,6
7500,1
7501,7
7504,11
7507,5
7508,3
7510,9
7511,7
7513,3
7514,5
7516,1
7517,8
7520,10
7523,7
7524,4
7526,9
7527,1
7529,5
7530,6
7532,2
7533,4
7536,9
7539,8
7542,4
7543,6
7545,3
7546,5
7548,3
7549,8
7552,11
7555,4
7556,1
7558,2
7559,4
7562,4
7564,4
7565,10
7568,13
7571,9
7572,2
7574,2
7575,3
7577,3
7578,7
7580,3
7581,6
7584,2
7587,7
7588,1
7590,5
7591,2
7593,6
7594,8
7596,2
7597,9
7600,16
7603,7
7606,9
7607,3
7609,5
7610,4
7612,2
7613,11
7616,4
7619,7
7620,2
7622,4
7623,1
7625,2
7626,2
7628,1
7629,3
7632,10
7635,6
7636,2
7638,3
7639,3
7641,1
7642,7
7644,1
7645,4
7648,9
7651,6
7652,1
7654,7
7655,2
7657,2
7658,4
7660,2
7661,1
7664,13
7667,5
7670,4
7671,3
7673,3
7674,5
7676,2
7677,6
7680,6
7683,7
7684,5
7686,4
7687,3
7689,7
7690,2
7692,1
7693,2
7696,7
7699,4
7700,1
7702,1
7703,6
7705,3
7706,7
7708,2
7709,6
7712,9
7715,6
7716,1
7718,4
7719,1
7721,4
7722,5
7724,3
7725,7
7728,10
7731,5
7732,1
7734,4
7735,4
7737,2
7738,4
7740,1
7741,8
7744,7
7747,6
7750,6
7751,1
7753,4
7754,1
7756,2
7757,7
7760,9
7763,5
7764,4
7766,4
7767,4
7769,2
7770,10
7772,1
7773,7
7776,10
7779,4
7780,2
7782,4
7785,2
7786,5
7788,1
7789,6
7792,9
7795,8
7796,1
7798,5
7799,5
7801,4
7802,5
7804,2
7805,6
7808,9
7811,9
7812,2
7814,3
7815,3
7817,3
7818,8
7820,2
7821,5
7824,8
7827,6
7828,4
7830,1
7831,1
7833,1
7834,3
7837,2
7840,4
7843,8
7844,2
7846,2
7847,2
7849,4
7850,7
7852,1
7853,3
7856,12
7859,10
7862,7
7863,6
7865,2
7866,3
7869,5
7872,8
7875,10
7876,1
7878,3
7879,2
7881,3
7882,6
7884,1
7885,4
7888,5
7891,7
7892,4
7894,5
7895,3
7897,3
7898,7
7901,8
7904,6
7907,6
7908,3
7910,5
7911,2
7913,4
7914,6
7916,2
7917,6
7920,16
7923,8
7924,2
7926,5
7927,1
7929,2
7930,7
7932,2
7933,9
7936,10
7939,3
7940,1
7942,5
7943,1
7945,5
7946,7
7948,4
7949,4
7952,5
7955,6
7956,1
7958,7
7959,2
7961,5
7962,4
7964,3
7965,7
7968,9
7971,7
7972,4
7974,1
7975,5
7977,4
7978,6
7980,2
7981,7
7984,7
7987,5
7990,4
7991,5
7993,6
7994,3
7996,2
7997,11
8000,6
8003,2
8004,3
8006,4
8007,2
8009,2
8010,7
8012,2
8013,8
8016,11
8019,8
8020,1
8022,3
8023,6
8025,3
8026,3
8028,2
8029,4
8032,8
8035,8
8036,1
8038,9
8039,3
8041,3
8042,5
8045,9
8048,8
8051,6
8052,2
8054,5
8055,1
8057,7
8060,2
8061,4
8064,11
8067,9
8068,2
8070,8
8071,4
8073,4
8074,4
8076,3
8077,6
8080,3
8083,6
8084,3
8086,5
8087,4
8089,5
8090,5
8092,2
8093,4
8096,14
8099,8
8100,3
8102,7
8103,3
8105,4
8106,3
8108,2
8109,5
8112,10
8115,7
8116,3
8118,3
8119,2
8121,4
8122,7
8125,6
8128,9
8131,10
8132,2
8134,2
8135,3
8137,4
8138,6
8140,2
8141,5
8144,8
8147,11
8148,3
8150,5
8151,5
8153,6
8154,4
8156,2
8157,7
8160,5
8163,11
8164,4
8166,5
8167,3
8169,3
8170,1
8172,3
8173,5
8176,7
8179,6
8182,7
8183,2
8185,4
8186,3
8188,2
8189,8
8192,4
8195,4
8196,3
8198,7
8199,2
8201,2
8202,4
8205,4
8208,10
8211,4
8212,1
8214,6
8215,6
8217,2
8218,5
8220,2
8221,4
8224,7
8227,8
8228,2
8230,4
8231,2
8233,2
8234,6
8236,6
8237,9
8240,9
8243,8
8244,2
8246,7
8247,5
8249,7
8250,6
8252,1
8253,8
8256,11
8259,7
8260,4
8262,4
8263,2
8265,2
8266,3
8269,8
8272,4
8275,3
8278,7
8279,3
8281,1
8282,5
8285,8
8288,11
8291,2
8292,1
8294,4
8295,1
8297,7
8298,5
8300,2
8301,11
8304,10
8307,5
8308,1
8310,6
8311,5
8313,3
8314,3
8317,6
8320,7
8323,4
8326,6
8327,2
8329,5
8330,2
8333,9
8336,9
8339,7
8340,1
8342,8
8343,4
8345,3
8346,6
8348,1
8349,7
8352,3
8355,5
8356,3
8358,9
8359,2
8361,2
8362,10
8364,1
8365,3
8368,8
8371,5
8372,3
8374,3
8375,5
8377,3
8378,3
8380,1
8381,11
8384,7
8387,7
8388,3
8390,4
8391,4
8393,2
8394,5
8396,2
8397,5
8400,7
8403,6
8404,3
8406,5
8407,4
8409,6
8410,3
8412,3
8413,4
8416,18
8419,11
8420,1
8422,3
8423,2
8425,4
8426,3
8428,1
8429,7
8432,4
8435,5
8436,2
8438,5
8439,3
8441,1
8442,6
8444,3
8445,5
8448,9
8451,11
8452,3
8454,5
8455,2
8457,1
8458,3
8460,1
8461,7
8464,10
8467,6
8468,2
8470,1
8471,7
8473,1
8474,4
8477,5
8480,5
8483,1
8484,1
8486,1
8487,3
8489,4
8490,5
8492,2
8493,5
8496,13
8499,4
8500,1
8502,5
8503,6
8505,4
8506,5
8508,2
8509,5
8512,8
8515,7
8516,1
8518,7
8519,7
8521,3
8522,5
8524,1
8525,7
8528,10
8531,12
8532,1
8534,5
8535,2
8537,5
8538,10
8541,3
8544,6
8547,3
8548,2
8550,3
8551,6
8553,7
8554,5
8556,1
8557,3
8560,10
8563,7
8564,1
8566,2
8567,2
8569,3
8570,2
8572,2
8573,3
8576,6
8579,8
8580,1
8582,2
8583,5
8585,3
8586,7
8589,2
8592,9
8595,3
8596,4
8598,5
8601,5
8602,7
8604,2
8605,3
8608,8
8611,4
8612,3
8614,2
8615,4
8617,4
8618,3
8620,2
8621,8
8624,7
8627,7
8628,4
8630,4
8631,4
8633,4
8634,1
8636,1
8637,9
8640,7
8643,6
8644,2
8646,5
8647,2
8649,6
8650,6
8652,3
8653,3
8656,8
8659,4
8662,2
8663,6
8665,2
8666,5
8669,7
8672,3
8675,12
8676,4
8678,6
8679,2
8682,2
8684,4
8685,7
8688,4
8691,3
8692,1
8694,6
8695,2
8697,3
8698,6
8700,1
8701,7
8704,4
8707,9
8708,2
8710,4
8713,1
8714,6
8716,1
8717,8
8720,8
8723,6
8724,1
8726,6
8727,7
8730,4
8732,2
8733,9
8736,8
8739,6
8740,1
8742,5
8743,1
8745,1
8746,3
8748,1
8749,7
8752,5
8755,9
8756,1
8758,3
8759,2
8761,1
8762,3
8765,3
8768,8
8771,8
8772,4
8774,1
8775,3
8777,1
8778,1
8780,2
8781,8
8784,7
8787,7
8788,3
8790,6
8791,1
8793,6
8794,7
8796,2
8797,12
8800,15
8803,5
8804,2
8806,3
8807,4
8809,8
8810,8
8812,3
8813,11
8816,8
8819,11
8820,4
8822,3
8823,1
8825,2
8826,3
8828,2
8829,3
8832,4
8835,4
8836,1
8838,4
8839,5
8841,5
8842,6
8845,1
8848,4
8851,8
8852,2
8854,3
8855,5
8857,1
8858,6
8860,1
8861,7
8864,5
8867,3
8868,1
8870,3
8871,4
8873,6
8874,5
8876,2
8877,8
8880,6
8883,3
8884,2
8886,4
8887,3
8889,3
8890,4
8892,2
8893,6
8896,9
8899,4
8900,2
8902,1
8903,5
8905,1
8906,4
8908,2
8909,11
8912,4
8915,7
8916,1
8918,4
8919,5
8921,2
8922,3
8924,3
8925,6
8928,4
8931,7
8932,2
8934,1
8935,5
8937,3
8938,3
8940,1
8941,3
8944,7
8947,7
8948,2
8950,2
8951,1
8953,6
8954,5
8956,2
8957,7
8960,5
8963,8
8966,5
8967,1
8969,2
8970,6
8972,2
8973,5
8976,11
8979,6
8980,2
8982,4
8983,1
8985,2
8986,5
8988,1
8989,5
8992,4
8995,7
8996,4
8998,6
8999,3
9001,3
9002,10
9004,3
9005,4
9008,8
9011,5
9014,6
9015,2
9017,6
9018,5
9020,1
9021,4
9024,3
9027,6
9028,1
9030,3
9031,3
9033,8
9037,11
9040,10
9043,7
9044,2
9046,5
9047,4
9049,2
9050,5
9052,4
9053,3
9056,6
9059,4
9060,1
9062,4
9063,1
9065,4
9066,4
9068,3
9069,4
9072,6
9075,1
9076,1
9078,3
9079,4
9081,5
9082,4
9085,8
9088,6
9091,11
9094,1
9095,4
9097,3
9098,1
9101,4
9104,8
9107,5
9110,5
9111,3
9113,3
9114,4
9117,7
9120,8
9123,3
9124,2
9126,6
9127,2
9129,4
9130,6
9132,2
9133,4
9136,7
9139,6
9142,5
9143,2
9145,3
9146,7
9148,2
9149,3
9152,5
9155,5
9156,2
9158,2
9159,4
9161,1
9162,2
9164,1
9165,4
9168,3
9171,6
9172,1
9174,2
9175,3
9177,4
9178,3
9180,3
9181,3
9184,8
9187,5
9190,7
9191,2
9193,2
9194,4
9196,1
9197,6
9200,4
9203,1
9204,1
9206,5
9207,5
9209,5
9210,6
9212,1
9213,3
9216,4
9219,5
9220,1
9222,6
9223,1
9225,3
9226,1
9229,7
9232,6
9235,6
9238,1
9239,4
9241,2
9242,1
9244,1
9245,9
9248,8
9251,5
9252,1
9254,4
9255,3
9257,4
9258,2
9260,1
9261,6
9264,6
9267,2
9268,1
9270,2
9271,6
9273,4
9274,5
9276,1
9277,7
9280,7
9283,7
9286,5
9287,3
9289,3
9290,5
9292,3
9293,8
9296,9
9299,6
9300,4
9302,5
9303,3
9305,3
9309,5
9312,3
9315,6
9316,4
9318,6
9321,3
9322,4
9324,6
9325,5
9328,10
9331,8
9334,7
9335,3
9337,7
9338,1
9341,5
9344,7
9347,4
9348,1
9350,4
9351,1
9353,3
9354,5
9356,5
9357,8
9360,6
9363,3
9364,2
9366,4
9367,1
9369,3
9370,4
9372,3
9373,8
9376,5
9379,4
9380,1
9382,6
9383,5
9385,6
9386,3
9388,4
9389,4
9392,5
9395,3
9396,2
9398,5
9399,1
9401,4
9402,6
9405,8
9408,9
9411,6
9412,2
9414,1
9415,6
9417,5
9418,7
9420,1
9421,8
9424,3
9427,6
9430,7
9431,2
9433,1
9434,4
9436,2
9437,7
9440,5
9443,8
9444,1
9446,3
9447,1
9449,1
9450,2
9452,1
9453,4
9456,9
9459,6
9460,1
9462,5
9463,1
9466,3
9468,2
9469,3
9472,5
9475,6
9478,4
9479,2
9481,4
9482,7
9484,1
9485,7
9488,6
9491,7
9492,1
9494,2
9495,1
9497,1
9498,4
9500,1
9501,2
9504,7
9507,7
9508,1
9510,8
9511,1
9513,1
9514,4
9516,3
9517,4
9520,2
9523,5
9524,4
9526,4
9527,4
9529,4
9530,4
9532,2
9533,4
9536,7
9539,8
9542,1
9543,3
9545,1
9546,3
9549,5
9552,7
9555,5
9558,8
9559,2
9561,1
9562,4
9564,1
9565,1
9568,7
9571,13
9575,6
9577,4
9578,8
9580,3
9581,10
9584,2
9587,5
9590,1
9591,2
9593,9
9594,5
9596,1
9597,3
9600,7
9603,6
9604,2
9606,4
9607,5
9609,3
9610,8
9612,1
9613,6
9616,7
9619,4
9620,2
9622,4
9623,1
9625,1
9626,3
9628,1
9629,5
9632,7
9635,5
9638,2
9641,3
9642,2
9645,4
9648,8
9651,4
9652,4
9654,4
9655,6
9657,3
9658,4
9661,6
9664,4
9667,8
9668,4
9670,3
9671,5
9673,2
9674,3
9676,2
9677,4
9680,11
9683,8
9684,2
9686,4
9687,6
9689,4
9690,6
9692,1
9693,3
9696,8
9699,6
9700,1
9702,5
9703,2
9706,5
9708,2
9709,5
9712,6
9715,6
9718,4
9719,3
9721,5
9722,1
9724,1
9725,5
9728,5
9731,7
9732,3
9734,6
9735,3
9737,2
9738,4
9740,1
9741,6
9744,6
9747,8
9748,2
9750,4
9751,3
9753,2
9754,3
9756,2
9757,6
9760,7
9763,7
9764,2
9766,8
9767,5
9769,6
9770,2
9772,1
9773,2
9776,3
9779,6
9780,3
9782,6
9783,3
9785,1
9786,4
9788,1
9789,8
9792,3
9795,4
9796,1
9798,3
9801,2
9802,3
9804,3
9805,5
9808,8
9811,4
9812,1
9814,1
9815,4
9817,4
9818,3
9820,1
9821,8
9824,5
9827,6
9828,4
9830,5
9831,3
9833,2
9834,3
9836,2
9837,8
9840,4
9843,2
9844,3
9846,2
9847,2
9850,6
9852,1
9853,12
9856,3
9859,6
9860,2
9862,4
9863,2
9865,3
9866,2
9868,1
9869,9
9872,5
9875,5
9876,2
9879,1
9881,3
9882,8
9884,2
9885,4
9888,8
9891,3
9892,2
9894,6
9895,1
9897,2
9898,5
9900,1
9901,6
9904,14
9907,3
9908,2
9910,4
9911,3
9913,2
9914,2
9916,1
9917,9
9920,2
9923,6
9926,3
9927,2
9929,4
9930,5
9932,2
9933,6
9936,5
9939,4
9940,1
9942,2
9943,3
9945,2
9946,6
9949,4
9952,8
9955,5
9956,2
9958,6
9959,4
9961,1
9962,3
9964,1
9965,8
9968,6
9971,8
9972,2
9974,2
9975,1
9977,5
9978,3
9980,1
9981,7
9984,2
9987,4
9990,6
9991,3
9993,4
9994,3
9996,2
9997,10
10000,11
10003,5
10004,1
10006,6
10007,5
10009,3
10010,3
10012,2
10013,5
10016,4
10019,4
10022,4
10023,3
10025,6
10026,4
10028,1
10029,8
10032,8
10035,6
10038,4
10039,1
10041,2
10042,4
10044,2
10045,5
10048,3
10051,9
10052,1
10054,5
10055,1
10057,3
10058,5
10060,1
10061,7
10064,8
10067,5
10068,1
10070,2
10071,2
10073,4
10074,4
10076,1
10077,6
10080,6
10083,4
10084,2
10086,6
10089,4
10090,3
10092,2
10093,2
10096,6
10099,5
10102,6
10103,6
10105,5
10106,2
10108,1
10109,7
10112,10
10115,4
10118,4
10119,3
10121,4
10122,3
10125,7
10128,7
10131,7
10134,1
10135,2
10138,6
10140,2
10141,2
10144,5
10147,6
10148,1
10150,1
10151,3
10153,2
10154,2
10156,3
10157,3
10160,5
10163,2
10164,2
10166,4
10167,1
10169,2
10170,6
10172,1
10173,3
10176,5
10179,2
10180,2
10182,4
10183,3
10185,1
10186,5
10188,2
10189,2
10192,5
10195,2
10198,5
10199,2
10201,2
10205,4
10208,7
10211,4
10214,3
10215,1
10217,1
10218,2
10221,3
10224,9
10227,8
10230,6
10231,3
10233,3
10234,6
10236,2
10237,6
10240,11
10243,3
10244,1
10246,2
10247,1
10249,1
10250,2
10252,1
10253,6
10256,12
10259,2
10260,1
10262,2
10263,4
10266,4
10268,4
10269,2
10272,6
10275,8
10278,4
10279,5
10282,3
10284,5
10285,5
10288,4
10291,7
10292,1
10294,2
10297,2
10298,1
10300,1
10301,2
10304,3
10307,2
10308,1
10310,9
10311,1
10313,3
10314,2
10316,1
10317,1
10320,6
10323,5
10324,3
10326,5
10327,2
10329,2
10330,3
10332,4
10333,2
10336,10
10339,4
10340,1
10342,5
10343,2
10345,2
10346,2
10349,4
10352,4
10355,9
10358,6
10359,2
10362,1
10365,7
10368,6
10371,3
10374,7
10375,5
10377,3
10378,2
10381,6
10384,4
10387,5
10388,1
10390,1
10391,3
10393,1
10394,5
10396,2
10397,5
10400,8
10403,6
10406,4
10407,2
10409,1
10410,4
10413,3
10416,7
10419,5
10420,1
10422,8
10425,2
10426,1
10428,1
10429,6
10432,5
10435,4
10436,1
10438,2
10439,1
10441,1
10442,2
10445,5
10448,6
10451,4
10452,1
10454,2
10455,2
10457,1
10458,3
10461,4
10464,10
10467,5
10468,1
10470,4
10471,4
10473,7
10476,1
10477,3
10480,4
10483,5
10484,1
10486,1
10489,2
10490,2
10493,2
10496,5
10499,4
10500,1
10502,3
10503,1
10505,4
10509,2
10512,5
10515,4
10518,3
10519,2
10521,1
10522,4
10524,1
10525,8
10528,8
10531,5
10534,3
10535,3
10537,3
10538,4
10540,1
10541,3
10544,9
10547,4
10550,3
10551,1
10554,3
10557,1
10560,7
10563,4
10564,2
10566,5
10567,4
10569,2
10570,4
10572,2
10573,3
10576,6
10579,2
10582,3
10583,1
10586,2
10589,8
10592,1
10595,6
10596,2
10598,3
10601,2
10602,3
10604,1
10605,2
10608,6
10611,1
10612,2
10614,5
10615,1
10617,1
10618,2
10621,6
10624,8
10627,2
10630,2
10631,4
10633,1
10634,3
10637,5
10640,7
10643,5
10644,1
10647,5
10649,2
10650,3
10653,1
10656,3
10659,3
10660,4
10662,3
10665,2
10666,6
10668,1
10669,7
10672,2
10675,2
10678,3
10679,2
10681,1
10682,2
10684,2
10685,4
10688,12
10691,4
10692,1
10694,1
10697,2
10700,2
10701,2
10704,6
10707,1
10708,1
10710,3
10711,3
10713,3
10714,4
10716,1
10717,1
10720,5
10723,3
10726,8
10727,2
10729,2
10730,3
10733,6
10736,2
10739,2
10740,3
10742,7
10743,1
10745,1
10746,2
10748,2
10749,2
10752,4
10755,3
10758,4
10759,1
10761,1
10762,3
10764,3
10765,5
10768,7
10771,4
10772,2
10774,1
10775,3
10778,1
10780,2
10781,3
10784,3
10787,2
10788,1
10790,6
10791,2
10793,1
10794,3
10796,3
10797,8
10800,4
10804,1
10806,5
10807,4
10809,1
10810,2
10813,3
10816,3
10819,7
10820,1
10822,2
10823,1
10826,4
10832,6
10835,1
10838,4
10839,1
10842,3
10844,2
10845,6
10848,7
10851,3
10854,3
10855,3
10858,1
10860,1
10864,4
10867,1
10870,1
10876,1
10877,3
10883,3
10884,1
10886,4
10887,4
10889,2
10890,1
10892,1
10893,1
10896,5
10899,3
10902,2
10903,2
10905,2
10906,5
10909,3
10912,1
10915,1
10916,2
10918,4
10919,2
10921,4
10922,1
10924,3
10925,4
10928,7
10931,3
10932,1
10934,1
10935,2
10937,3
10938,3
10940,1
10941,5
10944,6
10947,4
10948,1
10950,1
10951,2
10953,2
10954,7
10956,2
10957,2
10960,3
10963,3
10964,2
10966,5
10967,1
10969,3
10970,3
10973,1
10976,7
10979,4
10980,1
10982,3
10985,2
10986,1
10988,1
10989,1
10992,7
10995,2
10998,2
10999,1
11002,1
11005,7
11008,2
11011,4
11012,2
11014,2
11015,1
11017,1
11018,2
11020,4
11021,1
11024,9
11027,2
11030,3
11031,1
11034,5
11036,2
11037,4
11040,5
11043,1
11044,1
11046,1
11047,1
11049,4
11050,1
11052,1
11053,1
11056,3
11059,3
11062,5
11063,1
11065,1
11066,1
11068,1
11069,3
11072,3
11075,4
11078,1
11079,2
11081,3
11085,3
11088,1
11091,4
11092,1
11094,1
11095,1
11097,4
11098,4
11100,2
11101,5
11104,4
11107,3
11110,3
11113,1
11114,1
11117,1
11120,5
11123,4
11126,2
11129,1
11130,2
11132,3
11133,7
11136,2
11139,4
11140,1
11145,1
11146,3
11149,2
11152,4
11155,2
11156,1
11158,1
11159,3
11161,1
11162,2
11165,4
11168,1
11171,4
11172,1
11174,2
11177,2
11178,1
11181,2
11184,5
11187,6
11190,2
11191,1
11193,3
11194,7
11197,2
11200,3
11203,2
11206,4
11210,2
11212,2
11213,5
11216,4
11219,2
11222,2
11223,1
11226,2
11228,3
11229,3
11232,4
11235,4
11236,1
11238,2
11241,1
11242,1
11244,2
11245,1
11248,7
11251,2
11252,1
11255,3
11257,1
11258,3
11261,1
11264,1
11267,7
11270,3
11271,1
11273,2
11274,3
11277,2
11280,5
11283,4
11286,2
11287,1
11289,4
11290,2
11293,6
11296,1
11299,2
11300,1
11306,5
11308,1
11309,1
11312,2
11315,5
11318,2
11319,3
11321,1
11322,1
11328,2
11331,4
11332,2
11337,3
11338,3
11341,1
11344,4
11347,4
11350,2
11351,3
11353,2
11354,1
11357,1
11360,4
11363,3
11366,2
11367,3
11370,6
11373,2
11376,4
11379,2
11382,2
11383,3
11386,1
11388,1
11389,3
11392,2
11395,3
11396,1
11398,2
11402,3
11405,1
11408,1
11411,4
11414,1
11415,2
11417,1
11418,3
11421,1
11424,1
11427,1
11430,5
11431,1
11434,2
11436,2
11440,3
11443,4
11446,2
11447,3
11449,2
11453,3
11456,4
11462,1
11463,5
11466,3
11468,1
11469,4
11472,3
11475,1
11478,2
11479,2
11481,2
11482,1
11484,1
11485,2
11488,4
11491,3
11492,1
11494,3
11495,4
11497,3
11498,3
11501,2
11504,1
11507,2
11508,2
11510,3
11511,2
11513,2
11514,2
11517,1
11520,3
11523,3
11527,1
11529,1
11530,1
11533,2
11536,2
11542,1
11543,4
11545,1
11546,1
11549,4
11552,4
11555,1
11565,7
11568,7
11571,1
11572,1
11574,3
11577,3
11578,1
11580,2
11581,1
11584,1
11587,2
11590,2
11591,1
11593,1
11594,3
11596,2
11597,3
11600,2
11603,6
11606,4
11607,1
11610,1
11613,4
11616,2
11619,2
11622,5
11625,2
11626,1
11628,1
11629,1
11632,3
11635,3
11636,1
11638,5
11639,2
11641,1
11642,3
11644,1
11645,4
11648,7
11652,1
11654,4
11655,2
11658,1
11661,2
11664,3
11667,1
11670,2
11671,1
11677,1
11680,5
11683,3
11684,1
11687,1
11689,1
11690,1
11692,1
11693,2
11696,2
11699,1
11700,1
11705,1
11708,1
11709,3
11712,2
11715,1
11718,2
11721,1
11722,1
11725,2
11728,3
11731,3
11734,2
11735,1
11737,1
11738,4
11741,2
11744,4
11747,1
11748,1
11757,2
11760,5
11763,1
11772,1
11773,3
11779,4
11786,1
11789,2
11795,1
11798,2
11799,1
11801,2
11802,1
11804,1
11805,3
11808,2
11811,1
11812,1
11814,1
11815,2
11818,1
11820,1
11821,3
11824,2
11827,2
11830,1
11831,1
11833,1
11837,1
11840,1
11843,1
11846,2
11852,1
11853,2
11862,1
11865,1
11866,1
11869,3
11872,1
11875,1
11876,1
11878,2
11885,7
11888,1
11891,2
11894,1
11895,1
11897,1
11901,4
11904,4
11907,2
11914,3
11916,2
11917,3
11920,1
11923,2
11926,1
11927,1
11930,2
11933,3
11936,4
11939,1
11940,2
11942,5
11949,1
11952,3
11955,1
11958,2
11962,2
11968,2
11971,2
11972,1
11974,1
11975,3
11977,1
11978,1
11980,1
11981,1
11984,2
11987,4
11990,2
11993,1
11997,2
12000,4
12003,2
12006,1
12009,2
12010,2
12013,1
12016,1
12019,2
12022,1
12023,1
12025,2
12026,1
12029,1
12032,4
12038,1
12045,2
12048,3
12051,4
12052,1
12054,2
12064,4
12074,1
12077,1
12080,1
12083,1
12089,1
12092,1
12093,1
12099,2
12102,1
12105,3
12106,2
12109,3
12115,1
12119,1
12121,1
12122,1
12128,2
12131,1
12134,2
12135,2
12138,1
12141,2
12144,1
12147,2
12148,1
12150,1
12153,1
12154,1
12156,1
12160,3
12163,3
12164,1
12166,1
12173,3
12176,1
12182,1
12185,1
12192,2
12195,1
12208,1
12211,1
12212,1
12218,1
12221,1
12224,2
12230,1
12231,1
12234,1
12236,1
12240,3
12243,1
12249,2
12253,1
12256,1
12260,1
12263,1
12269,1
12272,2
12275,1
12278,1
12279,1
12285,1
12288,2
12291,1
12294,2
12298,1
12304,1
12307,1
12313,2
12314,1
12316,1
12323,2
12326,1
12327,1
12329,1
12333,2
12336,1
12339,1
12342,1
12346,1
12352,1
12355,1
12356,1
12358,1
12365,1
12368,1
12374,1
12381,1
12384,3
12391,1
12393,1
12400,2
12403,1
12406,1
12413,1
12429,2
12432,1
12435,2
12436,1
12445,1
12448,1
12451,1
12454,1
12458,3
12461,2
12474,1
12489,1
12493,1
12496,2
12499,1
12506,1
12509,1
12512,1
12515,2
12522,1
12535,1
12538,1
12547,1
12550,1
12557,1
12560,2
12567,1
12573,1
12576,1
12579,1
12582,1
12586,1
12592,2
12595,1
12598,1
12605,1
12611,1
12627,2
12631,1
12634,1
12640,1
12643,1
12650,1
12652,1
12653,1
12656,2
12665,1
12691,1
12694,1
12720,1
12742,1
12762,1
12765,1
12772,2
12774,1
12775,1
12781,1
12784,2
12791,1
12800,2
12807,1
12813,1
12816,1
12822,1
12848,1
12851,1
12864,1
12877,1
12880,1
12883,1
12896,1
12919,1
12934,1
12938,1
12964,1
12970,1
12980,1
13027,2
13031,1
13043,1
13047,2
13063,1
13114,1
13116,1
13136,1
13172,1
13206,1
13212,1
13229,1
13235,1
13252,1
13258,1
13270,1
13274,1
13283,1
13299,1
13315,1
13337,1
13488,1
13498,1
13597,1
13616,1
13635,1
13725,1
13962,1
14554,1
14711,1
23031,1
24611,1
34829,1
36250,1
46439,1
50896,1
58115,1
62557,1
69760,1
