# Samples: 276862, Average: 4615.3 ns, StdDev: 237.5 ns, Quartiles: 4487.0/4592.0/4714.0 ns
4058,1
4112,1
4131,1
4134,1
4135,1
4137,1
4141,1
4144,2
4147,2
4150,1
4153,1
4154,1
4157,3
4160,2
4166,1
4167,1
4170,1
4173,1
4176,7
4179,3
4180,1
4182,4
4183,6
4185,3
4186,5
4188,3
4189,6
4192,6
4195,11
4196,3
4198,6
4199,4
4201,8
4202,10
4204,4
4205,11
4208,27
4211,18
4212,2
4214,13
4215,13
4217,14
4218,19
4220,10
4221,27
4224,26
4227,25
4228,12
4230,22
4231,26
4233,19
4234,28
4236,6
4237,51
4240,67
4243,50
4244,10
4246,51
4247,31
4249,36
4250,42
4252,24
4253,74
4256,113
4259,99
4260,22
4262,66
4263,45
4265,43
4266,90
4268,33
4269,125
4272,156
4275,135
4276,39
4278,125
4279,78
4281,72
4282,118
4284,41
4285,188
4288,214
4291,220
4292,60
4294,175
4295,92
4297,150
4298,222
4300,60
4301,221
4304,337
4307,279
4308,83
4310,261
4311,173
4313,152
4314,206
4316,91
4317,384
4320,409
4323,401
4324,106
4326,291
4327,180
4329,245
4330,350
4332,110
4333,434
4336,606
4339,476
4340,123
4342,436
4343,288
4345,257
4346,380
4348,143
4349,566
4352,708
4355,625
4356,139
4358,425
4359,293
4361,355
4362,493
4364,141
4365,662
4368,854
4371,742
4372,168
4374,566
4375,385
4377,360
4378,565
4380,217
4381,821
4384,974
4387,856
4388,206
4390,569
4391,429
4393,481
4394,730
4396,209
4397,922
4400,1292
4403,924
4404,239
4406,750
4407,509
4409,529
4410,710
4412,278
4413,1093
4416,1287
4419,1119
4420,258
4422,794
4423,526
4425,532
4426,927
4428,275
4429,1132
4432,1579
4435,1187
4436,264
4438,969
4439,646
4441,610
4442,885
4444,367
4445,1363
4448,1522
4451,1433
4452,348
4454,1013
4455,642
4457,709
4458,1135
4460,324
4461,1283
4464,1830
4467,1293
4468,339
4470,1197
4471,729
4473,680
4474,1075
4476,395
4477,1548
4480,1765
4483,1536
4484,413
4486,1156
4487,726
4489,861
4490,1231
4492,353
4493,1545
4496,2091
4499,1542
4500,368
4502,1276
4503,810
4505,829
4506,1178
4508,437
4509,1635
4512,2030
4515,1770
4516,456
4518,1147
4519,781
4521,888
4522,1277
4524,413
4525,1667
4528,2195
4531,1607
4532,416
4534,1297
4535,870
4537,861
4538,1284
4540,468
4541,1702
4544,2023
4547,1767
4548,422
4550,1220
4551,860
4553,879
4554,1405
4556,390
4557,1610
4560,2281
4563,1667
4564,402
4566,1324
4567,950
4569,869
4570,1207
4572,439
4573,1812
4576,2111
4579,1702
4580,451
4582,1269
4583,822
4585,821
4586,1364
4588,397
4589,1714
4592,2192
4595,1616
4596,401
4598,1297
4599,896
4601,764
4602,1216
4604,402
4605,1710
4608,1976
4611,1697
4612,424
4614,1178
4615,777
4617,824
4618,1281
4620,392
4621,1489
4624,2124
4627,1483
4628,354
4630,1245
4631,800
4633,726
4634,1128
4636,382
4637,1527
4640,1754
4643,1532
4644,373
4646,1094
4647,702
4649,787
4650,1192
4652,387
4653,1381
4656,1846
4659,1314
4660,371
4662,1097
4663,725
4665,623
4666,1022
4668,353
4669,1427
4672,1620
4675,1416
4676,359
4678,1003
4679,600
4681,682
4682,996
4684,310
4685,1286
4688,1730
4691,1258
4692,313
4694,978
4695,668
4697,600
4698,889
4700,332
4701,1234
4704,1524
4707,1239
4708,341
4710,850
4711,579
4713,558
4714,949
4716,288
4717,1138
4720,1455
4723,1063
4724,265
4726,849
4727,550
4729,489
4730,740
4732,273
4733,1106
4736,1276
4739,1117
4740,250
4742,682
4743,476
4745,507
4746,782
4748,229
4749,885
4752,1252
4755,984
4756,220
4758,703
4759,463
4761,446
4762,652
4764,241
4765,923
4768,1059
4771,879
4772,206
4774,603
4775,409
4777,404
4778,622
4780,180
4781,796
4784,1103
4787,755
4788,186
4790,644
4791,397
4793,402
4794,558
4796,172
4797,782
4800,904
4803,737
4804,193
4806,488
4807,334
4809,361
4810,539
4812,174
4813,661
4816,898
4819,622
4820,176
4822,507
4823,339
4825,332
4826,484
4828,174
4829,621
4832,776
4835,632
4836,162
4838,477
4839,295
4841,304
4842,402
4844,139
4845,611
4848,760
4851,544
4852,146
4854,414
4855,304
4857,270
4858,366
4860,163
4861,555
4864,605
4867,477
4868,137
4870,360
4871,222
4873,215
4874,379
4876,102
4877,434
4880,582
4883,434
4884,99
4886,300
4887,219
4889,196
4890,322
4892,102
4893,418
4896,503
4899,410
4900,124
4902,280
4903,186
4905,193
4906,293
4908,92
4909,369
4912,452
4915,348
4916,77
4918,243
4919,162
4921,169
4922,248
4924,91
4925,339
4928,394
4931,304
4932,86
4934,213
4935,132
4937,147
4938,203
4940,69
4941,304
4944,360
4947,270
4948,63
4950,203
4951,157
4953,115
4954,195
4956,66
4957,259
4960,298
4963,262
4964,58
4966,139
4967,113
4969,119
4970,182
4972,38
4973,207
4976,246
4979,205
4980,53
4982,177
4983,104
4985,86
4986,136
4988,37
4989,176
4992,219
4995,181
4996,43
4998,118
4999,97
5001,87
5002,151
5004,44
5005,141
5008,194
5011,142
5012,44
5014,113
5015,74
5017,60
5018,79
5020,32
5021,142
5024,134
5027,137
5028,32
5030,74
5031,58
5033,61
5034,82
5036,28
5037,108
5040,132
5043,106
5044,17
5046,66
5047,57
5049,47
5050,79
5052,35
5053,80
5056,104
5059,87
5060,19
5062,61
5063,32
5065,32
5066,55
5068,18
5069,66
5072,86
5075,70
5076,18
5078,50
5079,39
5081,35
5082,44
5084,11
5085,63
5088,61
5091,58
5092,12
5094,49
5095,29
5097,33
5098,49
5100,13
5101,53
5104,58
5107,37
5108,6
5110,33
5111,18
5113,15
5114,25
5116,7
5117,49
5120,49
5123,38
5124,9
5126,29
5127,24
5129,17
5130,25
5132,8
5133,28
5136,41
5139,30
5140,7
5142,24
5143,12
5145,11
5146,19
5148,7
5149,31
5152,21
5155,20
5156,5
5158,11
5159,18
5161,11
5162,15
5164,5
5165,12
5168,22
5171,19
5172,4
5174,18
5175,6
5177,7
5178,13
5180,7
5181,14
5184,21
5187,12
5188,5
5190,9
5191,5
5193,10
5194,11
5196,1
5197,11
5200,16
5203,12
5206,3
5207,6
5209,7
5210,8
5212,4
5213,15
5216,12
5219,13
5220,4
5222,5
5223,5
5225,7
5226,6
5228,3
5229,8
5232,10
5235,7
5236,2
5238,9
5239,2
5241,5
5242,4
5244,1
5245,9
5248,5
5251,4
5252,3
5254,6
5255,1
5257,1
5258,4
5260,3
5261,2
5264,7
5267,3
5268,2
5270,1
5271,4
5273,2
5274,2
5276,1
5277,3
5280,2
5283,10
5284,2
5286,3
5287,2
5290,2
5292,1
5293,4
5296,3
5299,5
5300,1
5302,2
5306,2
5309,1
5315,6
5316,1
5319,2
5321,3
5322,3
5325,3
5328,2
5335,1
5338,2
5341,2
5344,2
5350,2
5351,2
5353,1
5354,3
5356,1
5357,2
5360,3
5363,2
5366,1
5370,1
5372,1
5373,2
5376,1
5379,3
5382,2
5386,1
5389,1
5392,2
5395,2
5398,3
5399,1
5401,1
5405,1
5408,1
5421,1
5424,2
5427,1
5430,2
5447,1
5459,1
5463,1
5466,1
5485,1
5488,1
5494,1
5507,2
5513,3
5527,1
5533,1
5552,1
5555,2
5558,1
5561,2
5575,1
5594,1
5603,1
5616,1
5644,1
5654,2
5660,1
5664,1
5673,1
5696,1
5712,2
5721,1
5725,1
5735,1
5737,1
5747,1
5763,2
5769,1
5770,1
5773,1
5786,1
5798,1
5808,2
5818,3
5846,1
5847,1
5850,2
5853,1
5856,2
5862,1
5872,1
5878,2
5881,1
5891,1
5895,1
5901,1
5904,2
5908,1
5910,1
5917,1
5929,3
5933,1
5936,3
5939,1
5942,3
5945,2
5948,1
5952,1
5955,1
5956,1
5959,1
5961,1
5971,2
5975,1
5981,1
5984,1
5990,2
5997,1
6000,1
6003,2
6006,1
6010,1
6016,1
6019,2
6022,1
6023,1
6025,1
6026,2
6029,1
6032,2
6038,1
6039,2
6044,1
6045,1
6051,2
6052,1
6054,1
6064,1
6068,1
6070,1
6071,1
6077,2
6083,3
6086,1
6090,1
6093,2
6096,1
6099,1
6100,1
6102,2
6103,2
6106,1
6118,1
6119,2
6124,1
6125,1
6128,1
6134,1
6137,1
6140,1
6141,1
6144,1
6147,1
6153,1
6163,2
6166,2
6170,1
6176,1
6179,1
6189,1
6192,1
6195,1
6205,1
6211,1
6224,1
6227,1
6230,1
6233,1
6243,1
6246,1
6247,1
6249,1
6250,1
6253,1
6256,1
6272,2
6278,1
6281,1
6288,1
6292,1
6300,1
6310,1
6313,1
6314,2
6316,1
6330,1
6336,1
6339,2
6346,1
6352,1
6355,3
6359,1
6384,1
6390,1
6393,1
6397,1
6404,1
6407,1
6419,1
6445,1
6471,1
6496,1
6525,2
6551,1
6611,1
6614,1
6624,1
6627,1
6630,1
6659,1
6663,1
6672,1
6675,1
6692,1
6717,1
6723,1
6739,1
6740,1
6761,1
6784,1
6787,1
6790,1
6791,1
6797,1
6809,1
6812,1
6819,1
6836,1
6838,1
6839,2
6848,2
6880,2
6889,1
6890,1
6900,1
6905,1
6909,1
6925,1
6934,1
6938,1
6944,1
6947,1
6950,1
6989,1
6995,3
6998,1
7001,1
7004,1
7008,1
7024,1
7027,2
7033,1
7036,1
7037,1
7040,1
7049,1
7050,2
7066,1
7069,1
7078,1
7081,1
7088,1
7104,1
7111,1
7114,1
7127,1
7129,1
7158,1
7161,1
7165,2
7168,1
7175,1
7197,1
7219,1
7232,1
7255,1
7258,2
7290,1
7292,1
7293,1
7296,1
7319,1
7337,2
7341,1
7376,2
7389,1
7411,1
7418,1
7424,1
7433,1
7436,1
7443,1
7450,1
7453,1
7482,1
7485,1
7488,1
7492,1
7510,1
7536,1
7549,1
7555,1
7584,1
7597,1
7607,1
7628,1
7632,1
7648,2
7667,1
7680,1
7687,1
7718,1
7719,1
7725,1
7734,1
7766,1
7773,1
7779,1
7833,1
7840,1
7846,1
7849,1
7881,1
7888,1
7891,1
7897,1
7907,1
7920,1
7923,1
7926,1
7932,1
7933,1
7965,1
7977,1
7997,1
8003,1
8029,1
8032,1
8035,1
8042,1
8044,1
8090,1
8121,1
8134,1
8317,1
8326,1
8339,1
8365,1
8371,1
8394,1
8397,1
8400,1
8413,1
8423,1
8432,1
8474,1
8480,1
8483,1
8502,1
8506,1
8512,1
8534,1
8548,1
8560,1
8563,1
8579,1
8601,1
8621,1
8628,1
8630,1
8634,1
8660,1
8669,1
8672,1
8692,1
8694,1
8720,1
8736,1
8755,1
8759,2
8781,1
8793,1
8797,1
8806,1
8810,1
8813,1
8826,1
8854,2
8890,1
8928,1
8970,1
9004,1
9005,1
9014,1
9021,1
9033,1
9060,1
9062,1
9072,1
9078,1
9082,1
9100,1
9120,3
9126,1
9136,1
9159,1
9180,1
9190,1
9194,1
9197,1
9219,2
9226,1
9229,1
9242,1
9268,1
9270,2
9280,1
9286,1
9293,1
9305,1
9312,1
9328,1
9331,1
9332,1
9334,2
9335,1
9341,1
9347,2
9348,1
9356,1
9364,1
9369,1
9373,1
9386,1
9411,1
9414,1
9424,1
9444,1
9450,1
9462,1
9463,1
9472,1
9479,1
9517,1
9527,1
9536,1
9539,1
9548,1
9549,1
9552,1
9555,1
9559,1
9562,1
9564,1
9581,1
9588,1
9597,1
9600,1
9632,1
9648,1
9664,1
9680,1
9683,1
9687,1
9709,1
9712,1
9715,1
9718,1
9769,1
9801,1
9808,2
9837,2
9844,1
9847,2
9850,1
9859,1
9882,1
9914,1
9942,1
9974,1
9981,1
9991,1
10042,1
10087,1
10089,1
10112,1
10116,1
10118,1
10169,1
10170,1
10172,1
10176,1
10179,1
10192,1
10214,1
10233,1
10253,1
10259,1
10291,1
10304,1
10307,1
10323,1
10326,1
10381,1
10400,1
10403,2
10410,1
10413,1
10422,1
10426,1
10432,1
10442,1
10454,1
10493,1
10515,2
10531,1
10556,1
10585,1
10605,1
10608,1
10624,1
10643,1
10647,1
10740,1
10742,1
10816,1
10854,1
10864,1
10873,1
10887,1
10893,1
10925,1
10937,1
10979,1
11056,1
11082,1
11095,1
11104,1
11152,1
11174,1
11203,1
11300,1
11315,1
11321,1
11385,1
11430,1
11456,1
11495,1
11527,1
11616,1
11952,1
11962,1
12128,1
12170,2
12272,1
12492,1
16656,1
