# Samples: 277377, Average: 4041.4 ns, StdDev: 173.1 ns, Quartiles: 3961.0/4029.0/4087.0 ns
3853,1
3860,1
3862,2
3863,2
3865,1
3866,1
3868,2
3869,6
3872,6
3875,28
3876,6
3878,20
3879,23
3881,48
3882,68
3884,31
3885,90
3888,337
3891,246
3892,69
3894,413
3895,263
3897,252
3898,400
3900,256
3901,998
3904,1284
3907,1644
3908,368
3910,1147
3911,719
3913,1112
3914,1632
3916,505
3917,2032
3920,3567
3923,2643
3924,692
3926,2508
3927,1708
3929,1446
3930,2281
3932,833
3933,3535
3936,4157
3939,3648
3940,954
3942,2638
3943,1809
3945,1843
3946,2747
3948,837
3949,3574
3952,4299
3955,3423
3956,865
3958,2376
3959,1618
3961,1578
3962,2384
3964,767
3965,3017
3968,3606
3971,2766
3972,689
3974,1950
3975,1306
3977,1273
3978,1919
3980,644
3981,2441
3984,3085
3987,2346
3988,604
3990,1798
3991,1173
3993,1114
3994,1679
3996,573
3997,2395
4000,2929
4003,2457
4004,663
4006,1770
4007,1183
4009,1271
4010,1990
4012,634
4013,2446
4016,3585
4019,2809
4020,677
4022,2312
4023,1550
4025,1418
4026,2220
4028,813
4029,3262
4032,4058
4035,3461
4036,866
4038,2439
4039,1619
4041,1699
4042,2569
4044,835
4045,3377
4048,4327
4051,3317
4052,810
4054,2446
4055,1657
4057,1626
4058,2353
4060,742
4061,3171
4064,3810
4067,2783
4068,708
4070,2129
4071,1438
4073,1303
4074,1985
4076,643
4077,2653
4080,3000
4083,2387
4084,555
4086,1659
4087,1161
4089,1128
4090,1654
4092,531
4093,2067
4096,2509
4099,1880
4100,532
4102,1372
4103,905
4105,940
4106,1338
4108,430
4109,1744
4112,2081
4115,1635
4116,392
4118,1216
4119,816
4121,811
4122,1140
4124,396
4125,1614
4128,1816
4131,1450
4132,357
4134,1073
4135,692
4137,726
4138,1048
4140,317
4141,1359
4144,1529
4147,1182
4148,312
4150,876
4151,581
4153,548
4154,858
4156,286
4157,1049
4160,1383
4163,1067
4164,262
4166,744
4167,533
4169,525
4170,754
4172,253
4173,1020
4176,1187
4179,913
4180,212
4182,656
4183,459
4185,428
4186,657
4188,181
4189,812
4192,1014
4195,757
4196,159
4198,527
4199,334
4201,352
4202,501
4204,134
4205,618
4208,725
4211,553
4212,118
4214,373
4215,232
4217,216
4218,310
4220,105
4221,425
4224,471
4227,307
4228,84
4230,236
4231,154
4233,140
4234,187
4236,54
4237,243
4240,232
4243,180
4244,40
4246,117
4247,74
4249,71
4250,115
4252,32
4253,138
4256,158
4259,110
4260,16
4262,67
4263,54
4265,38
4266,59
4268,18
4269,85
4272,92
4275,67
4276,14
4278,65
4279,34
4281,31
4282,45
4284,21
4285,53
4288,76
4291,51
4292,10
4294,28
4295,24
4297,13
4298,33
4300,14
4301,26
4304,45
4307,38
4308,9
4310,20
4311,10
4313,18
4314,19
4316,10
4317,21
4320,30
4323,17
4324,4
4326,11
4327,8
4329,7
4330,13
4332,2
4333,13
4336,11
4339,11
4340,2
4342,10
4343,5
4345,4
4346,8
4348,2
4349,11
4352,13
4355,7
4356,2
4358,3
4359,3
4361,4
4362,7
4365,8
4368,6
4371,3
4372,4
4374,3
4375,4
4377,2
4378,9
4380,4
4381,7
4384,8
4387,5
4388,2
4390,5
4391,7
4393,3
4394,7
4396,2
4397,6
4400,12
4403,2
4404,3
4406,5
4407,5
4410,2
4412,2
4413,5
4416,6
4419,2
4420,3
4422,3
4423,3
4426,4
4428,1
4429,6
4432,4
4435,2
4436,1
4438,3
4439,1
4441,2
4442,2
4445,1
4454,2
4457,1
4458,1
4461,1
4464,2
4467,2
4473,1
4477,2
4480,1
4484,1
4486,1
4489,1
4499,1
4502,1
4505,1
4506,2
4509,1
4512,1
4528,1
4531,1
4541,1
4544,2
4560,1
4563,2
4566,1
4567,1
4589,1
4592,1
4602,1
4707,1
4752,1
4758,1
4768,1
4771,1
4841,1
4842,1
4852,1
4903,1
4906,1
4925,1
4960,1
4992,1
5081,1
5082,1
5088,1
5091,1
5110,2
5120,1
5127,1
5129,1
5132,1
5133,1
5146,1
5165,1
5174,1
5178,1
5191,1
5222,1
5223,1
5229,2
5232,2
5235,2
5238,1
5239,3
5244,2
5248,6
5251,2
5254,2
5255,2
5257,7
5258,6
5260,1
5261,10
5264,11
5267,9
5268,2
5270,7
5271,7
5273,10
5274,11
5276,5
5277,6
5280,17
5283,17
5284,1
5286,8
5287,6
5289,7
5290,10
5293,12
5296,6
5299,13
5300,2
5302,5
5303,3
5305,6
5306,8
5308,2
5309,6
5312,10
5315,8
5316,1
5318,3
5319,2
5321,5
5322,2
5324,2
5325,6
5328,8
5331,11
5332,1
5334,7
5335,3
5337,3
5338,4
5340,1
5341,1
5344,14
5347,6
5348,2
5350,6
5351,5
5353,1
5354,6
5356,2
5357,1
5360,8
5363,6
5364,1
5366,2
5367,2
5369,2
5370,3
5372,1
5373,7
5376,8
5379,3
5380,2
5382,5
5383,4
5385,1
5386,4
5388,1
5389,6
5392,4
5395,10
5398,6
5399,1
5401,2
5402,6
5404,2
5408,5
5411,2
5414,1
5415,4
5417,1
5418,1
5420,1
5421,3
5424,3
5427,2
5428,1
5430,1
5431,2
5433,1
5434,1
5437,3
5440,2
5443,3
5446,4
5447,1
5449,1
5450,2
5453,2
5456,3
5459,7
5462,1
5463,1
5466,1
5469,1
5472,1
5475,3
5476,2
5478,1
5479,3
5482,1
5485,3
5488,1
5491,2
5494,1
5495,1
5498,1
5501,2
5504,3
5507,2
5510,3
5511,1
5514,1
5516,1
5520,2
5523,3
5526,1
5527,2
5529,2
5530,1
5533,2
5539,1
5542,1
5543,1
5546,4
5549,1
5552,1
5558,2
5559,3
5561,1
5562,2
5565,4
5571,1
5574,1
5581,1
5584,1
5587,1
5593,1
5597,1
5600,2
5603,1
5604,2
5616,1
5619,1
5625,1
5657,1
5686,1
5703,1
5706,1
5712,1
5715,1
5719,1
5722,1
5734,1
5744,1
5757,1
5763,1
5767,1
5779,1
5782,1
5788,1
5799,2
5817,1
5824,1
5830,1
5843,1
5844,1
5850,1
5863,1
5885,1
5895,1
5898,1
5911,1
5920,1
5926,1
5933,1
5936,1
5946,1
5962,1
5974,1
5987,1
6013,1
6016,1
6035,1
6067,1
6086,1
6090,1
6096,1
6169,1
6173,1
6176,2
6198,1
6202,1
6205,1
6208,2
6211,1
6215,1
6218,2
6221,3
6224,3
6227,2
6230,1
6231,1
6233,1
6234,3
6237,3
6240,6
6243,1
6244,2
6246,5
6247,1
6249,2
6250,4
6253,4
6256,2
6259,5
6262,3
6263,7
6265,1
6266,6
6268,6
6269,1
6272,2
6275,3
6276,1
6278,4
6279,3
6281,4
6282,3
6284,2
6285,3
6288,3
6291,4
6294,2
6295,1
6297,1
6298,5
6301,3
6304,5
6307,3
6310,3
6311,2
6313,2
6314,4
6316,2
6317,4
6320,10
6323,3
6326,1
6327,2
6329,1
6330,3
6332,1
6333,2
6336,2
6339,4
6340,2
6342,2
6345,1
6346,3
6348,1
6349,3
6352,1
6355,7
6358,3
6359,2
6362,3
6365,3
6368,4
6371,3
6372,1
6377,1
6378,5
6380,3
6381,1
6384,3
6388,1
6390,1
6391,2
6393,2
6394,4
6396,1
6397,1
6400,4
6409,1
6410,5
6412,1
6413,2
6416,3
6419,4
6422,1
6423,4
6428,1
6432,1
6439,1
6448,2
6451,1
6452,1
6454,2
6458,4
6460,1
6461,3
6464,4
6467,1
6468,1
6470,2
6471,2
6474,1
6477,3
6483,3
6486,1
6489,1
6490,2
6493,2
6496,1
6505,1
6506,1
6509,1
6512,1
6515,2
6516,1
6518,1
6521,1
6528,1
6531,2
6534,1
6537,1
6538,1
6540,1
6541,1
6544,1
6547,1
6550,1
6557,1
6563,1
6573,1
6585,2
6592,2
6595,1
6608,1
6612,1
6614,1
6615,1
6640,2
6653,1
6669,1
6672,1
6678,1
6682,1
6701,1
6707,1
6723,1
6727,1
6729,1
6746,1
6748,1
6800,1
6813,1
6826,1
6832,1
6848,1
6889,1
6890,1
6902,1
6941,1
6944,1
6951,1
6960,1
6969,1
6973,1
7002,1
7031,1
7036,1
7050,1
7053,1
7091,1
7114,1
7120,1
7158,1
7200,1
7213,1
7223,1
7235,1
7239,1
7280,1
7296,1
7308,1
7315,1
7325,1
7332,1
7344,1
7363,1
7366,1
7367,1
7379,1
7497,1
7510,1
7513,1
7517,1
7561,1
7607,1
7613,2
7616,1
7619,1
7623,1
7632,1
7636,1
7642,1
7693,1
7712,1
7722,1
7741,1
7773,1
7811,1
7833,1
7834,1
7850,1
7929,1
7930,1
7949,1
7968,1
7984,1
7988,1
8020,1
8028,1
8029,2
8038,1
8054,1
8064,1
8067,1
8090,1
8102,1
8128,1
8156,1
8164,1
8179,1
8208,1
8227,1
8240,1
8259,1
8288,1
8304,1
8326,1
8327,1
8336,1
8340,1
8364,1
8384,1
8403,1
8435,1
8441,1
8451,1
8454,1
8493,1
8503,1
8531,1
8547,1
8553,1
8592,1
8608,1
8621,1
8647,1
8653,1
8669,1
8688,2
8697,1
8710,1
8714,1
8764,1
8777,1
8784,1
8796,1
8816,1
8858,2
8861,1
8886,1
8890,1
8909,1
8957,1
8996,2
9005,1
9053,1
9123,1
9181,1
9235,1
9271,2
9273,2
9287,1
9347,1
9364,1
9396,1
9411,1
9417,1
9482,1
9571,1
9661,1
9683,1
9702,1
9709,1
9879,1
9933,1
9958,1
10044,1
10119,1
10253,1
10326,1
10400,1
10403,1
10416,1
10489,1
10560,1
10698,1
10944,1
11152,1
