Samples: 277057, Average: 6758.3 ns, StdDev: 1193.5 ns, Quartiles: 5699.0/6774.0/7766.0 ns
4326,1
4425,1
4441,1
4452,1
4454,1
4458,1
4464,1
4467,1
4471,1
4473,1
4476,1
4477,1
4483,2
4487,1
4490,1
4493,3
4496,3
4499,1
4505,1
4506,1
4509,1
4512,1
4515,2
4522,3
4525,1
4528,5
4531,3
4534,2
4538,1
4541,5
4544,3
4547,3
4548,1
4550,2
4551,2
4554,2
4556,1
4557,2
4560,5
4563,6
4566,4
4567,3
4569,1
4570,1
4572,2
4573,3
4576,8
4579,6
4582,7
4583,3
4585,6
4586,8
4588,3
4589,9
4592,10
4595,12
4596,3
4598,6
4599,1
4601,4
4602,5
4604,2
4605,9
4608,9
4611,10
4612,6
4614,5
4615,13
4617,6
4618,9
4620,3
4621,6
4624,11
4627,20
4628,5
4630,9
4631,11
4633,3
4634,12
4636,2
4637,14
4640,19
4643,13
4644,3
4646,13
4647,8
4649,10
4650,13
4652,6
4653,17
4656,23
4659,20
4660,4
4662,13
4663,10
4665,7
4666,20
4668,3
4669,21
4672,19
4675,21
4676,3
4678,13
4679,7
4681,9
4682,12
4684,4
4685,23
4688,34
4691,29
4692,4
4694,21
4695,18
4697,13
4698,18
4700,5
4701,21
4704,31
4707,30
4708,10
4710,22
4711,12
4713,23
4714,24
4716,8
4717,36
4720,60
4723,26
4724,6
4726,26
4727,14
4729,17
4730,26
4732,12
4733,47
4736,42
4739,48
4740,11
4742,31
4743,19
4745,28
4746,42
4748,13
4749,45
4752,63
4755,63
4756,11
4758,38
4759,26
4761,20
4762,33
4764,10
4765,53
4768,49
4771,61
4772,15
4774,39
4775,17
4777,33
4778,51
4780,14
4781,41
4784,86
4787,43
4788,12
4790,42
4791,35
4793,29
4794,33
4796,14
4797,47
4800,81
4803,73
4804,20
4806,36
4807,29
4809,29
4810,48
4812,18
4813,70
4816,70
4819,68
4820,12
4822,45
4823,38
4825,25
4826,46
4828,10
4829,77
4832,98
4835,80
4836,15
4838,67
4839,44
4841,53
4842,54
4844,16
4845,66
4848,103
4851,69
4852,24
4854,66
4855,43
4857,36
4858,61
4860,21
4861,60
4864,85
4867,82
4868,25
4870,58
4871,42
4873,41
4874,55
4876,27
4877,84
4880,107
4883,85
4884,19
4886,74
4887,44
4889,41
4890,68
4892,16
4893,98
4896,111
4899,100
4900,22
4902,72
4903,54
4905,51
4906,75
4908,21
4909,108
4912,133
4915,97
4916,30
4918,81
4919,48
4921,61
4922,69
4924,27
4925,118
4928,130
4931,126
4932,23
4934,86
4935,51
4937,61
4938,75
4940,38
4941,113
4944,149
4947,84
4948,27
4950,99
4951,55
4953,57
4954,79
4956,24
4957,131
4960,137
4963,125
4964,40
4966,76
4967,54
4969,57
4970,110
4972,25
4973,107
4976,155
4979,122
4980,31
4982,118
4983,70
4985,58
4986,100
4988,35
4989,149
4992,156
4995,124
4996,42
4998,113
4999,69
5001,70
5002,116
5004,29
5005,117
5008,167
5011,104
5012,26
5014,96
5015,79
5017,77
5018,94
5020,32
5021,170
5024,160
5027,135
5028,40
5030,112
5031,59
5033,78
5034,104
5036,42
5037,136
5040,198
5043,128
5044,36
5046,120
5047,80
5049,83
5050,107
5052,49
5053,152
5056,182
5059,159
5060,51
5062,125
5063,57
5065,71
5066,125
5068,37
5069,167
5072,222
5075,165
5076,38
5078,117
5079,104
5081,93
5082,129
5084,57
5085,182
5088,198
5091,175
5092,46
5094,127
5095,80
5097,93
5098,132
5100,41
5101,120
5104,229
5107,163
5108,37
5110,146
5111,89
5113,75
5114,141
5116,59
5117,183
5120,212
5123,177
5124,47
5126,136
5127,81
5129,87
5130,146
5132,37
5133,175
5136,244
5139,186
5140,38
5142,147
5143,93
5145,101
5146,139
5148,53
5149,232
5152,227
5155,209
5156,41
5158,116
5159,88
5161,102
5162,162
5164,50
5165,175
5168,234
5171,194
5172,49
5174,132
5175,107
5177,94
5178,135
5180,47
5181,211
5184,260
5187,195
5188,64
5190,126
5191,85
5193,107
5194,143
5196,39
5197,175
5200,255
5203,225
5204,49
5206,183
5207,95
5209,95
5210,127
5212,59
5213,185
5216,247
5219,202
5220,59
5222,156
5223,74
5225,105
5226,152
5228,50
5229,195
5232,271
5235,227
5236,47
5238,153
5239,111
5241,96
5242,148
5244,61
5245,226
5248,259
5251,225
5252,51
5254,129
5255,111
5257,102
5258,177
5260,45
5261,207
5264,294
5267,205
5268,44
5270,174
5271,120
5273,115
5274,156
5276,58
5277,221
5280,277
5283,226
5284,59
5286,161
5287,116
5289,112
5290,166
5292,43
5293,217
5296,304
5299,202
5300,58
5302,171
5303,144
5305,99
5306,151
5308,59
5309,238
5312,288
5315,234
5316,56
5318,156
5319,113
5321,135
5322,167
5324,44
5325,224
5328,274
5331,221
5332,65
5334,180
5335,96
5337,114
5338,184
5340,54
5341,234
5344,256
5347,223
5348,53
5350,191
5351,109
5353,140
5354,184
5356,65
5357,204
5360,314
5363,214
5364,56
5366,174
5367,110
5369,104
5370,163
5372,54
5373,239
5376,251
5379,258
5380,65
5382,172
5383,122
5385,101
5386,183
5388,48
5389,228
5392,304
5395,188
5396,53
5398,199
5399,141
5401,116
5402,186
5404,72
5405,230
5408,267
5411,257
5412,61
5414,167
5415,125
5417,125
5418,171
5420,70
5421,218
5424,271
5427,244
5428,63
5430,178
5431,128
5433,100
5434,164
5436,47
5437,260
5440,297
5443,227
5444,62
5446,173
5447,121
5449,127
5450,187
5452,55
5453,215
5456,352
5459,231
5460,62
5462,174
5463,107
5465,106
5466,181
5468,69
5469,215
5472,262
5475,258
5476,56
5478,168
5479,105
5481,128
5482,192
5484,53
5485,254
5488,335
5491,204
5492,55
5494,182
5495,145
5497,113
5498,151
5500,63
5501,246
5504,288
5507,273
5508,69
5510,193
5511,110
5513,116
5514,206
5516,67
5517,260
5520,311
5523,236
5524,49
5526,214
5527,127
5529,121
5530,203
5532,85
5533,261
5536,301
5539,257
5540,79
5542,170
5543,102
5545,126
5546,196
5548,62
5549,238
5552,337
5555,238
5556,55
5558,192
5559,115
5561,130
5562,185
5564,52
5565,268
5568,288
5571,281
5572,57
5574,168
5575,117
5577,127
5578,215
5580,56
5581,223
5584,312
5587,245
5588,55
5590,199
5591,124
5593,120
5594,168
5596,71
5597,252
5600,285
5603,253
5604,58
5606,193
5607,110
5609,148
5610,209
5612,73
5613,222
5616,323
5619,250
5620,65
5622,203
5623,143
5625,121
5626,183
5628,48
5629,273
5632,323
5635,259
5636,72
5638,161
5639,123
5641,135
5642,203
5644,59
5645,256
5648,330
5651,230
5652,60
5654,193
5655,143
5657,123
5658,180
5660,60
5661,271
5664,356
5667,257
5668,75
5670,189
5671,122
5673,137
5674,191
5676,55
5677,241
5680,318
5683,229
5684,73
5686,181
5687,123
5689,124
5690,179
5692,66
5693,275
5696,292
5699,254
5700,74
5702,170
5703,128
5705,157
5706,200
5708,61
5709,251
5712,357
5715,255
5716,51
5718,205
5719,131
5721,116
5722,174
5724,67
5725,279
5728,331
5731,295
5732,90
5734,187
5735,132
5737,173
5738,208
5740,59
5741,242
5744,332
5747,249
5748,51
5750,217
5751,123
5753,129
5754,213
5756,71
5757,274
5760,300
5763,284
5764,80
5766,199
5767,138
5769,168
5770,206
5772,79
5773,249
5776,338
5779,259
5780,62
5782,209
5783,143
5785,125
5786,197
5788,94
5789,277
5792,378
5795,259
5796,70
5798,192
5799,109
5801,155
5802,213
5804,59
5805,264
5808,329
5811,267
5812,78
5814,215
5815,133
5817,131
5818,186
5820,76
5821,293
5824,314
5827,275
5828,73
5830,169
5831,117
5833,141
5834,201
5836,70
5837,275
5840,344
5843,267
5844,66
5846,210
5847,136
5849,125
5850,188
5852,75
5853,278
5856,294
5859,271
5860,60
5862,193
5863,130
5865,137
5866,206
5868,62
5869,249
5872,349
5875,260
5876,56
5878,214
5879,135
5881,121
5882,216
5884,53
5885,248
5888,338
5891,292
5892,70
5894,173
5895,133
5897,130
5898,209
5900,60
5901,238
5904,337
5907,257
5908,64
5910,215
5911,129
5913,138
5914,166
5916,53
5917,233
5920,328
5923,282
5924,63
5926,182
5927,129
5929,139
5930,216
5932,61
5933,262
5936,328
5939,254
5940,66
5942,176
5943,124
5945,106
5946,171
5948,67
5949,264
5952,313
5955,250
5956,69
5958,185
5959,139
5961,109
5962,189
5964,60
5965,224
5968,332
5971,242
5972,50
5974,192
5975,121
5977,101
5978,167
5980,60
5981,266
5984,276
5987,251
5988,62
5990,164
5991,113
5993,130
5994,205
5996,54
5997,236
6000,290
6003,248
6004,61
6006,183
6007,127
6009,122
6010,153
6012,68
6013,242
6016,290
6019,254
6020,67
6022,165
6023,115
6025,106
6026,186
6028,62
6029,229
6032,313
6035,236
6036,54
6038,177
6039,138
6041,106
6042,175
6044,54
6045,208
6048,269
6051,251
6052,48
6054,162
6055,96
6057,101
6058,156
6060,47
6061,211
6064,277
6067,209
6068,53
6070,188
6071,123
6073,98
6074,149
6076,45
6077,235
6080,258
6083,211
6084,59
6086,167
6087,104
6089,125
6090,153
6092,32
6093,207
6096,249
6099,191
6100,51
6102,172
6103,106
6105,82
6106,148
6108,51
6109,251
6112,268
6115,189
6116,54
6118,144
6119,78
6121,123
6122,157
6124,51
6125,207
6128,251
6131,192
6132,45
6134,166
6135,107
6137,85
6138,147
6140,44
6141,190
6144,225
6147,208
6148,51
6150,129
6151,86
6153,102
6154,158
6156,32
6157,172
6160,239
6163,150
6164,50
6166,141
6167,100
6169,76
6170,118
6172,51
6173,197
6176,208
6179,188
6180,55
6182,125
6183,72
6185,77
6186,130
6188,42
6189,161
6192,207
6195,163
6196,35
6198,129
6199,97
6201,76
6202,117
6204,42
6205,187
6208,179
6211,135
6212,32
6214,112
6215,68
6217,84
6218,121
6220,50
6221,151
6224,199
6227,157
6228,55
6230,121
6231,81
6233,80
6234,130
6236,48
6237,189
6240,172
6243,169
6244,42
6246,117
6247,71
6249,87
6250,124
6252,35
6253,150
6256,179
6259,156
6260,31
6262,112
6263,63
6265,46
6266,98
6268,43
6269,135
6272,133
6275,137
6276,37
6278,97
6279,67
6281,93
6282,105
6284,40
6285,156
6288,188
6291,135
6292,31
6294,89
6295,65
6297,61
6298,83
6300,34
6301,155
6304,168
6307,138
6308,32
6310,101
6311,71
6313,66
6314,87
6316,34
6317,108
6320,154
6323,112
6324,35
6326,103
6327,60
6329,66
6330,97
6332,32
6333,127
6336,149
6339,115
6340,37
6342,91
6343,47
6345,54
6346,104
6348,21
6349,100
6352,176
6355,136
6356,33
6358,89
6359,51
6361,50
6362,65
6364,26
6365,124
6368,137
6371,121
6372,25
6374,77
6375,35
6377,59
6378,86
6380,29
6381,99
6384,141
6387,100
6388,37
6390,93
6391,55
6393,51
6394,64
6396,17
6397,111
6400,119
6403,122
6404,23
6406,75
6407,48
6409,58
6410,86
6412,28
6413,102
6416,115
6419,93
6420,24
6422,74
6423,60
6425,53
6426,79
6428,25
6429,107
6432,125
6435,98
6436,31
6438,82
6439,34
6441,44
6442,75
6444,24
6445,102
6448,124
6451,96
6452,22
6454,77
6455,52
6457,49
6458,69
6460,23
6461,101
6464,121
6467,101
6468,14
6470,72
6471,43
6473,55
6474,65
6476,17
6477,74
6480,105
6483,82
6484,19
6486,59
6487,40
6489,41
6490,69
6492,28
6493,91
6496,89
6499,102
6500,35
6502,60
6503,39
6505,55
6506,79
6508,22
6509,83
6512,110
6515,93
6516,20
6518,68
6519,39
6521,29
6522,50
6524,18
6525,90
6528,112
6531,84
6532,23
6534,51
6535,47
6537,53
6538,47
6540,21
6541,74
6544,105
6547,81
6548,16
6550,41
6551,47
6553,44
6554,48
6556,20
6557,69
6560,77
6563,90
6564,22
6566,51
6567,33
6569,33
6570,59
6572,20
6573,80
6576,94
6579,73
6580,18
6582,56
6583,51
6585,36
6586,50
6588,20
6589,58
6592,98
6595,75
6596,15
6598,47
6599,39
6601,50
6602,55
6604,18
6605,71
6608,107
6611,63
6612,16
6614,53
6615,48
6617,40
6618,61
6620,24
6621,69
6624,89
6627,73
6628,19
6630,38
6631,38
6633,46
6634,63
6636,18
6637,84
6640,88
6643,60
6644,18
6646,62
6647,33
6649,18
6650,51
6652,21
6653,68
6656,71
6659,75
6660,16
6662,53
6663,40
6665,36
6666,61
6668,12
6669,71
6672,89
6675,52
6676,14
6678,63
6679,32
6681,40
6682,44
6684,19
6685,87
6688,90
6691,81
6692,31
6694,64
6695,38
6697,34
6698,47
6700,20
6701,72
6704,98
6707,61
6708,26
6710,52
6711,45
6713,44
6714,65
6716,26
6717,84
6720,78
6723,74
6724,28
6726,49
6727,29
6729,34
6730,64
6732,19
6733,62
6736,116
6739,72
6740,22
6742,66
6743,46
6745,34
6746,64
6748,16
6749,86
6752,92
6755,86
6756,19
6758,65
6759,45
6761,44
6762,72
6764,20
6765,94
6768,128
6771,84
6772,19
6774,83
6775,51
6777,45
6778,57
6780,25
6781,85
6784,122
6787,108
6788,15
6790,49
6791,46
6793,60
6794,72
6796,23
6797,88
6800,126
6803,99
6804,27
6806,77
6807,47
6809,43
6810,59
6812,26
6813,105
6816,106
6819,118
6820,35
6822,71
6823,36
6825,51
6826,69
6828,23
6829,121
6832,134
6835,101
6836,33
6838,89
6839,49
6841,63
6842,84
6844,29
6845,112
6848,136
6851,122
6852,28
6854,70
6855,63
6857,70
6858,80
6860,24
6861,106
6864,150
6867,111
6868,30
6870,100
6871,50
6873,60
6874,89
6876,31
6877,122
6880,161
6883,143
6884,25
6886,87
6887,67
6889,65
6890,95
6892,25
6893,130
6896,160
6899,149
6900,31
6902,106
6903,80
6905,76
6906,99
6908,28
6909,133
6912,158
6915,159
6916,32
6918,99
6919,56
6921,74
6922,104
6924,34
6925,123
6928,200
6931,117
6932,42
6934,106
6935,68
6937,63
6938,81
6940,34
6941,136
6944,176
6947,152
6948,37
6950,106
6951,68
6953,74
6954,105
6956,35
6957,150
6960,208
6963,162
6964,35
6966,148
6967,81
6969,71
6970,119
6972,42
6973,162
6976,201
6979,166
6980,39
6982,120
6983,73
6985,83
6986,134
6988,48
6989,161
6992,234
6995,187
6996,45
6998,149
6999,91
7001,93
7002,138
7004,40
7005,160
7008,207
7011,191
7012,39
7014,94
7015,73
7017,86
7018,157
7020,44
7021,161
7024,251
7027,166
7028,50
7030,144
7031,101
7033,91
7034,126
7036,48
7037,174
7040,223
7043,173
7044,47
7046,148
7047,84
7049,97
7050,156
7052,48
7053,167
7056,260
7059,188
7060,46
7062,155
7063,111
7065,94
7066,125
7068,54
7069,205
7072,206
7075,186
7076,50
7078,150
7079,93
7081,107
7082,150
7084,51
7085,196
7088,274
7091,173
7092,43
7094,167
7095,88
7097,91
7098,154
7100,51
7101,236
7104,255
7107,178
7108,63
7110,142
7111,90
7113,121
7114,144
7116,48
7117,207
7120,274
7123,204
7124,47
7126,154
7127,100
7129,103
7130,139
7132,53
7133,224
7136,247
7139,213
7140,52
7142,148
7143,94
7145,97
7146,175
7148,45
7149,200
7152,265
7155,190
7156,42
7158,155
7159,115
7161,112
7162,142
7164,73
7165,218
7168,266
7171,175
7172,58
7174,148
7175,110
7177,101
7178,162
7180,40
7181,186
7184,288
7187,205
7188,37
7190,158
7191,109
7193,101
7194,147
7196,55
7197,240
7200,262
7203,225
7204,51
7206,167
7207,89
7209,108
7210,174
7212,59
7213,200
7216,282
7219,199
7220,61
7222,166
7223,103
7225,94
7226,154
7228,61
7229,234
7232,248
7235,218
7236,53
7238,148
7239,106
7241,96
7242,185
7244,43
7245,218
7248,275
7251,217
7252,62
7254,163
7255,104
7257,81
7258,133
7260,52
7261,215
7264,254
7267,200
7268,50
7270,159
7271,104
7273,109
7274,150
7276,41
7277,193
7280,256
7283,204
7284,43
7286,161
7287,104
7289,91
7290,127
7292,44
7293,232
7296,243
7299,215
7300,56
7302,149
7303,99
7305,114
7306,153
7308,42
7309,178
7312,291
7315,201
7316,55
7318,149
7319,112
7321,93
7322,157
7324,45
7325,208
7328,232
7331,246
7332,61
7334,135
7335,96
7337,122
7338,143
7340,48
7341,195
7344,238
7347,200
7348,45
7350,149
7351,109
7353,77
7354,168
7356,50
7357,196
7360,283
7363,198
7364,56
7366,161
7367,76
7369,112
7370,127
7372,42
7373,201
7376,247
7379,192
7380,56
7382,177
7383,120
7385,104
7386,116
7388,61
7389,226
7392,234
7395,214
7396,42
7398,137
7399,82
7401,112
7402,152
7404,49
7405,188
7408,292
7411,182
7412,47
7414,161
7415,91
7417,101
7418,162
7420,41
7421,211
7424,253
7427,192
7428,57
7430,148
7431,85
7433,94
7434,158
7436,43
7437,189
7440,284
7443,188
7444,46
7446,161
7447,82
7449,92
7450,161
7452,60
7453,227
7456,247
7459,192
7460,55
7462,157
7463,92
7465,104
7466,164
7468,52
7469,176
7472,259
7475,215
7476,44
7478,141
7479,107
7481,100
7482,125
7484,43
7485,195
7488,236
7491,208
7492,34
7494,154
7495,77
7497,97
7498,155
7500,44
7501,181
7504,261
7507,199
7508,45
7510,149
7511,100
7513,85
7514,129
7516,52
7517,201
7520,226
7523,222
7524,53
7526,134
7527,102
7529,90
7530,168
7532,53
7533,181
7536,240
7539,201
7540,41
7542,147
7543,86
7545,84
7546,125
7548,62
7549,195
7552,227
7555,210
7556,38
7558,121
7559,101
7561,98
7562,143
7564,46
7565,191
7568,220
7571,175
7572,50
7574,169
7575,87
7577,98
7578,137
7580,34
7581,203
7584,220
7587,193
7588,49
7590,136
7591,91
7593,89
7594,140
7596,45
7597,171
7600,235
7603,188
7604,57
7606,140
7607,85
7609,94
7610,154
7612,54
7613,202
7616,216
7619,202
7620,44
7622,124
7623,85
7625,86
7626,152
7628,44
7629,179
7632,249
7635,177
7636,38
7638,130
7639,93
7641,76
7642,149
7644,45
7645,174
7648,230
7651,167
7652,55
7654,129
7655,88
7657,76
7658,142
7660,48
7661,183
7664,220
7667,168
7668,35
7670,124
7671,96
7673,76
7674,118
7676,50
7677,175
7680,195
7683,202
7684,43
7686,125
7687,83
7689,76
7690,129
7692,48
7693,176
7696,240
7699,166
7700,50
7702,147
7703,107
7705,84
7706,108
7708,48
7709,187
7712,186
7715,196
7716,47
7718,116
7719,95
7721,87
7722,131
7724,50
7725,164
7728,240
7731,176
7732,29
7734,113
7735,84
7737,75
7738,112
7740,46
7741,181
7744,218
7747,189
7748,41
7750,135
7751,93
7753,91
7754,144
7756,38
7757,143
7760,196
7763,179
7764,37
7766,138
7767,96
7769,91
7770,108
7772,51
7773,164
7776,227
7779,180
7780,56
7782,138
7783,75
7785,84
7786,132
7788,42
7789,171
7792,217
7795,155
7796,41
7798,128
7799,89
7801,75
7802,135
7804,42
7805,173
7808,246
7811,190
7812,41
7814,126
7815,104
7817,110
7818,135
7820,36
7821,155
7824,218
7827,178
7828,34
7830,143
7831,82
7833,77
7834,112
7836,36
7837,195
7840,200
7843,186
7844,37
7846,123
7847,80
7849,78
7850,129
7852,46
7853,174
7856,226
7859,126
7860,33
7862,130
7863,87
7865,71
7866,108
7868,53
7869,166
7872,217
7875,179
7876,43
7878,118
7879,85
7881,90
7882,113
7884,43
7885,146
7888,238
7891,176
7892,46
7894,97
7895,95
7897,90
7898,106
7900,39
7901,172
7904,201
7907,188
7908,43
7910,132
7911,73
7913,95
7914,140
7916,40
7917,143
7920,210
7923,148
7924,38
7926,112
7927,84
7929,80
7930,115
7932,37
7933,183
7936,195
7939,174
7940,54
7942,108
7943,83
7945,74
7946,130
7948,39
7949,167
7952,207
7955,151
7956,36
7958,119
7959,94
7961,69
7962,126
7964,40
7965,164
7968,201
7971,186
7972,45
7974,112
7975,84
7977,75
7978,120
7980,45
7981,154
7984,213
7987,145
7988,38
7990,131
7991,84
7993,67
7994,114
7996,39
7997,172
8000,211
8003,175
8004,33
8006,106
8007,82
8009,87
8010,121
8012,34
8013,160
8016,203
8019,141
8020,47
8022,131
8023,86
8025,80
8026,112
8028,47
8029,157
8032,205
8035,174
8036,37
8038,99
8039,69
8041,82
8042,125
8044,39
8045,163
8048,211
8051,169
8052,38
8054,123
8055,96
8057,86
8058,122
8060,44
8061,170
8064,194
8067,193
8068,41
8070,107
8071,84
8073,94
8074,117
8076,40
8077,143
8080,186
8083,157
8084,34
8086,104
8087,99
8089,72
8090,92
8092,49
8093,163
8096,206
8099,156
8100,33
8102,127
8103,83
8105,94
8106,112
8108,36
8109,179
8112,230
8115,134
8116,42
8118,116
8119,88
8121,97
8122,112
8124,32
8125,157
8128,181
8131,166
8132,37
8134,106
8135,79
8137,69
8138,134
8140,39
8141,136
8144,222
8147,152
8148,37
8150,130
8151,74
8153,70
8154,110
8156,34
8157,174
8160,196
8163,168
8164,42
8166,95
8167,87
8169,76
8170,123
8172,35
8173,143
8176,197
8179,153
8180,30
8182,111
8183,93
8185,89
8186,129
8188,43
8189,162
8192,202
8195,159
8196,33
8198,107
8199,70
8201,83
8202,117
8204,39
8205,149
8208,219
8211,142
8212,37
8214,116
8215,116
8217,88
8218,102
8220,42
8221,137
8224,184
8227,205
8228,39
8230,114
8231,82
8233,94
8234,115
8236,41
8237,151
8240,211
8243,154
8244,22
8246,116
8247,89
8249,69
8250,129
8252,52
8253,176
8256,182
8259,158
8260,48
8262,130
8263,98
8265,83
8266,136
8268,37
8269,149
8272,208
8275,144
8276,34
8278,127
8279,75
8281,86
8282,123
8284,39
8285,158
8288,199
8291,163
8292,39
8294,125
8295,64
8297,77
8298,113
8300,37
8301,134
8304,217
8307,170
8308,44
8310,116
8311,100
8313,76
8314,122
8316,37
8317,161
8320,188
8323,154
8324,45
8326,119
8327,86
8329,57
8330,124
8332,37
8333,150
8336,190
8339,154
8340,41
8342,132
8343,92
8345,74
8346,120
8348,46
8349,167
8352,182
8355,161
8356,42
8358,119
8359,95
8361,72
8362,117
8364,33
8365,137
8368,213
8371,143
8372,35
8374,122
8375,69
8377,79
8378,106
8380,47
8381,164
8384,182
8387,158
8388,43
8390,127
8391,76
8393,98
8394,122
8396,41
8397,150
8400,212
8403,172
8404,29
8406,126
8407,78
8409,74
8410,135
8412,42
8413,147
8416,179
8419,158
8420,48
8422,128
8423,72
8425,73
8426,128
8428,39
8429,131
8432,219
8435,132
8436,37
8438,117
8439,75
8441,79
8442,111
8444,41
8445,175
8448,176
8451,157
8452,52
8454,109
8455,70
8457,86
8458,139
8460,39
8461,136
8464,205
8467,158
8468,47
8470,112
8471,85
8473,79
8474,116
8476,46
8477,165
8480,199
8483,177
8484,39
8486,122
8487,70
8489,64
8490,114
8492,41
8493,165
8496,181
8499,166
8500,35
8502,110
8503,68
8505,86
8506,112
8508,44
8509,157
8512,188
8515,154
8516,39
8518,112
8519,72
8521,102
8522,126
8524,35
8525,167
8528,183
8531,143
8532,36
8534,117
8535,94
8537,80
8538,110
8540,34
8541,175
8544,193
8547,150
8548,52
8550,129
8551,80
8553,80
8554,120
8556,46
8557,152
8560,192
8563,146
8564,40
8566,98
8567,84
8569,76
8570,113
8572,36
8573,154
8576,202
8579,155
8580,40
8582,100
8583,88
8585,83
8586,125
8588,21
8589,152
8592,174
8595,138
8596,37
8598,126
8599,82
8601,73
8602,110
8604,45
8605,137
8608,179
8611,158
8612,41
8614,99
8615,65
8617,78
8618,130
8620,27
8621,141
8624,200
8627,133
8628,29
8630,136
8631,67
8633,63
8634,94
8636,36
8637,154
8640,172
8643,153
8644,22
8646,118
8647,78
8649,65
8650,111
8652,28
8653,128
8656,180
8659,123
8660,35
8662,102
8663,72
8665,80
8666,81
8668,30
8669,149
8672,143
8675,147
8676,31
8678,100
8679,69
8681,72
8682,104
8684,36
8685,138
8688,175
8691,123
8692,36
8694,107
8695,68
8697,45
8698,90
8700,41
8701,146
8704,129
8707,138
8708,32
8710,76
8711,68
8713,69
8714,91
8716,28
8717,115
8720,172
8723,122
8724,31
8726,101
8727,68
8729,52
8730,86
8732,36
8733,122
8736,133
8739,123
8740,30
8742,94
8743,40
8745,59
8746,99
8748,24
8749,104
8752,154
8755,111
8756,35
8758,72
8759,45
8761,54
8762,86
8764,35
8765,132
8768,142
8771,93
8772,27
8774,92
8775,56
8777,54
8778,80
8780,28
8781,91
8784,128
8787,95
8788,28
8790,77
8791,55
8793,41
8794,74
8796,26
8797,111
8800,133
8803,106
8804,28
8806,68
8807,40
8809,42
8810,56
8812,21
8813,103
8816,124
8819,87
8820,28
8822,71
8823,51
8825,40
8826,74
8828,22
8829,98
8832,107
8835,86
8836,22
8838,55
8839,34
8841,35
8842,57
8844,18
8845,81
8848,97
8851,72
8852,20
8854,65
8855,43
8857,31
8858,56
8860,19
8861,81
8864,77
8867,75
8868,22
8870,58
8871,35
8873,35
8874,54
8876,24
8877,83
8880,70
8883,68
8884,10
8886,50
8887,34
8889,28
8890,49
8892,22
8893,69
8896,76
8899,70
8900,16
8902,45
8903,23
8905,24
8906,32
8908,20
8909,50
8912,89
8915,60
8916,9
8918,49
8919,28
8921,32
8922,37
8924,16
8925,48
8928,64
8931,41
8932,6
8934,32
8935,20
8937,23
8938,42
8940,8
8941,54
8944,69
8947,49
8948,15
8950,30
8951,22
8953,28
8954,35
8956,15
8957,40
8960,48
8963,47
8964,13
8966,24
8967,17
8969,19
8970,36
8972,9
8973,40
8976,42
8979,38
8980,8
8982,23
8983,21
8985,17
8986,23
8988,8
8989,40
8992,46
8995,31
8996,7
8998,23
8999,12
9001,18
9002,28
9004,12
9005,36
9008,32
9011,23
9012,10
9014,22
9015,23
9017,16
9018,22
9020,7
9021,26
9024,26
9027,32
9028,9
9030,25
9031,10
9033,13
9034,30
9036,6
9037,25
9040,37
9043,25
9044,5
9046,14
9047,9
9049,12
9050,9
9052,6
9053,21
9056,28
9059,22
9060,4
9062,17
9063,8
9065,7
9066,12
9068,3
9069,14
9072,32
9075,20
9076,6
9078,14
9079,9
9081,9
9082,15
9084,3
9085,21
9088,19
9091,21
9092,4
9094,12
9095,10
9097,3
9098,14
9100,2
9101,15
9104,21
9107,10
9108,3
9110,12
9111,10
9113,4
9114,5
9116,6
9117,13
9120,11
9123,13
9124,3
9126,9
9127,4
9129,7
9130,6
9132,4
9133,8
9136,10
9139,11
9142,6
9143,5
9145,6
9146,8
9148,2
9149,5
9152,8
9155,10
9156,4
9158,7
9159,8
9161,5
9162,3
9164,2
9165,15
9168,5
9171,4
9174,5
9175,4
9177,2
9178,2
9180,1
9181,6
9184,10
9187,6
9188,2
9190,8
9191,2
9193,7
9194,4
9196,1
9197,5
9200,4
9203,3
9204,1
9207,2
9209,3
9210,6
9212,1
9213,7
9216,6
9219,3
9220,1
9222,6
9223,1
9225,1
9226,1
9229,7
9232,5
9235,4
9238,1
9239,2
9241,2
9242,2
9245,2
9248,5
9251,11
9252,3
9254,2
9255,2
9257,2
9258,1
9261,1
9264,1
9267,6
9270,4
9273,2
9274,4
9276,1
9277,4
9280,5
9283,3
9286,1
9287,1
9289,1
9290,2
9293,2
9296,2
9299,5
9302,4
9306,1
9308,2
9309,3
9312,4
9315,3
9318,2
9319,1
9321,4
9325,3
9328,1
9331,4
9334,3
9335,2
9337,2
9338,3
9341,2
9344,2
9347,4
9350,3
9351,1
9353,1
9354,1
9356,1
9360,2
9363,2
9367,1
9370,1
9372,1
9373,2
9379,1
9380,1
9383,1
9386,3
9389,2
9392,1
9395,2
9401,2
9404,3
9405,2
9408,3
9411,1
9417,3
9418,1
9421,3
9424,1
9427,2
9430,1
9437,1
9440,1
9443,1
9446,1
9447,1
9450,1
9456,1
9459,1
9462,1
9463,2
9465,1
9472,1
9475,4
9482,1
9485,1
9488,2
9491,2
9497,2
9498,3
9501,1
9504,2
9511,1
9513,1
9517,2
9520,3
9523,1
9524,1
9526,1
9530,3
9539,2
9542,1
9543,1
9545,1
9549,1
9552,1
9555,3
9559,1
9561,1
9568,1
9581,1
9584,3
9587,1
9591,1
9597,1
9606,2
9610,2
9613,1
9616,1
9619,1
9622,1
9623,1
9628,1
9629,2
9632,1
9635,1
9638,1
9642,1
9645,1
9648,1
9651,2
9652,1
9654,1
9658,1
9670,2
9673,1
9683,2
9686,1
9690,2
9692,1
9699,1
9702,1
9709,1
9712,2
9722,1
9725,1
9728,1
9734,2
9747,1
9750,1
9753,1
9763,2
9770,1
9792,1
9799,2
9801,1
9804,1
9805,3
9814,2
9817,1
9818,3
9821,3
9824,3
9827,2
9831,1
9843,1
9844,1
9846,1
9847,1
9850,1
9859,2
9860,1
9862,1
9872,3
9876,1
9882,2
9888,1
9891,1
9898,1
9904,1
9907,1
9914,1
9916,1
9917,1
9924,1
9926,1
9927,1
9933,1
9936,1
9946,1
9949,1
9952,1
9961,1
9965,1
9971,3
9978,1
9984,1
9990,2
9997,1
10007,2
10009,1
10013,2
10022,1
10026,4
10029,1
10042,1
10045,1
10052,1
10058,1
10064,3
10074,1
10080,1
10086,2
10093,1
10099,1
10124,1
10131,1
10138,1
10141,1
10144,1
10147,1
10173,1
10176,1
10182,3
10185,1
10199,1
10205,1
10211,1
10224,2
10227,1
10234,1
10236,1
10237,1
10240,1
10243,1
10246,1
10247,1
10249,2
10250,1
10253,1
10256,1
10259,2
10260,2
10266,1
10272,1
10282,1
10285,1
10288,1
10291,1
10295,1
10298,1
10300,1
10307,3
10324,3
10342,1
10343,1
10348,1
10355,2
10356,1
10358,1
10361,1
10365,2
10371,1
10381,1
10393,2
10394,2
10397,1
10400,1
10412,1
10413,1
10416,1
10426,1
10470,1
10480,1
10496,1
10500,1
10503,1
10509,1
10512,1
10532,1
10534,1
10541,1
10547,1
10557,1
10560,2
10563,1
10566,1
10570,1
10573,1
10586,1
10589,1
10602,1
10605,1
10608,1
10627,1
10628,1
10630,2
10631,1
10646,1
10679,1
10685,3
10691,1
10697,1
10701,1
10704,1
10711,1
10730,2
10748,1
10749,1
10755,1
10762,1
10764,1
10768,2
10780,1
10787,1
10797,1
10832,2
10838,1
10841,1
10845,3
10848,2
10864,1
10867,2
10870,1
10884,1
10886,1
10890,1
10916,1
10928,1
10931,1
10957,2
10963,1
10966,2
10976,1
10985,1
10986,3
10988,1
11005,2
11008,1
11011,2
11017,1
11030,1
11034,2
11040,1
11050,1
11059,1
11062,1
11066,1
11072,1
11085,1
11095,1
11139,1
11149,1
11152,1
11158,3
11165,2
11196,1
11210,2
11216,1
11222,1
11245,1
11277,1
11289,1
11299,1
11308,1
11325,1
11338,1
11382,1
11399,1
11421,1
11424,1
11427,1
11434,1
11443,1
11456,1
11462,1
11469,2
11484,1
11516,1
11526,1
11545,1
11552,2
11555,3
11565,1
11584,1
11590,1
11600,1
11616,2
11619,1
11642,1
11699,1
11706,1
11741,1
11744,1
11767,1
11773,1
11782,1
11811,1
11812,1
11821,1
11830,1
11859,1
11862,2
11869,1
11898,1
11904,1
11907,1
11914,1
11926,1
11978,1
12022,1
12028,1
12083,1
12160,1
12233,1
12256,1
12326,1
12333,1
12393,1
12406,1
12444,1
12445,1
12503,1
12528,1
12605,1
12694,1
12832,1
12889,1
12931,1
13069,1
13757,1
13891,1
13990,1
