# Samples: 281861, Average: 28431.0 ns, StdDev: 8703.1 ns, Quartiles: 19309.0/32538.0/33629.0 ns
8998,1
9008,1
9037,2
9046,1
9088,1
9095,1
9098,2
9114,2
9117,2
9120,1
9126,1
9142,1
9145,2
9146,1
9152,1
9158,3
9159,1
9165,1
9178,1
9181,1
9190,1
9197,1
9203,2
9207,1
9209,1
9216,1
9223,1
9232,1
9241,1
9242,1
9248,1
9267,1
9268,1
9283,1
9287,1
9293,2
9296,1
9299,1
9303,1
9306,2
9316,1
9319,1
9322,1
9334,1
9354,1
9360,2
9363,1
9370,2
9376,1
9379,1
9385,1
9389,1
9395,1
9404,1
9408,1
9417,1
9421,3
9431,1
9433,1
9440,1
9443,1
9446,1
9449,1
9462,1
9463,1
9472,1
9479,1
9484,1
9491,2
9497,1
9498,1
9504,1
9507,1
9511,1
9516,1
9517,1
9529,1
9530,1
9533,1
9536,1
9542,1
9546,1
9549,3
9552,1
9555,2
9562,1
9568,2
9571,3
9574,1
9581,2
9584,1
9587,3
9606,1
9607,1
9609,1
9613,4
9620,1
9623,1
9625,1
9629,1
9632,3
9635,1
9636,1
9642,1
9648,1
9651,1
9652,1
9654,1
9664,3
9677,1
9683,1
9684,1
9687,1
9690,2
9709,1
9721,1
9725,1
9737,1
9747,1
9751,1
9754,3
9760,2
9767,2
9772,1
9776,1
9783,1
9792,2
9795,1
9805,1
9811,2
9814,1
9815,1
9817,1
9824,1
9831,1
9833,1
9837,2
9850,3
9853,1
9869,1
9878,1
9881,1
9882,1
9885,1
9888,3
9891,1
9894,1
9898,3
9900,1
9901,2
9917,1
9920,2
9926,1
9927,1
9929,1
9933,3
9939,1
9958,2
9962,1
9964,1
9968,3
9972,1
9981,1
9984,2
9990,1
9991,1
9997,2
10004,2
10007,1
10012,1
10016,4
10023,1
10035,1
10036,2
10042,1
10045,1
10054,1
10055,1
10057,2
10060,3
10061,2
10070,3
10083,1
10096,3
10099,1
10102,2
10112,3
10116,1
10119,1
10125,2
10131,1
10135,1
10138,2
10144,2
10150,1
10156,1
10157,2
10163,1
10166,1
10176,1
10185,1
10189,2
10198,1
10205,1
10208,1
10218,1
10221,1
10227,2
10230,1
10234,1
10240,2
10246,1
10250,2
10253,1
10259,1
10265,1
10272,2
10282,1
10285,1
10288,1
10298,1
10304,2
10310,2
10311,1
10314,2
10316,1
10330,2
10336,1
10343,1
10346,1
10348,2
10352,1
10355,2
10362,1
10365,1
10368,1
10387,1
10394,2
10400,1
10406,1
10412,1
10419,2
10426,1
10432,2
10444,1
10451,1
10457,1
10458,1
10467,1
10471,1
10476,1
10477,1
10493,2
10496,1
10502,2
10503,1
10509,1
10515,1
10521,1
10522,1
10528,1
10535,1
10540,1
10541,3
10544,1
10553,1
10560,4
10563,2
10566,1
10572,2
10579,1
10585,1
10592,1
10598,1
10611,1
10618,2
10624,3
10634,1
10650,1
10660,1
10662,2
10669,2
10672,3
10675,1
10678,2
10681,2
10688,3
10691,1
10692,1
10694,1
10701,2
10704,1
10710,1
10726,1
10729,1
10730,2
10736,1
10739,3
10740,1
10745,3
10746,1
10749,1
10752,4
10758,1
10759,1
10761,1
10762,1
10764,1
10765,3
10771,4
10774,2
10775,1
10777,1
10778,2
10781,1
10784,1
10787,1
10790,1
10791,2
10797,1
10800,2
10803,4
10806,1
10809,1
10810,1
10813,1
10816,2
10822,1
10823,3
10825,1
10826,1
10828,3
10829,3
10832,3
10835,4
10838,1
10839,1
10841,1
10842,1
10845,4
10848,11
10852,1
10854,3
10855,2
10857,1
10861,4
10867,3
10868,1
10871,1
10874,2
10876,1
10877,1
10880,2
10883,1
10887,4
10889,1
10890,1
10892,1
10893,6
10896,2
10899,3
10902,3
10905,1
10906,5
10909,1
10912,7
10915,3
10918,1
10919,3
10922,3
10924,1
10925,6
10928,2
10931,4
10932,2
10935,2
10937,1
10938,2
10940,3
10941,2
10944,8
10947,1
10950,3
10951,1
10953,1
10954,5
10956,1
10957,6
10960,3
10963,3
10964,3
10969,4
10970,2
10973,4
10976,8
10979,2
10982,8
10983,4
10985,1
10986,1
10988,3
10989,4
10992,4
10995,5
10996,1
10998,5
10999,1
11001,1
11002,8
11004,1
11005,3
11008,10
11011,6
11012,1
11014,2
11015,4
11017,3
11018,4
11020,4
11021,9
11024,4
11027,11
11028,2
11030,2
11031,2
11033,3
11034,3
11036,1
11037,4
11040,10
11043,2
11044,2
11046,4
11047,7
11049,2
11050,2
11052,2
11053,12
11056,4
11059,11
11060,3
11062,3
11063,5
11065,3
11066,8
11068,1
11069,5
11072,11
11075,4
11076,1
11078,7
11079,5
11081,2
11082,5
11084,1
11085,12
11088,7
11091,14
11092,1
11094,1
11097,4
11098,11
11100,1
11101,4
11104,13
11107,8
11110,9
11111,3
11113,1
11114,5
11116,1
11117,10
11120,6
11123,14
11124,5
11126,2
11127,1
11129,7
11130,11
11132,1
11133,4
11136,11
11139,4
11140,1
11142,8
11143,3
11145,5
11146,6
11148,5
11149,11
11152,4
11155,13
11156,2
11158,6
11159,1
11161,5
11162,9
11164,2
11168,16
11171,5
11172,2
11174,7
11175,4
11177,1
11178,4
11180,6
11181,14
11184,7
11187,12
11188,5
11190,3
11191,3
11193,9
11194,7
11197,10
11200,14
11203,4
11204,3
11206,13
11207,10
11209,6
11210,3
11212,2
11213,12
11216,13
11219,17
11220,6
11222,6
11223,2
11225,9
11226,11
11229,6
11232,15
11235,5
11238,7
11239,5
11241,2
11242,6
11244,4
11245,16
11248,15
11251,11
11252,3
11254,6
11255,2
11257,7
11258,12
11260,4
11261,6
11264,26
11267,5
11268,1
11270,14
11271,8
11274,5
11276,3
11277,11
11280,13
11283,21
11284,3
11286,10
11289,8
11290,11
11292,3
11293,9
11296,22
11299,8
11300,2
11302,16
11303,8
11305,7
11306,4
11308,8
11309,19
11312,6
11315,18
11316,4
11318,2
11321,12
11322,12
11325,4
11328,14
11331,6
11332,2
11334,14
11335,11
11337,5
11338,7
11340,2
11341,11
11344,18
11347,21
11348,6
11350,5
11351,8
11353,17
11354,9
11356,4
11357,9
11360,21
11363,11
11364,3
11366,10
11367,9
11369,3
11370,6
11372,4
11373,20
11376,12
11379,18
11380,6
11382,5
11383,5
11385,14
11386,16
11388,2
11389,10
11392,31
11395,10
11396,4
11398,14
11399,13
11401,5
11402,6
11404,4
11405,29
11408,16
11411,23
11412,7
11414,11
11415,2
11417,7
11418,15
11420,1
11421,9
11424,30
11427,7
11428,2
11430,17
11431,15
11433,8
11434,10
11437,9
11440,17
11443,24
11444,4
11446,5
11447,5
11449,12
11450,26
11452,2
11453,13
11456,27
11459,13
11460,3
11462,12
11463,12
11465,9
11466,9
11468,4
11469,25
11472,20
11475,24
11476,9
11478,10
11479,5
11481,10
11482,20
11484,2
11485,7
11488,30
11491,10
11492,4
11494,14
11495,16
11497,5
11498,11
11500,8
11501,35
11504,18
11507,28
11508,5
11510,8
11511,5
11513,16
11514,20
11516,2
11517,13
11520,34
11523,16
11524,7
11526,19
11527,17
11529,7
11530,7
11532,5
11533,32
11536,17
11539,27
11540,6
11542,15
11543,7
11545,11
11546,19
11548,6
11549,14
11552,50
11555,18
11556,3
11558,17
11559,11
11561,13
11562,8
11564,7
11565,34
11568,16
11571,45
11572,8
11574,14
11575,8
11577,24
11578,32
11580,3
11581,19
11584,45
11587,16
11588,4
11590,27
11591,11
11593,5
11594,17
11596,12
11597,34
11600,27
11603,30
11604,12
11606,16
11607,6
11609,21
11610,38
11612,3
11613,10
11616,40
11619,19
11620,1
11622,31
11623,21
11625,15
11626,19
11628,14
11629,40
11632,21
11635,40
11636,12
11638,11
11639,5
11641,16
11642,20
11644,7
11645,20
11648,55
11651,16
11652,5
11654,37
11655,20
11657,7
11658,14
11660,8
11661,41
11664,23
11667,43
11668,7
11670,15
11671,5
11673,22
11674,33
11676,6
11677,25
11680,47
11683,20
11684,2
11686,26
11687,24
11689,12
11690,14
11692,13
11693,36
11696,20
11699,46
11700,9
11702,15
11703,8
11705,22
11706,27
11708,4
11709,26
11712,61
11715,16
11716,5
11718,30
11719,17
11721,9
11722,18
11724,10
11725,50
11728,27
11731,37
11732,6
11734,20
11735,6
11737,22
11738,27
11740,5
11741,12
11744,44
11747,18
11748,3
11750,26
11751,21
11753,11
11754,24
11756,7
11757,56
11760,29
11763,39
11764,12
11766,10
11767,7
11769,18
11770,36
11772,4
11773,18
11776,42
11779,10
11780,9
11782,27
11783,16
11785,10
11786,6
11788,10
11789,41
11792,27
11795,46
11796,10
11798,11
11799,8
11801,23
11802,32
11804,3
11805,15
11808,44
11811,18
11812,4
11814,29
11815,21
11817,9
11818,17
11820,8
11821,41
11824,25
11827,42
11828,13
11830,11
11831,5
11833,20
11834,28
11836,7
11837,19
11840,45
11843,21
11844,3
11846,33
11847,17
11849,11
11850,13
11852,8
11853,29
11856,21
11859,40
11860,6
11862,17
11863,17
11865,21
11866,36
11868,9
11869,27
11872,68
11875,19
11876,10
11878,34
11879,18
11881,9
11882,11
11884,16
11885,48
11888,23
11891,45
11892,9
11894,24
11895,12
11897,29
11898,29
11900,4
11901,24
11904,73
11907,28
11908,7
11910,30
11911,27
11913,13
11914,11
11916,15
11917,48
11920,31
11923,50
11924,9
11926,16
11927,11
11929,25
11930,35
11932,2
11933,13
11936,59
11939,23
11940,11
11942,35
11943,19
11945,11
11946,18
11948,14
11949,44
11952,30
11955,49
11956,12
11958,19
11959,22
11961,33
11962,30
11964,6
11965,24
11968,62
11971,21
11972,6
11974,51
11975,26
11977,9
11978,16
11980,12
11981,53
11984,27
11987,50
11988,17
11990,16
11991,9
11993,34
11994,35
11996,5
11997,23
12000,74
12003,22
12004,5
12006,43
12007,26
12009,10
12010,21
12012,17
12013,58
12016,27
12019,52
12020,11
12022,17
12023,8
12025,40
12026,44
12028,4
12029,21
12032,80
12035,27
12036,10
12038,32
12039,29
12041,5
12042,15
12044,19
12045,61
12048,24
12051,69
12052,11
12054,20
12055,13
12057,22
12058,40
12060,6
12061,25
12064,74
12067,27
12068,8
12070,44
12071,37
12073,16
12074,24
12076,19
12077,45
12080,27
12083,72
12084,9
12086,19
12087,10
12089,16
12090,44
12092,6
12093,29
12096,67
12099,26
12100,4
12102,44
12103,27
12105,16
12106,24
12108,17
12109,76
12112,27
12115,64
12116,10
12118,28
12119,10
12121,29
12122,37
12124,8
12125,26
12128,64
12131,30
12132,7
12134,49
12135,25
12137,13
12138,20
12140,10
12141,54
12144,23
12147,53
12148,14
12150,16
12151,11
12153,35
12154,38
12156,5
12157,26
12160,87
12163,25
12164,8
12166,43
12167,21
12169,9
12170,23
12172,21
12173,49
12176,23
12179,59
12180,14
12182,22
12183,11
12185,26
12186,45
12188,8
12189,14
12192,79
12195,30
12196,4
12198,40
12199,30
12201,18
12202,18
12204,10
12205,61
12208,29
12211,50
12212,15
12214,17
12215,12
12217,19
12218,56
12220,8
12221,20
12224,73
12227,27
12228,7
12230,37
12231,18
12233,19
12234,20
12236,11
12237,63
12240,24
12243,60
12244,11
12246,19
12247,11
12249,32
12250,40
12252,1
12253,24
12256,72
12259,32
12260,4
12262,46
12263,30
12265,12
12266,16
12268,12
12269,50
12272,40
12275,60
12276,14
12278,23
12279,11
12281,27
12282,50
12284,8
12285,24
12288,70
12291,27
12292,6
12294,49
12295,31
12297,13
12298,16
12300,13
12301,62
12304,25
12307,64
12308,11
12310,15
12311,16
12313,26
12314,31
12316,5
12317,19
12320,70
12323,19
12324,5
12326,43
12327,23
12329,9
12330,27
12332,11
12333,53
12336,26
12339,56
12340,14
12342,17
12343,21
12345,21
12346,41
12348,2
12349,26
12352,76
12355,30
12356,3
12358,38
12359,35
12361,13
12362,15
12364,27
12365,60
12368,37
12371,58
12372,14
12374,18
12375,14
12377,24
12378,39
12380,7
12381,32
12384,76
12387,37
12388,3
12390,36
12391,21
12393,9
12394,20
12396,11
12397,58
12400,35
12403,68
12404,16
12406,19
12407,13
12409,36
12410,38
12412,6
12413,27
12416,75
12419,27
12420,10
12422,38
12423,22
12425,19
12426,12
12428,12
12429,64
12432,34
12435,55
12436,11
12438,29
12439,14
12441,20
12442,37
12444,4
12445,26
12448,84
12451,29
12452,2
12454,56
12455,26
12457,9
12458,19
12460,17
12461,74
12464,39
12467,57
12468,8
12470,19
12471,16
12473,35
12474,32
12476,9
12477,22
12480,79
12483,26
12484,7
12486,43
12487,34
12489,12
12490,18
12492,19
12493,56
12496,37
12499,54
12500,17
12502,28
12503,19
12505,21
12506,55
12508,13
12509,31
12512,71
12515,25
12516,9
12518,38
12519,31
12521,8
12522,36
12524,14
12525,68
12528,32
12531,65
12532,13
12534,21
12535,13
12537,24
12538,47
12540,8
12541,22
12544,59
12547,31
12548,8
12550,35
12551,23
12553,6
12554,26
12556,17
12557,58
12560,46
12563,69
12564,12
12566,25
12567,10
12569,28
12570,54
12572,16
12573,33
12576,80
12579,19
12580,6
12582,47
12583,17
12585,16
12586,16
12588,12
12589,61
12592,39
12595,70
12596,19
12598,21
12599,14
12601,30
12602,47
12604,9
12605,36
12608,71
12611,22
12612,5
12614,51
12615,36
12617,15
12618,23
12620,17
12621,69
12624,30
12627,64
12628,8
12630,17
12631,17
12633,31
12634,46
12636,5
12637,16
12640,70
12643,24
12644,9
12646,38
12647,43
12649,11
12650,18
12652,12
12653,75
12656,29
12659,71
12660,11
12662,25
12663,7
12665,32
12666,48
12668,5
12669,27
12672,67
12675,29
12676,8
12678,35
12679,34
12681,12
12682,24
12684,13
12685,70
12688,36
12691,63
12692,18
12694,17
12695,9
12697,33
12698,37
12700,4
12701,20
12704,77
12707,24
12708,7
12710,38
12711,20
12713,5
12714,20
12716,13
12717,43
12720,33
12723,53
12724,14
12726,17
12727,10
12729,20
12730,33
12732,7
12733,32
12736,65
12739,18
12740,7
12742,38
12743,32
12745,8
12746,17
12748,17
12749,70
12752,30
12755,57
12756,13
12758,17
12759,8
12761,38
12762,39
12764,4
12765,23
12768,69
12771,24
12772,4
12774,40
12775,22
12777,12
12778,21
12780,9
12781,39
12784,35
12787,57
12788,12
12790,18
12791,13
12793,26
12794,54
12796,3
12797,26
12800,78
12803,24
12804,8
12806,46
12807,29
12809,14
12810,24
12812,13
12813,48
12816,35
12819,62
12820,22
12822,22
12823,14
12825,37
12826,51
12828,4
12829,29
12832,62
12835,20
12836,7
12838,38
12839,31
12841,11
12842,22
12844,24
12845,56
12848,36
12851,49
12852,15
12854,26
12855,12
12857,33
12858,61
12860,9
12861,36
12864,84
12867,26
12868,6
12870,51
12871,33
12873,11
12874,17
12876,13
12877,59
12880,40
12883,56
12884,9
12886,20
12887,11
12889,27
12890,38
12892,6
12893,17
12896,81
12899,32
12900,6
12902,44
12903,43
12905,14
12906,27
12908,21
12909,63
12912,32
12915,68
12916,20
12918,19
12919,15
12921,27
12922,54
12924,6
12925,37
12928,80
12931,28
12932,10
12934,49
12935,29
12937,13
12938,21
12940,19
12941,55
12944,21
12947,52
12948,20
12950,25
12951,11
12953,34
12954,45
12956,2
12957,34
12960,86
12963,43
12964,7
12966,55
12967,38
12969,16
12970,20
12972,25
12973,63
12976,36
12979,71
12980,11
12982,26
12983,13
12985,35
12986,46
12988,4
12989,31
12992,94
12995,24
12996,6
12998,50
12999,27
13001,13
13002,30
13004,15
13005,64
13008,25
13011,66
13012,18
13014,27
13015,11
13017,37
13018,46
13020,11
13021,33
13024,73
13027,23
13028,6
13030,38
13031,28
13033,22
13034,18
13036,20
13037,66
13040,27
13043,74
13044,12
13046,20
13047,13
13049,30
13050,58
13052,15
13053,29
13056,82
13059,23
13060,6
13062,50
13063,23
13065,14
13066,11
13068,16
13069,70
13072,25
13075,65
13076,7
13078,22
13079,22
13081,35
13082,48
13084,9
13085,26
13088,77
13091,35
13092,4
13094,47
13095,28
13097,17
13098,15
13100,15
13101,46
13104,33
13107,61
13108,5
13110,24
13111,8
13113,27
13114,40
13116,5
13117,18
13120,73
13123,20
13124,9
13126,43
13127,22
13129,15
13130,16
13132,9
13133,55
13136,36
13139,57
13140,14
13142,22
13143,9
13145,34
13146,55
13148,7
13149,34
13152,76
13155,32
13156,11
13158,37
13159,28
13161,11
13162,21
13164,22
13165,56
13168,28
13171,62
13172,12
13174,18
13175,17
13177,25
13178,49
13180,3
13181,19
13184,72
13187,28
13188,7
13190,38
13191,25
13193,7
13194,21
13196,19
13197,46
13200,31
13203,35
13204,8
13206,8
13207,15
13209,22
13210,37
13212,10
13213,20
13216,68
13219,21
13220,5
13222,36
13223,31
13225,8
13226,15
13228,11
13229,53
13232,23
13235,55
13236,16
13238,17
13239,15
13241,27
13242,32
13244,3
13245,26
13248,59
13251,12
13252,5
13254,30
13255,24
13257,10
13258,22
13260,21
13261,46
13264,28
13267,61
13268,14
13270,14
13271,7
13273,21
13274,34
13276,8
13277,28
13280,67
13283,24
13284,4
13286,46
13287,31
13289,13
13290,17
13292,16
13293,56
13296,37
13299,55
13300,16
13302,29
13303,11
13305,29
13306,34
13308,6
13309,23
13312,82
13315,26
13316,8
13318,41
13319,33
13321,5
13322,22
13324,14
13325,57
13328,24
13331,55
13332,9
13334,17
13335,6
13337,20
13338,44
13340,8
13341,30
13344,76
13347,30
13348,9
13350,47
13351,25
13353,12
13354,17
13356,17
13357,52
13360,33
13363,47
13364,14
13366,24
13367,16
13369,32
13370,37
13372,7
13373,25
13376,64
13379,26
13380,4
13382,43
13383,25
13385,12
13386,18
13388,15
13389,52
13392,33
13395,53
13396,16
13398,10
13399,17
13401,35
13402,33
13404,5
13405,25
13408,73
13411,26
13412,10
13414,42
13415,18
13417,13
13418,21
13420,14
13421,64
13424,23
13427,65
13428,22
13430,16
13431,17
13433,37
13434,46
13436,6
13437,25
13440,66
13443,30
13444,4
13446,37
13447,22
13449,18
13450,11
13452,19
13453,63
13456,33
13459,65
13460,15
13462,17
13463,14
13465,29
13466,43
13468,4
13469,22
13472,76
13475,31
13476,7
13478,42
13479,23
13481,17
13482,21
13484,17
13485,56
13488,36
13491,53
13492,14
13494,25
13495,8
13497,20
13498,33
13500,6
13501,26
13504,52
13507,31
13508,6
13510,40
13511,29
13513,16
13514,17
13516,15
13517,54
13520,35
13523,53
13524,15
13526,24
13527,8
13529,40
13530,39
13532,7
13533,26
13536,65
13539,17
13540,5
13542,43
13543,17
13545,14
13546,19
13548,18
13549,55
13552,31
13555,65
13556,17
13558,17
13559,8
13561,27
13562,45
13564,7
13565,20
13568,65
13571,16
13572,4
13574,51
13575,29
13577,15
13578,21
13580,7
13581,57
13584,30
13587,53
13588,7
13590,14
13591,20
13593,24
13594,37
13596,2
13597,27
13600,65
13603,24
13604,8
13606,44
13607,37
13609,8
13610,16
13612,8
13613,46
13616,17
13619,50
13620,15
13622,14
13623,13
13625,16
13626,39
13628,3
13629,23
13632,64
13635,24
13636,7
13638,39
13639,21
13641,13
13642,14
13644,8
13645,53
13648,25
13651,49
13652,14
13654,26
13655,11
13657,23
13658,32
13661,22
13664,66
13667,26
13668,6
13670,35
13671,16
13673,12
13674,20
13676,6
13677,39
13680,26
13683,49
13684,13
13686,9
13687,15
13689,17
13690,37
13692,2
13693,21
13696,51
13699,20
13700,2
13702,32
13703,22
13705,6
13706,22
13708,13
13709,32
13712,22
13715,57
13716,8
13718,13
13719,12
13721,18
13722,38
13724,3
13725,13
13728,47
13731,9
13732,2
13734,29
13735,24
13737,7
13738,18
13740,6
13741,40
13744,26
13747,45
13748,21
13750,12
13751,12
13753,24
13754,47
13756,9
13757,16
13760,64
13763,20
13764,7
13766,33
13767,25
13769,13
13770,14
13772,9
13773,36
13776,38
13779,49
13780,13
13782,13
13783,10
13785,14
13786,31
13788,7
13789,19
13792,58
13795,21
13796,2
13798,34
13799,28
13801,12
13802,17
13804,10
13805,52
13808,28
13811,56
13812,14
13814,18
13815,14
13817,24
13818,32
13820,5
13821,27
13824,64
13827,18
13828,3
13830,29
13831,16
13833,13
13834,17
13836,9
13837,47
13840,30
13843,41
13844,9
13846,11
13847,13
13849,24
13850,35
13852,2
13853,14
13856,65
13859,21
13860,2
13862,36
13863,20
13865,8
13866,10
13868,12
13869,51
13872,31
13875,53
13876,6
13878,19
13879,16
13881,28
13882,42
13884,3
13885,19
13888,58
13891,18
13892,6
13894,27
13895,20
13897,9
13898,18
13900,15
13901,31
13904,30
13907,38
13908,16
13910,16
13911,9
13913,18
13914,40
13916,2
13917,19
13920,71
13923,28
13924,10
13926,31
13927,20
13929,8
13930,21
13932,14
13933,43
13936,28
13939,65
13940,14
13942,18
13943,14
13945,21
13946,40
13948,8
13949,15
13952,68
13955,15
13956,7
13958,39
13959,22
13961,13
13962,12
13964,7
13965,46
13968,23
13971,41
13972,7
13974,15
13975,6
13977,34
13978,30
13980,7
13981,26
13984,48
13987,31
13988,6
13990,37
13991,14
13993,14
13994,20
13996,10
13997,34
14000,30
14003,40
14004,10
14006,10
14007,9
14009,23
14010,30
14012,4
14013,20
14016,62
14019,21
14020,3
14022,36
14023,28
14025,13
14026,7
14028,9
14029,34
14032,29
14035,45
14036,10
14038,19
14039,9
14041,22
14042,39
14044,3
14045,23
14048,49
14051,15
14052,2
14054,34
14055,29
14057,9
14058,19
14060,15
14061,44
14064,29
14067,49
14068,12
14070,17
14071,6
14073,22
14074,37
14076,2
14077,15
14080,57
14083,14
14084,6
14086,29
14087,22
14089,11
14090,20
14092,12
14093,42
14096,23
14099,43
14100,10
14102,12
14103,9
14105,19
14106,48
14108,11
14109,14
14112,51
14115,17
14116,4
14118,29
14119,22
14121,13
14122,15
14124,5
14125,40
14128,23
14131,39
14132,9
14134,18
14135,6
14137,21
14138,40
14140,5
14141,22
14144,52
14147,22
14148,3
14150,26
14151,14
14153,10
14154,20
14156,8
14157,32
14160,19
14163,40
14164,14
14166,11
14167,8
14169,23
14170,23
14172,3
14173,16
14176,40
14179,17
14180,5
14182,34
14183,23
14185,8
14186,15
14188,6
14189,27
14192,24
14195,36
14196,7
14198,16
14199,5
14201,17
14202,28
14204,4
14205,20
14208,49
14211,20
14212,6
14214,32
14215,26
14217,9
14218,9
14220,7
14221,38
14224,27
14227,51
14228,17
14230,9
14231,4
14233,25
14234,29
14236,5
14237,21
14240,46
14243,19
14244,6
14246,25
14247,31
14249,7
14250,14
14252,8
14253,44
14256,17
14259,31
14260,8
14262,15
14263,11
14265,25
14266,23
14268,5
14269,15
14272,44
14275,20
14276,6
14278,26
14279,17
14281,7
14282,13
14284,7
14285,43
14288,19
14291,38
14292,6
14294,14
14295,10
14297,19
14298,19
14300,2
14301,17
14304,56
14307,19
14308,5
14310,32
14311,24
14313,13
14314,13
14316,12
14317,42
14320,21
14323,49
14324,5
14326,14
14327,7
14329,22
14330,32
14332,4
14333,23
14336,56
14339,18
14340,5
14342,22
14343,20
14345,10
14346,11
14348,6
14349,42
14352,19
14355,40
14356,11
14358,24
14359,7
14361,15
14362,30
14364,2
14365,11
14368,33
14371,16
14372,4
14374,39
14375,16
14377,11
14378,15
14380,15
14381,41
14384,19
14387,44
14388,15
14390,11
14391,8
14393,17
14394,28
14396,3
14397,19
14400,39
14403,22
14404,2
14406,25
14407,16
14409,4
14410,12
14412,9
14413,36
14416,29
14419,38
14420,13
14422,16
14423,9
14425,25
14426,36
14428,3
14429,21
14432,52
14435,21
14436,6
14438,34
14439,25
14441,8
14442,12
14444,9
14445,25
14448,26
14451,38
14452,13
14454,15
14455,15
14457,14
14458,34
14460,8
14461,20
14464,47
14467,19
14468,7
14470,36
14471,21
14473,10
14474,15
14476,7
14477,42
14480,21
14483,37
14484,11
14486,10
14487,6
14489,13
14490,41
14492,4
14493,15
14496,45
14499,20
14500,4
14502,27
14503,20
14505,8
14506,11
14508,8
14509,38
14512,23
14515,36
14516,6
14518,9
14519,12
14521,13
14522,32
14524,3
14525,21
14528,53
14531,23
14532,7
14534,26
14535,25
14537,9
14538,13
14540,9
14541,35
14544,21
14547,31
14548,10
14550,15
14551,6
14553,18
14554,24
14556,4
14557,27
14560,41
14563,19
14564,9
14566,23
14567,14
14569,5
14570,13
14572,9
14573,38
14576,19
14579,32
14580,10
14582,10
14583,2
14585,14
14586,25
14588,4
14589,12
14592,59
14595,17
14596,5
14598,30
14599,23
14601,7
14602,10
14604,10
14605,36
14608,22
14611,50
14612,11
14614,19
14615,10
14617,28
14618,30
14620,4
14621,16
14624,60
14627,12
14628,1
14630,20
14631,18
14633,6
14634,9
14636,8
14637,37
14640,23
14643,42
14644,7
14646,6
14647,9
14649,17
14650,33
14652,5
14653,14
14656,56
14659,18
14660,4
14662,20
14663,20
14665,8
14666,6
14668,5
14669,36
14672,19
14675,33
14676,16
14678,15
14679,9
14681,16
14682,26
14684,4
14685,10
14688,40
14691,19
14692,2
14694,21
14695,14
14697,6
14698,16
14700,6
14701,42
14704,17
14707,28
14708,4
14710,5
14711,10
14713,10
14714,18
14716,3
14717,18
14720,40
14723,13
14724,1
14726,24
14727,17
14729,6
14730,3
14732,9
14733,31
14736,26
14739,31
14740,10
14742,10
14743,13
14745,17
14746,27
14748,4
14749,15
14752,37
14755,19
14756,7
14758,22
14759,18
14761,8
14762,10
14764,8
14765,19
14768,16
14771,34
14772,4
14774,11
14775,7
14777,18
14778,29
14780,5
14781,21
14784,41
14787,20
14788,4
14790,30
14791,19
14793,11
14794,11
14796,6
14797,31
14800,22
14803,33
14804,4
14806,7
14807,5
14809,18
14810,27
14812,5
14813,23
14816,45
14819,14
14820,9
14822,23
14823,15
14825,8
14826,7
14828,7
14829,28
14832,25
14835,30
14836,3
14838,17
14839,8
14841,21
14842,34
14844,6
14845,17
14848,43
14851,11
14852,4
14854,23
14855,19
14857,6
14858,8
14860,11
14861,35
14864,17
14867,35
14868,6
14870,13
14871,11
14873,27
14874,19
14876,1
14877,14
14880,49
14883,12
14884,4
14886,16
14887,18
14889,11
14890,15
14892,14
14893,33
14896,25
14899,32
14900,3
14902,9
14903,6
14905,9
14906,26
14908,6
14909,16
14912,50
14915,12
14916,1
14918,36
14919,14
14921,11
14922,22
14924,10
14925,30
14928,17
14931,30
14932,6
14934,9
14935,4
14937,17
14938,28
14940,2
14941,16
14944,51
14947,20
14948,2
14950,20
14951,18
14953,6
14954,10
14956,7
14957,36
14960,17
14963,32
14964,5
14966,13
14967,7
14969,22
14970,21
14972,2
14973,11
14976,44
14979,12
14980,4
14982,26
14983,17
14985,9
14986,14
14988,5
14989,40
14992,24
14995,44
14996,11
14998,14
14999,13
15001,19
15002,30
15004,2
15005,17
15008,36
15011,22
15012,3
15014,24
15015,15
15017,10
15018,9
15020,5
15021,30
15024,19
15027,41
15028,14
15030,9
15031,7
15033,15
15034,26
15036,1
15037,13
15040,28
15043,14
15044,4
15046,17
15047,13
15049,4
15050,5
15052,4
15053,31
15056,21
15059,42
15060,8
15062,8
15063,8
15065,15
15066,30
15068,3
15069,15
15072,34
15075,16
15076,3
15078,25
15079,23
15081,2
15082,8
15084,1
15085,33
15088,22
15091,22
15092,7
15094,6
15095,7
15097,19
15098,27
15100,2
15101,8
15104,31
15107,12
15108,5
15110,28
15111,9
15113,7
15114,13
15116,6
15117,36
15120,33
15123,36
15124,6
15126,12
15127,6
15129,22
15130,25
15132,6
15133,9
15136,32
15139,10
15140,3
15142,11
15143,17
15145,7
15146,15
15148,5
15149,25
15152,13
15155,21
15156,10
15158,12
15159,3
15161,14
15162,17
15164,7
15165,10
15168,44
15171,7
15172,4
15174,10
15175,10
15177,6
15178,9
15180,5
15181,23
15184,6
15187,20
15188,1
15190,10
15191,8
15193,14
15194,21
15196,2
15197,15
15200,35
15203,13
15204,1
15206,24
15207,18
15209,3
15210,5
15212,6
15213,28
15216,19
15219,23
15220,6
15222,8
15223,4
15225,16
15226,19
15228,6
15229,14
15232,41
15235,10
15236,3
15238,26
15239,16
15241,5
15242,8
15244,4
15245,28
15248,14
15251,30
15252,6
15254,12
15255,8
15257,17
15258,27
15260,1
15261,12
15264,30
15267,13
15268,3
15270,16
15271,13
15273,6
15274,7
15276,3
15277,30
15280,17
15283,13
15284,2
15286,10
15287,9
15289,10
15290,18
15292,1
15293,18
15296,25
15299,14
15300,4
15302,19
15303,23
15305,3
15306,14
15308,5
15309,27
15312,20
15315,18
15316,7
15318,12
15319,2
15321,16
15322,22
15324,3
15325,10
15328,33
15331,10
15332,1
15334,24
15335,13
15337,6
15338,5
15340,8
15341,38
15344,12
15347,21
15348,8
15350,11
15351,4
15353,15
15354,23
15356,1
15357,8
15360,35
15363,12
15364,4
15366,28
15367,18
15369,2
15370,8
15372,6
15373,31
15376,10
15379,29
15380,2
15382,17
15383,5
15385,12
15386,16
15388,6
15389,17
15392,34
15395,10
15396,1
15398,17
15399,12
15401,10
15402,8
15404,3
15405,30
15408,11
15411,37
15412,11
15414,9
15415,5
15417,22
15418,23
15420,5
15421,14
15424,36
15427,15
15430,16
15431,17
15433,8
15434,6
15436,8
15437,23
15440,13
15443,20
15444,9
15446,9
15447,6
15449,10
15450,19
15452,5
15453,15
15456,37
15459,10
15460,4
15462,15
15463,11
15465,7
15466,9
15468,10
15469,18
15472,16
15475,24
15476,5
15478,9
15479,6
15481,15
15482,19
15484,5
15485,13
15488,38
15491,14
15492,4
15494,20
15495,10
15497,5
15498,9
15500,6
15501,15
15504,8
15507,28
15508,9
15510,4
15511,4
15513,15
15514,13
15516,4
15517,12
15520,32
15523,14
15524,3
15526,15
15527,16
15529,5
15530,7
15532,3
15533,23
15536,17
15539,32
15540,7
15542,9
15543,3
15545,16
15546,18
15548,2
15549,18
15552,27
15555,9
15558,13
15559,11
15561,7
15562,10
15564,2
15565,20
15568,16
15571,17
15572,6
15574,10
15575,4
15577,13
15578,16
15580,6
15581,14
15584,27
15587,10
15588,2
15590,20
15591,11
15593,8
15594,2
15596,5
15597,19
15600,12
15603,30
15604,3
15606,9
15609,16
15610,26
15612,4
15613,11
15616,29
15619,11
15620,2
15622,18
15623,20
15625,7
15626,12
15628,7
15629,22
15632,15
15635,22
15636,6
15638,10
15639,7
15641,15
15642,19
15644,7
15645,16
15648,20
15651,7
15652,1
15654,19
15655,13
15657,6
15658,8
15660,6
15661,26
15664,10
15667,20
15668,7
15670,6
15671,3
15673,9
15674,19
15676,8
15677,8
15680,27
15683,16
15684,3
15686,23
15687,13
15689,3
15690,8
15692,7
15693,23
15696,13
15699,26
15700,4
15702,4
15703,7
15705,12
15706,16
15708,1
15709,11
15712,39
15715,8
15716,2
15718,21
15719,13
15721,6
15722,8
15724,7
15725,20
15728,16
15731,21
15732,2
15734,8
15735,4
15737,10
15738,21
15740,1
15741,13
15744,29
15747,11
15748,4
15750,19
15751,13
15753,3
15754,10
15756,3
15757,24
15760,13
15763,16
15764,4
15766,7
15767,5
15769,14
15770,10
15772,2
15773,8
15776,25
15779,11
15780,1
15782,14
15783,12
15785,7
15786,4
15788,1
15789,22
15792,16
15795,25
15796,7
15798,9
15799,6
15801,11
15802,12
15805,14
15808,27
15811,10
15814,20
15815,12
15817,4
15818,8
15820,7
15821,22
15824,8
15827,17
15828,7
15830,7
15831,5
15833,6
15834,14
15836,4
15837,13
15840,24
15843,16
15844,2
15846,27
15847,10
15849,10
15850,10
15852,10
15853,36
15856,11
15859,34
15860,6
15862,8
15863,7
15865,11
15866,20
15868,1
15869,12
15872,26
15875,13
15876,1
15878,17
15879,6
15881,4
15882,14
15884,12
15885,17
15888,19
15891,16
15892,11
15894,5
15895,8
15897,11
15898,20
15900,5
15901,11
15904,25
15907,8
15908,2
15910,13
15911,16
15913,3
15914,11
15916,5
15917,28
15920,13
15923,33
15924,4
15926,11
15927,5
15929,11
15930,34
15933,6
15936,37
15939,14
15940,1
15942,17
15943,14
15945,7
15946,6
15948,8
15949,26
15952,15
15955,25
15956,3
15958,4
15959,3
15961,9
15962,13
15964,5
15965,11
15968,33
15971,16
15972,4
15974,18
15975,12
15977,4
15978,5
15980,3
15981,21
15984,5
15987,16
15988,7
15990,9
15991,7
15993,11
15994,16
15996,6
15997,13
16000,31
16003,10
16004,3
16006,17
16007,15
16009,3
16010,9
16012,12
16013,23
16016,14
16019,13
16020,3
16022,9
16023,3
16025,13
16026,15
16028,2
16029,6
16032,34
16035,15
16036,2
16038,16
16039,13
16041,3
16042,6
16044,2
16045,21
16048,9
16051,22
16052,6
16054,6
16055,4
16057,9
16058,16
16060,1
16061,11
16064,19
16067,2
16070,21
16071,7
16073,4
16074,6
16076,7
16077,19
16080,5
16083,25
16084,9
16086,13
16087,2
16089,17
16090,16
16092,2
16093,16
16096,24
16099,12
16100,2
16102,19
16103,8
16105,5
16106,13
16108,6
16109,17
16112,3
16115,20
16116,8
16118,7
16119,4
16121,14
16122,16
16124,4
16125,8
16128,30
16131,12
16134,17
16135,15
16137,1
16138,5
16140,8
16141,19
16144,10
16147,14
16148,5
16150,8
16151,4
16153,12
16154,19
16156,3
16157,8
16160,21
16163,14
16164,3
16166,16
16167,20
16169,5
16170,4
16172,5
16173,30
16176,6
16179,19
16180,8
16182,4
16183,3
16185,8
16186,20
16188,2
16189,5
16192,30
16195,9
16196,2
16198,14
16199,11
16201,5
16202,7
16204,6
16205,15
16208,10
16211,26
16212,1
16214,11
16215,3
16217,13
16218,17
16220,1
16221,7
16224,21
16227,9
16228,1
16230,11
16231,8
16233,8
16234,10
16236,4
16237,24
16240,15
16243,17
16244,7
16246,8
16247,2
16249,12
16250,13
16252,3
16253,12
16256,33
16259,8
16260,2
16262,21
16263,9
16265,5
16266,7
16268,8
16269,28
16272,13
16275,17
16276,6
16278,6
16279,3
16281,9
16282,17
16284,2
16285,9
16288,22
16291,12
16292,2
16294,15
16295,11
16297,7
16298,3
16300,7
16301,19
16304,15
16307,25
16308,9
16310,7
16311,6
16313,8
16314,11
16316,7
16317,11
16320,35
16323,5
16324,2
16326,23
16327,9
16329,3
16330,4
16332,3
16333,26
16336,15
16339,34
16340,4
16342,6
16343,4
16345,11
16346,20
16348,2
16349,9
16352,36
16355,14
16356,3
16358,19
16359,12
16361,4
16362,10
16364,4
16365,21
16368,11
16371,21
16372,8
16374,8
16375,7
16377,8
16378,23
16380,4
16381,9
16384,43
16387,11
16388,2
16390,17
16391,11
16393,7
16394,8
16396,6
16397,27
16400,14
16403,29
16404,3
16406,10
16407,4
16409,6
16410,16
16412,3
16413,8
16416,17
16419,13
16420,2
16422,17
16423,11
16425,3
16426,4
16428,4
16429,19
16432,11
16435,29
16436,2
16438,5
16439,7
16441,12
16442,18
16444,2
16445,11
16448,21
16451,11
16452,1
16454,20
16455,5
16457,7
16458,6
16460,12
16461,16
16464,13
16467,17
16468,7
16470,16
16471,7
16473,14
16474,14
16476,2
16477,11
16480,34
16483,8
16484,3
16486,9
16487,9
16489,4
16490,7
16492,4
16493,18
16496,10
16499,24
16500,6
16502,5
16503,5
16505,7
16506,18
16508,2
16509,6
16512,32
16515,10
16516,1
16518,20
16519,11
16521,5
16522,7
16524,3
16525,22
16528,13
16531,19
16532,4
16534,10
16535,2
16537,8
16538,20
16540,4
16541,9
16544,23
16547,6
16548,5
16550,15
16551,10
16553,2
16554,5
16556,6
16557,24
16560,14
16563,20
16564,5
16566,6
16567,2
16569,11
16570,21
16572,2
16573,10
16576,35
16579,14
16580,2
16582,18
16583,18
16585,4
16586,3
16588,3
16589,17
16592,10
16595,18
16596,1
16598,6
16599,6
16601,9
16602,9
16604,3
16605,9
16608,34
16611,18
16612,6
16614,11
16615,9
16617,4
16618,9
16620,5
16621,14
16624,11
16627,20
16628,3
16630,12
16631,9
16633,11
16634,18
16636,4
16637,6
16640,16
16643,9
16644,1
16646,9
16647,2
16649,10
16650,6
16652,1
16653,18
16656,11
16659,31
16660,12
16662,5
16663,5
16665,13
16666,18
16668,2
16669,6
16672,23
16675,7
16678,14
16679,9
16681,5
16682,5
16684,6
16685,25
16688,5
16691,18
16692,2
16694,6
16695,6
16697,16
16698,17
16700,1
16701,11
16704,22
16707,7
16708,1
16710,14
16711,6
16713,2
16714,5
16716,6
16717,23
16720,15
16723,12
16724,8
16726,7
16727,4
16729,15
16730,14
16733,9
16736,29
16739,7
16740,1
16742,13
16743,10
16745,6
16746,9
16748,7
16749,16
16752,11
16755,17
16756,7
16758,8
16759,7
16761,14
16762,13
16764,4
16765,6
16768,15
16771,11
16772,2
16774,21
16775,7
16777,2
16778,9
16780,1
16781,21
16784,8
16787,12
16788,5
16790,8
16791,10
16793,10
16794,13
16796,1
16797,14
16800,27
16803,9
16804,3
16806,14
16807,12
16809,3
16810,7
16812,5
16813,17
16816,16
16819,22
16820,7
16822,9
16823,1
16825,9
16826,10
16828,2
16829,4
16832,30
16835,10
16836,3
16838,9
16839,12
16841,5
16842,9
16844,10
16845,31
16848,23
16851,23
16852,4
16854,3
16855,5
16857,8
16858,23
16860,4
16861,12
16864,31
16867,9
16868,2
16870,7
16871,10
16873,6
16874,7
16876,5
16877,17
16880,8
16883,19
16884,9
16886,8
16887,3
16889,6
16890,13
16892,2
16893,15
16896,21
16899,10
16900,3
16902,16
16903,14
16905,3
16906,10
16908,3
16909,23
16912,12
16915,20
16916,6
16918,12
16919,6
16921,15
16922,11
16924,3
16925,12
16928,29
16931,6
16934,23
16935,7
16937,5
16938,6
16940,8
16941,24
16944,14
16947,22
16948,7
16950,5
16951,6
16953,10
16954,13
16956,2
16957,7
16960,22
16963,4
16964,1
16966,20
16967,7
16969,5
16970,7
16972,3
16973,13
16976,8
16979,14
16980,5
16982,7
16983,3
16985,18
16986,19
16988,2
16989,9
16992,22
16995,14
16996,4
16998,13
16999,14
17001,7
17002,5
17004,6
17005,22
17008,7
17011,16
17012,5
17014,9
17015,4
17017,10
17018,18
17020,1
17021,8
17024,34
17027,7
17028,1
17030,17
17031,14
17033,4
17034,6
17036,5
17037,25
17040,6
17043,15
17044,5
17046,5
17047,4
17049,8
17050,14
17052,3
17053,5
17056,21
17059,8
17060,1
17062,18
17063,8
17065,4
17066,5
17068,4
17069,23
17072,10
17075,17
17076,5
17078,9
17079,5
17081,6
17082,10
17084,5
17085,13
17088,26
17091,8
17092,2
17094,8
17095,10
17097,3
17098,9
17100,3
17101,13
17104,12
17107,16
17108,6
17110,5
17111,1
17113,12
17114,15
17116,3
17117,10
17120,18
17123,8
17124,1
17126,8
17127,13
17129,3
17130,7
17132,3
17133,13
17136,7
17139,13
17140,2
17142,5
17143,8
17145,2
17146,10
17149,3
17152,25
17155,14
17156,5
17158,14
17159,8
17161,1
17162,11
17164,4
17165,14
17168,11
17171,16
17172,6
17174,3
17175,4
17177,10
17178,9
17180,4
17181,8
17184,30
17187,8
17188,5
17190,13
17191,9
17193,4
17194,7
17197,16
17200,7
17203,21
17204,7
17206,3
17207,4
17209,12
17210,14
17212,3
17213,8
17216,26
17219,8
17222,14
17223,8
17225,8
17226,8
17228,7
17229,13
17232,7
17235,10
17236,3
17238,4
17239,6
17241,2
17242,11
17244,4
17245,7
17248,18
17251,9
17252,2
17254,15
17255,9
17257,6
17258,8
17260,1
17261,13
17264,11
17267,14
17268,5
17270,1
17271,2
17273,9
17274,15
17276,1
17277,6
17280,21
17283,6
17284,4
17286,12
17287,13
17289,5
17290,6
17292,2
17293,16
17296,15
17299,15
17300,8
17302,5
17303,6
17305,10
17306,18
17308,2
17309,10
17312,16
17315,9
17316,3
17318,17
17319,17
17321,4
17322,6
17324,5
17325,12
17328,2
17331,16
17332,2
17334,5
17335,2
17337,14
17338,8
17340,1
17341,9
17344,20
17347,8
17348,1
17350,14
17351,10
17353,5
17354,3
17356,1
17357,11
17360,9
17363,14
17364,4
17366,4
17367,4
17369,9
17370,9
17372,1
17373,11
17376,24
17379,6
17380,1
17382,9
17383,14
17385,4
17386,6
17388,3
17389,18
17392,10
17395,21
17396,3
17398,5
17399,5
17401,12
17402,18
17404,1
17405,10
17408,18
17411,7
17412,1
17414,13
17415,10
17417,3
17418,3
17420,1
17421,18
17424,7
17427,15
17428,4
17430,6
17431,1
17433,6
17434,9
17436,2
17437,10
17440,17
17443,9
17444,4
17446,13
17447,10
17449,4
17450,11
17452,1
17453,13
17456,8
17459,16
17460,4
17462,3
17463,1
17465,8
17466,11
17469,4
17472,12
17475,6
17476,1
17478,13
17479,8
17481,2
17482,6
17484,1
17485,19
17488,7
17491,11
17492,2
17494,4
17495,1
17497,5
17498,12
17500,1
17501,9
17504,17
17507,9
17508,1
17510,12
17511,7
17513,2
17514,3
17516,4
17517,17
17520,6
17523,12
17524,6
17526,10
17527,1
17529,3
17530,10
17532,1
17533,8
17536,15
17539,5
17542,12
17543,8
17545,2
17546,4
17548,1
17549,8
17552,10
17555,10
17556,3
17558,4
17559,1
17561,3
17562,14
17564,2
17565,3
17568,16
17571,7
17574,9
17575,5
17577,6
17578,4
17580,2
17581,13
17584,10
17587,12
17588,1
17590,3
17591,3
17593,6
17594,7
17596,3
17597,5
17600,20
17603,5
17604,2
17606,5
17607,5
17609,2
17610,4
17612,3
17613,7
17616,3
17619,11
17620,5
17622,5
17623,6
17625,2
17626,9
17628,2
17629,3
17632,11
17635,3
17636,2
17638,7
17639,4
17641,5
17642,1
17644,6
17645,7
17648,7
17651,14
17652,5
17654,5
17655,5
17657,7
17658,10
17661,2
17664,14
17667,4
17670,9
17671,7
17673,5
17674,3
17677,12
17680,4
17683,9
17684,3
17686,8
17687,2
17689,6
17690,9
17692,2
17693,6
17696,20
17699,5
17700,1
17702,3
17703,4
17705,5
17706,7
17708,3
17709,9
17712,5
17715,3
17716,8
17718,1
17719,3
17721,2
17722,11
17724,2
17725,4
17728,17
17731,6
17734,10
17735,7
17737,3
17738,6
17740,3
17741,10
17744,4
17747,13
17748,1
17750,5
17751,1
17753,3
17754,2
17757,9
17760,9
17763,6
17764,1
17766,12
17767,9
17769,1
17770,4
17772,1
17773,6
17776,8
17779,16
17780,9
17782,1
17783,4
17785,9
17786,6
17788,2
17789,6
17792,17
17795,3
17796,1
17798,10
17799,9
17802,4
17804,3
17805,15
17808,8
17811,16
17812,4
17814,5
17815,2
17817,6
17818,13
17820,2
17821,4
17824,12
17827,6
17828,1
17830,15
17831,5
17833,2
17834,1
17836,1
17837,13
17840,7
17843,13
17844,2
17846,3
17847,2
17849,9
17850,9
17852,2
17853,3
17856,19
17859,6
17860,2
17862,10
17863,8
17865,6
17866,3
17868,4
17869,9
17872,6
17875,8
17876,3
17878,3
17879,4
17881,5
17882,12
17885,7
17888,17
17891,7
17892,1
17894,7
17895,5
17897,1
17898,5
17901,4
17904,3
17907,11
17908,2
17910,2
17911,5
17913,8
17914,7
17916,3
17917,4
17920,14
17923,1
17924,1
17926,10
17927,5
17929,3
17930,3
17932,5
17933,15
17936,7
17939,11
17940,1
17943,1
17945,4
17946,8
17948,1
17949,2
17952,13
17955,8
17958,6
17959,8
17961,1
17962,1
17964,3
17965,15
17968,3
17971,8
17974,2
17975,2
17977,4
17978,8
17981,3
17984,14
17987,5
17988,1
17990,1
17991,3
17993,4
17994,5
17996,4
17997,13
18000,6
18003,7
18004,3
18006,4
18007,2
18009,5
18010,7
18012,1
18013,1
18016,14
18019,4
18022,6
18023,6
18025,1
18026,5
18029,11
18032,5
18035,5
18038,4
18039,1
18041,3
18042,7
18044,2
18045,6
18048,10
18051,4
18054,7
18055,4
18057,1
18058,6
18060,3
18061,10
18064,1
18067,10
18068,3
18070,2
18071,3
18073,3
18074,1
18076,2
18077,2
18080,10
18083,3
18086,11
18087,6
18089,2
18090,3
18092,2
18093,11
18096,7
18099,4
18100,1
18102,4
18103,2
18105,5
18106,4
18108,3
18109,2
18112,4
18115,3
18116,1
18118,6
18119,3
18121,2
18122,2
18124,3
18125,3
18128,1
18131,6
18132,1
18134,4
18137,2
18138,5
18140,2
18144,10
18147,8
18150,10
18151,4
18153,2
18154,2
18156,2
18157,8
18160,3
18163,7
18164,1
18166,4
18167,1
18169,5
18170,3
18172,1
18173,4
18176,9
18179,1
18180,1
18182,6
18183,5
18185,1
18186,2
18188,1
18189,4
18192,6
18195,11
18196,3
18198,4
18199,4
18202,4
18208,8
18211,6
18212,3
18214,5
18215,1
18217,2
18218,2
18221,4
18224,9
18227,7
18228,1
18230,2
18231,2
18233,5
18234,1
18236,3
18237,4
18240,9
18243,3
18246,4
18247,4
18249,2
18250,2
18253,10
18256,9
18259,5
18262,3
18263,1
18265,3
18266,5
18268,1
18269,3
18272,12
18275,2
18276,1
18278,5
18279,4
18281,1
18282,3
18284,3
18285,10
18288,2
18291,10
18292,1
18294,5
18295,3
18297,5
18298,5
18300,1
18301,2
18304,4
18307,1
18308,2
18310,4
18311,5
18313,5
18314,4
18316,2
18317,5
18320,4
18323,9
18324,4
18326,5
18327,2
18329,2
18330,7
18332,1
18333,3
18336,4
18339,4
18340,1
18342,13
18343,1
18346,2
18349,6
18352,5
18355,3
18356,1
18358,2
18359,3
18361,6
18362,4
18364,2
18365,1
18368,12
18371,5
18372,1
18374,7
18375,4
18377,5
18378,5
18381,6
18384,3
18387,3
18388,2
18390,2
18391,3
18393,7
18394,3
18396,1
18397,4
18400,12
18404,1
18406,7
18407,4
18409,1
18410,2
18413,7
18416,3
18419,5
18422,1
18425,6
18426,8
18428,1
18429,7
18432,9
18435,5
18438,6
18439,4
18441,3
18442,3
18444,2
18445,5
18448,5
18451,3
18454,3
18457,4
18458,8
18460,1
18461,3
18464,7
18467,2
18468,1
18470,7
18471,4
18473,2
18474,2
18476,2
18477,7
18480,1
18483,7
18484,5
18486,3
18487,1
18489,7
18490,3
18493,2
18496,10
18499,5
18502,4
18503,3
18505,2
18506,2
18508,2
18509,5
18512,4
18515,6
18516,2
18518,2
18521,3
18522,5
18524,1
18525,2
18528,9
18531,3
18534,3
18535,1
18537,2
18540,2
18541,5
18544,1
18547,4
18548,1
18550,5
18551,2
18553,3
18554,5
18556,1
18557,2
18560,6
18563,5
18566,5
18567,4
18569,1
18570,5
18573,4
18576,5
18579,3
18582,4
18585,3
18586,4
18588,1
18589,2
18592,7
18595,2
18596,1
18598,3
18599,2
18602,1
18604,1
18605,4
18608,2
18611,3
18612,2
18614,4
18615,2
18617,4
18618,8
18621,2
18624,11
18627,2
18628,1
18630,5
18631,2
18633,2
18634,2
18636,1
18637,7
18640,6
18643,5
18644,1
18646,1
18647,1
18649,5
18650,6
18653,2
18656,4
18662,2
18663,3
18665,2
18666,1
18669,5
18672,4
18675,8
18679,1
18681,5
18682,1
18685,1
18688,9
18691,1
18694,7
18695,3
18698,3
18700,1
18701,8
18704,3
18707,4
18708,1
18710,1
18713,1
18714,3
18716,1
18717,6
18720,9
18723,3
18726,3
18727,2
18729,1
18730,1
18732,2
18733,3
18736,4
18739,1
18740,2
18742,1
18743,2
18745,4
18746,2
18752,3
18755,3
18756,1
18759,2
18761,1
18762,1
18764,1
18765,5
18768,4
18771,5
18772,3
18774,2
18775,2
18777,4
18778,1
18780,1
18781,5
18784,10
18787,7
18790,8
18791,3
18793,2
18794,1
18796,2
18797,6
18800,7
18803,10
18806,4
18807,5
18809,2
18810,7
18812,2
18816,5
18819,2
18820,1
18822,3
18823,2
18825,1
18826,1
18828,1
18829,8
18832,5
18835,5
18836,2
18838,2
18839,4
18841,4
18842,5
18845,2
18848,10
18851,1
18852,1
18854,6
18855,4
18858,2
18860,2
18861,9
18864,2
18867,3
18868,1
18870,1
18873,5
18874,5
18876,1
18877,2
18880,8
18883,1
18884,1
18886,9
18887,2
18889,2
18890,1
18892,2
18893,5
18896,3
18899,6
18900,3
18902,1
18903,2
18905,3
18906,6
18909,1
18912,12
18915,2
18918,2
18919,3
18922,2
18924,1
18925,4
18928,2
18931,3
18932,1
18934,2
18937,1
18938,2
18941,6
18944,3
18947,2
18950,4
18951,1
18953,2
18954,3
18957,5
18960,1
18963,2
18966,2
18967,4
18969,3
18970,1
18972,2
18973,1
18976,8
18982,4
18983,4
18985,2
18986,3
18988,1
18989,6
18992,5
18995,6
18996,2
18998,2
18999,1
19001,2
19002,1
19004,2
19008,7
19011,1
19014,1
19015,1
19018,1
19020,1
19021,3
19024,6
19027,4
19028,2
19030,1
19031,3
19033,1
19034,2
19037,1
19040,6
19043,1
19050,4
19052,2
19053,2
19059,2
19060,1
19062,1
19063,2
19065,1
19066,4
19069,3
19072,7
19075,1
19076,1
19078,4
19079,5
19081,1
19082,3
19085,6
19088,4
19091,4
19092,1
19094,1
19095,1
19097,1
19098,2
19101,4
19104,7
19107,2
19110,2
19111,1
19113,2
19114,1
19116,2
19117,6
19120,1
19123,1
19124,2
19126,3
19127,1
19129,2
19130,6
19133,1
19136,6
19142,2
19143,1
19146,3
19148,1
19149,9
19152,2
19155,8
19158,2
19159,3
19162,3
19165,2
19168,5
19171,1
19175,1
19180,1
19181,5
19184,4
19187,1
19188,2
19190,1
19191,2
19193,4
19194,2
19196,1
19197,6
19200,6
19204,1
19206,3
19207,1
19210,1
19212,2
19213,3
19216,1
19219,4
19220,1
19222,2
19225,2
19226,3
19229,2
19232,8
19235,4
19238,6
19239,3
19241,4
19244,1
19245,6
19248,4
19251,4
19252,3
19255,1
19257,1
19258,2
19260,1
19261,1
19264,3
19270,3
19271,3
19274,1
19276,2
19277,4
19283,6
19284,1
19286,1
19289,1
19290,3
19293,1
19296,8
19299,2
19300,1
19302,7
19306,3
19309,4
19312,1
19315,8
19318,1
19319,1
19321,3
19322,5
19324,2
19325,2
19328,5
19331,2
19335,3
19337,1
19338,4
19340,1
19341,3
19344,1
19347,6
19348,1
19350,2
19351,1
19354,2
19356,1
19357,1
19360,6
19364,1
19366,4
19367,2
19372,2
19373,9
19376,1
19379,4
19385,3
19386,4
19389,2
19392,5
19395,2
19398,4
19399,3
19402,1
19404,1
19405,3
19408,5
19411,6
19414,2
19417,2
19418,6
19421,1
19424,6
19427,3
19428,1
19430,3
19431,2
19433,1
19434,2
19436,1
19437,4
19443,7
19444,2
19449,2
19450,3
19453,3
19456,2
19462,3
19465,1
19466,2
19468,1
19469,7
19472,3
19475,5
19478,2
19481,4
19482,3
19484,1
19485,2
19488,4
19494,2
19495,1
19497,1
19498,2
19500,4
19501,5
19504,3
19507,7
19510,1
19511,1
19513,2
19516,1
19517,2
19520,8
19523,1
19526,2
19527,2
19529,2
19530,1
19532,1
19533,2
19536,1
19539,2
19540,2
19542,2
19543,2
19546,5
19548,1
19552,4
19558,1
19562,3
19565,4
19568,3
19571,3
19572,1
19574,2
19578,5
19580,1
19581,1
19584,5
19587,3
19590,2
19591,1
19594,2
19596,4
19597,1
19600,1
19603,1
19606,2
19609,1
19610,1
19613,1
19616,4
19619,4
19620,2
19622,3
19623,4
19625,1
19626,3
19628,1
19629,6
19632,2
19635,6
19638,2
19641,3
19642,4
19644,1
19645,1
19648,4
19651,3
19652,1
19654,3
19655,3
19657,2
19658,2
19661,4
19668,2
19670,1
19671,2
19673,2
19674,2
19676,2
19677,5
19680,6
19683,4
19686,6
19687,1
19689,3
19690,1
19693,3
19696,6
19699,8
19700,1
19702,1
19703,1
19705,3
19706,5
19708,1
19709,4
19712,4
19715,3
19718,3
19719,2
19721,2
19722,3
19724,1
19725,1
19728,2
19731,2
19732,1
19734,2
19737,1
19738,7
19741,4
19744,2
19747,4
19750,4
19754,2
19756,1
19757,3
19760,2
19763,5
19764,2
19769,2
19770,3
19773,2
19776,5
19779,2
19782,3
19783,2
19788,1
19789,3
19792,2
19795,9
19796,1
19798,1
19801,5
19802,5
19804,1
19805,5
19808,4
19811,1
19814,3
19815,3
19817,4
19818,2
19821,5
19824,7
19827,3
19828,1
19830,1
19831,3
19833,4
19834,5
19837,1
19840,8
19843,2
19844,1
19846,4
19847,3
19850,1
19852,2
19853,3
19856,5
19859,5
19860,1
19863,1
19865,2
19866,5
19872,5
19875,1
19878,2
19879,4
19881,3
19882,2
19885,1
19888,3
19891,5
19894,1
19895,1
19897,7
19898,3
19901,1
19904,6
19907,2
19910,3
19911,2
19916,2
19917,7
19920,1
19923,3
19926,3
19927,2
19929,2
19930,3
19933,1
19936,1
19940,1
19942,2
19943,3
19945,1
19946,1
19949,5
19952,4
19955,4
19958,3
19959,1
19961,4
19962,5
19964,3
19965,3
19968,6
19974,7
19975,2
19977,1
19978,1
19981,6
19987,3
19991,1
19993,1
19994,6
19996,1
19997,2
20000,5
20003,1
20006,3
20007,1
20012,2
20013,3
20016,6
20020,1
20022,1
20023,3
20025,1
20026,2
20029,3
20032,3
20035,2
20038,6
20042,3
20045,2
20048,2
20051,4
20052,1
20054,1
20055,2
20057,5
20058,7
20060,1
20061,3
20064,7
20067,2
20070,2
20071,1
20073,2
20077,5
20080,4
20083,4
20084,1
20086,1
20089,2
20090,1
20093,2
20096,3
20099,1
20102,3
20103,3
20105,1
20108,1
20109,4
20115,9
20116,3
20118,1
20119,1
20121,1
20122,2
20125,1
20128,3
20131,1
20132,2
20134,2
20135,1
20137,1
20138,2
20140,2
20141,6
20144,1
20147,3
20148,2
20150,3
20151,1
20153,8
20154,6
20156,1
20157,1
20160,2
20163,4
20164,1
20166,5
20167,2
20173,3
20176,3
20179,6
20180,2
20185,1
20186,3
20189,1
20192,2
20196,1
20198,6
20199,6
20202,3
20204,2
20205,3
20208,3
20211,3
20212,1
20214,2
20217,1
20218,2
20224,2
20227,1
20230,3
20231,3
20236,4
20237,6
20240,5
20243,5
20246,2
20247,1
20250,11
20252,2
20253,4
20256,4
20259,2
20262,4
20263,2
20265,1
20269,3
20272,1
20275,4
20281,1
20282,1
20285,3
20288,3
20291,2
20294,2
20295,1
20297,1
20298,3
20300,1
20301,2
20304,1
20307,7
20308,1
20310,2
20311,1
20314,5
20317,2
20320,8
20323,2
20324,2
20326,3
20327,3
20333,3
20336,1
20339,2
20343,2
20345,1
20346,3
20352,3
20355,2
20358,3
20359,1
20362,3
20364,1
20368,1
20371,3
20372,2
20375,3
20377,1
20378,1
20381,4
20384,4
20387,1
20388,2
20390,3
20394,2
20397,3
20400,5
20403,3
20406,1
20407,1
20409,2
20410,4
20413,1
20416,3
20419,2
20422,1
20426,1
20428,1
20429,4
20432,1
20435,3
20436,1
20438,3
20441,2
20442,2
20445,1
20448,2
20452,1
20455,2
20460,1
20461,2
20464,3
20467,3
20471,2
20474,1
20476,1
20477,1
20480,1
20483,2
20484,1
20486,2
20487,1
20490,2
20493,2
20496,2
20500,1
20502,2
20503,1
20505,1
20506,3
20508,1
20509,1
20512,3
20515,1
20518,2
20519,2
20525,2
20528,1
20531,4
20532,1
20534,4
20535,2
20537,1
20538,1
20540,1
20541,2
20544,5
20547,3
20551,4
20553,1
20554,2
20556,1
20557,3
20563,4
20564,1
20566,1
20569,1
20570,1
20572,1
20576,3
20582,1
20583,1
20586,2
20589,1
20592,3
20595,2
20596,1
20598,1
20601,1
20602,2
20605,2
20608,8
20611,6
20612,1
20615,1
20621,1
20624,1
20627,2
20631,3
20633,3
20634,1
20640,3
20646,1
20649,1
20650,1
20653,4
20659,5
20662,3
20665,2
20666,2
20672,4
20678,3
20679,1
20681,1
20685,6
20691,1
20694,1
20697,1
20698,3
20701,2
20704,1
20707,3
20708,1
20710,1
20714,2
20720,2
20723,1
20726,2
20727,1
20729,1
20730,1
20733,3
20736,1
20739,1
20742,3
20746,1
20748,1
20749,5
20752,1
20755,1
20761,1
20762,2
20765,2
20768,3
20774,2
20775,2
20781,1
20784,2
20787,3
20788,1
20793,1
20794,1
20800,4
20803,1
20806,4
20816,1
20819,3
20820,1
20825,1
20826,2
20829,1
20832,4
20835,1
20838,1
20839,1
20842,2
20845,1
20848,2
20854,2
20855,1
20858,1
20864,2
20867,1
20870,2
20876,1
20877,3
20883,6
20884,1
20886,1
20887,1
20889,1
20890,2
20893,2
20896,4
20899,1
20903,1
20906,1
20912,3
20915,1
20922,1
20928,3
20932,1
20934,2
20935,1
20937,1
20938,1
20940,1
20941,1
20947,2
20948,1
20951,1
20953,1
20954,1
20960,1
20963,1
20966,3
20967,1
20973,3
20976,3
20979,2
20980,1
20982,1
20985,1
20986,1
20989,2
20992,4
20998,1
21005,1
21011,1
21012,1
21014,1
21015,1
21017,3
21018,1
21021,1
21024,2
21030,2
21031,1
21040,1
21043,1
21044,1
21047,1
21049,1
21050,2
21056,1
21059,2
21062,1
21066,1
21068,1
21069,4
21072,2
21075,2
21084,1
21088,3
21094,3
21095,2
21101,1
21104,2
21113,1
21114,2
21120,3
21126,1
21127,2
21130,1
21133,2
21136,1
21139,3
21142,1
21143,1
21146,2
21158,1
21159,1
21171,1
21178,2
21184,3
21187,1
21191,1
21203,3
21204,1
21207,1
21216,3
21219,1
21223,1
21225,1
21235,1
21241,1
21242,1
21248,1
21254,3
21255,1
21261,1
21268,1
21271,1
21273,1
21277,1
21296,1
21300,1
21306,2
21309,1
21312,2
21318,2
21319,1
21338,1
21344,1
21350,1
21356,1
21360,1
21364,1
21379,1
21389,3
21404,1
21408,1
21412,1
21421,2
21434,2
21437,3
21440,1
21459,2
21472,2
21479,1
21482,1
21491,1
21498,1
21511,1
21524,1
21533,1
21542,1
21555,1
21561,1
21562,1
21565,1
21568,1
21581,1
21597,1
21600,2
21625,1
21632,1
21680,1
21684,1
21686,1
21689,1
21702,1
21703,1
21735,1
21747,1
21763,1
21779,1
21792,1
21798,1
21808,2
21811,1
21824,2
21837,1
21860,1
21862,1
21868,1
21869,1
21875,1
21879,2
21907,2
21914,1
21917,1
21952,1
21965,3
21978,1
21991,1
21993,1
21994,1
22048,2
22064,1
22073,1
22080,1
22086,1
22087,1
22109,1
22135,1
22144,1
22153,1
22169,1
22186,1
22199,1
22201,1
22227,1
22233,1
22269,1
22297,1
22298,2
22339,1
22345,1
22349,1
22355,1
22368,1
22375,1
22432,2
22439,1
22445,1
22460,1
22486,1
22502,1
22518,1
22538,1
22548,1
22560,1
22572,1
22602,1
22605,1
22637,1
22675,2
22688,2
22700,1
22720,1
22729,1
22736,1
22745,1
22758,1
22765,1
22796,1
22803,1
22813,1
22832,1
22836,1
22842,1
22848,1
22861,1
22864,1
22867,2
22874,1
22903,1
22906,1
22931,1
22947,1
22973,1
23008,1
23011,1
23040,2
23069,1
23072,1
23075,1
23088,1
23097,1
23104,1
23120,1
23126,1
23148,1
23149,2
23180,1
23187,1
23213,2
23220,1
23232,1
23242,1
23258,1
23264,2
23283,1
23290,1
23308,1
23315,1
23357,1
23369,1
23379,1
23380,2
23415,1
23418,1
23427,1
23440,1
23450,1
23469,1
23472,1
23501,1
23504,1
23517,1
23520,1
23533,1
23584,1
23664,1
23668,1
23680,1
23705,1
23718,1
23722,1
23725,1
23738,1
23744,1
23757,1
23910,1
23930,1
24007,1
24044,1
24102,1
24125,1
24128,1
24147,1
24182,1
24263,1
24311,1
24343,1
24358,1
24493,1
24522,1
24548,1
24563,2
24589,1
24784,1
24896,1
25056,1
25059,1
25113,1
25127,1
25171,1
25385,1
25562,1
26131,1
26506,1
26729,1
26931,1
27059,1
27104,1
27133,1
27235,1
27360,1
27366,1
27389,1
27430,1
27661,1
27792,1
27837,1
28150,1
28457,1
28908,1
29222,1
29552,1
29840,1
29908,1
29990,1
30039,1
30105,1
30294,1
30304,1
30313,1
30326,1
30333,1
30365,1
30374,1
30381,1
30384,1
30400,1
30403,1
30438,3
30439,1
30451,1
30454,1
30455,1
30457,1
30458,2
30464,1
30467,1
30470,2
30471,1
30477,3
30480,2
30483,2
30487,1
30493,3
30496,1
30506,3
30508,1
30509,3
30512,1
30515,4
30516,1
30521,1
30522,4
30528,3
30531,1
30534,3
30535,4
30538,1
30540,1
30541,1
30547,1
30550,1
30553,2
30554,3
30556,1
30557,1
30560,7
30566,3
30567,1
30572,1
30573,2
30576,1
30579,2
30580,1
30582,2
30583,2
30585,1
30586,2
30589,2
30592,5
30595,1
30596,1
30598,2
30599,1
30601,1
30604,1
30605,1
30611,4
30612,1
30614,1
30618,5
30621,4
30624,2
30627,2
30630,4
30633,1
30636,1
30637,6
30640,3
30643,2
30644,1
30646,3
30647,4
30649,2
30650,2
30653,1
30656,8
30659,2
30662,4
30663,1
30665,1
30669,7
30672,7
30675,3
30678,4
30679,1
30681,2
30682,3
30685,3
30688,7
30691,3
30694,4
30695,2
30698,2
30700,1
30701,6
30704,1
30707,3
30708,1
30710,4
30711,3
30713,2
30714,5
30716,1
30717,3
30720,10
30723,3
30724,1
30726,3
30727,1
30729,2
30730,2
30732,3
30733,10
30736,10
30739,9
30740,5
30742,1
30743,1
30745,3
30746,5
30748,1
30749,3
30752,15
30755,5
30756,1
30758,12
30759,5
30761,2
30762,4
30764,2
30765,19
30768,8
30771,15
30772,2
30774,4
30775,4
30777,4
30778,10
30781,8
30784,15
30787,9
30788,3
30790,6
30791,10
30793,2
30794,3
30796,5
30797,16
30800,10
30803,14
30804,2
30806,11
30807,4
30809,5
30810,15
30816,19
30819,15
30820,2
30822,14
30823,10
30825,5
30826,8
30828,4
30829,24
30832,11
30835,20
30836,5
30838,12
30839,6
30841,8
30842,14
30844,4
30845,6
30848,29
30851,16
30852,1
30854,16
30855,13
30857,8
30858,15
30860,11
30861,27
30864,9
30867,31
30868,5
30870,12
30871,6
30873,18
30874,23
30876,8
30877,13
30880,40
30883,9
30886,16
30887,9
30889,7
30890,11
30892,5
30893,26
30896,21
30899,29
30900,9
30902,11
30903,6
30905,12
30906,26
30908,5
30909,9
30912,44
30915,17
30916,2
30918,38
30919,14
30921,6
30922,15
30924,7
30925,34
30928,16
30931,37
30932,10
30934,12
30935,4
30937,16
30938,26
30940,4
30941,19
30944,37
30947,15
30948,4
30950,24
30951,21
30953,7
30954,18
30956,9
30957,40
30960,23
30963,26
30964,8
30966,15
30967,4
30969,19
30970,32
30972,3
30973,16
30976,54
30979,24
30980,3
30982,38
30983,23
30985,5
30986,13
30988,13
30989,43
30992,27
30995,37
30996,14
30998,3
30999,11
31001,9
31002,35
31004,2
31005,18
31008,70
31011,21
31012,4
31014,33
31015,22
31017,14
31018,21
31020,7
31021,53
31024,30
31027,37
31028,13
31030,13
31031,5
31033,15
31034,34
31036,4
31037,24
31040,58
31043,15
31044,3
31046,34
31047,32
31049,11
31050,14
31052,14
31053,52
31056,33
31059,54
31060,16
31062,11
31063,9
31065,36
31066,33
31068,6
31069,15
31072,64
31075,15
31076,3
31078,46
31079,27
31081,10
31082,17
31084,13
31085,57
31088,29
31091,58
31092,12
31094,18
31095,13
31097,20
31098,36
31100,5
31101,24
31104,65
31107,21
31108,10
31110,37
31111,24
31113,14
31114,19
31116,13
31117,49
31120,22
31123,49
31124,9
31126,22
31127,9
31129,29
31130,48
31132,6
31133,28
31136,64
31139,35
31140,5
31142,24
31143,26
31145,11
31146,20
31148,19
31149,71
31152,33
31155,70
31156,9
31158,21
31159,9
31161,30
31162,48
31164,6
31165,25
31168,70
31171,28
31172,9
31174,56
31175,33
31177,17
31178,18
31180,16
31181,60
31184,41
31187,72
31188,15
31190,25
31191,12
31193,34
31194,59
31196,7
31197,25
31200,75
31203,29
31204,7
31206,60
31207,37
31209,17
31210,19
31212,27
31213,82
31216,41
31219,72
31220,21
31222,26
31223,19
31225,35
31226,55
31228,8
31229,25
31232,91
31235,38
31236,8
31238,56
31239,39
31241,21
31242,24
31244,26
31245,79
31248,53
31251,79
31252,26
31254,36
31255,12
31257,36
31258,60
31260,5
31261,37
31264,95
31267,39
31268,8
31270,52
31271,35
31273,14
31274,25
31276,20
31277,73
31280,58
31283,79
31284,24
31286,21
31287,24
31289,46
31290,73
31292,8
31293,30
31296,106
31299,59
31300,11
31302,69
31303,59
31305,16
31306,34
31308,26
31309,93
31312,55
31315,113
31316,35
31318,40
31319,19
31321,35
31322,88
31324,11
31325,40
31328,121
31331,38
31332,10
31334,87
31335,58
31337,31
31338,30
31340,37
31341,107
31344,51
31347,100
31348,32
31350,33
31351,22
31353,44
31354,87
31356,5
31357,49
31360,136
31363,46
31364,18
31366,92
31367,46
31369,29
31370,46
31372,29
31373,101
31376,72
31379,99
31380,29
31382,37
31383,17
31385,53
31386,74
31388,11
31389,45
31392,148
31395,57
31396,16
31398,81
31399,61
31401,24
31402,43
31404,19
31405,109
31408,78
31411,113
31412,32
31414,38
31415,21
31417,56
31418,79
31420,10
31421,57
31424,154
31427,57
31428,11
31430,100
31431,55
31433,16
31434,35
31436,22
31437,102
31440,66
31443,106
31444,36
31446,38
31447,23
31449,49
31450,73
31452,16
31453,52
31456,152
31459,48
31460,13
31462,75
31463,60
31465,28
31466,31
31468,34
31469,106
31472,77
31475,124
31476,35
31478,36
31479,28
31481,67
31482,91
31484,9
31485,51
31488,142
31491,67
31492,13
31494,102
31495,56
31497,26
31498,48
31500,38
31501,121
31504,66
31507,114
31508,31
31510,45
31511,38
31513,76
31514,97
31516,19
31517,54
31520,162
31523,49
31524,16
31526,102
31527,75
31529,28
31530,56
31532,33
31533,109
31536,60
31539,128
31540,27
31542,43
31543,37
31545,60
31546,97
31548,18
31549,55
31552,177
31555,44
31556,18
31558,111
31559,63
31561,18
31562,46
31564,24
31565,123
31568,54
31571,146
31572,27
31574,39
31575,35
31577,62
31578,79
31580,9
31581,63
31584,136
31587,43
31588,8
31590,84
31591,56
31593,26
31594,36
31596,35
31597,113
31600,67
31603,122
31604,23
31606,27
31607,27
31609,53
31610,79
31612,15
31613,52
31616,147
31619,52
31620,12
31622,103
31623,73
31625,32
31626,38
31628,41
31629,136
31632,75
31635,121
31636,29
31638,49
31639,23
31641,55
31642,113
31644,11
31645,68
31648,161
31651,48
31652,12
31654,107
31655,71
31657,35
31658,60
31660,40
31661,144
31664,82
31667,149
31668,46
31670,54
31671,42
31673,79
31674,97
31676,13
31677,68
31680,174
31683,60
31684,11
31686,98
31687,68
31689,34
31690,59
31692,38
31693,148
31696,93
31699,152
31700,45
31702,47
31703,30
31705,73
31706,118
31708,11
31709,70
31712,189
31715,65
31716,13
31718,148
31719,73
31721,24
31722,47
31724,31
31725,161
31728,86
31731,163
31732,34
31734,44
31735,35
31737,66
31738,104
31740,21
31741,80
31744,171
31747,51
31748,28
31750,90
31751,76
31753,32
31754,52
31756,34
31757,144
31760,77
31763,139
31764,44
31766,45
31767,35
31769,65
31770,134
31772,18
31773,62
31776,168
31779,72
31780,15
31782,121
31783,82
31785,25
31786,57
31788,38
31789,181
31792,78
31795,164
31796,34
31798,63
31799,32
31801,92
31802,133
31804,17
31805,68
31808,204
31811,89
31812,20
31814,125
31815,88
31817,55
31818,52
31820,40
31821,193
31824,94
31827,186
31828,53
31830,56
31831,46
31833,100
31834,114
31836,21
31837,106
31840,236
31843,76
31844,13
31846,155
31847,101
31849,47
31850,71
31852,48
31853,178
31856,109
31859,181
31860,49
31862,61
31863,56
31865,102
31866,136
31868,20
31869,77
31872,215
31875,77
31876,20
31878,142
31879,95
31881,46
31882,60
31884,58
31885,188
31888,122
31891,173
31892,41
31894,69
31895,42
31897,84
31898,137
31900,19
31901,72
31904,215
31907,82
31908,23
31910,144
31911,78
31913,32
31914,60
31916,48
31917,174
31920,103
31923,180
31924,34
31926,58
31927,37
31929,105
31930,160
31932,20
31933,84
31936,219
31939,66
31940,25
31942,126
31943,89
31945,37
31946,62
31948,63
31949,174
31952,121
31955,188
31956,56
31958,70
31959,50
31961,87
31962,149
31964,16
31965,78
31968,256
31971,74
31972,26
31974,152
31975,84
31977,51
31978,68
31980,46
31981,194
31984,106
31987,193
31988,50
31990,65
31991,54
31993,92
31994,146
31996,21
31997,76
32000,235
32003,63
32004,25
32006,183
32007,100
32009,35
32010,57
32012,49
32013,196
32016,110
32019,215
32020,48
32022,69
32023,37
32025,124
32026,141
32028,21
32029,81
32032,244
32035,95
32036,16
32038,146
32039,98
32041,35
32042,72
32044,39
32045,199
32048,117
32051,206
32052,46
32054,65
32055,38
32057,78
32058,121
32060,12
32061,76
32064,203
32067,97
32068,17
32070,168
32071,95
32073,35
32074,62
32076,35
32077,162
32080,100
32083,173
32084,54
32086,64
32087,41
32089,103
32090,137
32092,17
32093,69
32096,223
32099,93
32100,21
32102,128
32103,82
32105,34
32106,61
32108,43
32109,166
32112,89
32115,170
32116,45
32118,57
32119,34
32121,96
32122,140
32124,21
32125,82
32128,236
32131,74
32132,22
32134,130
32135,85
32137,46
32138,58
32140,39
32141,205
32144,110
32147,228
32148,48
32150,72
32151,43
32153,88
32154,166
32156,29
32157,74
32160,250
32163,97
32164,18
32166,161
32167,113
32169,42
32170,60
32172,41
32173,214
32176,96
32179,221
32180,47
32182,62
32183,38
32185,103
32186,140
32188,28
32189,85
32192,262
32195,98
32196,27
32198,145
32199,97
32201,50
32202,73
32204,46
32205,230
32208,132
32211,199
32212,54
32214,85
32215,67
32217,101
32218,165
32220,25
32221,99
32224,236
32227,95
32228,23
32230,154
32231,95
32233,43
32234,69
32236,43
32237,212
32240,121
32243,206
32244,46
32246,59
32247,45
32249,106
32250,164
32252,24
32253,101
32256,257
32259,84
32260,26
32262,183
32263,102
32265,41
32266,72
32268,41
32269,233
32272,118
32275,237
32276,50
32278,80
32279,41
32281,115
32282,147
32284,29
32285,81
32288,287
32291,87
32292,36
32294,190
32295,115
32297,43
32298,71
32300,60
32301,244
32304,145
32307,238
32308,63
32310,92
32311,45
32313,124
32314,182
32316,23
32317,125
32320,318
32323,119
32324,22
32326,188
32327,113
32329,49
32330,94
32332,75
32333,217
32336,121
32339,257
32340,55
32342,79
32343,59
32345,135
32346,179
32348,35
32349,100
32352,285
32355,107
32356,28
32358,175
32359,118
32361,49
32362,66
32364,68
32365,217
32368,132
32371,239
32372,68
32374,70
32375,53
32377,111
32378,176
32380,20
32381,101
32384,285
32387,101
32388,34
32390,177
32391,116
32393,46
32394,89
32396,58
32397,201
32400,122
32403,211
32404,52
32406,86
32407,55
32409,122
32410,186
32412,25
32413,107
32416,286
32419,100
32420,25
32422,151
32423,120
32425,48
32426,97
32428,65
32429,223
32432,142
32435,217
32436,59
32438,75
32439,45
32441,111
32442,169
32444,26
32445,114
32448,306
32451,117
32452,33
32454,139
32455,117
32457,62
32458,68
32460,62
32461,226
32464,138
32467,241
32468,58
32470,75
32471,43
32473,116
32474,172
32476,27
32477,102
32480,336
32483,84
32484,31
32486,170
32487,108
32489,38
32490,79
32492,60
32493,244
32496,128
32499,239
32500,49
32502,69
32503,56
32505,136
32506,160
32508,23
32509,113
32512,291
32515,116
32516,18
32518,166
32519,108
32521,62
32522,69
32524,79
32525,252
32528,126
32531,236
32532,55
32534,67
32535,51
32537,112
32538,192
32540,31
32541,97
32544,267
32547,103
32548,24
32550,155
32551,103
32553,53
32554,79
32556,53
32557,234
32560,137
32563,211
32564,40
32566,63
32567,39
32569,111
32570,140
32572,25
32573,86
32576,261
32579,106
32580,28
32582,167
32583,111
32585,48
32586,63
32588,68
32589,213
32592,122
32595,212
32596,60
32598,65
32599,48
32601,96
32602,161
32604,25
32605,97
32608,279
32611,102
32612,27
32614,161
32615,115
32617,56
32618,58
32620,54
32621,228
32624,120
32627,280
32628,59
32630,78
32631,55
32633,114
32634,171
32636,19
32637,115
32640,301
32643,124
32644,34
32646,163
32647,123
32649,63
32650,82
32652,65
32653,226
32656,117
32659,250
32660,70
32662,64
32663,48
32665,131
32666,185
32668,26
32669,83
32672,305
32675,124
32676,36
32678,178
32679,114
32681,58
32682,99
32684,84
32685,254
32688,147
32691,276
32692,62
32694,99
32695,57
32697,123
32698,181
32700,22
32701,137
32704,321
32707,92
32708,28
32710,191
32711,121
32713,61
32714,92
32716,57
32717,220
32720,139
32723,256
32724,54
32726,94
32727,50
32729,129
32730,188
32732,26
32733,102
32736,283
32739,98
32740,25
32742,178
32743,127
32745,53
32746,98
32748,57
32749,247
32752,145
32755,258
32756,61
32758,82
32759,57
32761,115
32762,160
32764,34
32765,110
32768,325
32771,108
32772,31
32774,224
32775,119
32777,54
32778,76
32780,57
32781,267
32784,164
32787,254
32788,64
32790,91
32791,48
32793,125
32794,181
32796,27
32797,110
32800,313
32803,137
32804,24
32806,208
32807,133
32809,65
32810,90
32812,74
32813,280
32816,167
32819,292
32820,57
32822,90
32823,66
32825,130
32826,216
32828,24
32829,134
32832,318
32835,122
32836,24
32838,197
32839,125
32841,53
32842,104
32844,63
32845,245
32848,132
32851,264
32852,70
32854,92
32855,47
32857,141
32858,180
32860,38
32861,140
32864,314
32867,109
32868,28
32870,181
32871,100
32873,40
32874,75
32876,66
32877,243
32880,143
32883,257
32884,58
32886,80
32887,56
32889,131
32890,170
32892,28
32893,123
32896,301
32899,83
32900,28
32902,193
32903,112
32905,58
32906,81
32908,60
32909,286
32912,142
32915,255
32916,57
32918,79
32919,65
32921,125
32922,176
32924,19
32925,110
32928,314
32931,121
32932,25
32934,191
32935,125
32937,52
32938,87
32940,67
32941,247
32944,150
32947,250
32948,71
32950,79
32951,54
32953,110
32954,196
32956,26
32957,101
32960,291
32963,83
32964,24
32966,172
32967,123
32969,50
32970,90
32972,63
32973,236
32976,141
32979,251
32980,60
32982,85
32983,56
32985,119
32986,175
32988,26
32989,102
32992,311
32995,106
32996,35
32998,189
32999,123
33001,67
33002,71
33004,54
33005,228
33008,122
33011,237
33012,64
33014,71
33015,47
33017,125
33018,179
33020,25
33021,114
33024,283
33027,121
33028,27
33030,160
33031,105
33033,51
33034,70
33036,69
33037,237
33040,115
33043,204
33044,50
33046,81
33047,49
33049,114
33050,162
33052,29
33053,104
33056,275
33059,95
33060,28
33062,151
33063,107
33065,46
33066,64
33068,62
33069,230
33072,112
33075,219
33076,47
33078,86
33079,65
33081,99
33082,173
33084,23
33085,90
33088,284
33091,119
33092,14
33094,164
33095,112
33097,49
33098,59
33100,47
33101,216
33104,140
33107,244
33108,70
33110,77
33111,60
33113,127
33114,162
33116,28
33117,108
33120,296
33123,112
33124,26
33126,180
33127,130
33129,58
33130,66
33132,63
33133,250
33136,132
33139,237
33140,68
33142,72
33143,42
33145,109
33146,170
33148,15
33149,113
33152,272
33155,99
33156,23
33158,168
33159,136
33161,62
33162,87
33164,60
33165,222
33168,120
33171,254
33172,63
33174,82
33175,61
33177,113
33178,158
33180,31
33181,100
33184,246
33187,115
33188,35
33190,159
33191,126
33193,43
33194,67
33196,50
33197,242
33200,109
33203,194
33204,73
33206,84
33207,38
33209,107
33210,166
33212,25
33213,98
33216,298
33219,87
33220,26
33222,167
33223,128
33225,47
33226,85
33228,61
33229,239
33232,134
33235,238
33236,62
33238,69
33239,49
33241,108
33242,165
33244,21
33245,82
33248,260
33251,115
33252,26
33254,176
33255,120
33257,66
33258,86
33260,53
33261,213
33264,142
33267,213
33268,69
33270,83
33271,52
33273,108
33274,160
33276,34
33277,106
33280,304
33283,109
33284,31
33286,183
33287,130
33289,55
33290,69
33292,69
33293,266
33296,149
33299,235
33300,50
33302,88
33303,55
33305,119
33306,171
33308,25
33309,108
33312,283
33315,115
33316,22
33318,162
33319,132
33321,44
33322,77
33324,67
33325,252
33328,109
33331,201
33332,48
33334,66
33335,55
33337,122
33338,165
33340,33
33341,114
33344,316
33347,94
33348,30
33350,186
33351,111
33353,44
33354,75
33356,45
33357,211
33360,111
33363,198
33364,57
33366,81
33367,50
33369,110
33370,166
33372,22
33373,79
33376,269
33379,94
33380,24
33382,175
33383,122
33385,49
33386,92
33388,54
33389,224
33392,135
33395,215
33396,50
33398,72
33399,36
33401,105
33402,159
33404,26
33405,100
33408,283
33411,103
33412,24
33414,153
33415,98
33417,39
33418,71
33420,53
33421,219
33424,130
33427,218
33428,57
33430,69
33431,52
33433,104
33434,159
33436,27
33437,96
33440,264
33443,96
33444,21
33446,150
33447,105
33449,48
33450,56
33452,52
33453,240
33456,116
33459,180
33460,68
33462,63
33463,46
33465,103
33466,167
33468,24
33469,101
33472,253
33475,84
33476,19
33478,162
33479,101
33481,46
33482,68
33484,46
33485,202
33488,107
33491,225
33492,55
33494,62
33495,41
33497,85
33498,133
33500,25
33501,88
33504,281
33507,90
33508,24
33510,148
33511,102
33513,48
33514,63
33516,47
33517,185
33520,108
33523,190
33524,38
33526,75
33527,35
33529,76
33530,148
33532,17
33533,85
33536,235
33539,90
33540,11
33542,140
33543,89
33545,35
33546,59
33548,55
33549,174
33552,84
33555,196
33556,44
33558,66
33559,46
33561,97
33562,123
33564,23
33565,72
33568,226
33571,88
33572,30
33574,149
33575,99
33577,41
33578,65
33580,46
33581,157
33584,117
33587,212
33588,37
33590,61
33591,41
33593,105
33594,143
33596,17
33597,84
33600,233
33603,90
33604,22
33606,131
33607,89
33609,40
33610,66
33612,36
33613,197
33616,99
33619,176
33620,50
33622,54
33623,44
33625,91
33626,135
33628,17
33629,88
33632,251
33635,83
33636,19
33638,123
33639,68
33641,58
33642,79
33644,56
33645,196
33648,105
33651,213
33652,57
33654,69
33655,45
33657,111
33658,168
33660,14
33661,90
33664,233
33667,74
33668,22
33670,149
33671,92
33673,43
33674,68
33676,52
33677,178
33680,92
33683,172
33684,46
33686,76
33687,36
33689,65
33690,151
33692,26
33693,81
33696,210
33699,89
33700,18
33702,137
33703,112
33705,35
33706,57
33708,34
33709,175
33712,89
33715,165
33716,47
33718,68
33719,41
33721,82
33722,135
33724,17
33725,92
33728,229
33731,81
33732,18
33734,133
33735,90
33737,38
33738,67
33740,43
33741,186
33744,113
33747,192
33748,46
33750,55
33751,59
33753,105
33754,136
33756,16
33757,73
33760,245
33763,82
33764,26
33766,143
33767,96
33769,35
33770,66
33772,38
33773,175
33776,118
33779,193
33780,44
33782,64
33783,43
33785,100
33786,171
33788,13
33789,94
33792,209
33795,86
33796,22
33798,131
33799,93
33801,37
33802,56
33804,46
33805,193
33808,111
33811,185
33812,47
33814,63
33815,35
33817,80
33818,118
33820,20
33821,70
33824,232
33827,82
33828,16
33830,102
33831,83
33833,35
33834,65
33836,46
33837,176
33840,109
33843,158
33844,30
33846,47
33847,25
33849,71
33850,122
33852,24
33853,76
33856,197
33859,73
33860,25
33862,130
33863,79
33865,38
33866,54
33868,40
33869,159
33872,88
33875,156
33876,39
33878,53
33879,26
33881,61
33882,133
33884,19
33885,74
33888,212
33891,84
33892,14
33894,130
33895,86
33897,41
33898,59
33900,39
33901,143
33904,78
33907,151
33908,31
33910,66
33911,34
33913,87
33914,115
33916,20
33917,75
33920,189
33923,71
33924,14
33926,115
33927,78
33929,36
33930,56
33932,32
33933,144
33936,105
33939,151
33940,32
33942,49
33943,42
33945,86
33946,121
33948,19
33949,71
33952,227
33955,68
33956,19
33958,125
33959,88
33961,41
33962,51
33964,41
33965,155
33968,94
33971,145
33972,29
33974,45
33975,30
33977,62
33978,124
33980,12
33981,78
33984,181
33987,57
33988,11
33990,100
33991,69
33993,33
33994,53
33996,30
33997,137
34000,82
34003,129
34004,47
34006,42
34007,30
34009,72
34010,99
34012,12
34013,62
34016,138
34019,59
34020,16
34022,116
34023,67
34025,23
34026,57
34028,29
34029,119
34032,67
34035,132
34036,31
34038,41
34039,29
34041,54
34042,116
34044,21
34045,57
34048,159
34051,49
34052,13
34054,91
34055,56
34057,24
34058,33
34060,43
34061,119
34064,78
34067,136
34068,29
34070,42
34071,20
34073,82
34074,101
34076,12
34077,46
34080,167
34083,60
34084,14
34086,97
34087,69
34089,27
34090,38
34092,33
34093,128
34096,77
34099,152
34100,29
34102,42
34103,23
34105,73
34106,105
34108,18
34109,57
34112,184
34115,59
34116,14
34118,90
34119,76
34121,31
34122,47
34124,35
34125,133
34128,81
34131,154
34132,33
34134,58
34135,24
34137,61
34138,101
34140,11
34141,55
34144,189
34147,63
34148,16
34150,98
34151,60
34153,24
34154,48
34156,36
34157,157
34160,89
34163,137
34164,34
34166,52
34167,33
34169,72
34170,97
34172,14
34173,68
34176,142
34179,63
34180,16
34182,84
34183,54
34185,23
34186,37
34188,24
34189,120
34192,68
34195,100
34196,32
34198,45
34199,28
34201,68
34202,107
34204,14
34205,44
34208,160
34211,50
34212,14
34214,100
34215,61
34217,34
34218,34
34220,33
34221,123
34224,78
34227,120
34228,31
34230,43
34231,36
34233,66
34234,85
34236,9
34237,40
34240,193
34243,65
34244,17
34246,97
34247,55
34249,28
34250,48
34252,41
34253,129
34256,66
34259,125
34260,29
34262,42
34263,23
34265,67
34266,99
34268,14
34269,47
34272,159
34275,57
34276,24
34278,89
34279,68
34281,26
34282,46
34284,27
34285,130
34288,55
34291,112
34292,31
34294,42
34295,32
34297,70
34298,76
34300,8
34301,51
34304,149
34307,55
34308,13
34310,88
34311,63
34313,24
34314,35
34316,36
34317,110
34320,67
34323,105
34324,24
34326,54
34327,25
34329,61
34330,85
34332,12
34333,48
34336,132
34339,43
34340,11
34342,96
34343,44
34345,24
34346,44
34348,30
34349,113
34352,58
34355,118
34356,37
34358,42
34359,28
34361,69
34362,88
34364,12
34365,45
34368,151
34371,49
34372,9
34374,89
34375,55
34377,30
34378,40
34380,29
34381,125
34384,65
34387,108
34388,29
34390,31
34391,30
34393,62
34394,73
34396,14
34397,46
34400,119
34403,50
34404,12
34406,86
34407,55
34409,19
34410,36
34412,35
34413,92
34416,49
34419,112
34420,27
34422,36
34423,15
34425,55
34426,72
34428,13
34429,49
34432,120
34435,47
34436,10
34438,84
34439,46
34441,19
34442,30
34444,25
34445,106
34448,69
34451,114
34452,21
34454,36
34455,29
34457,51
34458,64
34460,9
34461,42
34464,126
34467,51
34468,13
34470,72
34471,42
34473,32
34474,42
34476,21
34477,88
34480,47
34483,95
34484,19
34486,33
34487,20
34489,50
34490,76
34492,11
34493,42
34496,132
34499,41
34500,12
34502,75
34503,45
34505,13
34506,33
34508,22
34509,73
34512,38
34515,103
34516,25
34518,36
34519,22
34521,43
34522,59
34524,9
34525,34
34528,119
34531,34
34532,8
34534,63
34535,39
34537,20
34538,46
34540,21
34541,92
34544,40
34547,90
34548,19
34550,28
34551,27
34553,50
34554,64
34556,14
34557,47
34560,91
34563,33
34564,10
34566,65
34567,38
34569,19
34570,34
34572,22
34573,92
34576,57
34579,95
34580,16
34582,36
34583,20
34585,47
34586,81
34588,7
34589,49
34592,141
34595,35
34596,5
34598,75
34599,55
34601,18
34602,44
34604,24
34605,111
34608,38
34611,75
34612,26
34614,32
34615,17
34617,42
34618,61
34620,8
34621,41
34624,134
34627,57
34628,14
34630,78
34631,37
34633,25
34634,36
34636,27
34637,89
34640,57
34643,87
34644,25
34646,26
34647,19
34649,56
34650,66
34652,6
34653,31
34656,128
34659,43
34660,10
34662,56
34663,50
34665,24
34666,31
34668,21
34669,84
34672,39
34675,89
34676,18
34678,32
34679,14
34681,42
34682,47
34684,9
34685,35
34688,100
34691,36
34692,11
34694,70
34695,47
34697,26
34698,24
34700,16
34701,89
34704,49
34707,83
34708,19
34710,18
34711,21
34713,40
34714,79
34716,13
34717,39
34720,118
34723,39
34724,7
34726,83
34727,34
34729,17
34730,26
34732,30
34733,82
34736,57
34739,109
34740,33
34742,21
34743,20
34745,47
34746,68
34748,8
34749,42
34752,108
34755,41
34756,6
34758,75
34759,40
34761,21
34762,25
34764,27
34765,69
34768,41
34771,77
34772,15
34774,30
34775,11
34777,37
34778,71
34780,12
34781,42
34784,102
34787,38
34788,11
34790,59
34791,35
34793,14
34794,34
34796,19
34797,81
34800,59
34803,73
34804,20
34806,26
34807,21
34809,40
34810,67
34812,4
34813,40
34816,95
34819,42
34820,11
34822,63
34823,40
34825,24
34826,29
34828,22
34829,79
34832,51
34835,85
34836,19
34838,22
34839,23
34841,31
34842,57
34844,7
34845,35
34848,88
34851,34
34852,8
34854,56
34855,44
34857,11
34858,20
34860,21
34861,73
34864,52
34867,68
34868,18
34870,18
34871,9
34873,33
34874,49
34876,7
34877,27
34880,84
34883,34
34884,3
34886,59
34887,43
34889,16
34890,26
34892,17
34893,62
34896,41
34899,66
34900,22
34902,18
34903,11
34905,34
34906,52
34908,12
34909,37
34912,86
34915,28
34916,9
34918,51
34919,28
34921,21
34922,29
34924,19
34925,71
34928,44
34931,64
34932,17
34934,22
34935,20
34937,35
34938,47
34940,11
34941,43
34944,85
34947,35
34948,12
34950,49
34951,27
34953,14
34954,24
34956,22
34957,67
34960,40
34963,62
34964,20
34966,19
34967,22
34969,36
34970,56
34972,4
34973,19
34976,79
34979,29
34980,7
34982,56
34983,29
34985,15
34986,27
34988,18
34989,66
34992,39
34995,50
34996,14
34998,19
34999,10
35001,34
35002,45
35004,3
35005,28
35008,80
35011,21
35012,14
35014,51
35015,35
35017,14
35018,13
35020,15
35021,47
35024,25
35027,55
35028,14
35030,29
35031,13
35033,38
35034,50
35036,6
35037,25
35040,77
35043,23
35044,4
35046,47
35047,28
35049,12
35050,23
35052,18
35053,66
35056,38
35059,66
35060,13
35062,19
35063,18
35065,32
35066,53
35068,6
35069,23
35072,85
35075,30
35076,13
35078,37
35079,32
35081,19
35082,30
35084,12
35085,68
35088,37
35091,56
35092,8
35094,23
35095,14
35097,32
35098,51
35100,9
35101,27
35104,68
35107,23
35108,7
35110,37
35111,22
35113,18
35114,29
35116,13
35117,70
35120,36
35123,77
35124,8
35126,22
35127,8
35129,39
35130,46
35132,6
35133,36
35136,82
35139,19
35140,8
35142,60
35143,19
35145,13
35146,28
35148,13
35149,49
35152,39
35155,65
35156,12
35158,20
35159,19
35161,26
35162,39
35164,7
35165,36
35168,78
35171,31
35172,8
35174,46
35175,29
35177,16
35178,19
35180,12
35181,59
35184,34
35187,58
35188,19
35190,21
35191,15
35193,29
35194,38
35196,7
35197,27
35200,79
35203,30
35204,6
35206,50
35207,28
35209,15
35210,20
35212,14
35213,70
35216,34
35219,51
35220,15
35222,21
35223,12
35225,26
35226,46
35228,6
35229,28
35232,66
35235,42
35236,7
35238,54
35239,34
35241,13
35242,26
35244,14
35245,61
35248,39
35251,40
35252,7
35254,23
35255,12
35257,27
35258,43
35260,5
35261,30
35264,73
35267,16
35268,7
35270,49
35271,31
35273,15
35274,26
35276,9
35277,63
35280,25
35283,66
35284,15
35286,22
35287,17
35289,28
35290,33
35292,5
35293,21
35296,80
35299,30
35300,3
35302,46
35303,26
35305,8
35306,16
35308,15
35309,63
35312,29
35315,55
35316,14
35318,16
35319,13
35321,33
35322,34
35324,5
35325,24
35328,67
35331,28
35332,6
35334,37
35335,29
35337,18
35338,12
35340,13
35341,59
35344,25
35347,60
35348,16
35350,19
35351,4
35353,27
35354,35
35356,4
35357,20
35360,64
35363,19
35364,5
35366,29
35367,21
35369,15
35370,20
35372,11
35373,47
35376,30
35379,47
35380,8
35382,17
35383,11
35385,28
35386,33
35388,6
35389,24
35392,62
35395,18
35396,2
35398,36
35399,30
35401,11
35402,22
35404,15
35405,60
35408,31
35411,45
35412,6
35414,13
35415,13
35417,25
35418,36
35420,4
35421,20
35424,59
35427,31
35428,4
35430,33
35431,24
35433,7
35434,12
35436,16
35437,39
35440,30
35443,44
35444,13
35446,15
35447,11
35449,21
35450,36
35452,3
35453,19
35456,55
35459,37
35460,4
35462,33
35463,15
35465,5
35466,17
35468,10
35469,35
35472,18
35475,43
35476,8
35478,14
35479,6
35481,14
35482,31
35484,6
35485,17
35488,54
35491,17
35492,2
35494,32
35495,13
35497,8
35498,18
35500,5
35501,28
35504,20
35507,30
35508,9
35510,12
35511,10
35513,19
35514,34
35516,2
35517,20
35520,59
35523,18
35524,6
35526,31
35527,24
35529,13
35530,6
35532,6
35533,40
35536,13
35539,34
35540,11
35542,17
35543,3
35545,13
35546,41
35549,19
35552,58
35555,23
35556,7
35558,26
35559,17
35561,7
35562,12
35564,21
35565,31
35568,22
35571,33
35572,13
35574,10
35575,12
35577,14
35578,35
35580,10
35581,28
35584,47
35587,23
35588,3
35590,40
35591,20
35593,17
35594,11
35596,19
35597,44
35600,30
35603,41
35604,10
35606,15
35607,9
35609,18
35610,28
35612,3
35613,21
35616,50
35619,18
35620,3
35622,20
35623,27
35625,11
35626,11
35628,9
35629,32
35632,21
35635,48
35636,13
35638,16
35639,13
35641,20
35642,29
35644,4
35645,17
35648,52
35651,14
35652,3
35654,23
35655,18
35657,5
35658,12
35660,10
35661,38
35664,30
35667,40
35668,12
35670,13
35671,6
35673,19
35674,34
35676,4
35677,15
35680,55
35683,16
35684,3
35686,23
35687,20
35689,6
35690,11
35692,11
35693,31
35696,24
35699,46
35700,9
35702,14
35703,10
35705,17
35706,23
35708,2
35709,15
35712,47
35715,20
35716,2
35718,35
35719,19
35721,14
35722,7
35724,9
35725,43
35728,27
35731,48
35732,9
35734,7
35735,10
35737,20
35738,33
35740,2
35741,21
35744,54
35747,11
35748,4
35750,32
35751,21
35753,8
35754,13
35756,13
35757,28
35760,22
35763,37
35764,8
35766,9
35767,9
35769,23
35770,29
35772,4
35773,10
35776,42
35779,13
35780,3
35782,20
35783,14
35785,11
35786,12
35788,4
35789,23
35792,20
35795,34
35796,10
35798,18
35799,9
35801,20
35802,28
35804,1
35805,22
35808,46
35811,19
35812,4
35814,24
35815,21
35817,6
35818,10
35820,7
35821,32
35824,20
35827,25
35828,3
35830,12
35831,10
35833,10
35834,19
35836,4
35837,21
35840,42
35843,16
35844,5
35846,21
35847,14
35849,11
35850,11
35852,8
35853,39
35856,18
35859,22
35860,12
35862,11
35863,6
35865,21
35866,22
35868,7
35869,14
35872,36
35875,20
35876,5
35878,23
35879,14
35881,5
35882,13
35884,10
35885,27
35888,21
35891,27
35892,11
35894,9
35895,11
35897,15
35898,25
35900,5
35901,12
35904,34
35907,9
35908,2
35910,28
35911,14
35913,2
35914,6
35916,10
35917,35
35920,23
35923,25
35924,6
35926,5
35927,7
35929,15
35930,26
35932,5
35933,15
35936,29
35939,15
35940,3
35942,15
35943,10
35945,5
35946,9
35948,5
35949,33
35952,10
35955,22
35956,9
35958,14
35959,6
35961,16
35962,23
35964,4
35965,11
35968,26
35971,13
35972,1
35974,13
35975,8
35977,7
35978,7
35980,6
35981,23
35984,8
35987,33
35988,8
35990,14
35991,6
35993,10
35994,10
35996,1
35997,9
36000,23
36003,17
36004,3
36006,23
36007,14
36009,7
36010,13
36012,6
36013,33
36016,13
36019,25
36020,3
36022,9
36023,1
36025,11
36026,18
36028,1
36029,15
36032,23
36035,14
36036,4
36038,18
36039,11
36041,10
36042,13
36044,10
36045,23
36048,19
36051,27
36052,6
36054,8
36055,4
36057,11
36058,20
36060,2
36061,13
36064,24
36067,12
36068,3
36070,16
36071,12
36073,4
36074,13
36076,5
36077,28
36080,15
36083,21
36084,7
36086,9
36087,6
36089,14
36090,22
36092,2
36093,13
36096,23
36099,10
36100,5
36102,21
36103,11
36105,3
36106,6
36108,4
36109,29
36112,15
36115,34
36116,5
36118,7
36119,7
36121,8
36122,18
36124,3
36125,9
36128,31
36131,12
36132,3
36134,18
36135,11
36137,2
36138,8
36140,3
36141,19
36144,13
36147,15
36148,2
36150,3
36151,1
36153,10
36154,13
36156,1
36157,6
36160,26
36163,11
36164,1
36166,21
36167,9
36169,8
36170,8
36172,6
36173,28
36176,11
36179,19
36180,7
36182,12
36183,5
36185,18
36186,13
36188,3
36189,10
36192,36
36195,11
36196,5
36198,11
36199,14
36201,5
36202,3
36204,4
36205,18
36208,8
36211,33
36212,5
36214,12
36215,6
36217,16
36218,19
36220,1
36221,14
36224,33
36227,8
36228,2
36230,17
36231,17
36233,6
36234,2
36236,2
36237,22
36240,14
36243,28
36244,4
36246,6
36247,3
36249,10
36250,19
36252,1
36253,11
36256,24
36259,11
36262,16
36263,16
36265,1
36266,4
36268,6
36269,22
36272,7
36275,19
36276,3
36278,8
36279,2
36281,14
36282,19
36284,6
36285,8
36288,27
36291,13
36292,5
36294,13
36295,12
36297,7
36298,5
36300,7
36301,22
36304,10
36307,22
36308,6
36310,8
36311,4
36313,10
36314,12
36316,2
36317,9
36320,20
36323,8
36324,3
36326,10
36327,6
36329,4
36330,7
36332,2
36333,16
36336,12
36339,17
36340,6
36342,3
36343,2
36345,12
36346,17
36348,4
36349,3
36352,22
36355,7
36356,3
36358,17
36359,6
36361,2
36362,7
36364,4
36365,22
36368,11
36371,11
36372,4
36374,6
36375,6
36377,5
36378,17
36380,2
36381,9
36384,21
36387,9
36388,4
36390,11
36391,7
36394,4
36396,5
36397,9
36400,11
36403,23
36404,2
36406,9
36407,5
36409,7
36410,11
36412,3
36413,13
36416,28
36419,6
36420,5
36422,15
36423,7
36425,2
36426,3
36428,4
36429,13
36432,10
36435,14
36436,6
36438,7
36439,4
36441,3
36442,9
36444,4
36445,7
36448,18
36451,6
36452,2
36454,15
36455,7
36458,5
36460,4
36461,12
36464,14
36467,13
36470,9
36471,3
36473,9
36474,8
36476,3
36477,9
36480,19
36483,7
36484,1
36486,11
36487,2
36489,5
36490,4
36492,7
36493,13
36496,7
36499,14
36500,2
36502,6
36503,2
36505,7
36506,10
36509,13
36512,14
36515,8
36516,2
36518,17
36519,12
36521,2
36522,5
36524,4
36525,11
36528,9
36531,17
36532,3
36534,4
36535,1
36537,3
36538,9
36540,3
36541,8
36544,18
36547,7
36548,2
36550,9
36551,7
36553,1
36554,5
36556,10
36557,16
36560,11
36563,15
36564,3
36566,6
36567,2
36569,8
36570,10
36572,2
36573,4
36576,18
36579,5
36580,1
36582,10
36583,7
36585,2
36586,5
36588,1
36589,18
36592,9
36595,14
36596,7
36598,4
36599,3
36601,2
36602,13
36604,1
36605,5
36608,21
36611,6
36612,2
36614,10
36615,5
36617,3
36618,3
36620,7
36621,10
36624,6
36627,15
36630,3
36631,2
36633,3
36634,10
36636,4
36637,4
36640,13
36643,5
36646,9
36647,13
36649,6
36650,6
36652,4
36653,11
36656,9
36659,18
36660,4
36662,6
36663,4
36665,6
36666,12
36668,3
36669,5
36672,12
36675,7
36676,3
36678,8
36679,4
36681,3
36682,6
36684,1
36685,8
36688,3
36691,10
36692,4
36694,6
36695,2
36697,8
36698,3
36700,3
36701,6
36704,15
36707,9
36710,8
36711,4
36713,2
36714,3
36716,4
36717,16
36720,10
36723,17
36724,4
36726,2
36727,4
36729,9
36730,17
36732,2
36733,6
36736,19
36739,7
36740,1
36742,7
36743,9
36746,2
36748,4
36749,12
36752,6
36755,13
36756,3
36758,6
36759,1
36761,6
36762,8
36764,4
36765,4
36768,19
36771,6
36774,10
36775,3
36777,1
36778,5
36780,3
36781,8
36784,8
36787,10
36788,2
36790,1
36791,1
36793,12
36794,7
36796,1
36797,5
36800,12
36803,6
36806,8
36807,4
36809,4
36810,4
36812,3
36813,6
36816,7
36819,15
36820,5
36822,8
36823,4
36825,3
36826,9
36829,6
36832,17
36835,6
36836,2
36838,6
36839,4
36842,3
36844,2
36845,12
36848,5
36851,8
36852,2
36854,5
36857,4
36858,5
36861,6
36864,16
36867,1
36868,2
36870,6
36871,4
36873,2
36874,2
36876,2
36877,12
36880,6
36883,5
36884,1
36886,3
36887,2
36889,10
36890,8
36892,5
36893,2
36896,10
36899,7
36900,1
36902,9
36903,5
36905,1
36906,4
36908,3
36909,9
36912,6
36915,9
36916,3
36918,2
36919,1
36921,6
36922,10
36925,5
36928,14
36931,8
36932,1
36934,10
36935,5
36937,2
36938,2
36940,2
36941,11
36944,7
36947,8
36948,1
36950,6
36951,2
36953,7
36954,8
36957,5
36960,12
36963,4
36964,1
36966,3
36967,3
36969,3
36970,4
36972,3
36973,11
36976,8
36979,11
36980,4
36982,3
36983,2
36985,8
36986,3
36989,3
36992,8
36995,6
36996,2
36998,2
36999,3
37001,5
37002,1
37004,1
37005,11
37008,4
37011,7
37012,2
37014,2
37015,3
37017,4
37018,3
37020,1
37021,7
37024,10
37027,3
37028,1
37030,7
37031,3
37033,1
37034,2
37037,14
37040,5
37043,13
37044,2
37046,1
37047,4
37049,8
37050,8
37052,1
37053,4
37056,14
37059,3
37060,1
37062,8
37063,9
37065,3
37066,3
37068,2
37069,9
37072,4
37075,13
37076,2
37078,4
37081,2
37082,4
37085,3
37088,18
37091,5
37092,1
37094,5
37095,4
37098,2
37100,1
37101,7
37104,1
37107,10
37108,3
37110,3
37111,3
37113,3
37114,4
37117,3
37120,14
37123,4
37126,10
37127,6
37129,1
37130,1
37132,3
37133,5
37136,5
37139,13
37140,2
37142,3
37143,2
37145,6
37146,10
37148,1
37149,2
37152,12
37155,6
37156,1
37158,6
37159,6
37161,5
37162,3
37164,4
37165,9
37168,4
37171,11
37172,2
37174,4
37175,1
37177,6
37178,7
37180,2
37181,7
37184,12
37187,4
37188,2
37190,7
37191,8
37193,2
37194,10
37196,2
37197,9
37200,4
37203,14
37204,1
37206,5
37207,7
37209,4
37210,8
37212,1
37213,11
37216,9
37219,4
37220,1
37222,4
37223,2
37225,3
37226,5
37229,7
37232,4
37235,7
37236,1
37238,4
37239,1
37241,4
37242,8
37245,6
37248,14
37251,5
37252,1
37254,4
37255,8
37258,1
37260,2
37261,17
37264,6
37267,7
37268,4
37270,4
37271,1
37273,5
37274,6
37277,8
37280,13
37283,7
37286,12
37287,3
37289,1
37290,4
37292,2
37293,11
37296,6
37299,10
37300,2
37302,7
37303,2
37305,5
37306,10
37309,9
37312,9
37315,2
37318,8
37319,3
37321,1
37322,2
37324,2
37325,10
37328,3
37331,11
37332,4
37334,3
37335,1
37337,6
37338,4
37341,4
37344,12
37347,4
37348,2
37350,4
37351,3
37353,2
37354,1
37356,1
37357,4
37360,8
37363,13
37364,3
37366,6
37367,1
37369,4
37370,10
37373,2
37376,12
37379,3
37380,1
37382,5
37383,5
37385,1
37386,3
37388,3
37389,10
37392,3
37395,6
37396,2
37398,3
37399,4
37401,7
37402,12
37404,2
37405,5
37408,7
37411,6
37412,2
37414,10
37415,8
37417,2
37418,1
37420,2
37421,9
37424,7
37427,5
37428,2
37430,2
37433,3
37434,5
37437,3
37440,11
37443,5
37444,4
37446,10
37447,6
37449,3
37450,5
37452,4
37453,10
37456,1
37459,9
37460,3
37462,2
37465,2
37466,7
37468,1
37469,2
37472,6
37475,6
37476,3
37478,9
37479,6
37482,2
37484,2
37485,7
37488,8
37491,7
37492,2
37494,1
37495,1
37497,2
37498,7
37500,1
37501,5
37504,13
37507,3
37510,2
37511,6
37513,1
37514,2
37516,4
37517,12
37520,4
37523,14
37524,4
37526,3
37527,1
37529,2
37530,7
37532,1
37533,4
37536,13
37539,5
37540,2
37542,7
37543,2
37545,2
37546,2
37548,5
37549,7
37552,4
37555,6
37556,1
37558,7
37561,8
37562,9
37564,2
37565,5
37568,17
37571,3
37572,2
37574,6
37575,1
37578,5
37580,4
37581,10
37584,1
37587,10
37588,2
37590,3
37591,1
37593,9
37594,8
37597,1
37600,11
37603,7
37604,1
37606,7
37607,3
37609,2
37610,4
37612,7
37613,9
37616,8
37619,7
37620,1
37622,1
37623,1
37625,8
37626,9
37628,1
37629,2
37632,18
37635,5
37636,4
37638,7
37639,6
37641,2
37642,1
37644,3
37645,10
37648,5
37651,10
37652,1
37654,5
37655,3
37657,4
37658,9
37660,2
37661,4
37664,10
37667,7
37668,1
37670,5
37671,5
37673,1
37674,4
37676,1
37677,13
37680,8
37683,10
37684,2
37686,4
37687,3
37689,4
37690,8
37693,4
37696,9
37699,5
37700,2
37702,9
37703,1
37705,2
37706,4
37708,5
37709,17
37712,7
37715,11
37716,6
37718,5
37719,2
37721,7
37722,13
37724,2
37725,5
37728,13
37731,4
37732,1
37734,3
37735,3
37737,7
37740,1
37741,7
37744,6
37747,10
37748,2
37750,2
37751,3
37753,6
37754,7
37756,1
37757,6
37760,15
37763,7
37764,1
37766,13
37767,1
37769,4
37770,4
37772,5
37773,11
37776,5
37779,10
37780,2
37782,3
37783,1
37785,2
37786,10
37788,2
37789,4
37792,11
37795,6
37796,1
37798,7
37799,6
37801,2
37802,1
37805,3
37808,9
37811,16
37812,1
37814,4
37815,4
37817,2
37818,5
37820,4
37821,5
37824,12
37827,4
37828,4
37830,7
37831,4
37833,1
37834,3
37836,2
37837,12
37840,5
37843,13
37844,6
37846,4
37847,1
37849,3
37850,3
37853,4
37856,21
37859,2
37862,8
37863,9
37865,2
37866,7
37868,5
37869,5
37872,3
37875,9
37876,1
37878,2
37881,2
37882,13
37884,2
37885,4
37888,7
37891,5
37892,1
37894,7
37895,9
37897,2
37898,4
37900,1
37901,9
37904,4
37907,9
37908,4
37910,6
37911,2
37913,3
37914,6
37916,1
37917,5
37920,11
37923,6
37926,12
37927,3
37929,4
37930,2
37932,4
37933,10
37936,4
37939,13
37940,1
37942,7
37943,3
37945,4
37946,8
37948,1
37949,1
37952,11
37955,3
37958,6
37959,6
37961,4
37962,5
37964,3
37965,9
37968,4
37971,6
37972,3
37974,6
37975,2
37977,8
37978,6
37980,3
37981,2
37984,13
37987,5
37988,1
37990,10
37991,3
37993,1
37994,1
37996,1
37997,8
38000,4
38003,9
38004,1
38006,3
38007,4
38009,4
38010,5
38013,4
38016,13
38019,3
38022,5
38023,3
38025,3
38026,3
38028,5
38029,11
38032,8
38035,9
38036,1
38038,3
38039,3
38041,4
38042,10
38045,3
38048,11
38051,5
38052,2
38054,7
38055,5
38058,5
38061,16
38064,8
38067,10
38070,4
38071,1
38073,6
38074,3
38076,1
38077,6
38080,12
38083,3
38084,1
38086,6
38087,5
38090,3
38092,2
38093,12
38096,3
38099,14
38100,3
38102,4
38103,3
38105,3
38106,11
38108,2
38109,3
38112,10
38115,3
38118,6
38119,4
38121,4
38122,3
38124,6
38125,4
38128,4
38131,8
38132,2
38134,1
38135,3
38137,6
38138,3
38141,6
38144,15
38147,3
38148,2
38150,8
38151,3
38153,3
38154,2
38156,1
38157,5
38160,3
38163,10
38164,2
38166,1
38167,2
38169,3
38170,6
38172,2
38173,3
38176,9
38179,5
38180,1
38182,9
38183,3
38185,3
38186,3
38188,2
38189,9
38192,5
38195,12
38196,3
38198,4
38201,5
38202,3
38204,2
38205,6
38208,14
38211,1
38212,1
38214,6
38215,1
38217,2
38218,2
38220,4
38221,9
38224,5
38227,6
38228,3
38230,4
38231,2
38233,2
38234,3
38236,1
38237,2
38240,13
38243,4
38244,2
38246,4
38247,4
38250,4
38252,3
38253,9
38256,6
38259,10
38260,2
38262,4
38263,4
38265,6
38266,3
38269,6
38272,12
38275,4
38276,1
38278,3
38279,2
38281,4
38282,3
38285,7
38288,4
38291,11
38292,3
38294,4
38297,5
38298,9
38300,2
38301,1
38304,17
38307,2
38308,1
38310,8
38311,7
38313,1
38314,1
38316,3
38317,9
38320,6
38323,4
38324,2
38326,2
38327,7
38330,7
38332,2
38333,8
38336,10
38339,8
38340,2
38342,6
38343,3
38345,2
38346,5
38349,7
38352,3
38355,16
38356,1
38358,1
38361,4
38362,3
38364,2
38365,1
38368,6
38371,4
38372,2
38374,3
38375,2
38377,1
38378,3
38380,3
38381,4
38384,4
38387,9
38391,1
38393,6
38394,3
38397,6
38400,5
38403,4
38404,1
38406,8
38407,3
38409,1
38410,3
38412,2
38413,7
38416,6
38419,4
38420,1
38422,4
38425,3
38426,6
38428,1
38429,3
38432,10
38435,2
38438,6
38439,1
38441,1
38444,2
38445,5
38448,8
38451,6
38452,2
38454,2
38455,4
38457,1
38458,3
38460,1
38461,3
38464,12
38467,2
38470,5
38471,4
38473,2
38474,2
38476,1
38477,7
38480,3
38483,9
38486,7
38487,5
38489,10
38490,8
38493,3
38496,8
38499,3
38502,11
38503,5
38505,1
38506,1
38508,1
38509,8
38512,2
38515,6
38516,2
38518,4
38519,3
38521,4
38522,5
38524,1
38525,6
38528,4
38531,2
38532,2
38534,8
38535,1
38537,1
38538,3
38541,9
38544,4
38547,9
38550,2
38551,4
38553,4
38554,4
38556,1
38557,5
38560,6
38563,3
38566,7
38567,7
38569,2
38570,1
38572,1
38573,10
38576,6
38579,10
38580,2
38582,1
38583,2
38586,1
38589,4
38592,4
38595,3
38596,1
38598,4
38599,1
38601,3
38602,3
38604,4
38605,10
38608,2
38611,5
38612,1
38614,2
38617,3
38618,7
38620,1
38621,6
38624,7
38627,3
38630,3
38631,3
38633,5
38634,2
38637,7
38640,5
38643,2
38646,4
38647,2
38649,6
38650,7
38653,2
38656,9
38659,1
38662,3
38663,1
38666,3
38668,1
38669,7
38672,4
38675,4
38678,2
38679,2
38681,5
38682,1
38684,1
38685,4
38688,7
38691,2
38692,1
38694,6
38695,6
38697,3
38698,3
38700,4
38701,8
38704,2
38707,1
38708,1
38710,2
38711,2
38713,3
38714,6
38720,9
38723,2
38726,7
38727,7
38730,2
38732,1
38733,6
38736,1
38739,12
38742,3
38745,3
38746,2
38748,1
38749,2
38752,8
38755,5
38756,2
38758,6
38759,5
38761,1
38762,1
38765,6
38768,1
38771,6
38774,5
38775,1
38777,5
38778,4
38780,2
38781,2
38784,5
38787,5
38790,4
38791,4
38793,1
38794,1
38796,1
38797,5
38800,3
38803,5
38804,1
38806,1
38807,1
38809,2
38810,2
38812,1
38813,5
38816,10
38819,3
38822,7
38823,2
38825,1
38826,3
38828,1
38829,5
38832,2
38835,6
38836,1
38841,2
38842,2
38844,1
38845,6
38848,9
38851,1
38852,3
38854,6
38855,4
38858,1
38860,1
38861,5
38864,3
38867,2
38868,2
38870,1
38873,1
38874,1
38877,3
38880,4
38883,1
38884,1
38886,1
38887,1
38892,1
38893,5
38896,2
38899,5
38902,3
38903,1
38905,1
38906,7
38909,2
38912,5
38915,4
38918,1
38922,2
38924,1
38925,3
38928,3
38931,4
38932,1
38934,1
38935,3
38937,2
38938,3
38940,1
38941,3
38944,2
38948,1
38950,2
38951,1
38953,2
38954,1
38960,1
38963,7
38964,2
38969,5
38970,2
38972,2
38973,3
38976,6
38979,3
38982,1
38983,1
38985,3
38986,1
38989,5
38992,5
38995,4
38998,2
38999,1
39001,1
39002,4
39005,3
39008,6
39012,2
39014,4
39015,2
39018,1
39021,7
39024,2
39027,9
39030,2
39031,1
39033,3
39034,2
39037,2
39040,7
39043,1
39046,5
39049,1
39050,1
39053,6
39056,3
39059,3
39060,2
39063,2
39065,2
39068,1
39069,4
39075,2
39078,4
39079,2
39081,2
39082,2
39084,1
39085,5
39088,1
39091,5
39094,1
39095,1
39097,2
39098,1
39100,1
39101,1
39104,5
39107,2
39108,1
39110,2
39111,2
39113,1
39114,2
39116,2
39117,4
39120,3
39123,4
39126,2
39129,1
39130,5
39133,1
39136,5
39139,2
39142,1
39143,4
39146,2
39148,1
39149,9
39152,1
39155,4
39156,1
39158,1
39162,1
39164,1
39165,3
39168,5
39171,1
39172,1
39174,3
39175,2
39177,1
39178,5
39180,3
39181,2
39184,2
39187,2
39188,1
39190,1
39191,1
39193,1
39194,2
39196,2
39197,2
39200,3
39203,4
39204,1
39206,3
39210,1
39212,2
39213,4
39219,2
39225,2
39226,4
39232,3
39236,1
39238,3
39239,3
39241,2
39242,1
39245,2
39251,2
39257,1
39258,3
39264,3
39267,3
39270,3
39271,2
39274,2
39277,4
39280,4
39283,1
39286,2
39290,1
39292,1
39296,5
39299,1
39303,2
39305,1
39306,1
39308,1
39309,1
39312,3
39315,3
39316,1
39318,1
39321,3
39322,3
39324,1
39325,1
39328,4
39331,2
39334,1
39335,2
39341,2
39344,1
39347,6
39354,4
39356,1
39357,1
39360,4
39366,1
39367,1
39370,1
39372,2
39373,1
39376,1
39379,5
39382,1
39383,1
39385,2
39386,1
39389,2
39392,4
39395,2
39398,2
39402,1
39405,3
39411,2
39414,1
39415,1
39418,4
39421,2
39424,1
39427,1
39430,3
39431,1
39436,1
39437,3
39446,1
39447,2
39449,1
39456,4
39459,3
39462,1
39465,1
39468,1
39469,3
39475,1
39476,1
39478,1
39481,2
39482,4
39488,1
39491,2
39495,1
39501,4
39507,2
39510,2
39513,1
39514,4
39520,3
39527,1
39529,1
39530,1
39533,1
39536,1
39539,2
39542,1
39543,2
39545,1
39546,2
39549,2
39552,1
39555,4
39556,1
39558,1
39561,1
39562,2
39564,1
39565,2
39568,2
39571,2
39574,2
39578,1
39580,3
39581,1
39584,2
39587,1
39590,1
39591,2
39593,1
39597,3
39600,1
39603,1
39610,1
39613,1
39616,3
39622,2
39625,1
39626,3
39632,1
39635,3
39636,3
39639,1
39642,1
39645,1
39648,6
39651,1
39652,1
39655,1
39658,2
39660,1
39661,1
39664,1
39667,4
39668,1
39674,4
39680,2
39686,3
39687,2
39690,1
39692,2
39693,2
39696,1
39703,1
39705,2
39706,1
39712,1
39715,2
39718,3
39719,2
39721,1
39725,1
39731,1
39732,1
39737,1
39738,2
39744,1
39747,1
39748,1
39757,1
39760,2
39763,4
39770,1
39779,2
39780,1
39782,2
39783,1
39788,2
39792,1
39795,1
39798,1
39802,1
39805,1
39808,4
39814,2
39815,1
39818,1
39820,1
39821,1
39824,1
39834,1
39837,1
39840,2
39846,1
39847,1
39856,1
39868,1
39872,3
39875,1
39878,2
39879,1
39882,1
39885,2
39888,1
39891,2
39894,2
39898,1
39901,1
39904,5
39910,2
39917,2
39920,1
39923,1
39926,2
39929,1
39936,2
39939,3
39942,1
39943,1
39949,1
39952,1
39955,2
39956,1
39962,1
39968,1
39977,1
39981,1
39987,2
39990,1
39994,2
39997,1
40000,2
40003,1
40007,1
40013,1
40019,1
40020,1
40022,1
40025,1
40026,2
40028,1
40029,2
40032,2
40035,1
40038,2
40041,2
40045,2
40048,1
40051,2
40054,1
40057,2
40058,1
40061,1
40064,1
40070,1
40071,1
40074,1
40077,2
40083,1
40084,1
40099,1
40102,1
40103,1
40108,1
40109,2
40112,1
40115,1
40118,1
40121,1
40122,2
40125,2
40128,2
40131,1
40134,2
40135,1
40138,1
40141,2
40144,1
40147,3
40148,1
40153,2
40154,2
40160,6
40166,1
40167,1
40169,1
40173,1
40186,2
40195,3
40198,2
40199,1
40204,1
40211,1
40218,1
40221,2
40224,1
40230,1
40237,1
40243,1
40246,1
40249,1
40250,1
40253,2
40256,1
40263,1
40275,1
40276,1
40279,1
40288,2
40291,1
40294,2
40295,1
40297,1
40300,1
40301,2
40304,1
40307,1
40310,1
40314,2
40317,2
40320,1
40327,1
40333,2
40339,1
40346,1
40352,2
40355,2
40359,2
40362,1
40371,2
40372,1
40377,1
40378,1
40381,2
40384,3
40390,1
40397,6
40400,1
40403,2
40404,1
40410,1
40423,1
40435,1
40441,1
40442,1
40448,1
40457,1
40461,1
40464,1
40470,1
40473,2
40480,1
40483,1
40487,1
40493,2
40499,2
40508,1
40509,2
40512,3
40516,1
40524,1
40525,1
40531,2
40534,2
40540,1
40544,1
40551,1
40554,1
40557,2
40567,1
40569,1
40570,1
40576,3
40585,1
40586,1
40589,1
40595,1
40601,1
40602,1
40608,1
40621,2
40624,2
40640,1
40643,1
40647,2
40650,1
40652,1
40653,1
40656,1
40659,1
40663,1
40665,1
40672,3
40678,2
40679,2
40685,1
40691,3
40697,1
40710,2
40711,1
40714,1
40720,1
40723,3
40730,1
40733,1
40736,1
40739,1
40742,1
40749,1
40752,1
40758,1
40765,2
40775,1
40777,1
40793,1
40794,1
40806,2
40807,1
40813,2
40819,1
40825,1
40832,1
40845,3
40848,2
40867,1
40877,1
40880,1
40883,1
40890,1
40892,1
40893,1
40896,1
40903,1
40909,1
40915,1
40919,1
40921,2
40925,1
40928,1
40935,1
40941,1
40957,1
40960,1
40973,2
40979,1
40986,1
40992,2
40999,1
41005,1
41011,1
41030,2
41031,1
41036,1
41043,2
41053,1
41063,2
41075,1
41076,1
41082,1
41098,1
41117,1
41123,1
41127,1
41145,1
41146,1
41152,1
41165,1
41168,1
41171,1
41196,1
41203,1
41206,1
41213,1
41216,2
41236,1
41245,2
41252,1
41258,1
41261,1
41264,1
41299,2
41302,1
41303,1
41305,1
41306,1
41309,1
41328,1
41332,1
41335,1
41347,1
41350,2
41402,1
41408,1
41415,2
41418,1
41427,1
41433,1
41434,2
41437,1
41449,1
41459,2
41478,1
41485,1
41501,1
41504,1
41548,1
41556,2
41559,1
41616,1
41638,3
41645,1
41648,1
41664,2
41667,1
41677,1
41686,1
41693,1
41705,1
41709,1
41715,1
41735,1
41738,1
41767,1
41773,1
41792,1
41799,1
41811,1
41818,1
41824,1
41831,1
41844,1
41846,1
41856,1
41875,2
41878,1
41901,1
41907,1
41917,1
41923,1
41926,1
41949,1
41958,1
41971,1
41997,1
42051,1
42071,1
42080,1
42099,1
42103,1
42112,1
42119,1
42137,1
42179,1
42183,1
42192,1
42237,1
42253,2
42285,1
42323,1
42371,1
42393,1
42400,1
42429,1
42554,1
42592,1
42691,1
42698,1
42745,1
42829,1
42861,1
42886,1
42899,1
42908,1
42963,1
42976,1
42995,1
43047,1
43309,1
43366,1
43385,1
43398,1
43411,1
43424,1
43469,1
43546,1
43561,1
43616,1
43651,1
43693,1
43776,1
43878,1
43884,1
44013,1
44083,1
44288,1
44474,1
44569,1
44570,1
44672,2
44845,1
44852,1
44864,1
44877,1
45235,1
45347,1
45507,1
45991,1
46105,1
46135,1
46170,1
46212,1
46468,1
46470,1
46496,1
46522,1
46599,1
46669,1
46733,1
46759,1
46762,1
46764,1
46816,1
46829,1
47149,1
47187,1
47271,1
47363,1
47412,1
47533,1
47725,1
47750,1
48208,1
48477,1
48851,1
48908,1
49261,1
49274,1
49945,1
50029,1
50099,1
50227,1
50333,1
50681,1
50899,1
50980,1
51859,1
52077,1
52439,1
53357,1
53600,1
53885,1
54131,1
54221,1
54249,1
54460,1
54643,1
54947,1
55296,1
55600,1
55754,1
55763,1
55824,1
55962,1
56205,1
56308,1
56660,1
56710,1
56778,1
56832,1
57504,1
58428,1
58650,1
58791,1
59424,1
59636,1
60141,1
60243,1
61063,1
61357,1
61811,1
61943,1
62243,1
62804,1
62836,1
63066,1
63085,1
63603,1
63670,1
63744,1
63779,1
63888,1
64000,1
64121,1
64471,1
64550,1
64637,1
64717,1
65187,1
65417,1
65613,1
65885,1
66116,1
66170,1
66176,1
66461,1
66535,1
66573,1
67738,1
68362,1
68998,1
69869,1
70003,1
70195,1
70586,1
70822,1
71501,1
71834,1
71993,1
72135,1
72493,1
72806,1
72947,1
73347,1
74051,1
75232,1
75245,1
75338,1
75594,1
75674,1
75789,1
75820,1
76086,1
76256,1
76659,1
77542,1
77584,1
78032,1
78083,1
78516,1
78739,1
78867,1
79126,1
79955,1
80051,1
80307,1
80678,1
81197,1
81844,1
82666,1
83078,1
83405,1
83424,1
83591,1
83635,1
83930,1
84199,1
84515,1
84889,1
85181,1
85184,1
86201,1
86765,1
87088,1
87188,1
87340,1
87526,1
87872,1
87923,1
88352,1
88391,1
88407,1
88720,1
88928,1
89159,1
89293,1
89520,1
89555,1
90394,1
90589,1
90950,1
90976,1
91075,1
91437,1
92327,1
92684,1
92819,1
93402,1
93543,1
94074,1
94240,1
94726,1
95168,1
95244,1
96256,1
96285,1
96563,1
96768,1
96838,1
96844,1
96915,1
97465,1
98160,1
98608,1
99213,1
99456,1
99847,1
99994,1
100358,1
100796,1
101402,1
102109,1
102931,1
103846,1
104198,1
104492,1
106073,1
106522,1
107046,2
107494,1
107779,1
108413,1
108432,1
108825,1
109091,1
110762,1
111834,1
115450,1
116224,1
116601,1
117846,1
119689,1
120048,1
120489,1
120650,1
121184,1
121818,1
122489,1
123597,1
125728,1
127385,1
128035,1
128480,1
128605,1
129472,1
129584,1
129824,1
132128,1
132531,1
133485,1
135059,1
139129,1
141952,1
143081,1
143315,1
145584,1
147334,1
151956,1
153235,1
155548,1
157280,1
