# Samples: 281872, Average: 5040.6 ns, StdDev: 271.0 ns, Quartiles: 4864.0/5017.0/5184.0 ns
3126,1
4163,1
4346,1
4416,3
4425,2
4428,1
4432,1
4435,2
4439,1
4441,1
4442,2
4445,1
4448,3
4451,2
4454,3
4458,1
4464,5
4467,2
4468,1
4470,2
4471,4
4473,2
4474,3
4476,2
4477,3
4480,7
4483,5
4484,1
4486,5
4487,4
4489,3
4490,7
4492,1
4493,8
4496,19
4499,9
4502,12
4503,5
4505,7
4506,12
4508,2
4509,15
4512,27
4515,12
4516,6
4518,12
4519,8
4521,12
4522,8
4524,8
4525,23
4528,33
4531,24
4532,8
4534,34
4535,17
4537,24
4538,24
4540,10
4541,54
4544,58
4547,45
4548,14
4550,38
4551,21
4553,28
4554,52
4556,15
4557,57
4560,87
4563,71
4564,23
4566,52
4567,43
4569,35
4570,51
4572,29
4573,89
4576,117
4579,95
4580,27
4582,89
4583,61
4585,52
4586,103
4588,34
4589,125
4592,176
4595,137
4596,31
4598,116
4599,67
4601,75
4602,115
4604,40
4605,183
4608,170
4611,174
4612,55
4614,135
4615,84
4617,99
4618,153
4620,35
4621,184
4624,297
4627,197
4628,50
4630,188
4631,133
4633,114
4634,176
4636,66
4637,255
4640,313
4643,270
4644,63
4646,210
4647,131
4649,152
4650,242
4652,77
4653,309
4656,381
4659,341
4660,90
4662,275
4663,173
4665,146
4666,236
4668,93
4669,410
4672,444
4675,437
4676,96
4678,302
4679,213
4681,226
4682,391
4684,118
4685,464
4688,592
4691,455
4692,102
4694,400
4695,285
4697,244
4698,359
4700,120
4701,565
4704,627
4707,625
4708,158
4710,411
4711,302
4713,314
4714,453
4716,137
4717,585
4720,830
4723,605
4724,168
4726,473
4727,343
4729,335
4730,477
4732,194
4733,728
4736,799
4739,804
4740,198
4742,502
4743,355
4745,385
4746,617
4748,183
4749,713
4752,1040
4755,730
4756,189
4758,603
4759,428
4761,402
4762,632
4764,211
4765,862
4768,985
4771,874
4772,205
4774,585
4775,422
4777,439
4778,688
4780,214
4781,873
4784,1207
4787,883
4788,226
4790,765
4791,499
4793,427
4794,672
4796,239
4797,1000
4800,1199
4803,987
4804,231
4806,761
4807,459
4809,564
4810,752
4812,221
4813,964
4816,1359
4819,1035
4820,235
4822,827
4823,572
4825,519
4826,760
4828,274
4829,1053
4832,1237
4835,1138
4836,284
4838,741
4839,487
4841,567
4842,821
4844,266
4845,984
4848,1453
4851,1037
4852,262
4854,918
4855,576
4857,570
4858,738
4860,302
4861,1178
4864,1378
4867,1147
4868,287
4870,795
4871,572
4873,591
4874,848
4876,261
4877,1114
4880,1508
4883,1088
4884,298
4886,926
4887,545
4889,558
4890,850
4892,342
4893,1215
4896,1346
4899,1258
4900,271
4902,885
4903,551
4905,561
4906,925
4908,281
4909,1102
4912,1576
4915,1124
4916,276
4918,854
4919,621
4921,536
4922,850
4924,331
4925,1208
4928,1356
4931,1229
4932,273
4934,763
4935,603
4937,625
4938,914
4940,294
4941,1084
4944,1493
4947,1137
4948,254
4950,944
4951,580
4953,603
4954,804
4956,294
4957,1253
4960,1401
4963,1263
4964,323
4966,865
4967,600
4969,631
4970,941
4972,295
4973,1165
4976,1586
4979,1180
4980,311
4982,972
4983,664
4985,601
4986,870
4988,304
4989,1230
4992,1446
4995,1268
4996,319
4998,862
4999,576
5001,609
5002,966
5004,277
5005,1126
5008,1535
5011,1161
5012,293
5014,916
5015,613
5017,570
5018,888
5020,299
5021,1245
5024,1369
5027,1252
5028,307
5030,893
5031,527
5033,600
5034,935
5036,298
5037,1084
5040,1500
5043,1056
5044,283
5046,895
5047,632
5049,562
5050,825
5052,316
5053,1238
5056,1346
5059,1192
5060,298
5062,826
5063,587
5065,591
5066,890
5068,254
5069,1035
5072,1531
5075,1060
5076,268
5078,835
5079,593
5081,530
5082,765
5084,297
5085,1202
5088,1352
5091,1120
5092,305
5094,802
5095,504
5097,598
5098,902
5100,252
5101,1057
5104,1349
5107,1033
5108,249
5110,780
5111,558
5113,494
5114,803
5116,309
5117,1030
5120,1259
5123,1086
5124,274
5126,728
5127,509
5129,566
5130,784
5132,226
5133,1027
5136,1371
5139,988
5140,237
5142,764
5143,534
5145,516
5146,667
5148,237
5149,1012
5152,1233
5155,1006
5156,265
5158,694
5159,494
5161,481
5162,770
5164,227
5165,889
5168,1202
5171,909
5172,232
5174,733
5175,481
5177,437
5178,637
5180,240
5181,957
5184,1073
5187,894
5188,208
5190,621
5191,400
5193,468
5194,686
5196,220
5197,840
5200,1104
5203,774
5204,181
5206,634
5207,407
5209,393
5210,579
5212,217
5213,824
5216,886
5219,822
5220,228
5222,559
5223,387
5225,442
5226,609
5228,161
5229,747
5232,1044
5235,696
5236,194
5238,602
5239,394
5241,364
5242,547
5244,209
5245,773
5248,900
5251,726
5252,186
5254,509
5255,364
5257,376
5258,510
5260,174
5261,638
5264,847
5267,640
5268,148
5270,532
5271,340
5273,337
5274,470
5276,170
5277,647
5280,753
5283,600
5284,169
5286,427
5287,289
5289,345
5290,456
5292,156
5293,595
5296,744
5299,558
5300,140
5302,448
5303,290
5305,268
5306,429
5308,133
5309,553
5312,662
5315,553
5316,148
5318,355
5319,270
5321,270
5322,434
5324,134
5325,459
5328,601
5331,493
5332,120
5334,387
5335,263
5337,220
5338,350
5340,108
5341,476
5344,524
5347,501
5348,119
5350,312
5351,222
5353,234
5354,357
5356,109
5357,439
5360,578
5363,373
5364,91
5366,296
5367,217
5369,214
5370,321
5372,111
5373,423
5376,448
5379,428
5380,91
5382,311
5383,207
5385,188
5386,307
5388,86
5389,325
5392,477
5395,340
5396,69
5398,272
5399,178
5401,167
5402,244
5404,98
5405,348
5408,398
5411,356
5412,71
5414,251
5415,154
5417,184
5418,219
5420,89
5421,299
5424,386
5427,310
5428,63
5430,260
5431,131
5433,133
5434,189
5436,86
5437,284
5440,350
5443,290
5444,64
5446,174
5447,131
5449,147
5450,175
5452,63
5453,223
5456,332
5459,237
5460,45
5462,186
5463,134
5465,116
5466,180
5468,63
5469,233
5472,291
5475,232
5476,58
5478,159
5479,102
5481,102
5482,160
5484,35
5485,183
5488,262
5491,180
5492,52
5494,135
5495,89
5497,75
5498,137
5500,47
5501,161
5504,217
5507,189
5508,52
5510,110
5511,75
5513,84
5514,114
5516,42
5517,168
5520,210
5523,173
5524,40
5526,135
5527,73
5529,74
5530,109
5532,43
5533,153
5536,173
5539,140
5540,38
5542,97
5543,55
5545,68
5546,119
5548,32
5549,132
5552,160
5555,130
5556,31
5558,100
5559,56
5561,45
5562,74
5564,26
5565,139
5568,163
5571,100
5572,19
5574,64
5575,43
5577,65
5578,65
5580,18
5581,99
5584,114
5587,100
5588,16
5590,68
5591,42
5593,44
5594,64
5596,18
5597,99
5600,103
5603,97
5604,28
5606,68
5607,35
5609,36
5610,56
5612,26
5613,73
5616,110
5619,81
5620,23
5622,45
5623,32
5625,41
5626,51
5628,14
5629,70
5632,79
5635,69
5636,11
5638,44
5639,26
5641,32
5642,42
5644,19
5645,75
5648,76
5651,52
5652,8
5654,38
5655,26
5657,34
5658,32
5660,10
5661,69
5664,67
5667,56
5668,11
5670,48
5671,29
5673,24
5674,53
5676,9
5677,41
5680,48
5683,37
5684,5
5686,35
5687,19
5689,18
5690,38
5692,12
5693,50
5696,52
5699,34
5700,5
5702,25
5703,21
5705,24
5706,32
5708,10
5709,28
5712,37
5715,35
5716,11
5718,19
5719,11
5721,15
5722,24
5724,7
5725,32
5728,32
5731,24
5732,7
5734,16
5735,9
5737,17
5738,22
5740,8
5741,35
5744,37
5747,20
5748,6
5750,14
5751,7
5753,12
5754,15
5756,4
5757,26
5760,22
5763,24
5764,7
5766,13
5767,6
5769,4
5770,12
5772,4
5773,18
5776,35
5779,21
5780,4
5782,13
5783,7
5785,9
5786,8
5788,5
5789,20
5792,22
5795,18
5796,3
5798,10
5799,7
5801,11
5802,12
5804,4
5805,17
5808,21
5811,17
5812,2
5814,13
5815,7
5817,4
5818,6
5821,15
5824,15
5827,10
5828,4
5830,5
5831,8
5833,10
5834,3
5837,7
5840,13
5843,11
5844,2
5846,8
5847,1
5849,5
5850,6
5852,1
5853,8
5856,10
5859,6
5860,1
5862,4
5863,6
5865,7
5866,5
5869,12
5872,9
5875,9
5876,1
5878,3
5879,3
5881,4
5882,4
5884,1
5885,3
5888,7
5891,8
5892,1
5894,1
5895,7
5897,5
5898,3
5900,2
5901,4
5904,9
5907,6
5908,2
5910,4
5911,3
5914,5
5916,1
5917,6
5920,3
5923,3
5924,1
5926,3
5927,3
5930,6
5932,1
5933,8
5936,6
5939,4
5940,5
5942,4
5943,1
5945,2
5946,2
5948,1
5949,5
5952,4
5955,6
5956,1
5958,3
5959,1
5961,2
5962,1
5965,1
5968,3
5971,4
5974,2
5975,1
5977,2
5978,4
5981,4
5984,4
5987,4
5988,1
5990,5
5991,1
5993,2
5994,3
5996,1
5997,2
6003,2
6004,1
6006,1
6007,1
6010,3
6013,5
6016,2
6019,1
6020,1
6022,1
6025,1
6026,1
6029,1
6035,3
6038,1
6041,1
6042,1
6045,1
6048,2
6051,1
6054,3
6058,2
6061,3
6067,1
6068,2
6070,2
6077,1
6080,2
6083,1
6086,1
6087,1
6090,1
6096,1
6100,1
6105,1
6106,1
6109,2
6112,3
6116,1
6121,1
6122,1
6125,2
6128,2
6144,2
6147,1
6150,1
6154,1
6157,1
6163,2
6170,1
6173,2
6186,1
6188,1
6198,1
6199,1
6202,1
6208,1
6211,1
6217,1
6221,1
6224,1
6227,1
6243,1
6247,1
6250,1
6253,1
6263,1
6269,1
6272,1
6279,1
6288,1
6291,1
6294,1
6295,1
6304,3
6310,1
6314,1
6323,1
6326,3
6330,2
6333,1
6345,1
6346,2
6349,1
6352,1
6358,1
6365,1
6368,1
6374,2
6384,2
6387,1
6390,1
6394,2
6403,2
6410,1
6413,1
6422,1
6426,1
6441,1
6445,1
6448,1
6454,1
6455,1
6461,1
6471,1
6474,1
6480,1
6483,2
6486,1
6499,1
6502,1
6503,1
6505,1
6522,1
6531,2
6553,1
6554,3
6557,1
6560,1
6570,1
6572,1
6573,1
6576,2
6579,2
6583,2
6589,3
6592,1
6595,1
6602,1
6608,1
6614,1
6624,1
6633,1
6634,1
6646,1
6647,1
6650,1
6653,1
6688,1
6691,1
6698,2
6707,1
6711,2
6713,1
6717,3
6720,1
6723,1
6733,2
6739,1
6740,1
6742,1
6752,2
6764,1
6768,3
6778,1
6784,3
6806,1
6810,1
6813,1
6816,2
6829,1
6838,2
6845,1
6852,1
6855,1
6858,1
6864,1
6868,1
6873,1
6874,1
6880,2
6884,1
6886,1
6887,1
6890,1
6896,2
6902,1
6903,1
6906,1
6909,1
6912,2
6918,2
6928,2
6938,2
6940,1
6944,1
6950,1
6954,2
6960,1
6985,3
6986,1
6992,2
6998,1
7001,2
7014,1
7021,2
7024,1
7043,2
7046,1
7050,1
7056,2
7059,1
7063,1
7072,1
7079,1
7082,1
7091,2
7100,1
7108,1
7111,1
7113,1
7114,1
7117,1
7127,1
7130,1
7139,2
7146,1
7149,1
7162,1
7168,1
7171,1
7175,1
7184,1
7187,1
7190,1
7191,1
7194,1
7200,1
7206,1
7207,1
7210,1
7216,2
7223,1
7232,1
7242,1
7245,1
7248,1
7251,2
7254,2
7261,1
7264,1
7267,2
7271,1
7273,1
7274,3
7280,2
7290,1
7292,1
7296,1
7309,2
7315,2
7316,1
7328,1
7331,1
7344,3
7354,1
7360,1
7363,1
7366,1
7367,1
7370,1
7376,3
7379,3
7382,1
7392,2
7395,1
7396,1
7398,2
7399,2
7404,1
7411,1
7420,1
7427,1
7430,1
7437,2
7452,1
7463,1
7472,1
7479,1
7481,2
7498,1
7501,1
7510,1
7513,1
7516,1
7530,1
7532,1
7539,1
7542,1
7549,1
7552,1
7565,1
7574,2
7577,1
7581,1
7584,1
7596,1
7597,1
7603,1
7613,1
7616,1
7619,2
7622,1
7623,2
7625,1
7638,1
7648,1
7657,1
7658,1
7671,1
7673,1
7683,1
7696,1
7715,3
7718,1
7722,2
7728,1
7731,1
7732,1
7750,1
7751,1
7754,1
7757,1
7773,1
7782,1
7789,1
7818,1
7831,1
7834,1
7836,1
7843,1
7847,1
7860,1
7872,1
7875,1
7876,1
7885,1
7891,2
7894,1
7904,1
7926,1
7927,1
7968,2
7975,1
7987,1
8000,2
8003,2
8006,1
8009,1
8013,1
8029,1
8035,1
8045,1
8061,1
8064,1
8071,1
8073,1
8077,1
8102,1
8109,1
8119,1
8128,1
8151,1
8153,1
8163,1
8179,1
8192,1
8202,2
8208,2
8218,1
8221,1
8259,1
8262,1
8265,1
8282,1
8285,1
8297,1
8307,1
8316,1
8340,1
8346,1
8356,1
8378,1
8381,2
8384,1
8388,1
8400,1
8407,2
8410,1
8432,1
8445,1
8448,1
8454,1
8474,1
8493,1
8499,2
8502,1
8506,1
8515,1
8522,1
8528,1
8540,1
8541,1
8544,1
8582,1
8583,1
8586,1
8592,1
8595,1
8602,1
8605,1
8612,1
8624,1
8627,2
8640,1
8644,1
8663,1
8710,1
8745,1
8765,1
8771,1
8777,1
8780,1
8794,1
8819,2
8822,1
8828,1
8842,1
8848,1
8867,1
8883,1
8896,1
8903,1
8915,1
8925,1
8985,1
9024,1
9030,1
9043,1
9052,1
9053,1
9056,1
9059,1
9101,1
9117,1
9136,1
9142,1
9148,1
9171,1
9187,1
9197,1
9203,1
9219,1
9232,1
9251,1
9254,1
9270,1
9277,1
9293,1
9299,1
9315,1
9354,1
9388,2
9395,1
9405,1
9408,1
9411,2
9421,1
9440,1
9463,1
9488,1
9530,1
9533,1
9561,2
9572,1
9590,1
9600,1
9612,1
9616,1
9635,1
9639,1
9657,1
9670,2
9680,1
9696,1
9705,1
9757,1
9760,1
9795,1
9805,1
9811,1
9827,1
9988,1
10013,1
10041,1
10064,1
10115,1
10132,1
10138,2
10147,1
10157,1
10237,1
10253,1
10256,1
10310,1
10324,1
10336,1
10362,1
10406,1
10416,1
10429,1
10493,1
10532,1
10567,1
10592,1
10608,1
10611,1
10615,1
10617,1
10646,1
10855,1
10976,1
11018,1
11043,1
11133,1
11168,1
11187,1
11220,1
11251,1
11280,1
11354,1
11396,1
11571,1
11651,1
11725,1
11732,1
11763,1
11901,1
12042,1
12170,1
12259,1
12685,1
14663,1
16637,1
