# Samples: 277112, Average: 5254.7 ns, StdDev: 757.4 ns, Quartiles: 4720.0/5114.0/5542.0 ns
4150,1
4154,1
4160,1
4163,5
4164,2
4166,4
4167,1
4170,5
4172,4
4173,5
4176,13
4179,5
4180,1
4182,5
4183,9
4185,3
4186,8
4188,4
4189,13
4192,14
4195,18
4196,4
4198,14
4199,11
4201,13
4202,15
4204,9
4205,27
4208,45
4211,28
4212,11
4214,34
4215,19
4217,23
4218,37
4220,13
4221,40
4224,61
4227,32
4228,10
4230,32
4231,26
4233,30
4234,46
4236,15
4237,52
4240,90
4243,53
4244,14
4246,67
4247,41
4249,34
4250,42
4252,16
4253,71
4256,97
4259,102
4260,26
4262,70
4263,50
4265,50
4266,66
4268,26
4269,89
4272,143
4275,102
4276,29
4278,78
4279,60
4281,48
4282,94
4284,28
4285,124
4288,191
4291,160
4292,39
4294,109
4295,89
4297,89
4298,132
4300,38
4301,161
4304,209
4307,159
4308,44
4310,147
4311,79
4313,86
4314,133
4316,48
4317,175
4320,253
4323,177
4324,41
4326,153
4327,93
4329,106
4330,170
4332,64
4333,226
4336,287
4339,243
4340,53
4342,196
4343,122
4345,119
4346,142
4348,54
4349,252
4352,289
4355,289
4356,70
4358,185
4359,119
4361,130
4362,204
4364,61
4365,286
4368,399
4371,287
4372,57
4374,255
4375,172
4377,149
4378,235
4380,80
4381,312
4384,394
4387,325
4388,80
4390,263
4391,178
4393,177
4394,281
4396,77
4397,334
4400,456
4403,327
4404,84
4406,261
4407,160
4409,191
4410,243
4412,86
4413,388
4416,435
4419,397
4420,107
4422,272
4423,188
4425,200
4426,278
4428,121
4429,377
4432,471
4435,369
4436,95
4438,311
4439,197
4441,212
4442,256
4444,125
4445,381
4448,485
4451,376
4452,98
4454,281
4455,176
4457,213
4458,325
4460,80
4461,364
4464,483
4467,366
4468,125
4470,301
4471,217
4473,198
4474,318
4476,98
4477,397
4480,544
4483,447
4484,118
4486,341
4487,196
4489,208
4490,331
4492,107
4493,428
4496,558
4499,443
4500,117
4502,326
4503,205
4505,207
4506,329
4508,120
4509,418
4512,550
4515,413
4516,102
4518,304
4519,208
4521,203
4522,341
4524,117
4525,413
4528,554
4531,452
4532,111
4534,347
4535,185
4537,233
4538,326
4540,114
4541,478
4544,538
4547,515
4548,128
4550,367
4551,269
4553,243
4554,375
4556,116
4557,473
4560,580
4563,480
4564,125
4566,364
4567,224
4569,253
4570,354
4572,131
4573,432
4576,523
4579,460
4580,110
4582,317
4583,221
4585,237
4586,370
4588,151
4589,457
4592,594
4595,428
4596,118
4598,373
4599,207
4601,219
4602,332
4604,122
4605,471
4608,537
4611,460
4612,121
4614,337
4615,251
4617,254
4618,347
4620,122
4621,463
4624,582
4627,479
4628,135
4630,378
4631,225
4633,249
4634,337
4636,121
4637,481
4640,588
4643,521
4644,106
4646,361
4647,216
4649,230
4650,357
4652,127
4653,461
4656,630
4659,502
4660,138
4662,366
4663,254
4665,240
4666,345
4668,137
4669,493
4672,569
4675,490
4676,116
4678,399
4679,259
4681,239
4682,369
4684,110
4685,468
4688,623
4691,493
4692,129
4694,385
4695,266
4697,251
4698,394
4700,136
4701,548
4704,631
4707,545
4708,141
4710,415
4711,277
4713,290
4714,397
4716,136
4717,501
4720,685
4723,528
4724,106
4726,393
4727,263
4729,222
4730,402
4732,126
4733,488
4736,691
4739,505
4740,127
4742,401
4743,250
4745,267
4746,383
4748,131
4749,528
4752,616
4755,504
4756,150
4758,364
4759,242
4761,252
4762,358
4764,119
4765,522
4768,621
4771,550
4772,124
4774,377
4775,241
4777,276
4778,399
4780,123
4781,525
4784,660
4787,502
4788,115
4790,384
4791,254
4793,270
4794,369
4796,130
4797,544
4800,671
4803,527
4804,110
4806,402
4807,247
4809,232
4810,383
4812,101
4813,491
4816,642
4819,459
4820,122
4822,364
4823,248
4825,232
4826,397
4828,133
4829,494
4832,576
4835,442
4836,117
4838,353
4839,252
4841,235
4842,373
4844,137
4845,472
4848,621
4851,478
4852,134
4854,380
4855,232
4857,233
4858,354
4860,125
4861,530
4864,620
4867,499
4868,121
4870,353
4871,234
4873,256
4874,333
4876,112
4877,471
4880,570
4883,461
4884,134
4886,370
4887,234
4889,237
4890,339
4892,117
4893,421
4896,461
4899,435
4900,99
4902,306
4903,191
4905,186
4906,311
4908,108
4909,398
4912,565
4915,368
4916,99
4918,307
4919,227
4921,216
4922,326
4924,138
4925,436
4928,493
4931,412
4932,108
4934,337
4935,191
4937,211
4938,332
4940,100
4941,433
4944,508
4947,419
4948,113
4950,330
4951,224
4953,203
4954,299
4956,101
4957,439
4960,465
4963,448
4964,97
4966,288
4967,171
4969,213
4970,299
4972,121
4973,394
4976,580
4979,411
4980,109
4982,314
4983,203
4985,201
4986,296
4988,104
4989,429
4992,489
4995,394
4996,105
4998,294
4999,194
5001,212
5002,301
5004,104
5005,398
5008,511
5011,402
5012,94
5014,291
5015,223
5017,214
5018,289
5020,98
5021,412
5024,512
5027,404
5028,94
5030,302
5031,203
5033,201
5034,319
5036,111
5037,388
5040,519
5043,406
5044,97
5046,309
5047,228
5049,177
5050,262
5052,99
5053,399
5056,472
5059,410
5060,101
5062,307
5063,182
5065,182
5066,286
5068,89
5069,426
5072,547
5075,410
5076,92
5078,316
5079,213
5081,202
5082,330
5084,118
5085,436
5088,516
5091,413
5092,104
5094,304
5095,204
5097,221
5098,313
5100,105
5101,432
5104,520
5107,408
5108,94
5110,327
5111,196
5113,179
5114,290
5116,107
5117,405
5120,508
5123,417
5124,107
5126,323
5127,183
5129,200
5130,287
5132,92
5133,381
5136,518
5139,357
5140,76
5142,322
5143,198
5145,179
5146,260
5148,115
5149,410
5152,469
5155,457
5156,127
5158,309
5159,192
5161,219
5162,301
5164,95
5165,423
5168,552
5171,381
5172,110
5174,322
5175,203
5177,179
5178,267
5180,99
5181,431
5184,526
5187,438
5188,85
5190,308
5191,202
5193,170
5194,317
5196,85
5197,360
5200,527
5203,376
5204,112
5206,321
5207,213
5209,195
5210,304
5212,105
5213,399
5216,457
5219,392
5220,101
5222,305
5223,202
5225,215
5226,323
5228,99
5229,429
5232,542
5235,420
5236,102
5238,343
5239,235
5241,229
5242,317
5244,109
5245,453
5248,565
5251,469
5252,108
5254,350
5255,221
5257,219
5258,305
5260,102
5261,395
5264,520
5267,413
5268,105
5270,322
5271,200
5273,191
5274,330
5276,102
5277,434
5280,510
5283,380
5284,123
5286,287
5287,207
5289,186
5290,316
5292,110
5293,383
5296,515
5299,429
5300,113
5302,333
5303,201
5305,187
5306,289
5308,114
5309,435
5312,537
5315,442
5316,123
5318,336
5319,194
5321,230
5322,362
5324,120
5325,395
5328,540
5331,470
5332,94
5334,360
5335,236
5337,230
5338,298
5340,119
5341,434
5344,553
5347,497
5348,94
5350,313
5351,230
5353,193
5354,357
5356,89
5357,423
5360,535
5363,419
5364,114
5366,346
5367,213
5369,219
5370,325
5372,94
5373,476
5376,537
5379,474
5380,123
5382,326
5383,203
5385,252
5386,375
5388,118
5389,460
5392,576
5395,452
5396,131
5398,403
5399,252
5401,232
5402,344
5404,112
5405,460
5408,617
5411,495
5412,113
5414,328
5415,231
5417,263
5418,393
5420,118
5421,470
5424,604
5427,494
5428,124
5430,357
5431,242
5433,217
5434,345
5436,105
5437,468
5440,558
5443,481
5444,118
5446,301
5447,212
5449,232
5450,294
5452,106
5453,434
5456,493
5459,384
5460,90
5462,279
5463,194
5465,176
5466,280
5468,87
5469,404
5472,482
5475,399
5476,112
5478,250
5479,208
5481,185
5482,310
5484,90
5485,374
5488,499
5491,414
5492,91
5494,294
5495,210
5497,177
5498,276
5500,89
5501,372
5504,409
5507,337
5508,97
5510,261
5511,171
5513,191
5514,244
5516,82
5517,334
5520,448
5523,316
5524,74
5526,245
5527,163
5529,154
5530,242
5532,76
5533,261
5536,390
5539,293
5540,76
5542,232
5543,129
5545,146
5546,225
5548,59
5549,284
5552,353
5555,263
5556,80
5558,228
5559,148
5561,139
5562,225
5564,81
5565,271
5568,317
5571,276
5572,54
5574,222
5575,133
5577,148
5578,179
5580,72
5581,257
5584,317
5587,253
5588,77
5590,166
5591,127
5593,120
5594,183
5596,61
5597,251
5600,279
5603,215
5604,57
5606,146
5607,113
5609,104
5610,158
5612,54
5613,226
5616,269
5619,204
5620,54
5622,140
5623,111
5625,97
5626,144
5628,58
5629,206
5632,261
5635,207
5636,46
5638,123
5639,96
5641,81
5642,136
5644,50
5645,207
5648,266
5651,191
5652,46
5654,135
5655,95
5657,83
5658,128
5660,41
5661,190
5664,230
5667,196
5668,50
5670,142
5671,95
5673,95
5674,136
5676,49
5677,172
5680,241
5683,167
5684,43
5686,145
5687,88
5689,91
5690,133
5692,50
5693,209
5696,228
5699,167
5700,51
5702,133
5703,78
5705,83
5706,136
5708,57
5709,185
5712,240
5715,170
5716,54
5718,140
5719,90
5721,99
5722,147
5724,50
5725,165
5728,248
5731,204
5732,43
5734,136
5735,83
5737,97
5738,165
5740,58
5741,209
5744,240
5747,193
5748,49
5750,148
5751,87
5753,98
5754,158
5756,51
5757,223
5760,270
5763,240
5764,45
5766,172
5767,120
5769,123
5770,181
5772,67
5773,219
5776,326
5779,223
5780,64
5782,168
5783,114
5785,109
5786,176
5788,51
5789,247
5792,281
5795,237
5796,61
5798,186
5799,109
5801,109
5802,173
5804,58
5805,232
5808,262
5811,207
5812,63
5814,175
5815,101
5817,117
5818,180
5820,45
5821,189
5824,234
5827,206
5828,54
5830,165
5831,88
5833,105
5834,134
5836,34
5837,177
5840,254
5843,199
5844,66
5846,161
5847,97
5849,102
5850,166
5852,59
5853,201
5856,273
5859,212
5860,52
5862,149
5863,92
5865,113
5866,156
5868,52
5869,212
5872,238
5875,191
5876,64
5878,175
5879,114
5881,98
5882,141
5884,55
5885,188
5888,247
5891,194
5892,54
5894,143
5895,92
5897,86
5898,156
5900,37
5901,197
5904,223
5907,196
5908,48
5910,147
5911,102
5913,85
5914,133
5916,42
5917,187
5920,233
5923,152
5924,43
5926,112
5927,76
5929,79
5930,116
5932,50
5933,163
5936,216
5939,172
5940,28
5942,121
5943,84
5945,79
5946,111
5948,38
5949,143
5952,200
5955,148
5956,44
5958,110
5959,77
5961,75
5962,94
5964,38
5965,145
5968,184
5971,139
5972,47
5974,106
5975,87
5977,67
5978,111
5980,30
5981,129
5984,188
5987,124
5988,31
5990,92
5991,52
5993,58
5994,98
5996,24
5997,130
6000,138
6003,126
6004,39
6006,72
6007,72
6009,60
6010,89
6012,28
6013,119
6016,148
6019,114
6020,25
6022,75
6023,60
6025,59
6026,78
6028,23
6029,117
6032,158
6035,132
6036,31
6038,67
6039,50
6041,54
6042,77
6044,28
6045,69
6048,115
6051,113
6052,27
6054,74
6055,45
6057,36
6058,82
6060,19
6061,83
6064,110
6067,86
6068,24
6070,62
6071,39
6073,52
6074,64
6076,19
6077,85
6080,104
6083,80
6084,23
6086,62
6087,53
6089,39
6090,64
6092,23
6093,85
6096,109
6099,95
6100,17
6102,84
6103,35
6105,46
6106,69
6108,22
6109,82
6112,122
6115,79
6116,20
6118,58
6119,42
6121,53
6122,57
6124,20
6125,100
6128,131
6131,88
6132,21
6134,64
6135,40
6137,44
6138,75
6140,16
6141,109
6144,94
6147,89
6148,24
6150,64
6151,45
6153,48
6154,68
6156,28
6157,106
6160,107
6163,82
6164,18
6166,62
6167,51
6169,34
6170,81
6172,22
6173,64
6176,108
6179,87
6180,25
6182,75
6183,41
6185,44
6186,76
6188,23
6189,87
6192,105
6195,83
6196,14
6198,64
6199,45
6201,38
6202,70
6204,33
6205,75
6208,110
6211,81
6212,13
6214,62
6215,52
6217,45
6218,75
6220,14
6221,75
6224,100
6227,89
6228,30
6230,50
6231,39
6233,37
6234,62
6236,22
6237,79
6240,93
6243,92
6244,19
6246,58
6247,34
6249,39
6250,75
6252,13
6253,76
6256,95
6259,68
6260,17
6262,62
6263,31
6265,26
6266,54
6268,18
6269,69
6272,88
6275,74
6276,15
6278,49
6279,34
6281,42
6282,49
6284,14
6285,69
6288,88
6291,65
6292,16
6294,48
6295,30
6297,38
6298,47
6300,25
6301,62
6304,83
6307,72
6308,9
6310,47
6311,24
6313,51
6314,46
6316,10
6317,77
6320,73
6323,72
6324,22
6326,55
6327,22
6329,18
6330,45
6332,9
6333,51
6336,64
6339,56
6340,12
6342,55
6343,21
6345,28
6346,55
6348,19
6349,52
6352,67
6355,43
6356,15
6358,44
6359,24
6361,21
6362,47
6364,11
6365,49
6368,70
6371,55
6372,13
6374,39
6375,27
6377,37
6378,33
6380,13
6381,53
6384,65
6387,38
6388,12
6390,45
6391,25
6393,27
6394,35
6396,15
6397,55
6400,53
6403,60
6404,14
6406,42
6407,28
6409,27
6410,40
6412,17
6413,51
6416,67
6419,57
6420,9
6422,28
6423,18
6425,21
6426,30
6428,13
6429,49
6432,52
6435,38
6436,10
6438,36
6439,33
6441,21
6442,46
6444,14
6445,40
6448,63
6451,50
6452,9
6454,37
6455,30
6457,27
6458,34
6460,17
6461,45
6464,56
6467,45
6468,15
6470,35
6471,23
6473,26
6474,43
6476,10
6477,44
6480,61
6483,36
6484,12
6486,43
6487,29
6489,25
6490,36
6492,10
6493,59
6496,71
6499,50
6500,15
6502,34
6503,22
6505,32
6506,43
6508,11
6509,48
6512,58
6515,36
6516,11
6518,42
6519,25
6521,30
6522,23
6524,9
6525,35
6528,57
6531,46
6532,11
6534,40
6535,25
6537,28
6538,42
6540,13
6541,36
6544,66
6547,44
6548,13
6550,31
6551,22
6553,22
6554,44
6556,7
6557,41
6560,51
6563,49
6564,12
6566,22
6567,35
6569,27
6570,37
6572,12
6573,46
6576,56
6579,50
6580,17
6582,32
6583,23
6585,24
6586,48
6588,11
6589,56
6592,54
6595,39
6596,7
6598,31
6599,19
6601,32
6602,37
6604,14
6605,41
6608,46
6611,49
6612,13
6614,43
6615,24
6617,23
6618,38
6620,7
6621,40
6624,47
6627,47
6628,19
6630,31
6631,30
6633,30
6634,44
6636,10
6637,57
6640,64
6643,56
6644,14
6646,33
6647,28
6649,25
6650,34
6652,14
6653,50
6656,64
6659,48
6660,15
6662,33
6663,19
6665,22
6666,41
6668,11
6669,50
6672,61
6675,54
6676,7
6678,29
6679,25
6681,18
6682,40
6684,5
6685,38
6688,50
6691,53
6692,11
6694,37
6695,14
6697,36
6698,32
6700,14
6701,47
6704,70
6707,49
6708,13
6710,52
6711,21
6713,23
6714,37
6716,11
6717,44
6720,75
6723,46
6724,9
6726,38
6727,19
6729,21
6730,39
6732,8
6733,39
6736,61
6739,44
6740,10
6742,41
6743,32
6745,26
6746,30
6748,10
6749,53
6752,69
6755,41
6756,12
6758,24
6759,21
6761,25
6762,31
6764,12
6765,39
6768,63
6771,44
6772,13
6774,39
6775,17
6777,27
6778,25
6780,8
6781,42
6784,61
6787,55
6788,16
6790,23
6791,26
6793,24
6794,31
6796,14
6797,49
6800,62
6803,48
6804,11
6806,42
6807,18
6809,20
6810,40
6812,7
6813,43
6816,60
6819,56
6820,11
6822,44
6823,24
6825,27
6826,32
6828,14
6829,32
6832,59
6835,32
6836,12
6838,27
6839,11
6841,20
6842,29
6844,10
6845,53
6848,45
6851,49
6852,14
6854,32
6855,16
6857,13
6858,16
6860,9
6861,40
6864,46
6867,41
6868,6
6870,35
6871,27
6873,16
6874,29
6876,10
6877,23
6880,58
6883,30
6884,6
6886,24
6887,18
6889,15
6890,37
6892,10
6893,35
6896,50
6899,41
6900,11
6902,26
6903,19
6905,22
6906,31
6908,7
6909,39
6912,40
6915,42
6916,7
6918,29
6919,16
6921,17
6922,25
6924,10
6925,24
6928,45
6931,28
6932,6
6934,33
6935,24
6937,21
6938,30
6940,13
6941,24
6944,33
6947,46
6948,7
6950,32
6951,16
6953,14
6954,23
6956,15
6957,30
6960,44
6963,46
6964,8
6966,20
6967,20
6969,9
6970,28
6972,8
6973,38
6976,47
6979,34
6980,9
6982,27
6983,13
6985,12
6986,23
6988,3
6989,36
6992,34
6995,30
6996,9
6998,22
6999,11
7001,16
7002,15
7004,8
7005,32
7008,41
7011,29
7012,5
7014,29
7015,22
7017,13
7018,22
7020,3
7021,20
7024,38
7027,28
7028,10
7030,20
7031,20
7033,17
7034,28
7036,2
7037,28
7040,40
7043,37
7044,14
7046,21
7047,8
7049,17
7050,25
7052,6
7053,32
7056,42
7059,28
7060,9
7062,20
7063,20
7065,14
7066,18
7068,6
7069,29
7072,35
7075,39
7076,6
7078,24
7079,14
7081,20
7082,22
7084,4
7085,19
7088,44
7091,22
7092,7
7094,20
7095,18
7097,12
7098,14
7100,7
7101,26
7104,31
7107,28
7108,8
7110,20
7111,12
7113,17
7114,21
7116,5
7117,28
7120,27
7123,30
7124,6
7126,24
7127,19
7129,11
7130,18
7132,7
7133,29
7136,34
7139,39
7140,7
7142,28
7143,6
7145,21
7146,30
7148,6
7149,31
7152,40
7155,26
7156,12
7158,15
7159,17
7161,13
7162,16
7164,4
7165,21
7168,28
7171,15
7172,2
7174,19
7175,16
7177,12
7178,34
7180,5
7181,23
7184,37
7187,20
7188,1
7190,19
7191,15
7193,12
7194,22
7196,9
7197,20
7200,26
7203,28
7204,4
7206,24
7207,9
7209,14
7210,19
7212,7
7213,25
7216,39
7219,25
7220,8
7222,29
7223,17
7225,15
7226,13
7228,9
7229,34
7232,38
7235,37
7236,7
7238,17
7239,12
7241,10
7242,25
7244,7
7245,24
7248,35
7251,26
7252,6
7254,23
7255,18
7257,6
7258,32
7260,5
7261,30
7264,34
7267,22
7268,5
7270,14
7271,12
7273,11
7274,11
7276,4
7277,20
7280,32
7283,25
7284,4
7286,18
7287,14
7289,19
7290,14
7292,3
7293,22
7296,28
7299,18
7300,5
7302,14
7303,18
7305,10
7306,27
7308,3
7309,26
7312,26
7315,30
7316,4
7318,17
7319,11
7321,17
7322,19
7324,5
7325,30
7328,34
7331,26
7332,7
7334,21
7335,14
7337,14
7338,26
7340,7
7341,20
7344,34
7347,23
7348,6
7350,18
7351,15
7353,18
7354,16
7356,6
7357,20
7360,32
7363,28
7364,3
7366,12
7367,10
7369,12
7370,13
7372,7
7373,23
7376,37
7379,24
7380,6
7382,16
7383,7
7385,8
7386,20
7388,4
7389,12
7392,16
7395,26
7396,3
7398,17
7399,13
7401,9
7402,20
7404,3
7405,25
7408,35
7411,20
7412,9
7414,11
7415,7
7417,6
7418,14
7420,3
7421,13
7424,25
7427,26
7428,8
7430,14
7431,12
7433,12
7434,25
7436,8
7437,21
7440,26
7443,23
7444,4
7446,15
7447,15
7449,9
7450,16
7452,5
7453,24
7456,31
7459,19
7460,5
7462,18
7463,15
7465,15
7466,12
7468,3
7469,14
7472,24
7475,19
7476,2
7478,13
7479,11
7481,6
7482,18
7484,2
7485,24
7488,23
7491,29
7492,3
7494,17
7495,15
7497,8
7498,13
7500,5
7501,19
7504,25
7507,21
7508,6
7510,14
7511,8
7513,13
7514,10
7516,4
7517,23
7520,22
7523,17
7524,4
7526,17
7527,18
7529,6
7530,14
7532,6
7533,26
7536,31
7539,22
7540,3
7542,13
7543,9
7545,11
7546,16
7548,7
7549,26
7552,26
7555,18
7556,7
7558,13
7559,11
7561,11
7562,13
7564,4
7565,18
7568,22
7571,25
7572,7
7574,17
7575,9
7577,11
7578,12
7580,2
7581,25
7584,23
7587,30
7588,5
7590,18
7591,10
7593,6
7594,17
7596,6
7597,16
7600,18
7603,17
7604,2
7606,10
7607,14
7609,8
7610,18
7612,7
7613,22
7616,23
7619,22
7620,5
7622,12
7623,7
7625,11
7626,18
7628,6
7629,20
7632,24
7635,22
7636,1
7638,12
7639,14
7641,8
7642,11
7644,4
7645,13
7648,20
7651,17
7652,3
7654,17
7655,7
7657,12
7658,9
7660,4
7661,20
7664,19
7667,22
7668,3
7670,17
7671,9
7673,11
7674,12
7676,4
7677,24
7680,24
7683,24
7684,3
7686,18
7687,6
7689,10
7690,14
7692,4
7693,17
7696,23
7699,20
7700,6
7702,9
7703,12
7705,12
7706,10
7709,18
7712,23
7715,9
7716,1
7718,9
7719,11
7721,14
7722,7
7724,6
7725,15
7728,16
7731,15
7732,3
7734,9
7735,6
7737,10
7738,14
7740,4
7741,17
7744,21
7747,13
7748,8
7750,9
7751,6
7753,2
7754,12
7756,1
7757,16
7760,29
7763,11
7764,5
7766,6
7767,4
7769,5
7770,8
7772,3
7773,16
7776,21
7779,14
7780,3
7782,12
7783,8
7785,5
7786,13
7788,3
7789,18
7792,11
7795,11
7796,3
7798,7
7799,12
7801,8
7802,9
7804,4
7805,19
7808,10
7811,14
7812,6
7814,11
7815,5
7817,4
7818,13
7820,2
7821,8
7824,13
7827,8
7828,2
7830,5
7831,6
7833,5
7834,6
7836,1
7837,11
7840,19
7843,7
7844,2
7846,5
7847,7
7849,1
7850,8
7852,4
7853,8
7856,19
7859,14
7862,10
7863,6
7865,4
7866,9
7868,7
7869,12
7872,10
7875,15
7876,1
7878,6
7879,5
7881,3
7882,10
7884,3
7885,11
7888,9
7891,11
7892,3
7894,9
7897,4
7898,7
7900,3
7901,8
7904,17
7907,8
7908,1
7910,10
7911,2
7913,8
7914,12
7917,8
7920,14
7923,6
7924,3
7926,5
7927,1
7929,9
7930,11
7932,1
7933,5
7936,10
7939,7
7942,13
7943,2
7945,6
7946,5
7948,1
7949,9
7952,13
7955,9
7956,2
7958,7
7959,4
7961,7
7962,8
7964,5
7965,10
7968,11
7971,10
7972,5
7974,4
7975,10
7977,3
7978,6
7980,1
7981,9
7984,11
7987,11
7988,1
7990,9
7991,6
7993,4
7994,9
7996,2
7997,11
8000,15
8003,10
8004,2
8006,6
8007,7
8009,3
8010,3
8012,4
8013,10
8016,14
8019,15
8020,3
8022,9
8023,4
8025,4
8026,12
8028,2
8029,14
8032,6
8035,11
8036,1
8038,2
8039,1
8041,4
8042,6
8044,2
8045,7
8048,11
8051,10
8052,3
8054,13
8055,9
8057,8
8058,4
8060,2
8061,9
8064,15
8067,10
8068,1
8070,8
8071,3
8073,8
8074,10
8077,11
8080,10
8083,9
8084,1
8086,3
8087,5
8089,2
8090,6
8092,2
8093,8
8096,9
8099,10
8100,2
8102,5
8103,2
8105,7
8106,5
8109,3
8112,8
8115,11
8116,3
8118,4
8119,3
8121,8
8122,3
8124,2
8125,14
8128,13
8131,5
8132,2
8134,6
8135,9
8137,1
8138,9
8141,8
8144,9
8147,7
8148,3
8150,8
8151,4
8153,3
8154,4
8156,1
8157,5
8160,14
8163,7
8164,2
8166,7
8167,1
8169,2
8170,9
8172,2
8173,6
8176,12
8179,6
8180,3
8182,5
8183,4
8185,1
8186,3
8188,3
8189,15
8192,16
8195,15
8198,8
8199,1
8201,5
8202,3
8204,2
8205,8
8208,10
8211,5
8212,5
8214,8
8215,5
8217,5
8218,6
8220,1
8221,6
8224,11
8227,8
8228,2
8230,14
8231,2
8233,3
8234,6
8236,3
8237,9
8240,3
8243,8
8244,2
8246,5
8247,3
8249,6
8250,5
8252,3
8253,2
8256,11
8259,6
8260,2
8262,7
8263,1
8265,4
8266,6
8268,3
8269,8
8272,12
8275,7
8276,1
8278,5
8279,7
8281,2
8282,3
8285,6
8288,12
8291,8
8292,2
8294,3
8295,3
8297,6
8298,5
8300,3
8301,9
8304,8
8307,5
8308,1
8310,5
8311,4
8313,2
8314,2
8316,3
8317,15
8320,9
8323,10
8324,4
8326,5
8329,3
8330,2
8332,1
8333,5
8336,10
8339,4
8340,3
8342,10
8343,4
8345,1
8346,7
8348,1
8349,6
8352,5
8355,5
8356,5
8358,5
8359,4
8361,3
8362,4
8364,3
8365,11
8368,8
8371,7
8372,2
8374,5
8375,7
8377,4
8378,6
8381,10
8384,7
8387,10
8388,3
8390,4
8391,1
8393,3
8394,8
8397,4
8400,8
8403,7
8404,1
8406,8
8407,2
8409,2
8410,7
8413,7
8416,14
8419,6
8422,5
8423,3
8425,5
8426,3
8428,2
8429,5
8432,10
8435,4
8436,2
8438,8
8439,1
8441,3
8442,2
8444,3
8445,6
8448,3
8451,5
8454,3
8455,2
8457,3
8458,7
8461,10
8464,7
8467,8
8468,1
8470,2
8471,1
8473,4
8474,5
8476,2
8477,4
8480,4
8483,9
8484,1
8486,4
8487,3
8489,3
8490,9
8492,2
8493,5
8496,6
8499,5
8500,4
8502,7
8503,3
8505,2
8508,1
8509,9
8512,7
8515,3
8516,2
8518,5
8519,6
8521,6
8522,3
8524,1
8525,3
8528,5
8531,1
8534,4
8535,4
8537,2
8538,4
8540,2
8541,8
8544,6
8547,5
8548,1
8550,5
8551,3
8553,1
8554,1
8557,10
8560,7
8563,5
8566,5
8567,5
8569,2
8570,5
8572,1
8573,2
8576,2
8579,7
8580,3
8582,6
8583,5
8585,2
8586,4
8588,2
8589,4
8592,7
8595,3
8596,1
8598,6
8599,1
8601,4
8602,4
8605,9
8608,4
8611,6
8612,1
8614,3
8615,5
8617,2
8618,5
8620,1
8621,8
8624,5
8627,4
8628,1
8630,2
8631,1
8633,1
8634,4
8636,1
8637,5
8640,4
8643,5
8644,1
8646,3
8647,4
8649,3
8650,2
8652,1
8653,6
8656,4
8659,4
8660,1
8662,3
8663,1
8665,4
8666,1
8668,1
8669,4
8672,10
8675,6
8678,2
8679,2
8681,6
8682,7
8684,2
8685,8
8688,5
8691,4
8694,2
8695,2
8697,3
8698,3
8700,1
8701,3
8704,5
8707,5
8710,1
8711,1
8713,1
8714,2
8716,1
8717,2
8720,6
8723,4
8724,2
8726,3
8727,2
8729,4
8730,6
8733,7
8736,3
8739,2
8742,4
8743,1
8745,5
8746,1
8749,3
8752,5
8755,4
8758,2
8759,1
8761,2
8762,3
8765,4
8768,6
8771,3
8774,2
8775,1
8777,3
8778,2
8781,7
8784,5
8787,5
8790,4
8793,2
8794,4
8796,1
8797,4
8800,8
8803,2
8806,4
8807,2
8809,2
8810,1
8813,2
8819,3
8822,1
8823,3
8825,1
8826,5
8828,1
8829,1
8832,4
8835,3
8838,3
8839,4
8841,2
8842,4
8844,1
8845,1
8848,5
8851,4
8852,1
8854,2
8857,2
8858,5
8861,4
8864,4
8867,2
8868,2
8870,2
8871,2
8873,1
8874,2
8877,2
8880,3
8883,3
8886,2
8889,1
8892,1
8893,3
8896,3
8899,3
8900,1
8902,3
8903,2
8905,1
8906,2
8909,2
8912,3
8915,2
8916,1
8918,1
8921,1
8922,1
8924,1
8925,2
8928,5
8931,2
8934,2
8935,2
8937,1
8938,3
8940,3
8941,2
8944,2
8947,5
8950,3
8954,2
8957,4
8960,3
8963,1
8966,2
8969,2
8970,2
8972,1
8973,2
8976,1
8979,3
8982,1
8983,2
8985,2
8989,1
8992,6
8995,3
8996,1
8998,3
8999,2
9001,4
9002,1
9005,5
9008,3
9011,1
9014,4
9020,1
9021,1
9028,1
9030,2
9031,2
9034,2
9037,3
9043,1
9046,2
9053,4
9056,4
9059,1
9062,2
9065,2
9066,2
9068,1
9069,2
9072,1
9075,1
9079,2
9081,1
9084,1
9085,1
9088,2
9091,3
9092,1
9094,1
9098,1
9101,3
9110,1
9111,1
9114,1
9120,2
9127,2
9133,2
9136,1
9139,3
9143,1
9145,1
9149,1
9152,1
9158,1
9161,1
9165,2
9168,2
9171,2
9177,1
9184,2
9187,1
9188,1
9194,2
9200,3
9203,1
9204,1
9212,1
9213,1
9216,2
9219,2
9220,1
9226,2
9228,2
9229,1
9235,3
9236,1
9238,1
9239,1
9251,1
9255,1
9257,1
9258,2
9261,1
9267,1
9276,1
9284,2
9296,1
9299,1
9300,1
9309,1
9318,1
9337,1
9338,1
9347,2
9351,1
9353,2
9357,3
9360,2
9370,1
9379,1
9382,1
9385,1
9398,1
9402,1
9405,2
9408,1
9414,1
9417,1
9418,2
9421,2
9427,1
9440,1
9446,1
9460,1
9462,1
9472,2
9482,1
9488,1
9492,2
9501,1
9539,1
9542,1
9559,1
9571,1
9575,1
9581,1
9590,1
9594,1
9600,1
9603,1
9616,1
9629,1
9632,1
9654,1
9667,1
9668,1
9686,1
9689,1
9693,2
9696,1
9721,1
9728,1
9735,1
9764,1
9779,1
9817,1
9868,1
9875,1
9882,1
9892,1
9895,1
9904,1
9908,1
9913,1
9949,1
9961,1
9965,1
9968,1
10000,1
10019,1
10022,1
10048,1
10054,2
10105,1
10141,2
10153,1
10157,1
10179,1
10185,1
10201,1
10266,2
10301,1
10323,1
10326,1
10333,1
10355,1
10365,1
10372,1
10412,1
10438,1
10493,1
10521,1
10538,2
10548,1
10585,1
10649,1
10692,1
10723,1
10781,1
10784,1
10848,1
10854,1
10873,1
10999,1
11008,1
11040,1
11161,1
11399,2
11456,1
11463,1
11475,1
11498,1
11514,1
11539,1
11652,1
11744,1
11772,1
11884,1
11964,1
12112,1
12160,1
12205,1
12396,1
12442,1
12736,1
12900,1
13015,1
13239,1
13241,1
13395,1
13782,1
13814,1
14122,1
41811,1
42291,1
