# Samples: 124712, Average: 11326.0 ns, StdDev: 39017.6 ns, Quartiles: 8137.0/8387.0/8743.0 ns
7456,1
7465,1
7475,1
7507,1
7517,1
7526,1
7527,1
7539,1
7546,1
7548,1
7549,3
7552,4
7565,2
7571,2
7575,1
7578,1
7580,1
7584,1
7587,2
7593,1
7596,1
7597,3
7600,3
7603,2
7604,1
7609,1
7610,6
7612,1
7613,4
7616,6
7619,3
7620,1
7622,4
7623,1
7625,2
7626,3
7628,1
7629,2
7632,4
7635,5
7636,1
7638,1
7639,4
7641,4
7642,6
7644,3
7645,6
7648,7
7651,6
7652,1
7654,2
7655,4
7657,4
7658,3
7660,1
7661,9
7664,11
7667,5
7668,1
7670,9
7671,3
7673,2
7674,11
7676,2
7677,11
7680,18
7683,8
7684,3
7686,5
7687,5
7689,9
7690,8
7692,2
7693,6
7696,21
7699,18
7700,3
7702,7
7703,10
7705,7
7706,11
7708,6
7709,22
7712,25
7715,22
7716,3
7718,18
7719,10
7721,13
7722,11
7724,6
7725,21
7728,26
7731,39
7732,4
7734,13
7735,14
7737,19
7738,27
7740,4
7741,30
7744,40
7747,29
7748,5
7750,23
7751,19
7753,20
7754,23
7756,14
7757,50
7760,58
7763,52
7764,11
7766,32
7767,22
7769,24
7770,38
7772,12
7773,32
7776,67
7779,29
7780,13
7782,48
7783,37
7785,34
7786,38
7788,13
7789,67
7792,68
7795,74
7796,17
7798,44
7799,25
7801,34
7802,48
7804,19
7805,64
7808,86
7811,65
7812,15
7814,70
7815,35
7817,32
7818,45
7820,22
7821,77
7824,83
7827,100
7828,24
7830,56
7831,35
7833,51
7834,82
7836,17
7837,69
7840,131
7843,84
7844,23
7846,91
7847,58
7849,44
7850,69
7852,32
7853,104
7856,134
7859,111
7860,27
7862,78
7863,49
7865,75
7866,90
7868,26
7869,107
7872,183
7875,122
7876,28
7878,133
7879,79
7881,62
7882,72
7884,36
7885,139
7888,136
7891,178
7892,46
7894,100
7895,67
7897,73
7898,121
7900,30
7901,141
7904,236
7907,157
7908,35
7910,140
7911,90
7913,85
7914,110
7916,48
7917,222
7920,207
7923,195
7924,48
7926,112
7927,86
7929,98
7930,155
7932,58
7933,196
7936,259
7939,218
7940,36
7942,170
7943,99
7945,107
7946,137
7948,43
7949,230
7952,218
7955,241
7956,66
7958,150
7959,92
7961,133
7962,178
7964,64
7965,194
7968,340
7971,210
7972,56
7974,196
7975,121
7977,112
7978,221
7980,68
7981,304
7984,290
7987,332
7988,65
7990,206
7991,99
7993,136
7994,220
7996,69
7997,289
8000,390
8003,265
8004,61
8006,229
8007,166
8009,131
8010,200
8012,78
8013,307
8016,338
8019,321
8020,54
8022,235
8023,135
8025,179
8026,226
8028,68
8029,285
8032,389
8035,306
8036,74
8038,228
8039,171
8041,139
8042,203
8044,90
8045,343
8048,362
8051,361
8052,95
8054,200
8055,164
8057,173
8058,286
8060,77
8061,267
8064,441
8067,285
8068,76
8070,271
8071,189
8073,153
8074,245
8076,99
8077,334
8080,355
8083,313
8084,82
8086,209
8087,150
8089,175
8090,268
8092,63
8093,282
8096,448
8099,274
8100,64
8102,231
8103,168
8105,170
8106,234
8108,75
8109,354
8112,378
8115,353
8116,87
8118,219
8119,158
8121,170
8122,256
8124,71
8125,272
8128,432
8131,309
8132,60
8134,289
8135,189
8137,148
8138,262
8140,99
8141,377
8144,342
8147,341
8148,92
8150,228
8151,122
8153,182
8154,270
8156,74
8157,304
8160,414
8163,259
8164,70
8166,255
8167,178
8169,151
8170,188
8172,90
8173,338
8176,324
8179,308
8180,83
8182,225
8183,155
8185,191
8186,225
8188,80
8189,322
8192,417
8195,299
8196,82
8198,258
8199,187
8201,142
8202,213
8204,85
8205,353
8208,366
8211,354
8212,75
8214,234
8215,158
8217,167
8218,242
8220,81
8221,264
8224,395
8227,300
8228,66
8230,257
8231,188
8233,161
8234,211
8236,99
8237,376
8240,368
8243,340
8244,92
8246,238
8247,152
8249,208
8250,287
8252,64
8253,283
8256,411
8259,299
8260,93
8262,260
8263,176
8265,135
8266,243
8268,102
8269,360
8272,381
8275,351
8276,86
8278,231
8279,134
8281,200
8282,283
8284,81
8285,321
8288,455
8291,288
8292,72
8294,258
8295,209
8297,148
8298,239
8300,76
8301,376
8304,395
8307,323
8308,76
8310,238
8311,146
8313,181
8314,280
8316,77
8317,265
8320,414
8323,300
8324,70
8326,276
8327,165
8329,164
8330,229
8332,89
8333,360
8336,385
8339,328
8340,80
8342,240
8343,116
8345,160
8346,251
8348,63
8349,290
8352,414
8355,312
8356,55
8358,247
8359,154
8361,134
8362,211
8364,95
8365,313
8368,361
8371,300
8372,91
8374,200
8375,123
8377,161
8378,218
8380,68
8381,233
8384,413
8387,247
8388,71
8390,236
8391,168
8393,116
8394,192
8396,55
8397,278
8400,328
8403,287
8404,75
8406,193
8407,137
8409,138
8410,228
8412,78
8413,277
8416,354
8419,242
8420,57
8422,232
8423,143
8425,93
8426,206
8428,62
8429,286
8432,293
8435,288
8436,59
8438,184
8439,127
8441,134
8442,202
8444,49
8445,247
8448,330
8451,228
8452,60
8454,211
8455,126
8457,113
8458,173
8460,70
8461,308
8464,285
8467,258
8468,53
8470,171
8471,128
8473,133
8474,214
8476,56
8477,224
8480,330
8483,237
8484,62
8486,196
8487,152
8489,105
8490,160
8492,68
8493,246
8496,319
8499,262
8500,55
8502,165
8503,133
8505,134
8506,189
8508,61
8509,235
8512,333
8515,235
8516,62
8518,232
8519,122
8521,114
8522,180
8524,51
8525,267
8528,314
8531,298
8532,69
8534,186
8535,116
8537,129
8538,197
8540,55
8541,218
8544,332
8547,202
8548,54
8550,197
8551,121
8553,117
8554,170
8556,71
8557,237
8560,301
8563,276
8564,62
8566,171
8567,110
8569,149
8570,191
8572,49
8573,220
8576,290
8579,209
8580,53
8582,174
8583,112
8585,113
8586,177
8588,75
8589,257
8592,278
8595,252
8596,58
8598,162
8599,92
8601,132
8602,179
8604,37
8605,182
8608,310
8611,206
8612,48
8614,171
8615,129
8617,81
8618,126
8620,58
8621,207
8624,228
8627,224
8628,83
8630,162
8631,102
8633,115
8634,194
8636,59
8637,176
8640,279
8643,176
8644,39
8646,158
8647,97
8649,89
8650,117
8652,51
8653,212
8656,239
8659,234
8660,60
8662,107
8663,91
8665,88
8666,144
8668,43
8669,181
8672,223
8675,186
8676,40
8678,140
8679,87
8681,79
8682,105
8684,46
8685,193
8688,177
8691,190
8692,39
8694,122
8695,76
8697,93
8698,128
8700,46
8701,148
8704,189
8707,157
8708,47
8710,144
8711,88
8713,75
8714,111
8716,30
8717,145
8720,180
8723,179
8724,36
8726,85
8727,74
8729,89
8730,127
8732,39
8733,162
8736,230
8739,128
8740,48
8742,114
8743,72
8745,82
8746,107
8748,38
8749,163
8752,165
8755,181
8756,33
8758,110
8759,85
8761,88
8762,102
8764,41
8765,145
8768,209
8771,138
8772,32
8774,118
8775,81
8777,55
8778,109
8780,45
8781,184
8784,172
8787,175
8788,34
8790,90
8791,82
8793,91
8794,108
8796,33
8797,136
8800,216
8803,174
8804,32
8806,136
8807,78
8809,68
8810,86
8812,43
8813,158
8816,191
8819,166
8820,41
8822,120
8823,61
8825,67
8826,102
8828,38
8829,105
8832,191
8835,128
8836,47
8838,109
8839,75
8841,77
8842,76
8844,33
8845,158
8848,150
8851,136
8852,35
8854,85
8855,68
8857,57
8858,114
8860,29
8861,123
8864,171
8867,121
8868,31
8870,121
8871,66
8873,64
8874,98
8876,32
8877,148
8880,136
8883,145
8884,37
8886,81
8887,71
8889,72
8890,95
8892,27
8893,123
8896,167
8899,102
8900,23
8902,127
8903,58
8905,42
8906,69
8908,28
8909,117
8912,128
8915,109
8916,31
8918,74
8919,56
8921,61
8922,84
8924,19
8925,109
8928,162
8931,91
8932,20
8934,106
8935,56
8937,32
8938,68
8940,29
8941,120
8944,118
8947,112
8948,22
8950,76
8951,46
8953,50
8954,94
8956,27
8957,84
8960,155
8963,69
8964,30
8966,67
8967,43
8969,32
8970,64
8972,24
8973,105
8976,122
8979,110
8980,22
8982,63
8983,37
8985,43
8986,96
8988,28
8989,79
8992,118
8995,83
8996,28
8998,73
8999,53
9001,38
9002,64
9004,22
9005,95
9008,105
9011,108
9012,26
9014,54
9015,53
9017,34
9018,71
9020,19
9021,99
9024,106
9027,84
9028,24
9030,72
9031,44
9033,45
9034,54
9036,17
9037,82
9040,80
9043,94
9044,22
9046,45
9047,36
9049,51
9050,65
9052,21
9053,71
9056,96
9059,75
9060,23
9062,62
9063,46
9065,45
9066,43
9068,27
9069,83
9072,103
9075,104
9076,15
9078,50
9079,32
9081,48
9082,68
9084,11
9085,78
9088,104
9091,62
9092,16
9094,66
9095,43
9097,32
9098,61
9100,11
9101,104
9104,87
9107,96
9108,20
9110,44
9111,43
9113,33
9114,72
9116,16
9117,76
9120,104
9123,53
9124,16
9126,58
9127,33
9129,35
9130,44
9132,23
9133,80
9136,87
9139,70
9140,25
9142,57
9143,27
9145,30
9146,53
9148,23
9149,59
9152,90
9155,69
9156,15
9158,49
9159,49
9161,35
9162,46
9164,13
9165,62
9168,66
9171,60
9172,11
9174,38
9175,27
9177,35
9178,52
9180,14
9181,48
9184,73
9187,47
9188,11
9190,35
9191,36
9193,24
9194,40
9196,22
9197,63
9200,52
9203,48
9204,16
9206,28
9207,34
9209,28
9210,43
9212,12
9213,57
9216,84
9219,65
9220,12
9222,33
9223,23
9225,17
9226,21
9228,10
9229,55
9232,51
9235,57
9236,12
9238,38
9239,16
9241,20
9242,34
9244,8
9245,48
9248,64
9251,52
9252,16
9254,33
9255,23
9257,20
9258,42
9260,13
9261,49
9264,43
9267,51
9268,12
9270,34
9271,22
9273,24
9274,31
9276,15
9277,38
9280,49
9283,29
9284,6
9286,32
9287,18
9289,18
9290,33
9292,12
9293,43
9296,50
9299,36
9300,12
9302,14
9303,16
9305,17
9306,30
9308,16
9309,33
9312,52
9315,31
9316,6
9318,27
9319,14
9321,21
9322,30
9324,12
9325,31
9328,52
9331,33
9332,5
9334,16
9335,19
9337,15
9338,36
9340,6
9341,28
9344,50
9347,28
9348,7
9350,28
9351,13
9353,16
9354,14
9356,5
9357,41
9360,22
9363,29
9364,10
9366,19
9367,8
9369,18
9370,17
9372,7
9373,29
9376,43
9379,27
9380,10
9382,21
9383,15
9385,9
9386,22
9388,6
9389,29
9392,24
9395,17
9396,3
9398,20
9399,16
9401,11
9402,20
9404,8
9405,22
9408,27
9411,24
9412,5
9414,30
9415,15
9417,11
9418,17
9420,9
9421,24
9424,20
9427,25
9428,12
9430,12
9431,15
9433,15
9434,18
9436,8
9437,26
9440,25
9443,17
9444,4
9446,10
9447,9
9449,6
9450,14
9452,6
9453,23
9456,23
9459,14
9460,8
9462,10
9463,7
9465,9
9466,14
9468,5
9469,14
9472,25
9475,10
9476,7
9478,18
9479,9
9481,11
9482,20
9484,3
9485,26
9488,21
9491,17
9492,7
9494,25
9495,4
9497,8
9498,11
9500,5
9501,15
9504,22
9507,9
9508,2
9510,12
9511,7
9513,12
9514,15
9516,4
9517,15
9520,17
9523,14
9524,3
9526,11
9527,7
9529,7
9530,13
9532,3
9533,14
9536,10
9539,15
9540,3
9542,12
9543,6
9545,7
9546,9
9548,5
9549,7
9552,16
9555,17
9558,6
9559,3
9561,7
9562,12
9564,2
9565,8
9568,13
9571,14
9572,1
9574,12
9575,7
9577,8
9578,13
9580,3
9581,13
9584,16
9587,18
9588,2
9590,12
9591,2
9593,8
9594,6
9596,2
9597,6
9600,16
9603,11
9604,3
9606,5
9607,8
9609,5
9610,5
9612,6
9613,8
9616,7
9619,11
9622,9
9623,5
9625,10
9626,12
9628,1
9629,12
9632,12
9635,17
9636,2
9638,8
9639,3
9641,3
9642,7
9644,2
9645,5
9648,14
9651,10
9652,1
9654,5
9655,5
9657,4
9658,4
9660,2
9661,4
9664,12
9667,11
9668,1
9670,8
9671,7
9673,5
9674,3
9676,7
9677,8
9680,5
9683,8
9684,1
9686,6
9687,4
9689,8
9690,4
9692,1
9693,11
9696,13
9699,8
9702,6
9703,3
9705,8
9706,5
9708,2
9709,8
9712,7
9715,8
9716,1
9718,4
9719,4
9721,2
9722,11
9724,1
9725,7
9728,8
9731,3
9732,1
9734,3
9735,1
9737,7
9738,5
9741,5
9744,8
9747,10
9750,3
9751,4
9753,4
9754,4
9756,2
9757,5
9760,5
9763,5
9764,1
9766,7
9767,2
9770,5
9772,4
9773,8
9776,9
9779,14
9780,3
9782,6
9783,4
9785,6
9786,3
9788,1
9789,8
9792,10
9795,7
9796,3
9798,3
9799,3
9801,3
9802,1
9804,4
9805,3
9808,3
9811,5
9814,3
9815,5
9817,5
9818,1
9820,1
9821,3
9824,7
9827,3
9828,1
9830,5
9831,5
9833,4
9834,4
9837,3
9840,9
9843,12
9844,1
9846,3
9847,3
9849,3
9850,6
9852,1
9853,6
9856,4
9859,4
9860,1
9862,6
9863,5
9865,1
9866,2
9868,1
9869,5
9872,4
9875,5
9876,2
9878,4
9879,3
9881,3
9882,5
9884,2
9885,4
9888,8
9891,7
9892,2
9894,4
9895,2
9897,1
9898,4
9900,1
9901,6
9904,6
9907,4
9908,2
9910,3
9911,5
9913,5
9914,5
9916,1
9917,4
9920,7
9923,7
9926,9
9927,3
9930,1
9932,1
9933,6
9936,4
9939,3
9940,1
9942,5
9943,5
9945,1
9946,4
9948,1
9949,4
9952,6
9955,4
9956,4
9958,1
9959,2
9961,1
9962,5
9965,10
9968,11
9971,4
9972,2
9974,3
9975,2
9977,2
9978,5
9981,5
9984,5
9987,7
9988,1
9990,3
9991,3
9993,2
9994,2
9996,2
9997,4
10000,7
10003,4
10004,1
10006,1
10009,6
10010,3
10013,5
10016,3
10019,3
10020,1
10022,1
10023,5
10025,1
10026,1
10028,1
10029,5
10032,2
10035,1
10036,3
10038,5
10039,4
10041,3
10042,3
10044,1
10045,2
10048,9
10051,3
10052,1
10054,5
10055,5
10057,2
10058,1
10060,2
10061,3
10064,9
10067,1
10070,4
10071,1
10073,2
10074,5
10076,2
10077,4
10080,1
10083,6
10084,5
10086,1
10087,3
10089,1
10090,4
10092,2
10093,2
10096,2
10099,1
10100,2
10102,4
10103,1
10106,2
10109,2
10112,3
10115,5
10116,1
10118,5
10119,2
10121,1
10122,11
10124,1
10125,2
10128,8
10131,4
10132,2
10134,1
10135,2
10137,2
10138,2
10140,1
10141,3
10144,6
10147,7
10148,2
10150,7
10151,2
10153,2
10154,2
10157,4
10160,7
10163,5
10164,2
10167,3
10169,2
10170,5
10172,2
10173,4
10176,2
10179,5
10180,2
10182,7
10183,2
10185,2
10186,5
10188,3
10189,2
10192,4
10195,2
10198,2
10199,2
10201,3
10202,5
10204,1
10205,2
10208,7
10211,7
10214,4
10215,3
10218,3
10221,4
10224,6
10227,6
10228,3
10230,3
10231,1
10233,3
10234,4
10237,4
10240,3
10243,2
10244,1
10246,6
10247,3
10249,2
10250,2
10253,2
10256,5
10259,5
10260,2
10262,4
10263,3
10265,2
10266,5
10268,1
10269,2
10272,4
10275,5
10276,3
10278,5
10279,3
10282,2
10285,4
10288,7
10291,7
10292,2
10294,1
10297,4
10298,4
10300,1
10301,6
10304,5
10307,6
10308,3
10310,1
10311,1
10313,2
10314,3
10316,2
10317,8
10320,7
10323,1
10326,1
10327,2
10329,3
10330,3
10332,1
10333,2
10336,4
10339,4
10340,2
10342,5
10343,4
10346,4
10348,4
10349,4
10352,7
10355,5
10356,1
10358,6
10359,3
10361,1
10362,3
10364,3
10365,2
10368,7
10372,1
10374,1
10375,3
10377,2
10378,4
10380,4
10381,6
10384,6
10387,3
10388,1
10390,4
10391,2
10393,3
10394,2
10396,2
10397,4
10400,7
10403,2
10406,2
10407,4
10409,2
10410,2
10413,1
10416,11
10419,7
10420,2
10422,5
10423,2
10425,3
10426,2
10428,1
10429,4
10432,5
10435,5
10436,2
10438,3
10439,3
10441,1
10442,2
10448,3
10451,3
10454,1
10455,2
10457,3
10458,2
10461,5
10464,5
10467,5
10468,1
10470,6
10471,4
10473,2
10474,3
10476,1
10477,6
10480,4
10483,8
10484,2
10486,6
10489,3
10490,1
10493,2
10496,11
10499,3
10500,2
10502,2
10503,1
10505,2
10506,5
10508,1
10509,3
10512,4
10515,5
10516,1
10518,2
10521,3
10522,3
10525,1
10528,6
10531,7
10532,2
10534,1
10535,4
10537,2
10538,1
10541,3
10544,2
10547,2
10548,3
10550,1
10553,2
10554,5
10556,1
10557,5
10560,5
10563,4
10564,1
10566,3
10567,5
10569,1
10570,2
10572,1
10573,3
10576,2
10579,10
10582,2
10583,2
10585,1
10586,3
10588,2
10589,4
10592,2
10595,7
10596,2
10598,3
10599,3
10601,2
10602,3
10608,5
10611,1
10612,1
10614,4
10615,1
10617,3
10618,1
10621,1
10624,2
10627,4
10628,3
10630,2
10631,4
10633,3
10634,6
10637,5
10640,8
10643,3
10644,1
10646,4
10649,2
10650,1
10653,6
10656,5
10659,3
10660,3
10662,7
10663,3
10665,2
10666,2
10669,6
10672,11
10675,3
10678,2
10679,1
10681,1
10682,2
10684,5
10685,3
10688,5
10691,2
10692,1
10694,7
10695,1
10697,2
10698,2
10700,1
10701,3
10704,4
10707,2
10710,6
10711,2
10713,1
10714,4
10717,5
10720,3
10723,8
10724,1
10726,5
10727,2
10729,1
10732,2
10733,1
10736,4
10739,2
10740,2
10742,2
10743,2
10745,1
10746,3
10749,3
10752,9
10755,5
10758,1
10761,3
10762,1
10764,2
10765,5
10768,9
10771,4
10772,1
10774,2
10777,5
10778,6
10781,1
10784,6
10787,7
10788,1
10790,4
10791,1
10793,1
10794,3
10796,4
10797,4
10800,7
10803,3
10806,5
10807,2
10809,3
10810,7
10812,3
10813,4
10816,7
10819,2
10822,3
10823,3
10825,2
10826,4
10829,2
10832,7
10835,4
10836,1
10839,2
10841,5
10842,3
10845,2
10848,3
10851,5
10852,1
10854,2
10855,3
10857,3
10858,3
10860,1
10861,3
10864,2
10867,7
10868,1
10870,5
10873,2
10874,6
10877,6
10880,5
10883,8
10886,1
10887,4
10889,2
10890,2
10892,3
10893,3
10896,6
10899,1
10900,2
10902,7
10903,1
10906,3
10909,2
10912,5
10915,3
10919,3
10922,3
10925,6
10928,3
10931,3
10932,1
10934,4
10935,2
10937,1
10938,1
10940,2
10941,2
10944,7
10947,3
10948,1
10950,3
10951,3
10953,1
10954,1
10957,2
10960,7
10963,4
10964,2
10967,2
10969,4
10970,3
10973,4
10976,10
10979,1
10980,5
10982,2
10983,1
10985,1
10986,2
10989,4
10992,3
10995,6
10998,1
10999,6
11001,3
11002,6
11004,1
11005,5
11008,2
11011,5
11014,5
11015,4
11018,2
11020,3
11021,5
11024,7
11027,2
11028,1
11030,7
11031,1
11033,1
11034,6
11037,6
11040,9
11043,2
11044,1
11046,3
11047,1
11049,1
11050,4
11052,1
11053,3
11056,7
11059,5
11062,2
11063,2
11065,2
11066,1
11069,2
11072,7
11075,6
11076,1
11078,3
11079,1
11081,4
11082,4
11085,5
11088,2
11091,4
11094,1
11095,1
11097,1
11098,3
11100,1
11101,2
11104,2
11107,7
11108,4
11110,2
11111,5
11114,5
11116,1
11117,4
11120,6
11123,5
11124,1
11126,1
11127,1
11129,3
11130,4
11132,1
11133,3
11136,6
11139,4
11140,2
11142,1
11143,4
11145,2
11146,3
11148,4
11149,5
11152,5
11155,3
11156,2
11158,2
11159,1
11161,1
11162,3
11164,3
11165,1
11168,2
11174,4
11175,2
11177,1
11178,3
11180,1
11181,4
11184,8
11187,5
11190,2
11191,1
11194,7
11197,1
11200,1
11203,3
11204,1
11206,5
11207,2
11209,2
11210,1
11212,1
11213,3
11216,3
11219,3
11222,3
11223,2
11225,4
11226,3
11228,3
11229,4
11232,2
11235,3
11236,2
11238,1
11239,1
11241,2
11242,2
11244,1
11245,2
11248,7
11251,4
11252,2
11254,2
11255,2
11257,1
11258,5
11260,1
11261,3
11264,3
11267,5
11270,6
11271,3
11273,1
11274,4
11276,1
11277,2
11280,3
11283,4
11286,1
11289,4
11290,6
11292,1
11293,3
11296,7
11299,3
11300,1
11302,5
11303,1
11305,4
11306,4
11308,1
11309,5
11312,6
11315,4
11316,1
11318,2
11319,2
11322,5
11324,2
11325,4
11328,5
11331,7
11334,2
11335,2
11337,1
11338,3
11341,3
11344,5
11347,7
11348,4
11350,3
11351,1
11354,3
11356,2
11357,3
11360,5
11363,2
11364,1
11366,4
11367,3
11369,3
11370,1
11373,3
11376,7
11379,4
11380,1
11383,2
11385,4
11386,1
11389,3
11392,3
11395,3
11396,1
11398,2
11399,2
11401,3
11402,2
11404,3
11405,3
11408,1
11411,2
11412,1
11414,3
11415,1
11417,1
11418,4
11421,2
11424,5
11427,4
11428,2
11430,2
11431,5
11434,1
11436,1
11437,5
11440,9
11443,6
11444,1
11446,1
11447,1
11449,3
11450,2
11452,1
11453,3
11456,4
11459,6
11460,2
11462,4
11463,3
11465,2
11466,2
11469,1
11472,5
11475,4
11476,1
11478,2
11481,1
11482,4
11485,2
11488,5
11491,5
11492,1
11494,9
11495,1
11497,1
11500,2
11501,3
11504,2
11507,3
11510,4
11511,2
11513,5
11514,3
11517,5
11520,5
11523,4
11526,1
11527,2
11530,2
11532,1
11533,8
11536,2
11539,4
11540,3
11545,3
11546,1
11549,3
11552,7
11555,3
11558,2
11559,1
11562,1
11565,5
11568,1
11571,3
11574,4
11575,1
11578,2
11581,5
11584,5
11587,2
11588,1
11590,4
11591,3
11594,3
11596,3
11597,2
11600,3
11603,5
11604,4
11606,3
11607,2
11609,1
11610,3
11613,2
11616,7
11619,3
11622,5
11623,1
11625,4
11626,3
11628,1
11629,7
11632,3
11635,9
11636,3
11639,1
11641,2
11642,4
11644,2
11645,5
11648,3
11651,4
11655,2
11657,2
11658,1
11661,7
11664,6
11667,3
11668,2
11670,1
11673,2
11674,2
11677,3
11680,7
11683,4
11686,3
11687,1
11689,1
11690,3
11693,2
11696,2
11699,5
11700,2
11702,1
11703,1
11706,4
11709,3
11712,4
11715,4
11718,4
11719,2
11721,2
11722,4
11725,5
11728,3
11731,6
11732,1
11735,1
11737,1
11738,2
11740,2
11741,3
11744,8
11747,2
11748,1
11750,4
11751,2
11753,1
11754,1
11757,3
11760,6
11763,2
11766,3
11767,1
11769,1
11770,5
11772,1
11773,1
11776,8
11779,4
11782,1
11783,1
11785,1
11786,2
11788,1
11789,3
11792,4
11795,2
11796,1
11798,2
11799,2
11801,2
11802,3
11805,2
11808,2
11811,3
11814,5
11817,4
11818,2
11820,1
11821,7
11824,2
11827,4
11830,2
11831,1
11833,1
11834,1
11837,4
11843,3
11846,2
11847,2
11849,1
11850,2
11853,3
11856,3
11859,3
11860,2
11863,2
11865,2
11866,3
11869,7
11872,8
11875,2
11878,2
11879,3
11882,2
11884,1
11885,3
11888,1
11891,3
11895,2
11897,3
11898,3
11901,2
11904,5
11907,2
11908,2
11910,2
11911,4
11913,1
11914,4
11916,1
11917,6
11920,2
11923,3
11926,3
11927,1
11929,1
11930,2
11933,1
11936,2
11939,2
11940,2
11942,6
11943,1
11945,1
11946,1
11948,2
11949,2
11952,2
11955,4
11959,1
11961,2
11962,5
11964,2
11965,3
11968,7
11971,3
11972,1
11974,4
11975,1
11977,2
11978,3
11981,2
11984,5
11987,5
11988,1
11993,2
11994,4
11997,2
12000,6
12003,1
12004,2
12006,3
12007,2
12009,1
12010,3
12012,1
12013,3
12016,3
12019,2
12020,2
12022,1
12023,1
12025,2
12026,2
12029,4
12032,5
12035,2
12038,3
12041,1
12042,1
12044,2
12045,5
12048,1
12051,3
12054,1
12055,2
12057,3
12058,4
12060,1
12061,3
12064,5
12067,5
12068,1
12070,5
12071,2
12073,2
12074,1
12076,1
12080,6
12083,3
12086,2
12087,2
12089,2
12090,1
12093,4
12096,5
12099,6
12100,1
12102,2
12103,1
12105,1
12106,4
12109,4
12112,6
12115,4
12118,5
12119,3
12121,1
12122,3
12125,1
12128,5
12131,3
12134,2
12135,2
12138,2
12140,1
12141,1
12144,5
12147,1
12150,1
12151,1
12153,2
12154,4
12156,1
12157,4
12160,4
12163,2
12164,1
12166,2
12167,3
12169,1
12170,3
12173,1
12176,3
12179,3
12180,1
12182,3
12183,3
12185,3
12186,1
12192,4
12195,4
12196,2
12198,5
12199,2
12202,1
12204,2
12205,1
12208,4
12211,2
12214,2
12215,1
12218,2
12220,1
12221,2
12224,1
12227,2
12228,1
12230,2
12231,3
12234,2
12237,1
12240,4
12243,3
12246,3
12249,3
12250,4
12253,4
12256,8
12259,3
12262,1
12265,1
12266,1
12268,1
12269,2
12272,5
12275,3
12276,1
12278,1
12279,1
12281,1
12282,1
12284,1
12285,2
12288,3
12291,3
12294,3
12295,4
12297,2
12298,1
12301,2
12304,3
12307,2
12310,2
12311,1
12313,2
12314,1
12316,1
12320,1
12323,3
12324,1
12326,2
12327,1
12329,2
12333,2
12336,1
12339,3
12343,1
12346,2
12349,3
12352,2
12355,1
12356,1
12358,2
12361,1
12362,1
12364,1
12365,3
12368,2
12374,1
12375,1
12377,4
12378,1
12380,1
12381,1
12384,4
12387,2
12388,2
12390,3
12391,1
12393,3
12394,2
12396,1
12397,2
12400,1
12403,3
12406,6
12407,2
12410,1
12413,1
12416,1
12419,5
12423,3
12425,2
12426,2
12428,3
12429,3
12432,4
12435,2
12438,4
12439,3
12441,3
12442,2
12444,1
12445,2
12448,6
12451,1
12454,3
12455,1
12457,1
12458,3
12461,3
12464,5
12467,2
12468,1
12470,3
12471,3
12473,1
12474,6
12480,4
12483,1
12486,1
12487,2
12489,2
12490,1
12493,3
12496,3
12499,2
12502,2
12503,1
12506,1
12508,1
12509,3
12512,2
12519,1
12521,3
12522,1
12524,1
12528,2
12531,5
12532,2
12534,2
12537,2
12538,2
12540,2
12541,3
12544,6
12547,3
12550,2
12551,3
12553,1
12554,1
12556,1
12557,4
12560,1
12563,6
12564,1
12569,2
12570,1
12576,1
12579,2
12582,2
12583,1
12585,3
12589,1
12592,1
12595,3
12596,2
12598,3
12599,2
12605,2
12608,1
12611,2
12614,2
12615,1
12617,2
12618,1
12620,2
12621,3
12624,1
12627,2
12628,1
12630,1
12631,1
12633,2
12634,2
12640,5
12643,2
12646,3
12647,2
12649,2
12650,3
12652,1
12653,2
12656,5
12659,5
12660,3
12663,2
12665,1
12666,3
12669,2
12672,4
12679,4
12681,1
12685,3
12688,2
12691,5
12692,3
12694,2
12697,1
12698,2
12700,1
12701,4
12704,6
12710,2
12713,1
12714,2
12716,1
12717,3
12720,4
12723,1
12724,1
12726,3
12729,2
12730,3
12733,1
12736,4
12742,1
12743,1
12745,1
12746,1
12749,3
12752,2
12755,1
12758,3
12761,3
12764,1
12765,3
12768,1
12771,2
12772,1
12774,1
12775,1
12781,2
12787,1
12788,1
12790,1
12793,1
12794,1
12796,1
12797,2
12800,3
12803,1
12806,2
12807,1
12810,5
12813,4
12816,2
12819,4
12822,8
12823,1
12826,3
12829,3
12832,1
12836,1
12838,3
12839,2
12841,1
12842,2
12845,2
12848,1
12851,3
12852,1
12854,3
12855,1
12857,1
12858,1
12860,1
12861,4
12864,5
12867,3
12870,3
12874,2
12877,2
12880,5
12883,2
12884,1
12886,2
12890,2
12893,3
12896,5
12899,2
12900,2
12902,3
12905,2
12906,4
12909,2
12912,1
12915,2
12916,2
12918,2
12921,1
12922,2
12925,2
12928,5
12931,1
12938,1
12941,4
12944,5
12947,2
12948,1
12951,1
12954,2
12957,4
12960,5
12963,3
12967,1
12970,2
12972,1
12976,1
12979,1
12982,1
12983,2
12985,1
12986,3
12989,4
12992,6
12995,1
12998,1
13001,1
13002,2
13004,1
13005,2
13008,4
13012,1
13014,1
13018,2
13020,1
13021,2
13024,2
13027,1
13034,3
13037,2
13040,2
13043,2
13044,2
13050,1
13053,3
13056,9
13059,1
13062,2
13065,2
13066,1
13068,3
13069,2
13072,3
13075,1
13076,1
13078,2
13079,1
13085,4
13088,3
13091,2
13094,3
13098,1
13100,1
13101,1
13104,1
13108,2
13110,2
13113,1
13116,1
13117,3
13120,2
13123,2
13126,4
13127,2
13130,2
13132,2
13133,2
13136,4
13139,2
13140,1
13142,3
13143,2
13145,1
13146,2
13148,1
13149,2
13152,3
13155,4
13156,1
13158,2
13159,1
13162,4
13164,1
13165,3
13168,4
13171,1
13172,1
13174,2
13177,1
13178,1
13180,2
13181,2
13184,2
13187,1
13190,3
13191,3
13194,2
13196,1
13197,3
13200,6
13203,1
13206,1
13207,1
13209,3
13210,1
13212,1
13213,2
13216,2
13219,2
13222,1
13223,1
13225,1
13229,4
13232,4
13235,3
13238,4
13239,1
13241,1
13242,1
13244,1
13245,1
13248,1
13251,3
13257,3
13258,1
13261,6
13264,5
13267,6
13268,1
13270,1
13271,2
13273,3
13274,1
13277,1
13280,1
13283,3
13286,3
13290,1
13293,2
13296,2
13299,3
13300,1
13302,3
13303,1
13305,1
13306,1
13308,2
13309,2
13312,3
13315,1
13316,2
13318,3
13321,2
13322,2
13324,1
13325,2
13331,1
13334,4
13337,1
13338,1
13340,2
13344,2
13348,1
13350,4
13351,2
13353,1
13354,1
13357,3
13360,3
13363,5
13364,1
13366,1
13367,3
13369,2
13370,3
13372,1
13373,3
13376,5
13379,1
13382,2
13385,1
13386,7
13389,4
13392,2
13395,5
13396,1
13398,2
13399,1
13402,1
13408,2
13411,3
13412,1
13414,2
13415,1
13418,2
13421,4
13424,1
13427,3
13430,1
13431,2
13433,3
13434,2
13437,5
13440,2
13443,1
13444,1
13447,1
13449,1
13450,2
13452,1
13453,2
13456,4
13459,1
13460,2
13462,4
13465,1
13466,1
13468,1
13469,2
13472,4
13475,4
13478,2
13479,1
13481,1
13482,2
13485,4
13488,4
13491,3
13492,1
13494,1
13497,2
13498,1
13501,3
13504,5
13507,2
13510,2
13511,1
13514,2
13516,2
13517,1
13520,2
13523,2
13527,3
13529,2
13530,3
13533,1
13536,5
13542,3
13546,1
13548,1
13549,3
13552,2
13555,1
13556,1
13558,2
13559,2
13561,1
13562,4
13565,2
13568,3
13571,1
13577,2
13578,2
13581,2
13584,2
13587,1
13588,2
13590,1
13591,3
13600,2
13603,3
13604,2
13606,2
13607,3
13609,1
13610,2
13612,1
13616,2
13619,5
13622,1
13623,2
13626,1
13629,3
13632,6
13635,1
13639,1
13644,1
13645,2
13648,1
13651,3
13652,1
13654,3
13655,1
13657,1
13658,1
13660,1
13661,2
13664,1
13667,1
13668,1
13670,1
13671,1
13673,1
13674,1
13676,1
13677,2
13683,1
13687,2
13690,1
13692,1
13693,1
13696,1
13699,1
13700,1
13703,1
13708,1
13709,2
13712,2
13715,1
13718,1
13719,3
13721,1
13722,4
13725,3
13728,2
13731,1
13734,4
13735,1
13738,1
13740,2
13741,1
13744,1
13747,1
13748,1
13750,4
13753,1
13754,2
13757,2
13760,3
13764,1
13766,2
13767,2
13769,1
13770,2
13773,2
13776,2
13779,2
13780,2
13785,1
13786,1
13789,2
13792,3
13796,1
13798,2
13802,3
13805,1
13808,3
13811,3
13814,2
13815,1
13817,1
13818,1
13820,1
13821,1
13827,2
13834,1
13836,1
13837,3
13840,2
13843,1
13844,1
13847,1
13850,1
13852,1
13856,2
13859,1
13860,1
13862,4
13863,2
13865,2
13866,1
13868,1
13869,4
13872,3
13875,3
13876,2
13878,2
13881,3
13885,1
13888,2
13891,3
13894,1
13897,1
13898,2
13900,1
13901,1
13904,2
13907,5
13917,4
13920,6
13923,1
13926,2
13927,1
13929,1
13930,2
13933,3
13936,2
13939,1
13940,1
13942,2
13946,2
13952,1
13955,1
13958,1
13961,2
13964,1
13965,1
13968,2
13974,1
13977,1
13978,2
13981,1
13984,2
13987,2
13990,1
13997,3
14003,1
14004,1
14006,1
14009,1
14010,3
14012,1
14013,2
14016,2
14019,6
14022,1
14023,2
14025,1
14029,2
14032,5
14035,3
14038,2
14041,1
14042,1
14048,1
14051,1
14054,2
14057,1
14060,1
14061,2
14064,2
14067,3
14068,1
14070,1
14073,1
14080,2
14083,1
14087,2
14090,1
14093,1
14096,3
14099,1
14100,1
14102,1
14103,1
14106,1
14109,2
14112,5
14115,2
14118,4
14121,1
14124,1
14125,1
14128,2
14131,2
14138,3
14144,2
14147,2
14148,1
14157,3
14160,2
14163,1
14169,2
14173,1
14176,3
14179,4
14182,1
14186,1
14188,1
14189,3
14192,3
14195,2
14196,1
14198,3
14199,1
14208,2
14214,1
14224,2
14227,4
14231,1
14233,4
14234,1
14237,1
14243,1
14250,2
14252,1
14253,1
14256,1
14262,3
14265,1
14272,1
14278,1
14281,1
14282,2
14285,1
14288,1
14294,3
14295,1
14298,1
14301,1
14304,1
14308,1
14311,2
14313,1
14316,2
14320,1
14326,1
14327,1
14329,1
14333,1
14336,1
14342,1
14349,1
14352,2
14355,1
14358,1
14361,2
14362,4
14371,1
14375,1
14378,1
14380,1
14381,1
14384,1
14396,1
14406,1
14409,1
14412,1
14413,1
14416,2
14432,2
14445,2
14448,5
14451,1
14454,2
14455,1
14458,2
14460,2
14461,1
14464,1
14467,1
14470,1
14477,2
14483,3
14490,1
14493,1
14496,3
14506,2
14528,4
14531,1
14535,1
14538,1
14541,1
14544,1
14547,1
14550,1
14553,1
14557,1
14573,1
14576,1
14583,1
14586,1
14599,1
14602,1
14605,1
14611,1
14618,1
14621,1
14627,1
14628,1
14630,1
14637,2
14643,1
14646,2
14650,1
14656,2
14665,1
14685,1
14688,1
14697,1
14701,2
14711,1
14714,1
14717,1
14723,1
14727,1
14733,1
14736,1
14752,1
14755,1
14759,1
14765,1
14768,3
14771,1
14774,1
14825,1
14828,1
14835,1
14845,1
14857,1
14858,1
14861,1
14867,1
14896,1
14899,2
14903,1
14909,1
14912,1
14915,1
14924,1
14934,1
14938,1
14940,1
14944,1
14957,2
14963,1
14966,1
14989,1
14998,1
15046,1
15056,2
15078,1
15079,1
15088,1
15091,1
15110,1
15120,1
15136,1
15142,1
15145,1
15146,1
15158,1
15168,1
15171,1
15177,1
15178,1
15187,1
15200,2
15209,1
15229,1
15235,1
15238,1
15239,1
15255,1
15264,1
15277,1
15280,1
15284,1
15287,1
15302,2
15316,1
15318,1
15347,1
15405,1
15478,1
15485,1
15555,1
15572,1
15609,1
15628,1
15648,1
15654,1
15677,1
15706,1
15718,1
15747,1
15760,1
15785,1
15789,1
15795,1
15875,1
15882,1
15910,1
15929,1
15945,1
15955,1
15965,1
15972,1
15996,1
16006,1
16083,1
16224,1
16246,1
16269,1
16330,1
16333,1
16365,1
16372,1
16435,1
16477,1
16516,1
16525,1
16541,1
16548,1
16692,1
16698,1
16704,1
16708,1
16832,1
17030,1
17126,1
17155,1
17187,1
17283,1
17392,1
17398,1
17417,1
17556,1
17641,1
17670,1
17709,1
17792,2
17827,1
17920,1
17926,1
17929,1
17971,1
18007,1
18038,1
18041,1
18080,1
18134,1
18198,1
18217,1
18250,1
18266,1
18358,1
18364,1
18409,1
18573,1
18624,1
18813,1
18819,1
18870,1
18883,1
18956,1
19056,1
19120,1
19136,1
19190,1
19232,1
19386,1
19456,1
19494,1
19510,1
19517,1
19584,1
19645,1
19738,1
19802,1
19911,1
20259,1
20276,1
20384,1
20416,1
20455,1
20640,2
20947,1
21050,1
21370,1
21530,1
21574,1
22003,1
22032,1
22166,1
22244,1
22266,1
22320,1
22355,1
22384,1
22412,1
22455,1
22477,1
22528,1
22588,1
22636,1
22691,1
22694,1
22900,1
23072,1
23283,1
23370,1
23443,1
23453,1
23462,1
23488,1
23603,1
23673,1
23731,1
23741,1
23837,1
23860,1
23952,1
23956,1
24026,1
24077,1
24096,1
24109,1
24224,1
24355,1
24400,1
24493,1
24585,1
24589,1
24669,1
24717,1
24803,1
24957,1
25050,1
25062,1
25082,1
25174,1
25431,1
25517,1
25520,1
25536,1
25568,1
25636,1
25732,1
25760,1
25840,1
25943,1
26086,1
26432,1
26442,1
26586,1
26601,1
26694,1
26816,1
26985,1
27066,1
27101,1
27107,1
27178,1
27219,1
27238,1
27376,1
27408,1
27428,1
27475,1
27481,1
27491,1
27517,1
27532,1
27604,1
27619,1
27641,1
27740,1
27821,1
27987,1
28128,1
28131,1
28176,1
28493,1
28563,1
28787,1
28906,1
28973,1
29133,2
29520,1
29555,1
29757,1
29780,1
29901,1
29916,1
30118,1
30128,1
30409,1
30448,1
30631,1
30780,1
30906,1
30976,1
30998,1
31046,1
31124,1
31315,1
31331,1
31389,1
31405,1
31501,1
31680,1
31693,1
31703,1
31767,1
31853,1
31920,1
32080,1
32329,1
32406,1
32503,1
32550,1
32579,1
32666,1
32736,1
32780,1
33101,1
33469,1
33763,1
33936,1
33952,1
33968,1
33994,1
34010,1
34016,1
34099,1
34199,1
34234,1
34314,1
34404,1
34592,1
34672,1
34749,1
34794,1
34819,1
35136,1
35188,1
35245,1
35276,1
35319,1
35405,1
35421,1
35462,1
35530,1
35545,1
35571,2
35661,1
35804,1
35847,1
36035,1
36061,1
36080,1
36128,1
36147,1
36221,1
36279,1
36294,1
36381,1
36500,1
36579,1
36599,1
36665,1
36691,1
36698,1
36829,1
36857,1
36986,1
37091,1
37226,1
37293,1
37354,1
37357,1
37417,1
37494,1
37549,1
37587,1
37693,1
37737,1
37859,1
38096,1
38173,1
38204,1
38407,1
38451,1
38534,1
38557,1
38797,1
38902,1
38925,1
38934,1
39011,1
39050,1
39136,1
39172,1
39177,1
39197,1
39267,1
39351,1
39501,2
39533,1
39577,1
39610,1
39651,1
39673,1
39805,1
39811,1
39817,1
39879,1
39990,1
40420,1
40531,1
40547,1
40660,1
40717,1
40790,1
40819,1
40826,1
40998,1
41027,1
41031,1
41037,1
41062,1
41097,1
41168,1
41255,1
41299,1
41309,1
41341,1
41350,1
41401,1
41469,1
41476,1
41488,1
41491,1
41814,1
42038,1
42106,1
42253,1
42269,1
42432,1
42627,1
42720,1
42778,1
42896,1
42964,1
43117,1
43274,1
43395,1
43411,1
43507,1
43699,1
43785,1
43802,1
43968,1
44192,1
44352,1
44467,1
44685,1
44726,1
45146,1
45232,1
45286,1
45293,1
45414,1
45475,1
45520,1
45530,1
45568,1
45616,1
45667,1
45876,1
45891,1
45930,1
46192,1
46541,1
46557,1
46598,1
46599,1
46624,1
46694,1
46838,1
46887,1
46893,1
46964,1
46982,1
47072,1
47085,1
47149,1
47245,1
47264,1
47299,1
47373,1
47504,1
47584,1
47619,1
47642,1
47651,1
47900,1
48000,1
48013,1
48016,1
48205,1
48246,1
48262,1
48336,1
48467,1
48525,1
48602,1
48618,1
48724,1
48873,1
48916,1
49085,1
49108,1
49145,1
49255,1
49472,1
49795,1
49865,1
49907,1
49940,1
49965,1
50122,1
50275,1
50295,1
50329,1
50464,1
50470,1
50490,1
50566,1
50583,1
50608,1
50685,1
50726,1
50739,1
50742,1
50778,1
50800,1
50819,1
50861,1
50864,1
50960,1
51168,1
51300,1
51386,1
51456,1
51593,1
51613,1
52009,1
52208,1
52374,1
52454,1
52534,1
52544,1
52557,1
52736,1
52871,1
52915,1
53097,1
53187,1
53194,1
53228,1
53261,1
53350,1
53437,1
53485,1
53546,1
53555,1
53952,1
54039,1
54138,1
54176,1
54202,1
54301,1
54371,1
54477,1
54535,1
54560,1
54633,1
54813,1
54838,1
55021,1
55136,1
55226,1
55328,1
55556,1
55619,1
55632,1
55674,1
55699,1
55760,1
55920,1
55964,1
56153,1
56301,1
56643,1
56931,1
56957,1
57088,1
57098,1
57133,1
57174,1
57190,1
57299,1
57306,1
57316,1
57430,1
57433,1
57629,1
57655,1
57779,1
57780,1
57910,1
57959,1
58234,1
58250,1
58365,1
58477,1
58496,1
58604,1
58646,1
58647,1
58682,1
58790,1
58921,1
58950,1
58957,1
59017,2
59091,1
59210,1
59225,1
59287,1
59347,1
59356,1
59420,1
59437,1
59488,1
59517,1
59552,1
59577,1
59703,1
59728,1
59824,1
59843,1
59846,1
59891,1
60115,1
60301,1
60448,1
60512,1
60576,3
60585,1
60903,1
60973,1
61034,1
61091,1
61126,1
61222,1
61414,2
61568,1
61648,1
61674,1
61734,1
61952,1
62103,1
62108,1
62128,1
62164,1
62243,1
62266,1
62332,1
62377,1
62413,1
62448,1
62522,1
62547,1
62634,1
62663,1
62679,1
62691,1
62736,1
62809,1
62966,1
63043,1
63052,1
63207,1
63296,1
63501,1
63520,1
63642,1
63782,1
63911,1
63942,2
63956,1
64010,1
64039,1
64073,1
64115,1
64163,1
64179,1
64195,2
64288,1
64320,1
64361,1
64397,1
64470,1
64496,1
64512,1
64515,1
64634,1
64697,1
64729,1
65037,1
65190,1
65242,1
65552,1
65587,1
65664,1
65696,1
65796,1
65907,1
65971,1
65978,1
66116,1
66230,1
66487,1
66726,1
66752,1
66960,1
66992,1
66995,1
67047,1
67094,1
67500,1
67596,1
67815,1
67907,1
68176,1
68282,1
68332,1
68471,1
68512,1
68634,1
68662,1
68704,1
68784,1
68832,1
68858,1
68954,1
68956,1
69136,1
69146,1
69156,1
69238,1
69417,1
69677,1
69709,2
69769,1
69850,1
69859,1
69974,1
70042,1
70064,1
70100,1
70205,1
70314,1
70371,1
70471,1
70477,1
70614,1
70697,1
70755,1
70813,1
70838,1
70873,1
71130,1
71191,1
71200,1
71396,1
71414,1
71433,1
71466,1
71498,1
71632,1
71792,1
71815,1
71911,1
71923,1
72109,1
72227,1
72230,1
72243,1
72316,1
72480,1
72500,1
72918,1
73011,1
73049,1
73088,1
73120,1
73171,1
73328,1
73389,1
73420,1
73501,1
73527,1
73536,1
73604,1
73709,1
73753,1
73767,1
73779,1
73798,1
73849,1
73859,1
73881,1
73920,1
73977,1
73997,1
74048,1
74071,1
74134,1
74368,1
74387,1
74547,1
74563,1
74825,1
75197,1
75353,1
75357,1
75421,1
75469,1
75501,1
75686,1
75699,1
75846,1
76163,1
76313,1
76316,1
76403,1
76410,1
76489,1
76512,1
76528,1
76563,1
76752,1
76759,1
76819,1
76893,1
77309,1
77341,1
77373,1
77437,1
77501,1
77639,1
77651,1
77658,1
77763,1
78023,1
78038,1
78057,1
78237,1
78285,1
78326,1
78336,1
78419,1
78739,1
78765,1
78803,1
78823,1
78890,1
78896,1
78934,1
79001,1
79142,1
79145,1
79482,1
79766,1
80109,1
80124,1
80320,1
80336,1
80355,1
80397,1
80413,1
80445,1
80506,1
80541,1
80608,1
80739,1
80771,1
81075,1
81107,1
81322,1
81376,1
81463,1
81632,1
81654,1
81696,1
81801,1
81866,1
81884,1
81939,1
82093,1
82147,1
82166,1
82221,1
82352,1
82403,1
82406,1
82439,1
82451,1
82576,1
82617,1
82621,1
82634,1
82649,1
82676,1
82749,1
82874,1
82912,2
82983,1
83047,1
83078,1
83081,1
83104,1
83181,1
83296,1
83316,1
83504,1
83581,1
83686,1
83693,1
83751,1
83852,1
84026,1
84038,1
84227,1
84237,1
84397,1
84444,1
84502,1
84569,1
84774,1
84819,1
84832,1
84857,1
84877,1
85085,1
85178,1
85194,1
85254,1
85379,1
85421,1
85510,1
85543,1
85574,1
85578,1
85584,1
85597,1
85603,1
85610,1
85664,1
85753,1
85772,1
85843,1
85860,1
86070,1
86118,1
86233,1
86262,1
86371,1
86538,1
86554,1
86745,1
86867,1
87002,1
87011,1
87014,1
87021,1
87088,1
87209,1
87331,1
87334,1
87347,1
87363,1
87364,1
87427,1
87437,1
87450,2
87481,1
87568,1
87571,1
87654,1
87722,2
87728,1
87785,1
87901,1
87991,1
88179,1
88220,1
88563,1
88669,1
88672,1
88989,1
89015,1
89088,2
89290,1
89293,1
89338,1
89545,1
89760,1
89789,1
89990,1
90093,1
90112,1
90151,1
90192,1
90292,1
90474,1
90688,1
90844,1
91008,1
91075,1
91530,1
91565,1
91641,1
91766,1
91776,1
91872,1
91907,1
92042,2
92064,1
92218,1
92231,1
92263,1
92281,1
92307,1
92582,1
92870,1
92931,1
93002,1
93015,1
93046,1
93152,1
93187,1
93197,1
93232,1
93238,1
93264,1
93392,1
93459,1
93488,1
93613,1
93693,1
93705,1
93869,1
93904,1
93965,1
93978,1
94019,1
94358,1
94377,1
94380,1
94413,1
94521,1
94573,1
94592,1
94595,1
94679,1
94838,1
94956,1
94979,1
95072,1
95171,1
95210,1
95248,1
95328,1
95385,1
95607,1
95722,1
96083,1
96154,1
96189,1
96192,1
96291,1
96371,1
96400,1
96493,1
96569,1
96579,1
96611,1
96704,1
96723,1
96793,1
96883,1
96887,1
96893,1
96916,1
96960,1
97005,1
97017,1
97120,1
97133,1
97145,1
97545,1
97546,1
97584,1
97587,1
97773,1
97820,1
98023,1
98077,1
98243,1
98451,1
98592,1
98636,1
98720,1
98733,1
98922,1
98969,1
99257,1
99420,1
99430,1
99475,1
99558,1
99606,1
99622,1
99648,1
99683,1
99693,1
99850,1
99888,1
99994,1
100006,1
100457,1
100461,1
100503,1
100579,1
100643,1
100742,1
100749,1
100848,1
100922,1
100938,1
100985,1
101142,1
101145,1
101229,2
101319,1
101511,1
101616,1
101641,1
101747,1
101920,1
101923,1
101974,1
102000,1
102045,1
102128,1
102179,1
102291,1
102432,1
102509,1
103014,1
103235,1
103280,1
103494,1
103513,1
103545,1
103565,1
103568,1
103638,1
103725,1
103728,1
103868,1
103892,1
103952,1
104003,1
104086,2
104282,1
104512,1
104583,1
104784,1
104877,1
105018,1
105030,1
105037,1
105059,1
105152,1
105235,1
105306,1
105309,1
105389,1
105514,1
105530,1
105610,1
105612,1
105658,1
105677,1
105703,1
105772,1
105795,1
105830,1
105853,1
105891,1
106006,1
106051,1
106061,1
106077,1
106170,1
106189,1
106240,1
106243,1
106275,1
106355,1
106480,1
106675,1
106720,1
106884,1
106903,1
106973,1
107258,1
107316,1
107379,1
107389,1
107447,1
107536,1
107683,1
107686,1
107690,1
107782,1
107863,1
107990,1
108003,1
108042,1
108067,1
108378,1
108400,1
108477,1
108528,1
108570,1
108611,1
108630,1
108678,1
108733,1
108780,1
108845,1
109001,1
109012,1
109033,1
109056,1
109095,1
109222,1
109305,1
109328,1
109350,1
109626,1
109725,1
109978,1
110009,1
110112,1
110144,1
110170,1
110198,1
110237,1
110406,1
110490,1
110496,1
110525,1
110576,1
110595,1
110643,1
110790,1
110806,1
110845,1
110867,1
111114,1
111844,1
111865,1
112025,1
112183,1
112185,1
112365,1
112384,1
112557,1
112871,1
112896,1
113053,1
113328,1
113348,1
113529,1
113770,1
113802,1
113853,1
114058,1
114954,1
115174,1
115238,1
115481,1
115511,1
115513,1
115767,1
115939,1
116013,1
116179,1
116586,1
116816,1
117107,1
117225,1
117526,1
117846,1
118176,1
118253,1
118439,1
118601,1
119532,1
120288,1
120365,1
120375,1
120886,1
120948,1
121363,1
121383,1
121655,1
121744,1
122182,1
122377,1
122826,1
122828,1
122899,1
123594,1
123881,1
124227,1
124672,1
124803,1
125379,1
125590,1
126707,1
126768,1
128231,1
128269,1
128605,1
128755,1
128791,1
128819,1
128890,1
129174,1
129302,1
129376,1
129466,1
129482,1
129962,1
130090,1
130429,1
130634,1
130855,1
130957,1
131120,1
131232,1
131738,1
131833,1
132547,1
132640,1
132986,1
133014,1
133085,1
133257,1
133350,1
133744,1
133872,1
133879,1
135693,1
136096,1
136333,1
137104,1
138157,1
138583,2
138656,1
139270,1
139767,1
139984,1
140102,1
140374,1
140835,1
140980,1
141257,1
141431,1
141465,1
142695,1
143433,1
143494,1
144071,1
144140,1
144823,1
144841,1
144986,1
145610,1
145958,1
146080,1
147072,1
147379,1
147853,1
147971,1
148691,1
149930,1
149991,1
150704,1
150921,1
151321,1
151671,1
151718,1
151897,1
151907,1
151945,1
151955,1
152368,1
152422,1
152464,1
152547,1
152732,1
153159,1
153267,1
153789,1
153981,1
153997,1
154272,1
154288,1
154397,1
154855,1
155069,1
155670,1
155741,1
156057,1
156256,1
156403,1
156426,1
156605,1
156937,1
157024,1
157036,1
157101,1
157130,1
157869,1
158505,1
159139,1
159360,1
160205,1
161174,1
161696,1
161801,1
161844,1
162490,1
162509,1
162973,1
163152,1
163420,1
164016,1
164214,1
164368,1
164496,1
164556,1
165849,1
166256,1
166265,1
166650,1
166662,1
167242,1
168791,1
169091,1
169241,1
170278,1
170602,1
170957,1
171072,1
172041,1
173116,1
173117,1
174620,1
174828,1
174839,1
175085,1
175552,1
175920,1
176301,1
176390,1
176889,1
177216,1
177376,1
177392,1
177542,1
177603,1
178032,1
178141,1
178211,1
178886,1
179382,1
179731,1
180121,1
180291,1
181203,1
182608,1
183386,1
184963,1
185591,1
186180,1
186278,1
186493,1
187158,1
187206,1
187776,1
187814,1
188505,1
189248,1
189763,1
189904,1
190211,1
191846,1
192026,1
192234,1
192348,1
193479,1
193785,1
194096,1
194201,1
195177,1
196278,1
196371,1
197657,1
197885,1
198064,1
198381,1
198663,1
198700,1
199072,1
199542,1
199619,1
200109,1
200141,1
200365,1
200457,1
200566,1
200698,1
200740,1
201328,1
201427,1
201434,1
201981,1
202343,1
202551,1
202928,1
203222,1
203450,1
203997,1
204275,1
206627,1
207034,1
208173,1
208218,1
208602,1
209261,1
209491,1
209795,1
211005,1
211248,1
211764,1
212211,1
213037,1
213059,1
213613,1
215049,1
215127,1
215181,1
215504,1
216605,1
216931,1
217267,1
217324,1
218320,1
219443,1
219475,1
220928,1
221085,1
221299,1
221300,1
221929,1
222240,1
222697,1
222787,1
223335,1
223594,1
223719,1
223884,1
223913,1
223952,1
224403,1
224509,1
224592,1
225223,1
225258,1
225581,1
225664,1
226087,1
226550,1
226672,1
227248,1
227543,1
229830,1
231302,1
231574,1
232439,1
232672,1
233002,1
233372,1
233850,1
234179,1
234330,1
234826,1
234880,1
235357,1
236128,1
236173,1
236787,1
238185,1
238211,1
238650,1
239584,1
239795,1
240118,1
240372,1
240493,1
240624,1
241213,1
241833,1
242579,1
242707,1
244138,1
244205,1
244454,1
245120,1
245462,1
245872,1
245949,1
246346,1
246873,1
246986,1
247053,1
247123,1
247769,1
247776,1
247885,1
248419,1
248704,1
248835,1
249098,1
249690,1
249747,1
250272,1
250704,1
252960,1
254432,1
255459,1
255862,1
255988,1
256487,1
257024,1
257229,1
257574,1
257987,1
258067,1
258643,1
259223,1
259427,1
259811,1
261069,1
261437,1
261834,1
261923,1
262218,1
262944,1
263360,1
263741,1
263821,1
265168,1
265783,1
265824,1
266377,1
267280,1
267517,1
267668,1
268227,1
268445,1
268563,1
269098,1
269159,1
269677,1
270006,1
270048,1
270167,1
270323,1
270742,1
270989,1
271008,1
271139,1
271488,1
271952,1
272064,1
272365,1
272796,1
273549,1
273753,2
276109,1
276406,1
276487,1
277555,1
278230,1
278995,1
279651,1
280048,1
280352,1
280426,1
280707,1
281235,1
281292,1
281965,1
282384,1
282525,1
283126,1
283917,1
284627,1
285021,1
286230,1
286384,1
286880,1
286883,1
288937,1
288980,1
289623,1
290394,1
290592,1
290851,1
291264,1
291536,1
291805,1
292231,1
292339,1
292813,1
293337,1
293430,1
293885,1
294074,1
294279,1
294768,1
294870,1
294998,1
295315,1
295974,1
296656,1
296867,1
297034,1
298560,1
299270,1
299677,1
300710,1
301517,1
302147,1
302698,1
302787,1
303280,1
303539,1
303680,1
303849,1
304134,1
305622,1
305773,1
305952,1
306973,1
307539,1
308208,1
309335,1
309542,1
310048,1
310132,1
310595,1
312212,1
312279,1
312442,1
313555,1
313965,1
313977,1
314758,1
314810,1
315331,1
315469,1
315920,1
315984,1
316525,1
316624,1
317274,1
317466,1
317930,1
318387,1
319283,1
319449,1
319751,1
320090,1
320234,1
320765,1
322512,1
322582,1
324038,1
324681,1
324925,1
325411,1
325940,1
326355,1
326458,1
326608,1
326800,1
328778,1
328928,1
329610,1
330640,1
331319,1
332506,1
332787,1
333171,1
333219,1
333891,1
335322,1
335619,1
335706,1
336861,1
337123,1
337517,1
337818,1
337955,1
338576,1
338649,1
338669,1
338804,1
339222,1
339802,1
340483,1
340682,1
340982,1
341017,1
341117,1
342288,1
342451,1
342669,1
343277,1
343287,1
343383,1
345670,1
347280,1
348012,1
348137,1
348461,1
348556,1
349632,1
349891,1
350061,1
350477,1
351875,1
352077,1
352499,1
352944,1
353011,1
353392,1
354045,1
354544,1
355654,1
355856,1
355993,1
356349,1
356471,1
357443,1
357981,1
358205,1
358256,1
358304,1
358803,1
359690,1
360333,1
360838,1
361146,1
361319,1
361824,1
361885,1
362317,1
362678,1
363616,1
363686,1
364048,1
364291,1
365459,1
365555,1
365965,1
366272,1
366458,1
366576,1
368685,1
368835,1
370349,1
370992,1
371110,1
371709,1
372793,1
372992,1
373036,1
373674,1
374889,1
375174,1
375945,1
376102,1
376119,1
377196,1
377738,1
378611,1
378877,1
379133,1
379187,1
379600,1
379754,1
379840,1
381165,1
381408,1
381753,1
381894,1
381945,1
382960,1
383508,1
384237,1
385066,1
385542,1
386784,1
386816,1
387408,1
387418,1
388169,1
388314,1
388605,1
389616,1
389805,1
391718,1
391770,1
393593,1
394339,1
394854,1
395878,1
396265,1
396410,1
396832,1
397171,1
398426,1
398999,1
399129,1
399149,1
399402,1
400413,1
400957,1
402308,1
402368,1
402752,1
402902,1
403676,1
404428,1
404585,1
405021,1
405043,1
405049,1
406621,1
406647,1
408205,1
408317,1
408752,1
409984,1
410473,1
410589,1
412243,1
412851,1
412867,1
412951,1
413562,1
416707,1
418084,1
418947,1
419379,1
419549,1
419891,1
419975,1
420378,1
420586,1
422208,1
422416,1
422531,1
423996,1
424093,1
425485,1
425664,1
425910,1
426185,1
426934,1
426989,1
427760,1
428154,1
428525,1
429840,1
430979,1
431072,1
431382,1
432023,1
432346,1
433737,1
433859,1
433894,1
435805,1
436089,1
436333,1
437014,1
440253,1
441517,1
441737,1
442022,1
442505,1
442841,1
443066,1
443344,1
443488,1
444348,1
445581,1
446157,1
446394,1
447626,1
448615,1
449194,1
449478,1
449574,1
450221,1
450685,1
450704,1
451366,1
451488,1
452487,1
452873,1
453792,1
454890,1
455072,1
456026,1
456342,1
457177,1
457690,1
458276,1
458919,1
459894,1
459920,1
460198,1
460989,1
463162,1
463606,1
463690,1
464284,1
465623,1
466560,1
466579,1
466908,1
467082,1
467395,1
467641,1
468637,1
469690,1
470355,1
470525,1
471837,1
473213,1
473446,1
473792,1
473811,1
473847,1
474941,1
475686,1
475789,1
476282,1
477962,1
478180,1
479306,1
479459,1
479552,1
480492,1
480509,1
480653,1
481798,1
482042,1
482106,1
483280,1
483581,1
484412,1
484666,1
485619,1
487597,1
490080,1
491171,1
491533,1
491715,1
491766,1
492003,1
494307,1
495581,1
497309,1
499171,1
499546,1
500496,1
501097,1
502371,1
502554,1
502886,1
503965,1
507748,1
515232,1
536138,1
544912,1
566620,1
571408,1
571484,1
596570,1
609450,1
612816,1
614275,1
615107,1
615683,1
616304,1
622905,1
623334,1
626988,1
716311,1
725961,1
731319,1
739415,1
741942,1
828186,1
897536,1
920304,1
920647,1
927949,1
948119,1
954518,1
955299,1
1027110,1
1030672,1
1041177,1
1045997,1
1052099,1
1052768,1
1065018,1
1082794,1
2402308,1
3333008,1
3971126,1
5190918,1
5540259,1
