# Samples: 275620, Average: 8672.6 ns, StdDev: 1370.8 ns, Quartiles: 8039.0/8499.0/8972.0 ns
4995,1
7127,1
7130,1
7165,1
7168,1
7171,1
7174,2
7178,1
7181,1
7187,1
7190,1
7196,1
7200,3
7206,1
7207,2
7210,2
7213,1
7216,1
7219,3
7222,2
7223,1
7226,1
7229,2
7232,2
7235,3
7236,1
7238,4
7239,4
7241,1
7242,2
7245,4
7248,2
7251,6
7254,5
7255,3
7257,7
7258,5
7260,1
7261,7
7264,10
7267,1
7270,4
7271,2
7273,3
7274,5
7276,2
7277,7
7280,7
7283,11
7284,4
7286,6
7287,5
7289,5
7290,8
7292,1
7293,7
7296,16
7299,16
7300,1
7302,8
7303,3
7305,6
7306,5
7308,3
7309,12
7312,11
7315,18
7316,3
7318,6
7319,5
7321,6
7322,12
7324,5
7325,6
7328,25
7331,13
7332,4
7334,20
7335,11
7337,8
7338,12
7340,3
7341,23
7344,21
7347,35
7348,9
7350,17
7351,7
7353,14
7354,17
7356,4
7357,19
7360,45
7363,24
7364,5
7366,28
7367,8
7369,11
7370,19
7372,13
7373,47
7376,26
7379,40
7380,9
7382,15
7383,12
7385,27
7386,38
7388,8
7389,35
7392,58
7395,33
7396,5
7398,48
7399,30
7401,16
7402,23
7404,17
7405,58
7408,45
7411,83
7412,15
7414,26
7415,17
7417,48
7418,63
7420,18
7421,51
7424,112
7427,54
7428,16
7430,52
7431,34
7433,23
7434,34
7436,21
7437,82
7440,83
7443,112
7444,19
7446,60
7447,34
7449,44
7450,87
7452,16
7453,59
7456,158
7459,82
7460,13
7462,85
7463,66
7465,25
7466,48
7468,28
7469,139
7472,105
7475,150
7476,23
7478,72
7479,41
7481,58
7482,120
7484,20
7485,103
7488,190
7491,80
7492,29
7494,115
7495,79
7497,55
7498,73
7500,50
7501,157
7504,152
7507,156
7508,37
7510,73
7511,52
7513,83
7514,136
7516,31
7517,127
7520,221
7523,130
7524,27
7526,127
7527,96
7529,63
7530,91
7532,48
7533,235
7536,181
7539,219
7540,63
7542,86
7543,67
7545,108
7546,172
7548,35
7549,147
7552,325
7555,138
7556,34
7558,191
7559,124
7561,69
7562,134
7564,55
7565,229
7568,213
7571,224
7572,92
7574,126
7575,64
7577,114
7578,199
7580,34
7581,183
7584,348
7587,208
7588,52
7590,190
7591,138
7593,80
7594,143
7596,67
7597,312
7600,248
7603,309
7604,70
7606,148
7607,104
7609,142
7610,226
7612,41
7613,205
7616,408
7619,182
7620,54
7622,257
7623,163
7625,101
7626,156
7628,80
7629,293
7632,262
7635,311
7636,82
7638,172
7639,98
7641,173
7642,255
7644,46
7645,231
7648,411
7651,225
7652,68
7654,269
7655,172
7657,104
7658,173
7660,99
7661,365
7664,268
7667,324
7668,83
7670,155
7671,116
7673,186
7674,283
7676,57
7677,210
7680,429
7683,224
7684,60
7686,289
7687,200
7689,126
7690,175
7692,93
7693,369
7696,307
7699,407
7700,92
7702,177
7703,152
7705,188
7706,293
7708,46
7709,233
7712,475
7715,268
7716,78
7718,270
7719,222
7721,117
7722,188
7724,101
7725,393
7728,306
7731,379
7732,104
7734,171
7735,139
7737,186
7738,284
7740,58
7741,270
7744,537
7747,234
7748,73
7750,338
7751,197
7753,142
7754,172
7756,91
7757,372
7760,321
7763,419
7764,102
7766,182
7767,130
7769,161
7770,282
7772,51
7773,270
7776,490
7779,242
7780,80
7782,312
7783,215
7785,135
7786,191
7788,114
7789,410
7792,312
7795,434
7796,82
7798,208
7799,150
7801,186
7802,306
7804,63
7805,255
7808,472
7811,270
7812,79
7814,305
7815,194
7817,105
7818,196
7820,106
7821,402
7824,330
7827,418
7828,87
7830,209
7831,142
7833,226
7834,298
7836,68
7837,296
7840,504
7843,279
7844,63
7846,296
7847,219
7849,141
7850,201
7852,102
7853,413
7856,332
7859,430
7860,112
7862,214
7863,144
7865,198
7866,322
7868,69
7869,267
7872,588
7875,273
7876,67
7878,331
7879,194
7881,135
7882,198
7884,132
7885,407
7888,334
7891,463
7892,117
7894,208
7895,136
7897,199
7898,306
7900,79
7901,314
7904,499
7907,279
7908,68
7910,342
7911,216
7913,171
7914,222
7916,110
7917,445
7920,357
7923,441
7924,99
7926,221
7927,127
7929,201
7930,362
7932,62
7933,278
7936,516
7939,302
7940,64
7942,302
7943,235
7945,143
7946,229
7948,100
7949,434
7952,376
7955,468
7956,118
7958,228
7959,170
7961,211
7962,341
7964,65
7965,285
7968,528
7971,310
7972,78
7974,309
7975,252
7977,137
7978,204
7980,99
7981,439
7984,380
7987,437
7988,112
7990,209
7991,131
7993,223
7994,357
7996,85
7997,310
8000,551
8003,282
8004,70
8006,347
8007,220
8009,154
8010,213
8012,115
8013,411
8016,345
8019,465
8020,102
8022,245
8023,153
8025,234
8026,311
8028,54
8029,307
8032,586
8035,294
8036,65
8038,328
8039,202
8041,162
8042,226
8044,110
8045,437
8048,373
8051,429
8052,109
8054,229
8055,154
8057,232
8058,339
8060,97
8061,288
8064,587
8067,296
8068,90
8070,355
8071,225
8073,158
8074,219
8076,117
8077,450
8080,372
8083,494
8084,89
8086,210
8087,158
8089,246
8090,380
8092,79
8093,299
8096,553
8099,324
8100,63
8102,358
8103,238
8105,155
8106,209
8108,113
8109,455
8112,388
8115,424
8116,114
8118,235
8119,147
8121,218
8122,361
8124,68
8125,305
8128,560
8131,318
8132,81
8134,341
8135,263
8137,135
8138,204
8140,104
8141,461
8144,391
8147,472
8148,121
8150,207
8151,154
8153,227
8154,368
8156,76
8157,308
8160,580
8163,308
8164,68
8166,327
8167,240
8169,158
8170,207
8172,99
8173,474
8176,389
8179,439
8180,114
8182,220
8183,132
8185,234
8186,410
8188,82
8189,314
8192,578
8195,298
8196,68
8198,336
8199,260
8201,147
8202,221
8204,127
8205,464
8208,357
8211,468
8212,110
8214,210
8215,168
8217,234
8218,379
8220,79
8221,264
8224,573
8227,311
8228,77
8230,334
8231,230
8233,163
8234,224
8236,133
8237,442
8240,376
8243,499
8244,106
8246,223
8247,149
8249,236
8250,343
8252,74
8253,314
8256,564
8259,283
8260,58
8262,320
8263,205
8265,136
8266,243
8268,103
8269,462
8272,344
8275,445
8276,111
8278,237
8279,137
8281,236
8282,359
8284,63
8285,283
8288,568
8291,294
8292,74
8294,304
8295,239
8297,145
8298,224
8300,148
8301,501
8304,354
8307,448
8308,94
8310,245
8311,160
8313,256
8314,379
8316,73
8317,305
8320,622
8323,308
8324,72
8326,355
8327,213
8329,135
8330,235
8332,146
8333,477
8336,390
8339,449
8340,121
8342,231
8343,144
8345,228
8346,351
8348,67
8349,311
8352,575
8355,317
8356,70
8358,378
8359,260
8361,150
8362,233
8364,111
8365,483
8368,361
8371,487
8372,131
8374,221
8375,163
8377,187
8378,372
8380,77
8381,320
8384,610
8387,329
8388,71
8390,370
8391,219
8393,129
8394,230
8396,128
8397,421
8400,390
8403,486
8404,123
8406,211
8407,143
8409,225
8410,352
8412,88
8413,296
8416,567
8419,328
8420,80
8422,341
8423,225
8425,152
8426,222
8428,108
8429,479
8432,377
8435,480
8436,115
8438,231
8439,167
8441,243
8442,378
8444,79
8445,319
8448,591
8451,323
8452,82
8454,337
8455,269
8457,153
8458,189
8460,131
8461,480
8464,387
8467,447
8468,105
8470,234
8471,116
8473,241
8474,330
8476,72
8477,295
8480,615
8483,307
8484,78
8486,370
8487,224
8489,150
8490,238
8492,122
8493,466
8496,389
8499,505
8500,106
8502,209
8503,171
8505,262
8506,361
8508,81
8509,303
8512,576
8515,291
8516,79
8518,358
8519,216
8521,155
8522,201
8524,109
8525,465
8528,391
8531,478
8532,120
8534,240
8535,155
8537,237
8538,350
8540,64
8541,316
8544,541
8547,307
8548,72
8550,366
8551,244
8553,171
8554,235
8556,109
8557,468
8560,397
8563,480
8564,130
8566,217
8567,169
8569,261
8570,380
8572,79
8573,314
8576,597
8579,285
8580,74
8582,349
8583,238
8585,149
8586,207
8588,123
8589,473
8592,358
8595,468
8596,94
8598,246
8599,153
8601,220
8602,373
8604,85
8605,297
8608,564
8611,309
8612,84
8614,373
8615,242
8617,157
8618,208
8620,127
8621,466
8624,381
8627,492
8628,100
8630,238
8631,141
8633,217
8634,341
8636,87
8637,336
8640,597
8643,256
8644,66
8646,331
8647,244
8649,150
8650,231
8652,127
8653,454
8656,352
8659,476
8660,106
8662,190
8663,131
8665,233
8666,352
8668,76
8669,314
8672,612
8675,293
8676,76
8678,332
8679,208
8681,148
8682,247
8684,114
8685,410
8688,380
8691,501
8692,106
8694,219
8695,172
8697,230
8698,412
8700,67
8701,300
8704,552
8707,295
8708,72
8710,333
8711,257
8713,157
8714,203
8716,116
8717,492
8720,336
8723,468
8724,108
8726,239
8727,184
8729,247
8730,358
8732,79
8733,347
8736,599
8739,324
8740,74
8742,364
8743,223
8745,140
8746,226
8748,126
8749,495
8752,381
8755,445
8756,114
8758,202
8759,166
8761,215
8762,323
8764,73
8765,284
8768,544
8771,288
8772,77
8774,311
8775,210
8777,142
8778,229
8780,123
8781,398
8784,376
8787,475
8788,108
8790,226
8791,128
8793,214
8794,313
8796,54
8797,292
8800,550
8803,286
8804,71
8806,293
8807,207
8809,144
8810,202
8812,123
8813,463
8816,323
8819,490
8820,99
8822,227
8823,138
8825,245
8826,349
8828,66
8829,285
8832,535
8835,275
8836,65
8838,321
8839,185
8841,124
8842,209
8844,101
8845,406
8848,360
8851,460
8852,117
8854,191
8855,133
8857,202
8858,354
8860,58
8861,282
8864,498
8867,292
8868,70
8870,359
8871,206
8873,174
8874,176
8876,111
8877,443
8880,333
8883,451
8884,114
8886,186
8887,144
8889,200
8890,337
8892,72
8893,262
8896,537
8899,281
8900,59
8902,336
8903,210
8905,152
8906,183
8908,125
8909,452
8912,343
8915,426
8916,83
8918,222
8919,154
8921,231
8922,333
8924,70
8925,292
8928,529
8931,255
8932,77
8934,337
8935,220
8937,129
8938,200
8940,102
8941,474
8944,339
8947,422
8948,98
8950,233
8951,141
8953,211
8954,338
8956,66
8957,275
8960,533
8963,262
8964,68
8966,331
8967,232
8969,158
8970,209
8972,112
8973,438
8976,340
8979,443
8980,95
8982,226
8983,159
8985,220
8986,343
8988,87
8989,309
8992,527
8995,291
8996,65
8998,315
8999,218
9001,133
9002,204
9004,103
9005,411
9008,364
9011,419
9012,113
9014,200
9015,145
9017,206
9018,290
9020,87
9021,277
9024,596
9027,280
9028,72
9030,326
9031,191
9033,123
9034,214
9036,114
9037,393
9040,323
9043,463
9044,109
9046,221
9047,129
9049,222
9050,328
9052,74
9053,329
9056,584
9059,270
9060,81
9062,330
9063,214
9065,133
9066,214
9068,101
9069,435
9072,377
9075,392
9076,115
9078,212
9079,145
9081,231
9082,313
9084,72
9085,287
9088,524
9091,284
9092,73
9094,315
9095,207
9097,132
9098,218
9100,97
9101,426
9104,316
9107,412
9108,108
9110,180
9111,138
9113,200
9114,303
9116,75
9117,250
9120,521
9123,268
9124,70
9126,285
9127,231
9129,125
9130,183
9132,92
9133,385
9136,353
9139,392
9140,99
9142,210
9143,114
9145,199
9146,302
9148,76
9149,263
9152,509
9155,238
9156,55
9158,301
9159,193
9161,135
9162,199
9164,96
9165,349
9168,302
9171,383
9172,84
9174,193
9175,117
9177,156
9178,251
9180,50
9181,239
9184,481
9187,248
9188,70
9190,276
9191,197
9193,121
9194,195
9196,105
9197,417
9200,308
9203,389
9204,103
9206,180
9207,118
9209,175
9210,276
9212,62
9213,203
9216,443
9219,231
9220,44
9222,260
9223,192
9225,109
9226,165
9228,84
9229,357
9232,286
9235,364
9236,82
9238,167
9239,115
9241,159
9242,250
9244,56
9245,173
9248,432
9251,225
9252,67
9254,257
9255,153
9257,86
9258,161
9260,79
9261,301
9264,246
9267,305
9268,64
9270,145
9271,81
9273,130
9274,206
9276,51
9277,190
9280,299
9283,200
9284,49
9286,210
9287,128
9289,93
9290,127
9292,75
9293,289
9296,209
9299,261
9300,74
9302,129
9303,88
9305,115
9306,184
9308,38
9309,165
9312,316
9315,131
9316,40
9318,203
9319,119
9321,83
9322,113
9324,58
9325,221
9328,165
9331,230
9332,60
9334,107
9335,81
9337,113
9338,208
9340,43
9341,147
9344,260
9347,140
9348,41
9350,150
9351,109
9353,59
9354,110
9356,60
9357,218
9360,202
9363,184
9364,52
9366,104
9367,65
9369,112
9370,141
9372,29
9373,121
9376,283
9379,132
9380,35
9382,134
9383,96
9385,65
9386,85
9388,46
9389,156
9392,143
9395,165
9396,47
9398,89
9399,55
9401,97
9402,117
9404,28
9405,112
9408,205
9411,79
9412,28
9414,123
9415,78
9417,43
9418,83
9420,39
9421,155
9424,102
9427,153
9428,19
9430,58
9431,41
9433,74
9434,86
9436,22
9437,92
9440,166
9443,69
9444,20
9446,88
9447,47
9449,37
9450,62
9452,27
9453,121
9456,99
9459,127
9460,34
9462,65
9463,34
9465,68
9466,84
9468,28
9469,85
9472,158
9475,82
9476,13
9478,100
9479,52
9481,36
9482,55
9484,32
9485,91
9488,88
9491,102
9492,25
9494,54
9495,30
9497,45
9498,75
9500,15
9501,58
9504,121
9507,78
9508,15
9510,77
9511,61
9513,31
9514,54
9516,25
9517,121
9520,75
9523,92
9524,27
9526,45
9527,27
9529,39
9530,43
9532,8
9533,57
9536,98
9539,48
9540,7
9542,56
9543,21
9545,21
9546,43
9548,9
9549,67
9552,61
9555,70
9556,21
9558,38
9559,20
9561,39
9562,52
9564,18
9565,43
9568,87
9571,40
9572,10
9574,35
9575,21
9577,15
9578,29
9580,12
9581,58
9584,45
9587,52
9588,11
9590,26
9591,22
9593,33
9594,46
9596,6
9597,40
9600,58
9603,36
9604,8
9606,37
9607,31
9609,24
9610,38
9612,17
9613,47
9616,39
9619,60
9620,14
9622,22
9623,21
9625,21
9626,41
9628,9
9629,35
9632,58
9635,22
9636,7
9638,29
9639,29
9641,20
9642,21
9644,18
9645,33
9648,38
9651,42
9652,10
9654,19
9655,20
9657,24
9658,32
9660,5
9661,39
9664,51
9667,31
9668,7
9670,33
9671,29
9673,14
9674,24
9676,9
9677,42
9680,32
9683,41
9684,11
9686,21
9687,11
9689,20
9690,32
9692,5
9693,23
9696,46
9699,20
9700,9
9702,29
9703,17
9705,12
9706,23
9708,8
9709,36
9712,20
9715,41
9716,9
9718,15
9719,17
9721,28
9722,32
9724,9
9725,20
9728,52
9731,20
9732,5
9734,25
9735,14
9737,6
9738,15
9740,11
9741,34
9744,25
9747,42
9748,9
9750,10
9751,15
9753,11
9754,22
9756,4
9757,23
9760,42
9763,21
9764,5
9766,17
9767,22
9769,12
9770,11
9772,14
9773,35
9776,21
9779,37
9780,6
9782,7
9783,8
9785,20
9786,16
9788,4
9789,27
9792,40
9795,21
9796,3
9798,38
9799,15
9801,14
9802,22
9804,8
9805,35
9808,34
9811,21
9812,8
9814,12
9815,9
9817,13
9818,28
9820,5
9821,16
9824,37
9827,21
9828,3
9830,21
9831,10
9833,12
9834,21
9836,9
9837,24
9840,28
9843,26
9844,6
9846,11
9847,8
9849,18
9850,16
9852,3
9853,15
9856,36
9859,13
9860,3
9862,17
9863,12
9865,11
9866,9
9868,9
9869,19
9872,23
9875,20
9876,9
9878,15
9879,8
9881,13
9882,27
9884,1
9885,22
9888,34
9891,20
9892,1
9894,21
9895,8
9897,12
9898,10
9900,7
9901,20
9904,27
9907,18
9908,6
9910,8
9911,6
9913,12
9914,13
9916,1
9917,16
9920,33
9923,12
9924,6
9926,19
9927,6
9929,4
9930,12
9932,5
9933,27
9936,23
9939,29
9940,3
9942,12
9943,10
9945,15
9946,13
9948,5
9949,8
9952,19
9955,13
9956,8
9958,20
9959,6
9961,5
9962,8
9964,7
9965,25
9968,11
9971,22
9972,2
9974,11
9975,7
9977,14
9978,17
9980,1
9981,20
9984,27
9987,16
9988,4
9990,16
9991,10
9993,2
9994,14
9996,4
9997,18
10000,18
10003,21
10004,4
10006,9
10007,7
10009,9
10010,14
10012,2
10013,14
10016,26
10019,8
10020,1
10022,20
10023,10
10025,6
10026,15
10028,4
10029,25
10032,13
10035,16
10036,6
10038,8
10039,2
10041,8
10042,6
10044,2
10045,14
10048,20
10051,8
10054,18
10055,4
10057,4
10058,11
10061,15
10064,15
10067,13
10068,5
10070,12
10071,4
10073,8
10074,13
10076,1
10077,17
10080,21
10083,15
10084,4
10086,17
10087,4
10089,6
10090,6
10092,2
10093,16
10096,6
10099,21
10100,12
10102,5
10103,2
10105,6
10106,11
10108,3
10109,11
10112,21
10115,15
10116,1
10118,17
10119,9
10121,4
10122,8
10124,5
10125,15
10128,10
10131,15
10132,3
10134,7
10135,4
10137,7
10138,17
10140,2
10141,11
10144,19
10147,6
10148,1
10150,15
10151,7
10153,4
10154,7
10156,5
10157,12
10160,14
10163,18
10164,4
10166,8
10167,6
10169,13
10170,18
10172,3
10173,8
10176,17
10179,7
10180,1
10182,14
10183,4
10185,6
10186,6
10188,2
10189,14
10192,11
10195,19
10196,6
10198,11
10199,3
10201,10
10202,6
10204,2
10205,10
10208,15
10211,12
10212,4
10214,7
10215,7
10217,2
10218,8
10220,5
10221,12
10224,14
10227,17
10228,6
10230,7
10231,8
10233,6
10234,12
10236,3
10237,11
10240,18
10243,9
10244,4
10246,17
10247,15
10249,4
10250,8
10252,1
10253,10
10256,13
10259,19
10260,2
10262,8
10263,4
10265,8
10266,16
10268,2
10269,7
10272,24
10275,5
10276,1
10278,10
10279,5
10281,1
10282,7
10284,9
10285,13
10288,12
10291,24
10292,2
10294,6
10295,8
10297,11
10298,13
10300,1
10301,6
10304,13
10307,6
10308,2
10310,8
10311,9
10313,4
10314,6
10316,5
10317,16
10320,9
10323,11
10324,6
10326,7
10327,4
10329,8
10330,9
10332,3
10333,11
10336,16
10339,14
10340,2
10342,18
10343,6
10345,5
10346,5
10348,5
10349,14
10352,7
10355,18
10356,5
10358,9
10359,5
10361,4
10362,7
10364,1
10365,12
10368,13
10371,10
10372,3
10374,8
10375,8
10377,4
10378,8
10380,4
10381,16
10384,14
10387,13
10388,1
10390,6
10391,3
10393,10
10394,8
10396,1
10397,8
10400,17
10403,9
10406,20
10407,11
10409,7
10410,4
10412,6
10413,10
10416,15
10419,12
10420,4
10422,8
10423,4
10425,6
10426,7
10429,15
10432,21
10435,9
10436,2
10438,9
10439,7
10441,1
10442,7
10444,6
10445,16
10448,18
10451,19
10452,3
10454,5
10455,5
10457,6
10458,8
10460,1
10461,7
10464,19
10467,11
10468,2
10470,11
10471,5
10473,4
10474,5
10476,2
10477,9
10480,9
10483,13
10484,3
10486,11
10487,4
10489,8
10490,14
10492,3
10493,10
10496,14
10499,8
10500,1
10502,8
10503,3
10505,7
10506,3
10508,4
10509,20
10512,9
10515,15
10516,3
10518,4
10519,2
10521,5
10522,13
10524,1
10525,6
10528,10
10531,12
10532,2
10534,6
10535,7
10537,5
10538,5
10540,2
10541,11
10544,5
10547,13
10548,4
10550,1
10551,2
10553,6
10554,9
10556,1
10557,10
10560,11
10563,8
10564,1
10566,9
10567,8
10569,5
10570,6
10572,1
10573,11
10576,9
10579,18
10580,3
10582,3
10583,8
10585,4
10586,10
10588,1
10589,12
10592,21
10595,13
10598,6
10599,5
10601,4
10602,5
10604,2
10605,17
10608,10
10611,11
10612,3
10614,4
10615,4
10617,2
10618,9
10620,4
10621,5
10624,17
10627,11
10628,2
10630,7
10631,11
10633,1
10634,5
10636,5
10637,10
10640,5
10643,7
10644,3
10646,7
10647,6
10649,4
10650,5
10653,10
10656,6
10659,4
10660,2
10662,10
10663,2
10665,2
10666,7
10668,4
10669,13
10672,10
10675,11
10676,3
10678,5
10679,2
10681,7
10682,7
10684,1
10685,4
10688,11
10691,10
10694,6
10695,2
10697,3
10698,6
10700,3
10701,9
10704,11
10707,11
10708,2
10710,5
10711,3
10713,6
10714,3
10717,5
10720,12
10723,4
10724,2
10726,5
10727,2
10729,3
10732,3
10733,10
10736,7
10739,3
10740,3
10742,6
10743,4
10745,2
10746,8
10748,1
10749,4
10752,4
10755,4
10756,3
10758,6
10759,2
10762,5
10764,1
10765,6
10768,3
10771,8
10772,3
10774,2
10775,2
10777,7
10778,5
10780,1
10781,4
10784,9
10787,11
10790,6
10791,2
10793,1
10794,3
10796,1
10797,9
10800,8
10803,12
10806,5
10809,4
10810,3
10813,6
10816,6
10819,3
10820,1
10822,5
10823,4
10825,2
10826,4
10828,3
10829,6
10832,8
10835,7
10836,1
10838,2
10839,2
10841,1
10842,2
10844,2
10845,2
10848,6
10851,2
10852,1
10854,6
10855,8
10857,1
10858,3
10861,6
10864,7
10867,6
10868,2
10870,5
10871,1
10873,4
10874,2
10877,2
10880,4
10883,1
10886,1
10889,3
10890,1
10893,7
10896,1
10899,9
10900,1
10902,4
10903,2
10905,6
10906,2
10909,1
10912,6
10915,5
10918,4
10919,3
10921,1
10922,3
10925,4
10928,5
10931,2
10932,1
10934,2
10935,1
10937,1
10938,2
10940,3
10941,2
10944,3
10947,2
10950,4
10953,2
10957,3
10960,2
10963,4
10966,3
10967,3
10969,2
10970,5
10972,1
10973,2
10976,3
10983,1
10985,1
10986,4
10989,2
10992,1
10995,6
10996,1
10998,5
11002,1
11004,1
11005,2
11008,3
11011,3
11012,1
11014,3
11015,1
11017,1
11018,3
11020,1
11021,2
11024,4
11027,3
11028,4
11030,2
11031,2
11033,2
11034,2
11037,3
11040,4
11043,3
11044,1
11046,1
11047,2
11050,3
11052,1
11053,6
11056,2
11059,2
11062,1
11066,6
11072,1
11075,1
11076,1
11078,4
11079,1
11081,1
11082,1
11084,1
11085,4
11088,2
11091,6
11094,2
11097,1
11098,1
11100,1
11101,1
11104,2
11107,1
11108,2
11113,3
11114,2
11116,1
11117,2
11120,1
11123,6
11127,3
11130,3
11133,2
11136,1
11139,1
11142,1
11143,2
11146,2
11149,3
11152,1
11155,3
11158,1
11159,1
11161,3
11168,3
11171,1
11174,1
11175,1
11180,1
11181,4
11184,2
11187,1
11188,1
11190,2
11191,1
11193,2
11194,2
11196,1
11200,2
11203,2
11207,1
11209,1
11210,2
11213,2
11216,2
11219,3
11222,1
11223,1
11225,1
11226,3
11228,1
11229,1
11232,2
11236,1
11238,1
11239,1
11244,1
11245,1
11248,5
11251,2
11252,1
11254,2
11255,1
11257,5
11258,1
11261,4
11264,5
11267,3
11268,1
11270,1
11271,2
11273,1
11274,1
11276,1
11277,4
11280,1
11283,3
11289,2
11290,1
11292,1
11296,2
11299,2
11302,1
11305,1
11309,4
11312,2
11315,1
11316,2
11318,1
11319,3
11322,2
11324,1
11325,2
11328,5
11331,1
11335,2
11341,2
11344,1
11347,2
11353,2
11357,2
11360,1
11363,1
11366,1
11367,2
11370,1
11372,1
11373,4
11376,2
11379,4
11380,2
11385,2
11386,1
11389,1
11392,4
11395,3
11398,3
11399,2
11401,1
11402,1
11405,2
11408,5
11411,3
11414,1
11417,3
11421,3
11424,4
11427,2
11428,1
11430,3
11431,1
11434,2
11436,3
11440,1
11443,3
11449,1
11450,2
11453,1
11456,8
11459,1
11462,2
11463,1
11466,1
11468,4
11469,2
11472,3
11475,2
11476,1
11478,1
11481,1
11482,1
11485,2
11491,1
11494,1
11497,2
11500,1
11501,2
11504,2
11507,1
11508,2
11510,1
11511,1
11513,2
11514,2
11516,1
11517,1
11520,1
11523,1
11526,2
11527,3
11530,3
11533,2
11536,3
11539,3
11540,1
11542,1
11543,2
11545,1
11546,3
11548,1
11549,1
11552,4
11555,5
11561,1
11562,1
11564,2
11565,1
11571,6
11572,2
11574,1
11575,2
11578,1
11580,1
11581,2
11584,4
11587,1
11591,1
11594,2
11597,3
11600,3
11603,4
11604,3
11607,2
11609,1
11610,2
11613,6
11616,7
11622,5
11623,2
11626,1
11629,5
11632,2
11635,5
11641,1
11642,2
11645,2
11648,3
11651,2
11654,4
11658,1
11660,1
11661,3
11664,1
11667,3
11668,4
11673,1
11676,1
11677,2
11680,5
11683,4
11686,2
11687,1
11689,3
11690,1
11692,3
11693,2
11696,4
11699,3
11700,1
11702,3
11706,1
11709,3
11712,6
11716,2
11718,2
11719,1
11721,2
11725,2
11728,2
11732,1
11734,2
11735,1
11737,1
11738,4
11741,2
11744,10
11747,3
11750,2
11751,3
11753,1
11754,1
11756,1
11757,2
11760,2
11763,5
11764,1
11769,2
11770,3
11776,1
11779,3
11780,1
11782,4
11783,3
11785,1
11786,1
11788,2
11789,4
11792,3
11795,7
11796,3
11798,2
11799,2
11801,2
11802,6
11805,2
11808,2
11811,4
11812,2
11814,3
11815,3
11817,1
11820,3
11821,3
11824,4
11827,4
11828,1
11830,1
11833,3
11834,6
11836,2
11837,4
11840,4
11843,3
11844,1
11846,2
11847,3
11849,2
11850,1
11853,6
11856,3
11859,8
11860,2
11862,2
11863,1
11865,1
11866,4
11869,2
11872,8
11875,3
11878,2
11879,3
11882,2
11884,1
11885,6
11888,3
11891,6
11894,1
11897,2
11898,2
11901,1
11904,9
11907,5
11908,1
11910,1
11911,4
11914,1
11916,2
11917,4
11920,4
11923,4
11924,2
11927,1
11929,2
11930,2
11932,1
11933,3
11936,6
11939,3
11942,3
11943,2
11945,4
11946,3
11949,2
11952,3
11955,3
11956,1
11959,1
11961,3
11962,2
11964,1
11965,1
11968,3
11971,5
11972,2
11974,2
11975,3
11977,1
11978,1
11980,1
11981,8
11984,7
11987,1
11988,1
11990,3
11993,2
11994,3
11996,1
11997,2
12000,8
12003,5
12004,2
12006,4
12009,1
12010,1
12012,1
12013,3
12016,2
12019,2
12020,1
12022,5
12023,2
12025,5
12026,4
12029,2
12032,10
12035,1
12038,1
12039,2
12042,3
12044,2
12045,2
12048,1
12051,3
12054,1
12055,3
12057,2
12058,1
12060,1
12061,1
12064,3
12067,4
12068,1
12070,3
12074,3
12077,6
12080,4
12083,2
12084,2
12086,5
12087,2
12089,4
12090,4
12093,5
12096,4
12099,2
12100,1
12102,4
12103,2
12106,2
12109,6
12112,2
12115,4
12118,1
12119,2
12121,4
12122,2
12124,1
12125,1
12128,7
12131,3
12134,3
12135,2
12138,4
12140,1
12141,5
12144,3
12147,4
12148,1
12150,2
12153,1
12154,3
12157,1
12160,5
12164,2
12166,1
12167,2
12170,1
12173,5
12176,4
12179,2
12180,2
12182,1
12183,1
12185,1
12186,3
12189,1
12192,3
12195,1
12196,1
12198,4
12199,1
12202,1
12208,2
12211,4
12212,1
12214,5
12215,1
12217,1
12218,2
12220,2
12221,1
12224,9
12230,3
12231,2
12234,2
12236,3
12237,1
12240,1
12243,4
12244,1
12246,1
12249,4
12250,1
12252,1
12253,2
12256,2
12259,2
12262,1
12263,1
12265,1
12268,2
12269,3
12272,4
12275,1
12276,1
12278,2
12279,1
12284,1
12285,3
12288,2
12291,1
12292,1
12294,1
12295,3
12297,2
12298,5
12300,1
12301,1
12304,3
12307,2
12310,1
12313,1
12314,2
12317,2
12320,3
12327,1
12330,1
12332,2
12333,4
12336,2
12342,1
12343,1
12345,1
12346,5
12352,3
12355,2
12356,1
12358,3
12362,2
12365,3
12368,2
12371,3
12372,1
12374,2
12375,2
12377,1
12378,3
12381,4
12384,1
12387,4
12393,2
12396,1
12397,3
12400,1
12406,1
12407,1
12409,2
12412,1
12416,4
12423,1
12426,2
12432,2
12435,2
12438,3
12444,2
12445,5
12448,1
12451,1
12455,1
12457,1
12458,1
12464,4
12467,2
12468,1
12470,1
12471,1
12473,3
12480,2
12483,2
12486,2
12487,1
12489,1
12493,1
12496,1
12499,3
12502,2
12505,1
12506,3
12512,2
12515,2
12519,1
12522,1
12525,3
12528,2
12531,2
12537,1
12538,3
12541,3
12544,2
12550,2
12554,1
12557,2
12560,1
12563,2
12566,1
12567,1
12570,3
12573,1
12576,1
12579,1
12582,2
12586,2
12589,1
12592,1
12595,1
12598,1
12599,1
12602,2
12604,1
12608,5
12611,1
12612,1
12614,3
12617,1
12618,1
12620,1
12621,3
12630,1
12633,3
12637,1
12640,3
12643,1
12646,2
12647,2
12649,2
12650,1
12653,2
12656,4
12659,1
12662,1
12665,2
12666,2
12688,3
12694,2
12695,2
12697,3
12701,3
12704,3
12707,2
12710,3
12714,1
12717,1
12720,1
12723,1
12726,1
12729,4
12739,2
12743,1
12746,1
12749,3
12755,1
12761,1
12762,1
12768,2
12774,1
12775,1
12777,2
12780,1
12781,1
12787,1
12794,3
12797,2
12800,3
12803,1
12806,1
12807,3
12809,1
12810,3
12812,1
12813,1
12816,1
12819,2
12820,1
12822,1
12825,1
12826,4
12832,2
12838,5
12839,1
12841,1
12842,1
12844,1
12845,1
12851,5
12852,1
12854,4
12858,2
12861,1
12864,2
12867,1
12870,1
12880,1
12883,2
12886,1
12892,1
12893,1
12896,1
12902,3
12903,1
12909,2
12912,4
12915,4
12919,2
12922,4
12924,1
12925,2
12928,1
12932,1
12934,3
12937,1
12938,2
12941,1
12944,3
12947,1
12948,1
12950,1
12953,1
12957,1
12960,7
12963,1
12966,1
12969,1
12972,1
12973,3
12976,2
12979,1
12980,1
12982,1
12986,3
12992,2
12996,1
13005,3
13008,1
13012,1
13017,1
13018,1
13021,1
13024,2
13027,1
13030,1
13033,1
13037,2
13043,1
13046,1
13049,1
13050,1
13053,2
13056,3
13059,1
13062,2
13063,1
13066,1
13075,1
13079,1
13081,1
13082,3
13084,1
13085,1
13088,4
13091,1
13094,2
13095,1
13097,1
13098,1
13101,4
13107,1
13108,1
13114,3
13117,1
13123,1
13124,1
13126,2
13130,1
13133,3
13136,1
13139,3
13140,1
13142,1
13146,1
13148,1
13149,1
13152,3
13155,1
13158,4
13159,2
13165,3
13168,1
13171,2
13174,1
13175,1
13177,3
13178,2
13181,2
13184,4
13190,3
13194,1
13200,1
13203,1
13206,1
13207,2
13209,3
13210,1
13213,4
13216,2
13219,1
13222,2
13226,2
13228,2
13229,1
13235,2
13236,1
13238,3
13239,3
13242,2
13245,1
13248,2
13251,2
13261,3
13264,2
13267,1
13270,1
13274,2
13276,1
13277,1
13280,3
13283,4
13286,2
13289,1
13290,1
13293,3
13296,1
13299,2
13300,2
13302,2
13306,1
13309,1
13312,2
13315,1
13316,1
13318,1
13319,1
13324,1
13325,1
13328,1
13331,4
13337,1
13338,2
13341,2
13344,2
13350,2
13351,3
13357,2
13360,3
13364,1
13367,2
13370,2
13372,1
13373,2
13376,1
13379,1
13380,1
13383,1
13389,1
13395,2
13399,4
13401,1
13402,2
13408,3
13411,1
13412,1
13414,2
13415,1
13420,2
13421,3
13427,2
13431,2
13433,2
13434,1
13437,2
13440,1
13443,2
13444,1
13446,1
13447,1
13449,1
13453,1
13456,1
13459,3
13462,3
13466,3
13472,1
13475,1
13479,5
13482,1
13484,2
13488,1
13491,2
13492,1
13494,1
13495,3
13497,2
13498,2
13500,1
13501,1
13504,2
13507,2
13510,1
13513,1
13514,1
13517,2
13524,1
13529,2
13530,1
13532,1
13533,1
13536,2
13540,1
13542,3
13543,2
13549,2
13552,3
13555,1
13558,1
13561,1
13562,3
13564,1
13565,1
13568,2
13571,1
13574,2
13578,2
13580,1
13587,4
13590,1
13591,1
13594,3
13597,4
13603,2
13606,2
13607,1
13613,2
13619,4
13622,1
13623,2
13626,2
13629,2
13635,3
13636,1
13638,3
13639,2
13641,1
13645,1
13648,2
13654,1
13657,1
13658,1
13661,2
13664,1
13667,1
13670,3
13671,2
13673,1
13674,2
13677,5
13680,2
13683,2
13690,1
13693,1
13696,5
13699,2
13702,2
13703,1
13708,3
13709,3
13712,1
13715,1
13718,1
13721,2
13725,1
13728,3
13734,2
13735,2
13738,1
13744,2
13747,2
13748,1
13750,2
13753,2
13754,2
13756,1
13757,1
13760,6
13769,1
13770,1
13772,2
13773,2
13776,1
13779,4
13780,1
13782,2
13785,1
13786,3
13792,1
13795,3
13799,1
13801,1
13802,1
13805,1
13808,2
13815,1
13817,1
13818,4
13827,3
13833,1
13834,2
13837,3
13840,4
13849,1
13850,3
13853,1
13856,3
13859,1
13862,2
13863,1
13866,1
13869,4
13872,1
13875,2
13882,5
13884,1
13888,2
13895,2
13897,2
13898,2
13900,1
13901,1
13904,2
13907,3
13911,1
13914,3
13917,2
13923,4
13927,1
13936,2
13939,2
13940,2
13945,2
13946,1
13948,1
13949,1
13958,1
13959,1
13962,1
13964,1
13968,1
13971,2
13975,1
13984,1
13987,1
13990,4
13993,2
13997,1
14000,2
14003,1
14009,1
14013,4
14016,2
14023,2
14026,2
14029,3
14032,1
14035,2
14036,1
14038,1
14039,1
14041,1
14042,1
14044,1
14048,4
14054,2
14055,1
14057,2
14058,1
14061,1
14067,2
14070,1
14073,1
14074,2
14077,1
14080,2
14083,1
14086,1
14087,3
14089,1
14099,1
14102,1
14105,2
14106,1
14108,1
14109,1
14112,1
14116,2
14118,1
14119,1
14121,1
14122,1
14124,1
14125,2
14128,1
14131,1
14134,1
14137,2
14138,2
14140,1
14141,1
14148,1
14154,1
14156,1
14157,1
14160,2
14163,2
14166,2
14169,2
14170,2
14182,3
14183,1
14186,1
14189,1
14192,1
14195,2
14198,1
14201,1
14202,3
14208,2
14214,1
14215,1
14221,3
14227,2
14230,2
14231,1
14233,1
14234,5
14237,3
14240,3
14243,1
14246,1
14247,1
14250,1
14252,1
14253,1
14259,2
14272,3
14275,1
14276,1
14281,2
14292,2
14300,1
14301,1
14304,1
14307,1
14310,1
14314,3
14316,1
14317,1
14320,6
14323,1
14326,1
14327,1
14330,1
14333,1
14336,2
14339,1
14342,1
14343,1
14345,2
14346,1
14349,1
14352,2
14355,2
14359,1
14364,2
14368,3
14371,3
14372,1
14374,2
14378,1
14381,3
14384,1
14387,2
14390,2
14393,2
14400,3
14403,1
14406,1
14409,1
14410,2
14413,1
14416,1
14419,2
14420,1
14426,1
14432,1
14435,1
14438,1
14442,1
14445,1
14448,2
14451,1
14458,1
14461,1
14464,3
14467,2
14471,3
14474,2
14476,1
14477,2
14480,2
14486,1
14489,1
14490,3
14496,4
14499,2
14503,1
14505,1
14509,3
14512,1
14519,1
14521,1
14522,2
14528,2
14537,1
14538,2
14540,1
14541,2
14544,1
14547,1
14551,2
14554,1
14557,1
14560,5
14563,2
14567,1
14573,1
14576,3
14579,2
14580,1
14582,1
14586,1
14589,1
14595,1
14598,2
14599,1
14602,1
14604,1
14605,4
14608,1
14617,1
14618,2
14624,2
14630,2
14631,2
14633,1
14634,1
14637,4
14640,2
14643,2
14647,1
14649,1
14659,2
14660,1
14665,1
14672,2
14675,2
14678,1
14684,1
14688,1
14692,2
14695,1
14704,2
14707,4
14710,1
14713,1
14714,1
14717,1
14720,1
14723,3
14726,1
14729,1
14733,1
14736,1
14739,3
14742,1
14745,3
14752,4
14755,1
14758,2
14759,1
14765,1
14768,3
14771,1
14774,3
14777,2
14780,1
14784,2
14787,1
14790,1
14791,1
14794,2
14797,1
14803,2
14804,1
14806,2
14819,1
14822,1
14825,1
14826,3
14829,2
14832,1
14835,4
14839,1
14841,2
14842,3
14845,3
14848,3
14852,1
14854,2
14857,1
14858,2
14860,2
14861,1
14864,2
14867,2
14868,1
14874,1
14877,1
14880,2
14886,1
14887,2
14889,1
14890,2
14893,2
14896,1
14899,3
14900,1
14902,1
14903,1
14905,3
14906,1
14912,3
14918,1
14919,1
14921,2
14925,1
14937,2
14941,1
14944,1
14950,3
14953,1
14963,3
14966,2
14967,1
14969,1
14970,1
14973,3
14976,1
14979,1
14980,1
14982,2
14989,5
14995,4
14996,1
15001,1
15002,1
15005,1
15008,3
15011,1
15012,2
15015,1
15017,1
15018,1
15020,1
15021,2
15024,1
15027,1
15030,1
15033,1
15034,2
15037,1
15040,1
15043,1
15047,3
15050,1
15053,1
15059,1
15062,2
15063,1
15065,1
15068,1
15069,1
15072,2
15079,1
15081,1
15082,1
15088,1
15091,4
15092,1
15097,1
15104,1
15107,1
15108,1
15114,1
15116,1
15123,3
15124,1
15126,2
15127,2
15129,1
15130,3
15132,1
15133,2
15136,2
15142,2
15145,1
15146,1
15149,4
15152,1
15156,1
15159,1
15161,1
15165,1
15168,1
15171,2
15174,1
15178,1
15180,1
15181,1
15190,3
15193,1
15194,1
15200,3
15203,1
15206,1
15210,1
15212,1
15213,2
15216,1
15219,2
15229,1
15232,4
15235,1
15238,2
15239,1
15241,1
15242,2
15244,1
15245,2
15248,1
15251,1
15254,1
15258,2
15264,5
15268,1
15270,1
15274,1
15276,1
15277,1
15280,1
15283,3
15290,1
15292,1
15293,1
15296,2
15303,1
15305,2
15309,1
15315,2
15319,1
15321,1
15322,3
15325,2
15328,3
15331,1
15335,1
15341,1
15347,1
15351,1
15356,1
15357,1
15360,1
15369,1
15373,1
15380,1
15382,1
15383,1
15385,1
15386,1
15392,1
15395,1
15398,1
15402,1
15405,5
15408,1
15411,2
15412,1
15417,1
15421,1
15424,1
15428,1
15430,1
15437,1
15440,4
15446,1
15449,2
15450,1
15452,1
15456,2
15459,2
15469,2
15475,2
15476,1
15485,1
15492,1
15495,1
15500,1
15501,1
15504,2
15513,1
15514,1
15527,1
15529,2
15533,2
15536,1
15539,2
15540,1
15543,1
15545,1
15549,3
15552,2
15561,1
15565,1
15568,1
15571,1
15572,1
15574,1
15578,4
15584,2
15591,1
15594,1
15597,1
15600,2
15606,1
15609,2
15610,5
15613,1
15616,2
15619,1
15622,1
15623,1
15632,1
15635,3
15641,1
15642,1
15645,2
15648,4
15651,1
15654,2
15660,1
15661,2
15667,1
15670,1
15673,1
15674,1
15676,1
15680,1
15683,1
15684,1
15686,2
15687,1
15693,3
15696,2
15699,3
15702,1
15705,1
15706,2
15709,1
15712,1
15719,1
15721,2
15722,1
15725,3
15728,2
15731,2
15734,1
15735,1
15738,1
15740,1
15741,2
15744,1
15747,1
15750,1
15751,3
15754,2
15756,1
15757,3
15769,1
15770,1
15772,1
15786,1
15788,1
15792,1
15795,1
15799,1
15801,2
15804,1
15805,1
15808,4
15811,2
15814,1
15818,1
15820,1
15824,1
15828,1
15830,3
15833,2
15834,1
15837,1
15840,1
15843,1
15846,2
15847,2
15849,1
15850,1
15852,1
15856,1
15859,1
15863,1
15866,1
15869,1
15875,2
15878,2
15885,1
15888,1
15891,1
15894,1
15897,1
15898,1
15904,5
15910,1
15911,2
15913,1
15916,2
15917,3
15920,1
15923,2
15927,1
15929,2
15930,2
15932,1
15933,3
15936,1
15939,1
15942,2
15945,1
15949,1
15952,2
15955,1
15959,1
15961,3
15965,1
15968,5
15971,3
15972,1
15975,1
15978,2
15981,1
15984,3
15987,1
15990,1
15991,1
15994,2
16000,3
16003,1
16004,1
16006,1
16007,1
16010,1
16012,1
16013,1
16016,1
16019,2
16025,1
16026,2
16032,5
16035,1
16038,4
16045,2
16048,4
16051,2
16052,1
16055,2
16057,1
16058,4
16064,1
16067,1
16068,1
16070,2
16071,1
16074,1
16076,1
16077,3
16080,1
16083,2
16087,1
16089,2
16090,2
16092,1
16096,3
16099,1
16102,2
16103,2
16108,2
16109,2
16112,2
16115,2
16118,2
16121,1
16122,1
16125,1
16128,3
16131,2
16134,1
16135,1
16141,1
16144,1
16147,2
16154,2
16160,1
16163,2
16166,2
16167,3
16173,3
16176,2
16179,2
16182,3
16185,1
16186,1
16192,4
16195,1
16198,3
16199,2
16202,2
16214,1
16217,1
16218,1
16221,1
16224,1
16227,1
16236,1
16237,2
16240,2
16243,2
16249,3
16250,1
16253,1
16256,3
16265,1
16266,2
16269,2
16272,3
16275,4
16281,3
16282,1
16288,3
16291,2
16292,1
16294,4
16297,1
16301,3
16304,1
16307,3
16308,1
16310,3
16311,1
16313,2
16314,2
16316,1
16317,2
16326,1
16327,1
16329,1
16330,2
16332,1
16333,2
16336,2
16339,2
16343,1
16345,1
16346,1
16352,1
16358,1
16359,1
16362,1
16364,1
16371,2
16384,4
16390,2
16391,2
16393,1
16400,1
16403,3
16409,1
16410,2
16413,1
16422,1
16425,1
16426,2
16429,3
16432,2
16435,1
16438,1
16441,1
16445,3
16448,4
16455,1
16457,2
16461,2
16464,2
16467,1
16470,2
16473,1
16480,3
16483,1
16484,1
16486,3
16490,2
16496,2
16499,1
16502,1
16505,2
16506,1
16508,2
16512,2
16515,4
16518,1
16525,2
16528,1
16531,3
16532,1
16534,1
16535,1
16538,2
16550,2
16551,1
16556,2
16557,3
16560,2
16563,2
16566,1
16569,2
16570,2
16576,1
16579,1
16582,1
16583,1
16586,1
16588,1
16589,1
16592,1
16595,1
16596,1
16598,1
16601,1
16602,3
16608,2
16611,3
16612,1
16614,3
16615,1
16624,1
16627,1
16631,1
16633,1
16634,2
16637,1
16640,3
16643,2
16646,1
16647,2
16656,2
16659,2
16663,1
16666,1
16669,1
16672,6
16678,3
16682,2
16684,1
16685,2
16688,1
16691,1
16692,1
16697,2
16698,2
16700,1
16701,1
16704,3
16707,2
16708,1
16710,2
16713,1
16714,1
16717,3
16720,1
16723,1
16727,3
16729,2
16730,1
16733,1
16736,3
16743,3
16748,1
16749,4
16752,2
16755,2
16756,1
16759,1
16761,1
16762,1
16765,1
16768,2
16771,1
16772,1
16774,1
16778,3
16781,3
16784,1
16787,2
16790,1
16791,3
16794,3
16796,1
16797,3
16800,1
16803,2
16806,1
16807,3
16810,1
16813,1
16816,3
16819,1
16825,1
16826,2
16829,1
16832,2
16835,1
16836,1
16838,3
16839,1
16841,1
16842,1
16844,1
16845,1
16848,3
16851,2
16854,2
16857,1
16858,2
16861,2
16864,6
16868,1
16870,1
16876,1
16877,2
16880,2
16883,2
16884,1
16887,2
16889,3
16893,4
16896,4
16902,3
16905,1
16906,2
16908,1
16909,2
16912,3
16916,2
16918,1
16919,3
16921,3
16924,1
16925,1
16928,5
16931,2
16932,1
16934,1
16935,1
16938,2
16940,1
16941,3
16944,5
16947,2
16948,1
16950,1
16954,3
16957,1
16960,3
16963,3
16964,1
16966,2
16970,1
16972,1
16973,4
16976,3
16979,1
16980,1
16982,2
16983,1
16985,3
16986,3
16988,1
16992,2
16995,3
16998,1
17002,3
17004,1
17005,2
17008,5
17011,5
17014,2
17018,1
17021,3
17024,5
17027,3
17030,5
17031,3
17033,1
17034,2
17037,4
17043,1
17044,2
17046,1
17049,1
17050,3
17052,1
17053,3
17056,1
17059,3
17060,1
17062,2
17063,1
17065,3
17066,1
17069,2
17072,4
17075,2
17078,1
17079,2
17082,1
17088,3
17091,1
17092,1
17094,3
17095,2
17097,4
17098,1
17100,1
17101,2
17104,2
17107,3
17110,1
17111,3
17114,2
17116,1
17117,1
17120,2
17123,3
17124,1
17126,3
17129,1
17130,4
17132,1
17133,2
17136,5
17139,1
17145,1
17146,2
17149,4
17152,7
17156,1
17158,2
17159,1
17161,2
17162,4
17165,3
17168,3
17171,2
17172,1
17174,2
17177,1
17178,7
17180,1
17181,1
17184,3
17191,2
17193,1
17194,2
17196,2
17197,3
17200,2
17204,1
17206,2
17209,2
17213,2
17216,4
17219,2
17222,2
17223,1
17225,1
17226,2
17228,1
17229,2
17232,4
17235,6
17236,1
17238,2
17239,1
17241,2
17242,1
17245,1
17248,4
17251,1
17254,3
17257,2
17258,1
17260,2
17261,2
17264,3
17267,5
17270,4
17274,5
17277,1
17280,3
17286,1
17289,1
17290,2
17292,1
17293,6
17300,1
17302,3
17305,4
17306,2
17309,2
17312,4
17318,5
17322,1
17324,1
17325,2
17328,4
17331,1
17334,1
17335,2
17337,2
17338,3
17341,1
17344,5
17347,1
17348,1
17350,6
17351,2
17353,2
17357,4
17360,2
17363,3
17364,1
17366,1
17367,2
17369,4
17370,3
17373,3
17376,5
17379,1
17380,2
17382,2
17389,3
17392,3
17395,1
17399,1
17401,1
17402,1
17404,3
17405,2
17408,8
17411,3
17414,1
17417,1
17418,1
17421,2
17424,1
17427,4
17428,1
17430,2
17434,2
17437,1
17440,3
17443,3
17446,5
17447,1
17449,2
17450,2
17453,1
17456,2
17460,2
17462,2
17463,3
17465,2
17466,5
17469,1
17472,1
17475,2
17476,1
17478,3
17479,3
17485,1
17488,2
17491,3
17497,1
17498,4
17501,1
17504,3
17507,2
17508,1
17510,2
17511,2
17514,1
17516,1
17517,4
17520,3
17523,2
17524,1
17529,1
17533,2
17536,4
17539,5
17540,1
17542,2
17543,3
17549,2
17552,2
17555,7
17561,1
17562,3
17565,2
17568,4
17574,5
17575,1
17577,1
17578,1
17580,1
17581,4
17584,3
17587,8
17590,1
17591,1
17593,4
17600,7
17603,4
17604,2
17607,3
17610,3
17613,4
17616,4
17620,1
17622,1
17625,1
17626,3
17629,1
17632,1
17638,2
17639,1
17642,1
17644,1
17645,7
17651,4
17654,1
17657,2
17658,3
17664,4
17667,1
17670,2
17671,1
17673,2
17674,4
17677,4
17683,3
17684,1
17686,3
17687,2
17690,4
17693,3
17696,5
17700,1
17702,1
17703,4
17705,1
17706,1
17708,1
17709,7
17712,2
17715,5
17718,2
17719,3
17721,2
17722,2
17725,2
17728,5
17731,2
17734,1
17735,2
17738,2
17740,1
17741,1
17744,3
17747,4
17748,2
17750,2
17751,3
17753,1
17754,2
17757,2
17760,6
17763,3
17766,4
17767,1
17769,2
17770,3
17772,1
17773,2
17776,3
17779,4
17780,1
17782,1
17785,3
17786,1
17788,1
17789,1
17792,5
17799,3
17801,1
17802,3
17805,3
17808,2
17811,3
17812,2
17814,1
17815,2
17817,2
17818,3
17820,1
17821,3
17824,3
17827,2
17828,1
17830,4
17831,1
17834,1
17836,3
17837,4
17843,3
17844,1
17846,1
17847,1
17849,3
17850,3
17856,3
17859,1
17860,1
17862,2
17863,1
17865,2
17866,3
17869,2
17872,3
17875,1
17879,2
17881,3
17882,1
17885,1
17888,4
17891,2
17894,1
17895,5
17897,1
17898,1
17901,3
17904,1
17907,3
17908,2
17910,1
17911,2
17913,3
17914,1
17917,3
17920,5
17923,1
17924,1
17926,1
17927,1
17929,1
17930,4
17933,4
17936,3
17939,5
17940,1
17942,3
17943,2
17946,3
17948,3
17949,3
17952,2
17955,3
17958,4
17959,1
17961,1
17962,3
17964,1
17965,3
17971,3
17975,1
17977,1
17978,5
17981,2
17984,6
17987,2
17990,2
17991,1
17993,4
17997,2
18000,1
18003,2
18004,1
18006,4
18007,1
18010,3
18013,2
18016,4
18019,1
18020,1
18022,2
18023,3
18025,1
18028,1
18029,2
18032,1
18035,4
18036,1
18038,1
18039,1
18041,1
18042,2
18048,3
18051,4
18052,1
18054,2
18055,3
18058,2
18060,1
18061,5
18064,2
18067,2
18068,1
18071,1
18073,3
18074,2
18077,1
18080,3
18083,4
18084,1
18086,5
18089,3
18090,1
18093,1
18096,2
18099,1
18102,1
18103,2
18105,1
18106,2
18108,1
18109,2
18112,3
18115,3
18116,1
18118,3
18119,1
18121,2
18125,4
18128,1
18131,2
18134,2
18137,2
18138,2
18141,1
18144,2
18147,2
18150,2
18151,2
18153,1
18154,2
18157,4
18163,5
18166,2
18167,2
18170,3
18176,6
18179,1
18182,3
18183,1
18189,1
18192,1
18195,3
18198,2
18201,1
18202,3
18208,5
18211,2
18214,4
18217,1
18218,2
18220,2
18221,2
18224,1
18227,1
18228,1
18230,4
18231,1
18237,2
18240,1
18243,6
18246,3
18247,1
18249,1
18252,1
18253,1
18256,2
18259,2
18266,2
18268,1
18269,3
18272,4
18275,2
18276,1
18278,5
18279,2
18281,1
18282,3
18284,1
18285,3
18288,2
18291,4
18292,1
18294,4
18297,2
18298,3
18300,1
18301,2
18304,1
18307,1
18308,2
18310,3
18311,1
18313,3
18314,1
18317,2
18323,4
18324,1
18326,1
18329,2
18330,3
18332,1
18336,2
18339,1
18340,1
18343,4
18345,1
18346,1
18349,1
18355,1
18358,2
18361,1
18362,1
18368,2
18371,1
18374,5
18375,2
18378,2
18384,3
18387,2
18388,1
18390,2
18391,1
18393,2
18396,1
18397,1
18400,8
18403,3
18404,1
18406,2
18409,2
18410,1
18412,2
18413,4
18420,2
18422,1
18423,1
18425,1
18426,1
18429,4
18432,1
18435,1
18436,1
18438,6
18442,1
18445,2
18448,3
18451,5
18455,2
18457,2
18458,4
18460,1
18461,2
18464,5
18470,3
18471,1
18477,1
18486,2
18489,2
18490,1
18493,2
18496,3
18499,4
18500,1
18502,2
18503,1
18505,2
18506,2
18509,4
18516,1
18518,2
18519,2
18521,2
18522,2
18524,2
18525,2
18528,3
18531,4
18535,3
18537,1
18538,1
18541,5
18544,2
18547,2
18548,1
18551,1
18554,2
18556,2
18557,3
18560,2
18563,2
18566,1
18567,1
18570,1
18573,1
18576,7
18579,2
18580,1
18582,2
18583,1
18585,1
18589,1
18592,3
18595,1
18598,2
18602,2
18605,1
18608,2
18611,1
18615,1
18617,1
18621,1
18624,1
18627,2
18628,2
18630,1
18631,1
18634,1
18636,1
18637,2
18640,2
18643,1
18644,1
18646,1
18649,1
18650,1
18652,1
18653,1
18662,2
18669,5
18672,2
18675,4
18678,1
18681,3
18682,1
18685,1
18688,2
18691,4
18695,1
18698,1
18701,1
18707,1
18710,1
18711,1
18713,3
18714,2
18717,2
18720,2
18727,2
18733,1
18739,3
18742,1
18743,2
18746,1
18749,2
18752,2
18755,2
18758,2
18759,2
18761,1
18762,1
18764,1
18765,1
18771,2
18774,1
18775,1
18778,1
18780,2
18781,1
18784,2
18790,2
18793,1
18794,1
18797,3
18800,1
18803,2
18804,1
18807,1
18809,1
18810,1
18813,1
18816,2
18819,3
18822,4
18823,1
18829,1
18832,1
18835,4
18836,1
18842,1
18848,1
18851,2
18854,1
18855,1
18864,1
18867,2
18868,2
18870,1
18874,2
18877,1
18880,1
18886,1
18889,1
18893,3
18896,1
18899,2
18906,2
18909,2
18912,1
18915,1
18916,1
18918,2
18922,1
18924,3
18925,2
18931,3
18932,1
18935,1
18937,2
18938,1
18941,1
18947,1
18950,1
18957,1
18960,1
18963,2
18966,1
18969,2
18976,2
18979,1
18980,1
18983,1
18986,2
18988,1
18989,1
18992,3
18995,3
19001,1
19005,1
19011,1
19015,1
19017,1
19024,1
19027,2
19028,1
19030,1
19034,4
19036,1
19037,1
19040,3
19046,1
19047,2
19049,1
19050,1
19053,2
19059,1
19063,1
19079,1
19082,1
19088,2
19091,2
19094,1
19097,5
19101,2
19104,6
19107,1
19111,2
19113,1
19116,2
19117,3
19126,2
19130,2
19133,2
19136,2
19139,2
19142,2
19143,3
19145,1
19146,1
19148,1
19149,1
19159,2
19161,1
19162,1
19165,1
19168,2
19174,1
19175,1
19178,1
19181,4
19184,1
19187,2
19188,2
19194,2
19197,1
19200,1
19203,1
19206,4
19207,1
19213,2
19216,1
19219,3
19222,1
19226,3
19232,1
19235,1
19238,2
19239,1
19242,1
19245,1
19248,1
19254,1
19255,1
19258,5
19261,1
19264,3
19267,2
19274,3
19277,1
19280,1
19286,1
19289,1
19290,1
19293,4
19296,2
19305,1
19306,1
19309,1
19312,1
19315,2
19316,1
19319,1
19322,1
19328,1
19331,1
19334,1
19337,1
19341,1
19344,5
19347,3
19351,1
19353,1
19356,1
19357,1
19360,2
19366,2
19372,1
19373,1
19376,3
19379,2
19385,1
19386,2
19389,2
19392,4
19395,2
19396,1
19399,1
19404,1
19405,1
19411,2
19412,1
19414,2
19421,2
19424,2
19427,2
19430,2
19431,2
19433,2
19434,5
19437,2
19440,3
19443,2
19447,3
19449,1
19450,1
19453,1
19456,3
19462,2
19463,4
19468,2
19469,2
19479,1
19481,1
19485,1
19488,2
19491,1
19494,1
19504,1
19507,6
19511,1
19517,1
19520,4
19523,6
19526,2
19530,1
19536,1
19539,1
19543,1
19546,1
19549,1
19552,2
19558,2
19562,1
19568,1
19571,3
19578,2
19581,1
19587,1
19590,1
19591,2
19593,1
19596,2
19597,1
19600,1
19603,2
19604,1
19610,2
19616,1
19619,1
19622,1
19623,1
19626,2
19628,1
19629,1
19632,2
19635,1
19636,1
19641,1
19642,2
19645,1
19648,3
19651,1
19654,1
19657,1
19660,1
19664,1
19667,3
19668,1
19671,1
19673,1
19674,2
19677,1
19680,2
19683,1
19687,1
19693,5
19696,2
19699,1
19705,1
19706,3
19709,1
19718,2
19719,1
19721,1
19728,4
19734,3
19735,1
19737,1
19738,1
19741,4
19744,4
19747,1
19750,2
19753,1
19757,2
19760,2
19766,2
19767,1
19769,1
19770,1
19773,3
19776,1
19779,1
19783,1
19786,1
19789,2
19799,1
19801,1
19808,2
19811,1
19812,1
19814,3
19815,1
19818,3
19820,1
19821,2
19824,4
19827,1
19828,1
19830,3
19831,1
19833,3
19834,2
19840,1
19843,1
19846,1
19852,1
19853,1
19862,1
19863,1
19866,1
19868,1
19869,1
19872,3
19875,1
19879,1
19882,1
19897,2
19901,1
19904,3
19907,1
19910,1
19914,1
19916,1
19920,1
19926,1
19927,1
19929,1
19933,2
19936,1
19939,1
19940,1
19949,1
19952,1
19955,2
19958,3
19961,2
19962,2
19968,2
19975,1
19981,1
19987,1
19990,2
19991,1
19994,3
19997,1
20000,1
20003,2
20010,1
20012,1
20013,2
20019,2
20020,2
20023,1
20025,1
20029,2
20032,1
20044,2
20048,3
20051,1
20055,1
20061,1
20064,2
20067,3
20070,1
20071,2
20073,1
20077,2
20086,2
20087,1
20089,1
20090,1
20093,2
20096,3
20099,1
20102,2
20106,2
20108,1
20109,1
20122,1
20131,3
20138,1
20141,3
20144,1
20154,2
20157,1
20160,2
20163,3
20164,1
20170,2
20173,2
20176,3
20182,1
20186,2
20189,1
20192,1
20195,2
20198,3
20199,1
20201,1
20202,2
20204,1
20205,3
20212,1
20217,1
20220,1
20227,3
20233,1
20236,1
20237,1
20243,2
20247,1
20253,1
20256,2
20259,1
20262,1
20265,1
20269,1
20272,2
20278,1
20285,2
20294,2
20301,2
20310,1
20314,1
20317,2
20323,1
20326,1
20327,1
20330,2
20332,2
20333,1
20336,1
20339,3
20342,1
20346,2
20348,1
20349,2
20352,2
20355,1
20356,1
20358,1
20359,1
20365,4
20371,1
20374,1
20377,2
20381,1
20384,3
20387,1
20388,1
20391,1
20403,2
20410,1
20412,1
20413,2
20416,1
20419,1
20425,2
20426,1
20429,1
20435,2
20441,2
20442,1
20448,2
20451,1
20454,1
20457,2
20461,3
20464,1
20468,1
20473,1
20476,1
20483,2
20486,3
20487,1
20490,1
20493,1
20502,1
20506,4
20508,1
20509,2
20512,2
20518,1
20522,1
20524,1
20525,4
20528,1
20537,1
20538,2
20544,3
20547,1
20548,2
20560,3
20563,4
20566,1
20569,1
20573,2
20576,2
20582,1
20583,1
20585,1
20589,1
20595,1
20598,1
20601,3
20602,1
20604,1
20608,3
20611,1
20621,1
20624,1
20633,3
20634,1
20636,1
20640,3
20643,2
20644,1
20646,1
20647,1
20653,1
20656,1
20659,3
20663,1
20665,1
20672,2
20678,1
20681,1
20682,1
20685,2
20688,1
20691,2
20700,1
20704,1
20710,1
20720,1
20729,1
20730,1
20736,1
20739,1
20742,2
20745,2
20746,1
20755,1
20759,1
20762,2
20771,1
20772,1
20774,2
20780,1
20781,1
20787,1
20797,2
20800,4
20823,1
20845,1
20848,2
20851,2
20854,1
20855,1
20861,2
20864,1
20870,1
20873,1
20877,3
20889,1
20890,1
20893,1
20896,2
20903,2
20908,1
20909,1
20912,2
20937,1
20947,1
20954,1
20960,2
20963,1
20985,1
20989,2
20995,1
20998,1
21008,1
21031,1
21040,1
21056,1
21065,1
21069,1
21076,1
21088,1
21114,1
21120,1
21140,1
21146,1
21148,1
21162,1
21168,1
21181,1
21187,1
21213,1
21235,1
21248,1
21402,1
21405,1
21414,1
21424,1
21440,1
21664,1
21722,1
21863,1
21911,1
21930,1
21939,1
21949,1
21978,1
22045,1
22119,1
22166,1
22237,1
22301,1
22352,1
22368,1
22426,1
22470,1
22509,1
22547,1
22563,1
22566,1
22592,2
22608,1
22611,1
22614,1
22637,1
22659,1
22707,1
22723,1
22809,1
22832,1
22835,1
22880,1
23143,1
24410,1
25027,1
33209,1
43276,1
67811,1
69356,1
69485,1
69875,1
70288,1
70547,1
70643,1
71081,1
71290,1
88352,1
