# Samples: 119704, Average: 20430.3 ns, StdDev: 3693.8 ns, Quartiles: 17584.0/18947.0/22909.0 ns
15930,1
15974,1
16032,1
16119,1
16144,1
16150,1
16151,1
16153,2
16154,1
16186,1
16188,1
16189,2
16195,1
16198,1
16205,1
16215,1
16224,2
16227,1
16228,1
16231,1
16236,1
16240,1
16243,1
16253,1
16256,2
16265,2
16272,2
16278,1
16284,2
16285,2
16288,2
16295,1
16298,1
16304,4
16310,1
16311,1
16313,1
16316,3
16317,1
16320,1
16323,1
16324,1
16326,1
16327,1
16329,4
16330,3
16333,1
16336,1
16342,3
16345,1
16349,2
16352,2
16355,3
16358,2
16359,1
16361,1
16362,3
16365,2
16368,1
16371,3
16372,1
16375,1
16377,3
16378,2
16380,1
16381,5
16384,1
16387,6
16388,1
16390,4
16391,1
16393,2
16394,1
16396,1
16397,2
16400,3
16403,2
16404,1
16406,1
16407,3
16409,1
16410,4
16412,1
16413,2
16416,3
16419,3
16422,2
16425,1
16426,1
16428,1
16429,5
16432,4
16435,4
16436,1
16438,4
16439,5
16441,1
16442,3
16444,1
16445,3
16448,5
16451,3
16452,1
16454,2
16458,5
16461,5
16464,9
16467,7
16468,3
16470,3
16471,3
16473,3
16474,3
16476,1
16477,9
16480,8
16483,5
16484,4
16486,8
16487,5
16489,2
16490,2
16492,2
16493,5
16496,8
16499,5
16502,3
16503,4
16505,3
16506,4
16508,5
16509,4
16512,6
16515,5
16516,1
16518,3
16521,5
16522,10
16525,11
16528,3
16531,8
16532,4
16534,9
16535,6
16537,3
16538,7
16540,4
16541,7
16544,10
16547,7
16548,2
16550,4
16551,1
16553,7
16554,5
16556,4
16557,11
16560,10
16563,12
16564,3
16566,5
16567,3
16569,4
16570,13
16573,9
16576,8
16579,8
16580,1
16582,7
16585,5
16586,9
16588,3
16589,9
16592,13
16595,9
16596,3
16598,13
16599,3
16601,5
16602,7
16604,4
16605,9
16608,13
16611,14
16612,2
16614,8
16615,3
16617,7
16618,4
16620,4
16621,17
16624,14
16627,14
16628,5
16630,16
16631,6
16633,4
16634,4
16636,2
16637,17
16640,12
16643,14
16644,5
16646,5
16647,6
16649,3
16650,11
16652,2
16653,14
16656,14
16659,19
16660,4
16662,13
16663,7
16665,11
16666,8
16668,2
16669,14
16672,22
16675,20
16676,3
16678,9
16679,10
16681,6
16682,15
16684,6
16685,18
16688,26
16691,24
16692,5
16694,16
16695,10
16697,4
16698,14
16700,4
16701,26
16704,25
16707,16
16708,3
16710,20
16711,7
16713,7
16714,11
16716,8
16717,18
16720,32
16723,17
16724,6
16726,14
16727,13
16729,7
16730,12
16732,3
16733,19
16736,30
16739,28
16740,4
16742,21
16743,4
16745,11
16746,18
16748,6
16749,16
16752,30
16755,30
16756,6
16758,17
16759,12
16761,10
16762,16
16764,4
16765,21
16768,28
16771,25
16772,6
16774,16
16775,14
16777,12
16778,12
16780,11
16781,25
16784,26
16787,36
16788,4
16790,23
16791,8
16793,16
16794,28
16796,8
16797,34
16800,43
16803,26
16804,7
16806,16
16807,10
16809,15
16810,18
16812,11
16813,20
16816,40
16819,22
16820,8
16822,22
16823,15
16825,12
16826,21
16828,4
16829,51
16832,44
16835,39
16836,11
16838,25
16839,23
16841,14
16842,29
16844,8
16845,37
16848,48
16851,37
16852,9
16854,34
16855,20
16857,23
16858,25
16860,11
16861,47
16864,46
16867,47
16868,4
16870,30
16871,23
16873,23
16874,30
16876,11
16877,49
16880,52
16883,42
16884,18
16886,31
16887,16
16889,23
16890,43
16892,13
16893,48
16896,68
16899,53
16900,18
16902,37
16903,18
16905,29
16906,38
16908,11
16909,55
16912,57
16915,54
16916,17
16918,37
16919,21
16921,26
16922,45
16924,10
16925,62
16928,69
16931,60
16932,15
16934,38
16935,22
16937,27
16938,34
16940,6
16941,48
16944,69
16947,43
16948,19
16950,42
16951,35
16953,24
16954,53
16956,13
16957,48
16960,71
16963,54
16964,14
16966,32
16967,31
16969,18
16970,44
16972,12
16973,49
16976,59
16979,57
16980,17
16982,40
16983,35
16985,32
16986,50
16988,15
16989,63
16992,76
16995,58
16996,14
16998,46
16999,24
17001,27
17002,44
17004,15
17005,54
17008,100
17011,65
17012,15
17014,58
17015,35
17017,31
17018,45
17020,22
17021,61
17024,79
17027,50
17028,15
17030,55
17031,36
17033,33
17034,46
17036,17
17037,71
17040,76
17043,61
17044,17
17046,61
17047,41
17049,22
17050,49
17052,19
17053,73
17056,70
17059,80
17060,19
17062,58
17063,27
17065,46
17066,60
17068,21
17069,76
17072,98
17075,66
17076,13
17078,60
17079,29
17081,45
17082,59
17084,12
17085,71
17088,99
17091,79
17092,23
17094,56
17095,46
17097,49
17098,61
17100,18
17101,72
17104,111
17107,90
17108,21
17110,69
17111,39
17113,36
17114,60
17116,18
17117,78
17120,94
17123,84
17124,25
17126,74
17127,26
17129,35
17130,63
17132,22
17133,88
17136,108
17139,87
17140,21
17142,73
17143,43
17145,46
17146,55
17148,18
17149,88
17152,112
17155,74
17156,19
17158,60
17159,46
17161,45
17162,69
17164,22
17165,92
17168,122
17171,76
17172,24
17174,69
17175,50
17177,46
17178,79
17180,19
17181,107
17184,127
17187,84
17188,34
17190,72
17191,51
17193,57
17194,90
17196,24
17197,92
17200,117
17203,89
17204,25
17206,89
17207,59
17209,48
17210,82
17212,27
17213,99
17216,117
17219,120
17220,21
17222,87
17223,39
17225,45
17226,79
17228,30
17229,103
17232,119
17235,95
17236,22
17238,82
17239,52
17241,49
17242,77
17244,27
17245,92
17248,114
17251,115
17252,21
17254,87
17255,51
17257,64
17258,83
17260,27
17261,122
17264,134
17267,114
17268,24
17270,81
17271,46
17273,52
17274,92
17276,25
17277,105
17280,141
17283,110
17284,25
17286,82
17287,50
17289,58
17290,98
17292,28
17293,113
17296,135
17299,98
17300,26
17302,90
17303,58
17305,64
17306,74
17308,36
17309,105
17312,145
17315,106
17316,34
17318,78
17319,57
17321,58
17322,89
17324,38
17325,129
17328,164
17331,120
17332,35
17334,100
17335,62
17337,60
17338,80
17340,34
17341,144
17344,142
17347,100
17348,35
17350,86
17351,49
17353,59
17354,83
17356,23
17357,115
17360,153
17363,123
17364,25
17366,81
17367,72
17369,55
17370,88
17372,37
17373,114
17376,159
17379,141
17380,28
17382,115
17383,53
17385,58
17386,110
17388,26
17389,131
17392,172
17395,126
17396,28
17398,92
17399,66
17401,75
17402,99
17404,39
17405,119
17408,141
17411,132
17412,41
17414,98
17415,59
17417,58
17418,95
17420,29
17421,127
17424,157
17427,135
17428,31
17430,106
17431,74
17433,65
17434,103
17436,34
17437,139
17440,137
17443,115
17444,35
17446,96
17447,63
17449,68
17450,107
17452,24
17453,105
17456,140
17459,127
17460,39
17462,98
17463,56
17465,67
17466,106
17468,42
17469,147
17472,137
17475,119
17476,31
17478,86
17479,53
17481,90
17482,100
17484,28
17485,128
17488,160
17491,118
17492,27
17494,104
17495,70
17497,68
17498,109
17500,31
17501,151
17504,161
17507,139
17508,31
17510,105
17511,73
17513,68
17514,89
17516,36
17517,117
17520,147
17523,117
17524,26
17526,109
17527,58
17529,67
17530,85
17532,29
17533,130
17536,140
17539,135
17540,24
17542,77
17543,59
17545,69
17546,103
17548,26
17549,126
17552,180
17555,121
17556,33
17558,76
17559,62
17561,59
17562,79
17564,34
17565,143
17568,160
17571,144
17572,31
17574,71
17575,61
17577,56
17578,98
17580,42
17581,134
17584,154
17587,139
17588,31
17590,94
17591,71
17593,77
17594,88
17596,30
17597,117
17600,149
17603,143
17604,30
17606,88
17607,76
17609,70
17610,96
17612,27
17613,103
17616,169
17619,107
17620,34
17622,84
17623,63
17625,65
17626,79
17628,40
17629,125
17632,150
17635,117
17636,39
17638,81
17639,56
17641,65
17642,100
17644,36
17645,116
17648,156
17651,115
17652,26
17654,103
17655,69
17657,69
17658,87
17660,31
17661,114
17664,125
17667,138
17668,25
17670,87
17671,63
17673,68
17674,89
17676,31
17677,117
17680,153
17683,125
17684,33
17686,97
17687,52
17689,58
17690,81
17692,37
17693,106
17696,153
17699,122
17700,26
17702,78
17703,53
17705,56
17706,89
17708,28
17709,122
17712,151
17715,109
17716,24
17718,102
17719,57
17721,62
17722,88
17724,26
17725,102
17728,170
17731,126
17732,27
17734,83
17735,60
17737,74
17738,91
17740,29
17741,120
17744,163
17747,120
17748,33
17750,89
17751,68
17753,48
17754,71
17756,25
17757,149
17760,120
17763,120
17764,27
17766,86
17767,57
17769,49
17770,90
17772,27
17773,105
17776,136
17779,94
17780,27
17782,94
17783,69
17785,62
17786,71
17788,32
17789,91
17792,132
17795,122
17796,20
17798,70
17799,55
17801,57
17802,72
17804,27
17805,112
17808,130
17811,101
17812,16
17814,71
17815,71
17817,61
17818,67
17820,20
17821,104
17824,120
17827,92
17828,25
17830,75
17831,41
17833,42
17834,71
17836,26
17837,101
17840,128
17843,91
17844,18
17846,73
17847,53
17849,47
17850,60
17852,18
17853,87
17856,113
17859,95
17860,27
17862,79
17863,50
17865,51
17866,83
17868,19
17869,101
17872,108
17875,94
17876,28
17878,91
17879,49
17881,50
17882,78
17884,19
17885,85
17888,130
17891,107
17892,17
17894,60
17895,51
17897,52
17898,72
17900,17
17901,88
17904,113
17907,98
17908,27
17910,65
17911,49
17913,48
17914,68
17916,27
17917,68
17920,104
17923,77
17924,28
17926,62
17927,34
17929,49
17930,82
17932,16
17933,75
17936,120
17939,96
17940,15
17942,73
17943,53
17945,35
17946,58
17948,22
17949,96
17952,101
17955,80
17956,24
17958,69
17959,43
17961,32
17962,61
17964,21
17965,70
17968,108
17971,88
17972,21
17974,64
17975,37
17977,51
17978,59
17980,16
17981,62
17984,106
17987,92
17988,17
17990,75
17991,38
17993,50
17994,54
17996,16
17997,74
18000,96
18003,91
18004,15
18006,59
18007,32
18009,45
18010,62
18012,16
18013,80
18016,86
18019,86
18020,23
18022,76
18023,38
18025,31
18026,60
18028,15
18029,72
18032,83
18035,68
18036,18
18038,54
18039,38
18041,37
18042,59
18044,19
18045,61
18048,72
18051,74
18052,22
18054,59
18055,33
18057,29
18058,67
18060,23
18061,55
18064,81
18067,61
18068,19
18070,38
18071,32
18073,32
18074,48
18076,19
18077,70
18080,89
18083,56
18084,18
18086,54
18087,24
18089,36
18090,49
18092,18
18093,47
18096,90
18099,57
18100,15
18102,49
18103,30
18105,37
18106,43
18108,12
18109,61
18112,77
18115,55
18116,14
18118,29
18119,30
18121,35
18122,37
18124,12
18125,71
18128,74
18131,55
18132,21
18134,42
18135,22
18137,32
18138,46
18140,20
18141,52
18144,71
18147,53
18148,10
18150,34
18151,26
18153,21
18154,40
18156,14
18157,56
18160,59
18163,58
18164,17
18166,44
18167,31
18169,26
18170,36
18172,14
18173,47
18176,54
18179,48
18180,12
18182,56
18183,22
18185,18
18186,41
18188,8
18189,53
18192,74
18195,42
18196,17
18198,44
18199,24
18201,27
18202,37
18204,12
18205,36
18208,62
18211,42
18212,15
18214,29
18215,25
18217,15
18218,42
18220,16
18221,52
18224,58
18227,39
18228,7
18230,31
18231,29
18233,13
18234,38
18236,17
18237,40
18240,47
18243,52
18244,20
18246,30
18247,19
18249,20
18250,37
18252,4
18253,43
18256,52
18259,37
18260,8
18262,29
18263,25
18265,20
18266,27
18268,9
18269,40
18272,63
18275,40
18276,9
18278,30
18279,32
18281,9
18282,27
18284,13
18285,37
18288,49
18291,32
18292,8
18294,33
18295,14
18297,17
18298,33
18300,9
18301,41
18304,45
18307,27
18308,5
18310,23
18311,17
18313,21
18314,15
18316,8
18317,30
18320,57
18323,44
18324,8
18326,36
18327,17
18329,19
18330,35
18332,7
18333,34
18336,41
18339,34
18340,11
18342,28
18343,19
18345,20
18346,21
18348,8
18349,29
18352,47
18355,28
18356,10
18358,27
18359,21
18361,17
18362,21
18364,8
18365,36
18368,42
18371,33
18372,13
18374,23
18375,24
18377,21
18378,35
18380,14
18381,26
18384,38
18387,36
18388,9
18390,24
18391,18
18393,15
18394,34
18396,14
18397,27
18400,51
18403,27
18404,8
18406,16
18407,16
18409,14
18410,19
18412,8
18413,35
18416,32
18419,28
18420,9
18422,32
18423,21
18425,8
18426,23
18428,7
18429,33
18432,46
18435,23
18436,12
18438,24
18439,16
18441,16
18442,18
18444,8
18445,29
18448,41
18451,30
18452,6
18454,19
18455,13
18457,16
18458,29
18460,11
18461,27
18464,45
18467,40
18468,10
18470,20
18471,17
18473,28
18474,20
18476,6
18477,24
18480,28
18483,21
18484,12
18486,20
18487,14
18489,9
18490,21
18492,6
18493,32
18496,35
18499,25
18500,4
18502,24
18503,12
18505,7
18506,17
18508,6
18509,24
18512,38
18515,35
18516,12
18518,18
18519,17
18521,15
18522,18
18524,7
18525,25
18528,40
18531,25
18532,10
18534,21
18535,10
18537,14
18538,27
18540,6
18541,20
18544,26
18547,18
18548,7
18550,15
18551,12
18553,17
18554,18
18556,7
18557,26
18560,27
18563,35
18564,5
18566,23
18567,14
18569,11
18570,21
18572,8
18573,18
18576,27
18579,18
18580,5
18582,16
18583,12
18585,14
18586,14
18588,6
18589,19
18592,34
18595,27
18596,6
18598,18
18599,9
18601,9
18602,13
18604,5
18605,25
18608,21
18611,26
18612,5
18614,20
18615,10
18617,12
18618,11
18620,10
18621,24
18624,26
18627,24
18628,3
18630,24
18631,9
18633,13
18634,16
18636,8
18637,28
18640,28
18643,20
18644,7
18646,21
18647,11
18649,7
18650,21
18652,4
18653,32
18656,19
18659,27
18660,5
18662,16
18663,11
18665,10
18666,17
18668,1
18669,23
18672,24
18675,21
18676,7
18678,10
18679,12
18681,10
18682,20
18684,3
18685,18
18688,21
18691,27
18692,6
18694,8
18695,11
18697,6
18698,14
18700,8
18701,18
18704,24
18707,24
18708,7
18710,12
18711,13
18713,8
18714,16
18716,6
18717,20
18720,21
18723,26
18724,7
18726,16
18727,9
18729,7
18730,13
18732,7
18733,20
18736,23
18739,26
18740,5
18742,14
18743,14
18745,10
18746,8
18748,8
18749,21
18752,31
18755,13
18756,3
18758,20
18759,15
18761,8
18762,16
18764,4
18765,16
18768,25
18771,25
18772,3
18774,13
18775,17
18777,3
18778,8
18780,2
18781,18
18784,31
18787,25
18788,5
18790,8
18791,12
18793,8
18794,19
18796,7
18797,15
18800,27
18803,13
18804,5
18806,17
18807,16
18809,9
18810,12
18812,4
18813,21
18816,25
18819,21
18820,4
18822,18
18823,10
18825,11
18826,16
18828,5
18829,17
18832,15
18835,18
18836,5
18838,22
18839,9
18841,11
18842,16
18844,3
18845,12
18848,13
18851,14
18852,9
18854,18
18855,8
18857,11
18858,21
18860,6
18861,14
18864,21
18867,26
18868,1
18870,13
18871,14
18873,5
18874,9
18876,3
18877,20
18880,24
18883,21
18884,5
18886,18
18887,13
18889,6
18890,12
18892,7
18893,25
18896,37
18899,21
18900,4
18902,16
18903,12
18905,11
18906,7
18908,2
18909,20
18912,25
18915,15
18916,3
18918,14
18919,9
18921,7
18922,14
18924,7
18925,20
18928,24
18931,17
18932,2
18934,15
18935,7
18937,3
18938,15
18940,6
18941,22
18944,19
18947,21
18948,5
18950,11
18951,11
18953,3
18954,19
18956,4
18957,21
18960,16
18963,17
18964,2
18966,10
18967,11
18969,13
18970,13
18972,2
18973,15
18976,28
18979,16
18980,3
18982,15
18983,13
18985,6
18986,12
18988,3
18989,15
18992,24
18995,12
18996,6
18998,20
18999,6
19001,13
19002,22
19004,5
19005,18
19008,25
19011,22
19012,5
19014,13
19015,11
19017,10
19018,14
19020,7
19021,14
19024,24
19027,16
19028,6
19030,10
19031,11
19033,11
19034,11
19036,8
19037,18
19040,27
19043,14
19044,2
19046,8
19047,7
19049,16
19050,16
19052,3
19053,20
19056,20
19059,9
19060,4
19062,15
19063,5
19065,4
19066,10
19068,8
19069,15
19072,20
19075,21
19076,8
19078,8
19079,8
19081,7
19082,13
19084,3
19085,16
19088,25
19091,16
19092,4
19094,6
19095,6
19097,2
19098,12
19100,3
19101,17
19104,24
19107,21
19108,8
19110,11
19111,11
19113,10
19114,15
19116,3
19117,17
19120,23
19123,21
19124,3
19126,10
19127,12
19129,14
19130,18
19132,5
19133,18
19136,21
19139,14
19140,4
19142,11
19143,8
19145,4
19146,14
19148,8
19149,23
19152,26
19155,14
19156,6
19158,15
19159,9
19161,9
19162,14
19164,3
19165,20
19168,19
19171,15
19172,7
19174,11
19175,6
19177,18
19178,15
19180,4
19181,18
19184,32
19187,16
19188,5
19190,9
19191,6
19193,7
19194,12
19196,5
19197,17
19200,19
19203,22
19204,7
19206,23
19207,8
19209,10
19210,9
19212,4
19213,18
19216,19
19219,20
19220,3
19222,9
19223,9
19225,6
19226,11
19228,4
19229,14
19232,20
19235,19
19236,3
19238,12
19239,10
19241,7
19242,14
19244,5
19245,17
19248,18
19251,10
19252,2
19254,13
19255,9
19257,9
19258,14
19260,5
19261,17
19264,22
19267,15
19268,2
19270,15
19271,10
19273,7
19274,8
19276,5
19277,12
19280,12
19283,19
19284,4
19286,15
19287,8
19289,11
19290,13
19292,4
19293,20
19296,18
19299,16
19300,7
19302,14
19303,6
19305,9
19306,21
19308,2
19309,16
19312,23
19315,14
19316,4
19318,10
19319,18
19321,10
19322,13
19324,4
19325,18
19328,23
19331,23
19332,4
19334,20
19335,10
19337,9
19338,14
19340,2
19341,16
19344,28
19347,15
19348,2
19350,18
19351,11
19353,8
19354,16
19356,4
19357,18
19360,26
19363,16
19364,12
19366,11
19367,5
19369,12
19370,9
19372,3
19373,24
19376,22
19379,17
19380,3
19382,19
19383,13
19385,11
19386,19
19388,9
19389,22
19392,20
19395,19
19396,9
19398,25
19399,10
19401,8
19402,10
19404,4
19405,15
19408,28
19411,26
19412,3
19414,10
19415,11
19417,10
19418,14
19420,7
19421,22
19424,25
19427,21
19428,6
19430,20
19431,11
19433,5
19434,15
19436,5
19437,13
19440,21
19443,11
19444,3
19446,15
19447,12
19449,4
19450,11
19452,4
19453,16
19456,25
19459,27
19460,5
19462,17
19463,11
19465,11
19466,12
19468,3
19469,15
19472,28
19475,16
19476,9
19478,17
19479,12
19481,11
19482,11
19484,6
19485,18
19488,23
19491,21
19492,5
19494,10
19495,4
19497,11
19498,13
19500,3
19501,7
19504,27
19507,17
19508,6
19510,13
19511,10
19513,7
19514,20
19516,6
19517,23
19520,27
19523,19
19524,11
19526,10
19527,16
19529,9
19530,22
19532,6
19533,18
19536,18
19539,18
19540,7
19542,6
19543,4
19545,7
19546,13
19548,6
19549,19
19552,25
19555,17
19556,5
19558,19
19559,11
19561,10
19562,13
19564,6
19565,18
19568,30
19571,24
19572,5
19574,10
19575,7
19577,9
19578,16
19580,3
19581,24
19584,29
19587,35
19588,3
19590,16
19591,13
19593,4
19594,17
19596,2
19597,18
19600,23
19603,20
19604,8
19606,12
19607,6
19609,8
19610,17
19612,5
19613,22
19616,23
19619,20
19620,2
19622,9
19623,6
19625,9
19626,11
19628,5
19629,21
19632,35
19635,13
19636,3
19638,11
19639,4
19641,10
19642,12
19644,2
19645,23
19648,27
19651,17
19652,4
19654,16
19655,12
19657,7
19658,15
19660,9
19661,14
19664,25
19667,17
19668,5
19670,12
19671,12
19673,9
19674,12
19676,9
19677,18
19680,27
19683,10
19684,1
19686,8
19687,14
19689,7
19690,19
19692,4
19693,13
19696,17
19699,22
19700,2
19702,21
19703,8
19705,11
19706,16
19708,7
19709,28
19712,25
19715,24
19716,5
19718,11
19719,8
19721,13
19722,14
19724,6
19725,18
19728,39
19731,17
19732,6
19734,17
19735,11
19737,5
19738,14
19740,9
19741,11
19744,24
19747,20
19748,3
19750,15
19751,6
19753,7
19754,10
19756,5
19757,25
19760,32
19763,14
19764,3
19766,16
19767,13
19769,5
19770,11
19772,5
19773,16
19776,14
19779,28
19780,3
19782,10
19783,6
19785,12
19786,11
19788,3
19789,19
19792,17
19795,29
19796,1
19798,18
19799,8
19801,10
19802,16
19804,3
19805,23
19808,27
19811,26
19812,1
19814,11
19815,10
19817,9
19818,10
19820,4
19821,22
19824,19
19827,17
19828,6
19830,13
19831,8
19833,8
19834,15
19836,3
19837,18
19840,22
19843,25
19844,1
19846,12
19847,8
19849,10
19850,18
19852,2
19853,19
19856,38
19859,15
19860,4
19862,15
19863,12
19865,8
19866,16
19868,3
19869,18
19872,20
19875,23
19876,2
19878,11
19879,9
19881,10
19882,14
19884,5
19885,14
19888,26
19891,13
19892,4
19894,15
19895,10
19897,7
19898,13
19900,2
19901,18
19904,18
19907,21
19908,6
19910,16
19911,9
19913,13
19914,17
19916,6
19917,18
19920,18
19923,22
19924,7
19926,12
19927,12
19929,13
19930,16
19933,20
19936,21
19939,17
19940,6
19942,17
19943,10
19945,3
19946,11
19948,5
19949,14
19952,22
19955,13
19956,4
19958,16
19959,11
19961,14
19962,16
19964,4
19965,14
19968,17
19971,18
19972,6
19974,13
19975,6
19977,5
19978,9
19980,6
19981,22
19984,26
19987,21
19988,5
19990,17
19991,6
19993,12
19994,13
19996,3
19997,12
20000,27
20003,18
20004,1
20006,11
20007,10
20009,8
20010,14
20012,6
20013,21
20016,35
20019,21
20020,7
20022,17
20023,14
20025,6
20026,9
20028,5
20029,28
20032,21
20035,10
20036,2
20038,8
20039,11
20041,7
20042,13
20044,3
20045,16
20048,26
20051,26
20052,4
20054,18
20055,9
20057,7
20058,21
20060,7
20061,26
20064,23
20067,13
20068,5
20070,20
20071,9
20073,8
20074,11
20076,4
20077,10
20080,27
20083,18
20084,5
20086,17
20087,8
20089,9
20090,12
20092,4
20093,25
20096,23
20099,19
20100,4
20102,18
20103,8
20105,14
20106,23
20108,6
20109,26
20112,31
20115,20
20116,6
20118,12
20119,9
20121,10
20122,13
20124,4
20125,13
20128,23
20131,22
20132,10
20134,9
20135,9
20137,11
20138,13
20140,3
20141,24
20144,25
20147,22
20148,8
20150,13
20151,11
20153,10
20154,16
20156,3
20157,17
20160,33
20163,25
20164,5
20166,14
20167,15
20169,10
20170,11
20172,5
20173,20
20176,22
20179,17
20180,5
20182,16
20183,12
20185,13
20186,19
20188,6
20189,22
20192,15
20195,26
20196,4
20198,17
20199,11
20201,7
20202,25
20204,5
20205,19
20208,21
20211,18
20212,4
20214,14
20215,14
20217,12
20218,15
20220,9
20221,16
20224,26
20227,18
20228,6
20230,12
20231,13
20233,7
20234,12
20236,7
20237,19
20240,22
20243,26
20244,4
20246,21
20247,11
20249,9
20250,15
20252,4
20253,15
20256,19
20259,21
20260,6
20262,18
20263,12
20265,9
20266,17
20268,7
20269,22
20272,28
20275,17
20276,6
20278,24
20279,7
20281,15
20282,12
20284,2
20285,18
20288,22
20291,17
20292,2
20294,15
20295,9
20297,8
20298,11
20300,4
20301,18
20304,21
20307,19
20308,4
20310,22
20311,7
20313,8
20314,14
20316,5
20317,19
20320,23
20323,19
20324,7
20326,11
20327,14
20329,14
20330,15
20332,1
20333,16
20336,27
20339,30
20340,8
20342,10
20343,12
20345,8
20346,9
20348,4
20349,23
20352,22
20355,14
20356,5
20358,12
20359,17
20361,11
20362,20
20364,9
20365,18
20368,31
20371,20
20372,3
20374,11
20375,18
20377,14
20378,9
20380,4
20381,22
20384,27
20387,22
20388,7
20390,14
20391,10
20393,15
20394,6
20396,4
20397,18
20400,29
20403,20
20404,6
20406,19
20407,11
20409,9
20410,8
20412,5
20413,18
20416,29
20419,19
20420,7
20422,20
20423,9
20425,13
20426,15
20428,7
20429,14
20432,31
20435,21
20436,6
20438,12
20439,10
20441,10
20442,13
20444,8
20445,20
20448,23
20451,25
20452,3
20454,10
20455,9
20457,10
20458,17
20460,4
20461,24
20464,35
20467,17
20468,4
20470,19
20471,8
20473,6
20474,13
20476,1
20477,22
20480,28
20483,27
20484,5
20486,9
20487,9
20489,16
20490,27
20492,4
20493,24
20496,25
20499,10
20500,3
20502,19
20503,15
20505,14
20506,11
20508,3
20509,23
20512,27
20515,23
20516,7
20518,17
20519,10
20521,11
20522,17
20524,4
20525,19
20528,21
20531,17
20532,2
20534,17
20535,9
20537,12
20538,20
20540,5
20541,28
20544,30
20547,14
20548,6
20550,21
20551,7
20553,7
20554,15
20556,9
20557,16
20560,29
20563,14
20564,6
20566,9
20567,10
20569,10
20570,18
20572,7
20573,23
20576,32
20579,15
20580,4
20582,12
20583,14
20585,6
20586,18
20588,6
20589,25
20592,25
20595,16
20596,5
20598,14
20599,16
20601,9
20602,8
20604,6
20605,23
20608,27
20611,20
20612,3
20614,18
20615,10
20617,9
20618,13
20620,5
20621,27
20624,27
20627,16
20628,12
20630,10
20631,10
20633,10
20634,10
20636,2
20637,16
20640,23
20643,18
20644,3
20646,9
20647,3
20649,7
20650,14
20652,3
20653,24
20656,32
20659,14
20660,5
20662,14
20663,10
20665,15
20666,10
20668,6
20669,28
20672,34
20675,25
20676,8
20678,14
20679,8
20681,8
20682,19
20684,6
20685,21
20688,36
20691,18
20692,7
20694,16
20695,13
20697,9
20698,14
20700,9
20701,24
20704,23
20707,24
20708,2
20710,13
20711,11
20713,11
20714,20
20716,4
20717,23
20720,19
20723,23
20724,5
20726,20
20727,9
20729,11
20730,17
20732,6
20733,17
20736,23
20739,18
20740,3
20742,23
20743,10
20745,7
20746,13
20749,26
20752,29
20755,19
20756,5
20758,14
20759,17
20761,9
20762,16
20764,6
20765,22
20768,18
20771,15
20772,7
20774,17
20775,14
20777,13
20778,21
20780,3
20781,21
20784,21
20787,25
20788,7
20790,18
20791,14
20793,3
20794,14
20796,5
20797,23
20800,20
20803,17
20804,6
20806,13
20807,10
20809,14
20810,24
20812,4
20813,25
20816,30
20819,10
20820,5
20822,9
20823,10
20825,16
20826,16
20828,4
20829,23
20832,35
20835,26
20836,9
20838,16
20839,12
20841,12
20842,22
20844,2
20845,14
20848,26
20851,25
20852,6
20854,14
20855,6
20857,9
20858,10
20860,7
20861,25
20864,23
20867,17
20868,6
20870,14
20871,12
20873,4
20874,16
20876,8
20877,15
20880,32
20883,16
20884,3
20886,24
20887,13
20889,7
20890,15
20892,6
20893,13
20896,23
20899,16
20900,3
20902,13
20903,9
20905,11
20906,15
20908,8
20909,12
20912,30
20915,9
20916,4
20918,20
20919,11
20921,13
20922,15
20924,8
20925,27
20928,26
20931,24
20932,7
20934,16
20935,9
20937,11
20938,20
20940,4
20941,22
20944,28
20947,20
20948,5
20950,19
20951,10
20953,12
20954,18
20956,2
20957,16
20960,27
20963,22
20964,3
20966,20
20967,8
20969,14
20970,21
20972,3
20973,18
20976,21
20979,18
20980,9
20982,15
20983,15
20985,11
20986,17
20988,2
20989,20
20992,23
20995,20
20996,7
20998,14
20999,14
21001,9
21002,16
21004,5
21005,27
21008,27
21011,21
21012,7
21014,14
21015,14
21017,10
21018,12
21020,3
21021,19
21024,20
21027,16
21028,9
21030,15
21031,10
21033,12
21034,16
21036,2
21037,26
21040,28
21043,17
21044,6
21046,8
21047,14
21049,14
21050,14
21052,2
21053,26
21056,25
21059,25
21060,7
21062,17
21063,5
21065,12
21066,11
21068,4
21069,26
21072,16
21075,16
21076,5
21078,12
21079,11
21081,11
21082,15
21084,2
21085,16
21088,41
21091,22
21092,3
21094,19
21095,7
21097,11
21098,17
21100,2
21101,24
21104,28
21107,26
21108,3
21110,17
21111,13
21113,13
21114,19
21116,7
21117,21
21120,21
21123,21
21124,4
21126,12
21127,6
21129,14
21130,14
21132,6
21133,26
21136,29
21139,15
21140,13
21142,21
21143,7
21145,5
21146,17
21148,8
21149,23
21152,26
21155,16
21156,3
21158,21
21159,9
21161,12
21162,15
21164,6
21165,10
21168,34
21171,19
21172,9
21174,14
21175,16
21177,13
21178,18
21180,4
21181,20
21184,20
21187,18
21188,7
21190,18
21191,8
21193,13
21194,19
21196,4
21197,19
21200,24
21203,16
21204,4
21206,8
21207,10
21209,8
21210,15
21212,5
21213,29
21216,24
21219,32
21220,6
21222,12
21223,11
21225,13
21226,21
21228,6
21229,23
21232,21
21235,18
21236,10
21238,7
21239,14
21241,8
21242,12
21244,7
21245,24
21248,28
21251,15
21252,8
21254,15
21255,8
21257,8
21258,13
21260,3
21261,12
21264,32
21267,12
21268,7
21270,9
21271,18
21273,10
21274,14
21276,1
21277,17
21280,23
21283,18
21284,5
21286,19
21287,8
21289,8
21290,9
21292,3
21293,24
21296,22
21299,24
21300,6
21302,20
21303,13
21305,7
21306,12
21308,4
21309,20
21312,23
21315,22
21316,5
21318,13
21319,14
21321,12
21322,18
21324,7
21325,20
21328,26
21331,11
21332,9
21334,14
21335,11
21337,10
21338,14
21340,4
21341,18
21344,32
21347,25
21348,4
21350,11
21351,6
21353,11
21354,23
21356,6
21357,24
21360,32
21363,22
21364,3
21366,11
21367,8
21369,10
21370,14
21372,4
21373,22
21376,27
21379,16
21380,3
21382,13
21383,13
21385,8
21386,20
21388,6
21389,20
21392,21
21395,15
21396,2
21398,13
21399,13
21401,17
21402,11
21404,5
21405,25
21408,32
21411,31
21412,1
21414,10
21415,14
21417,4
21418,12
21420,5
21421,25
21424,31
21427,17
21428,1
21430,14
21431,16
21433,9
21434,26
21436,4
21437,17
21440,22
21443,18
21444,7
21446,23
21447,13
21449,12
21450,8
21452,4
21453,22
21456,24
21459,22
21460,2
21462,16
21463,13
21465,2
21466,20
21468,4
21469,25
21472,17
21475,13
21476,5
21478,20
21479,12
21481,7
21482,14
21484,1
21485,24
21488,21
21491,10
21492,7
21494,13
21495,11
21497,11
21498,10
21500,7
21501,18
21504,8
21507,20
21508,4
21510,20
21511,5
21513,10
21514,13
21516,4
21517,24
21520,23
21523,18
21524,5
21526,20
21527,10
21529,10
21530,15
21532,7
21533,27
21536,29
21539,22
21540,6
21542,10
21543,8
21545,8
21546,17
21548,9
21549,18
21552,20
21555,17
21556,3
21558,17
21559,10
21561,11
21562,8
21564,4
21565,28
21568,23
21571,22
21572,4
21574,11
21575,4
21577,10
21578,7
21580,7
21581,20
21584,26
21587,14
21588,6
21590,16
21591,7
21593,13
21594,22
21596,9
21597,17
21600,24
21603,25
21604,1
21606,19
21607,7
21609,9
21610,17
21612,6
21613,24
21616,12
21619,16
21620,2
21622,17
21623,8
21625,11
21626,13
21628,3
21629,29
21632,23
21635,14
21636,3
21638,19
21639,8
21641,10
21642,22
21644,5
21645,17
21648,29
21651,22
21652,2
21654,13
21655,12
21657,10
21658,16
21660,2
21661,26
21664,26
21667,18
21668,5
21670,17
21671,14
21673,10
21674,21
21676,4
21677,20
21680,21
21683,19
21684,10
21686,16
21687,15
21689,7
21690,16
21692,6
21693,15
21696,28
21699,22
21700,12
21702,9
21703,7
21705,18
21706,18
21708,8
21709,16
21712,24
21715,15
21716,1
21718,17
21719,16
21721,16
21722,14
21724,7
21725,20
21728,25
21731,22
21732,2
21734,14
21735,7
21737,9
21738,17
21740,4
21741,21
21744,32
21747,19
21748,2
21750,22
21751,12
21753,8
21754,21
21756,5
21757,18
21760,13
21763,12
21764,8
21766,10
21767,8
21769,8
21770,21
21772,6
21773,17
21776,27
21779,23
21780,9
21782,13
21783,6
21785,9
21786,9
21788,10
21789,25
21792,26
21795,26
21796,2
21798,13
21799,9
21801,9
21802,9
21804,6
21805,27
21808,24
21811,21
21812,3
21814,15
21815,10
21817,5
21818,11
21820,3
21821,22
21824,24
21827,18
21828,6
21830,14
21831,11
21833,10
21834,17
21836,7
21837,27
21840,29
21843,28
21844,6
21846,15
21847,10
21849,10
21850,16
21852,7
21853,15
21856,29
21859,24
21860,3
21862,17
21863,9
21865,15
21866,13
21868,9
21869,23
21872,24
21875,18
21876,5
21878,13
21879,8
21881,17
21882,18
21884,3
21885,18
21888,20
21891,22
21892,6
21894,23
21895,10
21897,11
21898,7
21900,6
21901,12
21904,26
21907,23
21908,3
21910,12
21911,5
21913,8
21914,20
21916,5
21917,23
21920,30
21923,15
21924,5
21926,13
21927,9
21929,7
21930,15
21932,3
21933,20
21936,21
21939,17
21940,5
21942,15
21943,12
21945,6
21946,15
21948,8
21949,15
21952,19
21955,20
21956,4
21958,15
21959,8
21961,10
21962,18
21964,7
21965,17
21968,30
21971,22
21972,3
21974,17
21975,9
21977,14
21978,13
21980,2
21981,22
21984,25
21987,19
21988,6
21990,13
21991,9
21993,16
21994,18
21996,3
21997,13
22000,21
22003,11
22004,6
22006,13
22007,11
22009,13
22010,14
22012,5
22013,18
22016,25
22019,19
22020,8
22022,14
22023,6
22025,7
22026,10
22028,1
22029,25
22032,19
22035,26
22036,4
22038,15
22039,10
22041,10
22042,15
22044,8
22045,12
22048,20
22051,21
22052,3
22054,11
22055,10
22057,14
22058,13
22060,4
22061,17
22064,27
22067,14
22068,3
22070,19
22071,11
22073,7
22074,23
22076,3
22077,15
22080,26
22083,23
22084,7
22086,8
22087,11
22089,4
22090,7
22092,5
22093,18
22096,24
22099,21
22100,3
22102,25
22103,8
22105,9
22106,9
22108,7
22109,18
22112,19
22115,22
22116,7
22118,22
22119,13
22121,9
22122,12
22124,9
22125,13
22128,28
22131,8
22132,4
22134,16
22135,8
22137,7
22138,15
22140,9
22141,26
22144,23
22147,19
22148,4
22150,21
22151,16
22153,12
22154,20
22156,7
22157,21
22160,23
22163,17
22164,4
22166,15
22167,11
22169,11
22170,17
22172,4
22173,23
22176,23
22179,14
22180,3
22182,7
22183,8
22185,14
22186,10
22188,4
22189,19
22192,18
22195,21
22196,2
22198,17
22199,14
22201,3
22202,7
22204,3
22205,23
22208,17
22211,15
22212,9
22214,12
22215,10
22217,13
22218,11
22220,3
22221,18
22224,22
22227,20
22228,7
22230,10
22231,9
22233,11
22234,13
22236,6
22237,29
22240,21
22243,19
22244,3
22246,11
22247,5
22249,6
22250,10
22252,11
22253,17
22256,18
22259,10
22260,1
22262,15
22263,5
22265,9
22266,15
22268,6
22269,18
22272,22
22275,19
22276,9
22278,20
22279,9
22281,8
22282,11
22284,7
22285,19
22288,23
22291,19
22292,5
22294,11
22295,6
22297,5
22298,13
22300,6
22301,26
22304,22
22307,21
22308,4
22310,19
22311,13
22313,20
22314,12
22316,3
22317,30
22320,16
22323,14
22324,5
22326,18
22327,6
22329,7
22330,9
22332,4
22333,9
22336,25
22339,13
22340,10
22342,13
22343,8
22345,10
22346,23
22348,3
22349,20
22352,27
22355,23
22356,6
22358,18
22359,15
22361,7
22362,7
22364,3
22365,17
22368,22
22371,17
22372,7
22374,11
22375,15
22377,8
22378,20
22380,9
22381,23
22384,26
22387,22
22388,2
22390,9
22391,11
22393,13
22394,13
22396,6
22397,18
22400,24
22403,26
22404,5
22406,16
22407,14
22409,8
22410,8
22412,5
22413,24
22416,19
22419,21
22420,3
22422,15
22423,5
22425,8
22426,16
22428,8
22429,23
22432,22
22435,16
22436,1
22438,12
22439,12
22441,8
22442,9
22444,8
22445,13
22448,22
22451,13
22452,6
22454,12
22455,10
22457,4
22458,15
22460,6
22461,10
22464,25
22467,22
22468,6
22470,12
22471,6
22473,8
22474,7
22476,9
22477,19
22480,20
22483,18
22484,3
22486,18
22487,9
22489,7
22490,18
22492,6
22493,28
22496,20
22499,26
22500,2
22502,11
22503,8
22505,9
22506,19
22508,5
22509,15
22512,24
22515,18
22516,7
22518,19
22519,6
22521,11
22522,13
22524,4
22525,23
22528,23
22531,15
22532,5
22534,11
22535,18
22537,10
22538,16
22540,2
22541,11
22544,21
22547,12
22548,7
22550,15
22551,9
22553,11
22554,18
22556,4
22557,22
22560,18
22563,24
22564,3
22566,8
22567,14
22569,4
22570,11
22572,4
22573,29
22576,31
22579,22
22580,6
22582,12
22583,5
22585,11
22586,9
22588,6
22589,21
22592,21
22595,19
22596,4
22598,18
22599,3
22601,6
22602,12
22604,4
22605,20
22608,17
22611,26
22612,5
22614,15
22615,7
22617,7
22618,13
22620,5
22621,23
22624,25
22627,14
22628,4
22630,11
22631,6
22633,5
22634,14
22636,4
22637,13
22640,24
22643,24
22644,6
22646,15
22647,6
22649,4
22650,12
22652,4
22653,14
22656,23
22659,23
22660,4
22662,11
22663,8
22665,11
22666,13
22668,4
22669,18
22672,22
22675,25
22676,4
22678,17
22679,8
22681,6
22682,15
22684,6
22685,19
22688,19
22691,19
22692,7
22694,11
22695,4
22697,7
22698,11
22700,3
22701,17
22704,23
22707,18
22708,6
22710,12
22711,7
22713,7
22714,14
22716,7
22717,15
22720,19
22723,18
22724,8
22726,9
22727,11
22729,7
22730,17
22732,4
22733,13
22736,18
22739,17
22740,4
22742,11
22743,5
22745,14
22746,15
22748,3
22749,24
22752,16
22755,24
22756,10
22758,10
22759,6
22761,8
22762,9
22764,4
22765,9
22768,22
22771,19
22772,4
22774,17
22775,8
22777,9
22778,11
22780,4
22781,19
22784,19
22787,19
22788,7
22790,13
22791,8
22793,12
22794,15
22796,3
22797,18
22800,32
22803,20
22804,3
22806,16
22807,10
22809,14
22810,16
22812,7
22813,25
22816,20
22819,19
22820,1
22822,12
22823,12
22825,15
22826,17
22828,5
22829,20
22832,17
22835,24
22836,3
22838,14
22839,6
22841,9
22842,9
22844,4
22845,14
22848,18
22851,12
22852,10
22854,19
22855,11
22857,6
22858,14
22860,5
22861,23
22864,18
22867,16
22868,4
22870,14
22871,8
22873,8
22874,12
22876,5
22877,17
22880,20
22883,21
22886,8
22887,7
22889,5
22890,12
22892,4
22893,19
22896,22
22899,15
22900,8
22902,8
22903,4
22905,6
22906,13
22908,4
22909,17
22912,19
22915,14
22916,6
22918,8
22919,6
22921,6
22922,14
22924,4
22925,11
22928,28
22931,10
22932,5
22934,11
22935,14
22937,8
22938,10
22940,5
22941,21
22944,22
22947,14
22948,5
22950,4
22951,5
22953,7
22954,17
22956,3
22957,17
22960,24
22963,17
22964,8
22966,11
22967,5
22969,9
22970,8
22973,15
22976,19
22979,23
22980,5
22982,13
22983,7
22985,4
22986,9
22988,6
22989,21
22992,14
22995,14
22996,4
22998,10
22999,5
23001,7
23002,15
23004,3
23005,15
23008,23
23011,15
23012,1
23014,10
23015,5
23017,12
23018,13
23020,4
23021,22
23024,25
23027,19
23028,10
23030,9
23031,8
23033,10
23034,12
23037,25
23040,21
23043,11
23044,3
23046,11
23047,7
23049,8
23050,9
23052,3
23053,15
23056,22
23059,16
23060,3
23062,12
23063,8
23065,10
23066,14
23068,3
23069,12
23072,17
23075,19
23078,18
23079,5
23081,9
23082,14
23084,2
23085,13
23088,19
23091,13
23092,5
23094,9
23095,10
23097,6
23098,11
23100,1
23101,19
23104,22
23107,16
23108,3
23110,9
23111,6
23113,8
23114,9
23116,4
23117,20
23120,28
23123,16
23124,1
23126,12
23127,8
23129,11
23130,21
23132,5
23133,15
23136,21
23139,11
23140,4
23142,11
23143,6
23145,13
23146,9
23148,4
23149,19
23152,21
23155,13
23156,6
23158,10
23159,5
23161,4
23162,13
23164,3
23165,19
23168,24
23171,13
23172,1
23174,7
23175,13
23177,8
23178,13
23180,5
23181,10
23184,19
23187,20
23188,4
23190,9
23191,4
23193,11
23194,8
23196,9
23197,15
23200,23
23203,16
23204,1
23206,10
23207,13
23209,2
23210,4
23212,2
23213,22
23216,27
23219,13
23220,2
23222,12
23223,5
23225,9
23226,15
23228,6
23229,20
23232,15
23235,18
23236,5
23238,18
23239,8
23241,7
23242,4
23244,7
23245,14
23248,16
23251,18
23252,2
23254,21
23255,11
23257,12
23258,10
23260,5
23261,17
23264,17
23267,12
23268,8
23270,9
23271,5
23273,7
23274,9
23276,9
23277,16
23280,17
23283,10
23284,1
23286,10
23287,8
23289,9
23290,9
23292,4
23293,11
23296,16
23299,9
23300,3
23302,12
23303,10
23305,7
23306,15
23308,2
23309,15
23312,20
23315,16
23316,9
23318,20
23319,3
23321,6
23322,5
23324,3
23325,23
23328,30
23331,19
23332,5
23334,4
23335,8
23337,8
23338,13
23340,6
23341,16
23344,20
23347,22
23348,2
23350,18
23351,8
23353,6
23354,17
23356,3
23357,20
23360,24
23363,20
23364,5
23366,12
23367,11
23369,9
23370,17
23372,3
23373,18
23376,15
23379,16
23380,3
23382,9
23383,7
23385,9
23386,9
23388,4
23389,16
23392,16
23395,13
23396,1
23398,9
23399,7
23401,8
23402,12
23404,2
23405,18
23408,21
23411,12
23412,4
23414,15
23415,3
23417,3
23418,10
23420,3
23421,13
23424,24
23427,15
23428,4
23430,7
23431,10
23433,7
23434,11
23436,5
23437,20
23440,16
23443,14
23444,6
23446,9
23447,9
23449,7
23450,12
23452,4
23453,16
23456,17
23459,17
23460,5
23462,16
23463,10
23465,4
23466,10
23468,1
23469,21
23472,21
23475,16
23476,4
23478,13
23479,6
23481,9
23482,17
23484,4
23485,24
23488,17
23491,12
23492,4
23494,8
23495,7
23497,11
23498,12
23500,3
23501,14
23504,10
23507,13
23508,3
23510,20
23511,13
23513,5
23514,12
23516,2
23517,16
23520,17
23523,18
23524,7
23526,8
23527,12
23529,6
23530,11
23532,4
23533,18
23536,24
23539,20
23540,4
23542,17
23543,6
23545,10
23546,20
23548,5
23549,9
23552,22
23555,23
23556,2
23558,17
23559,8
23561,4
23562,17
23564,3
23565,15
23568,20
23571,13
23572,3
23574,9
23575,11
23577,7
23578,10
23580,1
23581,20
23584,16
23587,12
23588,5
23590,13
23591,7
23593,9
23594,10
23596,4
23597,15
23600,18
23603,16
23604,2
23606,17
23607,7
23609,6
23610,5
23612,4
23613,9
23616,19
23619,11
23620,4
23622,15
23623,5
23625,8
23626,9
23628,1
23629,10
23632,21
23635,15
23636,3
23638,14
23639,6
23641,4
23642,14
23644,1
23645,15
23648,14
23651,15
23652,2
23654,6
23655,10
23657,7
23658,9
23660,5
23661,14
23664,22
23667,16
23668,6
23670,12
23671,6
23673,10
23674,6
23676,4
23677,19
23680,22
23683,23
23684,4
23686,11
23687,8
23689,5
23690,11
23692,9
23693,12
23696,17
23699,18
23700,4
23702,13
23703,7
23705,9
23706,13
23708,3
23709,20
23712,18
23715,11
23716,2
23718,15
23719,4
23721,8
23722,15
23724,3
23725,22
23728,20
23731,17
23732,3
23734,16
23735,7
23737,17
23738,14
23740,7
23741,14
23744,19
23747,18
23748,6
23750,11
23751,3
23753,5
23754,11
23756,3
23757,16
23760,23
23763,13
23764,5
23766,13
23767,12
23769,5
23770,13
23772,7
23773,13
23776,21
23779,18
23780,1
23782,14
23783,7
23785,11
23786,14
23788,4
23789,22
23792,28
23795,14
23796,5
23798,10
23799,16
23801,3
23802,16
23804,1
23805,15
23808,16
23811,13
23812,5
23814,17
23815,7
23817,9
23818,7
23820,1
23821,16
23824,19
23827,16
23828,3
23830,10
23831,6
23833,11
23834,11
23836,4
23837,13
23840,17
23843,25
23844,2
23846,12
23847,9
23849,11
23850,12
23852,7
23853,18
23856,23
23859,20
23860,3
23862,12
23863,8
23865,7
23866,10
23868,4
23869,8
23872,17
23875,14
23876,3
23878,8
23879,4
23881,9
23882,11
23884,3
23885,9
23888,15
23891,13
23892,3
23894,13
23895,6
23897,7
23898,10
23900,8
23901,20
23904,28
23907,17
23908,2
23910,8
23911,7
23913,5
23914,10
23916,3
23917,23
23920,14
23923,13
23924,5
23926,6
23927,10
23929,4
23930,10
23932,4
23933,14
23936,20
23939,11
23940,7
23942,15
23943,9
23945,8
23946,14
23948,4
23949,19
23952,21
23955,16
23956,3
23958,9
23959,8
23961,8
23962,18
23964,3
23965,21
23968,16
23971,15
23972,5
23974,9
23975,8
23977,6
23978,7
23980,3
23981,19
23984,20
23987,14
23988,2
23990,15
23991,11
23993,6
23994,12
23996,8
23997,12
24000,13
24003,11
24004,6
24006,10
24007,8
24009,10
24010,18
24012,5
24013,14
24016,24
24019,17
24020,4
24022,6
24023,6
24025,10
24026,7
24028,2
24029,21
24032,21
24035,14
24036,4
24038,13
24039,4
24041,5
24042,9
24044,4
24045,11
24048,15
24051,11
24052,3
24054,16
24055,13
24057,5
24058,11
24060,3
24061,15
24064,27
24067,20
24068,5
24070,11
24071,5
24073,9
24074,6
24076,2
24077,15
24080,19
24083,14
24084,3
24086,11
24087,13
24089,7
24090,17
24092,6
24093,11
24096,14
24099,17
24100,5
24102,17
24103,10
24105,7
24106,17
24108,5
24109,11
24112,25
24115,11
24116,4
24118,11
24119,5
24121,8
24122,15
24124,4
24125,10
24128,13
24131,20
24132,2
24134,10
24135,8
24137,6
24138,16
24140,7
24141,9
24144,27
24147,18
24148,8
24150,12
24151,8
24153,6
24154,13
24156,4
24157,17
24160,32
24163,11
24164,1
24166,9
24167,10
24169,7
24170,10
24172,6
24173,21
24176,16
24179,16
24180,5
24182,14
24183,11
24185,12
24186,11
24188,4
24189,20
24192,21
24195,9
24196,4
24198,11
24199,4
24201,7
24202,9
24204,4
24205,16
24208,24
24211,8
24212,1
24214,10
24215,6
24217,7
24218,12
24220,3
24221,18
24224,13
24227,14
24228,1
24230,13
24231,9
24233,8
24234,13
24236,6
24237,11
24240,11
24243,22
24244,4
24246,10
24247,11
24249,3
24250,14
24252,2
24253,18
24256,15
24259,14
24260,3
24262,18
24263,6
24265,9
24266,10
24268,1
24269,14
24272,18
24275,17
24276,2
24278,14
24279,13
24281,17
24282,12
24284,4
24285,17
24288,28
24291,11
24292,2
24294,11
24295,7
24297,8
24298,16
24300,3
24301,13
24304,15
24307,17
24308,5
24310,8
24311,10
24313,6
24314,8
24316,4
24317,12
24320,17
24323,15
24324,2
24326,13
24327,5
24329,10
24330,12
24332,5
24333,19
24336,26
24339,13
24340,5
24342,5
24343,7
24345,9
24346,15
24348,6
24349,26
24352,12
24355,16
24356,4
24358,8
24359,8
24361,6
24362,15
24364,4
24365,19
24368,18
24371,20
24372,5
24374,11
24375,17
24377,7
24378,11
24380,4
24381,18
24384,20
24387,16
24388,4
24390,13
24391,12
24393,9
24394,12
24396,4
24397,18
24400,24
24403,12
24404,7
24406,7
24407,11
24409,10
24410,12
24412,3
24413,15
24416,21
24419,16
24420,7
24422,13
24423,10
24425,13
24426,6
24428,1
24429,10
24432,25
24435,15
24436,3
24438,12
24439,9
24441,7
24442,14
24444,8
24445,21
24448,20
24451,20
24452,3
24454,12
24455,9
24457,9
24458,9
24460,7
24461,19
24464,28
24467,10
24468,4
24470,22
24471,8
24473,12
24474,18
24476,1
24477,15
24480,17
24483,12
24484,4
24486,16
24487,15
24489,7
24490,11
24492,4
24493,15
24496,22
24499,9
24500,1
24502,19
24503,8
24505,1
24506,13
24508,2
24509,14
24512,22
24515,12
24516,2
24518,9
24519,5
24521,12
24522,13
24524,4
24525,18
24528,32
24531,16
24532,2
24534,16
24535,8
24537,9
24538,10
24540,8
24541,15
24544,21
24547,14
24550,5
24551,12
24553,4
24554,11
24557,23
24560,16
24563,14
24564,4
24566,13
24567,6
24569,4
24570,7
24572,2
24573,17
24576,15
24579,15
24580,9
24582,11
24583,9
24585,5
24586,14
24588,3
24589,11
24592,20
24595,18
24596,5
24598,11
24599,8
24601,3
24602,14
24604,4
24605,15
24608,24
24611,10
24612,8
24614,10
24615,12
24617,8
24618,12
24620,5
24621,10
24624,20
24627,20
24628,7
24630,13
24631,11
24633,8
24634,9
24636,3
24637,10
24640,14
24643,14
24644,8
24646,7
24647,10
24649,6
24650,12
24652,2
24653,12
24656,23
24659,22
24660,3
24662,13
24663,8
24665,6
24666,13
24668,2
24669,17
24672,18
24675,18
24676,5
24678,15
24679,9
24681,10
24682,17
24684,4
24685,15
24688,27
24691,12
24692,4
24694,11
24695,5
24697,8
24698,11
24700,2
24701,21
24704,23
24707,22
24708,4
24710,10
24711,5
24713,2
24714,12
24716,6
24717,15
24720,24
24723,16
24724,5
24726,11
24727,7
24729,2
24730,13
24732,2
24733,11
24736,15
24739,14
24740,7
24742,9
24743,10
24745,5
24746,16
24748,4
24749,15
24752,19
24755,24
24756,3
24758,15
24759,7
24761,10
24762,11
24764,4
24765,18
24768,22
24771,17
24772,9
24774,9
24775,9
24777,6
24778,18
24780,6
24781,19
24784,22
24787,16
24788,2
24790,9
24791,13
24793,8
24794,16
24796,7
24797,23
24800,21
24803,17
24804,4
24806,14
24807,13
24809,6
24810,10
24812,5
24813,19
24816,16
24819,10
24820,3
24822,10
24823,8
24825,5
24826,15
24828,5
24829,10
24832,15
24835,14
24836,2
24838,10
24839,8
24841,12
24842,14
24844,3
24845,13
24848,22
24851,17
24852,6
24854,14
24855,9
24857,7
24858,11
24860,6
24861,24
24864,16
24867,21
24868,5
24870,11
24871,8
24873,6
24874,10
24876,8
24877,17
24880,17
24883,16
24884,4
24886,13
24887,8
24889,7
24890,14
24892,8
24893,14
24896,20
24899,18
24900,2
24902,9
24903,10
24905,10
24906,21
24908,3
24909,18
24912,22
24915,15
24916,7
24918,11
24919,10
24921,11
24922,10
24924,7
24925,14
24928,18
24931,15
24932,5
24934,13
24935,13
24937,8
24938,20
24940,5
24941,16
24944,28
24947,16
24948,2
24950,13
24951,12
24953,9
24954,15
24956,4
24957,27
24960,18
24963,7
24964,7
24966,8
24967,4
24969,7
24970,12
24972,2
24973,13
24976,25
24979,24
24980,5
24982,7
24983,4
24985,8
24986,11
24988,3
24989,16
24992,23
24995,12
24996,7
24998,11
24999,8
25001,9
25002,14
25004,3
25005,16
25008,21
25011,16
25012,9
25014,13
25015,7
25017,7
25018,16
25020,8
25021,18
25024,19
25027,17
25028,4
25030,16
25031,13
25033,8
25034,11
25036,2
25037,8
25040,21
25043,24
25044,3
25046,15
25047,7
25049,6
25050,17
25052,5
25053,11
25056,21
25059,21
25060,2
25062,15
25063,7
25065,9
25066,12
25068,7
25069,20
25072,20
25075,19
25076,3
25078,15
25079,7
25081,9
25082,13
25084,4
25085,14
25088,17
25091,18
25092,4
25094,17
25095,4
25097,12
25098,17
25100,5
25101,13
25104,23
25107,14
25108,4
25110,9
25111,15
25113,6
25114,11
25116,3
25117,16
25120,23
25123,10
25124,6
25126,10
25127,11
25129,8
25130,14
25132,3
25133,20
25136,31
25139,10
25140,3
25142,16
25143,11
25145,11
25146,11
25148,5
25149,30
25152,24
25155,20
25156,3
25158,7
25159,4
25161,7
25162,15
25164,4
25165,20
25168,23
25171,14
25172,2
25174,12
25175,5
25177,7
25178,15
25180,7
25181,11
25184,17
25187,18
25188,2
25190,15
25191,5
25193,5
25194,12
25196,5
25197,13
25200,21
25203,18
25204,1
25206,11
25207,6
25209,8
25210,12
25212,4
25213,14
25216,19
25219,20
25220,5
25222,15
25223,9
25225,10
25226,11
25228,3
25229,10
25232,22
25235,19
25236,2
25238,18
25239,8
25241,5
25242,12
25244,3
25245,15
25248,19
25251,21
25252,3
25254,6
25255,8
25257,9
25258,13
25260,3
25261,16
25264,17
25267,17
25268,4
25270,13
25271,5
25273,9
25274,11
25276,5
25277,11
25280,23
25283,14
25284,5
25286,6
25287,7
25289,10
25290,11
25292,3
25293,12
25296,22
25299,16
25300,5
25302,15
25303,10
25305,12
25306,12
25308,7
25309,17
25312,17
25315,23
25316,4
25318,11
25319,11
25321,9
25322,17
25324,2
25325,11
25328,17
25331,21
25332,5
25334,10
25335,5
25337,7
25338,15
25340,9
25341,18
25344,11
25347,9
25348,5
25350,20
25351,6
25353,11
25354,8
25356,3
25357,19
25360,19
25363,14
25364,3
25366,17
25367,7
25369,11
25370,14
25372,4
25373,13
25376,24
25379,27
25380,4
25382,16
25383,10
25385,7
25386,19
25388,4
25389,11
25392,33
25395,16
25396,2
25398,12
25399,13
25401,7
25402,11
25404,4
25405,10
25408,15
25411,10
25412,4
25414,11
25415,7
25417,14
25418,10
25420,2
25421,10
25424,19
25427,13
25428,4
25430,16
25431,6
25433,5
25434,11
25436,5
25437,17
25440,21
25443,19
25444,4
25446,11
25447,11
25449,3
25450,17
25452,3
25453,15
25456,24
25459,15
25460,4
25462,10
25463,7
25465,7
25466,16
25468,6
25469,11
25472,13
25475,16
25476,3
25478,6
25479,6
25481,10
25482,8
25484,2
25485,13
25488,12
25491,14
25492,2
25494,10
25495,7
25497,5
25498,15
25500,5
25501,13
25504,17
25507,13
25508,11
25510,12
25511,11
25513,8
25514,18
25516,4
25517,10
25520,31
25523,21
25524,5
25526,13
25527,9
25529,6
25530,15
25532,3
25533,20
25536,19
25539,22
25540,3
25542,9
25543,3
25545,12
25546,12
25548,1
25549,22
25552,10
25555,13
25556,2
25558,15
25559,11
25561,4
25562,12
25564,5
25565,11
25568,15
25571,17
25572,7
25574,11
25575,10
25577,8
25578,9
25580,3
25581,16
25584,15
25587,16
25588,1
25590,15
25591,5
25593,12
25594,11
25596,7
25597,13
25600,30
25603,23
25604,2
25606,4
25607,10
25609,12
25610,6
25612,4
25613,21
25616,21
25619,25
25620,2
25622,11
25623,11
25625,12
25626,10
25628,2
25629,24
25632,16
25635,17
25636,4
25638,15
25639,10
25641,8
25642,16
25644,5
25645,12
25648,21
25651,15
25652,8
25654,16
25655,9
25657,3
25658,8
25660,8
25661,15
25664,15
25667,12
25668,6
25670,7
25671,8
25673,6
25674,8
25676,2
25677,23
25680,19
25683,10
25684,3
25686,18
25687,7
25689,10
25690,17
25692,1
25693,24
25696,20
25699,21
25700,10
25702,15
25703,9
25705,8
25706,15
25708,8
25709,12
25712,20
25715,17
25718,14
25719,5
25721,11
25722,14
25724,4
25725,23
25728,27
25731,18
25732,4
25734,8
25735,9
25737,11
25738,13
25740,3
25741,16
25744,18
25747,19
25748,3
25750,12
25751,7
25753,4
25754,8
25756,1
25757,21
25760,20
25763,15
25764,5
25766,9
25767,6
25769,6
25770,9
25772,4
25773,11
25776,23
25779,20
25780,4
25782,15
25783,11
25785,10
25786,11
25788,2
25789,8
25792,17
25795,20
25796,4
25798,16
25799,6
25801,7
25802,13
25804,7
25805,25
25808,21
25811,15
25812,3
25814,16
25815,7
25817,5
25818,16
25820,1
25821,10
25824,30
25827,22
25828,2
25830,16
25831,8
25833,5
25834,21
25836,6
25837,17
25840,23
25843,17
25844,4
25846,14
25847,5
25849,11
25850,19
25852,4
25853,16
25856,23
25859,12
25860,9
25862,11
25863,7
25865,7
25866,14
25868,5
25869,15
25872,30
25875,12
25876,3
25878,13
25879,9
25881,12
25882,11
25884,7
25885,16
25888,27
25891,23
25892,4
25894,17
25895,3
25897,12
25898,8
25900,4
25901,20
25904,20
25907,13
25908,6
25910,7
25911,13
25913,9
25914,9
25916,4
25917,12
25920,22
25923,15
25924,5
25926,7
25927,10
25929,8
25930,8
25932,4
25933,20
25936,15
25939,18
25940,6
25942,12
25943,7
25945,6
25946,9
25948,5
25949,20
25952,26
25955,16
25956,1
25958,16
25959,11
25961,4
25962,9
25964,4
25965,16
25968,17
25971,15
25972,1
25974,14
25975,8
25977,5
25978,17
25980,3
25981,20
25984,18
25987,22
25988,7
25990,16
25991,6
25993,7
25994,13
25996,7
25997,16
26000,14
26003,17
26004,4
26006,14
26007,2
26009,5
26010,6
26012,4
26013,19
26016,23
26019,15
26020,4
26022,17
26023,8
26025,11
26026,14
26028,5
26029,18
26032,14
26035,16
26036,4
26038,14
26039,8
26041,7
26042,7
26044,10
26045,12
26048,19
26051,26
26054,8
26055,9
26057,15
26058,5
26060,6
26061,19
26064,27
26067,15
26068,7
26070,10
26071,7
26073,9
26074,14
26076,4
26077,16
26080,17
26083,19
26084,7
26086,11
26087,8
26089,6
26090,21
26092,6
26093,14
26096,26
26099,12
26100,2
26102,16
26103,8
26105,12
26106,14
26108,7
26109,10
26112,19
26115,16
26116,7
26118,9
26119,6
26121,12
26122,11
26124,7
26125,17
26128,24
26131,21
26132,5
26134,14
26135,14
26137,12
26138,15
26140,4
26141,13
26144,20
26147,15
26148,1
26150,17
26151,7
26153,6
26154,11
26156,2
26157,18
26160,21
26163,17
26164,3
26166,12
26167,11
26169,9
26170,6
26172,6
26173,15
26176,25
26179,12
26180,5
26182,14
26183,9
26185,10
26186,14
26188,2
26189,13
26192,18
26195,16
26196,3
26198,16
26199,13
26201,9
26202,9
26204,2
26205,18
26208,16
26211,20
26212,6
26214,9
26215,9
26217,12
26218,13
26220,6
26221,23
26224,24
26227,14
26228,2
26230,13
26231,3
26233,7
26234,12
26236,4
26237,19
26240,26
26243,13
26244,4
26246,13
26247,7
26249,15
26250,11
26252,4
26253,17
26256,25
26259,17
26260,4
26262,15
26263,11
26265,7
26266,8
26268,4
26269,9
26272,22
26275,17
26276,4
26278,19
26279,12
26281,9
26282,10
26284,3
26285,17
26288,16
26291,23
26292,9
26294,11
26295,8
26297,7
26298,12
26300,4
26301,15
26304,16
26307,15
26308,4
26310,9
26311,6
26313,7
26314,13
26316,4
26317,8
26320,22
26323,9
26324,6
26326,15
26327,3
26329,6
26330,15
26332,4
26333,19
26336,16
26339,16
26340,1
26342,12
26343,7
26345,7
26346,11
26348,6
26349,11
26352,22
26355,20
26356,1
26358,10
26359,8
26361,10
26362,8
26364,4
26365,16
26368,23
26371,14
26372,3
26374,18
26375,9
26377,8
26378,8
26380,5
26381,18
26384,18
26387,9
26388,7
26390,13
26391,9
26393,6
26394,12
26396,7
26397,12
26400,15
26403,17
26404,2
26406,9
26407,8
26409,6
26410,9
26412,4
26413,9
26416,12
26419,24
26420,3
26422,11
26423,7
26425,7
26426,13
26428,4
26429,13
26432,10
26435,11
26436,8
26438,12
26439,9
26441,3
26442,20
26444,6
26445,18
26448,20
26451,10
26452,2
26454,6
26455,5
26457,7
26458,14
26460,7
26461,22
26464,16
26467,22
26468,4
26470,14
26471,11
26473,15
26474,13
26476,8
26477,13
26480,27
26483,20
26484,5
26486,15
26487,8
26489,13
26490,10
26492,3
26493,20
26496,12
26499,19
26500,5
26502,11
26503,10
26505,8
26506,6
26508,5
26509,9
26512,15
26515,15
26516,3
26518,16
26519,6
26521,9
26522,10
26524,5
26525,22
26528,18
26531,10
26532,3
26534,10
26535,6
26537,4
26538,18
26540,4
26541,13
26544,21
26547,13
26548,5
26550,15
26551,8
26553,10
26554,13
26556,3
26557,9
26560,17
26563,19
26564,6
26566,6
26567,9
26569,12
26570,12
26572,7
26573,16
26576,19
26579,13
26580,6
26582,5
26583,8
26585,5
26586,13
26588,3
26589,14
26592,21
26595,11
26596,1
26598,13
26599,12
26601,7
26602,14
26604,3
26605,24
26608,19
26611,18
26612,5
26614,13
26615,8
26617,6
26618,16
26620,6
26621,17
26624,23
26627,11
26628,3
26630,12
26631,11
26633,6
26634,10
26636,3
26637,22
26640,23
26643,12
26644,5
26646,10
26647,5
26649,4
26650,8
26652,2
26653,12
26656,13
26659,14
26660,2
26662,15
26663,5
26665,7
26666,12
26668,2
26669,16
26672,15
26675,21
26676,3
26678,13
26679,5
26681,3
26682,15
26684,4
26685,14
26688,12
26691,13
26692,4
26694,14
26695,10
26697,5
26698,11
26700,8
26701,18
26704,21
26707,23
26708,6
26710,17
26711,10
26713,6
26714,14
26716,4
26717,12
26720,21
26723,19
26724,3
26726,11
26727,14
26729,8
26730,12
26733,10
26736,22
26739,13
26740,4
26742,20
26743,8
26745,6
26746,12
26748,3
26749,14
26752,12
26755,17
26756,4
26758,9
26759,9
26761,9
26762,16
26764,2
26765,14
26768,20
26771,16
26772,5
26774,8
26775,6
26777,11
26778,11
26780,4
26781,11
26784,18
26787,12
26788,5
26790,8
26791,9
26793,12
26794,8
26796,5
26797,14
26800,23
26803,11
26804,2
26806,11
26807,2
26809,8
26810,10
26812,2
26813,22
26816,24
26819,12
26820,8
26822,9
26823,6
26825,6
26826,15
26828,7
26829,10
26832,20
26835,17
26836,3
26838,12
26839,6
26841,5
26842,10
26844,3
26845,13
26848,14
26851,6
26852,3
26854,12
26855,9
26857,8
26858,12
26860,5
26861,21
26864,18
26867,15
26868,11
26870,10
26871,10
26873,7
26874,10
26876,3
26877,18
26880,15
26883,17
26884,6
26886,8
26887,8
26889,13
26890,6
26892,2
26893,11
26896,10
26899,13
26900,4
26902,14
26903,9
26905,6
26906,10
26908,4
26909,14
26912,13
26915,13
26916,4
26918,9
26919,5
26921,9
26922,7
26924,5
26925,15
26928,12
26931,16
26932,1
26934,10
26935,4
26937,4
26938,8
26940,3
26941,10
26944,13
26947,9
26948,2
26950,12
26951,4
26953,3
26954,9
26956,2
26957,14
26960,20
26963,14
26964,3
26966,11
26967,5
26969,1
26970,10
26972,3
26973,11
26976,21
26979,14
26980,5
26982,8
26985,6
26986,8
26988,6
26989,14
26992,15
26995,9
26996,2
26998,9
26999,9
27001,7
27002,8
27004,4
27005,14
27008,14
27011,16
27012,5
27014,8
27015,3
27017,8
27018,4
27020,6
27021,15
27024,11
27027,13
27028,3
27030,10
27031,3
27033,12
27034,9
27036,4
27037,10
27040,11
27043,13
27044,4
27046,9
27047,4
27049,10
27050,10
27052,4
27053,6
27056,18
27059,12
27060,2
27062,7
27063,6
27065,11
27066,13
27068,5
27069,10
27072,15
27075,16
27076,8
27078,14
27079,4
27081,3
27082,6
27084,4
27085,8
27088,19
27091,8
27092,3
27094,4
27095,8
27097,10
27098,9
27100,1
27101,11
27104,16
27107,12
27108,1
27110,6
27111,7
27113,6
27114,16
27117,12
27120,14
27123,11
27124,4
27126,6
27127,6
27129,5
27130,8
27132,7
27133,10
27136,13
27139,9
27140,5
27142,12
27143,10
27145,6
27146,8
27148,2
27149,11
27152,18
27155,11
27156,5
27158,5
27159,9
27161,5
27162,8
27164,3
27165,18
27168,10
27171,16
27172,4
27174,7
27175,8
27177,5
27178,4
27180,1
27181,9
27184,21
27187,8
27188,3
27190,10
27191,10
27193,8
27194,6
27196,4
27197,8
27200,18
27203,8
27204,4
27206,16
27207,6
27209,5
27210,12
27212,1
27213,12
27216,16
27219,6
27220,2
27222,11
27223,4
27225,7
27226,7
27228,3
27229,13
27232,12
27235,17
27238,16
27239,4
27241,6
27242,9
27244,4
27245,11
27248,13
27251,8
27252,2
27254,10
27255,5
27257,5
27258,9
27260,7
27261,6
27264,23
27267,10
27270,8
27271,4
27273,4
27274,8
27276,3
27277,8
27280,17
27283,17
27284,1
27286,5
27287,1
27289,2
27290,7
27292,3
27293,13
27296,8
27299,15
27300,6
27302,11
27303,5
27305,5
27306,9
27308,3
27309,10
27312,16
27315,5
27316,2
27318,5
27319,7
27321,1
27322,7
27324,2
27325,8
27328,9
27331,6
27332,4
27334,8
27335,5
27337,2
27338,2
27340,3
27341,9
27344,12
27347,14
27348,2
27350,7
27351,4
27353,2
27354,2
27356,2
27357,11
27360,8
27363,12
27364,3
27366,9
27367,7
27369,2
27370,3
27372,1
27373,11
27376,16
27379,7
27380,1
27382,6
27383,5
27385,2
27386,8
27388,1
27389,5
27392,8
27395,9
27396,2
27398,7
27399,5
27401,2
27402,7
27404,3
27405,12
27408,12
27411,7
27412,4
27414,10
27415,3
27417,7
27418,8
27420,5
27421,7
27424,10
27427,7
27430,9
27431,4
27433,3
27434,6
27436,6
27437,7
27440,24
27443,11
27444,2
27446,10
27447,4
27449,6
27450,6
27452,2
27453,12
27456,7
27459,11
27460,2
27462,5
27463,4
27465,11
27466,4
27468,1
27469,12
27472,9
27475,11
27478,7
27479,5
27481,4
27482,3
27484,1
27485,11
27488,8
27491,12
27492,1
27494,6
27495,5
27497,9
27498,5
27500,1
27501,12
27504,12
27507,12
27508,3
27510,4
27511,4
27513,2
27514,5
27516,1
27517,7
27520,7
27523,6
27526,7
27527,4
27529,4
27530,9
27532,1
27533,7
27536,8
27539,7
27540,2
27542,5
27543,7
27545,3
27546,2
27549,4
27552,10
27555,8
27556,1
27558,2
27559,2
27561,4
27562,7
27564,2
27565,6
27568,10
27571,10
27574,5
27575,4
27577,1
27578,8
27580,1
27581,5
27584,9
27587,4
27588,1
27590,5
27591,4
27593,3
27594,11
27597,6
27600,12
27603,8
27604,1
27606,7
27607,6
27609,3
27610,2
27612,2
27613,8
27616,11
27619,7
27620,2
27622,4
27623,1
27625,1
27626,6
27628,4
27629,9
27632,12
27635,2
27636,5
27638,7
27639,4
27641,1
27642,7
27644,1
27645,6
27648,9
27651,3
27652,4
27654,4
27657,5
27658,6
27661,2
27664,6
27667,7
27668,2
27670,4
27671,6
27673,5
27674,4
27676,4
27677,4
27680,15
27683,6
27684,3
27686,6
27687,2
27689,4
27690,3
27692,1
27693,7
27696,6
27699,11
27700,2
27702,7
27703,5
27705,2
27706,6
27708,5
27709,5
27712,13
27715,6
27716,1
27718,4
27719,5
27721,6
27722,5
27724,1
27725,8
27728,9
27731,8
27732,1
27734,3
27735,3
27737,4
27738,5
27740,2
27741,8
27744,5
27747,5
27748,1
27750,6
27753,2
27754,6
27756,2
27757,4
27760,4
27763,3
27764,1
27766,4
27767,2
27769,3
27770,6
27772,1
27773,6
27776,2
27779,5
27780,2
27782,5
27783,3
27785,2
27786,4
27789,4
27792,3
27795,4
27796,3
27798,4
27799,2
27801,6
27802,3
27804,1
27805,8
27808,5
27811,4
27812,1
27814,4
27815,4
27817,1
27818,4
27820,1
27821,3
27824,12
27827,3
27828,1
27830,4
27831,4
27833,5
27836,4
27837,3
27840,7
27843,3
27846,2
27847,6
27849,2
27850,5
27852,1
27853,2
27856,2
27859,8
27862,4
27863,5
27865,3
27869,6
27872,6
27875,2
27876,1
27878,4
27879,3
27881,1
27882,4
27884,3
27885,5
27888,3
27891,3
27892,3
27894,1
27895,2
27897,4
27898,3
27900,1
27901,5
27904,5
27907,2
27908,2
27910,4
27911,2
27913,4
27914,1
27916,1
27917,5
27920,5
27923,6
27924,2
27926,6
27927,5
27929,5
27930,2
27933,5
27936,2
27939,5
27940,2
27942,3
27943,2
27945,2
27946,1
27948,1
27949,5
27952,2
27955,4
27956,3
27958,1
27959,3
27961,3
27962,1
27965,1
27968,3
27971,2
27972,1
27974,3
27978,4
27980,1
27981,2
27984,6
27987,4
27988,1
27990,4
27991,1
27994,2
27996,1
27997,1
28000,1
28003,4
28006,1
28007,1
28010,3
28012,2
28013,5
28016,7
28019,3
28020,4
28022,5
28023,1
28025,4
28026,2
28029,9
28032,4
28035,1
28038,2
28039,1
28041,1
28042,2
28045,1
28048,3
28051,6
28054,4
28055,3
28057,2
28058,1
28061,3
28064,5
28067,2
28070,1
28071,2
28074,3
28076,2
28077,3
28080,3
28083,1
28086,2
28089,3
28093,4
28096,9
28099,4
28100,1
28102,2
28103,1
28105,4
28106,2
28108,2
28109,7
28112,3
28118,6
28119,1
28121,3
28125,5
28128,5
28131,4
28132,1
28135,1
28137,2
28138,2
28141,5
28144,3
28147,1
28148,1
28150,5
28153,1
28154,2
28160,5
28163,4
28166,1
28167,1
28170,2
28173,1
28176,6
28179,2
28180,1
28183,3
28186,2
28188,1
28189,3
28192,3
28195,1
28196,1
28198,3
28199,1
28201,1
28204,1
28205,1
28208,3
28214,2
28215,1
28218,1
28221,2
28224,3
28227,3
28228,2
28230,3
28233,2
28234,2
28236,1
28237,2
28240,4
28243,8
28246,1
28247,1
28250,2
28252,2
28253,2
28256,3
28259,1
28262,1
28263,1
28266,3
28268,1
28269,3
28272,6
28276,1
28278,2
28282,2
28284,2
28285,1
28288,3
28291,2
28294,3
28295,5
28297,1
28298,3
28304,2
28308,1
28310,2
28311,2
28314,2
28320,3
28323,3
28329,1
28330,1
28332,2
28336,2
28346,2
28348,2
28349,5
28352,2
28355,1
28358,3
28361,1
28362,1
28365,2
28368,3
28371,1
28375,3
28378,2
28384,3
28387,2
28388,1
28390,1
28391,2
28393,2
28394,2
28397,1
28400,3
28403,2
28406,2
28407,1
28409,2
28412,1
28416,1
28419,1
28420,1
28422,3
28423,1
28426,1
28429,1
28432,1
28435,3
28436,1
28438,1
28442,2
28444,1
28445,2
28452,1
28460,1
28461,2
28470,1
28473,2
28476,1
28477,1
28480,3
28483,4
28484,1
28486,1
28487,4
28490,1
28492,1
28493,1
28496,1
28500,1
28502,2
28505,1
28506,1
28509,1
28515,1
28519,4
28522,1
28528,1
28531,1
28534,1
28537,1
28541,1
28544,1
28547,2
28548,1
28550,1
28553,4
28557,1
28560,5
28563,1
28564,1
28566,2
28567,2
28570,2
28572,1
28576,2
28579,1
28583,1
28585,2
28592,2
28595,1
28596,2
28598,1
28602,2
28604,2
28605,1
28608,1
28614,1
28618,1
28621,4
28627,4
28628,3
28631,1
28636,1
28637,1
28640,2
28643,1
28646,2
28649,2
28650,1
28653,1
28656,5
28662,1
28668,2
28672,1
28675,2
28678,2
28679,1
28685,2
28688,2
28691,1
28694,3
28695,1
28697,1
28698,1
28700,1
28701,1
28707,3
28708,1
28714,3
28720,1
28723,1
28726,1
28729,2
28736,2
28740,1
28742,1
28743,3
28749,1
28752,3
28755,1
28762,1
28765,1
28771,1
28774,2
28778,1
28787,3
28790,1
28793,2
28800,1
28806,2
28807,1
28810,1
28812,1
28813,2
28816,1
28819,1
28822,1
28829,2
28835,2
28838,1
28842,1
28848,2
28854,2
28855,2
28858,1
28864,1
28870,2
28871,1
28873,3
28874,2
28877,1
28880,1
28883,1
28893,2
28896,1
28899,2
28902,1
28903,1
28908,1
28909,1
28915,1
28916,1
28918,1
28937,1
28938,1
28941,1
28944,4
28947,1
28953,1
28954,2
28964,1
28970,1
28973,1
28979,3
28982,2
28983,1
28986,1
28989,1
29008,1
29012,1
29014,2
29015,2
29021,3
29024,2
29027,1
29034,1
29037,2
29040,2
29043,1
29046,1
29049,1
29050,3
29056,2
29066,2
29072,1
29075,1
29076,2
29082,2
29085,1
29091,1
29094,1
29098,1
29101,1
29104,1
29107,1
29110,2
29113,1
29116,1
29117,1
29120,2
29123,1
29127,2
29133,1
29139,1
29142,1
29149,1
29158,1
29159,1
29162,1
29164,1
29165,1
29168,3
29171,2
29174,2
29184,1
29197,1
29200,1
29203,2
29207,1
29209,1
29213,2
29216,2
29219,1
29222,1
29226,2
29229,3
29235,3
29238,2
29245,1
29248,2
29257,2
29261,1
29264,2
29273,1
29276,1
29277,1
29283,1
29289,1
29296,1
29299,3
29303,1
29306,1
29316,2
29319,1
29321,1
29322,1
29325,2
29328,1
29331,2
29338,1
29340,2
29341,1
29344,4
29347,1
29350,1
29353,1
29354,1
29363,1
29366,1
29367,2
29370,1
29373,1
29382,1
29386,1
29392,1
29395,1
29398,2
29401,1
29414,1
29421,2
29431,1
29434,2
29440,2
29449,2
29452,1
29453,1
29491,1
29504,2
29510,1
29511,1
29513,1
29520,2
29533,2
29536,2
29539,1
29542,2
29545,1
29552,1
29556,1
29558,2
29559,1
29568,1
29571,1
29587,1
29603,2
29613,1
29619,2
29629,1
29635,1
29638,2
29639,2
29642,1
29648,1
29654,1
29658,1
29661,1
29664,2
29667,1
29670,1
29674,1
29677,2
29693,1
29696,2
29702,1
29706,1
29709,1
29715,1
29716,1
29725,1
29731,1
29732,1
29747,1
29754,1
29792,1
29795,1
29808,3
29814,1
29815,1
29820,2
29821,1
29824,1
29827,1
29837,1
29843,1
29853,1
29863,1
29868,1
29872,1
29875,1
29876,1
29894,2
29895,1
29901,1
29914,1
29920,1
29924,1
29929,1
29939,1
29949,1
29952,1
29958,1
29961,1
29962,1
29964,1
29978,1
29984,1
29990,1
29994,1
30003,1
30010,2
30023,1
30026,1
30029,1
30038,1
30044,1
30045,2
30051,2
30054,1
30067,1
30077,1
30087,1
30090,1
30096,1
30102,1
30106,1
30112,1
30119,1
30121,1
30135,1
30183,1
30185,1
30195,2
30205,1
30208,1
30218,1
30220,1
30224,1
30233,1
30237,2
30247,2
30253,2
30265,1
30275,1
30285,1
30291,1
30294,1
30298,1
30307,1
30310,1
30313,1
30324,1
30326,2
30330,1
30332,1
30342,1
30349,1
30356,1
30362,1
30371,1
30381,1
30384,1
30393,1
30425,1
30426,1
30435,1
30441,1
30451,1
30454,1
30455,2
30486,1
30496,1
30506,1
30528,1
30535,1
30541,1
30544,1
30553,1
30556,1
30564,1
30569,1
30570,1
30589,1
30592,1
30595,1
30598,1
30601,1
30608,1
30621,2
30643,1
30688,1
30695,1
30698,1
30700,2
30707,1
30733,1
30752,1
30758,1
30762,1
30777,1
30791,1
30803,1
30807,2
30819,1
30825,1
30851,1
30868,1
30893,1
30906,1
30921,1
30922,1
30925,1
30928,1
30931,1
30944,1
30947,1
30951,1
30973,1
30976,2
31004,1
31011,1
31034,1
31059,1
31113,1
31120,1
31124,1
31133,1
31174,1
31203,1
31223,1
31232,1
31260,1
31264,1
31290,1
31293,1
31344,1
31354,1
31360,1
31364,1
31395,1
31408,1
31452,1
31453,1
31481,1
31485,1
31491,1
31523,1
31532,1
31549,1
31565,1
31607,1
31613,1
31645,1
31652,1
31657,1
31673,1
31699,1
31712,1
31756,1
31808,1
31824,1
31834,1
31875,1
31930,1
31952,1
31962,1
32016,1
32032,1
32038,1
32048,1
32070,1
32076,1
32093,1
32096,1
32131,2
32189,1
32231,1
32288,1
32343,1
32364,2
32377,1
32400,1
32502,1
32679,1
32746,1
32755,1
32877,1
32925,1
33014,1
33117,1
33149,1
33168,1
33229,1
33524,1
33664,1
34016,1
34252,1
34342,1
34624,1
35148,1
36260,1
36643,1
36663,1
38458,1
39056,1
40352,1
41980,1
43370,1
43398,1
44163,1
44493,1
47910,1
48345,1
49910,1
50566,1
51050,1
53475,1
54240,1
54285,1
55622,1
57495,1
58617,1
59628,1
60752,1
61831,1
63011,1
63312,1
65587,1
65824,1
66758,1
68058,1
68269,1
68461,1
69062,1
69491,1
69719,1
69760,1
70020,1
70224,1
70461,1
71244,1
71785,1
71795,1
72112,1
73418,1
73431,1
73533,1
73658,1
73676,1
74358,1
74492,1
74563,1
74701,1
74982,1
75104,1
75226,1
75652,1
75943,1
76083,1
76192,1
76259,1
76291,1
76292,1
76359,1
76422,1
76457,1
76487,1
76521,1
76563,1
76653,1
76662,1
76714,1
76717,1
76749,1
76838,1
76880,1
76899,1
76915,1
76957,1
77075,1
77212,1
77226,1
77376,1
77424,1
77577,1
77677,1
77683,1
77754,1
77769,1
77879,1
77993,1
78074,1
78186,1
78230,1
78301,1
78317,1
78534,1
78551,1
78672,1
78804,1
78806,1
78823,1
78922,1
79494,1
79600,1
79632,1
79859,1
79978,1
81446,1
81932,1
82672,1
82921,1
83245,1
109085,1
113273,1
