# Samples: 90676, Average: 19198.8 ns, StdDev: 1385.0 ns, Quartiles: 18275.0/19075.0/19943.0 ns
7235,1
7325,1
7344,1
7420,1
7424,1
7427,1
7469,1
7479,1
7581,1
7620,1
7664,1
7715,1
7888,1
8787,1
13104,1
13891,1
14205,1
14407,1
14537,1
14595,1
14614,1
14659,1
14710,1
14752,1
14787,2
14790,1
14806,1
14819,1
14857,1
14870,1
14889,1
14953,1
14970,1
14992,1
15011,1
15043,1
15091,1
15101,1
15117,1
15133,1
15168,1
15184,1
15200,1
15203,2
15222,1
15228,1
15236,1
15242,1
15273,1
15283,1
15363,1
15369,1
15373,1
15379,1
15386,1
15411,1
15414,1
15434,1
15440,2
15463,1
15520,1
15539,1
15555,1
15575,1
15587,1
15600,1
15610,1
15613,1
15632,1
15638,1
15642,1
15648,1
15652,1
15664,1
15670,1
15712,2
15715,1
15716,1
15740,1
15741,1
15747,1
15764,1
15773,1
15779,1
15780,1
15792,1
15795,1
15802,2
15808,1
15830,1
15831,1
15843,1
15850,1
15856,1
15862,1
15888,1
15901,1
15904,1
15907,1
15926,1
15927,1
15930,1
15933,1
15936,2
15945,1
15948,1
15952,1
15955,2
15958,2
15959,2
15971,2
15977,1
15980,1
15981,1
15984,1
15990,1
16006,1
16010,2
16016,1
16020,1
16023,1
16029,1
16035,1
16036,2
16041,1
16042,1
16048,2
16054,1
16058,1
16061,1
16074,1
16086,1
16087,1
16090,1
16096,1
16099,1
16109,1
16112,1
16115,1
16116,3
16118,1
16131,2
16137,1
16138,1
16140,1
16141,1
16150,2
16151,1
16163,1
16166,1
16167,1
16176,4
16179,1
16182,2
16189,2
16195,2
16199,1
16201,1
16204,1
16205,2
16208,3
16211,2
16215,2
16221,4
16227,1
16228,1
16233,3
16234,2
16237,2
16240,4
16247,5
16250,2
16252,1
16253,3
16256,1
16259,3
16260,1
16263,1
16272,4
16276,1
16278,1
16279,1
16282,1
16284,1
16285,1
16291,2
16292,1
16294,2
16295,1
16298,2
16301,1
16304,3
16307,2
16310,1
16317,2
16323,3
16330,4
16333,1
16336,3
16339,1
16340,1
16342,2
16348,1
16349,2
16352,1
16355,4
16356,4
16358,1
16359,1
16362,2
16365,1
16368,4
16371,2
16372,1
16374,2
16377,1
16380,2
16381,2
16384,1
16387,2
16388,1
16391,1
16394,1
16396,1
16397,3
16400,3
16403,3
16406,2
16407,2
16410,1
16413,2
16416,1
16419,3
16422,4
16425,4
16426,3
16432,5
16435,1
16436,1
16438,3
16439,1
16441,2
16445,3
16448,2
16451,2
16452,3
16454,2
16455,1
16457,1
16458,2
16461,4
16464,1
16467,1
16470,5
16471,2
16474,2
16476,1
16477,8
16480,5
16483,6
16486,2
16487,4
16489,1
16490,4
16492,1
16493,1
16496,10
16499,2
16502,1
16505,3
16508,1
16509,4
16512,4
16515,3
16516,2
16518,1
16519,1
16521,5
16522,1
16525,2
16528,9
16531,2
16534,4
16537,2
16540,3
16541,4
16544,1
16547,7
16548,2
16550,4
16551,3
16553,1
16554,3
16557,2
16560,9
16563,1
16564,2
16566,5
16567,7
16569,2
16570,1
16572,1
16573,6
16576,2
16579,4
16580,1
16582,3
16583,1
16585,2
16586,4
16588,1
16589,2
16592,5
16595,1
16599,1
16602,2
16604,1
16605,4
16608,4
16611,3
16614,1
16615,1
16617,5
16618,7
16620,1
16621,2
16624,14
16627,2
16630,5
16631,5
16633,1
16636,3
16637,6
16640,4
16643,8
16646,2
16649,4
16650,4
16653,2
16656,9
16659,3
16662,6
16663,2
16665,2
16666,1
16669,5
16672,5
16675,2
16678,2
16679,2
16681,4
16682,6
16688,11
16692,1
16694,7
16695,3
16698,3
16700,3
16701,5
16704,4
16707,3
16708,1
16710,1
16711,2
16713,3
16714,6
16717,5
16720,13
16723,3
16726,7
16727,2
16729,3
16730,3
16732,2
16733,4
16736,8
16739,6
16740,2
16743,1
16745,2
16746,4
16752,7
16755,3
16756,1
16758,8
16759,2
16762,3
16765,1
16768,6
16771,14
16774,1
16777,5
16778,7
16780,1
16781,4
16784,9
16787,2
16788,1
16790,2
16791,5
16794,2
16796,3
16797,5
16800,4
16803,6
16804,5
16806,3
16807,2
16809,3
16810,5
16813,9
16816,12
16819,3
16820,2
16822,5
16823,8
16825,4
16826,3
16828,1
16829,13
16832,3
16835,9
16836,2
16838,2
16839,4
16841,6
16842,8
16844,3
16845,6
16848,17
16851,6
16854,4
16855,2
16857,1
16858,4
16860,2
16861,8
16864,7
16867,7
16868,1
16870,2
16871,4
16873,8
16874,5
16877,4
16880,7
16883,7
16884,2
16886,15
16887,4
16889,3
16890,2
16892,2
16893,10
16896,5
16899,5
16900,3
16902,2
16903,3
16905,4
16906,7
16908,2
16909,1
16912,13
16915,3
16918,2
16919,5
16922,5
16924,3
16925,10
16928,4
16931,15
16932,3
16934,6
16935,1
16937,7
16938,9
16940,3
16941,4
16944,15
16947,8
16950,7
16951,7
16953,2
16954,3
16956,2
16957,9
16960,6
16963,16
16964,5
16966,3
16967,4
16969,1
16970,6
16972,2
16973,10
16976,19
16979,6
16980,2
16982,6
16983,2
16985,1
16986,4
16988,2
16989,12
16992,5
16995,15
16996,5
16998,2
16999,2
17001,7
17002,9
17004,1
17005,4
17008,22
17011,1
17014,12
17015,7
17017,5
17018,7
17020,8
17021,14
17024,7
17027,11
17028,5
17030,4
17031,1
17033,9
17034,6
17036,1
17037,2
17040,24
17043,4
17044,1
17046,8
17047,8
17049,4
17050,5
17052,3
17053,18
17056,10
17059,9
17060,3
17062,8
17063,3
17065,9
17066,12
17068,5
17069,7
17072,22
17075,6
17076,2
17078,14
17079,9
17081,4
17082,5
17084,5
17085,17
17088,3
17091,15
17092,3
17094,3
17095,2
17097,8
17098,10
17100,3
17101,5
17104,16
17107,2
17110,14
17111,8
17113,2
17114,7
17116,1
17117,23
17120,13
17123,23
17124,3
17126,7
17127,2
17129,8
17130,16
17132,1
17133,5
17136,22
17139,11
17140,5
17142,14
17143,8
17145,5
17146,4
17148,2
17149,17
17152,12
17155,10
17156,5
17158,6
17159,2
17161,11
17162,21
17164,2
17165,11
17168,27
17171,12
17172,4
17174,19
17175,9
17177,2
17178,11
17180,4
17181,17
17184,14
17187,26
17188,5
17190,9
17191,4
17193,9
17194,20
17196,2
17197,13
17200,34
17203,11
17204,1
17206,12
17207,7
17209,3
17210,9
17212,4
17213,25
17216,6
17219,21
17220,7
17222,5
17225,15
17226,12
17228,2
17229,4
17232,23
17235,7
17238,11
17239,13
17241,2
17242,5
17244,4
17245,27
17248,13
17251,20
17252,8
17254,8
17255,5
17257,16
17258,22
17260,3
17261,13
17264,31
17267,12
17268,2
17270,18
17271,9
17273,3
17274,6
17276,7
17277,31
17280,15
17283,24
17284,5
17286,5
17287,2
17289,9
17290,19
17292,2
17293,16
17296,34
17299,11
17300,4
17302,19
17303,13
17305,5
17306,3
17308,9
17309,24
17312,21
17315,38
17316,6
17318,10
17319,5
17321,14
17322,22
17324,4
17325,14
17328,46
17331,10
17332,2
17334,16
17335,15
17337,11
17338,7
17340,8
17341,31
17344,15
17347,32
17348,4
17350,10
17351,11
17353,20
17354,29
17356,4
17357,16
17360,42
17363,13
17364,4
17366,31
17367,13
17369,3
17370,14
17372,10
17373,39
17376,13
17379,30
17380,4
17382,12
17383,5
17385,22
17386,33
17388,4
17389,13
17392,50
17395,12
17396,3
17398,32
17399,11
17401,8
17402,13
17404,7
17405,32
17408,23
17411,47
17412,15
17414,13
17415,8
17417,20
17418,23
17420,5
17421,21
17424,44
17427,23
17428,5
17430,31
17431,17
17433,6
17434,20
17436,14
17437,43
17440,21
17443,39
17444,8
17446,13
17447,8
17449,25
17450,28
17452,4
17453,14
17456,45
17459,22
17460,5
17462,28
17463,26
17465,8
17466,15
17468,5
17469,37
17472,25
17475,42
17476,6
17478,20
17479,8
17481,24
17482,28
17484,8
17485,22
17488,52
17491,20
17492,5
17494,37
17495,29
17497,12
17498,22
17500,12
17501,45
17504,25
17507,37
17508,7
17510,13
17511,8
17513,18
17514,40
17516,5
17517,27
17520,71
17523,28
17524,4
17526,31
17527,24
17529,10
17530,16
17532,13
17533,40
17536,35
17539,50
17540,17
17542,8
17543,9
17545,29
17546,40
17548,7
17549,21
17552,80
17555,31
17556,4
17558,54
17559,25
17561,8
17562,23
17564,15
17565,48
17568,27
17571,50
17572,13
17574,14
17575,17
17577,20
17578,37
17580,2
17581,22
17584,84
17587,26
17588,5
17590,42
17591,28
17593,12
17594,25
17596,23
17597,43
17600,41
17603,57
17604,16
17606,21
17607,21
17609,26
17610,39
17612,9
17613,28
17616,63
17619,22
17620,6
17622,31
17623,27
17625,20
17626,30
17628,13
17629,54
17632,31
17635,70
17636,17
17638,10
17639,10
17641,26
17642,42
17644,4
17645,28
17648,82
17651,40
17652,6
17654,49
17655,34
17657,11
17658,26
17660,23
17661,69
17664,37
17667,61
17668,22
17670,25
17671,8
17673,29
17674,54
17676,7
17677,30
17680,79
17683,20
17684,5
17686,54
17687,30
17689,12
17690,18
17692,14
17693,69
17696,38
17699,80
17700,18
17702,16
17703,15
17705,39
17706,42
17708,10
17709,32
17712,87
17715,36
17716,4
17718,66
17719,26
17721,13
17722,27
17724,20
17725,64
17728,50
17731,69
17732,16
17734,23
17735,11
17737,36
17738,50
17740,8
17741,26
17744,98
17747,25
17748,11
17750,62
17751,37
17753,13
17754,21
17756,18
17757,84
17760,41
17763,68
17764,7
17766,23
17767,14
17769,40
17770,66
17772,2
17773,33
17776,94
17779,36
17780,11
17782,53
17783,37
17785,16
17786,22
17788,16
17789,86
17792,38
17795,73
17796,22
17798,32
17799,13
17801,48
17802,62
17804,11
17805,25
17808,87
17811,26
17812,5
17814,58
17815,42
17817,12
17818,27
17820,24
17821,73
17824,39
17827,93
17828,25
17830,30
17831,23
17833,39
17834,62
17836,12
17837,34
17840,114
17843,27
17844,8
17846,62
17847,42
17849,15
17850,26
17852,23
17853,72
17856,47
17859,85
17860,17
17862,29
17863,23
17865,46
17866,68
17868,11
17869,37
17872,108
17875,47
17876,14
17878,53
17879,45
17881,17
17882,24
17884,27
17885,89
17888,43
17891,83
17892,25
17894,22
17895,9
17897,38
17898,49
17900,6
17901,43
17904,108
17907,36
17908,14
17910,60
17911,45
17913,18
17914,22
17916,22
17917,82
17920,44
17923,54
17924,20
17926,25
17927,26
17929,56
17930,61
17932,10
17933,32
17936,108
17939,37
17940,16
17942,58
17943,52
17945,19
17946,32
17948,21
17949,97
17952,41
17955,103
17956,22
17958,34
17959,14
17961,45
17962,71
17964,11
17965,29
17968,103
17971,42
17972,11
17974,66
17975,36
17977,19
17978,23
17980,25
17981,104
17984,55
17987,104
17988,28
17990,22
17991,17
17993,36
17994,88
17996,11
17997,40
18000,127
18003,39
18004,5
18006,61
18007,55
18009,30
18010,24
18012,28
18013,98
18016,54
18019,97
18020,25
18022,28
18023,18
18025,48
18026,69
18028,9
18029,36
18032,102
18035,46
18036,10
18038,65
18039,44
18041,16
18042,35
18044,22
18045,63
18048,44
18051,82
18052,16
18054,23
18055,23
18057,48
18058,72
18060,5
18061,48
18064,122
18067,37
18068,8
18070,72
18071,57
18073,15
18074,14
18076,14
18077,85
18080,49
18083,98
18084,30
18086,31
18087,20
18089,45
18090,72
18092,8
18093,38
18096,126
18099,44
18100,8
18102,71
18103,41
18105,26
18106,25
18108,22
18109,94
18112,57
18115,95
18116,31
18118,47
18119,31
18121,53
18122,75
18124,11
18125,41
18128,129
18131,37
18132,14
18134,75
18135,48
18137,21
18138,39
18140,20
18141,98
18144,57
18147,111
18148,26
18150,38
18151,19
18153,45
18154,79
18156,15
18157,40
18160,139
18163,34
18164,13
18166,89
18167,42
18169,24
18170,43
18172,27
18173,98
18176,54
18179,100
18180,19
18182,37
18183,19
18185,56
18186,82
18188,10
18189,30
18192,125
18195,41
18196,7
18198,80
18199,36
18201,35
18202,41
18204,25
18205,90
18208,55
18211,118
18212,21
18214,21
18215,16
18217,49
18218,64
18220,7
18221,38
18224,127
18227,40
18228,6
18230,77
18231,54
18233,27
18234,29
18236,26
18237,101
18240,51
18243,98
18244,25
18246,24
18247,17
18249,51
18250,76
18252,13
18253,57
18256,136
18259,29
18260,10
18262,75
18263,41
18265,31
18266,33
18268,27
18269,107
18272,43
18275,98
18276,27
18278,33
18279,20
18281,62
18282,84
18284,8
18285,45
18288,119
18291,53
18292,17
18294,76
18295,55
18297,22
18298,28
18300,22
18301,97
18304,54
18307,101
18308,30
18310,33
18311,21
18313,56
18314,79
18316,9
18317,46
18320,118
18323,31
18324,20
18326,71
18327,49
18329,28
18330,40
18332,38
18333,105
18336,57
18339,129
18340,26
18342,41
18343,16
18345,56
18346,81
18348,14
18349,49
18352,124
18355,51
18356,10
18358,94
18359,44
18361,28
18362,35
18364,19
18365,120
18368,53
18371,99
18372,26
18374,44
18375,24
18377,49
18378,90
18380,15
18381,49
18384,127
18387,45
18388,7
18390,78
18391,43
18393,21
18394,32
18396,23
18397,116
18400,65
18403,100
18404,28
18406,41
18407,25
18409,53
18410,87
18412,10
18413,32
18416,139
18419,52
18420,17
18422,86
18423,58
18425,26
18426,37
18428,28
18429,90
18432,54
18435,121
18436,24
18438,31
18439,31
18441,54
18442,75
18444,7
18445,56
18448,158
18451,49
18452,10
18454,91
18455,51
18457,21
18458,26
18460,30
18461,99
18464,55
18467,113
18468,30
18470,34
18471,16
18473,68
18474,85
18476,13
18477,37
18480,148
18483,55
18484,8
18486,76
18487,46
18489,22
18490,43
18492,21
18493,98
18496,60
18499,111
18500,26
18502,40
18503,27
18505,46
18506,82
18508,8
18509,48
18512,138
18515,38
18516,8
18518,73
18519,57
18521,22
18522,40
18524,17
18525,100
18528,57
18531,96
18532,19
18534,36
18535,17
18537,59
18538,62
18540,12
18541,49
18544,119
18547,31
18548,12
18550,98
18551,64
18553,27
18554,37
18556,28
18557,111
18560,62
18563,110
18564,33
18566,35
18567,18
18569,57
18570,70
18572,7
18573,38
18576,123
18579,48
18580,11
18582,84
18583,52
18585,22
18586,35
18588,17
18589,86
18592,59
18595,98
18596,27
18598,34
18599,16
18601,57
18602,81
18604,6
18605,41
18608,132
18611,61
18612,11
18614,70
18615,49
18617,8
18618,33
18620,33
18621,89
18624,51
18627,96
18628,19
18630,23
18631,18
18633,51
18634,92
18636,9
18637,37
18640,143
18643,47
18644,12
18646,80
18647,53
18649,22
18650,27
18652,22
18653,99
18656,58
18659,127
18660,27
18662,26
18663,25
18665,62
18666,57
18668,8
18669,41
18672,119
18675,42
18676,9
18678,72
18679,46
18681,13
18682,26
18684,30
18685,111
18688,49
18691,101
18692,22
18694,27
18695,19
18697,43
18698,74
18700,12
18701,31
18704,118
18707,36
18708,13
18710,71
18711,54
18713,18
18714,28
18716,27
18717,101
18720,54
18723,97
18724,21
18726,33
18727,22
18729,49
18730,72
18732,10
18733,41
18736,133
18739,59
18740,13
18742,79
18743,55
18745,26
18746,28
18748,17
18749,101
18752,46
18755,98
18756,23
18758,29
18759,19
18761,35
18762,61
18764,3
18765,47
18768,132
18771,35
18772,8
18774,66
18775,52
18777,26
18778,26
18780,25
18781,104
18784,81
18787,97
18788,19
18790,39
18791,18
18793,62
18794,89
18796,7
18797,38
18800,114
18803,30
18804,12
18806,75
18807,34
18809,23
18810,41
18812,27
18813,103
18816,42
18819,82
18820,29
18822,25
18823,21
18825,48
18826,64
18828,7
18829,42
18832,117
18835,35
18836,7
18838,72
18839,50
18841,31
18842,26
18844,24
18845,90
18848,50
18851,93
18852,19
18854,27
18855,19
18857,48
18858,71
18860,7
18861,34
18864,105
18867,44
18868,11
18870,76
18871,53
18873,25
18874,35
18876,20
18877,102
18880,50
18883,92
18884,26
18886,34
18887,18
18889,56
18890,77
18892,12
18893,48
18896,105
18899,39
18900,11
18902,74
18903,47
18905,23
18906,19
18908,23
18909,101
18912,54
18915,85
18916,32
18918,33
18919,30
18921,51
18922,71
18924,8
18925,50
18928,133
18931,39
18932,11
18934,77
18935,46
18937,20
18938,26
18940,30
18941,95
18944,63
18947,87
18948,13
18950,27
18951,21
18953,40
18954,61
18956,7
18957,44
18960,122
18963,50
18964,11
18966,74
18967,40
18969,26
18970,37
18972,29
18973,86
18976,39
18979,92
18980,28
18982,35
18983,17
18985,46
18986,63
18988,10
18989,48
18992,141
18995,46
18996,13
18998,73
18999,43
19001,29
19002,28
19004,28
19005,99
19008,44
19011,113
19012,25
19014,30
19015,24
19017,48
19018,65
19020,10
19021,45
19024,116
19027,51
19028,18
19030,88
19031,59
19033,21
19034,34
19036,32
19037,107
19040,57
19043,93
19044,25
19046,37
19047,25
19049,54
19050,78
19052,9
19053,44
19056,132
19059,46
19060,14
19062,70
19063,61
19065,21
19066,21
19068,21
19069,99
19072,45
19075,104
19076,19
19078,34
19079,15
19081,48
19082,79
19084,7
19085,40
19088,104
19091,44
19092,10
19094,62
19095,51
19097,23
19098,34
19100,28
19101,93
19104,56
19107,116
19108,26
19110,33
19111,18
19113,45
19114,56
19116,13
19117,45
19120,117
19123,36
19124,14
19126,80
19127,51
19129,19
19130,31
19132,19
19133,99
19136,66
19139,101
19140,30
19142,43
19143,19
19145,57
19146,100
19148,12
19149,47
19152,161
19155,38
19156,13
19158,71
19159,42
19161,20
19162,25
19164,28
19165,102
19168,51
19171,111
19172,17
19174,33
19175,22
19177,47
19178,68
19180,8
19181,34
19184,132
19187,38
19188,10
19190,74
19191,43
19193,18
19194,36
19196,19
19197,77
19200,36
19203,88
19204,30
19206,30
19207,24
19209,45
19210,81
19212,8
19213,51
19216,122
19219,36
19220,16
19222,76
19223,38
19225,24
19226,30
19228,12
19229,91
19232,48
19235,119
19236,34
19238,24
19239,20
19241,31
19242,73
19244,13
19245,28
19248,119
19251,31
19252,5
19254,66
19255,36
19257,24
19258,18
19260,19
19261,93
19264,47
19267,105
19268,32
19270,30
19271,22
19273,56
19274,59
19276,11
19277,46
19280,119
19283,36
19284,13
19286,76
19287,54
19289,20
19290,36
19292,21
19293,98
19296,59
19299,98
19300,19
19302,31
19303,25
19305,56
19306,74
19308,9
19309,49
19312,124
19315,44
19316,13
19318,59
19319,58
19321,20
19322,34
19324,23
19325,79
19328,47
19331,78
19332,35
19334,42
19335,19
19337,50
19338,66
19340,8
19341,43
19344,118
19347,42
19348,11
19350,82
19351,60
19353,20
19354,34
19356,30
19357,74
19360,68
19363,86
19364,17
19366,29
19367,21
19369,40
19370,61
19372,14
19373,44
19376,124
19379,38
19380,11
19382,61
19383,52
19385,16
19386,30
19388,22
19389,103
19392,52
19395,78
19396,21
19398,26
19399,16
19401,44
19402,60
19404,9
19405,35
19408,104
19411,32
19412,12
19414,57
19415,49
19417,18
19418,28
19420,28
19421,106
19424,55
19427,100
19428,23
19430,39
19431,24
19433,45
19434,59
19436,9
19437,36
19440,134
19443,32
19444,7
19446,72
19447,53
19449,17
19450,35
19452,24
19453,91
19456,51
19459,91
19460,16
19462,36
19463,16
19465,36
19466,63
19468,16
19469,42
19472,107
19475,44
19476,11
19478,74
19479,54
19481,28
19482,27
19484,14
19485,96
19488,60
19491,98
19492,17
19494,31
19495,16
19497,44
19498,74
19500,15
19501,43
19504,103
19507,40
19508,14
19510,58
19511,46
19513,13
19514,25
19516,19
19517,84
19520,50
19523,95
19524,18
19526,38
19527,24
19529,47
19530,68
19532,7
19533,51
19536,113
19539,46
19540,9
19542,70
19543,45
19545,17
19546,31
19548,10
19549,81
19552,50
19555,72
19556,23
19558,29
19559,12
19561,51
19562,70
19564,9
19565,42
19568,116
19571,50
19572,6
19574,75
19575,53
19577,18
19578,33
19580,21
19581,91
19584,50
19587,93
19588,32
19590,30
19591,22
19593,61
19594,71
19596,14
19597,48
19600,111
19603,37
19604,5
19606,67
19607,35
19609,20
19610,32
19612,25
19613,84
19616,59
19619,99
19620,27
19622,35
19623,27
19625,61
19626,77
19628,9
19629,44
19632,120
19635,43
19636,10
19638,58
19639,38
19641,19
19642,32
19644,17
19645,98
19648,57
19651,90
19652,21
19654,36
19655,21
19657,62
19658,63
19660,7
19661,39
19664,113
19667,45
19668,12
19670,77
19671,45
19673,21
19674,32
19676,20
19677,78
19680,39
19683,94
19684,17
19686,44
19687,20
19689,49
19690,68
19692,6
19693,35
19696,113
19699,43
19700,12
19702,63
19703,47
19705,23
19706,24
19708,22
19709,82
19712,40
19715,68
19716,17
19718,32
19719,17
19721,48
19722,54
19724,13
19725,47
19728,121
19731,35
19732,12
19734,69
19735,35
19737,25
19738,35
19740,20
19741,95
19744,46
19747,102
19748,30
19750,22
19751,18
19753,53
19754,52
19756,9
19757,46
19760,120
19763,43
19764,15
19766,69
19767,43
19769,21
19770,27
19772,25
19773,107
19776,46
19779,80
19780,19
19782,34
19783,17
19785,57
19786,51
19788,13
19789,46
19792,110
19795,36
19796,10
19798,63
19799,51
19801,24
19802,37
19804,24
19805,77
19808,57
19811,90
19812,14
19814,27
19815,19
19817,41
19818,73
19820,11
19821,44
19824,117
19827,34
19828,10
19830,71
19831,53
19833,24
19834,18
19836,22
19837,82
19840,57
19843,107
19844,16
19846,35
19847,22
19849,51
19850,72
19852,14
19853,47
19856,107
19859,35
19860,8
19862,73
19863,47
19865,25
19866,37
19868,21
19869,90
19872,40
19875,99
19876,28
19878,30
19879,20
19881,37
19882,94
19884,12
19885,50
19888,125
19891,42
19892,5
19894,77
19895,55
19897,24
19898,28
19900,19
19901,103
19904,42
19907,81
19908,23
19910,25
19911,15
19913,52
19914,50
19916,7
19917,42
19920,133
19923,39
19924,16
19926,69
19927,36
19929,21
19930,38
19932,20
19933,76
19936,47
19939,81
19940,15
19942,34
19943,15
19945,50
19946,64
19948,5
19949,37
19952,110
19955,55
19956,4
19958,64
19959,46
19961,25
19962,33
19964,11
19965,88
19968,46
19971,94
19972,28
19974,23
19975,17
19977,35
19978,67
19980,12
19981,39
19984,108
19987,46
19988,8
19990,52
19991,34
19993,13
19994,39
19996,23
19997,90
20000,42
20003,76
20004,16
20006,21
20007,24
20009,37
20010,65
20012,10
20013,31
20016,94
20019,36
20020,11
20022,71
20023,53
20025,16
20026,19
20028,13
20029,72
20032,58
20035,89
20036,24
20038,25
20039,18
20041,46
20042,65
20044,6
20045,37
20048,103
20051,41
20052,10
20054,62
20055,35
20057,22
20058,24
20060,17
20061,82
20064,50
20067,81
20068,25
20070,21
20071,12
20073,50
20074,55
20076,19
20077,30
20080,104
20083,47
20084,9
20086,58
20087,53
20089,25
20090,19
20092,23
20093,76
20096,47
20099,75
20100,16
20102,29
20103,15
20105,36
20106,59
20108,7
20109,21
20112,106
20115,40
20116,11
20118,65
20119,33
20121,11
20122,18
20124,27
20125,65
20128,37
20131,89
20132,16
20134,23
20135,14
20137,30
20138,62
20140,6
20141,32
20144,102
20147,40
20148,5
20150,57
20151,41
20153,11
20154,22
20156,14
20157,78
20160,41
20163,65
20164,21
20166,16
20167,16
20169,35
20170,54
20172,12
20173,42
20176,97
20179,33
20180,10
20182,52
20183,33
20185,17
20186,32
20188,21
20189,76
20192,41
20195,67
20196,14
20198,25
20199,12
20201,34
20202,59
20204,6
20205,29
20208,83
20211,37
20212,7
20214,57
20215,39
20217,19
20218,29
20220,21
20221,83
20224,41
20227,95
20228,27
20230,30
20231,9
20233,35
20234,55
20236,6
20237,42
20240,83
20243,45
20244,12
20246,51
20247,40
20249,16
20250,31
20252,19
20253,78
20256,32
20259,61
20260,24
20262,26
20263,15
20265,27
20266,45
20268,3
20269,39
20272,87
20275,34
20276,4
20278,48
20279,42
20281,17
20282,26
20284,20
20285,61
20288,35
20291,69
20292,24
20294,18
20295,18
20297,24
20298,48
20300,13
20301,32
20304,79
20307,35
20308,12
20310,53
20311,32
20313,14
20314,19
20316,14
20317,59
20320,35
20323,53
20324,11
20326,23
20327,16
20329,26
20330,54
20332,7
20333,38
20336,91
20339,33
20340,3
20342,44
20343,35
20345,12
20346,32
20348,25
20349,80
20352,35
20355,70
20356,14
20358,27
20359,12
20361,33
20362,60
20364,6
20365,40
20368,106
20371,31
20372,9
20374,53
20375,38
20377,9
20378,34
20380,14
20381,61
20384,25
20387,62
20388,13
20390,21
20391,10
20393,38
20394,46
20396,6
20397,25
20400,60
20403,30
20404,10
20406,51
20407,33
20409,11
20410,27
20412,13
20413,56
20416,29
20419,59
20420,20
20422,21
20423,12
20425,40
20426,45
20428,3
20429,29
20432,65
20435,22
20436,11
20438,63
20439,40
20441,14
20442,16
20444,13
20445,63
20448,23
20451,75
20452,14
20454,27
20455,14
20457,34
20458,28
20460,11
20461,37
20464,90
20467,23
20468,9
20470,38
20471,34
20473,14
20474,14
20476,16
20477,53
20480,34
20483,67
20484,19
20486,15
20487,10
20489,23
20490,47
20492,6
20493,24
20496,71
20499,19
20500,8
20502,51
20503,31
20505,13
20506,20
20508,10
20509,52
20512,35
20515,62
20516,11
20518,24
20519,15
20521,26
20522,34
20524,8
20525,21
20528,68
20531,24
20532,9
20534,47
20535,31
20537,15
20538,23
20540,19
20541,49
20544,32
20547,51
20548,15
20550,19
20551,9
20553,28
20554,32
20556,4
20557,21
20560,88
20563,26
20564,5
20566,39
20567,25
20569,11
20570,16
20572,8
20573,53
20576,33
20579,49
20580,10
20582,19
20583,15
20585,23
20586,47
20588,6
20589,23
20592,60
20595,20
20596,4
20598,40
20599,32
20601,10
20602,14
20604,13
20605,57
20608,23
20611,57
20612,10
20614,9
20615,14
20617,24
20618,32
20620,6
20621,17
20624,50
20627,20
20628,10
20630,35
20631,20
20633,5
20634,15
20636,10
20637,58
20640,24
20643,35
20644,14
20646,18
20647,11
20649,23
20650,40
20652,3
20653,19
20656,75
20659,21
20660,7
20662,27
20663,26
20665,5
20666,21
20668,20
20669,51
20672,26
20675,52
20676,10
20678,13
20679,17
20681,20
20682,30
20684,6
20685,17
20688,56
20691,18
20692,11
20694,35
20695,21
20697,8
20698,10
20700,8
20701,29
20704,18
20707,45
20708,17
20710,13
20711,9
20713,28
20714,30
20716,4
20717,12
20720,48
20723,22
20724,3
20726,33
20727,19
20729,18
20730,14
20732,7
20733,48
20736,20
20739,43
20740,13
20742,11
20743,11
20745,22
20746,27
20748,2
20749,25
20752,46
20755,17
20756,3
20758,25
20759,19
20761,9
20762,7
20764,8
20765,25
20768,26
20771,34
20772,8
20774,11
20775,9
20777,24
20778,28
20780,7
20781,22
20784,47
20787,21
20788,5
20790,36
20791,14
20793,8
20794,9
20796,11
20797,37
20800,19
20803,33
20804,6
20806,7
20807,6
20809,17
20810,22
20812,4
20813,19
20816,36
20819,24
20820,4
20822,28
20823,16
20825,4
20826,13
20828,11
20829,45
20832,20
20835,36
20836,14
20838,3
20839,6
20841,10
20842,21
20844,4
20845,10
20848,40
20851,12
20852,4
20854,17
20855,15
20857,6
20858,8
20860,1
20861,24
20864,12
20867,25
20868,10
20870,7
20871,7
20873,12
20874,16
20876,3
20877,15
20880,36
20883,17
20884,1
20886,20
20887,11
20889,2
20890,9
20892,5
20893,29
20896,9
20899,34
20900,6
20902,2
20903,2
20905,11
20906,19
20908,5
20909,9
20912,37
20915,17
20916,2
20918,16
20919,17
20921,10
20922,11
20924,8
20925,22
20928,16
20931,24
20932,3
20934,5
20935,6
20937,11
20938,19
20940,1
20941,13
20944,31
20947,10
20948,4
20950,22
20951,12
20953,10
20954,6
20956,6
20957,21
20960,15
20963,29
20964,6
20966,4
20967,7
20969,11
20970,19
20972,3
20973,11
20976,17
20979,7
20980,1
20982,14
20983,9
20985,7
20986,13
20988,8
20989,13
20992,14
20995,28
20996,3
20998,9
20999,3
21001,5
21002,17
21005,9
21008,23
21011,9
21012,3
21014,19
21015,12
21017,9
21018,5
21020,7
21021,18
21024,9
21027,19
21028,4
21030,3
21031,4
21033,6
21034,7
21037,12
21040,33
21043,6
21044,4
21046,20
21047,13
21049,2
21050,5
21052,4
21053,15
21056,9
21059,29
21060,5
21062,5
21063,3
21065,9
21066,17
21068,1
21069,13
21072,17
21075,9
21076,1
21078,12
21079,8
21081,4
21082,6
21084,3
21085,19
21088,9
21091,19
21092,3
21094,5
21095,3
21097,4
21098,11
21100,2
21101,9
21104,11
21107,7
21108,2
21110,10
21111,6
21113,6
21114,4
21116,3
21117,23
21120,11
21123,14
21124,8
21126,7
21127,2
21129,8
21130,11
21132,3
21133,4
21136,12
21139,9
21140,2
21142,12
21143,7
21145,1
21146,5
21148,4
21149,19
21152,9
21155,16
21156,2
21158,2
21159,2
21161,8
21162,13
21165,3
21168,21
21171,11
21172,4
21174,12
21175,5
21177,5
21178,5
21180,4
21181,21
21184,6
21187,18
21188,2
21190,1
21191,2
21193,5
21194,13
21196,5
21197,10
21200,23
21203,4
21204,1
21206,7
21207,6
21209,1
21210,6
21212,5
21213,8
21216,6
21219,10
21220,6
21222,5
21223,1
21225,8
21226,12
21228,2
21229,3
21232,19
21235,7
21236,1
21238,16
21239,7
21241,2
21242,4
21244,2
21245,17
21248,4
21251,22
21252,4
21254,2
21255,2
21257,4
21258,5
21260,3
21261,3
21264,15
21267,9
21268,1
21270,16
21271,10
21273,3
21274,8
21276,2
21277,11
21280,7
21283,21
21284,2
21286,5
21287,1
21289,4
21290,10
21292,1
21293,3
21296,14
21299,7
21300,2
21302,12
21303,5
21305,2
21306,6
21308,1
21309,15
21312,9
21315,14
21316,2
21318,2
21319,6
21321,4
21322,20
21324,2
21325,6
21328,14
21331,4
21332,1
21334,6
21335,6
21337,1
21338,3
21340,3
21341,12
21344,4
21347,12
21348,2
21350,4
21351,1
21353,4
21354,11
21356,2
21357,1
21360,12
21363,5
21366,6
21367,8
21369,4
21370,3
21372,1
21373,10
21376,3
21379,16
21380,2
21382,1
21383,4
21385,4
21386,9
21389,6
21392,16
21395,6
21396,2
21398,9
21399,5
21401,1
21402,3
21404,1
21405,9
21408,9
21411,12
21414,6
21415,2
21417,4
21418,7
21420,2
21421,2
21424,13
21427,5
21430,13
21431,6
21434,5
21437,9
21440,7
21443,12
21444,1
21446,3
21447,1
21449,6
21450,8
21453,5
21456,11
21459,4
21460,1
21462,9
21463,7
21466,3
21468,2
21469,16
21472,11
21475,8
21476,3
21478,3
21479,5
21481,6
21482,7
21484,1
21485,3
21488,10
21491,5
21492,3
21494,3
21495,4
21497,5
21498,4
21500,1
21501,16
21504,7
21507,8
21508,1
21510,1
21511,6
21513,5
21514,6
21516,1
21517,2
21520,11
21523,4
21526,8
21527,5
21530,3
21532,2
21533,8
21536,4
21539,13
21540,3
21543,2
21545,4
21546,9
21548,2
21549,7
21552,14
21555,5
21556,2
21558,2
21559,3
21561,2
21562,3
21564,3
21565,11
21568,7
21571,10
21572,4
21574,6
21575,5
21577,4
21578,7
21580,1
21581,2
21584,11
21587,3
21588,1
21590,11
21591,3
21593,2
21594,4
21597,11
21600,1
21603,5
21604,2
21606,3
21607,2
21609,5
21610,9
21612,2
21613,2
21616,16
21619,1
21620,2
21622,7
21623,4
21625,1
21626,3
21628,1
21629,5
21632,3
21635,9
21638,4
21639,2
21641,4
21642,8
21644,1
21645,2
21648,14
21651,5
21654,8
21655,6
21657,1
21658,2
21660,2
21661,8
21664,2
21667,10
21668,1
21671,2
21673,3
21674,6
21676,1
21677,3
21680,7
21683,3
21686,8
21687,4
21690,3
21692,2
21693,9
21696,2
21699,13
21700,5
21702,2
21703,2
21705,1
21706,6
21709,2
21712,12
21718,9
21719,8
21722,4
21724,3
21725,11
21728,5
21731,13
21732,3
21735,2
21737,3
21738,5
21741,4
21744,15
21747,2
21748,2
21750,3
21751,5
21753,4
21754,2
21756,2
21757,9
21760,5
21763,10
21764,1
21770,5
21773,4
21776,5
21779,2
21780,1
21782,8
21783,4
21785,3
21786,3
21788,1
21789,6
21792,1
21795,11
21796,3
21798,5
21799,4
21801,5
21802,7
21805,3
21808,11
21811,6
21812,1
21814,1
21815,2
21817,2
21820,3
21821,6
21824,4
21827,6
21828,1
21830,1
21833,3
21834,4
21836,1
21837,3
21840,7
21843,5
21846,9
21847,5
21849,1
21850,5
21852,1
21853,5
21856,2
21859,6
21860,5
21862,3
21863,3
21865,5
21866,5
21868,1
21869,3
21872,2
21875,4
21878,7
21879,2
21881,2
21882,1
21884,2
21885,7
21888,2
21891,8
21892,1
21894,1
21898,9
21901,4
21904,5
21907,2
21910,9
21911,3
21913,2
21914,3
21916,4
21917,7
21920,6
21923,10
21926,3
21927,1
21929,4
21930,3
21933,2
21936,9
21939,2
21942,4
21943,5
21945,3
21946,3
21948,2
21949,7
21952,2
21955,9
21956,1
21959,2
21961,3
21962,3
21964,3
21965,1
21968,6
21971,4
21972,2
21974,4
21975,4
21978,4
21981,10
21984,5
21987,12
21990,1
21991,2
21993,3
21994,8
21997,3
22000,14
22003,3
22004,5
22006,5
22007,2
22009,1
22012,3
22013,6
22016,3
22019,6
22022,3
22023,2
22025,4
22026,5
22029,2
22032,6
22035,3
22038,4
22039,7
22041,2
22044,1
22045,10
22048,2
22051,9
22052,2
22054,1
22055,1
22057,3
22058,5
22061,6
22064,8
22067,1
22068,2
22070,6
22071,1
22073,2
22074,2
22076,2
22077,6
22080,2
22083,6
22084,1
22086,1
22087,2
22089,4
22090,6
22092,2
22093,2
22096,6
22103,3
22105,2
22106,3
22108,1
22109,5
22112,4
22115,5
22118,3
22121,4
22122,2
22128,6
22131,2
22134,3
22137,3
22138,1
22140,4
22141,7
22144,4
22147,8
22148,2
22151,1
22153,2
22154,4
22157,2
22160,7
22163,6
22166,5
22167,3
22170,3
22172,2
22173,3
22176,3
22179,8
22182,6
22183,2
22185,2
22186,5
22192,9
22195,3
22196,1
22198,6
22199,2
22202,4
22205,8
22208,6
22211,10
22212,3
22214,4
22215,1
22217,2
22218,4
22220,2
22224,5
22227,2
22228,2
22230,1
22231,1
22233,5
22234,2
22237,5
22240,5
22243,4
22244,2
22246,1
22247,1
22250,3
22253,4
22256,8
22259,3
22260,1
22262,5
22263,1
22265,2
22268,2
22269,5
22272,2
22275,4
22276,3
22278,2
22281,2
22282,3
22285,1
22288,9
22291,2
22294,2
22295,1
22297,3
22298,2
22301,7
22304,1
22307,3
22308,1
22313,3
22314,3
22317,2
22320,8
22323,5
22326,4
22329,1
22330,5
22332,1
22333,8
22336,5
22339,4
22340,2
22342,2
22343,1
22345,2
22346,5
22349,1
22352,6
22355,1
22356,2
22358,2
22359,5
22361,2
22364,2
22365,6
22368,3
22371,8
22374,2
22375,1
22377,3
22378,5
22380,1
22381,2
22384,6
22390,1
22391,3
22393,2
22394,1
22397,9
22400,7
22403,8
22404,1
22406,2
22409,4
22410,5
22413,3
22416,9
22419,3
22422,3
22423,3
22428,1
22429,7
22432,2
22435,5
22438,1
22439,2
22442,4
22444,1
22445,3
22448,6
22451,2
22452,1
22454,3
22455,1
22457,4
22458,3
22460,2
22461,5
22464,3
22467,5
22468,4
22473,5
22474,1
22477,2
22480,4
22483,5
22484,1
22486,5
22487,3
22490,1
22492,2
22493,4
22499,1
22500,1
22502,1
22503,1
22505,3
22506,4
22508,1
22509,1
22512,5
22515,2
22519,1
22521,1
22524,1
22525,4
22531,6
22534,1
22535,4
22537,1
22538,2
22541,4
22544,8
22547,3
22550,3
22551,2
22554,1
22557,4
22560,2
22563,4
22569,7
22570,4
22573,3
22576,6
22579,3
22582,2
22585,2
22586,2
22589,2
22592,2
22595,4
22596,1
22598,2
22599,2
22601,1
22602,6
22605,2
22608,6
22611,2
22614,3
22615,4
22618,1
22621,3
22624,4
22627,5
22628,1
22630,1
22633,4
22634,4
22637,2
22640,4
22646,2
22647,2
22650,1
22653,8
22656,3
22659,5
22662,3
22663,2
22665,1
22666,2
22668,2
22669,4
22672,8
22675,3
22676,1
22678,3
22679,1
22681,1
22682,2
22684,4
22685,4
22688,2
22691,4
22692,1
22694,2
22697,2
22698,4
22701,7
22704,3
22707,1
22710,4
22711,2
22713,1
22716,2
22717,4
22720,5
22723,7
22724,1
22729,3
22730,4
22733,1
22736,4
22739,1
22742,3
22743,2
22749,4
22755,4
22756,1
22758,2
22761,1
22762,2
22765,1
22768,2
22771,2
22772,1
22774,4
22775,1
22777,1
22778,1
22780,1
22781,4
22784,2
22787,4
22793,3
22794,3
22796,1
22797,2
22800,3
22804,2
22806,3
22807,1
22809,1
22810,1
22812,1
22813,5
22816,1
22819,7
22820,1
22822,1
22823,1
22825,5
22826,2
22832,3
22835,3
22838,3
22839,2
22841,1
22842,1
22844,1
22848,3
22851,6
22852,1
22854,3
22857,2
22858,3
22864,4
22867,3
22870,1
22871,1
22874,1
22877,3
22880,1
22883,1
22884,1
22886,2
22887,1
22889,2
22890,2
22892,1
22896,4
22899,2
22900,3
22902,3
22903,6
22906,2
22909,2
22915,3
22916,2
22919,1
22921,1
22922,2
22925,2
22928,6
22931,2
22932,1
22934,1
22935,2
22937,3
22938,1
22940,2
22941,5
22944,1
22947,2
22948,1
22950,2
22953,1
22957,2
22960,4
22964,2
22966,4
22969,1
22970,1
22972,1
22973,2
22976,1
22979,4
22980,2
22985,2
22986,2
22989,1
22992,5
22998,3
22999,3
23002,2
23004,1
23005,4
23008,3
23011,3
23012,1
23017,2
23018,3
23020,1
23021,1
23024,10
23027,1
23031,1
23036,1
23037,3
23040,3
23043,3
23044,1
23046,1
23049,1
23050,6
23056,4
23059,2
23060,1
23062,2
23063,1
23065,1
23066,2
23068,1
23072,4
23075,2
23078,1
23079,1
23081,3
23088,4
23092,1
23094,1
23095,1
23097,1
23101,1
23104,1
23107,4
23108,1
23110,1
23114,2
23120,5
23123,1
23126,2
23127,2
23129,1
23130,1
23133,1
23136,2
23139,1
23140,1
23142,2
23145,2
23146,3
23152,4
23155,2
23158,1
23159,1
23161,2
23164,1
23165,1
23168,2
23171,5
23172,1
23175,3
23177,2
23178,1
23184,3
23187,1
23190,2
23191,3
23193,1
23194,1
23197,4
23200,2
23203,4
23206,2
23207,2
23209,1
23210,2
23213,1
23216,2
23220,1
23222,5
23226,1
23228,2
23229,2
23232,3
23235,3
23238,3
23248,2
23254,1
23261,3
23264,1
23267,1
23268,2
23270,1
23271,1
23273,4
23277,2
23283,2
23290,1
23292,1
23293,1
23296,1
23299,3
23303,1
23305,1
23306,2
23309,1
23312,1
23318,3
23322,2
23324,2
23325,3
23328,2
23331,4
23332,2
23340,1
23344,4
23347,1
23348,1
23350,1
23357,1
23360,3
23366,2
23367,2
23369,1
23370,1
23373,2
23376,4
23382,2
23383,2
23385,1
23389,3
23395,1
23398,1
23399,1
23401,2
23402,1
23405,3
23408,5
23414,3
23415,1
23421,4
23428,2
23431,1
23434,1
23440,3
23443,2
23446,2
23447,1
23449,1
23450,1
23452,1
23453,3
23456,1
23459,1
23462,1
23465,1
23472,2
23478,1
23482,1
23485,6
23488,3
23491,1
23494,1
23498,2
23501,3
23504,3
23510,3
23511,2
23514,1
23516,1
23517,2
23520,1
23523,3
23524,1
23530,2
23533,1
23536,3
23543,2
23546,1
23548,1
23549,5
23552,3
23555,4
23556,1
23559,1
23561,3
23564,1
23565,1
23568,1
23571,2
23574,1
23575,3
23577,2
23578,2
23580,1
23581,1
23584,2
23587,3
23588,1
23591,1
23593,1
23594,2
23597,1
23604,1
23606,2
23607,2
23610,1
23612,1
23613,2
23616,1
23619,1
23620,2
23625,2
23626,2
23628,1
23632,2
23648,1
23651,1
23655,1
23657,2
23658,1
23667,1
23671,2
23674,1
23677,2
23680,1
23683,2
23686,2
23689,2
23696,2
23699,1
23702,3
23703,1
23705,1
23709,1
23715,2
23719,1
23721,2
23725,1
23728,1
23731,1
23734,1
23735,3
23737,3
23740,2
23741,1
23744,3
23747,1
23748,1
23754,2
23756,1
23757,1
23763,1
23766,3
23773,2
23779,2
23785,1
23789,1
23792,3
23798,2
23799,2
23811,1
23812,1
23815,1
23818,2
23824,4
23828,1
23831,1
23834,1
23836,1
23840,2
23843,2
23852,1
23853,2
23856,3
23862,2
23863,1
23869,2
23875,3
23884,1
23888,1
23894,1
23895,1
23898,1
23900,2
23901,2
23907,3
23913,1
23914,2
23920,5
23926,1
23932,1
23933,1
23939,2
23943,2
23946,2
23948,1
23949,1
23952,2
23955,1
23959,2
23962,1
23965,4
23974,1
23978,1
23990,1
23997,4
24007,2
24009,1
24010,1
24013,1
24016,1
24019,2
24022,2
24023,1
24035,2
24036,2
24039,1
24042,2
24048,3
24054,2
24057,1
24064,1
24067,2
24070,2
24073,2
24074,1
24080,2
24090,1
24093,1
24096,1
24099,1
24105,1
24106,1
24109,1
24112,2
24122,1
24125,1
24131,4
24144,1
24151,1
24157,1
24160,1
24167,1
24170,2
24176,1
24183,2
24189,1
24192,1
24195,1
24198,1
24199,1
24201,1
24205,2
24208,2
24214,1
24221,1
24224,1
24227,1
24228,1
24231,1
24237,2
24240,1
24253,1
24256,3
24260,1
24266,1
24269,1
24278,1
24291,3
24297,2
24298,1
24304,1
24310,1
24313,2
24314,1
24323,3
24329,1
24345,1
24346,1
24348,1
24352,1
24359,2
24362,1
24365,2
24371,1
24374,1
24375,1
24377,1
24380,1
24381,3
24387,1
24393,1
24397,1
24400,1
24403,1
24404,1
24407,1
24413,2
24419,4
24422,1
24423,1
24425,1
24426,1
24428,1
24432,1
24436,1
24441,2
24445,1
24451,1
24454,1
24467,1
24470,1
24483,2
24486,1
24490,3
24500,1
24503,2
24506,1
24509,1
24521,1
24525,1
24528,3
24531,1
24534,1
24540,1
24547,2
24548,1
24551,1
24553,1
24554,2
24563,1
24569,1
24573,3
24579,1
24585,1
24586,1
24589,2
24595,2
24598,1
24599,1
24602,1
24604,1
24615,2
24618,1
24621,1
24624,2
24630,2
24633,1
24637,2
24640,3
24644,1
24649,1
24653,1
24662,1
24663,2
24675,3
24679,1
24682,1
24695,3
24704,1
24711,1
24717,1
24720,3
24726,1
24727,1
24730,2
24732,2
24733,1
24739,1
24745,1
24746,1
24752,1
24758,1
24759,1
24777,1
24778,2
24784,1
24787,1
24788,1
24797,1
24800,2
24804,1
24806,2
24810,1
24816,3
24823,1
24829,1
24838,1
24842,1
24848,1
24852,1
24861,1
24864,1
24867,1
24870,1
24873,1
24876,1
24883,1
24890,2
24893,2
24899,2
24912,3
24915,1
24919,1
24922,1
24928,1
24935,1
24944,3
24947,1
24948,1
24950,1
24951,1
24954,1
24960,1
24966,1
24970,1
24976,2
24979,2
24982,1
24983,1
24989,1
24992,1
24995,2
25005,1
25011,1
25015,1
25021,1
25027,2
25034,2
25040,2
25043,3
25047,1
25053,2
25059,1
25060,1
25062,1
25069,2
25078,1
25079,1
25082,1
25085,2
25088,1
25091,2
25094,2
25097,1
25098,1
25104,1
25107,1
25110,1
25120,1
25123,1
25136,1
25139,1
25142,1
25149,1
25152,2
25168,2
25174,1
25181,1
25187,1
25190,1
25191,1
25194,1
25200,5
25209,1
25213,1
25219,2
25232,1
25239,1
25248,2
25252,1
25255,1
25258,3
25261,1
25271,1
25273,2
25280,1
25287,1
25289,2
25292,1
25296,2
25302,1
25324,1
25328,1
25347,3
25351,1
25353,2
25354,1
25357,1
25360,1
25373,3
25379,1
25385,1
25386,1
25392,1
25402,1
25405,2
25408,2
25424,1
25434,2
25443,1
25459,1
25463,1
25475,1
25482,2
25485,1
25488,2
25500,1
25510,1
25514,1
25520,1
25527,1
25540,1
25562,1
25565,2
25571,1
25606,1
25610,1
25616,1
25629,1
25632,1
25635,2
25642,1
25661,1
25668,1
25670,1
25680,2
25684,1
25686,1
25706,1
25719,1
25725,1
25728,1
25738,1
25740,1
25744,1
25747,2
25754,1
25763,1
25764,1
25776,1
25811,1
25814,1
25815,2
25821,1
25824,1
25827,1
25830,1
25834,2
25846,1
25849,1
25852,1
25865,1
25866,1
25872,1
25878,1
25884,1
25897,1
25900,1
25904,1
25907,1
25910,1
25929,1
25930,2
25933,1
25943,1
25974,1
25984,1
25987,1
25990,3
26004,1
26006,1
26012,1
26013,1
26016,1
26019,1
26023,1
26025,2
26032,1
26035,1
26045,1
26057,1
26064,3
26084,1
26086,1
26089,1
26099,1
26105,1
26109,1
26115,1
26118,1
26134,1
26137,1
26141,1
26151,2
26157,1
26173,1
26176,1
26192,1
26199,1
26211,1
26217,1
26218,1
26227,1
26243,1
26276,1
26288,1
26307,1
26310,1
26326,1
26327,1
26330,1
26339,1
26346,1
26355,1
26358,2
26384,1
26390,1
26397,1
26400,1
26403,1
26409,1
26416,1
26429,1
26438,1
26442,1
26473,1
26483,1
26512,1
26595,1
26604,1
26608,1
26618,1
26627,1
26640,1
26643,1
26653,1
26662,1
26666,1
26675,1
26682,1
26685,1
26695,1
26707,1
26713,1
26726,1
26736,2
26746,1
26761,1
26780,1
26790,1
26797,1
26816,1
26825,1
26839,1
26848,1
26857,1
26877,1
26909,2
26918,1
26928,1
26941,2
26944,1
26967,1
26982,1
26986,1
27031,1
27072,1
27094,1
27098,1
27155,1
27177,1
27191,1
27197,1
27223,1
27229,2
27242,1
27261,1
27325,1
27347,1
27376,1
27412,1
27415,1
27424,1
27475,1
27498,1
27504,1
27508,1
27516,1
27558,1
27597,1
27623,1
27632,1
27658,1
27661,1
27683,1
27766,1
27786,1
27856,1
27891,1
27904,1
27913,1
27914,1
27920,1
27930,1
27933,1
27972,1
27977,1
28009,1
28035,1
28036,1
28067,1
28077,1
28080,1
28100,1
28115,1
28170,1
28195,2
28211,1
28214,1
28221,1
28230,1
28294,1
28340,1
28349,1
28380,1
28409,1
28429,1
28436,1
28451,1
28490,1
28627,1
28643,1
28695,1
28726,1
28739,1
28758,1
28810,1
28880,1
28916,1
29027,1
29052,1
29076,1
29095,1
29162,1
29226,1
29239,1
29303,1
29443,1
29597,1
29725,1
29808,1
29888,1
29892,1
29911,1
29943,1
30179,1
30195,1
30230,1
30256,1
30259,1
30285,1
30490,1
30505,1
30796,1
30841,1
30921,1
30989,1
30996,1
31485,1
31536,1
31581,1
31664,1
32124,1
33341,1
34249,1
35523,1
37139,1
38541,1
38592,1
39325,1
43756,1
54960,1
74122,1
97104,1
