# Samples: 100475, Average: 21715.4 ns, StdDev: 72890.8 ns, Quartiles: 18042.0/19324.0/20931.0 ns
8778,1
8784,1
8793,1
8944,1
8963,1
9194,1
9219,1
9232,1
9271,1
9513,1
9533,1
9622,1
10832,1
11735,1
11750,1
11799,1
11802,1
11837,1
11923,1
11939,2
11984,1
12013,1
12089,1
12125,1
12163,1
12231,1
12234,1
12240,1
12256,1
12272,1
12275,1
12284,1
12285,1
12288,1
12291,1
12294,1
12298,1
12304,2
12311,1
12313,1
12323,1
12336,1
12340,1
12355,1
12378,1
12380,1
12388,1
12394,1
12413,1
12419,1
12429,1
12432,2
12438,1
12455,1
12457,2
12473,1
12480,1
12484,2
12496,2
12509,1
12515,1
12518,1
12541,1
12547,1
12553,1
12560,1
12573,3
12592,2
12605,1
12617,1
12624,1
12627,2
12631,1
12653,1
12662,1
12669,1
12688,2
12700,1
12701,2
12704,1
12720,1
12726,2
12727,1
12740,1
12745,1
12746,1
12749,1
12752,2
12758,1
12765,1
12768,1
12771,1
12774,1
12784,2
12790,2
12797,1
12800,1
12803,2
12804,1
12806,1
12813,1
12816,1
12819,2
12826,1
12829,1
12835,1
12838,2
12839,1
12841,1
12842,1
12848,3
12854,1
12857,2
12864,1
12867,2
12868,1
12874,1
12880,3
12883,1
12892,1
12893,3
12899,1
12902,1
12905,2
12909,2
12912,4
12915,1
12918,1
12919,2
12924,1
12925,1
12931,5
12935,2
12938,1
12944,1
12951,1
12953,1
12956,1
12957,2
12963,5
12966,1
12969,1
12970,1
12976,1
12983,1
12988,1
12989,4
12995,1
12996,1
12998,1
13001,2
13002,2
13008,2
13011,2
13014,3
13020,1
13021,1
13024,1
13028,1
13030,1
13034,1
13040,1
13053,1
13059,2
13063,1
13065,1
13066,1
13069,1
13072,2
13075,4
13076,1
13078,1
13079,2
13082,1
13085,1
13088,1
13091,2
13098,1
13100,1
13104,3
13110,5
13113,1
13116,1
13117,2
13120,2
13123,3
13124,1
13130,1
13133,1
13136,1
13139,1
13142,2
13143,1
13148,1
13149,6
13152,1
13155,2
13158,1
13161,1
13162,1
13168,4
13171,3
13175,1
13178,2
13181,1
13184,2
13187,3
13188,1
13190,2
13193,1
13197,2
13200,5
13206,2
13207,2
13210,1
13216,2
13219,2
13223,1
13226,1
13232,7
13239,2
13241,1
13242,2
13244,2
13245,3
13251,1
13252,2
13257,2
13258,2
13260,1
13261,1
13264,2
13267,1
13270,2
13271,2
13273,1
13274,2
13277,6
13280,3
13283,1
13284,1
13290,1
13293,1
13300,1
13302,1
13303,1
13306,2
13308,1
13309,2
13312,1
13315,3
13319,1
13321,2
13322,2
13328,3
13331,2
13334,3
13341,1
13344,1
13347,6
13353,1
13354,2
13360,4
13366,1
13367,1
13370,1
13372,2
13373,4
13376,1
13379,4
13380,1
13383,1
13386,4
13389,2
13392,3
13396,1
13398,5
13401,1
13405,6
13408,1
13411,2
13412,1
13415,1
13417,1
13418,2
13420,1
13424,4
13430,2
13431,2
13434,1
13436,1
13437,4
13440,1
13443,3
13444,1
13446,1
13449,1
13450,3
13453,2
13456,5
13459,2
13460,1
13469,3
13472,5
13475,1
13476,1
13482,3
13484,1
13488,2
13492,2
13498,1
13501,2
13504,3
13507,7
13513,1
13514,3
13516,1
13520,5
13523,1
13524,1
13526,3
13527,2
13529,2
13530,1
13533,4
13536,2
13539,1
13540,1
13545,1
13546,2
13549,1
13552,1
13555,1
13558,1
13559,4
13561,2
13562,1
13564,1
13565,2
13568,1
13571,1
13574,1
13577,1
13578,3
13581,1
13584,11
13590,3
13591,2
13594,2
13597,1
13603,3
13604,1
13606,1
13607,1
13609,1
13610,2
13613,1
13616,6
13619,3
13622,7
13625,1
13626,1
13628,3
13629,2
13632,4
13635,5
13636,2
13641,2
13642,4
13644,1
13645,4
13648,3
13651,2
13654,7
13655,3
13657,1
13658,1
13661,3
13664,1
13667,9
13668,1
13670,2
13673,4
13674,2
13680,5
13683,1
13686,5
13687,3
13689,1
13690,1
13692,3
13693,7
13696,3
13699,3
13700,2
13705,4
13706,1
13708,1
13709,3
13712,5
13716,1
13718,3
13719,5
13721,1
13722,4
13724,2
13725,6
13731,7
13732,1
13737,2
13740,1
13741,4
13744,9
13750,2
13751,3
13756,1
13757,6
13760,3
13763,3
13764,1
13766,1
13767,1
13769,2
13770,2
13772,2
13773,2
13776,5
13779,3
13780,1
13783,2
13786,1
13788,3
13789,2
13792,1
13795,5
13796,2
13798,2
13801,3
13802,7
13808,3
13811,1
13812,1
13814,8
13815,2
13817,1
13818,2
13820,3
13821,3
13824,1
13827,2
13828,1
13830,3
13833,5
13834,9
13837,2
13840,5
13843,2
13846,2
13850,3
13853,2
13856,3
13859,3
13860,2
13862,4
13863,3
13865,3
13866,5
13868,1
13872,8
13875,2
13878,6
13884,4
13885,5
13888,2
13891,3
13892,1
13894,1
13895,4
13897,3
13898,2
13901,1
13904,8
13907,1
13910,7
13911,5
13913,2
13914,3
13916,2
13917,5
13920,2
13923,4
13924,1
13926,3
13929,2
13930,2
13933,4
13936,14
13939,3
13940,1
13942,2
13943,3
13945,1
13946,1
13949,4
13952,3
13955,7
13956,1
13958,3
13959,1
13961,6
13962,5
13964,1
13965,4
13968,9
13971,4
13974,4
13975,1
13978,2
13980,1
13981,9
13984,5
13987,5
13988,2
13990,1
13993,5
13994,6
13996,1
13997,5
14000,9
14003,2
14006,5
14007,1
14010,3
14013,11
14016,3
14019,7
14020,1
14025,4
14026,4
14028,1
14032,4
14035,3
14036,1
14038,6
14039,1
14041,2
14042,1
14044,4
14045,10
14048,2
14051,3
14052,3
14054,4
14055,1
14057,7
14058,5
14064,7
14067,1
14068,1
14070,6
14071,5
14073,2
14074,2
14076,2
14077,9
14080,3
14083,9
14084,2
14086,2
14087,1
14089,4
14090,8
14093,3
14096,10
14099,1
14102,7
14103,1
14105,1
14108,1
14109,8
14112,3
14115,9
14116,1
14118,1
14119,3
14121,3
14122,4
14124,2
14125,3
14128,14
14131,3
14132,1
14134,8
14135,4
14137,1
14138,3
14140,6
14141,10
14144,4
14147,14
14148,1
14150,3
14151,1
14153,1
14154,7
14156,1
14157,2
14160,14
14163,8
14164,1
14166,7
14167,3
14169,1
14170,1
14172,2
14173,6
14176,1
14179,14
14180,3
14183,3
14185,4
14186,5
14188,1
14189,2
14192,7
14195,3
14198,7
14199,10
14202,2
14204,2
14205,6
14208,3
14211,9
14212,2
14214,2
14215,1
14217,4
14218,6
14221,3
14224,9
14227,4
14228,1
14230,10
14231,2
14234,5
14236,1
14237,10
14240,5
14243,6
14244,5
14246,3
14247,1
14249,2
14250,7
14253,2
14256,12
14259,2
14262,6
14263,6
14265,2
14266,2
14268,3
14269,10
14272,5
14275,6
14276,2
14278,4
14281,7
14282,7
14284,3
14285,1
14288,6
14291,1
14294,11
14295,3
14297,1
14298,4
14300,2
14301,5
14304,1
14307,11
14310,6
14311,4
14313,5
14314,5
14316,1
14317,4
14320,14
14323,7
14326,4
14327,6
14329,5
14330,2
14332,3
14333,9
14336,6
14339,8
14340,1
14342,2
14343,1
14345,6
14346,7
14349,1
14352,16
14355,1
14356,1
14358,10
14359,6
14361,2
14362,2
14364,4
14365,16
14368,7
14371,10
14372,3
14375,1
14377,4
14378,6
14381,3
14384,11
14387,5
14390,8
14391,7
14394,2
14396,4
14397,8
14400,3
14403,9
14404,7
14406,2
14407,2
14409,2
14410,13
14413,3
14416,17
14419,6
14422,6
14423,4
14425,4
14426,2
14428,2
14429,8
14432,2
14435,11
14436,4
14438,2
14439,1
14441,8
14442,12
14445,10
14448,11
14451,3
14452,1
14454,10
14455,8
14457,4
14458,3
14460,1
14461,14
14464,7
14467,19
14470,4
14471,1
14473,6
14474,3
14476,2
14477,7
14480,12
14483,4
14484,2
14486,8
14487,4
14489,2
14490,4
14492,4
14493,7
14496,6
14499,4
14500,3
14502,2
14503,4
14505,2
14506,6
14508,1
14509,3
14512,11
14515,7
14516,1
14518,4
14519,3
14521,4
14522,1
14524,5
14525,10
14528,6
14531,11
14532,7
14534,3
14535,4
14537,3
14538,3
14540,1
14541,3
14544,10
14547,8
14550,8
14551,5
14553,3
14554,5
14556,4
14557,5
14560,4
14563,5
14564,2
14566,1
14569,8
14570,9
14573,6
14576,15
14579,6
14580,2
14582,8
14583,6
14585,2
14588,4
14589,12
14592,2
14595,6
14596,2
14598,3
14599,1
14601,8
14602,9
14605,4
14608,12
14611,4
14612,1
14614,11
14615,1
14617,3
14620,3
14621,12
14624,2
14627,12
14628,2
14630,5
14631,1
14633,6
14634,6
14637,3
14640,17
14643,4
14644,1
14646,11
14647,4
14649,1
14650,3
14652,5
14653,17
14656,3
14659,11
14660,3
14662,4
14663,1
14665,9
14666,10
14669,2
14672,19
14675,7
14678,14
14679,5
14681,4
14682,4
14684,4
14685,11
14688,4
14691,15
14692,7
14694,3
14697,3
14698,8
14700,1
14701,9
14704,13
14707,6
14710,8
14711,4
14713,6
14714,2
14716,3
14717,12
14720,2
14723,11
14724,1
14726,1
14729,5
14730,10
14732,4
14733,2
14736,14
14739,3
14740,3
14742,16
14743,7
14746,3
14748,2
14749,12
14752,3
14755,17
14756,4
14758,5
14759,1
14761,7
14762,9
14764,1
14765,6
14768,15
14771,8
14772,1
14774,3
14775,7
14777,1
14778,1
14780,4
14781,20
14784,3
14787,12
14788,3
14790,1
14791,2
14793,4
14794,10
14796,1
14797,6
14800,20
14803,6
14804,1
14806,8
14807,2
14809,2
14810,3
14812,3
14813,9
14816,3
14819,9
14820,4
14822,3
14823,1
14825,6
14826,5
14829,5
14832,11
14835,4
14836,2
14838,13
14839,6
14841,2
14842,7
14844,2
14845,11
14848,6
14851,14
14852,6
14854,3
14855,2
14857,3
14858,19
14861,5
14864,17
14867,6
14868,4
14870,17
14871,5
14873,2
14874,5
14876,2
14877,9
14880,9
14883,16
14884,3
14886,7
14887,1
14889,3
14890,9
14893,3
14896,18
14899,3
14902,7
14903,5
14905,3
14906,4
14908,2
14909,11
14912,7
14915,15
14919,3
14921,5
14922,14
14924,2
14925,5
14928,11
14931,1
14934,7
14935,8
14937,3
14941,7
14944,10
14947,18
14948,3
14950,2
14951,3
14953,5
14954,11
14956,3
14957,5
14960,20
14963,8
14964,3
14966,7
14967,4
14969,4
14970,3
14972,5
14973,17
14976,6
14979,14
14980,5
14982,5
14983,2
14985,4
14986,13
14988,1
14989,2
14992,9
14995,2
14996,1
14998,10
14999,5
15001,2
15002,3
15004,1
15005,15
15008,11
15011,15
15012,3
15014,3
15015,4
15017,4
15018,11
15021,8
15024,12
15027,5
15028,1
15030,8
15031,5
15034,5
15036,4
15037,17
15040,3
15043,11
15044,4
15046,7
15047,2
15049,4
15050,23
15052,2
15053,1
15056,19
15059,1
15060,1
15062,11
15063,6
15065,1
15066,2
15068,2
15069,6
15072,4
15075,13
15076,5
15078,3
15079,3
15081,6
15082,10
15084,1
15085,10
15088,21
15091,4
15092,1
15094,14
15095,7
15097,3
15098,5
15100,3
15101,12
15104,6
15107,15
15108,2
15110,2
15111,5
15113,7
15114,2
15116,2
15117,4
15120,16
15123,1
15126,14
15127,8
15129,1
15130,4
15132,8
15133,17
15136,4
15139,15
15140,3
15142,3
15143,1
15145,2
15146,11
15148,1
15149,6
15152,13
15155,4
15158,12
15159,7
15161,1
15162,3
15164,4
15165,10
15168,6
15171,9
15172,5
15174,4
15175,2
15177,8
15178,5
15181,5
15184,14
15187,6
15190,3
15191,6
15193,1
15194,10
15196,8
15197,15
15200,4
15203,12
15204,3
15206,4
15209,9
15210,5
15212,3
15213,2
15216,13
15219,8
15220,2
15222,7
15223,9
15226,1
15228,6
15229,12
15232,4
15235,14
15236,3
15238,7
15239,3
15241,8
15242,17
15244,2
15245,1
15248,18
15251,7
15252,2
15254,10
15255,8
15257,3
15258,2
15260,5
15261,12
15264,5
15267,9
15268,3
15270,2
15271,3
15273,5
15274,12
15276,1
15277,8
15280,12
15283,2
15284,3
15286,14
15287,6
15289,2
15290,3
15292,4
15293,16
15296,5
15299,10
15300,2
15302,3
15305,8
15306,8
15309,2
15312,13
15315,8
15318,17
15319,8
15321,2
15322,5
15324,2
15325,19
15328,6
15331,18
15332,3
15334,7
15337,5
15338,10
15341,5
15344,13
15347,5
15348,3
15350,7
15351,11
15353,6
15354,2
15356,2
15357,14
15360,3
15363,14
15364,5
15366,4
15367,3
15369,6
15370,8
15372,2
15373,11
15376,19
15379,5
15380,2
15382,17
15383,12
15385,3
15386,8
15388,4
15389,16
15392,1
15395,19
15396,1
15398,5
15399,3
15401,7
15402,13
15404,2
15405,1
15408,17
15411,8
15412,2
15414,11
15415,7
15418,2
15421,15
15424,7
15427,23
15428,2
15430,8
15431,2
15433,3
15434,14
15436,2
15437,5
15440,17
15443,6
15446,11
15447,5
15449,3
15450,5
15452,5
15453,17
15456,7
15459,12
15460,2
15462,1
15463,1
15465,8
15466,4
15469,5
15472,20
15475,7
15478,10
15479,9
15481,2
15482,2
15484,1
15485,12
15488,6
15491,18
15492,8
15494,6
15495,3
15497,3
15498,10
15501,9
15504,13
15507,10
15508,1
15510,14
15511,10
15513,5
15514,4
15517,12
15520,6
15523,8
15524,1
15526,5
15527,4
15529,6
15530,7
15533,1
15536,21
15539,3
15540,1
15542,8
15543,10
15545,1
15546,4
15548,4
15549,16
15552,9
15555,15
15556,3
15558,2
15561,14
15562,14
15564,1
15565,6
15568,17
15571,2
15574,10
15575,6
15577,4
15578,6
15580,6
15581,14
15584,4
15587,15
15588,5
15590,4
15591,4
15593,6
15594,19
15596,2
15597,7
15600,17
15603,4
15604,1
15606,6
15607,9
15609,6
15610,3
15612,1
15613,18
15616,6
15619,21
15620,2
15622,2
15623,4
15625,5
15626,5
15628,2
15629,4
15632,14
15635,4
15636,3
15638,12
15639,8
15641,2
15642,4
15644,8
15645,21
15648,8
15651,16
15652,5
15654,5
15655,1
15657,6
15658,12
15661,11
15664,24
15667,6
15668,1
15670,13
15671,11
15673,3
15674,2
15676,4
15677,12
15680,13
15683,13
15684,4
15686,5
15687,3
15689,6
15690,13
15692,2
15693,7
15696,17
15699,7
15700,4
15702,3
15703,13
15705,1
15706,8
15708,2
15709,15
15712,6
15715,19
15716,5
15718,2
15719,4
15721,12
15722,15
15724,1
15725,3
15728,12
15731,4
15732,1
15734,12
15735,5
15737,1
15738,8
15740,4
15741,13
15744,9
15747,14
15748,2
15750,4
15751,2
15753,7
15754,12
15756,2
15757,5
15760,27
15763,5
15764,1
15766,17
15767,7
15769,8
15770,4
15772,2
15773,21
15776,6
15779,15
15780,2
15782,3
15783,2
15785,11
15786,15
15788,3
15789,5
15792,27
15795,8
15798,13
15799,12
15801,5
15802,5
15804,3
15805,15
15808,9
15811,16
15812,4
15814,5
15815,5
15817,6
15818,5
15821,3
15824,28
15827,6
15828,4
15830,11
15831,6
15833,3
15834,4
15836,5
15837,14
15840,6
15843,20
15844,4
15846,6
15847,2
15849,9
15850,12
15852,3
15853,2
15856,22
15859,4
15860,1
15862,16
15863,6
15865,2
15866,3
15868,4
15869,13
15872,7
15875,20
15876,3
15878,3
15879,3
15881,11
15882,12
15884,1
15885,4
15888,26
15891,9
15892,3
15894,9
15895,5
15897,5
15898,2
15900,9
15901,15
15904,6
15907,16
15908,2
15910,1
15913,9
15914,10
15916,2
15917,1
15920,22
15923,1
15926,11
15927,8
15929,3
15930,5
15932,7
15933,19
15936,13
15939,14
15940,4
15942,6
15943,1
15945,3
15946,8
15948,2
15949,9
15952,19
15955,3
15958,13
15959,12
15961,2
15962,4
15964,5
15965,15
15968,7
15971,21
15972,4
15974,4
15975,5
15977,5
15978,10
15980,1
15981,9
15984,17
15987,5
15988,2
15990,16
15991,9
15994,2
15996,1
15997,25
16000,14
16003,15
16004,2
16006,11
16007,2
16009,6
16010,16
16012,3
16013,7
16016,23
16019,3
16020,1
16022,13
16023,3
16025,6
16026,5
16028,5
16029,11
16032,8
16035,14
16036,3
16038,4
16039,3
16041,6
16042,7
16045,2
16048,24
16051,7
16052,1
16054,11
16055,3
16057,4
16058,2
16060,6
16061,14
16064,5
16067,15
16068,7
16070,7
16071,6
16073,10
16074,12
16076,2
16077,4
16080,21
16083,8
16084,1
16086,7
16087,6
16090,6
16092,7
16093,17
16096,4
16099,15
16100,4
16102,8
16103,2
16105,11
16106,14
16108,3
16109,9
16112,21
16115,6
16116,1
16118,17
16119,4
16121,2
16122,6
16124,5
16125,18
16128,7
16131,18
16132,7
16134,2
16135,5
16137,7
16138,15
16140,1
16141,6
16144,27
16147,8
16148,2
16150,10
16151,14
16153,2
16154,4
16156,3
16157,14
16160,9
16163,14
16164,4
16166,3
16167,2
16169,3
16170,13
16172,2
16173,7
16176,22
16179,6
16182,16
16183,13
16185,3
16186,6
16188,2
16189,30
16192,14
16195,18
16196,4
16198,3
16199,4
16201,9
16202,11
16205,1
16208,20
16211,8
16212,4
16214,8
16215,9
16217,1
16218,3
16220,8
16221,19
16224,11
16227,21
16228,6
16230,4
16231,3
16233,11
16234,11
16236,4
16237,6
16240,21
16243,3
16244,2
16246,11
16247,7
16249,3
16250,2
16252,6
16253,24
16256,9
16259,24
16260,4
16262,5
16263,3
16265,3
16266,9
16268,4
16269,9
16272,15
16275,8
16276,2
16278,8
16279,14
16281,5
16282,3
16284,2
16285,24
16288,6
16291,16
16292,6
16294,4
16297,9
16298,16
16300,3
16301,6
16304,23
16307,4
16308,2
16310,15
16311,14
16313,5
16314,9
16316,4
16317,19
16320,5
16323,17
16324,5
16326,6
16327,2
16329,10
16330,21
16332,2
16333,5
16336,30
16339,1
16340,1
16342,17
16343,11
16345,4
16346,6
16348,4
16349,17
16352,9
16355,22
16356,7
16358,6
16359,2
16361,5
16362,16
16364,1
16365,8
16368,22
16371,7
16372,2
16374,14
16375,10
16377,2
16378,10
16380,2
16381,20
16384,8
16387,17
16388,5
16390,5
16391,4
16393,8
16394,13
16396,1
16397,7
16400,28
16403,7
16404,1
16406,16
16407,11
16409,3
16410,8
16413,18
16416,8
16419,27
16420,4
16422,6
16423,1
16425,17
16426,16
16429,4
16432,26
16435,5
16436,2
16438,17
16439,13
16441,4
16442,5
16444,4
16445,31
16448,11
16451,19
16452,5
16454,1
16457,11
16458,9
16460,2
16461,6
16464,26
16467,6
16468,2
16470,19
16471,4
16473,6
16474,4
16476,4
16477,22
16480,4
16483,14
16484,2
16486,4
16487,4
16489,10
16490,12
16492,3
16493,9
16496,30
16499,9
16500,5
16502,20
16503,8
16505,4
16506,9
16508,5
16509,20
16512,8
16515,21
16516,3
16518,4
16519,5
16521,7
16522,14
16524,3
16525,9
16528,25
16531,8
16534,12
16535,7
16537,1
16538,7
16540,2
16541,28
16544,7
16547,24
16548,3
16550,7
16551,4
16553,8
16554,18
16556,1
16557,8
16560,19
16563,9
16564,2
16566,11
16567,15
16569,1
16570,6
16572,3
16573,25
16576,8
16579,24
16580,3
16582,6
16583,5
16585,17
16586,17
16588,2
16589,11
16592,25
16595,6
16596,1
16598,19
16599,7
16601,5
16602,4
16604,4
16605,24
16608,12
16611,19
16612,4
16614,4
16615,5
16617,14
16618,16
16621,14
16624,33
16627,9
16628,1
16630,19
16631,19
16633,3
16634,3
16636,6
16637,17
16640,9
16643,30
16644,11
16646,6
16647,3
16649,9
16650,18
16652,1
16653,10
16656,24
16659,10
16660,2
16662,21
16663,11
16665,2
16666,5
16668,5
16669,26
16672,11
16675,22
16676,9
16678,8
16679,5
16681,8
16682,12
16684,1
16685,8
16688,27
16691,6
16694,18
16695,14
16697,5
16698,8
16700,3
16701,16
16704,10
16707,22
16708,5
16710,8
16711,2
16713,8
16714,21
16717,8
16720,33
16723,12
16724,3
16726,21
16727,13
16729,6
16730,4
16732,7
16733,22
16736,9
16739,20
16740,4
16742,3
16743,6
16745,11
16746,12
16748,3
16749,8
16752,34
16755,8
16756,1
16758,11
16759,14
16761,6
16762,7
16764,8
16765,21
16768,18
16771,21
16772,9
16774,7
16775,3
16777,15
16778,10
16780,4
16781,11
16784,29
16787,7
16788,2
16790,24
16791,13
16793,3
16794,9
16796,9
16797,20
16800,11
16803,21
16804,6
16806,5
16807,7
16809,12
16810,21
16812,1
16813,10
16816,29
16819,13
16820,4
16822,15
16823,10
16825,3
16826,7
16828,6
16829,22
16832,11
16835,23
16836,9
16838,12
16839,2
16841,12
16842,16
16844,3
16845,8
16848,29
16851,11
16852,3
16854,23
16855,14
16857,8
16858,3
16860,4
16861,27
16864,9
16867,19
16868,8
16870,7
16871,6
16873,9
16874,18
16876,4
16877,5
16880,29
16883,12
16884,3
16886,16
16887,13
16889,6
16890,13
16892,11
16893,32
16896,13
16899,28
16900,5
16902,10
16903,6
16905,15
16906,13
16908,1
16909,9
16912,38
16915,8
16916,2
16918,14
16919,18
16921,4
16922,17
16924,7
16925,23
16928,12
16931,25
16932,10
16934,10
16935,3
16937,12
16938,24
16940,4
16941,7
16944,29
16947,9
16948,2
16950,22
16951,15
16953,4
16954,7
16956,9
16957,29
16960,13
16963,28
16964,6
16966,9
16967,6
16969,19
16970,18
16972,4
16973,4
16976,37
16979,11
16980,1
16982,17
16983,14
16985,5
16986,7
16988,7
16989,29
16992,12
16995,26
16996,8
16998,5
16999,4
17001,16
17002,24
17004,3
17005,12
17008,27
17011,8
17012,5
17014,21
17015,13
17017,3
17018,9
17020,8
17021,27
17024,18
17027,30
17028,5
17030,11
17031,6
17033,11
17034,29
17037,16
17040,30
17043,9
17044,5
17046,17
17047,10
17050,12
17052,16
17053,36
17056,16
17059,26
17060,7
17062,6
17063,9
17065,9
17066,28
17068,3
17069,7
17072,32
17075,15
17076,1
17078,18
17079,11
17081,5
17082,13
17084,11
17085,31
17088,15
17091,34
17092,6
17094,13
17095,9
17097,23
17098,26
17100,2
17101,13
17104,40
17107,8
17108,3
17110,13
17111,13
17113,4
17114,11
17116,14
17117,32
17120,12
17123,28
17124,9
17126,3
17127,9
17129,7
17130,11
17132,2
17133,8
17136,40
17139,13
17140,2
17142,31
17143,16
17145,11
17146,8
17148,6
17149,18
17152,17
17155,35
17156,7
17158,9
17159,4
17161,21
17162,23
17164,4
17165,13
17168,42
17171,11
17172,1
17174,23
17175,12
17177,7
17178,13
17180,7
17181,34
17184,16
17187,32
17188,6
17190,3
17191,6
17193,18
17194,19
17196,2
17197,17
17200,47
17203,10
17204,3
17206,21
17207,18
17209,2
17210,5
17212,7
17213,37
17216,15
17219,41
17220,8
17222,11
17223,5
17225,19
17226,20
17228,7
17229,8
17232,42
17235,14
17236,1
17238,20
17239,9
17241,4
17242,7
17244,10
17245,28
17248,18
17251,31
17252,12
17254,6
17255,6
17257,12
17258,31
17260,4
17261,12
17264,43
17267,10
17268,4
17270,23
17271,17
17273,7
17274,12
17276,12
17277,43
17280,26
17283,47
17284,10
17286,16
17287,3
17289,18
17290,28
17292,4
17293,15
17296,48
17299,8
17300,1
17302,21
17303,21
17305,6
17306,9
17308,7
17309,37
17312,14
17315,40
17316,7
17318,3
17319,10
17321,22
17322,25
17325,9
17328,43
17331,15
17332,4
17334,26
17335,16
17337,7
17338,13
17340,3
17341,42
17344,21
17347,45
17348,8
17350,19
17351,7
17353,19
17354,41
17356,3
17357,15
17360,49
17363,12
17364,1
17366,27
17367,19
17369,9
17370,9
17372,6
17373,34
17376,18
17379,42
17380,12
17382,9
17383,7
17385,19
17386,23
17388,5
17389,10
17392,45
17395,9
17396,1
17398,26
17399,24
17401,6
17402,8
17404,7
17405,34
17408,13
17411,39
17412,10
17414,7
17415,5
17417,23
17418,25
17420,3
17421,12
17424,60
17427,17
17428,6
17430,28
17431,17
17433,5
17434,6
17436,8
17437,50
17440,21
17443,44
17444,9
17446,10
17447,2
17449,16
17450,32
17452,4
17453,10
17456,57
17459,12
17460,5
17462,28
17463,11
17465,8
17466,9
17468,11
17469,40
17472,17
17475,42
17476,14
17478,10
17479,6
17481,22
17482,27
17484,4
17485,21
17488,32
17491,15
17492,6
17494,33
17495,17
17497,5
17498,11
17500,17
17501,34
17504,23
17507,49
17508,11
17510,12
17511,6
17513,16
17514,32
17516,5
17517,20
17520,52
17523,23
17524,5
17526,30
17527,24
17529,9
17530,13
17532,7
17533,41
17536,24
17539,43
17540,10
17542,9
17543,9
17545,22
17546,33
17548,3
17549,19
17552,58
17555,14
17556,2
17558,33
17559,21
17561,11
17562,15
17564,11
17565,46
17568,16
17571,46
17572,17
17574,4
17575,7
17577,25
17578,35
17580,5
17581,11
17584,57
17587,16
17588,4
17590,39
17591,20
17593,4
17594,10
17596,15
17597,48
17600,17
17603,47
17604,18
17606,9
17607,5
17609,23
17610,35
17612,8
17613,23
17616,36
17619,20
17620,3
17622,23
17623,17
17625,7
17626,13
17628,18
17629,49
17632,16
17635,45
17636,12
17638,20
17639,7
17641,27
17642,30
17644,6
17645,19
17648,70
17651,12
17652,7
17654,22
17655,26
17657,8
17658,17
17660,10
17661,46
17664,13
17667,43
17668,12
17670,9
17671,7
17673,22
17674,28
17676,3
17677,15
17680,56
17683,16
17684,3
17686,26
17687,12
17689,10
17690,8
17692,8
17693,46
17696,25
17699,48
17700,13
17702,10
17703,7
17705,27
17706,28
17708,1
17709,17
17712,62
17715,13
17716,3
17718,43
17719,28
17721,5
17722,14
17724,15
17725,48
17728,30
17731,46
17732,11
17734,12
17735,7
17737,18
17738,27
17740,3
17741,17
17744,60
17747,27
17748,5
17750,33
17751,20
17753,10
17754,15
17756,12
17757,46
17760,19
17763,53
17764,10
17766,11
17767,7
17769,24
17770,39
17772,4
17773,20
17776,57
17779,24
17780,5
17782,35
17783,24
17785,12
17786,14
17788,10
17789,36
17792,22
17795,50
17796,9
17798,16
17799,7
17801,35
17802,48
17804,6
17805,20
17808,70
17811,23
17812,2
17814,30
17815,25
17817,4
17818,12
17820,13
17821,70
17824,14
17827,54
17828,15
17830,9
17831,7
17833,23
17834,44
17836,9
17837,19
17840,79
17843,19
17844,1
17846,40
17847,20
17849,8
17850,15
17852,12
17853,44
17856,30
17859,63
17860,17
17862,14
17863,12
17865,23
17866,34
17868,3
17869,16
17872,89
17875,16
17876,9
17878,43
17879,26
17881,9
17882,14
17884,12
17885,43
17888,21
17891,55
17892,8
17894,16
17895,11
17897,29
17898,33
17901,22
17904,68
17907,15
17908,5
17910,53
17911,26
17913,9
17914,13
17916,21
17917,61
17920,25
17923,55
17924,22
17926,13
17927,5
17929,31
17930,40
17932,6
17933,15
17936,61
17939,14
17940,5
17942,36
17943,31
17945,10
17946,13
17948,13
17949,67
17952,18
17955,59
17956,13
17958,17
17959,11
17961,29
17962,47
17964,4
17965,13
17968,68
17971,26
17972,9
17974,43
17975,23
17977,11
17978,25
17980,7
17981,62
17984,22
17987,57
17988,18
17990,15
17991,12
17993,41
17994,48
17996,9
17997,20
18000,79
18003,21
18004,8
18006,40
18007,23
18009,4
18010,15
18012,15
18013,53
18016,21
18019,39
18020,12
18022,18
18023,10
18025,31
18026,40
18028,7
18029,19
18032,68
18035,22
18036,11
18038,55
18039,34
18041,10
18042,18
18044,18
18045,59
18048,26
18051,53
18052,11
18054,20
18055,16
18057,33
18058,44
18060,8
18061,16
18064,74
18067,22
18068,1
18070,46
18071,31
18073,14
18074,16
18076,13
18077,61
18080,37
18083,65
18084,7
18086,15
18087,14
18089,27
18090,52
18092,3
18093,12
18096,76
18099,27
18100,9
18102,43
18103,30
18105,17
18106,11
18108,14
18109,52
18112,25
18115,55
18116,13
18118,17
18119,11
18121,31
18122,40
18124,3
18125,28
18128,86
18131,34
18132,4
18134,55
18135,33
18137,14
18138,25
18140,13
18141,77
18144,34
18147,73
18148,15
18150,12
18151,12
18153,21
18154,42
18156,7
18157,28
18160,70
18163,20
18164,6
18166,44
18167,31
18169,13
18170,17
18172,18
18173,68
18176,26
18179,60
18180,13
18182,22
18183,12
18185,38
18186,52
18188,4
18189,22
18192,76
18195,26
18196,11
18198,44
18199,27
18201,8
18202,27
18204,15
18205,81
18208,25
18211,72
18212,27
18214,22
18215,9
18217,33
18218,53
18220,8
18221,22
18224,82
18227,28
18228,1
18230,54
18231,39
18233,23
18234,21
18236,20
18237,63
18240,23
18243,73
18244,20
18246,18
18247,9
18249,33
18250,61
18252,5
18253,26
18256,101
18259,23
18260,9
18262,58
18263,28
18265,7
18266,14
18268,17
18269,65
18272,33
18275,77
18276,24
18278,12
18279,9
18281,26
18282,47
18284,4
18285,26
18288,72
18291,24
18292,2
18294,55
18295,34
18297,19
18298,20
18300,19
18301,73
18304,35
18307,77
18308,22
18310,14
18311,11
18313,47
18314,64
18316,7
18317,31
18320,92
18323,27
18324,5
18326,54
18327,38
18329,14
18330,19
18332,18
18333,66
18336,29
18339,60
18340,21
18342,20
18343,11
18345,40
18346,54
18348,5
18349,28
18352,86
18355,26
18356,5
18358,43
18359,35
18361,13
18362,15
18364,26
18365,72
18368,32
18371,73
18372,19
18374,21
18375,15
18377,47
18378,53
18380,6
18381,22
18384,96
18387,34
18388,10
18390,66
18391,34
18393,21
18394,21
18396,18
18397,79
18400,34
18403,72
18404,14
18406,15
18407,12
18409,34
18410,43
18412,10
18413,19
18416,97
18419,20
18420,7
18422,66
18423,35
18425,17
18426,21
18428,18
18429,76
18432,31
18435,85
18436,21
18438,22
18439,13
18441,39
18442,49
18444,7
18445,23
18448,87
18451,28
18452,8
18454,43
18455,38
18457,7
18458,25
18460,13
18461,75
18464,31
18467,70
18468,17
18470,24
18471,16
18473,41
18474,55
18476,9
18477,27
18480,104
18483,25
18484,7
18486,61
18487,41
18489,21
18490,26
18492,22
18493,68
18496,34
18499,84
18500,22
18502,25
18503,16
18505,29
18506,50
18508,10
18509,26
18512,99
18515,26
18516,5
18518,66
18519,40
18521,14
18522,25
18524,26
18525,69
18528,31
18531,82
18532,18
18534,20
18535,10
18537,41
18538,63
18540,3
18541,25
18544,86
18547,28
18548,13
18550,56
18551,41
18553,11
18554,24
18556,19
18557,69
18560,34
18563,64
18564,18
18566,17
18567,12
18569,43
18570,70
18572,5
18573,27
18576,96
18579,28
18580,10
18582,49
18583,33
18585,17
18586,18
18588,19
18589,63
18592,43
18595,61
18596,23
18598,24
18599,16
18601,49
18602,53
18604,8
18605,34
18608,95
18611,27
18612,2
18614,44
18615,40
18617,14
18618,26
18620,16
18621,70
18624,34
18627,80
18628,19
18630,23
18631,16
18633,41
18634,59
18636,8
18637,31
18640,114
18643,24
18644,6
18646,58
18647,39
18649,17
18650,15
18652,23
18653,82
18656,35
18659,78
18660,19
18662,17
18663,16
18665,35
18666,54
18668,7
18669,18
18672,109
18675,38
18676,8
18678,46
18679,27
18681,17
18682,20
18684,15
18685,72
18688,29
18691,70
18692,15
18694,21
18695,10
18697,32
18698,43
18700,12
18701,27
18704,91
18707,44
18708,8
18710,56
18711,38
18713,12
18714,18
18716,17
18717,66
18720,43
18723,73
18724,14
18726,24
18727,19
18729,35
18730,46
18732,10
18733,26
18736,86
18739,30
18740,5
18742,52
18743,38
18745,12
18746,24
18748,24
18749,76
18752,45
18755,74
18756,17
18758,24
18759,12
18761,53
18762,63
18764,9
18765,36
18768,96
18771,40
18772,7
18774,57
18775,41
18777,16
18778,34
18780,24
18781,71
18784,36
18787,78
18788,22
18790,21
18791,11
18793,44
18794,53
18796,13
18797,23
18800,105
18803,30
18804,1
18806,44
18807,44
18809,13
18810,24
18812,17
18813,79
18816,40
18819,74
18820,25
18822,19
18823,19
18825,41
18826,45
18828,8
18829,32
18832,89
18835,36
18836,10
18838,57
18839,37
18841,16
18842,14
18844,20
18845,65
18848,36
18851,89
18852,22
18854,18
18855,17
18857,34
18858,58
18860,9
18861,27
18864,92
18867,22
18868,6
18870,54
18871,43
18873,10
18874,23
18876,24
18877,63
18880,42
18883,81
18884,18
18886,25
18887,15
18889,30
18890,49
18892,12
18893,31
18896,101
18899,35
18900,9
18902,58
18903,37
18905,9
18906,23
18908,16
18909,77
18912,43
18915,76
18916,16
18918,20
18919,11
18921,31
18922,65
18924,9
18925,35
18928,108
18931,28
18932,5
18934,63
18935,49
18937,17
18938,25
18940,22
18941,62
18944,30
18947,77
18948,21
18950,20
18951,13
18953,38
18954,62
18956,10
18957,30
18960,112
18963,24
18964,9
18966,47
18967,40
18969,19
18970,19
18972,18
18973,76
18976,33
18979,80
18980,23
18982,23
18983,13
18985,34
18986,64
18988,12
18989,36
18992,110
18995,28
18996,5
18998,55
18999,37
19001,13
19002,29
19004,25
19005,75
19008,28
19011,68
19012,21
19014,23
19015,18
19017,46
19018,65
19020,10
19021,32
19024,99
19027,26
19028,5
19030,62
19031,35
19033,13
19034,29
19036,17
19037,60
19040,32
19043,71
19044,22
19046,22
19047,14
19049,36
19050,53
19052,6
19053,28
19056,94
19059,33
19060,6
19062,66
19063,36
19065,13
19066,18
19068,23
19069,71
19072,30
19075,61
19076,19
19078,24
19079,15
19081,34
19082,50
19084,3
19085,26
19088,83
19091,25
19092,4
19094,46
19095,45
19097,21
19098,24
19100,14
19101,73
19104,45
19107,59
19108,17
19110,28
19111,15
19113,30
19114,59
19116,9
19117,31
19120,100
19123,37
19124,5
19126,56
19127,43
19129,12
19130,18
19132,14
19133,64
19136,30
19139,72
19140,15
19142,25
19143,10
19145,36
19146,47
19148,2
19149,36
19152,88
19155,21
19156,6
19158,57
19159,40
19161,17
19162,27
19164,13
19165,68
19168,39
19171,63
19172,18
19174,20
19175,18
19177,42
19178,40
19180,3
19181,16
19184,101
19187,27
19188,8
19190,62
19191,45
19193,8
19194,25
19196,24
19197,95
19200,35
19203,68
19204,16
19206,22
19207,22
19209,44
19210,53
19212,9
19213,27
19216,79
19219,31
19220,5
19222,48
19223,36
19225,14
19226,22
19228,18
19229,72
19232,36
19235,73
19236,18
19238,19
19239,18
19241,40
19242,55
19244,4
19245,31
19248,87
19251,32
19252,9
19254,48
19255,39
19257,11
19258,22
19260,17
19261,71
19264,41
19267,82
19268,13
19270,18
19271,17
19273,36
19274,52
19276,7
19277,27
19280,105
19283,28
19284,12
19286,54
19287,43
19289,13
19290,28
19292,24
19293,61
19296,35
19299,64
19300,26
19302,21
19303,26
19305,32
19306,56
19308,5
19309,31
19312,87
19315,37
19316,5
19318,60
19319,33
19321,18
19322,13
19324,16
19325,71
19328,41
19331,71
19332,17
19334,14
19335,19
19337,28
19338,47
19340,9
19341,18
19344,104
19347,22
19348,7
19350,56
19351,43
19353,6
19354,22
19356,21
19357,82
19360,35
19363,76
19364,19
19366,18
19367,21
19369,38
19370,53
19372,8
19373,31
19376,94
19379,28
19380,11
19382,41
19383,32
19385,8
19386,28
19388,12
19389,61
19392,30
19395,77
19396,19
19398,30
19399,15
19401,33
19402,38
19404,9
19405,31
19408,96
19411,32
19412,8
19414,60
19415,26
19417,12
19418,32
19420,22
19421,83
19424,39
19427,74
19428,21
19430,24
19431,12
19433,35
19434,60
19436,8
19437,18
19440,78
19443,28
19444,4
19446,45
19447,31
19449,9
19450,22
19452,16
19453,76
19456,41
19459,67
19460,22
19462,19
19463,11
19465,48
19466,52
19468,4
19469,27
19472,86
19475,27
19476,5
19478,52
19479,34
19481,8
19482,20
19484,28
19485,63
19488,33
19491,77
19492,22
19494,19
19495,16
19497,34
19498,48
19500,6
19501,28
19504,73
19507,23
19508,11
19510,44
19511,26
19513,14
19514,16
19516,19
19517,50
19520,35
19523,83
19524,15
19526,25
19527,9
19529,26
19530,42
19532,12
19533,25
19536,79
19539,30
19540,4
19542,60
19543,28
19545,10
19546,16
19548,23
19549,49
19552,18
19555,71
19556,16
19558,28
19559,12
19561,27
19562,49
19564,6
19565,15
19568,85
19571,23
19572,11
19574,58
19575,31
19577,24
19578,16
19580,17
19581,55
19584,20
19587,55
19588,14
19590,17
19591,15
19593,43
19594,59
19596,6
19597,22
19600,92
19603,20
19604,10
19606,43
19607,37
19609,12
19610,28
19612,17
19613,75
19616,26
19619,74
19620,13
19622,20
19623,13
19625,32
19626,56
19628,5
19629,28
19632,80
19635,30
19636,4
19638,55
19639,23
19641,10
19642,15
19644,17
19645,72
19648,33
19651,51
19652,19
19654,18
19655,18
19657,35
19658,45
19660,3
19661,20
19664,78
19667,30
19668,2
19670,43
19671,28
19673,16
19674,25
19676,20
19677,73
19680,33
19683,55
19684,9
19686,21
19687,15
19689,29
19690,46
19692,10
19693,17
19696,91
19699,17
19700,5
19702,54
19703,30
19705,12
19706,17
19708,13
19709,58
19712,25
19715,64
19716,24
19718,15
19719,6
19721,35
19722,39
19724,5
19725,23
19728,69
19731,24
19732,7
19734,36
19735,24
19737,17
19738,18
19740,15
19741,70
19744,25
19747,51
19748,17
19750,13
19751,9
19753,25
19754,46
19756,9
19757,18
19760,57
19763,24
19764,3
19766,43
19767,28
19769,11
19770,12
19772,14
19773,59
19776,27
19779,58
19780,11
19782,34
19783,14
19785,26
19786,34
19788,6
19789,24
19792,69
19795,34
19796,6
19798,44
19799,26
19801,8
19802,9
19804,16
19805,74
19808,21
19811,62
19812,13
19814,22
19815,16
19817,33
19818,45
19820,4
19821,30
19824,80
19827,22
19828,4
19830,54
19831,29
19833,14
19834,15
19836,10
19837,49
19840,32
19843,56
19844,17
19846,12
19847,15
19849,32
19850,46
19852,7
19853,24
19856,85
19859,28
19860,4
19862,48
19863,27
19865,7
19866,14
19868,20
19869,65
19872,30
19875,51
19876,14
19878,10
19879,11
19881,44
19882,41
19885,19
19888,74
19891,20
19892,4
19894,42
19895,35
19897,10
19898,19
19900,11
19901,55
19904,26
19907,54
19908,14
19910,9
19911,11
19913,29
19914,50
19916,9
19917,18
19920,67
19923,18
19924,4
19926,48
19927,24
19929,6
19930,15
19932,13
19933,51
19936,27
19939,66
19940,13
19942,18
19943,9
19945,35
19946,38
19948,3
19949,19
19952,73
19955,24
19956,5
19958,36
19959,27
19961,13
19962,18
19964,16
19965,64
19968,31
19971,57
19972,20
19974,21
19975,24
19977,27
19978,38
19980,8
19981,21
19984,74
19987,25
19988,11
19990,34
19991,37
19993,14
19994,22
19996,13
19997,42
20000,15
20003,58
20004,16
20006,12
20007,4
20009,29
20010,40
20012,10
20013,21
20016,63
20019,24
20020,7
20022,54
20023,33
20025,10
20026,13
20028,16
20029,78
20032,21
20035,53
20036,22
20038,16
20039,13
20041,37
20042,41
20044,10
20045,29
20048,64
20051,19
20052,4
20054,45
20055,22
20057,16
20058,26
20060,14
20061,67
20064,28
20067,63
20068,14
20070,21
20071,7
20073,24
20074,45
20076,6
20077,22
20080,74
20083,23
20084,7
20086,44
20087,25
20089,7
20090,19
20092,17
20093,66
20096,21
20099,63
20100,10
20102,16
20103,13
20105,26
20106,45
20108,3
20109,22
20112,67
20115,17
20116,4
20118,31
20119,25
20121,10
20122,15
20124,16
20125,63
20128,28
20131,65
20132,21
20134,18
20135,9
20137,21
20138,37
20140,2
20141,14
20144,59
20147,13
20148,2
20150,37
20151,29
20153,15
20154,9
20156,13
20157,54
20160,31
20163,47
20164,13
20166,14
20167,15
20169,27
20170,27
20172,5
20173,17
20176,73
20179,18
20180,7
20182,32
20183,18
20185,9
20186,14
20188,6
20189,61
20192,26
20195,45
20196,10
20198,22
20199,10
20201,28
20202,48
20204,7
20205,15
20208,73
20211,18
20212,7
20214,51
20215,27
20217,16
20218,20
20220,15
20221,55
20224,22
20227,77
20228,10
20230,12
20231,10
20233,37
20234,43
20236,7
20237,17
20240,77
20243,22
20244,4
20246,46
20247,25
20249,8
20250,16
20252,19
20253,50
20256,34
20259,66
20260,14
20262,19
20263,3
20265,32
20266,36
20268,7
20269,21
20272,63
20275,27
20276,6
20278,46
20279,33
20281,9
20282,9
20284,19
20285,63
20288,19
20291,60
20292,19
20294,17
20295,9
20297,29
20298,44
20300,3
20301,19
20304,69
20307,22
20308,5
20310,51
20311,25
20313,10
20314,12
20316,17
20317,44
20320,17
20323,49
20324,12
20326,13
20327,10
20329,25
20330,44
20332,5
20333,24
20336,84
20339,22
20340,3
20342,39
20343,25
20345,11
20346,14
20348,12
20349,45
20352,25
20355,56
20356,9
20358,12
20359,15
20361,29
20362,37
20364,6
20365,17
20368,65
20371,18
20372,4
20374,36
20375,30
20377,9
20378,16
20380,13
20381,63
20384,23
20387,56
20388,14
20390,10
20391,6
20393,26
20394,38
20396,4
20397,19
20400,56
20403,19
20404,7
20406,42
20407,33
20409,10
20410,13
20412,13
20413,56
20416,24
20419,61
20420,20
20422,16
20423,10
20425,36
20426,44
20428,4
20429,25
20432,66
20435,18
20436,10
20438,41
20439,28
20441,14
20442,11
20444,16
20445,50
20448,38
20451,69
20452,11
20454,12
20455,12
20457,23
20458,36
20460,2
20461,19
20464,70
20467,22
20468,4
20470,45
20471,27
20473,5
20474,13
20476,12
20477,48
20480,18
20483,51
20484,17
20486,14
20487,3
20489,30
20490,44
20492,6
20493,27
20496,76
20499,14
20500,5
20502,46
20503,22
20505,11
20506,14
20508,10
20509,51
20512,23
20515,56
20516,15
20518,15
20519,11
20521,22
20522,37
20524,4
20525,20
20528,73
20531,25
20532,9
20534,53
20535,38
20537,13
20538,15
20540,9
20541,51
20544,24
20547,51
20548,11
20550,10
20551,9
20553,25
20554,42
20556,2
20557,20
20560,86
20563,22
20564,2
20566,32
20567,30
20569,13
20570,19
20572,17
20573,56
20576,21
20579,56
20580,8
20582,15
20583,5
20585,32
20586,41
20588,4
20589,24
20592,76
20595,18
20596,3
20598,41
20599,19
20601,11
20602,11
20604,16
20605,42
20608,29
20611,41
20612,10
20614,19
20615,9
20617,29
20618,37
20620,6
20621,21
20624,62
20627,25
20628,4
20630,33
20631,30
20633,6
20634,12
20636,15
20637,48
20640,15
20643,49
20644,17
20646,13
20647,10
20649,22
20650,34
20652,8
20653,25
20656,58
20659,19
20660,3
20662,35
20663,17
20665,12
20666,9
20668,20
20669,47
20672,36
20675,46
20676,8
20678,12
20679,10
20681,21
20682,44
20684,9
20685,18
20688,70
20691,17
20692,1
20694,44
20695,27
20697,13
20698,14
20700,19
20701,45
20704,32
20707,44
20708,16
20710,15
20711,10
20713,17
20714,38
20716,5
20717,13
20720,58
20723,14
20724,3
20726,41
20727,25
20729,11
20730,11
20732,18
20733,62
20736,27
20739,41
20740,13
20742,13
20743,7
20745,28
20746,42
20748,6
20749,20
20752,64
20755,19
20756,4
20758,32
20759,33
20761,8
20762,14
20764,20
20765,52
20768,25
20771,50
20772,12
20774,13
20775,9
20777,29
20778,47
20780,7
20781,14
20784,60
20787,10
20788,2
20790,41
20791,27
20793,8
20794,14
20796,7
20797,49
20800,25
20803,56
20804,12
20806,12
20807,8
20809,21
20810,36
20812,6
20813,26
20816,100
20819,27
20820,7
20822,31
20823,25
20825,11
20826,16
20828,18
20829,54
20832,18
20835,49
20836,15
20838,17
20839,8
20841,20
20842,41
20844,6
20845,25
20848,52
20851,23
20852,2
20854,47
20855,21
20857,10
20858,14
20860,15
20861,50
20864,20
20867,45
20868,15
20870,11
20871,14
20873,22
20874,42
20876,9
20877,21
20880,48
20883,25
20884,6
20886,43
20887,18
20889,9
20890,10
20892,15
20893,56
20896,25
20899,60
20900,9
20902,11
20903,11
20905,19
20906,45
20908,9
20909,21
20912,68
20915,13
20916,7
20918,38
20919,25
20921,5
20922,15
20924,13
20925,42
20928,23
20931,57
20932,13
20934,17
20935,9
20937,20
20938,48
20940,10
20941,21
20944,67
20947,18
20948,3
20950,49
20951,25
20953,10
20954,17
20956,7
20957,71
20960,20
20963,54
20964,16
20966,21
20967,8
20969,19
20970,43
20972,6
20973,19
20976,69
20979,23
20980,10
20982,36
20983,26
20985,7
20986,8
20988,6
20989,65
20992,23
20995,61
20996,18
20998,11
20999,14
21001,30
21002,32
21004,4
21005,22
21008,65
21011,16
21012,7
21014,45
21015,26
21017,13
21018,12
21020,13
21021,44
21024,23
21027,50
21028,15
21030,20
21031,12
21033,22
21034,40
21036,7
21037,20
21040,70
21043,17
21044,3
21046,35
21047,25
21049,10
21050,16
21052,19
21053,51
21056,34
21059,36
21060,19
21062,18
21063,9
21065,20
21066,35
21068,6
21069,20
21072,75
21075,21
21076,5
21078,46
21079,26
21081,6
21082,14
21084,13
21085,49
21088,26
21091,48
21092,17
21094,18
21095,8
21097,26
21098,33
21100,10
21101,18
21104,70
21107,20
21108,3
21110,36
21111,16
21113,6
21114,20
21116,14
21117,65
21120,24
21123,57
21124,11
21126,21
21127,14
21129,18
21130,37
21132,5
21133,20
21136,62
21139,16
21140,1
21142,38
21143,20
21145,9
21146,11
21148,13
21149,49
21152,31
21155,54
21156,10
21158,15
21159,9
21161,26
21162,39
21164,2
21165,22
21168,63
21171,15
21172,3
21174,35
21175,33
21177,6
21178,14
21180,17
21181,52
21184,29
21187,45
21188,17
21190,14
21191,9
21193,20
21194,35
21196,3
21197,15
21200,66
21203,18
21204,3
21206,32
21207,20
21209,7
21210,16
21212,16
21213,38
21216,30
21219,58
21220,11
21222,17
21223,7
21225,25
21226,38
21228,4
21229,17
21232,58
21235,15
21236,4
21238,33
21239,21
21241,11
21242,10
21244,8
21245,62
21248,21
21251,47
21252,12
21254,14
21255,7
21257,17
21258,40
21260,8
21261,33
21264,52
21267,19
21268,11
21270,46
21271,29
21273,10
21274,13
21276,5
21277,43
21280,27
21283,55
21284,15
21286,18
21287,7
21289,23
21290,40
21292,6
21293,19
21296,78
21299,21
21300,4
21302,32
21303,29
21305,9
21306,17
21308,12
21309,46
21312,19
21315,48
21316,12
21318,17
21319,12
21321,24
21322,46
21324,2
21325,13
21328,55
21331,20
21332,5
21334,44
21335,37
21337,5
21338,25
21340,12
21341,63
21344,22
21347,36
21348,8
21350,11
21351,12
21353,26
21354,39
21356,7
21357,19
21360,55
21363,23
21364,5
21366,34
21367,14
21369,5
21370,16
21372,6
21373,51
21376,21
21379,62
21380,18
21382,14
21383,12
21385,32
21386,30
21388,3
21389,18
21392,70
21395,13
21396,3
21398,30
21399,26
21401,5
21402,11
21404,16
21405,57
21408,21
21411,56
21412,13
21414,13
21415,12
21417,14
21418,43
21420,7
21421,18
21424,69
21427,21
21428,2
21430,42
21431,33
21433,8
21434,8
21436,14
21437,49
21440,21
21443,44
21444,13
21446,8
21447,10
21449,25
21450,33
21452,7
21453,18
21456,51
21459,23
21460,12
21462,41
21463,32
21465,8
21466,15
21468,15
21469,46
21472,28
21475,43
21476,15
21478,19
21479,6
21481,20
21482,47
21484,9
21485,12
21488,64
21491,16
21492,2
21494,42
21495,24
21497,16
21498,22
21500,8
21501,58
21504,26
21507,41
21508,12
21510,12
21511,5
21513,20
21514,38
21516,5
21517,16
21520,62
21523,18
21524,2
21526,40
21527,15
21529,7
21530,16
21532,17
21533,49
21536,21
21539,57
21540,10
21542,11
21543,6
21545,31
21546,26
21548,5
21549,18
21552,72
21555,15
21556,6
21558,38
21559,25
21561,8
21562,10
21564,9
21565,39
21568,17
21571,44
21572,16
21574,15
21575,9
21577,29
21578,38
21580,7
21581,23
21584,53
21587,11
21588,3
21590,32
21591,23
21593,10
21594,18
21596,11
21597,43
21600,19
21603,35
21604,20
21606,7
21607,13
21609,19
21610,34
21612,5
21613,19
21616,78
21619,28
21620,9
21622,30
21623,18
21625,11
21626,11
21628,16
21629,32
21632,21
21635,34
21636,13
21638,20
21639,6
21641,33
21642,30
21644,4
21645,8
21648,52
21651,16
21652,6
21654,29
21655,21
21657,13
21658,11
21660,12
21661,41
21664,17
21667,45
21668,10
21670,13
21671,10
21673,18
21674,24
21676,5
21677,15
21680,68
21683,14
21684,4
21686,35
21687,19
21689,8
21690,18
21692,10
21693,39
21696,22
21699,52
21700,14
21702,22
21703,9
21705,35
21706,27
21708,3
21709,15
21712,54
21715,26
21716,4
21718,29
21719,23
21721,7
21722,8
21724,15
21725,44
21728,21
21731,52
21732,14
21734,15
21735,5
21737,20
21738,30
21740,7
21741,15
21744,47
21747,12
21748,1
21750,34
21751,21
21753,5
21754,11
21756,11
21757,38
21760,24
21763,53
21764,12
21766,12
21767,10
21769,18
21770,32
21772,5
21773,14
21776,48
21779,17
21780,2
21782,25
21783,23
21785,6
21786,11
21788,10
21789,41
21792,25
21795,50
21796,9
21798,15
21799,7
21801,21
21802,33
21804,4
21805,11
21808,43
21811,19
21812,2
21814,41
21815,16
21817,13
21818,14
21820,14
21821,34
21824,16
21827,40
21828,14
21830,12
21831,9
21833,19
21834,30
21836,4
21837,19
21840,55
21843,14
21844,3
21846,22
21847,21
21849,7
21850,9
21852,6
21853,38
21856,14
21859,40
21860,12
21862,13
21863,4
21865,24
21866,30
21868,2
21869,14
21872,53
21875,11
21876,2
21878,30
21879,21
21881,8
21882,8
21884,12
21885,39
21888,11
21891,43
21892,10
21894,10
21895,5
21897,18
21898,32
21900,5
21901,9
21904,61
21907,16
21908,2
21910,20
21911,17
21913,7
21914,12
21916,1
21917,46
21920,12
21923,37
21924,8
21926,13
21927,6
21929,14
21930,26
21932,4
21933,12
21936,56
21939,19
21940,5
21942,42
21943,24
21945,5
21946,10
21948,3
21949,32
21952,18
21955,30
21956,11
21958,12
21959,8
21961,15
21962,28
21964,6
21965,16
21968,53
21971,15
21972,2
21974,29
21975,29
21977,6
21978,14
21980,8
21981,34
21984,21
21987,36
21988,7
21990,16
21991,8
21993,21
21994,33
21996,4
21997,19
22000,40
22003,13
22004,4
22006,26
22007,17
22009,11
22010,6
22012,7
22013,38
22016,18
22019,47
22020,7
22022,15
22023,7
22025,18
22026,20
22028,2
22029,16
22032,40
22035,11
22036,5
22038,27
22039,18
22041,6
22042,9
22044,6
22045,41
22048,16
22051,35
22052,4
22054,16
22055,5
22057,19
22058,36
22060,2
22061,11
22064,48
22067,15
22068,3
22070,32
22071,21
22073,8
22074,15
22076,13
22077,36
22080,17
22083,35
22084,7
22086,9
22087,4
22089,13
22090,38
22092,3
22093,15
22096,45
22099,15
22100,5
22102,24
22103,28
22105,6
22106,11
22108,9
22109,36
22112,18
22115,43
22116,6
22118,8
22119,4
22121,20
22122,22
22124,5
22125,9
22128,39
22131,16
22132,3
22134,17
22135,18
22137,6
22138,17
22140,11
22141,36
22144,20
22147,36
22148,7
22150,10
22151,4
22153,13
22154,22
22156,5
22157,11
22160,35
22163,18
22166,23
22167,18
22169,7
22170,9
22172,3
22173,35
22176,14
22179,25
22180,8
22182,10
22183,7
22185,15
22186,19
22188,3
22189,10
22192,38
22195,11
22196,1
22198,16
22199,12
22201,9
22202,17
22204,6
22205,26
22208,16
22211,32
22212,6
22214,9
22215,5
22217,15
22218,26
22220,4
22221,8
22224,40
22227,9
22230,26
22231,10
22233,6
22234,11
22236,7
22237,31
22240,19
22243,33
22244,8
22246,14
22247,6
22249,20
22250,28
22252,3
22253,8
22256,36
22259,8
22260,5
22262,24
22263,16
22265,7
22266,8
22268,11
22269,32
22272,14
22275,19
22276,5
22278,9
22279,10
22281,9
22282,24
22284,2
22285,7
22288,45
22291,12
22292,4
22294,21
22295,21
22297,6
22298,7
22300,7
22301,29
22304,17
22307,23
22308,8
22310,3
22311,9
22313,8
22314,28
22316,3
22317,12
22320,45
22323,13
22324,1
22326,14
22327,11
22329,8
22330,8
22332,6
22333,26
22336,12
22339,27
22340,5
22342,9
22343,6
22345,26
22346,21
22348,7
22349,13
22352,46
22355,9
22356,7
22358,21
22359,8
22361,4
22362,8
22364,8
22365,24
22368,7
22371,29
22372,8
22374,5
22375,3
22377,11
22378,22
22380,1
22381,9
22384,40
22387,8
22388,2
22390,24
22391,11
22393,4
22394,6
22396,4
22397,33
22400,18
22403,29
22404,7
22406,10
22407,2
22409,14
22410,25
22412,3
22413,7
22416,28
22419,8
22420,1
22422,11
22423,13
22425,3
22426,9
22428,2
22429,28
22432,9
22435,20
22436,6
22438,9
22439,4
22441,8
22442,19
22444,3
22445,7
22448,26
22451,14
22452,2
22454,22
22455,11
22457,4
22458,13
22460,3
22461,23
22464,12
22467,22
22468,7
22470,5
22471,2
22473,21
22474,26
22476,3
22477,10
22480,36
22483,8
22484,1
22486,19
22487,8
22489,3
22490,4
22492,10
22493,30
22496,13
22499,29
22500,6
22502,9
22503,7
22505,18
22506,23
22508,2
22509,9
22512,35
22515,3
22516,4
22518,21
22519,21
22521,3
22522,8
22524,6
22525,24
22528,6
22531,28
22532,9
22534,8
22535,3
22537,10
22538,14
22540,2
22541,9
22544,32
22547,5
22548,1
22550,12
22551,12
22553,3
22554,5
22556,4
22557,20
22560,5
22563,25
22564,3
22566,5
22567,4
22569,6
22570,16
22572,2
22573,6
22576,21
22579,7
22580,2
22582,9
22583,9
22585,9
22586,9
22588,9
22589,20
22592,5
22595,16
22596,5
22598,7
22599,7
22601,16
22602,21
22604,3
22605,14
22608,25
22611,10
22612,1
22614,16
22615,11
22617,5
22618,6
22620,3
22621,17
22624,6
22627,18
22628,5
22630,6
22631,3
22633,14
22634,18
22636,1
22637,3
22640,21
22643,8
22644,1
22646,12
22647,9
22649,5
22650,7
22652,3
22653,22
22656,10
22659,24
22660,4
22662,6
22663,4
22665,13
22666,20
22668,2
22669,5
22672,28
22675,10
22678,16
22679,12
22681,4
22682,1
22684,6
22685,20
22688,10
22691,21
22692,4
22694,7
22695,2
22697,10
22698,16
22700,3
22701,11
22704,22
22707,7
22708,4
22710,10
22711,10
22713,3
22714,6
22716,4
22717,14
22720,8
22723,16
22724,4
22726,5
22727,3
22729,9
22730,19
22732,4
22733,10
22736,22
22739,12
22740,3
22742,12
22743,7
22745,5
22746,4
22748,5
22749,22
22752,10
22755,25
22756,9
22758,5
22759,4
22761,11
22762,8
22765,5
22768,18
22771,10
22772,5
22774,7
22775,5
22777,3
22778,5
22780,10
22781,16
22784,6
22787,18
22788,4
22790,5
22791,2
22793,8
22794,12
22796,3
22797,9
22800,23
22803,10
22804,2
22806,13
22807,6
22809,1
22810,4
22812,6
22813,17
22816,4
22819,11
22820,4
22822,4
22823,1
22825,13
22826,9
22828,1
22829,9
22832,14
22835,8
22838,14
22839,6
22841,2
22842,4
22844,2
22845,18
22848,9
22851,14
22852,1
22854,6
22855,1
22857,11
22858,11
22860,3
22861,5
22864,16
22867,5
22868,1
22870,7
22871,6
22873,3
22874,3
22876,6
22877,18
22880,10
22883,12
22884,5
22886,1
22887,5
22889,8
22890,11
22893,4
22896,17
22899,10
22900,1
22902,13
22903,7
22905,2
22906,4
22908,5
22909,17
22912,8
22915,20
22916,5
22918,5
22919,5
22921,8
22922,2
22924,1
22925,5
22928,15
22931,5
22932,2
22934,7
22935,5
22938,4
22940,3
22941,19
22944,4
22947,15
22948,3
22950,1
22951,2
22953,8
22954,16
22956,1
22957,6
22960,17
22963,2
22966,15
22967,4
22969,4
22970,4
22972,5
22973,18
22976,4
22979,17
22980,3
22982,1
22983,2
22985,8
22986,10
22989,13
22992,28
22995,8
22996,3
22998,12
22999,7
23002,1
23004,2
23005,7
23008,2
23011,8
23012,4
23014,6
23015,3
23017,6
23018,11
23020,1
23021,4
23024,13
23027,3
23028,1
23030,18
23031,7
23034,7
23036,1
23037,8
23040,5
23043,10
23044,4
23046,5
23047,2
23049,9
23050,15
23052,1
23053,8
23056,13
23059,5
23062,9
23063,6
23065,2
23066,3
23068,6
23069,12
23072,6
23075,15
23076,2
23078,4
23079,2
23081,10
23082,6
23084,2
23085,4
23088,14
23091,6
23094,13
23095,6
23097,4
23098,3
23100,8
23101,11
23104,7
23107,14
23108,1
23113,6
23114,5
23116,1
23117,2
23120,14
23123,6
23124,1
23126,9
23127,8
23129,1
23130,4
23132,7
23133,16
23136,4
23139,11
23142,2
23143,2
23145,2
23146,5
23149,5
23152,18
23155,2
23156,1
23158,10
23159,6
23161,2
23162,6
23164,3
23165,17
23168,3
23171,10
23174,1
23175,3
23177,10
23178,9
23181,4
23184,6
23187,5
23188,1
23190,4
23191,14
23193,2
23194,4
23196,2
23197,11
23200,5
23203,5
23204,2
23206,3
23207,2
23209,5
23210,11
23212,1
23213,3
23216,14
23219,4
23220,1
23222,12
23223,6
23225,3
23226,4
23228,2
23229,6
23232,6
23235,10
23236,5
23238,4
23239,2
23241,6
23242,3
23244,1
23245,2
23248,12
23251,6
23252,1
23254,3
23255,5
23257,1
23258,2
23260,6
23261,10
23264,7
23267,16
23268,4
23270,1
23271,3
23273,6
23274,9
23276,1
23277,2
23280,5
23283,4
23286,4
23287,10
23289,3
23290,2
23292,2
23293,4
23296,8
23299,7
23302,2
23303,3
23305,6
23306,3
23308,4
23309,3
23312,14
23316,3
23318,8
23319,10
23321,2
23322,2
23325,5
23328,1
23331,10
23334,4
23337,8
23338,8
23341,3
23344,6
23347,5
23350,3
23351,1
23354,5
23356,3
23357,5
23360,7
23363,7
23364,2
23366,1
23367,1
23369,4
23370,6
23372,3
23376,10
23379,1
23382,8
23383,7
23385,2
23386,2
23388,3
23389,14
23392,4
23395,10
23396,3
23398,1
23399,2
23401,5
23402,7
23404,1
23405,7
23408,12
23411,3
23414,5
23415,2
23417,1
23418,1
23420,2
23421,9
23424,6
23427,8
23428,2
23430,3
23433,3
23434,4
23436,1
23440,14
23443,2
23444,1
23446,6
23447,2
23449,1
23450,1
23452,1
23453,12
23456,5
23459,8
23460,4
23462,1
23463,2
23465,4
23466,6
23469,3
23472,11
23475,1
23478,7
23479,9
23482,3
23484,1
23485,6
23488,5
23491,7
23492,4
23494,1
23495,4
23497,7
23498,7
23500,1
23501,2
23504,13
23507,7
23510,3
23511,3
23513,5
23514,2
23516,1
23517,8
23520,2
23523,7
23524,3
23526,2
23529,2
23530,5
23532,2
23533,3
23536,8
23539,5
23540,1
23542,7
23543,4
23545,1
23546,4
23548,1
23549,14
23552,3
23555,7
23556,1
23558,3
23559,2
23561,3
23562,6
23565,5
23568,14
23571,2
23574,13
23575,6
23577,1
23578,1
23580,1
23581,8
23584,3
23587,5
23588,3
23590,3
23591,1
23593,3
23594,7
23596,1
23597,2
23600,7
23603,6
23604,1
23606,7
23607,7
23609,1
23610,1
23612,4
23613,6
23616,3
23619,7
23622,1
23625,6
23626,3
23629,4
23632,9
23635,2
23636,1
23638,5
23639,1
23642,1
23644,5
23645,11
23651,7
23652,2
23654,2
23655,2
23657,1
23658,9
23660,1
23661,1
23664,6
23667,4
23670,2
23671,5
23673,1
23674,1
23676,1
23677,5
23680,3
23683,7
23684,4
23686,4
23687,2
23690,5
23692,1
23693,3
23696,12
23699,2
23700,1
23702,4
23706,2
23708,5
23709,4
23712,1
23715,9
23716,1
23718,1
23721,6
23722,6
23725,3
23728,7
23731,1
23732,4
23734,3
23735,5
23737,2
23738,2
23740,3
23741,5
23744,1
23747,3
23748,5
23751,1
23753,4
23754,6
23756,2
23757,4
23760,11
23763,2
23764,1
23766,3
23767,5
23769,2
23772,4
23773,5
23776,1
23779,4
23780,2
23782,1
23783,4
23785,4
23786,6
23789,2
23792,8
23795,1
23798,4
23799,3
23801,2
23804,1
23805,7
23808,1
23811,7
23812,2
23814,1
23815,1
23817,5
23818,3
23821,3
23824,6
23827,3
23828,1
23830,8
23831,1
23833,1
23834,2
23837,5
23840,4
23843,4
23846,2
23847,4
23849,2
23850,1
23853,1
23856,4
23859,1
23860,1
23862,5
23863,4
23865,2
23866,1
23868,2
23869,6
23872,3
23875,3
23876,3
23878,3
23881,3
23882,1
23885,3
23888,7
23891,4
23892,2
23894,6
23895,3
23897,1
23898,3
23900,1
23901,5
23904,5
23907,5
23908,1
23911,1
23913,6
23914,7
23916,1
23917,1
23920,4
23923,1
23924,1
23926,5
23927,4
23929,1
23930,3
23932,2
23933,5
23936,4
23939,12
23940,1
23942,1
23943,1
23945,2
23946,5
23949,2
23952,9
23955,5
23958,3
23959,3
23961,1
23962,2
23964,1
23965,5
23968,5
23971,10
23972,1
23975,1
23977,3
23978,1
23981,1
23984,3
23987,1
23990,3
23991,2
23993,1
23994,1
23996,2
23997,6
24000,2
24003,5
24004,5
24006,2
24007,3
24009,5
24010,3
24012,1
24016,5
24019,2
24022,4
24023,3
24025,5
24026,3
24028,1
24029,4
24032,2
24035,6
24039,1
24041,3
24042,8
24045,2
24048,10
24051,3
24054,3
24055,2
24058,3
24060,1
24061,5
24064,1
24067,4
24068,2
24070,3
24071,1
24073,5
24074,5
24077,3
24080,4
24083,4
24084,1
24086,3
24087,3
24089,2
24093,3
24096,1
24099,5
24100,4
24102,2
24103,4
24105,1
24106,3
24112,4
24115,1
24116,1
24118,5
24119,4
24121,1
24122,2
24124,2
24125,1
24128,5
24131,4
24132,1
24137,2
24138,5
24141,3
24144,8
24148,1
24150,6
24151,2
24153,2
24154,3
24156,1
24157,6
24160,2
24163,5
24164,1
24166,2
24167,1
24169,3
24170,4
24172,1
24176,8
24179,2
24182,6
24186,1
24188,2
24189,5
24192,6
24195,2
24198,2
24199,1
24201,2
24202,2
24204,1
24208,5
24211,1
24212,1
24214,5
24215,3
24218,2
24220,2
24221,3
24224,3
24227,3
24228,3
24230,1
24233,1
24234,3
24236,1
24237,3
24240,4
24243,2
24249,1
24250,4
24252,1
24253,1
24256,2
24259,4
24260,5
24262,1
24263,2
24265,1
24266,3
24268,2
24269,2
24272,6
24275,3
24278,5
24279,4
24281,1
24282,1
24284,1
24285,8
24288,3
24291,3
24292,1
24297,2
24298,4
24301,2
24304,1
24308,1
24311,3
24314,3
24316,1
24317,6
24323,6
24324,1
24329,5
24330,5
24332,2
24333,1
24336,3
24339,3
24342,4
24343,3
24345,2
24349,5
24352,2
24355,6
24356,1
24358,3
24361,3
24362,2
24365,1
24368,5
24374,1
24375,6
24378,1
24380,2
24381,5
24384,4
24387,10
24388,1
24390,2
24391,1
24393,3
24394,3
24397,2
24400,5
24403,2
24404,3
24409,1
24410,3
24412,3
24413,6
24416,4
24419,6
24422,1
24423,1
24426,2
24432,9
24435,4
24438,3
24439,2
24441,1
24442,1
24445,5
24448,5
24451,3
24452,1
24454,3
24455,1
24457,1
24458,5
24461,2
24464,8
24467,1
24468,1
24470,4
24471,2
24473,1
24476,1
24477,2
24480,2
24483,9
24486,1
24487,1
24490,6
24493,2
24496,6
24499,3
24502,1
24503,1
24505,1
24506,2
24509,8
24512,1
24515,6
24516,3
24521,3
24522,5
24524,2
24525,1
24528,3
24531,1
24534,6
24535,4
24537,1
24538,2
24541,5
24547,1
24548,1
24550,3
24553,3
24554,2
24557,2
24560,4
24563,1
24564,1
24566,4
24567,2
24569,1
24570,1
24572,2
24573,4
24576,1
24579,1
24580,1
24583,1
24585,2
24586,7
24589,3
24596,1
24598,4
24599,3
24602,2
24604,1
24605,6
24608,3
24611,6
24615,1
24617,1
24618,6
24621,1
24624,4
24628,1
24630,3
24631,1
24634,4
24636,1
24637,5
24640,2
24643,7
24647,2
24649,1
24650,6
24652,1
24656,7
24659,1
24660,2
24662,1
24663,2
24668,1
24669,3
24672,2
24675,10
24676,2
24678,1
24681,4
24682,1
24685,3
24688,4
24691,2
24695,2
24698,1
24700,2
24701,2
24704,1
24707,2
24708,2
24713,2
24714,1
24717,2
24720,5
24724,1
24726,2
24727,3
24732,1
24733,3
24736,1
24739,5
24745,1
24746,6
24749,1
24752,6
24758,2
24759,2
24764,1
24765,3
24768,3
24771,6
24772,2
24774,4
24777,2
24778,3
24781,2
24784,9
24787,1
24790,2
24791,3
24793,1
24794,3
24797,4
24800,3
24803,3
24807,1
24809,4
24810,2
24813,1
24816,2
24819,1
24822,6
24826,2
24829,7
24832,2
24835,7
24838,2
24841,3
24842,5
24848,6
24854,3
24858,1
24860,2
24861,2
24867,5
24868,1
24870,1
24871,1
24873,3
24874,4
24876,1
24880,1
24886,5
24887,1
24890,1
24893,4
24896,2
24899,3
24900,2
24902,2
24905,1
24906,6
24908,2
24912,3
24918,1
24919,3
24921,1
24922,1
24924,3
24925,6
24931,2
24932,1
24934,1
24937,1
24938,2
24941,2
24944,8
24947,1
24948,1
24950,3
24951,2
24954,1
24957,4
24960,1
24963,1
24966,1
24967,1
24969,3
24970,3
24973,1
24976,4
24979,5
24980,1
24982,3
24983,2
24985,1
24986,1
24989,3
24992,3
24995,5
24996,2
24998,1
24999,2
25001,4
25002,2
25005,1
25008,1
25011,3
25014,1
25015,1
25018,2
25021,5
25024,1
25027,2
25028,1
25034,2
25036,1
25037,3
25040,5
25043,1
25046,3
25047,4
25050,3
25053,3
25056,2
25062,1
25065,1
25066,1
25069,1
25072,3
25078,4
25079,1
25084,1
25085,3
25088,1
25091,3
25094,3
25097,1
25101,1
25104,3
25107,2
25110,6
25111,1
25113,1
25114,1
25117,4
25120,2
25123,4
25129,2
25130,3
25132,1
25133,1
25136,3
25142,4
25143,2
25145,2
25146,1
25148,1
25149,2
25155,3
25161,2
25165,1
25168,4
25171,1
25174,3
25175,4
25178,1
25181,2
25184,1
25187,3
25190,2
25193,3
25194,1
25200,1
25203,1
25206,2
25207,2
25209,1
25213,3
25219,1
25222,3
25225,1
25226,1
25229,1
25232,4
25236,1
25239,2
25242,1
25245,1
25248,1
25251,1
25254,1
25255,1
25257,2
25258,2
25261,1
25264,6
25270,1
25271,1
25277,4
25283,4
25284,2
25287,1
25289,2
25290,3
25293,1
25296,2
25299,1
25302,2
25303,1
25308,2
25312,1
25315,3
25319,2
25322,1
25328,5
25331,2
25334,3
25335,3
25337,1
25338,1
25340,1
25341,3
25344,2
25347,4
25351,1
25353,3
25354,2
25357,1
25360,3
25363,2
25366,2
25367,1
25370,1
25373,3
25376,2
25379,2
25383,1
25386,3
25389,2
25392,1
25398,1
25401,1
25402,1
25404,1
25405,1
25411,1
25417,2
25421,1
25424,4
25427,2
25430,1
25437,3
25443,2
25444,2
25447,1
25449,3
25450,1
25456,5
25459,1
25462,3
25463,1
25465,2
25468,1
25469,1
25475,1
25476,2
25481,3
25482,2
25484,1
25488,1
25494,1
25495,1
25500,1
25501,1
25504,2
25507,4
25510,1
25511,1
25513,3
25514,2
25520,4
25523,1
25526,5
25527,1
25532,2
25536,5
25539,4
25540,1
25549,1
25552,4
25555,1
25556,1
25558,2
25561,2
25564,1
25565,3
25568,2
25571,1
25572,1
25577,1
25578,3
25584,2
25587,2
25590,1
25591,2
25593,2
25594,1
25597,3
25610,4
25613,2
25616,3
25628,1
25629,1
25632,2
25635,1
25638,1
25641,2
25642,2
25645,1
25648,2
25651,1
25654,2
25655,1
25660,2
25661,3
25664,1
25670,1
25671,1
25673,1
25680,2
25686,3
25687,3
25690,1
25692,1
25693,1
25696,1
25699,3
25700,1
25703,1
25705,4
25706,3
25708,1
25712,2
25718,2
25724,1
25725,2
25734,1
25737,1
25738,2
25741,1
25744,4
25747,1
25748,1
25750,1
25751,2
25757,3
25763,2
25766,1
25767,1
25773,1
25776,3
25782,2
25783,1
25788,2
25789,1
25792,2
25795,1
25802,1
25805,1
25808,1
25811,3
25814,3
25821,5
25830,1
25833,1
25834,6
25840,3
25844,2
25846,1
25853,2
25856,1
25859,5
25862,1
25865,1
25872,4
25875,1
25878,1
25879,3
25882,1
25884,1
25885,1
25888,3
25891,1
25898,3
25904,1
25910,1
25916,1
25920,1
25923,1
25924,1
25930,2
25936,4
25942,2
25943,1
25952,1
25955,2
25956,1
25958,1
25961,1
25968,1
25978,1
25981,1
25988,2
25993,3
25994,1
25997,1
26000,1
26006,3
26007,3
26009,1
26013,1
26016,1
26019,2
26020,1
26025,1
26026,1
26029,1
26032,1
26038,1
26039,1
26045,1
26051,2
26057,1
26058,1
26070,1
26071,1
26083,2
26090,2
26092,1
26093,1
26096,6
26100,1
26102,1
26103,2
26105,1
26109,2
26115,3
26121,1
26122,1
26124,2
26128,2
26132,1
26134,1
26135,3
26140,1
26141,1
26147,1
26148,1
26153,2
26154,1
26157,1
26160,2
26166,1
26167,1
26179,1
26185,1
26186,1
26192,1
26198,3
26199,1
26205,1
26214,1
26221,1
26224,1
26231,1
26234,1
26236,2
26237,1
26244,1
26256,2
26263,1
26268,1
26269,1
26276,1
26281,1
26282,4
26284,1
26285,1
26288,1
26297,2
26300,1
26307,2
26314,1
26317,2
26320,2
26323,1
26324,1
26333,3
26339,1
26346,2
26352,1
26359,1
26364,1
26365,1
26375,1
26377,1
26384,1
26390,2
26391,1
26397,1
26409,2
26410,1
26416,1
26429,1
26435,1
26441,1
26442,2
26455,1
26460,1
26467,2
26473,2
26474,1
26480,2
26486,1
26489,1
26499,3
26516,1
26521,1
26525,1
26531,1
26534,1
26538,2
26544,1
26550,1
26557,2
26563,1
26564,1
26569,1
26570,1
26576,1
26582,1
26583,1
26585,1
26589,2
26592,1
26595,1
26598,3
26602,2
26608,1
26611,2
26614,2
26615,1
26621,1
26628,1
26631,2
26637,1
26640,1
26643,1
26646,1
26653,1
26660,2
26665,1
26682,1
26698,1
26704,1
26707,1
26711,1
26717,2
26723,1
26727,1
26729,1
26743,1
26748,2
26749,3
26755,1
26768,1
26774,1
26781,2
26787,1
26800,1
26813,1
26816,1
26832,1
26839,1
26842,1
26844,1
26845,1
26857,1
26861,1
26864,1
26870,2
26873,1
26877,1
26883,1
26884,1
26889,1
26890,1
26893,2
26896,2
26902,1
26909,1
26934,2
26938,1
26941,1
26944,2
26960,2
26966,1
26969,1
26973,3
26979,1
26983,1
26986,1
26992,2
26999,1
27011,1
27018,4
27027,1
27031,1
27037,3
27040,1
27043,1
27044,1
27079,1
27088,2
27098,2
27101,1
27107,1
27114,1
27117,1
27120,1
27127,1
27132,1
27133,1
27139,2
27146,1
27155,1
27165,1
27168,1
27171,1
27177,1
27178,1
27190,1
27191,1
27196,1
27197,1
27203,2
27216,1
27219,1
27222,1
27225,1
27228,1
27229,2
27236,1
27248,1
27257,1
27260,1
27261,2
27264,2
27267,2
27277,1
27293,1
27312,2
27325,1
27331,2
27332,1
27344,1
27351,1
27376,1
27402,1
27414,1
27415,1
27418,1
27427,1
27447,1
27450,1
27453,2
27472,1
27478,1
27482,1
27491,1
27507,1
27523,1
27527,1
27536,2
27545,1
27548,1
27555,2
27562,1
27565,1
27571,1
27587,1
27600,1
27622,1
27625,1
27644,1
27648,1
27658,1
27670,1
27674,1
27677,2
27683,2
27696,1
27702,2
27709,1
27754,1
27760,1
27766,2
27767,1
27811,1
27817,1
27827,1
27831,1
27843,2
27853,1
27856,1
27869,1
27879,1
27881,1
27900,1
27901,2
27904,1
27924,1
27926,1
27930,1
27939,1
27940,1
27945,1
27952,1
27958,1
27974,3
27984,1
27997,1
28009,1
28010,1
28020,1
28042,1
28048,1
28054,1
28061,1
28067,1
28074,1
28083,1
28092,1
28099,1
28102,1
28105,1
28121,1
28131,1
28132,1
28137,1
28151,1
28157,1
28183,1
28195,1
28208,1
28212,1
28214,1
28215,1
28227,1
28247,1
28250,1
28263,1
28265,1
28269,1
28275,1
28311,1
28323,1
28330,1
28333,1
28345,1
28364,1
28368,1
28372,1
28381,1
28384,1
28387,2
28404,1
28419,1
28435,1
28438,1
28451,1
28474,1
28477,1
28496,1
28500,1
28502,2
28515,1
28522,1
28528,2
28534,1
28537,1
28547,1
28560,1
28566,1
28573,1
28599,2
28611,1
28624,2
28631,1
28637,1
28694,1
28707,1
28720,1
28733,1
28796,1
28797,1
28807,1
28832,2
28835,2
28864,2
28874,1
28944,2
28947,1
28989,1
28995,1
28998,1
29005,1
29008,1
29015,1
29018,1
29024,1
29027,1
29050,1
29053,1
29069,1
29072,1
29098,1
29104,1
29110,1
29111,1
29152,1
29187,2
29191,1
29207,1
29225,1
29238,1
29248,1
29264,1
29270,1
29273,1
29277,1
29280,1
29286,1
29290,1
29299,1
29325,1
29335,1
29344,1
29373,1
29380,1
29398,1
29402,1
29408,1
29433,1
29450,1
29472,1
29494,1
29498,1
29523,1
29526,1
29555,1
29596,1
29629,1
29686,1
29687,1
29693,1
29699,1
29712,1
29744,1
29769,1
29773,1
29776,2
29814,1
29821,1
29827,1
29834,1
29878,1
29885,1
29917,1
29936,1
29965,1
30000,1
30007,1
30019,1
30045,1
30061,1
30099,1
30141,1
30148,1
30237,1
30268,1
30304,1
30326,1
30372,1
30397,2
30425,1
30435,1
30461,1
30500,1
30537,1
30541,1
30556,1
30637,1
30640,1
30685,1
30711,1
30759,1
30762,1
30800,1
30867,1
30973,1
31012,1
31024,1
31046,1
31289,1
31328,1
31344,1
31395,1
31501,1
31590,1
31626,1
31664,1
31671,1
31699,1
31741,1
31863,1
31878,1
32044,1
32141,1
32198,1
32233,1
32291,1
32387,1
32397,1
32662,1
32912,1
32941,1
33213,1
33274,1
33296,1
33520,1
34397,1
34605,1
35245,1
36512,1
36602,1
40176,1
55635,1
66441,1
73159,1
75453,1
75872,1
96733,1
98147,1
108412,1
111856,1
115062,1
115760,1
121386,1
140951,1
142666,1
142736,1
145440,1
146788,1
163081,1
165459,1
166576,1
170755,1
173360,1
177424,1
182569,1
204438,1
208105,1
209853,1
210618,1
215536,1
216477,1
217021,1
221501,1
222138,1
230358,1
231043,1
233191,1
233866,1
234761,1
235401,1
237821,1
238851,1
239120,1
239363,1
239453,1
239475,1
241738,1
242598,1
243268,1
243402,1
243948,1
248039,1
248944,1
253952,1
254973,1
258634,1
262972,1
263094,1
269095,1
273769,1
287241,1
287776,1
287914,1
302813,1
310298,1
338304,1
338412,1
693523,1
713449,1
716822,1
721993,1
722740,1
728272,1
731459,1
731856,1
732279,1
732457,1
733564,1
734394,1
735661,1
735715,1
736247,1
737827,1
738166,1
742531,1
743808,1
744115,1
745834,1
748499,1
749450,1
751715,1
753076,1
755146,1
755184,1
755945,1
760314,1
760518,1
769101,1
773661,1
774736,1
779933,1
782253,1
798391,1
811242,1
828093,1
828400,1
839191,1
960586,1
1117757,1
1500355,1
1506122,1
1527689,1
1527939,1
1531072,1
1531414,1
1541143,1
1541942,1
1544045,1
1545539,1
1546180,1
1547443,1
1547626,1
1548941,1
1552314,1
1553674,1
1555088,1
1559661,1
1560899,1
1563222,1
1563782,1
1564074,1
1564339,1
1565523,1
1567923,1
1570352,1
1570922,1
1590861,1
1591069,1
1594218,1
1596413,1
1605216,1
1616438,1
1628701,1
1634544,1
1688372,1
1692759,1
1707034,1
1715990,1
1733283,1
3068650,1
3072723,1
3080265,1
3115398,1
3144388,1
3149373,1
3157353,1
3159744,1
3164806,1
3166873,1
3167453,1
3170794,1
3171581,1
3172230,1
3174652,1
3174931,1
3176365,1
3181373,1
3181706,1
3184170,1
3190233,1
3191325,1
3192982,1
3195533,1
3199792,1
3202563,1
3219606,1
3224182,1
3227036,1
3229129,1
3235667,1
3252300,1
3265302,1
3294678,1
3305309,1
3305782,1
3454320,1
3502329,1
3508537,1
3543308,1
