# Samples: 90415, Average: 31311.8 ns, StdDev: 13284.2 ns, Quartiles: 29191.0/30649.0/32256.0 ns
9401,1
9488,1
9542,1
9549,1
9600,2
9644,1
9757,1
9850,1
9913,1
9952,1
11063,1
23341,1
23392,1
23456,1
23462,1
23463,1
23577,1
23764,1
23776,1
24201,1
24205,2
24243,1
24275,1
24295,1
24304,1
24397,1
24423,1
24425,1
24460,1
24473,1
24506,1
24525,1
24567,1
24627,1
24643,1
24653,2
24659,1
24672,1
24688,1
24707,1
24755,1
24758,1
24759,1
24768,1
24787,1
24793,1
24806,1
24810,1
24838,1
24852,1
24854,1
24857,1
24864,1
24871,1
24883,1
24890,1
24909,1
24916,1
24941,1
24954,1
24998,1
25002,2
25005,1
25017,1
25018,1
25024,1
25027,1
25030,2
25034,1
25050,3
25053,1
25056,2
25078,1
25085,1
25088,1
25101,1
25117,1
25126,1
25133,2
25139,1
25142,1
25152,2
25156,1
25168,1
25171,1
25178,1
25181,1
25184,2
25190,1
25194,1
25209,1
25210,1
25216,2
25222,1
25223,1
25226,1
25229,1
25232,1
25235,1
25238,1
25241,1
25244,1
25248,2
25254,1
25260,1
25261,1
25270,1
25273,3
25280,2
25283,2
25293,3
25299,1
25305,2
25306,1
25315,2
25318,1
25319,1
25325,2
25331,3
25332,1
25337,1
25344,2
25347,2
25354,1
25357,1
25369,1
25376,3
25379,1
25382,2
25385,2
25386,1
25395,1
25396,1
25399,1
25401,1
25418,1
25421,1
25424,1
25431,1
25434,1
25437,1
25440,1
25449,1
25453,1
25459,1
25462,1
25472,1
25475,1
25478,1
25479,1
25481,1
25485,3
25488,1
25510,1
25513,1
25529,2
25530,1
25533,1
25536,1
25542,1
25543,1
25545,1
25552,1
25558,3
25561,1
25562,1
25574,4
25580,1
25587,1
25588,1
25591,2
25593,2
25594,3
25597,1
25607,1
25613,2
25616,2
25619,3
25620,2
25625,1
25626,2
25629,3
25632,2
25635,1
25638,2
25645,1
25660,1
25664,3
25667,1
25668,2
25670,3
25671,1
25673,1
25676,1
25677,5
25680,1
25683,2
25686,1
25689,2
25690,1
25693,1
25696,2
25699,1
25702,1
25703,3
25706,1
25709,1
25715,1
25716,1
25718,1
25721,1
25722,2
25725,1
25728,8
25731,3
25734,1
25738,1
25747,5
25750,1
25751,1
25753,1
25754,1
25757,1
25760,2
25763,3
25767,2
25770,1
25773,2
25776,1
25779,1
25783,1
25785,1
25786,1
25792,5
25795,1
25796,1
25799,2
25801,2
25804,1
25805,1
25808,1
25811,1
25814,1
25821,2
25824,5
25830,1
25831,1
25836,1
25837,3
25844,1
25849,1
25853,1
25856,3
25859,1
25862,2
25863,4
25869,1
25875,5
25876,2
25878,1
25884,1
25888,2
25891,2
25894,3
25895,2
25897,2
25898,1
25901,3
25904,3
25907,2
25910,1
25913,1
25914,2
25917,2
25920,2
25923,1
25926,1
25927,2
25930,1
25932,1
25933,1
25936,4
25939,1
25940,1
25942,2
25945,1
25946,6
25948,1
25949,2
25952,4
25956,1
25964,2
25965,7
25971,3
25972,2
25977,1
25984,6
25987,1
25990,2
25991,1
25997,3
26000,1
26003,1
26004,1
26006,1
26009,1
26010,4
26013,6
26016,5
26019,6
26022,5
26023,1
26026,3
26029,5
26032,4
26035,2
26036,1
26038,1
26041,4
26042,2
26045,2
26048,2
26051,1
26054,1
26055,2
26058,1
26061,4
26064,1
26067,2
26068,1
26073,3
26074,1
26080,5
26083,5
26086,2
26092,2
26093,3
26096,2
26099,8
26100,1
26102,1
26103,1
26106,1
26109,1
26112,5
26115,1
26118,1
26119,1
26121,2
26124,2
26125,11
26128,3
26131,2
26134,1
26135,2
26137,2
26138,5
26140,1
26141,2
26144,5
26147,1
26148,1
26150,1
26151,1
26154,1
26156,1
26157,8
26160,1
26164,1
26166,3
26167,2
26169,5
26170,2
26172,1
26173,4
26176,3
26179,2
26182,1
26183,4
26188,1
26189,6
26192,3
26195,5
26196,4
26198,3
26199,2
26201,1
26202,2
26204,1
26208,4
26211,1
26212,1
26214,5
26215,1
26217,1
26218,2
26221,1
26224,2
26227,5
26228,2
26230,2
26231,2
26234,5
26236,1
26237,2
26240,10
26243,1
26244,1
26246,1
26247,2
26249,2
26250,2
26252,1
26253,5
26256,1
26259,7
26260,1
26262,1
26265,6
26266,6
26269,1
26272,4
26275,1
26278,4
26279,3
26281,1
26282,2
26285,2
26288,1
26291,8
26292,1
26294,2
26295,1
26297,1
26298,3
26300,1
26301,3
26304,4
26307,6
26308,1
26310,4
26311,5
26313,2
26314,3
26316,3
26317,2
26320,4
26323,7
26326,3
26327,1
26329,1
26330,3
26332,1
26333,2
26336,11
26339,5
26340,1
26342,3
26343,3
26345,1
26346,1
26349,6
26355,8
26356,3
26358,1
26359,2
26361,4
26362,2
26365,3
26368,4
26371,3
26374,4
26375,3
26377,2
26378,4
26380,2
26381,6
26384,1
26387,6
26388,1
26390,1
26391,3
26393,6
26394,7
26396,1
26397,2
26400,6
26403,2
26406,4
26407,1
26410,2
26412,1
26413,6
26416,2
26419,8
26423,2
26425,4
26426,3
26429,3
26432,10
26435,3
26438,1
26439,3
26441,2
26442,3
26444,1
26445,9
26448,4
26451,6
26454,2
26455,1
26457,3
26458,3
26461,2
26464,6
26467,1
26468,2
26470,4
26471,2
26473,3
26474,3
26476,2
26477,6
26480,4
26483,5
26484,1
26487,3
26490,6
26493,2
26496,9
26499,2
26500,1
26502,4
26503,4
26506,1
26508,2
26509,9
26512,6
26515,5
26518,1
26519,1
26521,4
26522,2
26528,7
26531,6
26532,1
26534,9
26535,7
26537,2
26538,3
26540,2
26541,7
26544,2
26547,6
26550,3
26551,1
26553,3
26554,5
26556,1
26557,3
26560,11
26563,1
26564,3
26566,6
26567,1
26569,1
26570,4
26572,2
26573,2
26576,3
26579,6
26580,2
26583,1
26585,3
26586,5
26588,1
26589,3
26592,13
26595,1
26596,1
26598,2
26599,2
26601,4
26602,2
26605,10
26608,1
26611,10
26612,2
26614,1
26615,1
26617,3
26618,4
26621,4
26624,10
26627,3
26628,2
26630,2
26631,2
26634,1
26636,4
26637,8
26640,1
26643,5
26644,1
26646,4
26647,2
26649,9
26650,6
26653,3
26656,9
26659,1
26662,5
26663,2
26665,1
26666,2
26668,1
26669,15
26672,8
26675,4
26676,3
26679,1
26681,4
26682,3
26684,1
26688,6
26691,3
26694,5
26695,1
26698,2
26701,7
26704,9
26707,11
26708,2
26710,5
26711,1
26713,4
26714,4
26717,3
26720,14
26723,3
26726,7
26727,2
26730,5
26732,3
26733,8
26736,4
26739,6
26742,1
26745,4
26746,4
26749,2
26752,9
26755,2
26756,1
26758,4
26759,4
26762,4
26764,5
26765,7
26768,2
26771,7
26774,8
26775,1
26777,2
26778,4
26781,4
26784,10
26787,1
26788,4
26790,7
26791,7
26793,1
26794,2
26796,2
26797,8
26800,4
26803,6
26806,1
26807,1
26809,3
26810,9
26812,1
26813,2
26816,8
26819,5
26820,1
26822,5
26823,3
26825,1
26826,3
26829,7
26832,3
26835,6
26836,5
26838,3
26839,1
26841,4
26842,7
26844,1
26845,1
26848,7
26851,5
26852,3
26854,5
26855,2
26858,5
26860,3
26861,11
26864,7
26867,11
26868,1
26870,2
26871,1
26874,6
26877,1
26880,11
26883,6
26886,6
26887,6
26889,1
26890,3
26892,3
26893,8
26896,6
26899,9
26900,2
26903,1
26905,3
26906,5
26908,1
26909,5
26912,9
26915,2
26916,1
26918,9
26919,8
26922,3
26925,6
26928,7
26931,8
26932,2
26934,5
26937,1
26940,1
26941,1
26944,8
26947,4
26948,2
26950,10
26951,6
26953,5
26954,1
26956,3
26957,11
26960,3
26963,9
26964,3
26966,2
26967,2
26969,2
26970,8
26972,2
26973,5
26976,10
26979,1
26980,1
26982,6
26983,9
26985,1
26986,5
26988,2
26989,10
26992,3
26995,16
26996,1
26998,3
26999,3
27001,2
27002,5
27004,1
27005,2
27008,16
27011,3
27012,1
27014,7
27015,4
27017,1
27018,2
27020,1
27021,12
27024,7
27027,8
27028,2
27030,2
27031,2
27033,8
27034,3
27037,7
27040,11
27043,3
27046,6
27047,2
27049,1
27050,5
27052,1
27053,13
27056,5
27059,6
27060,5
27062,2
27063,4
27065,5
27066,7
27068,2
27069,6
27072,9
27075,1
27078,8
27079,6
27082,2
27084,1
27085,10
27088,5
27091,3
27092,1
27094,3
27095,2
27097,5
27098,9
27100,2
27101,5
27104,10
27107,7
27110,9
27111,6
27113,2
27114,1
27116,4
27117,8
27120,7
27123,13
27124,5
27126,3
27127,5
27129,3
27130,10
27132,1
27133,1
27136,8
27139,2
27140,1
27142,8
27143,1
27145,3
27146,5
27148,1
27149,3
27152,9
27155,12
27156,5
27158,3
27159,3
27161,5
27162,5
27164,2
27165,5
27168,9
27171,2
27172,2
27174,11
27175,6
27177,2
27178,2
27181,6
27184,3
27187,16
27188,1
27190,2
27191,1
27193,7
27194,6
27196,1
27197,6
27200,11
27203,9
27206,12
27207,6
27209,5
27210,3
27212,5
27213,9
27216,8
27219,12
27220,3
27222,5
27223,2
27225,7
27226,10
27228,3
27229,2
27232,14
27235,3
27236,1
27238,10
27239,6
27241,6
27242,3
27244,8
27245,16
27248,2
27251,11
27252,2
27254,1
27255,2
27257,4
27258,12
27260,1
27261,5
27264,15
27267,7
27268,1
27270,11
27271,4
27273,3
27274,4
27276,3
27277,10
27280,9
27283,1
27284,2
27286,2
27289,3
27290,13
27292,2
27293,4
27296,12
27299,3
27300,2
27302,9
27303,2
27305,2
27306,4
27308,2
27309,12
27312,3
27315,15
27316,1
27318,8
27319,6
27321,3
27322,11
27325,5
27328,18
27331,6
27332,2
27334,15
27335,4
27337,2
27338,5
27340,2
27341,15
27344,6
27347,12
27348,4
27350,3
27351,4
27353,5
27354,11
27356,3
27357,3
27360,19
27363,4
27364,2
27366,8
27367,8
27369,2
27370,6
27372,6
27373,7
27376,5
27379,10
27380,3
27382,4
27383,3
27385,5
27386,9
27389,7
27392,17
27395,9
27396,1
27398,8
27399,10
27401,2
27402,3
27404,2
27405,15
27408,5
27411,13
27412,3
27414,5
27415,3
27417,6
27418,10
27421,6
27424,21
27427,8
27428,4
27430,6
27431,9
27433,4
27434,5
27436,5
27437,10
27440,14
27443,13
27444,6
27446,8
27447,4
27449,10
27450,9
27452,3
27453,5
27456,27
27459,10
27462,7
27463,5
27465,5
27466,4
27468,5
27469,10
27472,9
27475,9
27476,1
27478,1
27479,6
27481,5
27482,6
27484,3
27485,3
27488,10
27491,5
27492,2
27494,14
27495,6
27497,6
27498,4
27500,6
27501,19
27504,5
27507,15
27508,3
27511,1
27513,5
27514,14
27516,3
27517,13
27520,14
27523,8
27524,2
27526,6
27527,2
27529,4
27530,3
27532,5
27533,7
27536,8
27539,13
27540,2
27542,8
27543,1
27545,7
27546,9
27548,2
27549,4
27552,14
27555,4
27556,2
27558,8
27559,3
27561,4
27562,4
27564,5
27565,12
27568,12
27571,21
27572,2
27574,6
27575,6
27577,14
27578,14
27580,1
27581,4
27584,21
27587,8
27588,3
27590,10
27591,8
27593,4
27594,4
27596,3
27597,17
27600,10
27603,12
27604,1
27606,9
27607,8
27609,6
27610,18
27612,2
27613,10
27616,20
27619,10
27620,1
27622,14
27623,11
27625,2
27626,5
27628,6
27629,23
27632,10
27635,15
27636,4
27638,7
27639,2
27641,10
27642,17
27644,3
27645,6
27648,25
27651,11
27654,12
27655,9
27657,5
27658,7
27660,6
27661,17
27664,11
27667,22
27668,6
27670,4
27671,5
27673,6
27674,11
27676,2
27677,9
27680,27
27683,8
27684,3
27686,12
27687,12
27689,3
27690,3
27692,4
27693,16
27696,11
27699,18
27700,4
27702,5
27703,6
27705,9
27706,14
27708,2
27709,6
27712,27
27715,14
27716,1
27718,17
27719,10
27721,5
27722,8
27724,3
27725,14
27728,12
27731,16
27732,3
27734,3
27735,5
27737,5
27738,12
27740,2
27741,9
27744,27
27747,9
27748,1
27750,16
27751,14
27753,2
27754,14
27756,5
27757,13
27760,16
27763,18
27764,7
27766,10
27767,4
27769,17
27770,15
27772,5
27773,7
27776,22
27779,9
27780,2
27782,15
27783,9
27785,6
27786,8
27788,4
27789,18
27792,14
27795,24
27796,8
27798,9
27799,4
27801,13
27802,19
27804,1
27805,4
27808,27
27811,13
27814,18
27815,10
27817,3
27818,7
27820,4
27821,24
27824,12
27827,22
27828,2
27830,8
27831,4
27833,14
27834,15
27836,3
27837,11
27840,23
27843,6
27844,1
27846,13
27847,19
27849,2
27850,8
27852,4
27853,26
27856,19
27859,24
27860,5
27862,11
27863,4
27865,10
27866,16
27868,4
27869,11
27872,28
27875,10
27876,5
27878,24
27879,13
27881,7
27882,15
27884,10
27885,28
27888,12
27891,20
27892,3
27894,6
27895,8
27897,16
27898,16
27900,3
27901,10
27904,31
27907,11
27908,1
27910,21
27911,15
27913,4
27914,14
27916,11
27917,25
27920,8
27923,30
27924,5
27926,7
27927,5
27929,13
27930,16
27932,4
27933,9
27936,28
27939,15
27940,4
27942,14
27943,15
27945,9
27946,10
27948,6
27949,27
27952,15
27955,23
27956,6
27958,9
27959,6
27961,11
27962,14
27964,3
27965,15
27968,33
27971,9
27972,7
27974,18
27975,19
27977,4
27978,11
27980,9
27981,21
27984,17
27987,21
27988,4
27990,10
27991,6
27993,11
27994,19
27996,4
27997,8
28000,42
28003,10
28004,4
28006,17
28007,15
28009,12
28010,11
28012,8
28013,33
28016,25
28019,26
28020,1
28022,11
28023,9
28025,15
28026,26
28028,3
28029,15
28032,44
28035,12
28036,3
28038,20
28039,20
28041,7
28042,10
28044,11
28045,44
28048,21
28051,28
28052,9
28054,6
28055,4
28057,7
28058,25
28060,5
28061,20
28064,37
28067,10
28068,2
28070,27
28071,19
28073,4
28074,9
28076,5
28077,32
28080,21
28083,25
28084,8
28086,6
28087,9
28089,11
28090,18
28092,8
28093,15
28096,30
28099,19
28100,4
28102,18
28103,21
28105,10
28106,8
28108,9
28109,31
28112,23
28115,30
28116,8
28118,13
28119,8
28121,16
28122,23
28124,5
28125,18
28128,40
28131,15
28132,2
28134,15
28135,20
28137,6
28138,11
28140,8
28141,35
28144,14
28147,35
28148,5
28150,12
28151,6
28153,11
28154,24
28156,5
28157,14
28160,46
28163,15
28164,7
28166,26
28167,23
28169,5
28170,9
28172,4
28173,28
28176,26
28179,29
28180,7
28182,8
28183,7
28185,21
28186,20
28188,1
28189,15
28192,40
28195,17
28196,5
28198,25
28199,11
28201,6
28202,11
28204,9
28205,23
28208,15
28211,37
28212,5
28214,11
28215,10
28217,17
28218,29
28220,6
28221,15
28224,45
28227,10
28228,9
28230,28
28231,20
28233,9
28234,11
28236,6
28237,25
28240,27
28243,39
28244,5
28246,13
28247,6
28249,11
28250,30
28252,6
28253,18
28256,47
28259,15
28260,3
28262,35
28263,12
28265,9
28266,12
28268,10
28269,24
28272,23
28275,33
28276,13
28278,11
28279,5
28281,14
28282,32
28284,4
28285,21
28288,46
28291,15
28292,2
28294,24
28295,13
28297,13
28298,13
28300,7
28301,35
28304,17
28307,41
28308,12
28310,13
28311,11
28313,22
28314,34
28316,3
28317,22
28320,56
28323,18
28324,1
28326,26
28327,21
28329,12
28330,13
28332,10
28333,43
28336,24
28339,43
28340,8
28342,16
28343,8
28345,17
28346,41
28348,4
28349,19
28352,41
28355,19
28356,5
28358,23
28359,6
28361,10
28362,19
28364,9
28365,47
28368,24
28371,37
28372,7
28374,14
28375,12
28377,22
28378,31
28380,2
28381,26
28384,55
28387,23
28388,6
28390,23
28391,30
28393,11
28394,13
28396,16
28397,41
28400,14
28403,41
28404,8
28406,10
28407,12
28409,16
28410,30
28412,6
28413,23
28416,52
28419,26
28420,6
28422,34
28423,22
28425,8
28426,15
28428,22
28429,49
28432,26
28435,46
28436,14
28438,20
28439,8
28441,15
28442,27
28444,3
28445,15
28448,47
28451,21
28452,3
28454,33
28455,29
28457,8
28458,17
28460,19
28461,46
28464,38
28467,41
28468,11
28470,24
28471,11
28473,23
28474,35
28476,3
28477,19
28480,58
28483,23
28484,4
28486,37
28487,19
28489,13
28490,22
28492,10
28493,31
28496,26
28499,48
28500,15
28502,19
28503,10
28505,19
28506,32
28508,5
28509,27
28512,52
28515,17
28516,5
28518,41
28519,30
28521,16
28522,10
28524,13
28525,42
28528,27
28531,34
28532,15
28534,14
28535,12
28537,24
28538,36
28540,7
28541,22
28544,66
28547,23
28548,5
28550,42
28551,26
28553,13
28554,21
28556,9
28557,45
28560,25
28563,49
28564,15
28566,20
28567,8
28569,26
28570,43
28572,5
28573,28
28576,56
28579,24
28580,8
28582,33
28583,28
28585,12
28586,14
28588,13
28589,61
28592,37
28595,51
28596,14
28598,24
28599,9
28601,17
28602,39
28604,5
28605,25
28608,67
28611,26
28612,10
28614,46
28615,25
28617,13
28618,20
28620,12
28621,53
28624,33
28627,56
28628,9
28630,20
28631,12
28633,28
28634,33
28636,5
28637,27
28640,87
28643,26
28644,5
28646,47
28647,22
28649,13
28650,17
28652,7
28653,61
28656,33
28659,45
28660,7
28662,16
28663,15
28665,17
28666,35
28668,13
28669,20
28672,41
28675,26
28676,6
28678,39
28679,34
28681,15
28682,16
28684,6
28685,49
28688,28
28691,55
28692,6
28694,21
28695,13
28697,25
28698,43
28700,5
28701,31
28704,68
28707,23
28708,9
28710,41
28711,31
28713,10
28714,15
28716,16
28717,48
28720,24
28723,53
28724,16
28726,19
28727,12
28729,29
28730,40
28732,4
28733,19
28736,65
28739,19
28740,7
28742,41
28743,29
28745,12
28746,21
28748,12
28749,48
28752,37
28755,35
28756,14
28758,23
28759,20
28761,25
28762,38
28764,5
28765,28
28768,51
28771,24
28772,10
28774,34
28775,26
28777,10
28778,26
28780,13
28781,43
28784,38
28787,50
28788,14
28790,16
28791,10
28793,26
28794,39
28796,3
28797,32
28800,61
28803,19
28804,6
28806,30
28807,23
28809,9
28810,11
28812,13
28813,44
28816,37
28819,44
28820,9
28822,19
28823,10
28825,25
28826,45
28828,4
28829,23
28832,66
28835,29
28836,4
28838,46
28839,25
28841,17
28842,14
28844,15
28845,50
28848,41
28851,49
28852,12
28854,24
28855,14
28857,29
28858,49
28860,10
28861,23
28864,64
28867,18
28868,8
28870,52
28871,29
28873,22
28874,16
28876,11
28877,59
28880,33
28883,71
28884,11
28886,14
28887,9
28889,22
28890,43
28892,7
28893,20
28896,75
28899,27
28900,4
28902,46
28903,19
28905,14
28906,15
28908,15
28909,54
28912,36
28915,49
28916,6
28918,18
28919,14
28921,34
28922,51
28924,3
28925,28
28928,63
28931,24
28932,2
28934,44
28935,31
28937,17
28938,18
28940,11
28941,52
28944,33
28947,49
28948,15
28950,20
28951,14
28953,27
28954,43
28956,10
28957,21
28960,78
28963,21
28964,7
28966,45
28967,29
28969,13
28970,14
28972,16
28973,55
28976,35
28979,53
28980,15
28982,16
28983,18
28985,37
28986,40
28988,8
28989,32
28992,70
28995,28
28996,10
28998,40
28999,30
29001,16
29002,24
29004,10
29005,58
29008,37
29011,60
29012,20
29014,20
29015,12
29017,29
29018,39
29020,10
29021,30
29024,77
29027,26
29028,8
29030,47
29031,26
29033,14
29034,22
29036,14
29037,59
29040,30
29043,48
29044,13
29046,21
29047,9
29049,23
29050,50
29052,8
29053,33
29056,62
29059,27
29060,6
29062,42
29063,37
29065,12
29066,28
29068,14
29069,62
29072,40
29075,62
29076,19
29078,19
29079,13
29081,29
29082,57
29084,6
29085,26
29088,88
29091,22
29092,8
29094,41
29095,29
29097,15
29098,27
29100,16
29101,56
29104,36
29107,63
29108,16
29110,23
29111,23
29113,32
29114,44
29116,10
29117,20
29120,71
29123,30
29124,6
29126,43
29127,34
29129,10
29130,18
29132,14
29133,72
29136,35
29139,55
29140,20
29142,20
29143,17
29145,34
29146,41
29148,7
29149,22
29152,63
29155,28
29156,7
29158,33
29159,26
29161,10
29162,32
29164,15
29165,68
29168,39
29171,46
29172,14
29174,21
29175,15
29177,32
29178,40
29180,5
29181,27
29184,70
29187,21
29188,5
29190,54
29191,27
29193,19
29194,17
29196,16
29197,44
29200,32
29203,57
29204,15
29206,19
29207,13
29209,22
29210,27
29212,7
29213,35
29216,81
29219,26
29220,7
29222,42
29223,30
29225,9
29226,24
29228,15
29229,56
29232,35
29235,46
29236,15
29238,20
29239,16
29241,27
29242,38
29244,7
29245,35
29248,57
29251,23
29252,4
29254,46
29255,23
29257,12
29258,15
29260,13
29261,43
29264,35
29267,56
29268,12
29270,26
29271,16
29273,30
29274,38
29276,9
29277,36
29280,61
29283,37
29284,5
29286,40
29287,23
29289,18
29290,29
29292,10
29293,57
29296,36
29299,50
29300,13
29302,14
29303,15
29305,23
29306,41
29308,3
29309,27
29312,83
29315,29
29316,5
29318,44
29319,30
29321,11
29322,26
29324,10
29325,57
29328,33
29331,49
29332,20
29334,21
29335,12
29337,30
29338,40
29340,3
29341,27
29344,65
29347,34
29348,7
29350,41
29351,25
29353,15
29354,21
29356,13
29357,52
29360,34
29363,57
29364,13
29366,21
29367,14
29369,33
29370,35
29372,9
29373,19
29376,61
29379,22
29380,6
29382,30
29383,29
29385,11
29386,23
29388,8
29389,41
29392,30
29395,51
29396,13
29398,20
29399,12
29401,32
29402,29
29404,1
29405,28
29408,64
29411,23
29412,3
29414,55
29415,23
29417,17
29418,16
29420,14
29421,61
29424,19
29427,69
29428,8
29430,32
29431,9
29433,32
29434,44
29436,4
29437,18
29440,54
29443,33
29444,7
29446,48
29447,19
29449,9
29450,11
29452,17
29453,49
29456,26
29459,53
29460,17
29462,21
29463,15
29465,28
29466,36
29468,6
29469,20
29472,72
29475,23
29476,6
29478,37
29479,21
29481,13
29482,22
29484,8
29485,53
29488,44
29491,50
29492,14
29494,24
29495,17
29497,16
29498,38
29500,9
29501,31
29504,61
29507,26
29508,8
29510,29
29511,36
29513,12
29514,16
29516,15
29517,51
29520,21
29523,42
29524,14
29526,20
29527,18
29529,26
29530,40
29532,5
29533,19
29536,64
29539,33
29540,2
29542,36
29543,25
29545,16
29546,19
29548,12
29549,47
29552,31
29555,71
29556,15
29558,14
29559,16
29561,22
29562,39
29564,6
29565,30
29568,73
29571,17
29572,4
29574,44
29575,25
29577,20
29578,17
29580,14
29581,52
29584,32
29587,55
29588,14
29590,18
29591,16
29593,32
29594,42
29596,10
29597,34
29600,69
29603,32
29604,5
29606,39
29607,35
29609,11
29610,12
29612,18
29613,45
29616,43
29619,57
29620,11
29622,18
29623,14
29625,25
29626,40
29628,5
29629,22
29632,61
29635,25
29636,5
29638,35
29639,28
29641,12
29642,28
29644,15
29645,50
29648,37
29651,50
29652,10
29654,13
29655,14
29657,20
29658,46
29660,13
29661,32
29664,67
29667,29
29668,3
29670,32
29671,32
29673,20
29674,20
29676,18
29677,56
29680,35
29683,50
29684,12
29686,15
29687,16
29689,32
29690,46
29692,1
29693,16
29696,72
29699,30
29700,10
29702,44
29703,25
29705,10
29706,29
29708,18
29709,50
29712,37
29715,46
29716,9
29718,22
29719,14
29721,19
29722,48
29724,7
29725,27
29728,76
29731,23
29732,8
29734,47
29735,29
29737,13
29738,26
29740,18
29741,45
29744,33
29747,57
29748,10
29750,21
29751,14
29753,22
29754,48
29756,6
29757,25
29760,60
29763,28
29764,5
29766,46
29767,25
29769,9
29770,17
29772,19
29773,58
29776,31
29779,45
29780,10
29782,23
29783,10
29785,33
29786,33
29788,10
29789,27
29792,60
29795,26
29796,5
29798,41
29799,27
29801,15
29802,16
29804,4
29805,48
29808,31
29811,50
29812,18
29814,17
29815,9
29817,32
29818,39
29820,5
29821,30
29824,51
29827,18
29828,4
29830,43
29831,41
29833,22
29834,22
29836,17
29837,43
29840,37
29843,48
29844,19
29846,15
29847,15
29849,29
29850,39
29852,4
29853,28
29856,76
29859,28
29860,11
29862,35
29863,20
29865,11
29866,14
29868,16
29869,71
29872,28
29875,38
29876,10
29878,15
29879,11
29881,31
29882,40
29884,4
29885,21
29888,78
29891,30
29892,6
29894,45
29895,25
29897,10
29898,14
29900,9
29901,60
29904,39
29907,61
29908,12
29910,19
29911,13
29913,24
29914,49
29916,6
29917,27
29920,62
29923,22
29924,4
29926,32
29927,28
29929,12
29930,13
29932,16
29933,65
29936,30
29939,62
29940,9
29942,13
29943,17
29945,40
29946,35
29948,6
29949,35
29952,68
29955,31
29956,6
29958,38
29959,22
29961,16
29962,26
29964,15
29965,48
29968,42
29971,46
29972,19
29974,21
29975,15
29977,22
29978,54
29980,3
29981,27
29984,73
29987,28
29988,6
29990,35
29991,23
29993,13
29994,17
29996,8
29997,48
30000,32
30003,50
30004,13
30006,20
30007,14
30009,24
30010,38
30012,7
30013,18
30016,70
30019,25
30020,8
30022,42
30023,21
30025,19
30026,23
30028,10
30029,55
30032,22
30035,56
30036,14
30038,15
30039,14
30041,32
30042,44
30044,7
30045,28
30048,72
30051,18
30052,2
30054,26
30055,30
30057,11
30058,12
30060,10
30061,47
30064,29
30067,45
30068,16
30070,15
30071,15
30073,26
30074,27
30076,4
30077,32
30080,73
30083,26
30084,6
30086,34
30087,25
30089,13
30090,19
30092,14
30093,59
30096,30
30099,53
30100,15
30102,25
30103,15
30105,29
30106,36
30108,8
30109,29
30112,73
30115,34
30116,3
30118,49
30119,28
30121,13
30122,21
30124,14
30125,48
30128,30
30131,69
30132,11
30134,21
30135,13
30137,28
30138,43
30140,4
30141,27
30144,59
30147,20
30148,7
30150,33
30151,25
30153,18
30154,21
30156,16
30157,69
30160,25
30163,57
30164,15
30166,18
30167,14
30169,29
30170,43
30172,7
30173,27
30176,60
30179,23
30180,7
30182,48
30183,27
30185,12
30186,22
30188,15
30189,48
30192,38
30195,51
30196,11
30198,23
30199,9
30201,31
30202,38
30204,8
30205,21
30208,64
30211,31
30212,3
30214,40
30215,21
30217,11
30218,16
30220,13
30221,54
30224,28
30227,52
30228,13
30230,19
30231,12
30233,26
30234,43
30236,5
30237,22
30240,58
30243,36
30244,6
30246,36
30247,34
30249,13
30250,15
30252,7
30253,49
30256,35
30259,57
30260,12
30262,17
30263,21
30265,30
30266,43
30268,3
30269,24
30272,61
30275,20
30276,10
30278,46
30279,29
30281,13
30282,25
30284,13
30285,57
30288,28
30291,50
30292,13
30294,18
30295,19
30297,31
30298,48
30300,11
30301,18
30304,62
30307,22
30308,5
30310,39
30311,31
30313,10
30314,28
30316,14
30317,39
30320,34
30323,46
30324,9
30326,18
30327,12
30329,29
30330,44
30332,8
30333,23
30336,70
30339,18
30340,7
30342,59
30343,25
30345,15
30346,20
30348,17
30349,53
30352,36
30355,62
30356,12
30358,25
30359,11
30361,25
30362,41
30364,7
30365,35
30368,62
30371,28
30372,8
30374,37
30375,23
30377,17
30378,22
30380,17
30381,55
30384,36
30387,36
30388,16
30390,22
30391,14
30393,28
30394,38
30396,7
30397,22
30400,72
30403,30
30404,9
30406,35
30407,32
30409,12
30410,20
30412,7
30413,38
30416,33
30419,49
30420,9
30422,26
30423,5
30425,30
30426,31
30428,6
30429,22
30432,54
30435,37
30436,11
30438,39
30439,27
30441,13
30442,14
30444,11
30445,70
30448,42
30451,61
30452,15
30454,18
30455,15
30457,33
30458,34
30460,2
30461,27
30464,69
30467,20
30468,9
30470,38
30471,26
30473,8
30474,18
30476,25
30477,67
30480,43
30483,49
30484,10
30486,18
30487,11
30489,25
30490,34
30492,6
30493,23
30496,59
30499,18
30500,4
30502,32
30503,18
30505,13
30506,10
30508,7
30509,68
30512,35
30515,62
30516,10
30518,17
30519,13
30521,32
30522,43
30524,7
30525,23
30528,71
30531,19
30532,5
30534,49
30535,20
30537,12
30538,12
30540,11
30541,67
30544,35
30547,60
30548,12
30550,14
30551,16
30553,19
30554,47
30556,7
30557,28
30560,71
30563,24
30564,8
30566,38
30567,25
30569,17
30570,11
30572,14
30573,62
30576,40
30579,59
30580,12
30582,30
30583,13
30585,35
30586,45
30588,2
30589,28
30592,56
30595,26
30596,7
30598,43
30599,26
30601,10
30602,20
30604,14
30605,49
30608,32
30611,48
30612,13
30614,20
30615,18
30617,18
30618,42
30620,8
30621,28
30624,62
30627,26
30628,7
30630,42
30631,27
30633,11
30634,25
30636,16
30637,57
30640,20
30643,64
30644,11
30646,15
30647,17
30649,25
30650,41
30652,4
30653,32
30656,65
30659,32
30660,8
30662,44
30663,36
30665,13
30666,14
30668,16
30669,63
30672,24
30675,45
30676,17
30678,18
30679,15
30681,29
30682,51
30684,6
30685,26
30688,82
30691,26
30692,3
30694,30
30695,35
30697,11
30698,21
30700,14
30701,56
30704,26
30707,50
30708,14
30710,26
30711,16
30713,32
30714,30
30716,4
30717,23
30720,64
30723,25
30724,4
30726,32
30727,31
30729,21
30730,15
30732,16
30733,61
30736,32
30739,54
30740,18
30742,11
30743,15
30745,26
30746,40
30748,3
30749,22
30752,60
30755,28
30756,7
30758,34
30759,33
30761,13
30762,21
30764,13
30765,55
30768,43
30771,40
30772,20
30774,22
30775,8
30777,21
30778,39
30780,3
30781,25
30784,68
30787,26
30788,10
30790,44
30791,23
30793,17
30794,21
30796,15
30797,69
30800,38
30803,52
30804,14
30806,14
30807,15
30809,21
30810,39
30812,8
30813,30
30816,60
30819,20
30820,8
30822,44
30823,27
30825,16
30826,20
30828,14
30829,56
30832,38
30835,54
30836,17
30838,20
30839,14
30841,28
30842,40
30844,5
30845,26
30848,84
30851,15
30852,8
30854,37
30855,25
30857,8
30858,18
30860,21
30861,44
30864,20
30867,47
30868,15
30870,17
30871,14
30873,27
30874,39
30876,5
30877,28
30880,70
30883,20
30884,6
30886,32
30887,29
30889,13
30890,22
30892,11
30893,60
30896,36
30899,51
30900,13
30902,22
30903,12
30905,28
30906,40
30908,5
30909,22
30912,70
30915,22
30916,4
30918,37
30919,22
30921,8
30922,19
30924,16
30925,59
30928,24
30931,48
30932,14
30934,19
30935,12
30937,27
30938,37
30940,9
30941,23
30944,78
30947,21
30948,10
30950,40
30951,24
30953,9
30954,27
30956,14
30957,46
30960,28
30963,50
30964,10
30966,14
30967,11
30969,15
30970,39
30972,7
30973,29
30976,67
30979,20
30980,5
30982,40
30983,27
30985,12
30986,15
30988,5
30989,52
30992,29
30995,45
30996,20
30998,20
30999,11
31001,23
31002,38
31004,8
31005,28
31008,62
31011,22
31012,6
31014,40
31015,29
31017,24
31018,16
31020,13
31021,56
31024,32
31027,50
31028,5
31030,17
31031,6
31033,23
31034,34
31036,8
31037,22
31040,61
31043,21
31044,4
31046,38
31047,27
31049,15
31050,17
31052,11
31053,46
31056,34
31059,39
31060,12
31062,16
31063,7
31065,22
31066,36
31068,3
31069,22
31072,53
31075,27
31076,7
31078,33
31079,27
31081,10
31082,15
31084,8
31085,47
31088,22
31091,46
31092,8
31094,22
31095,13
31097,14
31098,40
31100,4
31101,23
31104,67
31107,27
31108,11
31110,46
31111,27
31113,10
31114,20
31116,15
31117,45
31120,26
31123,55
31124,13
31126,18
31127,14
31129,28
31130,45
31132,7
31133,17
31136,58
31139,25
31140,4
31142,38
31143,23
31145,17
31146,13
31148,12
31149,36
31152,32
31155,52
31156,19
31158,17
31159,9
31161,26
31162,41
31164,4
31165,22
31168,69
31171,20
31172,8
31174,30
31175,25
31177,8
31178,23
31180,15
31181,55
31184,29
31187,62
31188,11
31190,19
31191,6
31193,22
31194,39
31196,7
31197,18
31200,69
31203,21
31204,6
31206,34
31207,26
31209,23
31210,18
31212,16
31213,49
31216,31
31219,51
31220,16
31222,17
31223,11
31225,17
31226,40
31228,7
31229,19
31232,68
31235,18
31236,2
31238,47
31239,23
31241,9
31242,18
31244,14
31245,44
31248,29
31251,45
31252,11
31254,25
31255,13
31257,18
31258,38
31260,4
31261,20
31264,74
31267,18
31268,6
31270,30
31271,25
31273,10
31274,18
31276,15
31277,42
31280,32
31283,50
31284,14
31286,24
31287,10
31289,24
31290,25
31292,7
31293,24
31296,67
31299,17
31300,3
31302,34
31303,29
31305,7
31306,19
31308,16
31309,53
31312,30
31315,59
31316,12
31318,18
31319,11
31321,25
31322,36
31324,4
31325,21
31328,67
31331,26
31332,5
31334,27
31335,29
31337,9
31338,17
31340,14
31341,40
31344,36
31347,45
31348,9
31350,21
31351,11
31353,29
31354,36
31356,5
31357,22
31360,82
31363,28
31364,6
31366,32
31367,33
31369,8
31370,22
31372,15
31373,54
31376,25
31379,49
31380,13
31382,15
31383,14
31385,28
31386,35
31388,6
31389,25
31392,58
31395,20
31396,5
31398,34
31399,18
31401,12
31402,29
31404,13
31405,38
31408,28
31411,49
31412,11
31414,16
31415,11
31417,30
31418,27
31420,6
31421,19
31424,67
31427,26
31428,5
31430,36
31431,27
31433,16
31434,12
31436,5
31437,58
31440,26
31443,52
31444,11
31446,19
31447,7
31449,18
31450,49
31452,7
31453,20
31456,66
31459,19
31460,8
31462,33
31463,14
31465,13
31466,16
31468,12
31469,46
31472,28
31475,49
31476,12
31478,18
31479,8
31481,26
31482,34
31484,6
31485,14
31488,62
31491,28
31492,8
31494,32
31495,27
31497,11
31498,16
31500,11
31501,47
31504,22
31507,46
31508,11
31510,22
31511,18
31513,20
31514,37
31516,9
31517,10
31520,58
31523,25
31524,5
31526,42
31527,25
31529,10
31530,20
31532,9
31533,53
31536,26
31539,50
31540,12
31542,15
31543,8
31545,28
31546,30
31548,7
31549,16
31552,39
31555,18
31556,3
31558,35
31559,39
31561,11
31562,12
31564,14
31565,51
31568,33
31571,47
31572,13
31574,17
31575,10
31577,18
31578,32
31580,3
31581,21
31584,55
31587,22
31588,3
31590,41
31591,22
31593,9
31594,13
31596,12
31597,50
31600,13
31603,42
31604,13
31606,12
31607,15
31609,33
31610,25
31612,8
31613,31
31616,67
31619,33
31620,6
31622,34
31623,32
31625,13
31626,17
31628,12
31629,41
31632,28
31635,50
31636,14
31638,19
31639,8
31641,30
31642,32
31644,3
31645,19
31648,53
31651,17
31652,5
31654,37
31655,30
31657,6
31658,22
31660,14
31661,37
31664,30
31667,47
31668,13
31670,23
31671,7
31673,21
31674,39
31676,1
31677,15
31680,74
31683,23
31684,3
31686,38
31687,23
31689,10
31690,13
31692,14
31693,59
31696,33
31699,39
31700,16
31702,24
31703,18
31705,23
31706,32
31708,9
31709,18
31712,65
31715,21
31716,7
31718,38
31719,23
31721,5
31722,20
31724,15
31725,31
31728,37
31731,38
31732,10
31734,15
31735,10
31737,17
31738,43
31740,3
31741,22
31744,63
31747,20
31748,5
31750,36
31751,31
31753,14
31754,11
31756,15
31757,47
31760,34
31763,42
31764,11
31766,20
31767,11
31769,19
31770,31
31772,4
31773,21
31776,38
31779,18
31780,9
31782,25
31783,26
31785,10
31786,21
31788,7
31789,45
31792,23
31795,52
31796,12
31798,14
31799,9
31801,23
31802,29
31804,5
31805,17
31808,55
31811,22
31812,3
31814,27
31815,20
31817,11
31818,12
31820,11
31821,31
31824,41
31827,32
31828,17
31830,21
31831,13
31833,20
31834,29
31836,6
31837,27
31840,66
31843,26
31844,2
31846,24
31847,21
31849,10
31850,11
31852,10
31853,46
31856,33
31859,48
31860,10
31862,21
31863,11
31865,26
31866,32
31868,6
31869,24
31872,72
31875,27
31876,2
31878,34
31879,20
31881,13
31882,24
31884,20
31885,42
31888,40
31891,39
31892,13
31894,19
31895,10
31897,20
31898,41
31900,4
31901,22
31904,69
31907,25
31908,9
31910,32
31911,24
31913,16
31914,16
31916,14
31917,42
31920,29
31923,40
31924,10
31926,19
31927,20
31929,26
31930,27
31932,6
31933,20
31936,58
31939,21
31940,7
31942,32
31943,29
31945,7
31946,14
31948,16
31949,33
31952,35
31955,56
31956,8
31958,25
31959,9
31961,25
31962,33
31964,3
31965,25
31968,59
31971,29
31972,3
31974,40
31975,17
31977,16
31978,16
31980,11
31981,57
31984,34
31987,43
31988,18
31990,13
31991,11
31993,27
31994,33
31996,8
31997,28
32000,57
32003,22
32004,10
32006,31
32007,22
32009,14
32010,8
32012,11
32013,49
32016,30
32019,46
32020,15
32022,13
32023,13
32025,23
32026,37
32028,7
32029,25
32032,58
32035,25
32036,6
32038,42
32039,14
32041,7
32042,17
32044,17
32045,38
32048,27
32051,39
32052,16
32054,21
32055,12
32057,25
32058,41
32060,5
32061,17
32064,67
32067,29
32068,6
32070,29
32071,20
32073,9
32074,20
32076,15
32077,50
32080,21
32083,42
32084,15
32086,19
32087,12
32089,12
32090,44
32092,2
32093,22
32096,56
32099,20
32100,5
32102,35
32103,29
32105,11
32106,18
32108,12
32109,37
32112,33
32115,50
32116,11
32118,13
32119,11
32121,23
32122,30
32124,4
32125,34
32128,54
32131,18
32132,6
32134,34
32135,18
32137,8
32138,7
32140,8
32141,44
32144,32
32147,45
32148,15
32150,19
32151,13
32153,18
32154,34
32156,3
32157,20
32160,65
32163,17
32164,8
32166,36
32167,16
32169,16
32170,19
32172,10
32173,33
32176,20
32179,45
32180,17
32182,12
32183,10
32185,21
32186,36
32188,9
32189,26
32192,81
32195,24
32196,4
32198,42
32199,18
32201,3
32202,17
32204,18
32205,41
32208,35
32211,41
32212,9
32214,14
32215,13
32217,20
32218,41
32220,9
32221,28
32224,56
32227,16
32228,3
32230,26
32231,24
32233,8
32234,9
32236,8
32237,43
32240,34
32243,47
32244,13
32246,13
32247,7
32249,20
32250,30
32252,7
32253,28
32256,38
32259,24
32260,4
32262,26
32263,20
32265,10
32266,12
32268,12
32269,44
32272,30
32275,46
32276,15
32278,19
32279,13
32281,19
32282,36
32284,6
32285,18
32288,46
32291,21
32292,3
32294,36
32295,31
32297,5
32298,12
32300,5
32301,42
32304,26
32307,31
32308,11
32310,11
32311,13
32313,22
32314,28
32316,7
32317,21
32320,61
32323,18
32324,4
32326,25
32327,30
32329,10
32330,18
32332,10
32333,51
32336,35
32339,33
32340,19
32342,14
32343,15
32345,25
32346,37
32348,9
32349,18
32352,51
32355,21
32356,8
32358,33
32359,18
32361,10
32362,6
32364,10
32365,38
32368,33
32371,41
32372,16
32374,16
32375,14
32377,24
32378,32
32380,8
32381,21
32384,55
32387,25
32388,2
32390,26
32391,23
32393,13
32394,19
32396,12
32397,46
32400,34
32403,40
32404,10
32406,14
32407,8
32409,22
32410,31
32412,3
32413,17
32416,62
32419,24
32420,6
32422,28
32423,30
32425,11
32426,11
32428,9
32429,46
32432,20
32435,39
32436,11
32438,19
32439,15
32441,14
32442,23
32444,6
32445,18
32448,52
32451,21
32452,2
32454,45
32455,24
32457,10
32458,8
32460,13
32461,44
32464,25
32467,46
32468,12
32470,12
32471,16
32473,26
32474,32
32476,5
32477,23
32480,68
32483,27
32484,6
32486,28
32487,22
32489,12
32490,13
32492,10
32493,37
32496,38
32499,41
32500,11
32502,15
32503,6
32505,17
32506,33
32508,6
32509,25
32512,65
32515,19
32516,5
32518,29
32519,13
32521,6
32522,17
32524,10
32525,43
32528,25
32531,38
32532,9
32534,11
32535,16
32537,25
32538,37
32540,10
32541,23
32544,65
32547,18
32548,4
32550,34
32551,26
32553,6
32554,15
32556,19
32557,48
32560,18
32563,37
32564,9
32566,14
32567,12
32569,19
32570,28
32572,7
32573,19
32576,56
32579,19
32580,4
32582,40
32583,31
32585,14
32586,17
32588,11
32589,42
32592,24
32595,36
32596,5
32598,17
32599,13
32601,15
32602,31
32604,5
32605,19
32608,65
32611,26
32612,3
32614,32
32615,21
32617,12
32618,13
32620,16
32621,34
32624,14
32627,32
32628,8
32630,14
32631,4
32633,18
32634,30
32636,4
32637,22
32640,54
32643,20
32644,4
32646,35
32647,27
32649,13
32650,19
32652,18
32653,34
32656,31
32659,48
32660,9
32662,16
32663,9
32665,24
32666,32
32668,3
32669,17
32672,61
32675,16
32676,3
32678,37
32679,12
32681,9
32682,15
32684,12
32685,38
32688,24
32691,32
32692,11
32694,15
32695,7
32697,13
32698,26
32700,5
32701,16
32704,51
32707,23
32708,5
32710,31
32711,16
32713,13
32714,15
32716,10
32717,40
32720,23
32723,33
32724,10
32726,16
32727,14
32729,14
32730,30
32732,3
32733,20
32736,53
32739,21
32740,5
32742,32
32743,12
32745,8
32746,11
32748,8
32749,30
32752,22
32755,32
32756,9
32758,15
32759,11
32761,10
32762,37
32764,6
32765,24
32768,55
32771,18
32772,5
32774,24
32775,16
32777,13
32778,12
32780,9
32781,38
32784,19
32787,36
32788,5
32790,17
32791,12
32793,10
32794,30
32796,6
32797,20
32800,58
32803,21
32804,5
32806,36
32807,29
32809,4
32810,19
32812,10
32813,53
32816,28
32819,37
32820,12
32822,9
32823,6
32825,18
32826,25
32828,3
32829,14
32832,59
32835,20
32836,7
32838,29
32839,17
32841,15
32842,17
32844,9
32845,45
32848,26
32851,39
32852,8
32854,9
32855,6
32857,18
32858,44
32860,5
32861,23
32864,49
32867,18
32868,3
32870,20
32871,12
32873,7
32874,14
32876,17
32877,38
32880,24
32883,44
32884,7
32886,14
32887,13
32889,16
32890,28
32892,3
32893,15
32896,56
32899,10
32900,7
32902,31
32903,11
32905,9
32906,15
32908,7
32909,34
32912,27
32915,40
32916,12
32918,11
32919,9
32921,18
32922,22
32924,6
32925,19
32928,45
32931,13
32932,4
32934,22
32935,28
32937,11
32938,15
32940,8
32941,30
32944,29
32947,25
32948,13
32950,19
32951,1
32953,27
32954,27
32956,5
32957,32
32960,42
32963,19
32966,25
32967,18
32969,11
32970,13
32972,9
32973,37
32976,26
32979,33
32980,11
32982,17
32983,6
32985,21
32986,24
32988,3
32989,22
32992,35
32995,17
32996,3
32998,25
32999,22
33001,10
33002,15
33004,12
33005,44
33008,23
33011,43
33012,11
33014,14
33015,11
33017,20
33018,26
33020,6
33021,15
33024,51
33027,12
33028,4
33030,27
33031,16
33033,16
33034,12
33036,9
33037,42
33040,24
33043,47
33044,3
33046,12
33047,4
33049,14
33050,27
33052,3
33053,18
33056,52
33059,14
33060,6
33062,29
33063,20
33065,10
33066,15
33068,6
33069,37
33072,16
33075,45
33076,9
33078,11
33079,8
33081,11
33082,33
33084,2
33085,20
33088,51
33091,14
33092,3
33094,28
33095,16
33097,2
33098,19
33100,8
33101,34
33104,23
33107,37
33108,4
33110,17
33111,9
33113,15
33114,28
33116,3
33117,13
33120,51
33123,13
33124,2
33126,25
33127,13
33129,9
33130,13
33132,10
33133,31
33136,9
33139,39
33140,7
33142,16
33143,7
33145,19
33146,25
33148,3
33149,16
33152,40
33155,20
33158,22
33159,16
33161,6
33162,10
33164,6
33165,37
33168,27
33171,29
33172,3
33174,9
33175,4
33177,17
33178,21
33180,3
33181,15
33184,44
33187,11
33188,3
33190,24
33191,12
33193,5
33194,12
33196,7
33197,36
33200,23
33203,23
33204,9
33206,16
33207,9
33209,23
33210,16
33212,6
33213,16
33216,33
33219,10
33220,6
33222,25
33223,13
33225,3
33226,14
33228,10
33229,27
33232,23
33235,34
33236,10
33238,17
33239,6
33241,20
33242,22
33244,3
33245,9
33248,39
33251,12
33252,2
33254,16
33255,17
33257,5
33258,8
33260,7
33261,26
33264,19
33267,27
33268,5
33270,19
33271,9
33273,15
33274,30
33276,3
33277,14
33280,42
33283,20
33284,5
33286,30
33287,11
33289,9
33290,10
33292,8
33293,26
33296,15
33299,21
33300,9
33302,7
33303,11
33305,13
33306,20
33308,3
33309,23
33312,46
33315,17
33316,1
33318,27
33319,17
33321,8
33322,7
33324,6
33325,34
33328,16
33331,28
33332,11
33334,7
33335,3
33337,7
33338,22
33340,2
33341,14
33344,28
33347,13
33348,1
33350,18
33351,18
33353,3
33354,14
33356,8
33357,22
33360,15
33363,31
33364,4
33366,7
33367,7
33369,14
33370,23
33372,5
33373,9
33376,27
33379,9
33380,2
33382,25
33383,12
33385,6
33386,10
33388,9
33389,15
33392,18
33395,18
33396,3
33398,9
33399,5
33401,11
33402,17
33404,1
33405,14
33408,39
33411,18
33412,1
33414,20
33415,13
33417,4
33418,12
33420,6
33421,23
33424,12
33427,25
33428,6
33430,7
33431,9
33433,10
33434,19
33436,3
33437,9
33440,31
33443,12
33444,3
33446,15
33447,9
33449,9
33450,14
33452,8
33453,20
33456,8
33459,16
33460,1
33462,5
33463,3
33465,17
33466,15
33468,2
33469,8
33472,28
33475,9
33476,3
33478,16
33479,13
33481,10
33482,3
33484,3
33485,27
33488,18
33491,26
33492,5
33494,8
33495,7
33497,11
33498,20
33500,2
33501,9
33504,31
33507,8
33508,2
33510,22
33511,12
33513,7
33514,8
33516,5
33517,15
33520,14
33523,16
33524,6
33526,12
33527,4
33529,10
33530,14
33532,3
33533,8
33536,26
33539,7
33540,5
33542,18
33543,11
33545,4
33546,6
33548,5
33549,16
33552,10
33555,18
33556,5
33558,10
33559,5
33561,10
33562,13
33564,3
33565,5
33568,35
33571,10
33572,6
33574,10
33575,6
33577,2
33578,13
33580,8
33581,21
33584,16
33587,26
33588,7
33590,7
33591,4
33593,10
33594,18
33596,2
33597,8
33600,19
33603,6
33604,3
33606,8
33607,16
33609,4
33610,8
33612,2
33613,23
33616,12
33619,20
33620,7
33622,9
33623,9
33625,9
33626,7
33628,2
33629,7
33632,20
33635,4
33636,2
33638,16
33639,15
33641,2
33642,7
33644,6
33645,19
33648,13
33651,21
33652,4
33654,8
33655,5
33657,11
33658,15
33660,4
33661,6
33664,23
33667,9
33668,4
33670,14
33671,12
33673,2
33674,8
33676,4
33677,17
33680,12
33683,15
33684,3
33686,8
33687,3
33689,8
33690,11
33692,2
33693,7
33696,29
33699,4
33700,2
33702,15
33703,8
33705,5
33706,12
33708,6
33709,18
33712,13
33715,16
33716,2
33718,4
33719,5
33721,11
33722,11
33724,3
33725,5
33728,22
33731,6
33732,2
33734,12
33735,13
33737,4
33738,2
33740,2
33741,16
33744,12
33747,25
33748,1
33750,3
33751,4
33753,5
33754,8
33756,2
33757,7
33760,19
33763,8
33764,1
33766,11
33767,4
33769,1
33770,1
33772,6
33773,9
33776,7
33779,20
33780,7
33782,7
33783,2
33785,3
33786,8
33788,4
33789,6
33792,16
33795,12
33796,1
33798,12
33799,10
33801,2
33804,4
33805,18
33808,7
33811,14
33812,5
33814,2
33815,8
33817,4
33818,15
33820,2
33821,3
33824,13
33827,11
33828,3
33830,17
33831,10
33833,6
33834,3
33836,4
33837,18
33840,10
33843,12
33844,1
33846,4
33847,6
33849,7
33850,8
33852,1
33853,9
33856,11
33859,5
33860,1
33862,3
33863,6
33865,6
33866,4
33868,3
33869,19
33872,11
33875,14
33876,2
33878,1
33879,4
33881,9
33882,9
33884,3
33885,7
33888,11
33891,3
33892,4
33894,10
33895,6
33897,2
33898,5
33900,4
33901,18
33904,7
33907,16
33908,3
33910,3
33911,3
33913,6
33914,10
33916,1
33917,9
33920,8
33923,2
33924,3
33926,7
33927,8
33929,2
33930,4
33932,6
33933,12
33936,8
33939,9
33940,1
33942,4
33943,2
33945,3
33946,8
33948,1
33949,1
33952,16
33955,7
33956,1
33958,7
33959,7
33962,4
33964,4
33965,11
33968,6
33971,5
33972,2
33974,6
33977,3
33978,14
33981,7
33984,11
33987,5
33988,2
33990,9
33991,4
33993,2
33994,5
33996,4
33997,7
34000,1
34003,12
34004,8
34006,2
34007,1
34009,1
34010,10
34012,4
34013,2
34016,17
34019,6
34020,1
34022,7
34023,3
34025,1
34026,8
34028,2
34029,14
34032,7
34035,5
34038,2
34039,3
34041,4
34042,10
34045,2
34048,11
34051,10
34052,1
34054,5
34055,4
34057,1
34058,2
34060,1
34061,7
34064,5
34067,8
34068,3
34070,1
34071,5
34073,6
34074,8
34076,1
34077,4
34080,17
34083,6
34086,3
34087,5
34089,1
34090,6
34093,6
34096,6
34099,15
34100,1
34102,3
34103,2
34105,2
34106,7
34108,1
34109,3
34112,10
34115,2
34116,3
34118,8
34119,1
34121,2
34122,2
34124,4
34125,12
34128,7
34131,12
34132,3
34134,5
34135,3
34137,2
34138,5
34140,1
34141,3
34144,8
34147,5
34148,1
34150,11
34151,7
34153,3
34154,5
34156,3
34157,4
34160,5
34163,7
34164,3
34166,5
34167,4
34169,7
34170,10
34173,4
34176,3
34179,2
34180,1
34182,8
34183,5
34185,2
34186,2
34188,4
34189,9
34192,7
34195,7
34198,3
34199,2
34201,4
34202,3
34205,7
34208,11
34211,5
34212,3
34214,5
34215,2
34217,1
34218,2
34220,3
34221,10
34224,6
34227,7
34230,2
34231,3
34233,3
34234,3
34236,1
34237,2
34240,9
34243,1
34246,6
34247,4
34249,1
34250,2
34252,1
34253,13
34256,2
34259,7
34260,2
34262,1
34263,1
34265,12
34266,7
34268,1
34269,5
34272,5
34275,2
34278,2
34279,3
34281,1
34282,2
34284,3
34285,7
34288,9
34291,3
34292,3
34294,1
34295,2
34297,6
34298,6
34301,5
34304,8
34307,3
34308,1
34310,7
34311,2
34314,6
34316,2
34317,7
34320,6
34323,7
34324,3
34326,6
34327,1
34330,7
34332,1
34333,4
34336,13
34339,3
34342,4
34343,1
34345,1
34346,2
34349,10
34352,13
34355,5
34358,2
34359,2
34361,3
34362,5
34364,3
34365,4
34368,10
34371,2
34372,1
34374,4
34375,2
34377,1
34380,3
34381,1
34384,1
34387,7
34388,1
34390,4
34391,1
34393,1
34394,6
34397,3
34400,9
34403,3
34406,4
34407,6
34409,1
34410,4
34412,1
34413,9
34416,3
34419,4
34420,1
34422,3
34423,2
34425,2
34426,7
34429,4
34432,14
34435,4
34438,8
34439,1
34441,2
34442,3
34444,1
34445,2
34448,6
34451,4
34452,4
34454,2
34455,3
34457,2
34458,5
34461,4
34464,8
34467,3
34468,1
34470,6
34471,5
34474,2
34476,2
34477,6
34480,6
34483,9
34484,1
34486,2
34487,1
34489,1
34490,3
34492,1
34493,1
34496,10
34502,4
34503,1
34505,3
34506,1
34509,8
34512,3
34515,5
34518,1
34519,1
34521,3
34522,7
34525,2
34528,9
34531,7
34532,1
34534,3
34535,3
34537,3
34538,1
34541,5
34544,5
34547,3
34550,1
34551,2
34553,6
34554,4
34556,2
34560,5
34563,2
34564,1
34566,6
34567,2
34569,2
34570,3
34572,2
34573,6
34576,4
34579,5
34580,1
34582,2
34583,1
34585,4
34586,7
34588,1
34589,3
34592,12
34595,1
34598,4
34599,6
34601,1
34602,1
34604,1
34605,5
34608,1
34611,1
34612,1
34614,3
34615,3
34617,3
34618,6
34620,1
34621,1
34624,7
34627,4
34630,4
34631,3
34633,2
34634,5
34637,4
34640,4
34643,4
34644,2
34646,3
34647,1
34649,1
34650,3
34652,1
34653,6
34656,8
34659,2
34662,1
34663,2
34665,1
34666,2
34668,1
34669,4
34675,3
34676,1
34678,2
34679,2
34681,6
34682,1
34685,2
34688,6
34691,2
34692,2
34694,4
34695,2
34697,1
34698,2
34701,3
34704,4
34707,7
34708,1
34710,3
34711,1
34714,6
34717,1
34720,5
34723,3
34726,3
34727,3
34729,1
34730,2
34732,2
34733,3
34736,3
34739,4
34740,1
34742,2
34745,3
34746,2
34749,3
34752,8
34755,4
34758,4
34759,2
34762,2
34765,6
34768,2
34771,5
34774,3
34775,1
34777,1
34778,7
34784,10
34787,2
34790,2
34791,4
34796,1
34797,1
34800,2
34803,3
34804,2
34806,4
34807,1
34810,2
34812,1
34813,1
34816,12
34819,2
34822,1
34823,4
34825,3
34826,1
34829,4
34832,4
34835,4
34836,1
34838,1
34839,2
34841,1
34842,4
34845,6
34848,5
34851,2
34854,8
34855,3
34858,2
34860,3
34861,2
34864,3
34867,3
34868,2
34870,3
34871,1
34873,2
34874,1
34876,2
34877,7
34880,5
34883,1
34886,2
34887,3
34889,1
34890,1
34892,1
34893,6
34896,6
34899,4
34900,1
34902,2
34906,1
34908,1
34912,6
34915,3
34916,2
34918,5
34919,5
34922,3
34924,1
34925,6
34928,6
34931,5
34938,1
34940,1
34941,1
34944,3
34947,5
34950,3
34951,3
34953,3
34954,2
34956,1
34957,3
34960,2
34963,5
34964,1
34966,3
34967,2
34969,2
34970,1
34973,2
34976,8
34979,3
34982,5
34983,2
34985,2
34986,1
34988,2
34989,7
34992,3
34995,4
34996,2
35001,3
35002,5
35005,4
35008,8
35011,5
35012,1
35014,2
35015,1
35017,1
35018,1
35021,5
35024,1
35027,5
35028,1
35030,2
35033,3
35034,4
35037,1
35040,2
35043,5
35044,1
35046,2
35047,1
35049,1
35050,1
35052,4
35053,7
35056,3
35059,3
35062,1
35063,1
35065,3
35066,2
35068,1
35069,1
35072,7
35075,5
35076,1
35078,3
35079,3
35081,4
35082,5
35084,2
35085,3
35088,2
35091,4
35094,2
35100,2
35101,1
35104,5
35107,1
35111,1
35113,2
35114,1
35116,1
35117,2
35120,3
35123,5
35124,1
35126,1
35129,2
35130,1
35132,2
35133,2
35136,9
35139,3
35142,2
35143,3
35145,2
35146,2
35148,1
35149,3
35152,2
35155,9
35156,1
35158,4
35159,1
35161,3
35162,3
35165,4
35168,6
35171,1
35174,4
35175,2
35177,1
35180,2
35181,2
35184,3
35187,4
35190,1
35191,1
35193,1
35194,2
35197,6
35200,7
35203,2
35206,5
35207,2
35209,1
35210,3
35212,4
35213,5
35216,1
35219,3
35220,1
35222,1
35225,2
35226,3
35229,1
35232,3
35235,1
35238,2
35239,2
35241,1
35242,1
35248,4
35251,4
35254,4
35255,1
35257,1
35258,5
35261,2
35264,10
35267,2
35268,1
35270,5
35271,4
35273,1
35274,4
35276,2
35277,3
35280,3
35283,4
35284,2
35286,1
35287,1
35289,3
35290,1
35292,1
35293,6
35296,3
35299,1
35300,1
35302,1
35303,2
35306,4
35308,2
35309,4
35312,3
35315,8
35316,2
35318,3
35319,1
35321,2
35322,5
35325,1
35328,6
35331,3
35334,2
35335,3
35337,1
35338,2
35341,1
35344,5
35347,4
35348,2
35350,2
35353,5
35354,1
35357,3
35360,7
35363,1
35366,1
35367,4
35370,3
35372,2
35373,3
35379,1
35380,3
35382,1
35383,1
35385,2
35386,2
35388,1
35392,5
35395,1
35398,1
35401,1
35402,2
35404,2
35405,3
35408,2
35411,4
35412,2
35414,2
35417,6
35418,4
35420,1
35421,3
35424,3
35427,2
35430,3
35431,1
35434,4
35436,1
35437,2
35440,3
35443,6
35444,1
35446,1
35447,1
35449,3
35450,2
35452,2
35453,2
35456,2
35459,1
35462,4
35463,1
35466,1
35469,4
35472,1
35475,1
35478,2
35481,2
35484,1
35485,1
35488,9
35491,2
35494,3
35495,2
35497,1
35498,2
35500,1
35501,3
35504,1
35507,2
35510,3
35513,1
35514,3
35516,1
35517,2
35520,6
35523,2
35524,1
35526,3
35527,2
35530,1
35533,1
35536,1
35539,6
35540,2
35542,1
35545,1
35546,4
35548,1
35549,1
35552,4
35555,1
35558,2
35559,1
35561,4
35562,2
35565,5
35568,2
35571,2
35572,2
35578,5
35581,3
35584,4
35587,1
35588,1
35594,1
35596,1
35597,4
35600,2
35603,4
35604,1
35610,5
35612,2
35616,4
35619,2
35620,1
35622,1
35623,1
35625,1
35629,3
35632,3
35635,7
35636,2
35639,3
35641,2
35642,2
35644,2
35645,2
35648,4
35651,3
35654,2
35657,1
35658,2
35661,2
35664,2
35667,1
35668,4
35670,1
35673,2
35674,4
35680,6
35683,2
35686,3
35687,1
35689,2
35690,1
35693,6
35696,2
35699,5
35700,2
35702,1
35705,1
35706,3
35709,4
35712,5
35715,1
35716,1
35718,5
35719,1
35721,4
35725,3
35728,1
35731,4
35734,1
35735,1
35737,2
35738,1
35740,1
35741,4
35744,3
35750,4
35751,3
35754,1
35756,1
35757,1
35760,3
35763,7
35764,2
35766,2
35769,2
35770,3
35773,2
35776,2
35779,1
35780,1
35782,5
35785,3
35788,1
35789,4
35792,1
35795,4
35798,2
35799,1
35801,2
35802,1
35808,4
35814,2
35815,1
35817,1
35818,1
35820,1
35821,1
35824,2
35827,5
35830,2
35831,3
35833,3
35834,3
35836,1
35837,3
35840,7
35846,1
35847,1
35849,1
35852,1
35853,3
35856,2
35859,2
35860,2
35862,1
35863,1
35865,4
35866,4
35869,2
35872,5
35875,2
35876,1
35878,2
35879,1
35882,2
35884,2
35885,2
35888,2
35891,1
35892,1
35894,2
35895,3
35897,3
35898,3
35900,1
35901,2
35904,1
35907,1
35910,2
35911,1
35913,1
35920,1
35923,2
35924,2
35926,2
35929,2
35930,3
35933,1
35936,4
35939,2
35942,2
35943,1
35946,1
35948,2
35949,4
35952,4
35955,4
35958,1
35961,1
35962,4
35964,2
35965,1
35968,5
35971,1
35974,6
35975,2
35978,2
35980,1
35981,4
35984,2
35987,3
35988,2
35990,2
35993,2
35994,3
35996,1
35997,1
36000,3
36003,1
36006,1
36007,5
36009,3
36010,2
36013,2
36016,2
36019,3
36020,3
36022,3
36023,3
36025,1
36026,1
36032,6
36035,3
36036,1
36038,1
36039,1
36042,1
36045,8
36048,3
36051,6
36052,3
36054,1
36055,2
36057,6
36064,5
36067,3
36070,3
36071,1
36074,2
36077,2
36080,1
36083,2
36084,2
36089,4
36090,5
36092,1
36093,2
36096,3
36099,1
36102,4
36103,1
36106,1
36108,1
36109,9
36115,3
36119,2
36122,4
36124,1
36125,1
36128,7
36131,3
36134,3
36135,3
36137,1
36141,7
36144,2
36147,2
36148,2
36150,1
36151,1
36153,1
36154,3
36160,1
36163,2
36166,1
36167,1
36172,1
36173,5
36176,3
36179,4
36182,1
36186,2
36189,1
36192,3
36195,4
36198,1
36202,2
36204,2
36205,2
36211,1
36218,2
36220,2
36221,2
36224,4
36228,2
36234,2
36236,1
36243,4
36246,2
36249,3
36250,2
36253,6
36256,1
36259,2
36260,2
36262,5
36263,1
36266,3
36268,1
36269,6
36272,2
36275,3
36276,2
36279,1
36282,2
36284,1
36285,4
36288,3
36291,1
36295,2
36297,1
36300,1
36301,4
36304,2
36307,1
36311,1
36316,1
36317,4
36320,8
36323,2
36324,1
36326,4
36329,2
36330,2
36332,1
36333,4
36336,1
36340,2
36342,1
36346,3
36352,2
36355,3
36358,3
36359,2
36362,1
36364,3
36365,4
36368,1
36371,2
36375,1
36377,3
36378,3
36381,5
36384,4
36387,2
36388,1
36390,1
36391,2
36394,3
36397,3
36400,2
36403,1
36404,1
36406,3
36407,2
36409,4
36410,6
36412,1
36413,2
36416,4
36420,1
36423,1
36425,2
36426,2
36432,2
36435,1
36438,2
36441,1
36442,3
36444,1
36445,1
36448,4
36451,1
36454,2
36455,1
36461,4
36464,3
36467,3
36470,1
36471,1
36473,1
36474,2
36477,1
36480,2
36483,2
36486,1
36487,2
36489,1
36490,1
36493,5
36496,4
36499,6
36502,1
36503,2
36506,4
36509,2
36512,6
36515,3
36518,2
36519,2
36522,4
36525,3
36531,2
36532,2
36534,1
36535,2
36537,2
36538,1
36540,3
36544,5
36547,4
36550,2
36551,1
36554,1
36556,1
36557,4
36560,2
36563,4
36566,1
36567,1
36570,4
36572,1
36576,4
36579,1
36580,1
36582,2
36586,1
36588,3
36589,1
36592,2
36595,4
36596,1
36598,1
36601,2
36602,2
36605,3
36608,2
36614,4
36615,5
36617,1
36618,1
36621,1
36624,2
36627,1
36633,2
36634,2
36637,3
36640,3
36643,2
36647,2
36649,2
36650,1
36653,2
36656,3
36659,4
36660,1
36662,1
36663,1
36665,2
36668,1
36669,2
36672,4
36675,2
36678,1
36679,2
36681,1
36682,2
36685,2
36688,3
36691,4
36694,4
36697,1
36698,2
36704,2
36707,2
36710,2
36711,1
36717,1
36720,1
36723,1
36724,3
36726,2
36727,1
36729,4
36730,2
36732,1
36733,2
36736,3
36739,1
36742,3
36743,2
36745,1
36746,1
36748,1
36752,4
36755,4
36759,1
36761,2
36765,2
36768,3
36771,2
36774,1
36775,1
36778,2
36780,1
36781,3
36787,1
36793,3
36794,2
36797,1
36800,6
36803,1
36806,2
36807,3
36809,1
36812,1
36813,1
36816,1
36819,4
36820,1
36823,1
36825,1
36826,1
36829,1
36832,7
36835,1
36838,2
36841,1
36842,1
36844,2
36845,3
36851,2
36852,2
36854,1
36857,2
36861,1
36864,4
36867,1
36868,1
36870,3
36871,2
36873,1
36876,1
36877,4
36880,1
36883,6
36884,1
36889,2
36890,1
36893,2
36896,2
36899,2
36902,5
36903,1
36906,2
36908,1
36909,3
36912,1
36915,3
36916,1
36922,2
36925,3
36928,5
36931,1
36934,2
36935,1
36937,1
36944,5
36947,3
36953,1
36954,1
36956,2
36957,1
36963,2
36964,1
36966,1
36967,1
36969,1
36972,2
36973,1
36976,1
36979,2
36980,1
36986,1
36992,2
36998,3
36999,1
37004,1
37005,2
37008,3
37011,2
37012,1
37014,1
37015,2
37017,1
37018,1
37020,1
37021,3
37024,1
37030,4
37034,2
37037,5
37040,1
37043,6
37047,1
37050,1
37053,1
37056,2
37059,3
37062,3
37063,1
37069,5
37075,1
37078,4
37079,1
37082,1
37084,1
37088,3
37092,1
37094,2
37095,3
37101,2
37104,2
37107,1
37108,1
37111,1
37114,1
37116,1
37120,3
37123,1
37127,1
37129,1
37130,1
37133,1
37136,6
37139,2
37142,1
37145,1
37146,3
37149,1
37152,7
37158,3
37159,1
37161,1
37162,3
37164,1
37165,3
37168,1
37171,3
37172,1
37174,1
37175,2
37177,1
37178,2
37180,2
37181,2
37184,4
37187,2
37190,1
37191,1
37193,1
37196,2
37197,4
37200,4
37203,3
37204,1
37206,1
37207,2
37210,2
37216,1
37219,2
37222,2
37223,2
37225,1
37226,1
37228,2
37229,2
37232,2
37238,1
37241,1
37242,3
37245,1
37248,1
37251,3
37254,1
37258,2
37260,1
37261,2
37264,1
37267,2
37268,1
37270,2
37274,2
37277,2
37280,1
37284,2
37286,2
37287,2
37289,2
37290,3
37293,1
37296,2
37299,4
37300,1
37302,3
37305,1
37306,2
37312,5
37315,1
37318,2
37319,1
37322,2
37324,2
37325,2
37331,3
37332,2
37335,1
37337,1
37338,1
37341,7
37344,3
37347,2
37348,1
37350,3
37351,2
37353,1
37356,1
37357,1
37360,4
37363,3
37366,1
37367,3
37369,4
37370,3
37373,3
37376,3
37382,4
37386,1
37389,2
37395,1
37396,1
37398,2
37401,4
37402,1
37405,5
37408,2
37411,2
37414,3
37415,1
37420,1
37421,6
37424,1
37427,1
37430,1
37431,1
37433,1
37437,1
37440,3
37446,2
37450,1
37452,1
37453,5
37456,3
37459,3
37460,1
37463,1
37465,1
37466,1
37469,1
37472,1
37476,1
37479,1
37482,1
37484,1
37485,5
37488,2
37491,2
37492,1
37494,1
37497,2
37498,2
37500,1
37504,1
37507,1
37510,2
37511,3
37513,1
37514,3
37516,1
37517,1
37520,1
37523,1
37526,1
37527,3
37529,2
37530,5
37536,3
37539,3
37542,1
37543,2
37549,3
37552,3
37555,1
37556,1
37561,2
37562,3
37565,2
37568,2
37571,1
37574,1
37575,1
37577,1
37578,1
37581,2
37584,1
37587,1
37600,1
37604,1
37606,1
37609,2
37613,4
37619,2
37622,1
37625,3
37626,5
37629,1
37632,4
37636,1
37638,4
37639,2
37642,2
37644,2
37645,3
37651,8
37652,1
37657,1
37658,4
37661,2
37664,3
37667,4
37670,1
37676,1
37677,3
37683,2
37686,2
37687,1
37689,1
37690,5
37692,2
37693,2
37696,4
37702,1
37703,2
37706,2
37709,3
37715,1
37719,3
37721,2
37722,1
37725,2
37728,3
37731,1
37735,4
37741,1
37744,3
37747,1
37748,2
37751,2
37753,1
37754,2
37757,1
37760,1
37764,2
37766,1
37767,1
37769,1
37773,3
37776,2
37780,1
37785,2
37789,1
37792,5
37795,2
37798,2
37799,1
37801,3
37802,2
37805,5
37811,2
37814,3
37817,1
37818,1
37824,3
37827,2
37830,2
37831,1
37837,1
37840,1
37843,2
37849,1
37850,1
37852,1
37853,2
37856,2
37860,1
37863,1
37869,2
37872,1
37875,3
37876,2
37878,2
37881,3
37882,1
37884,1
37885,1
37888,4
37891,4
37894,1
37895,2
37897,1
37900,1
37901,3
37904,2
37907,2
37908,2
37914,2
37920,3
37923,1
37926,3
37929,1
37930,2
37932,2
37933,3
37936,2
37939,1
37942,1
37943,1
37945,2
37952,2
37955,2
37958,2
37959,3
37961,2
37964,1
37965,3
37968,4
37971,3
37972,1
37974,2
37981,3
37984,2
37990,1
37991,3
37993,1
37994,2
37997,3
38003,1
38006,1
38009,1
38010,1
38013,2
38016,3
38019,1
38022,1
38023,1
38026,1
38028,1
38029,1
38032,3
38035,2
38036,1
38041,1
38042,2
38045,1
38048,4
38054,2
38057,1
38064,1
38067,2
38068,1
38070,1
38073,4
38074,1
38076,1
38077,1
38080,2
38083,2
38084,2
38086,2
38092,2
38093,5
38096,1
38099,3
38102,1
38103,1
38106,4
38112,6
38116,1
38118,1
38119,1
38121,1
38124,1
38125,2
38135,1
38137,1
38138,3
38141,2
38144,3
38147,2
38151,3
38154,1
38156,1
38157,3
38160,1
38163,2
38164,1
38166,1
38167,1
38170,1
38176,4
38179,1
38180,1
38182,2
38188,2
38192,1
38195,2
38198,1
38201,3
38202,1
38208,2
38211,2
38214,2
38215,1
38221,3
38224,3
38227,4
38231,1
38234,3
38240,3
38243,2
38244,1
38246,1
38247,3
38256,2
38259,1
38262,1
38265,2
38266,1
38272,1
38275,3
38278,1
38279,1
38284,1
38285,1
38288,1
38291,1
38292,1
38294,1
38297,1
38298,3
38300,2
38301,2
38304,4
38307,2
38311,3
38314,1
38317,2
38323,2
38326,2
38333,3
38336,2
38339,1
38342,1
38343,1
38345,1
38348,1
38349,1
38352,1
38355,1
38361,1
38364,1
38365,2
38368,4
38374,2
38378,1
38380,1
38381,4
38387,1
38390,1
38394,1
38396,1
38403,2
38406,2
38410,1
38413,4
38416,2
38425,1
38426,3
38432,3
38435,1
38438,2
38439,1
38442,2
38445,5
38448,1
38451,1
38454,1
38457,1
38458,1
38460,1
38461,1
38464,4
38467,1
38470,1
38471,1
38473,1
38476,1
38480,2
38483,2
38484,1
38486,2
38489,1
38496,3
38502,2
38503,1
38512,1
38518,1
38519,1
38524,1
38525,1
38528,4
38531,2
38532,1
38534,3
38537,1
38538,1
38541,6
38547,2
38554,3
38557,1
38560,6
38563,1
38566,4
38567,1
38579,1
38586,2
38595,1
38598,1
38599,1
38602,1
38604,1
38605,4
38608,1
38611,4
38614,1
38615,1
38617,2
38618,1
38621,2
38624,3
38627,3
38628,1
38631,1
38633,1
38634,1
38637,1
38644,1
38649,1
38653,1
38656,2
38659,1
38660,1
38662,1
38663,1
38666,1
38669,3
38675,4
38676,1
38682,3
38685,1
38688,1
38691,1
38694,3
38698,1
38700,1
38701,3
38704,1
38707,2
38708,2
38710,1
38713,1
38714,1
38716,2
38720,1
38726,4
38727,2
38742,2
38743,1
38746,1
38749,1
38752,2
38758,2
38759,1
38765,5
38768,1
38771,2
38774,1
38784,3
38791,2
38797,2
38800,2
38803,1
38804,1
38806,1
38816,3
38819,3
38822,2
38823,2
38826,3
38829,3
38835,1
38841,2
38842,5
38844,1
38845,1
38848,2
38854,1
38855,1
38857,1
38858,1
38860,1
38864,2
38867,4
38871,1
38874,4
38877,1
38880,5
38886,3
38887,1
38890,1
38892,2
38893,3
38899,1
38902,1
38905,1
38906,1
38909,2
38912,3
38915,2
38916,1
38919,1
38921,1
38925,1
38928,1
38931,2
38932,1
38935,2
38941,1
38944,2
38947,1
38950,1
38954,1
38956,1
38957,1
38960,2
38963,1
38973,2
38976,5
38979,1
38982,4
38986,1
38988,1
38989,1
38995,4
38999,1
39005,4
39008,5
39014,1
39021,1
39024,2
39027,1
39030,1
39031,2
39034,4
39040,3
39044,1
39046,4
39047,4
39050,1
39052,1
39053,2
39056,1
39062,1
39063,2
39065,2
39066,3
39072,2
39075,1
39076,1
39078,2
39079,3
39085,2
39088,3
39094,1
39097,3
39098,1
39101,1
39104,4
39107,2
39111,1
39114,3
39120,3
39129,1
39133,1
39136,2
39140,1
39142,1
39143,1
39146,1
39149,1
39152,1
39155,2
39158,1
39161,2
39162,1
39165,1
39168,3
39171,1
39174,2
39178,1
39184,1
39187,2
39190,1
39193,1
39200,3
39209,1
39210,2
39212,2
39216,2
39219,1
39220,1
39223,1
39225,1
39226,1
39232,2
39238,1
39241,1
39251,1
39252,1
39254,2
39258,1
39264,2
39267,2
39270,1
39271,1
39273,1
39277,4
39280,1
39283,3
39289,5
39290,1
39293,1
39296,3
39302,2
39303,1
39305,2
39306,1
39309,2
39312,3
39315,1
39316,1
39321,1
39324,1
39328,3
39334,1
39335,2
39337,1
39338,2
39340,2
39341,3
39350,1
39351,1
39353,2
39354,1
39357,1
39360,2
39366,1
39367,2
39370,1
39372,2
39376,1
39379,1
39383,1
39386,3
39392,1
39395,1
39398,3
39399,2
39402,2
39405,2
39411,2
39417,2
39418,1
39424,4
39427,2
39430,1
39437,3
39440,2
39443,1
39444,2
39447,1
39449,1
39450,2
39453,1
39456,3
39460,1
39462,1
39465,1
39468,1
39469,2
39472,2
39475,1
39481,1
39482,1
39488,3
39495,1
39498,1
39500,1
39501,1
39504,1
39507,1
39508,1
39510,1
39513,1
39514,1
39517,1
39526,1
39530,1
39536,2
39540,2
39549,1
39552,1
39555,1
39558,1
39559,2
39561,2
39562,1
39565,1
39568,2
39571,2
39574,2
39577,1
39584,1
39590,4
39597,1
39600,1
39603,2
39607,1
39609,2
39610,3
39616,2
39622,1
39623,1
39625,1
39628,1
39639,1
39648,5
39651,1
39654,2
39655,2
39657,1
39658,1
39660,1
39664,2
39667,2
39671,1
39674,1
39680,5
39683,1
39689,1
39693,1
39696,1
39699,3
39705,1
39712,4
39718,3
39719,1
39721,1
39725,1
39728,1
39731,3
39741,1
39744,1
39747,1
39750,3
39751,1
39757,2
39763,3
39766,1
39770,1
39776,3
39779,2
39782,2
39785,1
39786,1
39789,1
39792,1
39799,1
39802,2
39804,1
39808,1
39811,1
39814,1
39815,1
39818,1
39821,4
39827,3
39828,1
39833,1
39837,1
39840,1
39843,1
39844,1
39846,1
39853,1
39856,1
39859,2
39866,1
39868,1
39872,2
39875,1
39879,3
39888,1
39891,1
39894,1
39901,2
39904,1
39911,3
39914,1
39917,2
39923,1
39924,1
39929,2
39936,1
39939,2
39943,4
39945,1
39946,2
39955,1
39961,1
39962,1
39965,1
39968,5
39971,1
39977,2
39981,2
39984,2
39987,2
39990,1
39991,1
39993,1
40000,3
40003,1
40004,1
40006,1
40007,1
40009,1
40013,2
40016,1
40023,1
40026,2
40028,1
40032,2
40035,1
40038,2
40042,1
40048,2
40057,1
40067,1
40070,2
40074,2
40076,2
40077,2
40083,1
40087,1
40096,1
40100,1
40102,1
40105,1
40106,1
40109,3
40112,2
40122,3
40128,1
40131,2
40137,1
40141,2
40144,2
40147,2
40153,1
40154,2
40160,1
40163,1
40164,1
40166,1
40167,1
40169,1
40173,1
40176,1
40183,1
40192,1
40195,2
40199,1
40205,2
40211,1
40217,1
40218,1
40224,3
40227,2
40230,1
40231,3
40234,1
40236,2
40237,1
40243,2
40250,2
40256,1
40259,2
40263,1
40266,1
40268,1
40275,2
40276,1
40278,1
40281,3
40282,3
40284,2
40288,1
40291,2
40292,1
40294,1
40301,1
40304,1
40307,3
40310,2
40311,1
40316,2
40327,1
40329,2
40330,2
40336,3
40339,3
40345,2
40346,2
40349,1
40352,2
40358,2
40362,2
40365,1
40375,1
40377,1
40378,3
40384,1
40390,2
40396,1
40397,1
40400,1
40404,1
40409,2
40410,1
40413,2
40416,1
40422,4
40423,1
40432,1
40435,2
40438,2
40441,1
40442,1
40448,1
40455,1
40458,1
40461,3
40467,1
40470,1
40471,1
40473,1
40477,1
40480,1
40486,1
40489,1
40493,2
40496,1
40499,1
40512,1
40515,2
40518,1
40519,1
40522,1
40528,4
40531,2
40532,1
40534,1
40535,3
40538,2
40544,2
40547,3
40550,2
40553,1
40554,1
40557,1
40560,1
40563,1
40569,1
40576,1
40589,2
40599,1
40602,3
40605,1
40608,1
40612,1
40614,1
40618,4
40621,2
40633,1
40634,2
40637,2
40640,3
40646,2
40647,1
40649,1
40653,3
40659,1
40662,1
40666,1
40669,1
40672,4
40675,1
40678,4
40679,1
40682,3
40685,1
40688,1
40691,1
40695,1
40698,1
40704,1
40707,1
40711,2
40714,1
40723,2
40729,1
40730,1
40736,1
40742,2
40743,1
40746,1
40749,2
40755,1
40759,1
40761,2
40768,1
40777,1
40778,1
40781,4
40787,3
40788,2
40797,1
40800,4
40804,2
40806,2
40807,1
40809,1
40819,1
40820,2
40823,1
40825,1
40826,1
40829,1
40832,1
40835,1
40838,1
40839,1
40842,1
40851,3
40854,1
40857,1
40861,3
40864,1
40868,1
40871,1
40877,1
40880,2
40883,1
40884,1
40889,1
40890,2
40893,1
40899,2
40902,2
40903,1
40909,2
40912,1
40915,2
40922,1
40925,1
40928,4
40941,2
40947,2
40951,1
40960,3
40966,2
40973,2
40992,1
40995,1
40998,1
40999,2
41012,1
41014,1
41017,1
41021,1
41028,1
41030,1
41044,1
41049,2
41059,1
41062,1
41072,1
41075,1
41078,1
41088,1
41101,3
41107,1
41120,4
41123,2
41126,1
41133,2
41136,1
41139,1
41140,1
41142,1
41146,1
41152,1
41158,1
41165,1
41168,1
41172,1
41184,3
41190,2
41197,1
41200,1
41203,1
41210,1
41222,1
41241,1
41242,2
41244,2
41248,1
41251,1
41260,1
41261,2
41267,1
41274,1
41289,1
41292,1
41293,1
41299,2
41302,1
41305,2
41312,3
41315,1
41318,2
41325,2
41331,4
41337,1
41350,1
41351,2
41354,1
41356,1
41357,1
41360,2
41363,1
41367,1
41369,1
41376,3
41383,1
41388,1
41389,1
41408,3
41414,1
41418,1
41421,1
41433,1
41437,1
41440,1
41443,1
41446,1
41447,1
41449,2
41453,1
41459,2
41465,1
41469,1
41472,3
41476,1
41478,1
41482,1
41484,1
41488,1
41491,2
41494,1
41497,1
41498,2
41501,1
41504,1
41510,1
41517,2
41523,2
41524,1
41526,1
41529,1
41530,1
41536,2
41539,3
41542,1
41549,1
41552,1
41558,2
41559,1
41561,2
41568,1
41571,1
41574,1
41575,1
41581,2
41584,1
41587,1
41588,1
41590,1
41594,1
41600,1
41606,1
41609,1
41610,2
41613,1
41616,1
41622,1
41623,1
41625,1
41626,2
41628,1
41632,2
41638,1
41644,1
41645,2
41651,1
41657,1
41658,1
41661,1
41664,1
41668,1
41670,1
41671,1
41673,1
41677,1
41684,1
41686,1
41693,1
41703,1
41709,2
41712,2
41722,1
41725,1
41728,2
41731,1
41738,2
41740,1
41747,3
41751,1
41754,1
41760,1
41763,1
41766,2
41767,2
41783,1
41792,1
41798,1
41799,1
41804,1
41811,2
41818,1
41824,2
41830,1
41834,1
41837,1
41840,1
41843,2
41859,1
41862,1
41866,1
41869,1
41872,1
41875,3
41881,1
41888,1
41894,2
41901,1
41907,1
41910,1
41914,2
41916,2
41917,1
41920,1
41930,1
41933,2
41936,2
41949,1
41959,1
41968,1
41971,1
41974,1
41977,1
41984,3
41987,1
41994,1
42003,1
42007,1
42009,2
42013,2
42016,1
42022,1
42023,2
42025,1
42028,1
42029,1
42039,2
42042,1
42067,1
42068,1
42070,2
42073,1
42077,1
42080,2
42099,2
42105,1
42106,1
42112,1
42115,2
42125,2
42131,1
42144,1
42156,1
42157,1
42163,1
42173,1
42179,1
42186,1
42189,1
42192,1
42195,2
42202,1
42204,1
42208,1
42211,1
42212,1
42218,1
42220,1
42221,1
42227,1
42233,1
42249,2
42256,2
42265,1
42266,1
42272,1
42282,1
42285,1
42288,3
42291,2
42295,1
42300,1
42310,2
42311,1
42314,1
42320,1
42323,1
42336,2
42342,1
42343,3
42346,2
42358,1
42362,1
42364,1
42368,1
42374,1
42390,1
42397,1
42403,1
42406,3
42413,3
42416,1
42419,2
42420,1
42426,3
42432,1
42438,1
42445,2
42448,1
42452,1
42458,1
42461,1
42467,1
42480,1
42489,1
42502,2
42515,1
42528,4
42540,1
42541,1
42550,1
42554,1
42560,1
42566,2
42567,1
42570,1
42573,1
42579,1
42580,2
42583,3
42586,1
42589,1
42592,2
42595,1
42596,1
42598,1
42601,1
42604,1
42615,1
42624,1
42631,1
42634,1
42643,1
42659,1
42663,1
42666,1
42669,1
42692,1
42708,1
42711,1
42714,1
42717,1
42720,1
42723,1
42724,2
42726,1
42727,1
42739,1
42745,1
42758,2
42759,2
42774,1
42781,1
42784,1
42804,1
42810,1
42813,1
42816,1
42819,1
42825,1
42832,1
42835,1
42845,3
42848,1
42857,1
42861,1
42887,1
42903,1
42906,1
42912,3
42918,1
42944,1
42947,1
42950,1
42963,1
42969,2
42986,1
42989,1
42992,1
42995,1
42999,1
43002,2
43005,1
43008,1
43014,1
43020,1
43040,1
43047,1
43062,1
43072,2
43082,1
43084,1
43085,1
43091,1
43092,1
43095,1
43097,1
43101,1
43104,3
43110,1
43120,2
43123,1
43136,1
43149,2
43181,1
43184,1
43197,2
43200,1
43203,1
43216,2
43219,1
43226,2
43229,1
43232,1
43235,1
43245,1
43251,1
43290,1
43296,1
43299,1
43303,1
43309,1
43316,1
43328,1
43344,1
43360,1
43366,1
43379,1
43389,1
43401,1
43402,1
43405,1
43411,1
43414,1
43427,1
43433,1
43446,1
43450,1
43462,1
43466,1
43478,1
43482,1
43494,1
43495,1
43498,1
43501,1
43526,1
43539,1
43546,1
43549,1
43552,1
43565,1
43578,1
43584,2
43590,1
43596,1
43607,1
43610,1
43636,1
43641,1
43655,1
43664,1
43670,1
43674,1
43677,1
43680,1
43687,1
43689,1
43693,2
43696,1
43706,1
43709,1
43718,1
43722,1
43731,1
43734,1
43750,1
43754,1
43757,1
43760,1
43776,1
43801,1
43805,1
43808,2
43814,1
43821,2
43827,1
43833,1
43840,1
43856,1
43866,1
43891,1
43892,1
43897,1
43898,1
43904,2
43910,1
43923,1
43930,1
43932,1
43943,1
43968,2
43971,1
43974,2
43984,1
43993,1
43994,1
44000,1
44019,1
44020,2
44026,2
44028,2
44029,1
44048,1
44051,1
44052,2
44061,1
44064,1
44071,1
44083,1
44122,1
44131,1
44135,1
44147,1
44157,2
44164,2
44166,1
44167,2
44189,1
44192,1
44202,1
44211,1
44214,1
44218,1
44224,2
44233,1
44237,1
44249,1
44250,2
44262,1
44295,1
44300,1
44301,2
44311,1
44327,1
44339,2
44340,1
44346,1
44365,1
44390,1
44394,1
44397,1
44410,1
44422,1
44426,1
44436,1
44445,1
44455,1
44460,1
44467,1
44483,1
44490,2
44493,1
44512,1
44544,1
44550,1
44563,1
44566,1
44614,1
44621,1
44640,1
44663,1
44672,2
44701,1
44711,1
44716,1
44720,1
44739,1
44762,1
44765,1
44771,1
44781,1
44809,1
44812,1
44825,1
44826,1
44829,2
44832,1
44842,1
44851,1
44861,1
44870,1
44883,1
44893,1
44896,1
44902,1
44906,1
44928,1
44947,1
44948,1
44951,1
44969,1
44976,1
44995,1
45015,1
45031,1
45034,2
45053,1
45056,2
45062,1
45065,1
45069,2
45072,1
45082,1
45088,1
45097,1
45098,2
45101,1
45113,1
45140,1
45159,1
45180,1
45184,1
45203,1
45216,1
45248,1
45252,1
45261,1
45280,1
45286,1
45331,1
45337,2
45356,1
45363,1
45376,1
45385,1
45386,1
45392,1
45405,1
45418,1
45427,1
45434,1
45440,1
45459,1
45465,1
45475,1
45485,1
45504,1
45511,1
45516,1
45520,1
45524,1
45533,1
45549,2
45561,1
45581,1
45584,1
45587,1
45593,1
45610,1
45619,2
45639,1
45657,1
45667,1
45677,1
45690,1
45696,1
45702,2
45708,1
45740,1
45741,1
45747,1
45766,1
45773,2
45786,1
45817,1
45836,1
45856,1
45869,1
45872,1
45904,1
45907,2
45926,1
45939,1
45943,1
45946,1
45949,1
45952,1
45961,1
45975,1
45981,1
46012,1
46016,1
46042,1
46054,1
46071,1
46105,1
46157,1
46227,1
46281,1
46285,2
46288,1
46314,1
46336,1
46355,1
46356,1
46361,1
46365,1
46391,1
46400,1
46406,1
46426,1
46436,1
46448,1
46451,1
46458,1
46467,1
46515,1
46522,1
46566,1
46567,1
46601,1
46602,1
46605,1
46608,1
46630,1
46633,1
46656,1
46678,1
46688,2
46739,1
46772,1
46775,1
46800,1
46810,1
46816,1
46819,1
46829,1
46848,1
46851,1
46867,1
46896,1
46902,1
46912,1
46925,1
46937,1
46979,1
47008,2
47031,1
47062,1
47084,1
47104,1
47130,1
47136,2
47168,1
47171,1
47178,1
47180,1
47188,1
47200,1
47216,1
47226,1
47254,1
47270,1
47273,1
47277,1
47289,1
47299,1
47325,1
47338,1
47357,1
47366,1
47369,1
47405,1
47430,1
47507,1
47523,1
47532,1
47552,1
47561,1
47616,1
47673,1
47705,1
47725,1
47779,1
47821,1
47840,1
47843,1
47846,1
47885,1
47898,1
47955,2
47968,1
48006,1
48032,1
48039,1
48045,1
48048,1
48055,1
48058,1
48090,1
48116,1
48224,1
48262,1
48278,1
48304,1
48327,1
48336,1
48349,2
48364,1
48371,1
48403,1
48406,1
48458,1
48487,1
48627,1
48710,1
48723,1
48918,1
48973,1
49001,1
49063,1
49184,1
49312,1
49424,1
49427,1
49430,1
49452,1
49511,1
49530,1
49721,1
50237,1
50387,1
50544,1
50957,1
50976,1
51219,1
51456,1
51670,1
51706,1
51738,1
52224,1
52346,1
53126,1
53271,1
53987,1
55609,1
56672,1
57152,1
57664,1
59782,1
63219,1
63412,1
64826,1
66160,1
66951,1
73981,1
74042,1
74752,1
77434,1
89798,1
91344,1
93907,1
97901,1
104944,1
105549,1
107991,1
111764,1
115526,1
120509,1
121069,1
125914,1
126899,1
128422,1
131196,1
136429,1
141831,1
142624,1
143110,1
143264,1
144941,1
154640,1
164096,1
168812,1
169206,1
185610,1
190502,1
198244,1
205085,1
210099,1
219142,1
220055,1
227066,1
227331,1
229383,1
229460,1
233280,1
235107,1
257459,1
280685,1
281190,1
309581,1
318573,1
393460,1
408064,1
450112,1
458195,1
459849,1
462682,1
465987,1
492653,1
498714,1
502336,1
512896,1
519943,1
525971,1
526704,1
541648,1
542524,1
546778,1
550668,1
552813,1
571945,1
574960,1
583527,1
584630,1
589146,1
592851,1
600582,1
620295,1
621338,1
621978,1
622252,1
626678,1
633664,1
638765,1
646292,1
722925,1
738176,1
793478,1
853779,1
906726,1
1000787,1
1107193,1
