# Samples: 17115, Average: 34840.9 ns, StdDev: 133302.8 ns, Quartiles: 19018.0/30861.0/41965.0 ns
5414,1
5428,1
5556,1
5568,2
5574,1
5575,1
5607,1
5613,1
5625,2
5651,1
5670,1
5677,3
5683,2
5684,1
5689,1
5709,1
5716,1
5766,1
5786,1
5799,1
5824,2
5837,1
5843,3
5850,1
5869,3
5878,1
5888,1
5913,1
5920,1
5952,3
5971,1
6003,1
6016,1
6022,1
6028,1
6041,1
6051,1
6055,1
6061,1
6067,1
6080,1
6093,1
6106,1
6112,1
6170,1
6189,1
6195,2
6208,1
6218,1
6221,1
6246,1
6259,1
6262,1
6291,1
6329,1
6336,1
6342,1
6343,1
6352,1
6355,2
6361,1
6368,1
6380,1
6387,1
6393,1
6397,1
6406,1
6410,1
6413,2
6419,1
6426,1
6429,1
6432,1
6438,1
6439,1
6448,1
6451,1
6457,1
6464,1
6476,1
6483,1
6509,1
6522,1
6528,1
6534,1
6560,2
6586,1
6604,1
6605,1
6624,1
6633,1
6650,1
6659,1
6669,1
6675,1
6707,2
6714,1
6739,1
6746,1
6758,1
6765,1
6768,1
6778,1
6797,2
6809,1
6816,2
6829,1
6842,1
6848,1
6892,1
6899,1
6931,1
6934,1
6938,1
6944,2
6950,1
6957,1
6973,2
6995,1
6996,1
7001,1
7014,1
7040,1
7046,1
7047,1
7072,3
7091,1
7098,2
7107,1
7116,1
7123,1
7136,3
7142,1
7149,1
7168,3
7175,1
7194,1
7238,1
7239,1
7260,1
7280,1
7283,2
7296,1
7322,2
7334,1
7341,1
7354,1
7360,1
7380,1
7392,2
7469,1
7488,1
7500,1
7501,1
7533,1
7543,1
7552,3
7568,1
7572,1
7584,1
7590,2
7596,1
7623,1
7629,1
7636,1
7667,1
7673,1
7705,1
7728,1
7753,1
7763,1
7764,1
7796,1
7802,1
7808,1
7827,1
7850,1
7853,1
7859,1
7923,1
7942,1
7943,1
7955,1
7971,1
7974,1
7975,1
7994,1
8006,1
8032,1
8038,1
8044,1
8058,1
8070,1
8084,1
8090,1
8093,1
8103,1
8115,1
8121,1
8122,2
8128,1
8141,3
8147,2
8160,2
8166,1
8176,1
8179,2
8192,1
8224,2
8237,1
8243,1
8256,1
8259,1
8262,1
8268,1
8279,1
8307,2
8308,1
8320,2
8330,1
8332,1
8371,2
8377,1
8391,1
8416,2
8435,1
8436,2
8441,1
8480,1
8486,1
8499,1
8506,1
8519,1
8531,1
8538,1
8550,1
8563,1
8564,1
8583,1
8601,1
8602,1
8614,1
8615,1
8621,1
8627,1
8644,1
8660,1
8679,1
8691,2
8697,1
8704,1
8707,1
8711,1
8713,1
8716,1
8726,1
8730,1
8742,1
8743,1
8745,1
8749,3
8761,3
8762,2
8768,1
8774,1
8775,1
8790,1
8793,2
8819,1
8825,1
8838,1
8848,1
8864,2
8871,1
8880,1
8890,1
8893,1
8896,2
8902,2
8908,1
8909,1
8915,1
8928,2
8931,1
8934,1
8941,1
8947,1
8953,1
8966,1
8970,1
8998,1
9008,1
9011,1
9017,1
9024,1
9031,1
9033,1
9037,1
9049,1
9063,1
9075,1
9088,2
9100,1
9107,1
9114,1
9120,1
9139,2
9152,1
9155,1
9178,1
9194,1
9197,1
9222,1
9223,2
9229,1
9235,2
9241,1
9248,1
9254,2
9267,3
9273,1
9277,1
9280,4
9286,1
9293,4
9299,2
9312,1
9324,1
9325,3
9328,1
9337,2
9350,1
9370,1
9376,1
9395,1
9408,1
9421,3
9424,1
9433,1
9440,1
9453,1
9456,1
9465,1
9466,1
9479,1
9485,1
9494,1
9498,2
9517,2
9523,1
9530,2
9533,1
9536,1
9543,3
9555,1
9556,1
9561,1
9562,1
9587,1
9591,1
9593,1
9597,1
9600,2
9606,1
9607,1
9619,1
9626,1
9632,1
9641,1
9642,1
9644,1
9648,1
9651,2
9670,1
9703,1
9715,2
9728,1
9734,3
9741,1
9753,1
9754,1
9760,1
9785,2
9789,1
9792,2
9796,1
9818,2
9836,1
9837,3
9840,1
9843,1
9856,2
9862,4
9876,1
9882,1
9888,1
9894,3
9895,3
9898,1
9901,1
9907,1
9910,1
9916,1
9933,1
9936,1
9952,1
9965,3
9971,1
9977,1
9978,1
9981,1
9984,1
9991,1
10016,1
10022,1
10023,1
10029,1
10048,3
10061,3
10067,2
10074,2
10086,1
10087,1
10099,2
10106,1
10118,1
10125,1
10131,1
10132,1
10144,1
10151,1
10156,1
10160,1
10163,1
10169,1
10176,1
10201,1
10205,1
10221,1
10227,2
10233,1
10269,1
10272,1
10278,1
10285,2
10291,2
10304,1
10316,1
10323,2
10330,1
10368,1
10374,1
10387,1
10394,2
10407,1
10413,1
10419,1
10438,1
10445,1
10457,1
10509,1
10515,1
10521,1
10528,1
10534,1
10547,3
10560,1
10566,1
10570,1
10579,1
10586,1
10592,3
10630,1
10637,1
10668,1
10681,1
10682,2
10685,1
10694,2
10707,1
10720,2
10732,1
10736,1
10746,1
10752,1
10758,2
10790,1
10797,1
10841,1
10848,1
10851,1
10854,1
10855,1
10867,1
10886,1
10887,1
10893,1
10896,1
10899,1
10925,1
10947,1
10960,1
10966,1
10976,2
11002,2
11014,1
11015,1
11033,1
11034,2
11046,1
11053,2
11066,1
11078,1
11084,1
11097,1
11123,1
11130,1
11136,1
11143,1
11149,1
11168,3
11174,1
11177,1
11181,1
11187,2
11191,1
11194,2
11200,1
11207,1
11210,1
11226,2
11232,3
11245,3
11260,1
11270,1
11277,3
11283,2
11289,1
11302,2
11305,1
11322,1
11325,1
11328,2
11335,2
11337,1
11338,1
11340,1
11341,1
11347,2
11348,1
11353,1
11360,3
11373,3
11389,1
11399,1
11404,1
11411,3
11421,1
11424,2
11430,1
11440,1
11447,1
11449,1
11453,1
11456,2
11459,1
11462,1
11466,1
11469,2
11472,1
11475,1
11476,1
11482,1
11488,3
11494,1
11497,1
11500,2
11501,3
11508,2
11517,1
11520,2
11526,5
11527,1
11532,1
11533,2
11539,1
11552,3
11558,2
11564,1
11565,3
11571,3
11572,1
11577,1
11597,1
11603,5
11604,2
11610,1
11616,3
11622,2
11623,4
11628,2
11629,4
11635,2
11636,3
11642,1
11645,1
11648,1
11654,1
11655,1
11661,5
11667,1
11673,1
11680,2
11687,2
11693,6
11699,2
11700,1
11705,1
11706,3
11712,5
11724,3
11725,1
11728,1
11731,4
11737,2
11738,4
11740,1
11741,1
11744,6
11750,3
11751,2
11757,6
11763,3
11769,1
11770,3
11776,2
11782,2
11783,1
11788,2
11789,5
11795,4
11801,3
11805,1
11808,7
11814,1
11815,1
11817,1
11821,3
11827,2
11830,1
11833,5
11834,1
11836,1
11837,1
11840,1
11843,2
11846,1
11850,1
11852,1
11853,4
11856,1
11859,2
11866,1
11869,1
11872,2
11878,2
11879,2
11881,1
11882,1
11884,1
11885,1
11891,2
11892,1
11897,1
11898,2
11904,3
11910,3
11911,3
11916,3
11917,4
11923,3
11924,1
11930,2
11933,1
11936,1
11942,3
11946,1
11949,2
11952,1
11955,3
11956,2
11958,2
11961,1
11968,3
11971,1
11974,5
11981,4
11984,1
11987,6
11988,1
11993,1
11994,2
12000,3
12004,1
12006,2
12007,1
12010,1
12012,1
12013,1
12019,2
12022,1
12023,1
12025,3
12026,3
12029,1
12032,4
12038,5
12039,1
12045,5
12051,5
12052,2
12061,1
12064,3
12067,1
12068,1
12070,3
12071,1
12077,3
12083,4
12086,1
12089,2
12090,1
12093,1
12096,6
12099,1
12102,2
12103,1
12105,1
12108,1
12109,1
12112,2
12115,1
12118,2
12122,1
12125,1
12128,3
12134,2
12135,5
12137,2
12138,1
12140,1
12141,3
12144,1
12147,1
12154,2
12166,2
12167,2
12173,5
12179,3
12182,1
12185,2
12186,1
12192,2
12195,2
12198,2
12199,2
12202,1
12204,2
12205,2
12211,3
12217,1
12224,4
12231,1
12236,2
12237,4
12243,3
12247,1
12249,2
12250,3
12253,1
12256,3
12262,2
12263,1
12268,2
12269,5
12275,3
12276,2
12281,1
12282,2
12288,4
12301,1
12307,2
12310,1
12314,6
12320,8
12327,2
12330,1
12333,3
12336,1
12339,1
12342,1
12346,1
12349,1
12352,5
12355,4
12358,1
12364,1
12365,1
12368,1
12371,2
12372,2
12377,2
12380,1
12381,1
12384,1
12390,2
12391,2
12394,1
12397,3
12400,2
12404,3
12406,1
12409,5
12413,2
12416,5
12420,1
12429,3
12435,10
12442,3
12448,4
12454,2
12458,1
12461,2
12464,2
12474,3
12480,5
12483,1
12484,1
12486,2
12496,1
12499,1
12500,1
12502,2
12506,1
12512,2
12524,1
12525,3
12531,4
12535,1
12537,2
12538,2
12544,5
12550,2
12556,1
12557,2
12560,2
12563,4
12564,1
12569,1
12570,3
12576,3
12579,2
12580,1
12582,1
12583,2
12589,2
12592,2
12595,2
12596,1
12599,1
12601,1
12602,3
12608,6
12614,2
12618,1
12620,1
12624,1
12627,2
12628,1
12633,3
12634,1
12640,2
12646,2
12647,1
12649,1
12653,4
12656,2
12659,3
12660,1
12665,1
12666,1
12669,2
12672,5
12675,1
12678,4
12685,2
12688,1
12691,4
12692,2
12698,3
12701,1
12707,1
12710,4
12711,4
12713,1
12714,1
12717,3
12723,1
12724,1
12729,2
12736,3
12742,2
12746,2
12749,3
12752,1
12755,2
12759,1
12761,2
12762,1
12764,1
12765,1
12768,3
12771,2
12772,1
12774,2
12777,1
12781,3
12787,4
12793,1
12794,3
12800,8
12804,1
12806,4
12810,1
12812,1
12813,4
12819,6
12820,1
12822,2
12826,2
12832,5
12838,1
12839,1
12841,1
12842,1
12844,1
12845,3
12848,3
12852,1
12857,2
12858,3
12864,3
12870,5
12871,1
12877,2
12883,2
12889,2
12890,3
12896,5
12899,1
12900,1
12903,2
12905,1
12908,1
12909,2
12912,1
12915,3
12918,2
12922,3
12928,1
12934,1
12935,2
12941,3
12947,2
12948,2
12951,1
12954,2
12957,1
12960,4
12966,2
12967,2
12973,4
12979,1
12980,1
12982,1
12983,1
12985,3
12986,3
12989,1
12992,3
12998,1
12999,1
13008,1
13011,5
13014,1
13017,2
13021,1
13024,5
13030,5
13034,1
13037,4
13040,1
13043,4
13049,2
13050,2
13053,2
13056,3
13059,2
13060,1
13062,2
13063,1
13065,1
13066,1
13069,8
13072,1
13075,2
13076,1
13082,2
13088,6
13094,1
13097,2
13101,1
13104,1
13107,3
13108,1
13113,3
13114,2
13117,2
13120,4
13126,4
13127,1
13133,4
13136,1
13139,4
13145,1
13146,1
13152,5
13155,2
13158,1
13159,2
13164,1
13165,1
13168,1
13171,4
13174,1
13177,2
13184,4
13190,2
13191,3
13197,1
13203,1
13204,2
13210,3
13216,3
13220,1
13222,2
13225,1
13228,1
13229,6
13232,1
13235,2
13236,1
13241,3
13242,3
13244,1
13245,1
13248,5
13254,1
13255,1
13260,2
13261,2
13264,1
13267,5
13268,1
13274,4
13280,6
13283,1
13284,1
13286,2
13287,2
13290,2
13293,1
13296,1
13305,3
13306,2
13309,1
13312,3
13315,1
13318,1
13319,1
13322,1
13325,1
13334,1
13338,3
13341,1
13344,4
13350,5
13351,1
13354,1
13363,1
13364,1
13369,1
13370,2
13373,1
13376,2
13379,1
13382,2
13388,1
13389,2
13395,5
13398,1
13399,1
13402,1
13408,4
13414,3
13415,1
13417,1
13418,2
13421,4
13427,3
13431,1
13433,2
13434,1
13440,5
13447,2
13453,3
13456,1
13460,1
13462,1
13463,2
13465,2
13466,1
13472,4
13478,3
13485,2
13491,4
13497,1
13498,3
13504,2
13507,1
13510,7
13511,1
13514,1
13517,3
13520,1
13523,5
13529,2
13530,2
13536,7
13539,1
13540,1
13542,3
13543,2
13549,2
13555,1
13556,1
13559,2
13561,2
13568,5
13571,1
13574,2
13575,2
13580,1
13581,3
13587,1
13593,1
13594,2
13600,2
13606,1
13607,1
13609,2
13612,2
13613,4
13616,1
13619,2
13622,2
13626,2
13632,3
13635,3
13638,2
13639,2
13645,6
13648,1
13651,4
13652,2
13657,1
13658,1
13661,1
13664,3
13670,1
13671,4
13674,1
13676,2
13677,1
13683,1
13684,1
13686,1
13687,1
13689,2
13690,3
13692,1
13693,2
13696,3
13702,6
13703,2
13705,1
13708,3
13709,2
13712,1
13715,4
13718,1
13721,3
13722,2
13728,3
13731,1
13734,2
13735,2
13737,1
13741,3
13744,1
13747,5
13753,2
13754,1
13756,1
13757,1
13760,4
13766,1
13767,2
13770,2
13772,1
13773,2
13776,2
13779,6
13785,1
13786,3
13789,1
13792,3
13795,1
13798,2
13801,2
13804,1
13805,3
13808,1
13811,2
13812,1
13814,1
13817,2
13818,1
13827,2
13830,1
13831,1
13833,1
13834,1
13837,4
13843,3
13846,1
13849,2
13850,3
13856,3
13859,2
13860,1
13862,4
13863,2
13869,2
13876,1
13881,2
13882,3
13888,1
13894,3
13900,1
13901,2
13907,2
13908,1
13914,3
13917,2
13920,4
13923,2
13927,2
13933,5
13939,4
13940,2
13942,1
13945,2
13946,3
13948,1
13952,2
13955,1
13958,1
13965,2
13968,2
13971,2
13978,3
13984,2
13990,1
13996,1
13997,3
14003,1
14004,1
14010,3
14016,9
14022,3
14023,1
14029,3
14032,1
14035,1
14041,1
14042,4
14044,1
14045,1
14048,5
14054,2
14055,3
14058,2
14060,3
14061,3
14067,2
14071,1
14073,3
14074,2
14080,6
14086,2
14092,1
14093,6
14099,4
14100,1
14106,6
14112,4
14115,1
14118,1
14119,1
14131,1
14132,1
14137,2
14138,6
14141,1
14144,4
14148,1
14150,3
14151,2
14154,1
14156,1
14157,4
14163,2
14164,2
14166,1
14169,6
14170,3
14176,5
14182,4
14183,5
14188,1
14189,3
14195,4
14198,1
14201,2
14202,3
14204,1
14205,1
14208,4
14220,1
14221,6
14224,1
14227,1
14228,1
14230,2
14233,2
14234,1
14236,1
14240,6
14246,3
14247,3
14250,2
14253,4
14256,1
14259,3
14265,3
14266,3
14272,2
14275,2
14278,2
14279,3
14282,1
14285,2
14288,1
14291,1
14292,1
14294,1
14297,2
14298,3
14304,2
14308,1
14310,2
14311,1
14316,1
14317,1
14323,1
14329,1
14330,1
14336,5
14339,2
14340,1
14342,3
14343,1
14345,1
14349,3
14355,1
14356,2
14359,1
14361,1
14362,1
14368,4
14371,1
14374,1
14375,1
14380,1
14384,1
14387,2
14388,1
14391,1
14393,2
14400,4
14406,3
14407,2
14413,2
14419,2
14422,1
14425,1
14426,1
14432,4
14436,2
14438,4
14439,3
14445,2
14451,6
14457,1
14458,4
14464,4
14470,3
14476,1
14477,1
14483,1
14489,1
14490,2
14496,3
14499,1
14502,1
14503,1
14506,1
14508,1
14509,3
14515,2
14516,1
14518,1
14522,1
14528,3
14531,2
14534,2
14535,5
14541,4
14547,1
14548,1
14551,1
14553,2
14554,1
14557,1
14560,6
14563,1
14566,1
14570,1
14573,1
14585,1
14586,1
14592,2
14595,1
14598,1
14604,1
14605,2
14608,1
14611,1
14614,1
14618,2
14621,2
14624,1
14628,1
14630,2
14637,1
14643,1
14649,1
14650,2
14656,3
14662,1
14675,2
14681,2
14682,1
14685,2
14688,5
14691,1
14694,4
14707,1
14713,1
14720,3
14726,2
14732,1
14733,3
14736,1
14739,1
14740,1
14745,2
14746,1
14752,3
14759,1
14765,1
14771,1
14774,1
14777,1
14778,3
14784,4
14790,2
14791,1
14796,1
14797,4
14803,1
14809,1
14810,2
14816,3
14822,2
14823,1
14828,1
14835,2
14841,1
14848,2
14854,2
14855,1
14858,1
14860,1
14861,1
14864,1
14874,1
14880,1
14883,1
14887,1
14892,1
14893,1
14899,3
14900,2
14906,4
14912,2
14918,1
14919,2
14925,2
14931,2
14937,1
14938,1
14944,2
14950,1
14954,1
14956,1
14957,1
14963,1
14964,1
14966,1
14969,1
14976,1
14982,1
14989,2
14995,1
15001,3
15021,2
15027,2
15037,2
15040,1
15047,1
15052,1
15053,1
15059,2
15063,1
15069,3
15072,1
15075,1
15078,2
15082,1
15085,3
15091,1
15092,1
15104,2
15111,1
15116,1
15117,1
15129,1
15130,1
15136,2
15142,1
15146,1
15148,2
15149,2
15152,1
15155,1
15162,2
15165,1
15168,3
15174,1
15175,1
15193,1
15194,2
15196,1
15200,2
15203,1
15204,1
15209,1
15212,1
15213,3
15219,1
15222,2
15226,1
15229,1
15232,2
15238,2
15245,4
15251,3
15258,1
15261,1
15264,3
15276,2
15277,1
15280,1
15283,2
15284,1
15296,1
15302,3
15305,1
15306,1
15308,1
15312,1
15315,2
15321,1
15325,1
15328,3
15331,1
15334,1
15337,1
15341,2
15348,1
15354,1
15357,1
15363,1
15373,2
15376,1
15379,2
15380,1
15392,2
15399,1
15405,3
15411,2
15414,2
15418,2
15424,2
15431,1
15436,2
15449,1
15456,1
15459,1
15462,3
15463,1
15465,1
15468,1
15469,3
15475,2
15481,1
15491,1
15494,2
15500,1
15501,4
15507,3
15513,1
15514,2
15516,1
15520,4
15533,2
15539,4
15542,1
15545,1
15546,1
15552,1
15555,1
15558,1
15559,1
15565,3
15568,2
15571,2
15578,1
15580,1
15584,1
15587,1
15591,1
15596,2
15597,2
15600,1
15603,4
15604,2
15609,1
15616,1
15623,1
15629,1
15635,2
15648,1
15654,4
15655,1
15658,1
15661,1
15667,1
15673,1
15677,2
15680,1
15683,1
15686,2
15687,1
15693,3
15699,3
15705,2
15715,2
15718,1
15725,3
15731,1
15734,1
15737,1
15738,3
15740,1
15744,3
15747,1
15751,1
15757,3
15763,3
15769,1
15770,2
15776,3
15782,2
15783,1
15788,1
15792,1
15805,1
15808,6
15817,1
15820,1
15827,2
15828,1
15834,3
15837,1
15840,2
15844,1
15846,1
15850,1
15852,2
15856,1
15859,3
15865,3
15872,2
15878,2
15884,1
15885,4
15892,2
15898,1
15904,3
15910,4
15923,1
15929,1
15930,2
15936,1
15942,1
15948,4
15949,4
15952,1
15955,1
15958,1
15962,2
15965,1
15974,1
15981,4
15990,1
15993,2
15994,2
15997,1
16000,2
16007,2
16013,3
16016,1
16019,1
16020,1
16023,1
16026,2
16032,3
16035,2
16038,1
16039,2
16044,1
16045,1
16061,1
16064,2
16073,1
16074,1
16077,1
16083,2
16084,1
16087,1
16090,1
16102,1
16103,1
16105,1
16106,1
16109,2
16115,2
16116,1
16122,2
16125,1
16128,1
16135,1
16140,2
16141,1
16147,4
16154,1
16160,1
16167,1
16170,3
16179,2
16180,1
16186,1
16189,1
16192,3
16198,2
16199,1
16204,1
16205,2
16211,1
16212,1
16215,1
16217,1
16224,1
16230,2
16231,1
16236,1
16237,1
16246,1
16249,3
16250,1
16256,1
16262,1
16269,1
16275,2
16276,1
16278,1
16279,1
16294,1
16297,1
16301,3
16307,1
16317,1
16320,2
16323,1
16326,2
16332,1
16333,1
16339,2
16342,1
16345,1
16352,1
16358,1
16365,2
16371,1
16372,1
16384,2
16387,1
16390,1
16391,2
16397,2
16400,1
16403,5
16404,1
16407,1
16409,1
16410,3
16416,3
16419,1
16423,1
16438,1
16439,1
16442,1
16445,1
16448,2
16454,3
16460,1
16461,1
16467,1
16474,1
16480,1
16486,1
16493,2
16499,1
16502,1
16505,3
16506,3
16512,1
16524,1
16525,3
16531,3
16534,2
16537,1
16538,2
16544,2
16550,3
16560,1
16564,1
16567,1
16573,1
16582,1
16583,1
16589,1
16595,1
16596,1
16602,1
16608,4
16611,1
16614,1
16615,1
16620,1
16627,2
16631,1
16634,1
16636,1
16640,1
16653,3
16656,1
16659,2
16666,2
16669,1
16672,3
16675,1
16678,1
16685,3
16691,2
16697,1
16698,1
16711,1
16716,1
16729,1
16733,1
16736,4
16742,3
16743,2
16748,1
16749,2
16752,1
16755,3
16756,1
16761,2
16762,1
16768,3
16771,3
16774,1
16775,1
16780,1
16781,3
16784,1
16787,3
16790,1
16794,1
16797,1
16800,1
16803,1
16806,1
16807,1
16809,1
16813,1
16819,2
16820,1
16823,1
16826,2
16832,3
16839,1
16844,1
16845,1
16851,1
16857,1
16858,2
16864,3
16871,1
16883,2
16887,1
16890,1
16896,2
16899,1
16903,1
16908,1
16909,1
16912,1
16922,3
16928,3
16931,2
16934,2
16941,2
16947,2
16950,1
16953,1
16954,4
16963,2
16966,2
16967,2
16979,3
16980,1
16982,1
16985,1
16986,1
16992,1
16998,2
17001,1
17012,1
17017,2
17018,2
17020,1
17024,1
17030,1
17033,1
17036,1
17037,1
17040,1
17043,2
17049,2
17056,2
17060,1
17062,1
17063,1
17069,4
17075,3
17078,1
17088,3
17091,1
17094,2
17095,1
17100,1
17101,3
17107,2
17113,2
17114,1
17120,3
17124,1
17133,3
17136,1
17139,2
17140,1
17146,1
17152,4
17158,3
17159,2
17165,2
17171,1
17172,1
17177,1
17178,2
17184,1
17190,3
17196,1
17197,2
17206,1
17209,1
17210,1
17216,1
17222,1
17223,1
17226,1
17235,3
17236,1
17241,1
17242,1
17248,1
17254,1
17255,1
17258,1
17261,3
17267,2
17270,1
17273,1
17274,1
17280,4
17283,1
17286,1
17287,1
17293,1
17296,1
17300,3
17302,2
17305,3
17306,3
17312,2
17315,1
17318,3
17325,2
17335,2
17344,4
17350,1
17351,2
17356,1
17357,5
17369,2
17370,2
17373,1
17376,1
17382,1
17383,1
17388,1
17389,1
17395,3
17401,2
17402,1
17405,1
17408,3
17414,2
17415,1
17421,3
17427,5
17428,1
17430,1
17434,1
17446,1
17447,2
17453,3
17459,2
17465,1
17466,3
17472,1
17475,1
17478,1
17485,3
17491,1
17497,3
17498,1
17504,4
17510,1
17511,2
17527,1
17530,1
17536,2
17542,3
17543,1
17549,1
17561,3
17568,1
17574,1
17575,2
17577,1
17580,1
17581,1
17587,2
17588,1
17600,1
17606,3
17607,1
17616,1
17619,3
17622,1
17623,1
17625,3
17626,1
17632,4
17638,1
17639,1
17644,1
17645,4
17648,2
17652,3
17657,2
17664,1
17670,1
17677,5
17683,1
17689,2
17692,2
17696,4
17699,1
17702,1
17703,2
17709,1
17715,1
17718,1
17722,2
17734,1
17735,1
17740,1
17741,1
17744,1
17747,1
17748,1
17751,1
17753,1
17754,1
17760,6
17766,1
17767,2
17772,1
17773,1
17776,1
17779,2
17780,2
17786,2
17788,1
17792,1
17799,1
17805,1
17811,2
17817,1
17818,2
17824,2
17827,1
17830,1
17837,2
17843,3
17849,1
17850,1
17856,2
17862,1
17868,1
17869,1
17872,1
17875,2
17888,2
17894,1
17900,1
17910,1
17914,2
17920,3
17926,1
17929,1
17930,1
17936,1
17939,1
17945,2
17946,1
17952,2
17962,1
17964,1
17965,3
17971,1
17972,1
17978,1
17984,4
17987,2
17991,1
17996,1
17997,1
18003,4
18006,2
18009,2
18016,1
18019,2
18028,1
18029,1
18041,2
18042,1
18045,1
18048,1
18055,1
18057,1
18060,1
18067,2
18073,1
18074,2
18080,3
18086,3
18087,1
18093,1
18096,1
18099,3
18100,1
18105,2
18106,1
18112,1
18118,1
18119,1
18124,2
18125,2
18131,1
18132,1
18134,1
18137,1
18138,1
18141,1
18144,1
18147,1
18150,2
18154,1
18157,4
18163,1
18169,1
18170,1
18176,2
18179,1
18182,3
18183,1
18189,2
18196,1
18201,1
18202,1
18208,2
18220,1
18221,2
18227,3
18233,1
18240,3
18246,1
18247,1
18253,1
18256,1
18259,3
18260,1
18265,1
18272,1
18275,1
18278,1
18285,1
18288,2
18291,2
18304,1
18307,1
18308,1
18310,2
18313,1
18314,1
18317,2
18330,2
18336,1
18342,3
18343,1
18355,4
18356,1
18368,2
18374,2
18375,2
18381,2
18387,2
18390,1
18393,2
18394,2
18397,1
18400,2
18404,2
18406,2
18407,1
18416,1
18419,2
18425,1
18426,3
18432,1
18438,1
18439,1
18444,1
18445,2
18452,1
18464,2
18467,1
18470,2
18471,1
18476,1
18477,1
18480,3
18486,1
18487,1
18490,1
18496,1
18502,2
18503,1
18509,2
18512,1
18515,1
18522,1
18525,1
18528,1
18531,2
18534,1
18535,1
18540,1
18541,1
18544,1
18548,1
18553,2
18554,4
18560,1
18567,3
18570,1
18576,1
18579,1
18580,1
18585,1
18586,1
18592,1
18598,2
18599,1
18605,2
18612,2
18617,2
18618,3
18624,1
18627,1
18636,1
18637,1
18643,1
18644,1
18649,1
18650,1
18656,2
18662,2
18663,2
18668,1
18675,2
18681,1
18682,2
18684,1
18685,1
18688,4
18694,1
18695,3
18697,1
18701,2
18707,1
18713,1
18714,1
18720,3
18723,1
18726,3
18727,2
18736,1
18739,2
18745,1
18746,4
18765,2
18768,2
18771,2
18775,1
18777,1
18778,3
18784,1
18790,1
18791,2
18794,1
18796,1
18797,1
18803,3
18806,1
18816,1
18822,1
18828,1
18829,1
18832,1
18835,3
18836,2
18838,1
18842,2
18848,2
18854,2
18860,1
18861,2
18867,1
18874,1
18880,1
18893,2
18896,1
18899,3
18912,4
18918,1
18919,1
18921,2
18925,3
18928,1
18931,2
18932,1
18937,1
18938,4
18941,1
18944,3
18947,1
18950,2
18951,2
18954,1
18957,2
18963,5
18964,1
18970,2
18972,1
18973,1
18976,1
18982,1
18983,1
18989,2
18992,1
18995,3
18996,1
19001,1
19002,1
19008,2
19014,1
19018,1
19021,2
19027,1
19037,1
19040,3
19043,1
19044,1
19046,3
19053,2
19065,2
19066,2
19069,2
19072,3
19078,3
19081,1
19082,1
19091,2
19097,1
19098,1
19104,1
19117,3
19120,1
19123,1
19124,1
19126,1
19130,1
19136,1
19142,1
19143,1
19145,1
19148,2
19149,2
19152,1
19155,1
19158,1
19162,2
19164,2
19165,1
19168,3
19174,1
19181,2
19184,1
19187,2
19193,1
19197,1
19206,1
19213,2
19220,1
19226,3
19232,3
19238,2
19239,1
19245,2
19248,2
19251,4
19252,1
19255,1
19258,1
19264,1
19267,1
19270,1
19273,1
19277,1
19280,1
19283,2
19286,1
19290,2
19296,5
19302,1
19305,1
19309,2
19312,1
19315,1
19316,1
19322,2
19325,1
19328,2
19335,1
19340,1
19350,1
19353,1
19360,4
19366,1
19367,1
19373,2
19379,1
19380,1
19386,3
19392,2
19402,1
19408,1
19411,3
19414,1
19418,3
19424,2
19430,2
19431,2
19436,1
19437,6
19443,4
19449,1
19450,1
19462,2
19465,1
19466,1
19469,1
19472,1
19475,1
19481,1
19482,2
19494,1
19501,3
19507,2
19520,2
19526,2
19527,2
19530,1
19546,3
19549,1
19552,1
19555,1
19558,2
19565,2
19578,1
19584,3
19591,1
19593,1
19597,2
19600,2
19603,3
19604,1
19610,1
19613,1
19616,2
19625,1
19626,1
19628,1
19629,4
19635,3
19641,1
19648,3
19651,1
19655,1
19658,1
19661,1
19664,1
19667,3
19671,1
19674,1
19680,5
19686,1
19687,1
19693,3
19696,1
19699,2
19705,1
19706,3
19719,1
19724,2
19725,3
19731,2
19732,1
19738,3
19744,4
19747,1
19750,1
19757,2
19763,3
19764,1
19767,1
19769,1
19770,1
19772,1
19776,3
19782,4
19788,1
19789,4
19792,1
19802,1
19814,1
19817,1
19824,1
19827,3
19833,2
19834,1
19837,1
19840,1
19846,1
19847,1
19853,1
19859,1
19865,3
19866,3
19872,3
19875,3
19879,2
19885,5
19888,1
19891,2
19897,1
19898,3
19900,1
19904,3
19907,1
19908,1
19910,4
19911,1
19916,1
19917,1
19923,1
19929,1
19936,3
19939,1
19942,1
19949,1
19955,1
19956,1
19961,1
19962,2
19968,1
19974,1
19978,1
19980,2
19981,3
19987,2
19994,1
20000,2
20006,2
20007,2
20012,1
20013,2
20019,1
20026,2
20029,1
20032,1
20038,1
20045,2
20051,3
20054,1
20057,1
20064,4
20070,3
20071,1
20076,1
20077,2
20080,1
20083,2
20090,2
20093,1
20096,1
20102,1
20103,4
20109,2
20115,1
20116,2
20118,1
20122,3
20125,1
20128,2
20131,1
20138,1
20141,2
20147,1
20154,2
20157,1
20160,1
20166,1
20167,1
20173,3
20176,1
20179,3
20180,1
20186,3
20192,3
20198,3
20205,2
20208,1
20224,1
20237,3
20243,1
20249,1
20250,1
20256,2
20262,1
20263,1
20268,1
20269,2
20272,2
20275,1
20282,2
20288,3
20291,1
20294,1
20301,3
20307,2
20313,3
20314,2
20320,2
20326,2
20327,1
20329,1
20333,2
20339,2
20343,1
20349,1
20358,1
20359,2
20365,1
20368,1
20371,2
20372,1
20378,1
20381,1
20384,3
20387,2
20390,1
20397,1
20403,1
20409,1
20410,1
20413,1
20416,2
20426,1
20429,4
20455,1
20457,1
20460,1
20461,3
20474,1
20480,5
20486,1
20487,2
20492,1
20493,1
20506,3
20508,1
20512,1
20515,1
20518,2
20521,2
20524,1
20525,1
20528,1
20535,1
20538,1
20544,1
20551,1
20557,2
20563,2
20569,1
20570,1
20573,1
20583,4
20589,3
20595,2
20601,2
20602,1
20605,1
20608,2
20615,2
20620,3
20621,1
20627,2
20633,1
20634,2
20640,2
20646,1
20653,3
20659,2
20665,1
20666,1
20678,1
20684,1
20685,3
20692,1
20698,1
20704,3
20710,2
20713,1
20723,3
20729,1
20736,2
20742,3
20748,1
20755,3
20762,1
20768,1
20774,3
20775,2
20787,1
20793,2
20794,1
20800,1
20803,1
20813,4
20819,2
20822,1
20826,1
20829,1
20832,2
20839,1
20845,2
20851,1
20852,1
20854,1
20857,1
20858,1
20864,1
20871,1
20880,1
20883,3
20886,1
20889,2
20890,2
20896,3
20899,1
20902,1
20903,2
20915,3
20918,1
20922,1
20928,5
20935,1
20940,1
20941,1
20944,1
20947,3
20950,1
20954,1
20963,2
20966,1
20967,2
20972,1
20973,5
20979,1
20986,1
20988,1
20992,2
20998,2
20999,2
21004,1
21005,1
21008,1
21017,2
21018,2
21024,1
21027,1
21028,1
21037,3
21043,1
21046,1
21047,1
21050,1
21056,2
21072,2
21075,1
21076,1
21081,1
21084,1
21088,1
21092,1
21094,1
21104,2
21107,4
21114,2
21120,2
21126,1
21132,2
21133,2
21136,1
21139,2
21145,2
21146,2
21149,1
21152,4
21159,1
21164,1
21165,1
21168,1
21177,1
21178,2
21184,2
21190,1
21191,1
21193,1
21200,1
21203,1
21210,1
21213,1
21216,6
21219,1
21222,1
21223,2
21229,1
21235,2
21241,2
21242,2
21245,1
21248,4
21257,1
21258,1
21261,3
21268,1
21273,3
21274,1
21280,1
21287,1
21293,2
21299,4
21306,1
21309,1
21312,5
21318,1
21319,3
21325,1
21328,2
21331,1
21337,1
21338,1
21344,2
21350,3
21351,1
21360,1
21363,5
21364,1
21366,1
21369,2
21370,2
21376,3
21382,2
21383,4
21392,1
21396,1
21401,1
21408,3
21415,4
21417,1
21420,1
21421,3
21427,2
21428,1
21434,3
21440,1
21446,1
21447,1
21453,3
21459,2
21465,1
21466,4
21472,3
21484,1
21488,2
21491,2
21504,3
21510,2
21511,1
21516,1
21517,1
21523,2
21524,1
21530,1
21542,2
21548,1
21549,1
21559,1
21561,1
21562,1
21568,3
21574,3
21577,1
21578,1
21581,1
21587,4
21591,2
21594,1
21600,1
21603,1
21606,1
21607,3
21619,2
21623,1
21625,1
21638,1
21639,1
21645,1
21651,3
21657,2
21658,2
21667,2
21670,1
21671,1
21674,1
21680,2
21683,2
21684,1
21689,1
21690,3
21696,1
21702,2
21709,1
21715,1
21722,1
21728,2
21734,2
21735,1
21738,1
21747,1
21748,1
21753,2
21754,1
21760,1
21763,1
21767,1
21779,2
21780,1
21798,3
21799,2
21801,1
21805,1
21811,1
21812,1
21818,1
21824,1
21827,1
21830,4
21837,2
21840,1
21843,1
21846,1
21849,1
21850,4
21856,1
21868,1
21869,2
21875,3
21881,1
21882,1
21885,1
21888,5
21900,2
21907,1
21908,1
21917,1
21920,2
21926,1
21927,1
21930,1
21932,1
21933,2
21939,2
21946,1
21958,1
21959,1
21965,2
21975,1
21980,1
21984,3
21987,1
21993,1
22009,1
22012,1
22016,1
22019,1
22022,1
22026,1
22028,1
22039,1
22045,1
22048,2
22052,1
22054,2
22067,2
22068,1
22070,1
22073,1
22074,2
22086,2
22099,1
22105,1
22106,3
22108,1
22112,3
22118,3
22119,3
22124,1
22128,1
22132,2
22135,1
22137,1
22138,2
22144,3
22147,1
22150,3
22157,3
22160,1
22163,1
22167,1
22169,3
22170,2
22176,2
22182,3
22183,1
22185,1
22192,1
22195,1
22202,2
22205,1
22208,3
22214,1
22220,1
22221,2
22227,1
22234,2
22240,2
22247,2
22253,2
22259,1
22260,2
22265,1
22275,1
22278,1
22279,1
22282,2
22285,1
22291,1
22292,1
22295,1
22297,1
22301,1
22304,1
22307,1
22308,1
22310,4
22314,1
22317,1
22320,1
22323,3
22324,1
22327,2
22329,1
22333,1
22336,1
22342,1
22343,1
22346,1
22348,1
22349,3
22355,2
22365,1
22368,3
22371,1
22374,3
22387,2
22390,1
22393,1
22400,1
22406,3
22407,2
22412,1
22416,1
22419,1
22425,1
22426,3
22429,1
22432,3
22445,2
22448,2
22451,1
22455,1
22457,1
22458,3
22464,4
22467,1
22468,1
22470,2
22474,1
22477,1
22483,3
22489,2
22490,3
22496,2
22502,2
22503,1
22528,3
22547,1
22551,1
22554,2
22560,1
22566,1
22573,4
22576,1
22579,5
22580,1
22582,1
22585,2
22586,1
22592,4
22595,1
22598,1
22605,3
22611,4
22612,1
22615,1
22618,2
22624,3
22634,1
22644,2
22647,1
22649,2
22650,1
22656,2
22663,1
22669,1
22675,3
22676,1
22682,1
22691,1
22694,1
22701,4
22707,4
22713,1
22714,1
22720,1
22726,1
22727,2
22739,2
22745,1
22746,2
22752,1
22755,2
22758,1
22759,1
22765,1
22771,1
22775,1
22777,1
22778,3
22784,3
22797,1
22803,1
22806,1
22809,1
22810,3
22816,1
22822,1
22829,1
22832,1
22835,1
22841,1
22848,5
22851,1
22861,1
22864,1
22867,2
22873,2
22874,2
22877,1
22883,1
22886,2
22893,3
22899,1
22909,1
22912,2
22918,2
22924,1
22934,3
22937,1
22938,1
22944,1
22950,1
22963,2
22964,2
22976,4
22980,1
22982,1
22989,2
22995,1
23002,1
23014,1
23015,2
23021,1
23027,1
23028,1
23040,2
23047,3
23050,1
23053,3
23056,1
23059,1
23060,1
23063,1
23065,1
23066,2
23072,4
23078,1
23079,2
23081,1
23084,2
23085,2
23091,2
23097,1
23098,1
23110,1
23117,1
23124,1
23129,1
23130,2
23136,4
23142,1
23143,1
23165,1
23168,2
23174,1
23175,1
23181,1
23184,1
23187,1
23193,1
23194,1
23200,1
23206,2
23209,1
23213,1
23219,2
23220,1
23232,3
23238,1
23239,2
23244,1
23245,3
23251,1
23257,3
23258,1
23260,1
23264,1
23270,1
23274,1
23283,2
23286,1
23290,1
23296,1
23303,1
23308,1
23309,1
23315,2
23322,3
23328,1
23334,1
23335,1
23341,3
23353,1
23360,2
23363,1
23366,1
23372,1
23373,1
23385,1
23386,1
23389,1
23398,1
23399,2
23402,1
23405,5
23411,2
23418,1
23421,1
23424,1
23430,2
23431,1
23434,2
23437,1
23443,1
23449,1
23462,2
23463,1
23468,1
23469,1
23475,4
23481,1
23484,1
23488,1
23491,1
23494,1
23500,1
23501,1
23507,2
23511,1
23514,1
23520,3
23526,2
23527,1
23532,1
23533,1
23539,2
23545,1
23546,1
23548,1
23555,1
23558,1
23562,1
23565,3
23571,1
23578,1
23584,4
23597,2
23603,3
23604,1
23610,2
23616,1
23622,1
23623,2
23628,1
23629,1
23632,1
23641,1
23642,1
23648,3
23651,1
23654,3
23660,2
23661,2
23673,1
23674,2
23687,3
23693,1
23696,1
23699,3
23709,2
23712,1
23715,2
23719,1
23725,2
23737,1
23747,1
23751,1
23756,2
23757,1
23760,2
23763,2
23770,1
23772,1
23776,1
23782,2
23783,4
23788,1
23789,1
23795,5
23796,1
23801,1
23802,1
23808,2
23814,1
23820,1
23821,1
23824,1
23827,2
23828,1
23833,5
23837,1
23840,1
23846,2
23850,1
23853,1
23856,1
23860,2
23866,4
23872,4
23878,2
23885,1
23888,1
23891,1
23897,1
23898,2
23904,2
23910,3
23929,1
23930,1
23936,1
23943,1
23948,2
23949,3
23961,1
23968,1
23974,1
23981,1
23984,1
23987,4
23993,1
23994,2
24000,3
24004,1
24006,2
24009,1
24012,1
24013,1
24025,1
24026,1
24042,1
24045,1
24058,2
24061,1
24064,2
24070,1
24080,1
24083,1
24089,1
24096,3
24099,2
24102,1
24109,1
24112,1
24115,1
24118,1
24119,1
24122,1
24128,3
24135,1
24137,2
24141,3
24144,1
24147,4
24150,1
24154,2
24160,2
24164,1
24166,3
24167,1
24170,1
24172,1
24173,3
24179,1
24185,1
24186,1
24192,2
24195,2
24198,1
24202,3
24205,2
24212,1
24214,1
24217,3
24221,1
24227,1
24230,1
24231,2
24237,1
24240,1
24243,1
24244,1
24250,1
24253,1
24259,1
24266,1
24269,1
24275,1
24276,1
24278,1
24281,1
24282,3
24285,1
24288,2
24294,2
24300,1
24301,2
24304,1
24307,2
24308,1
24320,1
24323,1
24326,1
24332,1
24339,1
24346,2
24349,1
24352,1
24359,1
24365,1
24371,1
24372,1
24384,2
24391,3
24396,1
24397,4
24400,1
24403,2
24409,1
24410,1
24416,1
24422,2
24429,1
24432,1
24435,3
24441,1
24442,1
24448,5
24454,3
24467,3
24468,1
24471,1
24473,1
24480,1
24489,1
24493,3
24499,2
24500,1
24505,1
24512,3
24519,2
24531,4
24537,1
24538,1
24544,1
24548,1
24550,2
24554,1
24557,2
24563,2
24569,2
24570,1
24573,1
24576,4
24579,1
24582,1
24585,1
24589,2
24595,1
24602,2
24608,4
24614,2
24618,1
24621,2
24627,3
24640,3
24646,2
24647,1
24653,1
24659,3
24665,1
24666,1
24669,2
24681,1
24685,1
24691,2
24697,2
24704,3
24717,1
24723,3
24729,1
24736,2
24739,1
24742,3
24743,1
24746,1
24755,4
24762,1
24768,2
24774,1
24775,1
24787,2
24788,1
24794,2
24797,2
24800,5
24813,1
24825,1
24826,2
24832,6
24838,2
24845,4
24854,1
24857,1
24858,2
24871,1
24884,1
24893,2
24902,2
24909,1
24915,2
24928,6
24938,1
24941,1
24960,1
24964,1
24967,1
24979,4
24985,1
24986,2
24995,2
25004,1
25005,1
25011,2
25012,2
25017,1
25018,2
25024,4
25031,2
25033,1
25049,1
25050,1
25053,1
25056,3
25069,1
25075,2
25081,2
25082,1
25085,1
25088,3
25094,1
25101,3
25107,2
25113,1
25120,1
25126,1
25127,1
25133,2
25145,2
25146,1
25152,2
25158,1
25159,1
25164,1
25165,1
25171,3
25177,1
25178,2
25181,1
25184,4
25190,2
25191,2
25194,1
25197,1
25200,1
25203,3
25204,1
25212,1
25216,2
25222,3
25235,1
25236,1
25241,1
25242,1
25245,1
25248,1
25254,3
25255,2
25258,1
25261,2
25267,1
25270,1
25273,2
25274,1
25277,1
25280,1
25286,1
25287,1
25292,1
25293,2
25302,1
25305,2
25312,5
25318,1
25322,1
25324,2
25325,1
25331,2
25337,1
25338,1
25340,1
25344,4
25350,1
25351,1
25357,3
25363,4
25364,1
25370,2
25376,1
25382,1
25383,1
25388,3
25389,3
25395,2
25401,2
25402,2
25405,1
25408,3
25414,2
25415,2
25421,1
25427,2
25428,1
25433,1
25437,1
25446,1
25449,1
25450,1
25459,1
25466,1
25472,1
25475,1
25485,4
25491,2
25492,1
25504,3
25507,2
25514,1
25517,1
25523,1
25524,3
25529,2
25530,2
25532,1
25542,1
25543,2
25549,2
25552,1
25555,1
25556,1
25561,4
25562,2
25565,1
25568,5
25571,1
25572,1
25574,2
25575,1
25581,1
25593,3
25594,1
25597,1
25600,2
25603,2
25604,1
25606,1
25607,2
25613,2
25616,1
25619,1
25626,2
25629,2
25638,1
25642,1
25645,2
25648,1
25651,2
25652,1
25655,1
25657,2
25658,1
25664,2
25690,2
25696,3
25702,2
25703,1
25709,2
25712,1
25715,1
25716,1
25721,3
25728,4
25735,1
25741,1
25747,2
25753,2
25754,3
25756,1
25760,1
25766,1
25767,1
25772,2
25773,4
25776,1
25779,1
25786,1
25792,2
25799,1
25805,1
25808,1
25811,1
25817,1
25818,1
25824,3
25827,1
25830,1
25831,1
25837,2
25840,1
25843,5
25844,1
25846,1
25847,1
25850,1
25856,1
25862,1
25863,2
25869,1
25879,1
25882,1
25888,1
25894,2
25901,2
25904,1
25907,1
25913,2
25914,5
25920,5
25926,1
25927,1
25932,2
25933,3
25940,1
25946,2
25949,1
25959,2
25965,2
25968,1
25971,1
25977,2
25984,2
25991,1
25996,1
26000,1
26003,1
26007,2
26010,2
26025,2
26029,3
26035,5
26041,1
26042,2
26048,4
26052,1
26055,1
26061,1
26064,1
26067,2
26076,1
26080,2
26086,1
26087,1
26093,1
26099,1
26105,3
26106,1
26112,2
26115,1
26119,1
26124,1
26125,3
26128,1
26131,1
26137,1
26141,1
26144,2
26147,1
26150,1
26151,1
26156,1
26169,1
26176,5
26179,1
26180,1
26182,1
26183,2
26188,1
26189,2
26201,2
26208,1
26211,2
26215,1
26218,1
26220,1
26221,2
26227,2
26230,1
26234,1
26240,3
26246,1
26247,1
26253,5
26259,2
26272,2
26278,1
26285,1
26291,1
26297,1
26304,1
26310,1
26311,1
26317,3
26323,2
26326,1
26329,2
26330,1
26336,3
26339,1
26342,1
26343,1
26349,1
26355,2
26361,1
26362,1
26368,1
26374,1
26375,1
26381,1
26387,1
26394,2
26400,2
26406,1
26409,1
26413,2
26416,1
26419,2
26422,1
26426,1
26429,1
26432,1
26435,1
26438,3
26439,1
26442,1
26445,1
26454,1
26457,2
26458,2
26461,1
26464,3
26470,1
26483,2
26489,2
26490,1
26493,1
26496,2
26503,2
26506,1
26515,1
26521,1
26522,1
26528,3
26534,2
26540,1
26541,2
26554,3
26560,2
26566,1
26573,1
26579,1
26585,1
26592,1
26605,1
26608,1
26611,1
26617,1
26618,1
26624,3
26636,1
26640,1
26643,2
26646,1
26650,1
26656,2
26669,1
26676,1
26682,1
26685,1
26688,2
26694,1
26697,1
26701,2
26704,1
26707,2
26711,1
26720,1
26727,1
26732,1
26733,3
26739,2
26740,1
26758,1
26759,3
26761,1
26765,2
26771,2
26772,1
26777,1
26784,1
26790,2
26791,2
26797,1
26803,2
26804,1
26809,1
26810,1
26813,2
26816,1
26820,1
26822,1
26823,1
26828,1
26829,2
26832,2
26835,3
26836,2
26838,2
26848,3
26851,1
26855,1
26861,1
26864,1
26867,2
26871,1
26874,1
26880,1
26883,1
26887,2
26889,1
26890,1
26893,2
26896,2
26899,1
26902,1
26906,2
26912,1
26918,2
26925,5
26928,1
26931,1
26935,1
26937,1
26938,1
26944,6
26951,2
26960,1
26963,2
26964,1
26973,2
26976,1
26982,3
26988,1
26989,3
26995,1
27002,1
27004,2
27008,3
27011,1
27021,2
27027,3
27033,2
27034,2
27040,2
27046,2
27047,1
27053,2
27059,1
27065,1
27066,3
27072,4
27078,1
27085,2
27088,1
27092,1
27095,1
27104,3
27107,1
27110,5
27111,1
27116,1
27117,1
27120,2
27123,3
27124,1
27130,1
27149,1
27152,1
27155,2
27161,1
27162,1
27168,2
27174,2
27175,1
27180,2
27187,4
27191,1
27194,3
27207,2
27213,4
27219,2
27226,3
27229,1
27232,2
27245,1
27251,1
27257,1
27261,1
27264,3
27271,1
27277,2
27280,1
27283,4
27286,1
27287,1
27290,1
27296,5
27299,1
27302,1
27309,2
27312,3
27315,4
27318,1
27322,1
27328,1
27334,1
27337,1
27340,1
27341,1
27347,2
27354,2
27360,2
27366,2
27373,1
27376,1
27380,1
27386,3
27389,1
27392,3
27398,1
27399,3
27405,3
27411,1
27428,2
27433,1
27437,2
27443,1
27447,1
27449,2
27450,2
27463,2
27469,1
27475,2
27481,1
27484,1
27488,1
27492,1
27494,1
27498,1
27501,1
27507,1
27513,1
27520,2
27523,1
27526,1
27529,1
27530,1
27539,4
27540,2
27542,1
27545,1
27546,1
27552,4
27555,2
27558,3
27559,1
27565,3
27571,1
27578,1
27581,1
27584,2
27590,1
27591,1
27597,2
27603,1
27610,1
27616,1
27623,2
27626,1
27628,1
27629,1
27635,1
27638,1
27641,1
27642,1
27651,2
27660,1
27674,4
27677,1
27686,1
27693,1
27696,2
27699,1
27705,1
27706,1
27715,1
27718,1
27724,1
27731,3
27734,1
27737,1
27738,1
27741,1
27744,2
27750,1
27757,4
27763,4
27770,3
27782,2
27789,2
27795,3
27796,1
27801,1
27802,1
27804,1
27805,1
27808,1
27814,1
27820,1
27827,1
27828,1
27834,3
27837,2
27840,2
27843,1
27846,1
27847,1
27852,1
27853,1
27859,3
27865,1
27866,1
27878,1
27879,2
27885,1
27891,1
27892,1
27897,1
27898,2
27907,1
27913,1
27920,1
27923,3
27930,1
27936,3
27939,1
27942,2
27948,1
27949,1
27968,2
27974,1
27975,1
27984,2
27990,1
27993,1
27994,1
28000,2
28006,1
28007,2
28013,2
28019,2
28032,2
28038,3
28039,2
28044,1
28045,3
28048,1
28058,1
28064,2
28070,1
28077,2
28093,1
28096,3
28102,1
28103,1
28105,1
28109,1
28116,1
28121,1
28122,1
28128,1
28134,1
28135,1
28140,1
28141,1
28144,1
28147,1
28154,2
28160,2
28166,2
28167,2
28169,1
28173,2
28179,2
28180,1
28182,1
28185,3
28186,1
28192,1
28198,2
28204,1
28205,2
28211,3
28215,1
28217,1
28218,1
28224,1
28230,2
28237,2
28243,1
28249,1
28250,3
28256,1
28262,1
28263,1
28272,1
28275,3
28276,1
28281,1
28282,2
28288,3
28294,2
28297,1
28300,1
28301,1
28307,1
28310,1
28313,1
28320,1
28326,3
28332,1
28333,2
28336,1
28339,2
28342,1
28346,1
28349,1
28352,4
28358,2
28359,1
28364,1
28365,2
28368,1
28371,1
28372,2
28377,1
28378,3
28384,1
28387,1
28390,2
28391,1
28396,3
28400,2
28407,1
28409,1
28410,3
28416,3
28429,2
28435,2
28436,2
28438,1
28442,2
28448,3
28451,1
28454,2
28461,1
28467,4
28474,1
28480,3
28487,1
28492,1
28493,3
28499,2
28505,1
28506,3
28512,2
28516,1
28518,1
28519,1
28525,2
28528,1
28531,1
28550,1
28551,2
28554,1
28557,3
28564,1
28566,1
28569,2
28570,1
28576,3
28582,1
28586,1
28589,1
28595,3
28601,1
28602,1
28604,1
28608,6
28611,1
28614,3
28615,1
28621,1
28633,2
28634,3
28640,4
28643,1
28646,2
28647,3
28650,1
28652,1
28656,2
28659,1
28660,3
28663,1
28666,2
28672,1
28675,1
28678,2
28681,1
28685,1
28691,4
28692,1
28704,1
28710,5
28711,3
28716,1
28717,3
28723,2
28724,2
28729,2
28730,1
28736,3
28742,1
28749,1
28755,3
28758,1
28761,1
28768,1
28774,2
28781,1
28787,1
28788,1
28791,1
28794,2
28800,5
28806,1
28807,1
28810,1
28816,1
28819,2
28825,1
28826,1
28832,2
28835,1
28838,2
28839,1
28844,1
28845,2
28851,2
28857,1
28864,6
28870,3
28877,1
28883,2
28890,3
28893,1
28896,1
28902,1
28903,3
28909,1
28912,1
28921,3
28928,3
28934,2
28935,1
28940,1
28941,1
28947,1
28953,1
28954,1
28960,1
28966,1
28973,2
28979,1
28986,3
28992,5
29005,2
29008,1
29011,4
29012,1
29017,2
29018,2
29024,1
29037,2
29043,3
29049,3
29050,2
29052,1
29062,1
29069,1
29075,1
29082,3
29088,2
29094,4
29095,1
29097,1
29100,1
29101,4
29107,1
29114,5
29120,5
29126,4
29127,1
29129,1
29130,1
29132,1
29133,2
29145,2
29146,2
29149,1
29152,2
29158,4
29162,1
29171,1
29177,1
29184,4
29190,1
29191,1
29193,2
29196,1
29197,1
29203,3
29206,1
29216,3
29220,1
29229,1
29235,1
29236,1
29241,2
29248,2
29255,1
29261,2
29264,1
29267,4
29274,1
29277,1
29280,5
29284,1
29286,2
29287,1
29292,1
29293,1
29296,2
29299,1
29305,1
29306,2
29312,1
29318,1
29319,3
29325,2
29332,1
29337,2
29338,1
29344,1
29347,1
29348,1
29350,3
29356,1
29360,1
29363,1
29369,1
29370,3
29376,1
29382,1
29383,1
29386,1
29389,2
29395,5
29396,1
29401,1
29402,1
29405,1
29408,3
29411,2
29415,1
29418,1
29421,2
29424,1
29427,1
29434,1
29440,4
29443,1
29446,1
29450,1
29453,1
29459,2
29460,1
29463,1
29466,1
29476,1
29478,2
29485,1
29488,1
29491,2
29497,1
29498,1
29504,2
29510,3
29517,1
29520,1
29523,2
29524,1
29527,1
29530,1
29536,4
29542,2
29549,1
29568,1
29571,1
29574,2
29575,1
29581,2
29584,1
29587,1
29600,4
29603,1
29606,2
29607,1
29613,1
29619,2
29626,1
29629,1
29632,2
29638,2
29644,1
29651,1
29657,1
29658,1
29664,3
29667,1
29676,1
29677,2
29680,1
29689,1
29696,5
29702,3
29705,1
29706,1
29709,4
29712,1
29715,2
29716,1
29728,1
29734,1
29735,3
29741,1
29747,3
29751,1
29754,4
29757,1
29760,2
29763,1
29766,2
29767,1
29772,1
29773,4
29779,5
29782,1
29785,1
29786,1
29792,3
29795,1
29798,1
29799,1
29802,3
29805,1
29808,2
29811,3
29814,1
29824,2
29830,1
29831,2
29836,1
29837,2
29843,1
29849,3
29850,2
29853,2
29856,3
29863,2
29869,2
29872,1
29875,1
29876,2
29882,1
29888,8
29891,1
29894,2
29901,2
29904,1
29908,1
29914,6
29920,2
29926,2
29927,1
29933,2
29936,1
29939,2
29945,2
29946,1
29949,1
29952,3
29955,1
29958,3
29959,1
29965,3
29968,2
29971,2
29977,2
29978,2
29980,1
29984,4
29987,1
29990,1
29991,5
29997,2
30000,1
30003,2
30004,1
30006,1
30009,2
30010,1
30012,1
30016,3
30022,3
30023,2
30026,1
30029,3
30035,3
30036,1
30041,1
30048,5
30054,1
30055,2
30060,1
30067,3
30070,1
30073,3
30074,4
30080,3
30083,1
30086,1
30089,1
30090,1
30093,1
30102,1
30103,1
30105,1
30106,1
30112,2
30118,2
30125,2
30132,1
30134,1
30138,1
30144,2
30150,1
30151,1
30153,1
30157,3
30160,1
30163,2
30164,1
30169,1
30170,1
30176,4
30195,2
30196,2
30202,3
30205,1
30208,1
30214,2
30215,1
30220,1
30227,1
30228,1
30233,1
30234,2
30237,1
30240,1
30246,1
30247,2
30252,2
30253,3
30256,2
30266,2
30272,3
30278,1
30285,3
30288,1
30298,2
30304,4
30310,3
30313,1
30317,1
30339,2
30342,1
30343,1
30349,1
30355,2
30361,2
30362,1
30368,3
30371,2
30372,1
30375,2
30378,2
30381,1
30387,2
30388,1
30393,2
30400,3
30403,1
30404,1
30406,1
30413,4
30425,1
30426,2
30432,4
30438,1
30444,1
30448,2
30451,1
30457,1
30464,2
30471,1
30483,1
30489,2
30496,1
30502,4
30506,2
30509,1
30515,1
30521,1
30522,1
30541,2
30544,1
30547,2
30548,1
30551,1
30560,1
30566,2
30570,1
30573,4
30580,1
30585,2
30586,1
30592,1
30598,1
30605,1
30608,1
30611,1
30614,1
30617,2
30618,1
30624,1
30627,2
30630,1
30631,1
30636,1
30637,1
30643,1
30646,2
30656,1
30663,3
30666,1
30669,2
30675,1
30676,1
30681,1
30691,1
30694,1
30701,1
30713,2
30714,2
30720,2
30726,3
30727,1
30729,1
30732,2
30733,2
30736,1
30739,1
30743,1
30745,1
30758,2
30771,1
30778,2
30781,2
30784,4
30790,1
30791,1
30794,1
30796,1
30797,3
30800,1
30803,2
30804,1
30809,1
30810,3
30816,3
30819,1
30822,2
30825,1
30828,1
30829,2
30835,2
30845,1
30854,1
30857,1
30860,1
30861,2
30864,1
30867,1
30873,1
30880,1
30886,1
30887,1
30890,1
30893,3
30899,1
30906,1
30912,2
30925,4
30937,2
30938,1
30941,1
30944,3
30963,3
30967,1
30970,2
30972,1
30973,1
30976,3
30983,1
30989,1
30995,1
30996,1
30998,1
31001,1
31005,1
31008,2
31020,1
31021,2
31024,1
31027,1
31033,1
31037,1
31040,2
31046,2
31047,1
31050,1
31053,1
31062,1
31063,1
31066,1
31069,2
31072,1
31075,1
31078,2
31079,2
31084,1
31085,1
31088,1
31091,2
31098,1
31104,1
31108,1
31110,2
31111,2
31113,1
31117,3
31123,2
31127,1
31130,4
31136,3
31142,1
31143,1
31146,1
31149,2
31152,1
31155,1
31161,1
31162,2
31181,2
31187,1
31188,1
31194,2
31200,4
31203,1
31206,2
31207,2
31212,2
31213,2
31219,2
31226,1
31232,2
31235,2
31236,1
31238,2
31239,1
31245,1
31251,4
31254,1
31257,3
31258,1
31261,1
31267,1
31270,1
31271,1
31274,1
31277,2
31283,3
31284,1
31287,1
31289,3
31290,1
31296,5
31300,1
31302,1
31303,2
31306,1
31312,1
31315,1
31322,1
31324,1
31325,1
31328,4
31332,1
31334,2
31337,1
31341,1
31344,1
31347,1
31353,3
31360,1
31366,1
31372,1
31373,1
31379,3
31382,1
31386,1
31392,4
31398,3
31399,1
31405,1
31411,3
31412,1
31418,1
31421,2
31424,5
31427,1
31434,1
31436,1
31437,6
31443,1
31444,1
31449,2
31452,2
31453,1
31456,4
31462,2
31465,1
31469,2
31472,1
31475,2
31481,2
31482,1
31488,3
31494,3
31495,1
31501,2
31504,1
31507,1
31513,1
31514,1
31517,1
31520,2
31527,1
31529,1
31530,1
31532,1
31533,1
31539,4
31546,1
31552,2
31555,1
31558,2
31559,1
31564,3
31565,2
31574,1
31578,2
31584,2
31590,2
31591,2
31597,1
31603,4
31610,3
31616,1
31622,1
31635,2
31636,1
31642,2
31648,1
31657,1
31661,3
31664,1
31667,2
31671,1
31674,1
31686,4
31693,1
31699,2
31700,1
31706,3
31712,1
31718,2
31719,2
31725,1
31728,2
31731,1
31737,1
31738,1
31744,2
31750,1
31751,2
31763,2
31770,2
31776,5
31782,1
31783,1
31792,1
31801,2
31802,5
31805,1
31808,1
31811,2
31814,3
31815,3
31821,1
31824,1
31833,2
31834,2
31840,2
31846,1
31847,2
31853,3
31859,6
31860,3
31865,1
31866,1
31872,1
31878,3
31879,1
31885,3
31888,2
31891,4
31898,1
31901,1
31904,6
31910,2
31914,1
31917,1
31920,1
31924,1
31926,2
31929,1
31933,1
31936,4
31948,1
31949,3
31955,1
31968,2
31974,2
31980,2
31981,1
31987,3
31988,1
31991,1
31993,2
32000,1
32013,1
32019,1
32022,1
32025,2
32026,1
32032,4
32039,1
32045,2
32048,2
32051,1
32052,1
32064,1
32067,1
32071,1
32077,2
32083,1
32096,3
32102,4
32103,2
32115,1
32116,1
32122,1
32128,2
32131,1
32134,1
32135,2
32141,1
32147,2
32153,1
32154,3
32157,1
32160,1
32166,1
32170,1
32172,1
32176,1
32179,2
32192,3
32199,2
32202,1
32204,1
32211,2
32217,2
32224,1
32230,2
32236,1
32237,1
32243,4
32256,3
32259,1
32263,2
32265,1
32269,2
32276,2
32278,1
32281,1
32288,4
32294,2
32298,1
32314,2
32329,1
32332,1
32333,1
32345,1
32352,1
32358,1
32359,1
32371,1
32377,1
32378,2
32384,4
32407,1
32409,1
32416,1
32422,2
32429,1
32435,1
32438,1
32441,1
32442,1
32448,1
32454,1
32461,2
32464,1
32467,1
32468,1
32473,1
32474,1
32480,1
32496,1
32499,3
32505,2
32512,1
32515,1
32518,3
32519,2
32525,1
32528,1
32531,3
32532,1
32537,2
32544,1
32547,1
32550,1
32556,1
32557,4
32560,1
32563,1
32564,1
32569,1
32570,1
32582,3
32583,2
32585,1
32586,1
32588,1
32589,2
32596,1
32598,1
32601,1
32602,1
32608,2
32612,1
32614,3
32621,2
32624,1
32627,3
32628,1
32634,2
32637,1
32640,6
32643,1
32646,2
32659,1
32665,2
32666,3
32672,1
32675,1
32678,1
32684,1
32691,1
32694,1
32697,1
32704,4
32710,2
32716,1
32717,1
32720,1
32730,1
32733,1
32736,3
32740,1
32742,2
32743,1
32746,1
32749,2
32755,2
32756,1
32762,1
32768,1
32774,1
32781,2
32787,4
32793,1
32794,1
32800,1
32806,2
32816,2
32819,2
32820,1
32825,2
32826,1
32832,1
32842,1
32845,2
32848,1
32851,3
32855,1
32857,1
32870,1
32871,2
32876,1
32877,4
32883,2
32889,1
32890,1
32896,1
32905,1
32908,1
32909,2
32915,1
32921,1
32922,2
32928,4
32934,5
32947,2
32948,1
32953,1
32954,1
32963,1
32966,1
32967,3
32972,2
32973,3
32979,1
32980,1
32985,1
32992,1
32999,2
33001,1
33005,1
33008,1
33011,2
33012,1
33015,1
33017,4
33024,2
33030,1
33031,1
33043,2
33049,2
33050,1
33056,3
33062,1
33063,1
33066,1
33068,1
33069,1
33072,2
33075,2
33076,1
33081,1
33082,1
33088,1
33091,1
33094,1
33107,1
33108,1
33111,1
33113,3
33120,1
33126,1
33127,1
33133,2
33140,1
33145,1
33146,1
33149,1
33152,2
33158,1
33159,1
33161,1
33165,1
33171,1
33174,1
33177,2
33178,1
33190,1
33191,1
33197,1
33203,2
33206,1
33209,1
33210,2
33216,2
33220,1
33222,2
33229,1
33235,1
33239,1
33241,1
33242,1
33244,1
33245,3
33248,4
33251,2
33254,2
33255,1
33260,1
33267,2
33277,2
33284,1
33286,4
33293,1
33296,1
33299,2
33300,3
33305,1
33306,1
33309,1
33312,4
33316,1
33318,1
33319,1
33325,2
33328,1
33332,1
33337,1
33338,2
33340,1
33344,1
33350,1
33351,2
33354,1
33356,3
33357,2
33363,1
33369,1
33395,1
33396,1
33408,1
33421,1
33424,1
33427,1
33431,1
33433,2
33434,2
33440,3
33443,1
33446,2
33447,2
33450,1
33453,1
33459,1
33463,1
33465,1
33466,2
33468,1
33472,2
33478,1
33479,1
33481,1
33482,1
33485,2
33491,2
33492,1
33494,1
33495,1
33498,2
33504,2
33517,4
33530,1
33533,1
33536,1
33542,2
33549,2
33555,2
33562,1
33568,4
33574,2
33575,1
33587,1
33590,1
33593,2
33594,5
33597,1
33606,2
33607,2
33612,1
33613,2
33619,2
33625,2
33626,1
33629,1
33632,3
33635,1
33639,3
33648,2
33657,1
33658,6
33664,1
33680,1
33683,1
33689,1
33690,2
33696,1
33699,2
33702,1
33703,2
33708,1
33709,1
33712,1
33715,1
33719,1
33721,1
33722,1
33728,4
33731,1
33740,1
33741,2
33747,3
33750,1
33760,1
33767,1
33773,2
33780,1
33785,3
33786,1
33789,1
33792,5
33795,1
33805,1
33814,1
33818,2
33824,2
33834,1
33837,1
33843,2
33849,2
33856,2
33862,2
33863,1
33869,1
33875,2
33878,1
33881,1
33888,3
33894,1
33901,2
33907,2
33910,1
33913,1
33914,2
33920,2
33927,1
33940,1
33946,2
33948,1
33949,1
33952,2
33955,1
33958,4
33971,4
33972,2
33984,3
33987,1
33997,1
34010,2
34016,3
34019,1
34025,1
34028,2
34035,2
34041,1
34042,1
34048,2
34051,1
34054,2
34058,1
34061,3
34067,3
34068,1
34074,2
34080,3
34086,1
34087,2
34093,2
34099,2
34100,2
34102,1
34105,1
34106,1
34112,1
34118,3
34121,1
34125,1
34128,1
34131,1
34137,1
34138,2
34144,3
34150,2
34151,2
34154,1
34157,1
34160,1
34163,2
34164,1
34169,1
34176,4
34182,1
34183,1
34188,2
34189,3
34192,1
34195,2
34196,1
34198,1
34202,3
34208,2
34211,1
34221,1
34224,1
34227,3
34233,1
34234,2
34240,3
34246,1
34247,1
34252,1
34253,1
34256,1
34265,1
34266,1
34272,3
34279,1
34285,1
34291,2
34298,2
34304,2
34310,2
34314,1
34317,1
34320,1
34323,2
34324,1
34336,3
34345,1
34346,1
34355,1
34356,1
34362,2
34365,1
34368,2
34371,1
34374,1
34375,1
34381,2
34387,3
34388,1
34393,1
34397,2
34406,1
34412,2
34413,1
34419,5
34425,1
34426,2
34428,1
34432,1
34442,1
34445,3
34454,1
34455,1
34458,1
34464,2
34468,1
34470,2
34471,1
34483,4
34486,1
34496,2
34500,1
34502,1
34506,1
34515,2
34521,3
34522,1
34528,1
34531,1
34534,5
34535,2
34541,1
34547,6
34550,1
34554,1
34560,2
34566,1
34567,1
34573,3
34579,3
34580,1
34586,1
34589,1
34592,5
34605,2
34608,1
34611,1
34612,2
34614,2
34615,1
34618,1
34624,4
34640,1
34643,3
34644,1
34649,1
34650,2
34656,2
34659,3
34669,2
34675,4
34679,1
34685,1
34691,1
34692,1
34694,1
34695,1
34701,7
34707,4
34708,1
34710,1
34714,1
34720,2
34726,1
34730,1
34736,1
34739,2
34742,1
34745,2
34746,2
34765,3
34771,1
34775,1
34777,1
34784,1
34790,1
34797,1
34803,2
34804,1
34806,1
34809,2
34810,3
34813,2
34816,4
34823,2
34828,1
34829,2
34832,2
34835,3
34838,1
34842,1
34845,2
34848,3
34861,1
34867,1
34868,1
34880,3
34883,2
34886,3
34892,1
34893,2
34899,1
34900,1
34905,1
34912,6
34925,1
34931,1
34938,1
34950,1
34956,2
34957,2
34960,1
34963,2
34966,1
34969,1
34976,2
34982,1
34986,1
34988,1
34989,2
34995,3
35001,3
35004,1
35008,2
35011,2
35014,3
35015,1
35024,1
35028,4
35030,1
35033,2
35034,1
35040,3
35053,2
35059,2
35060,1
35062,1
35063,1
35065,1
35072,2
35075,1
35078,1
35079,1
35085,2
35088,1
35091,3
35097,1
35098,1
35101,1
35104,1
35117,1
35127,1
35130,1
35136,3
35142,1
35143,3
35149,1
35155,2
35161,1
35162,1
35165,1
35168,1
35171,1
35175,1
35187,3
35193,2
35194,2
35200,1
35206,1
35209,1
35210,1
35213,4
35216,1
35219,2
35223,1
35226,1
35232,2
35241,1
35244,3
35245,4
35251,2
35252,1
35258,1
35267,1
35277,3
35280,2
35283,3
35289,1
35296,2
35299,2
35302,1
35303,2
35315,3
35321,1
35322,4
35328,1
35334,1
35335,1
35340,1
35341,1
35344,1
35353,1
35354,1
35360,4
35363,1
35366,4
35367,2
35372,1
35379,1
35385,1
35386,1
35392,1
35395,1
35411,2
35421,2
35424,1
35427,1
35431,1
35436,1
35437,1
35443,1
35444,1
35453,1
35456,1
35459,1
35463,1
35469,2
35472,1
35475,2
35482,1
35488,2
35491,1
35504,1
35507,1
35508,2
35514,1
35517,1
35520,2
35526,2
35533,1
35539,3
35540,1
35546,1
35552,1
35558,2
35559,1
35565,2
35571,2
35574,1
35578,1
35581,2
35584,1
35590,2
35600,1
35603,2
35606,1
35616,2
35622,4
35625,1
35628,1
35629,1
35635,4
35638,2
35641,2
35642,2
35648,4
35654,1
35655,1
35657,1
35660,1
35661,1
35664,1
35673,1
35674,1
35680,6
35686,3
35687,2
35696,2
35705,2
35706,1
35709,1
35712,2
35715,1
35716,1
35718,1
35719,2
35721,1
35724,1
35725,1
35731,5
35738,4
35741,1
35744,4
35747,1
35754,1
35756,1
35757,3
35760,1
35763,3
35764,1
35769,1
35770,1
35776,1
35782,1
35783,1
35788,1
35789,1
35792,1
35795,3
35796,1
35801,2
35808,6
35814,1
35815,3
35817,1
35821,2
35827,3
35828,1
35833,1
35834,3
35837,1
35840,2
35846,1
35850,1
35852,2
35853,1
35856,1
35859,6
35865,1
35866,1
35872,1
35881,2
35885,4
35891,2
35892,1
35898,2
35901,1
35910,1
35911,2
35917,2
35923,1
35924,1
35929,1
35930,1
35932,1
35936,2
35939,1
35942,2
35943,1
35949,1
35952,1
35956,2
35962,2
35965,1
35968,3
35974,2
35975,1
35978,1
35981,2
35987,2
35988,1
35994,2
36000,2
36003,1
36009,1
36012,1
36016,1
36025,2
36026,1
36032,3
36035,1
36038,1
36041,1
36045,1
36051,3
36052,2
36058,1
36070,1
36071,1
36076,1
36077,2
36080,1
36083,2
36087,1
36089,3
36090,1
36093,2
36096,2
36102,3
36109,3
36115,3
36121,1
36128,1
36131,1
36134,2
36135,1
36141,2
36147,2
36148,1
36150,1
36153,2
36154,1
36160,1
36179,2
36183,1
36186,1
36189,1
36198,2
36211,2
36214,2
36218,2
36221,1
36224,2
36230,1
36231,1
36237,1
36243,1
36249,2
36250,1
36253,1
36256,3
36266,2
36269,1
36272,1
36275,3
36281,1
36285,1
36288,1
36295,3
36301,3
36307,1
36308,1
36310,1
36313,1
36314,1
36320,3
36326,4
36327,1
36333,1
36339,1
36352,1
36355,1
36358,1
36365,3
36368,1
36371,2
36374,1
36377,1
36378,2
36384,1
36390,1
36391,2
36394,1
36397,1
36403,1
36412,1
36416,3
36419,2
36422,1
36423,2
36428,1
36429,2
36432,1
36435,4
36441,4
36442,1
36454,1
36455,1
36467,1
36473,1
36474,1
36480,2
36487,1
36489,1
36490,1
36492,1
36496,1
36499,2
36500,1
36503,1
36508,1
36512,1
36519,1
36521,1
36525,1
36531,1
36538,1
36544,1
36557,1
36560,2
36563,3
36569,4
36576,3
36579,1
36582,2
36583,1
36589,4
36595,1
36596,1
36601,1
36602,2
36608,3
36614,5
36615,2
36617,1
36620,1
36621,4
36627,2
36633,1
36637,2
36640,2
36643,1
36646,2
36647,3
36653,1
36660,2
36662,1
36665,2
36672,1
36679,2
36681,1
36685,1
36688,1
36691,3
36697,1
36704,2
36714,1
36739,1
36742,1
36743,1
36746,1
36748,1
36749,4
36755,2
36761,1
36762,3
36768,2
36771,1
36775,1
36781,3
36787,2
36790,1
36791,1
36793,3
36794,1
36800,2
36812,2
36813,1
36816,1
36819,1
36826,3
36832,3
36838,2
36839,1
36845,2
36848,1
36851,6
36854,1
36857,1
36858,3
36861,2
36870,1
36871,1
36874,1
36876,1
36877,1
36880,1
36883,1
36889,1
36890,1
36893,2
36902,2
36903,1
36909,3
36912,1
36915,1
36922,1
36928,2
36934,3
36941,3
36947,3
36954,2
36960,2
36966,1
36967,3
36970,1
36973,1
36979,3
36982,1
36985,1
36986,2
36992,1
36999,1
37005,3
37011,1
37012,1
37018,2
37021,1
37024,4
37030,4
37031,2
37037,4
37040,1
37046,1
37049,1
37050,1
37056,2
37059,2
37065,1
37066,1
37075,2
37082,3
37085,1
37088,5
37091,1
37094,1
37101,4
37107,2
37108,1
37113,2
37120,3
37123,1
37126,3
37127,1
37133,2
37136,1
37139,1
37142,1
37146,1
37149,1
37152,4
37155,1
37158,2
37165,1
37171,3
37177,1
37184,4
37187,2
37190,3
37191,1
37196,1
37197,3
37203,3
37209,1
37212,1
37213,1
37216,6
37219,1
37222,1
37223,1
37229,1
37235,1
37238,1
37239,1
37241,1
37242,1
37248,2
37254,1
37260,1
37261,2
37264,1
37267,3
37268,2
37273,2
37274,2
37280,1
37283,1
37286,3
37287,6
37293,3
37299,2
37305,1
37306,2
37308,1
37312,4
37318,1
37319,2
37324,1
37328,1
37331,5
37337,3
37341,1
37344,4
37350,2
37351,1
37357,3
37363,3
37366,1
37370,1
37382,2
37383,1
37386,1
37388,2
37395,1
37396,3
37401,1
37402,1
37408,2
37414,2
37415,1
37418,1
37421,2
37424,1
37427,1
37434,4
37437,1
37440,1
37449,1
37452,1
37459,2
37465,1
37466,2
37469,1
37472,1
37478,1
37482,1
37485,1
37491,2
37492,1
37498,1
37504,3
37510,1
37513,1
37520,1
37526,1
37530,3
37536,3
37542,1
37543,1
37549,2
37555,2
37562,1
37565,1
37568,3
37574,1
37581,4
37584,1
37587,3
37588,1
37596,2
37600,5
37606,4
37607,1
37613,1
37626,4
37632,3
37638,3
37642,1
37648,1
37651,1
37652,1
37657,3
37661,1
37664,2
37670,4
37674,1
37676,3
37683,1
37693,1
37696,3
37712,3
37715,2
37722,1
37728,4
37740,1
37741,1
37747,5
37753,1
37760,5
37766,3
37767,2
37773,3
37779,1
37783,1
37786,1
37788,1
37792,1
37805,3
37811,3
37812,2
37817,2
37818,1
37824,3
37827,1
37830,1
37831,1
37834,1
37837,2
37840,1
37843,1
37850,2
37856,2
37869,4
37872,1
37875,1
37882,4
37888,3
37894,1
37895,2
37900,1
37901,2
37907,1
37908,1
37913,1
37914,3
37917,1
37924,1
37926,4
37932,1
37933,2
37936,1
37940,1
37946,1
37952,2
37965,3
37971,1
37972,1
37977,2
37981,1
37984,2
37991,2
37996,3
37997,1
38000,1
38003,1
38009,1
38016,1
38022,2
38029,4
38035,2
38041,2
38048,3
38051,1
38054,1
38061,4
38067,7
38074,2
38086,6
38087,3
38093,3
38099,1
38102,1
38105,1
38106,3
38108,1
38109,2
38112,3
38118,3
38121,1
38124,1
38128,1
38131,3
38138,1
38144,3
38150,1
38156,1
38157,1
38160,1
38163,2
38169,3
38176,4
38179,1
38183,3
38186,1
38189,1
38195,1
38196,1
38201,3
38202,1
38204,1
38205,2
38208,2
38212,1
38214,4
38215,1
38220,3
38221,2
38227,6
38228,1
38231,1
38233,1
38234,3
38240,2
38246,2
38252,1
38253,3
38256,1
38259,2
38265,1
38272,2
38275,2
38278,1
38279,1
38284,1
38285,2
38292,2
38297,2
38298,1
38304,3
38311,3
38317,2
38323,2
38330,2
38336,3
38339,1
38349,2
38352,2
38356,2
38362,1
38364,1
38368,3
38374,2
38375,2
38380,1
38381,8
38388,2
38393,1
38394,1
38400,2
38406,1
38407,1
38416,1
38419,4
38425,1
38432,1
38435,1
38436,1
38438,2
38442,1
38444,1
38445,1
38451,3
38455,1
38458,1
38464,1
38474,1
38476,1
38477,4
38480,1
38484,1
38487,2
38489,1
38490,1
38499,1
38502,3
38508,2
38515,1
38516,1
38521,2
38522,2
38528,2
38540,1
38541,6
38548,1
38553,1
38557,1
38560,3
38566,1
38567,3
38570,1
38573,2
38579,4
38580,1
38586,4
38592,6
38598,1
38599,1
38605,2
38617,1
38618,1
38627,1
38630,2
38631,1
38636,1
38637,1
38640,1
38643,3
38644,1
38656,1
38659,1
38662,2
38663,2
38666,1
38669,1
38672,1
38676,1
38682,1
38688,1
38691,1
38694,1
38697,1
38701,2
38707,4
38713,1
38714,1
38717,1
38720,2
38726,2
38733,1
38739,2
38740,1
38746,2
38752,4
38758,2
38759,1
38762,1
38765,1
38771,1
38772,1
38775,2
38778,2
38784,1
38790,1
38791,1
38803,1
38804,1
38806,1
38809,1
38813,2
38816,3
38820,1
38822,1
38823,1
38829,2
38835,1
38836,1
38838,1
38841,2
38842,2
38848,3
38855,2
38861,1
38867,1
38868,1
38870,1
38873,1
38874,3
38886,2
38889,1
38893,1
38899,2
38900,1
38905,2
38906,2
38909,1
38912,2
38915,1
38916,1
38918,1
38919,3
38924,1
38925,4
38931,4
38934,1
38937,2
38938,1
38940,1
38944,4
38947,1
38950,1
38957,2
38963,3
38966,1
38976,2
38979,1
38982,1
38983,1
38986,1
38989,1
38992,1
38995,3
39001,3
39002,3
39008,4
39015,1
39021,5
39027,2
39033,1
39040,4
39047,1
39053,2
39059,1
39066,1
39072,3
39075,1
39078,2
39082,1
39085,3
39088,1
39097,2
39098,2
39104,1
39110,5
39111,1
39117,6
39123,5
39124,1
39130,1
39132,1
39136,1
39142,4
39146,1
39148,1
39152,1
39162,3
39168,1
39171,1
39175,1
39177,1
39181,1
39187,1
39193,1
39200,2
39203,1
39206,1
39213,2
39216,1
39225,1
39228,1
39232,2
39238,1
39245,1
39248,1
39252,1
39258,4
39264,2
39270,1
39271,1
39277,5
39280,1
39283,2
39284,1
39290,2
39296,4
39302,2
39309,1
39315,1
39321,1
39322,1
39328,2
39334,1
39335,1
39340,1
39341,1
39347,3
39348,1
39353,2
39363,1
39366,1
39369,1
39376,1
39379,6
39385,1
39386,4
39392,4
39398,1
39399,2
39402,1
39405,1
39412,1
39418,2
39421,1
39424,1
39427,1
39430,2
39431,1
39437,3
39443,1
39449,1
39450,1
39456,2
39462,1
39463,2
39469,1
39472,1
39482,1
39494,2
39501,3
39504,1
39507,1
39513,1
39514,1
39517,1
39520,1
39526,1
39527,2
39533,3
39539,3
39540,1
39545,1
39552,1
39562,1
39565,1
39571,2
39578,1
39584,1
39587,1
39590,3
39591,3
39594,1
39596,1
39597,2
39600,1
39613,1
39619,1
39622,1
39628,1
39629,1
39642,2
39648,1
39657,1
39661,2
39667,1
39674,3
39686,2
39687,1
39690,1
39693,2
39699,3
39705,2
39706,4
39716,1
39719,1
39722,1
39724,1
39728,1
39731,3
39732,1
39737,2
39738,1
39750,1
39756,1
39757,6
39763,3
39766,1
39770,2
39773,1
39782,2
39783,2
39789,1
39795,2
39801,4
39805,2
39808,2
39821,1
39827,3
39833,3
39834,4
39837,1
39843,2
39847,1
39852,1
39859,1
39866,1
39872,2
39878,2
39879,1
39884,1
39885,6
39888,1
39891,2
39901,1
39904,2
39910,1
39911,1
39914,1
39916,1
39917,1
39924,1
39929,1
39930,2
39933,1
39936,3
39942,5
39943,1
39949,2
39955,2
39956,1
39962,2
39968,5
39980,2
39994,1
40000,2
40003,1
40006,2
40012,1
40013,2
40019,2
40026,1
40028,1
40032,2
40038,2
40039,5
40045,1
40051,2
40052,1
40057,2
40058,1
40064,1
40070,2
40071,1
40073,1
40077,4
40083,4
40089,2
40090,2
40093,1
40096,2
40099,1
40102,2
40103,1
40108,1
40109,5
40115,4
40116,2
40119,1
40122,1
40128,2
40134,3
40135,1
40140,1
40141,2
40147,1
40148,1
40151,1
40153,1
40154,1
40160,1
40163,2
40166,3
40170,1
40172,1
40173,1
40179,2
40186,1
40189,1
40192,1
40196,1
40199,2
40204,1
40205,2
40208,1
40211,2
40215,1
40224,3
40230,2
40236,1
40237,2
40240,1
40243,1
40246,1
40249,1
40250,2
40253,1
40256,3
40262,1
40269,2
40275,3
40281,1
40282,3
40285,1
40288,3
40294,3
40298,1
40300,1
40301,7
40307,1
40308,1
40313,1
40314,2
40317,1
40320,2
40326,1
40327,2
40333,2
40346,2
40352,6
40358,1
40359,1
40371,3
40384,1
40390,1
40391,3
40393,1
40403,3
40404,1
40409,1
40410,1
40413,1
40429,3
40432,2
40435,1
40441,2
40442,2
40448,1
40454,2
40455,1
40460,1
40467,2
40473,2
40474,1
40486,1
40487,3
40493,1
40499,2
40500,1
40502,1
40505,3
40512,3
40515,1
40518,4
40519,3
40524,2
40531,2
40544,2
40551,1
40557,2
40567,2
40569,1
40576,2
40582,2
40583,2
40585,1
40592,2
40601,1
40602,2
40608,2
40614,2
40615,1
40630,1
40633,1
40634,1
40636,1
40640,3
40644,1
40646,1
40647,2
40649,1
40653,1
40659,1
40666,3
40672,4
40678,5
40679,1
40685,3
40688,1
40691,2
40695,1
40698,2
40704,4
40707,2
40710,1
40717,2
40723,2
40730,3
40736,5
40742,2
40743,1
40748,2
40749,3
40762,4
40768,1
40781,1
40784,2
40793,1
40806,1
40807,2
40813,2
40819,1
40825,1
40826,1
40838,2
40839,2
40844,2
40845,3
40848,1
40851,1
40852,1
40855,1
40857,1
40858,1
40860,1
40861,1
40864,3
40871,1
40874,1
40876,1
40877,2
40884,2
40890,1
40892,1
40893,1
40896,3
40902,1
40908,1
40909,2
40915,1
40922,1
40924,1
40928,2
40947,1
40948,1
40960,2
40966,1
40967,1
40973,1
40979,6
40982,1
40985,1
40986,1
41004,1
41005,1
41011,2
41017,1
41018,2
41024,1
41030,1
41036,1
41037,1
41043,3
41053,1
41056,2
41063,2
41066,1
41068,1
41069,4
41075,4
41076,1
41082,1
41088,1
41094,1
41095,2
41101,1
41107,2
41113,2
41114,3
41126,1
41127,1
41129,1
41132,1
41133,2
41139,2
41142,1
41152,2
41158,2
41164,1
41171,2
41172,1
41177,1
41178,1
41181,1
41184,2
41187,1
41190,1
41197,2
41200,1
41203,1
41209,1
41210,1
41220,1
41222,2
41228,1
41229,1
41235,1
41236,1
41242,2
41254,4
41255,1
41258,1
41261,3
41267,3
41274,3
41280,4
41283,2
41284,1
41286,1
41287,1
41292,1
41299,1
41306,2
41308,1
41312,2
41319,1
41331,2
41332,1
41334,1
41338,3
41344,5
41350,2
41363,3
41364,2
41369,1
41370,2
41376,2
41383,1
41395,1
41401,1
41412,1
41421,1
41427,2
41428,1
41433,1
41434,2
41440,2
41443,1
41447,1
41453,2
41456,1
41459,1
41465,1
41466,1
41469,1
41472,3
41478,1
41485,1
41491,4
41492,1
41497,1
41498,4
41504,3
41507,1
41510,1
41523,4
41524,1
41529,2
41530,2
41536,5
41546,1
41549,1
41552,1
41555,2
41561,1
41568,3
41574,1
41580,1
41581,3
41587,1
41588,1
41593,1
41594,2
41600,1
41603,2
41606,3
41607,3
41613,3
41616,1
41619,2
41622,2
41623,1
41625,1
41629,2
41639,2
41641,1
41652,1
41655,1
41657,1
41658,2
41664,3
41670,1
41671,3
41673,1
41676,1
41677,4
41689,1
41699,1
41703,1
41708,1
41709,1
41715,1
41719,1
41721,1
41722,2
41728,3
41731,1
41738,1
41741,1
41747,1
41753,1
41754,2
41760,3
41763,1
41766,4
41767,1
41773,2
41779,1
41782,1
41783,1
41785,1
41786,3
41789,1
41792,2
41798,1
41801,1
41805,1
41814,1
41817,2
41824,1
41830,2
41831,1
41836,2
41837,3
41840,1
41843,1
41850,2
41856,2
41860,1
41862,2
41863,2
41868,1
41879,1
41881,3
41882,2
41884,1
41885,1
41888,1
41901,1
41904,1
41910,1
41913,2
41914,1
41926,2
41927,2
41933,2
41936,2
41939,5
41942,1
41946,3
41949,1
41955,1
41958,1
41965,2
41971,2
41984,1
41987,1
41990,4
41991,1
41996,1
41997,3
42003,1
42006,1
42007,1
42010,3
42016,5
42022,1
42029,2
42032,2
42035,1
42036,1
42041,1
42044,1
42051,1
42054,1
42061,1
42067,1
42068,1
42070,1
42073,1
42076,1
42080,2
42083,1
42093,1
42099,1
42100,1
42106,1
42112,3
42115,1
42118,2
42119,2
42121,1
42131,1
42137,2
42138,3
42141,1
42147,1
42150,1
42157,1
42160,1
42164,1
42170,1
42176,2
42182,1
42189,2
42195,2
42196,1
42205,1
42208,1
42215,1
42218,1
42221,2
42224,2
42227,2
42228,1
42233,1
42240,3
42244,1
42246,1
42250,1
42253,1
42265,2
42266,1
42272,2
42278,1
42279,1
42285,1
42291,1
42297,1
42298,1
42307,1
42310,2
42311,1
42317,3
42323,2
42327,1
42330,2
42336,1
42342,1
42349,2
42355,1
42358,1
42362,1
42368,1
42374,2
42375,1
42380,1
42381,1
42384,1
42387,3
42400,2
42406,1
42412,1
42413,1
42416,1
42419,1
42420,1
42426,1
42429,1
42432,1
42436,1
42439,1
42444,1
42445,2
42451,3
42454,2
42457,1
42458,2
42464,2
42471,1
42473,1
42480,1
42483,1
42489,1
42496,1
42502,1
42503,3
42509,1
42515,1
42516,1
42528,1
42534,2
42535,1
42544,1
42547,2
42554,2
42560,3
42567,1
42572,1
42573,1
42579,2
42582,1
42585,1
42586,4
42592,2
42608,1
42611,1
42612,1
42617,1
42618,2
42624,1
42633,1
42637,1
42640,1
42643,1
42644,1
42649,1
42650,1
42656,2
42662,2
42663,2
42668,1
42669,2
42672,2
42681,2
42682,1
42688,3
42694,2
42695,1
42697,1
42698,2
42700,1
42701,6
42704,3
42707,1
42713,1
42714,2
42720,2
42723,1
42726,1
42727,1
42733,2
42736,1
42739,2
42740,2
42746,2
42748,1
42752,1
42758,4
42765,1
42771,1
42772,1
42778,1
42784,3
42791,1
42794,1
42803,1
42804,1
42806,1
42809,1
42810,2
42816,2
42823,3
42829,1
42835,2
42842,1
42848,2
42860,1
42867,1
42874,1
42880,2
42883,1
42886,2
42887,3
42890,1
42893,1
42899,4
42906,1
42909,1
42912,2
42915,1
42918,2
42919,3
42931,3
42937,3
42938,3
42944,3
42950,1
42956,1
42957,1
42960,2
42963,2
42964,1
42966,2
42969,2
42970,2
42973,1
42976,2
42982,1
42983,2
42995,2
43002,2
43008,1
43011,1
43014,2
43015,1
43017,1
43018,2
43021,1
43027,2
43033,2
43034,1
43040,2
43044,1
43046,1
43050,1
43059,2
43066,2
43072,1
43076,1
43081,1
43085,2
43097,2
43107,1
43110,3
43111,2
43117,2
43123,3
43130,1
43136,1
43142,1
43143,1
43152,2
43162,3
43168,4
43174,1
43175,1
43178,1
43181,4
43187,1
43194,1
43197,1
43200,2
43210,1
43213,4
43219,4
43220,1
43222,1
43225,1
43226,1
43232,5
43239,3
43245,1
43251,1
43257,1
43258,1
43260,1
43264,2
43273,1
43276,1
43277,1
43283,1
43289,2
43290,2
43296,4
43306,1
43308,1
43309,1
43315,3
43322,2
43328,4
43334,1
43341,1
43347,1
43348,1
43353,1
43360,1
43363,1
43366,2
43367,1
43372,1
43376,1
43379,1
43380,2
43392,3
43395,1
43404,2
43411,2
43412,1
43418,2
43424,2
43430,1
43437,2
43440,1
43450,2
43456,4
43460,1
43462,2
43463,1
43469,3
43475,1
43481,2
43482,1
43491,1
43494,3
43495,1
43500,1
43501,2
43508,1
43513,2
43514,1
43523,1
43526,1
43527,1
43533,1
43539,1
43540,1
43545,1
43559,1
43564,1
43571,1
43572,1
43577,3
43584,2
43596,1
43600,1
43610,1
43616,2
43622,1
43623,1
43628,1
43629,2
43635,1
43639,2
43641,2
43642,1
43648,6
43655,1
43658,2
43660,1
43661,2
43664,2
43667,4
43680,3
43686,1
43690,1
43692,1
43693,2
43699,1
43700,2
43703,1
43706,2
43709,1
43712,3
43724,1
43731,1
43732,1
43738,4
43744,6
43747,1
43750,1
43751,1
43757,1
43760,1
43763,2
43764,2
43776,5
43783,2
43786,1
43788,2
43789,2
43792,1
43799,1
43801,1
43802,1
43808,3
43820,2
43821,3
43827,4
43831,1
43833,1
43834,2
43837,1
43853,1
43859,1
43860,1
43862,1
43866,2
43872,3
43881,1
43882,1
43885,2
43891,1
43897,2
43904,1
43917,3
43920,1
43923,1
43930,2
43936,3
43949,1
43955,2
43962,1
43968,3
43974,2
43981,2
43984,1
43987,2
43988,1
43994,2
43997,1
44000,3
44006,2
44009,1
44013,2
44019,2
44022,2
44023,1
44025,2
44032,2
44036,1
44041,1
44044,1
44045,1
44051,1
44057,1
44064,3
44076,2
44077,1
44080,1
44083,1
44096,2
44103,1
44112,1
44115,2
44116,1
44121,1
44122,2
44128,3
44134,2
44141,2
44147,1
44148,1
44153,1
44154,1
44157,2
44160,2
44166,2
44167,2
44170,2
44172,1
44179,1
44180,1
44185,2
44186,1
44195,1
44205,1
44212,1
44217,1
44221,1
44224,2
44227,2
44228,1
44230,2
44237,2
44243,2
44244,1
44250,1
44256,1
44272,1
44275,1
44282,1
44285,1
44288,1
44291,1
44294,1
44295,2
44304,2
44308,1
44313,1
44314,1
44324,1
44326,3
44333,2
44339,1
44340,1
44345,1
44346,1
44352,1
44355,1
44358,1
44359,3
44364,1
44384,1
44390,2
44391,1
44393,1
44394,1
44397,2
44403,5
44410,3
44416,3
44422,1
44423,2
44426,1
44435,3
44441,3
44454,1
44460,1
44461,3
44464,1
44467,1
44474,2
44477,1
44480,2
44486,1
44487,1
44493,4
44499,2
44500,1
44506,1
44512,1
44515,1
44518,1
44524,2
44525,2
44528,1
44537,2
44538,1
44544,4
44550,1
44557,1
44560,1
44563,1
44564,2
44569,2
44570,1
44573,1
44576,5
44582,3
44588,1
44589,1
44595,3
44596,1
44601,1
44602,1
44608,2
44614,3
44617,2
44618,1
44621,3
44624,1
44627,1
44633,1
44640,3
44646,1
44647,1
44653,3
44659,1
44663,1
44666,1
44672,4
44676,1
44679,1
44685,2
44691,4
44697,1
44698,2
44704,3
44710,2
44717,1
44723,2
44724,2
44729,1
44730,3
44742,1
44743,1
44749,2
44755,2
44759,1
44765,2
44768,2
44778,1
44784,1
44787,2
44793,1
44794,3
44800,2
44806,3
44807,2
44813,2
44823,1
44826,2
44829,1
44832,2
44838,2
44845,3
44848,1
44851,2
44852,2
44857,1
44858,2
44864,1
44870,1
44877,1
44880,1
44883,3
44884,2
44889,1
44890,1
44905,1
44909,1
44915,2
44918,1
44937,1
44941,1
44947,1
44954,1
44957,1
44960,1
44966,2
44972,1
44980,1
44986,1
44998,2
45005,1
45008,1
45011,1
45014,1
45017,1
45024,2
45030,2
45031,1
45037,2
45040,1
45043,1
45050,4
45052,1
45053,1
45056,1
45059,1
45063,1
45065,1
45068,1
45069,2
45076,1
45081,1
45088,3
45095,1
45100,1
45101,2
45111,1
45114,5
45120,1
45126,1
45132,1
45133,2
45136,1
45140,1
45146,1
45158,2
45159,3
45162,2
45165,1
45172,1
45174,1
45177,1
45178,1
45180,1
45190,2
45191,1
45200,1
45206,1
45216,1
45226,1
45228,1
45229,2
45242,2
45248,6
45260,2
45261,1
45267,3
45270,1
45273,1
45274,1
45286,2
45292,1
45293,3
45296,1
45305,1
45306,1
45312,4
45318,2
45319,1
45322,1
45325,1
45328,1
45331,1
45338,1
45344,3
45347,1
45350,1
45351,2
45353,1
45360,1
45366,1
45369,4
45376,1
45388,2
45389,1
45396,2
45398,1
45401,2
45402,1
45408,2
45415,2
45417,1
45420,1
45427,3
45431,1
45437,1
45440,5
45446,1
45447,1
45450,1
45456,1
45459,1
45465,1
45466,1
45472,2
45478,1
45479,1
45491,2
45498,1
45510,2
45511,3
45517,2
45523,2
45527,1
45529,2
45532,1
45536,2
45542,2
45546,2
45548,1
45555,1
45556,1
45561,1
45562,1
45568,2
45581,1
45591,1
45594,1
45597,2
45600,2
45607,2
45619,4
45626,1
45628,1
45632,3
45639,1
45644,1
45651,2
45658,1
45661,1
45664,2
45670,2
45671,2
45676,2
45677,1
45683,1
45684,1
45686,1
45689,2
45696,2
45702,1
45708,1
45709,2
45722,1
45728,3
45741,2
45747,3
45748,1
45753,1
45757,1
45760,1
45766,1
45770,1
45773,2
45779,2
45785,1
45786,4
45789,1
45792,2
45795,1
45798,2
45804,1
45805,2
45811,3
45817,1
45818,3
45824,1
45827,1
45830,3
45834,1
45837,3
45843,2
45849,1
45856,1
45862,2
45869,1
45875,2
45885,2
45888,2
45894,1
45901,2
45907,2
45910,1
45913,1
45914,2
45920,1
45926,2
45932,1
45933,1
45939,1
45942,1
45945,1
45946,1
45952,1
45955,1
45958,1
45965,2
45971,3
45975,1
45977,1
45978,1
45980,1
45991,1
45994,1
45996,1
45997,2
46003,1
46009,1
46010,1
46022,2
46028,1
46035,1
46038,1
46041,1
46048,2
46054,2
46060,1
46061,1
46067,2
46073,2
46074,1
46080,4
46084,1
46086,2
46087,2
46092,1
46099,1
46105,1
46112,1
46119,2
46125,1
46128,1
46131,1
46134,1
46137,1
46138,1
46141,1
46144,1
46154,1
46156,2
46157,2
46160,1
46163,1
46164,1
46169,3
46170,1
46176,3
46185,1
46186,2
46189,1
46195,3
46201,1
46214,1
46218,1
46221,2
46227,1
46234,1
46240,2
46243,1
46246,1
46247,1
46252,2
46253,2
46259,1
46260,1
46263,1
46265,1
46272,1
46278,3
46282,1
46284,1
46285,2
46288,1
46300,1
46304,1
46310,5
46311,1
46317,1
46320,2
46323,6
46324,1
46329,2
46336,1
46352,1
46355,2
46361,2
46362,2
46368,2
46374,1
46380,1
46394,1
46400,3
46406,1
46413,1
46426,1
46432,1
46436,1
46438,3
46439,1
46442,1
46444,1
46445,4
46451,3
46452,2
46458,3
46461,1
46464,1
46470,1
46476,2
46477,1
46483,1
46484,1
46489,1
46490,1
46496,2
46502,2
46503,2
46512,2
46515,2
46521,2
46528,2
46534,1
46538,1
46541,2
46547,2
46548,2
46553,1
46554,2
46564,1
46566,1
46572,1
46573,1
46576,1
46579,1
46583,1
46592,3
46612,1
46618,1
46628,1
46630,2
46631,1
46633,1
46637,3
46649,1
46653,1
46662,2
46669,1
46675,2
46676,1
46681,1
46682,1
46688,2
46691,1
46698,1
46701,1
46707,1
46710,1
46713,2
46714,2
46720,1
46726,1
46746,1
46752,2
46758,1
46759,1
46771,1
46772,1
46774,1
46777,2
46778,1
46784,1
46797,1
46803,2
46804,1
46807,1
46809,1
46810,1
46816,2
46822,1
46823,2
46835,2
46839,2
46848,1
46855,1
46861,3
46867,2
46868,2
46874,1
46880,1
46883,1
46886,1
46887,1
46890,1
46893,1
46899,4
46905,1
46912,1
46918,2
46919,1
46924,1
46928,1
46931,2
46932,1
46935,1
46938,1
46944,2
46947,1
46950,1
46951,1
46954,1
46957,1
46976,2
46979,3
46982,1
46988,1
46995,2
47001,1
47002,1
47008,5
47015,2
47020,1
47027,1
47030,1
47034,2
47040,4
47046,1
47050,1
47059,2
47060,1
47062,1
47066,1
47072,1
47082,1
47085,1
47091,2
47095,1
47097,1
47098,2
47101,1
47104,1
47111,1
47117,1
47120,1
47123,2
47130,2
47136,1
47139,1
47142,1
47148,1
47149,2
47155,1
47156,1
47161,2
47162,5
47164,1
47165,1
47168,1
47175,1
47180,1
47184,1
47187,2
47194,1
47197,1
47206,1
47213,3
47216,2
47219,4
47222,1
47225,2
47226,2
47232,1
47238,1
47239,2
47255,1
47257,2
47261,2
47264,1
47271,2
47277,3
47280,1
47283,3
47292,1
47296,3
47303,1
47308,1
47309,4
47315,1
47321,1
47328,1
47334,1
47341,2
47347,5
47350,1
47353,2
47354,1
47356,1
47363,2
47372,2
47373,1
47379,2
47382,1
47385,1
47386,2
47392,2
47398,1
47399,2
47405,2
47411,2
47414,1
47424,2
47430,1
47431,1
47437,2
47440,2
47443,2
47449,1
47450,1
47453,1
47462,1
47469,2
47472,1
47475,4
47481,1
47482,1
47484,1
47488,2
47491,1
47495,1
47501,1
47507,1
47514,1
47532,1
47533,2
47539,3
47545,1
47552,3
47559,1
47561,1
47565,1
47571,1
47575,1
47581,1
47584,3
47590,3
47591,2
47593,1
47603,1
47606,1
47610,1
47616,5
47623,1
47629,2
47635,1
47642,2
47644,1
47645,1
47648,2
47651,1
47655,1
47661,1
47667,2
47674,1
47686,1
47692,1
47696,1
47699,1
47700,1
47705,1
47708,1
47712,3
47718,2
47719,1
47722,1
47725,2
47738,2
47744,2
47750,2
47753,1
47763,2
47769,1
47770,3
47776,3
47779,1
47782,2
47783,1
47786,1
47789,3
47795,1
47801,2
47808,1
47815,1
47827,1
47834,1
47840,2
47853,1
47856,1
47859,1
47860,2
47865,1
47872,4
47875,1
47878,1
47879,2
47882,1
47884,1
47885,1
47891,2
47892,1
47894,1
47897,1
47898,1
47904,2
47910,2
47916,1
47917,3
47923,2
47924,1
47930,2
47936,4
47942,1
47943,2
47949,1
47952,1
47956,1
47961,1
47962,1
47968,2
47971,1
47975,1
47981,1
47987,2
47994,3
47997,1
48000,1
48004,1
48006,2
48007,1
48010,1
48013,2
48016,1
48019,2
48025,1
48026,2
48032,3
48039,3
48045,1
48048,1
48051,1
48052,1
48067,2
48070,3
48071,1
48077,2
48084,1
48090,1
48092,1
48093,1
48096,2
48102,3
48103,3
48109,1
48115,1
48121,2
48122,3
48128,2
48134,1
48140,1
48147,2
48153,1
48160,1
48163,1
48167,1
48172,1
48173,2
48179,1
48183,1
48185,1
48186,1
48189,1
48192,3
48205,1
48211,1
48217,2
48221,1
48224,3
48230,1
48236,1
48237,1
48243,1
48250,1
48256,1
48262,1
48266,1
48269,1
48272,1
48278,1
48282,2
48294,1
48295,2
48301,1
48304,1
48307,1
48314,1
48317,1
48320,1
48323,1
48332,1
48333,2
48345,1
48346,1
48352,1
48356,1
48358,2
48359,1
48361,1
48364,1
48365,2
48371,2
48375,1
48378,1
48384,1
48390,1
48397,2
48403,1
48409,1
48413,1
48416,2
48419,1
48422,1
48423,2
48429,1
48435,2
48436,1
48442,2
48454,2
48461,3
48467,2
48474,2
48480,1
48486,1
48487,3
48493,4
48499,1
48509,1
48512,1
48524,1
48525,3
48528,1
48531,2
48538,1
48544,2
48550,2
48553,1
48557,1
48563,2
48564,1
48569,1
48570,2
48576,2
48582,2
48583,2
48588,1
48589,3
48595,3
48604,1
48608,3
48615,1
48617,1
48627,1
48628,1
48633,1
48634,3
48636,1
48640,2
48646,1
48647,1
48653,3
48659,1
48665,2
48666,1
48668,1
48679,1
48685,2
48691,2
48695,1
48697,3
48698,2
48701,1
48704,4
48710,3
48711,3
48716,2
48717,4
48720,1
48723,4
48724,1
48729,1
48730,2
48736,5
48742,1
48749,3
48755,1
48761,3
48762,2
48768,3
48774,3
48781,1
48787,2
48793,2
48797,1
48800,1
48826,1
48832,4
48835,2
48838,1
48839,1
48844,1
48845,2
48858,3
48864,2
48871,2
48877,2
48880,1
48883,2
48886,2
48890,2
48896,3
48899,1
48902,1
48909,1
48912,2
48915,2
48921,1
48922,2
48928,2
48934,1
48940,1
48941,1
48947,2
48948,1
48954,5
48960,2
48963,1
48966,1
48970,1
48979,2
48985,1
48986,1
48989,1
48992,3
48995,1
48998,1
49005,1
49011,2
49012,1
49017,1
49024,2
49030,1
49037,1
49040,1
49043,2
49044,1
49049,1
49050,1
49056,1
49062,1
49069,2
49075,2
49076,2
49079,1
49085,1
49088,2
49092,1
49100,1
49108,1
49120,3
49124,1
49127,1
49139,1
49145,1
49146,3
49152,5
49159,2
49165,2
49171,3
49177,2
49178,1
49181,1
49184,4
49190,1
49191,1
49197,2
49203,2
49216,3
49219,1
49222,2
49223,2
49229,3
49241,2
49248,3
49251,1
49254,1
49261,2
49264,2
49267,1
49268,1
49273,1
49274,1
49280,1
49286,1
49293,1
49299,1
49302,1
49306,1
49312,1
49315,1
49318,1
49319,1
49325,2
49331,1
49337,1
49341,1
49351,1
49357,2
49363,1
49369,1
49370,1
49376,2
49382,2
49386,1
49388,1
49389,2
49395,2
49398,1
49399,1
49402,4
49405,1
49408,3
49415,1
49418,1
49421,1
49424,1
49427,2
49434,1
49436,1
49440,2
49446,2
49450,1
49453,3
49465,3
49472,2
49478,5
49484,1
49485,2
49488,1
49491,2
49497,1
49504,1
49511,2
49517,1
49523,1
49530,3
49536,2
49543,1
49549,1
49555,2
49562,1
49574,3
49575,1
49580,1
49581,5
49590,1
49593,1
49594,1
49596,2
49600,2
49606,1
49616,1
49622,1
49626,2
49632,1
49635,2
49639,1
49645,2
49651,1
49655,1
49661,1
49664,3
49671,1
49677,2
49680,1
49683,2
49684,1
49687,1
49690,1
49696,2
49699,1
49703,1
49709,1
49712,1
49715,2
49716,1
49722,1
49728,2
49741,3
49747,1
49753,2
49754,1
49760,2
49766,1
49773,2
49780,1
49785,1
49786,2
49795,1
49798,1
49801,1
49805,1
49811,1
49812,1
49817,1
49818,1
49824,1
49830,1
49834,1
49837,1
49843,1
49844,1
49849,2
49850,5
49856,4
49859,1
49862,1
49866,1
49869,1
49875,1
49881,1
49882,1
49885,1
49888,2
49891,1
49894,1
49895,1
49901,1
49914,1
49920,1
49923,1
49926,2
49927,3
49933,2
49945,1
49946,2
49949,1
49952,1
49955,1
49958,2
49959,1
49968,1
49971,2
49975,1
49978,1
49984,2
49987,1
49990,1
49996,2
49997,2
50009,1
50010,1
50016,3
50022,3
50025,1
50029,3
50035,1
50041,3
50042,2
50055,2
50061,2
50073,1
50074,3
50080,2
50086,2
50087,2
50093,3
50096,1
50099,3
50105,2
50106,1
50109,1
50112,1
50118,2
50119,1
50128,1
50131,1
50141,2
50144,3
50151,1
50156,1
50157,1
50160,1
50163,2
50169,1
50170,1
50176,1
50182,2
50183,1
50189,4
50199,1
50202,2
50205,2
50208,2
50214,1
50221,2
50227,3
50233,1
50240,3
50244,1
50247,1
50253,1
50262,1
50263,1
50265,1
50269,1
50278,2
50279,1
50285,3
50291,4
50304,2
50310,4
50317,1
50320,1
50323,1
50326,1
50330,3
50333,1
50336,1
50348,2
50349,1
50352,3
50355,1
50358,1
50362,2
50368,2
50371,1
50374,3
50375,3
50381,1
50387,2
50394,2
50400,2
50403,2
50406,3
50407,2
50413,2
50416,1
50419,2
50425,1
50426,1
50432,1
50438,2
50444,1
50445,5
50448,1
50451,1
50457,2
50458,1
50461,2
50464,5
50471,1
50476,1
50477,2
50483,4
50486,1
50490,1
50493,1
50496,1
50502,4
50509,2
50528,3
50534,1
50535,1
50537,1
50541,1
50547,2
50553,2
50554,1
50557,1
50560,1
50563,1
50573,1
50585,2
50586,1
50592,3
50595,2
50598,1
50599,1
50604,1
50605,2
50611,1
50617,1
50618,1
50624,4
50630,1
50636,1
50637,2
50640,1
50643,3
50649,2
50650,1
50656,5
50659,2
50662,2
50669,1
50681,1
50682,3
50688,2
50695,1
50701,2
50707,5
50708,1
50714,1
50720,2
50723,1
50726,1
50727,1
50745,2
50752,1
50758,2
50765,1
50777,2
50778,1
50784,2
50790,2
50791,1
50803,2
50807,1
50809,1
50812,1
50813,1
50816,2
50822,2
50828,1
50836,1
50838,1
50842,2
50848,1
50858,1
50861,3
50864,2
50867,2
50873,1
50874,2
50880,2
50886,1
50887,2
50893,3
50899,2
50905,1
50906,3
50912,2
50918,2
50919,1
50928,1
50931,5
50935,1
50937,1
50938,1
50944,1
50950,1
50951,4
50954,1
50956,1
50963,2
50964,1
50969,1
50982,1
50983,1
50986,1
50989,2
50995,4
50998,1
51002,1
51005,1
51008,1
51011,1
51020,2
51021,1
51024,1
51027,1
51037,1
51043,2
51046,3
51047,3
51056,1
51059,1
51066,2
51072,3
51078,1
51079,2
51084,1
51085,1
51091,1
51094,1
51097,1
51098,2
51100,1
51104,2
51110,1
51116,1
51117,1
51126,1
51127,1
51130,1
51136,3
51142,2
51146,1
51148,1
51149,1
51155,2
51156,1
51158,1
51161,1
51162,1
51168,3
51174,1
51175,1
51180,1
51181,3
51187,2
51193,1
51197,2
51200,1
51203,1
51212,1
51213,1
51220,1
51225,1
51226,1
51229,1
51232,3
51235,1
51239,2
51245,1
51251,2
51252,2
51258,2
51270,2
51283,3
51286,1
51289,1
51296,2
51303,1
51308,1
51309,4
51315,1
51316,1
51321,1
51322,1
51328,2
51334,2
51335,2
51341,2
51357,1
51360,1
51373,1
51379,3
51383,1
51386,4
51392,2
51398,3
51399,2
51404,1
51405,5
51408,1
51411,3
51414,1
51417,1
51418,2
51424,1
51430,2
51431,1
51436,1
51437,4
51443,7
51449,1
51453,2
51456,2
51459,1
51462,2
51463,1
51468,1
51475,3
51478,1
51482,3
51488,3
51494,2
51495,1
51501,2
51507,2
51513,1
51514,3
51520,4
51526,1
51527,1
51532,1
51539,1
51546,1
51548,1
51552,2
51556,1
51558,2
51559,3
51562,1
51565,1
51571,2
51572,3
51578,2
51584,2
51590,1
51591,1
51593,1
51594,1
51597,3
51603,4
51609,1
51613,1
51616,3
51629,2
51635,1
51641,2
51645,1
51648,3
51651,1
51654,1
51655,1
51660,1
51667,1
51668,1
51673,3
51674,3
51677,1
51680,4
51686,2
51687,1
51693,2
51699,4
51706,2
51712,1
51715,1
51718,1
51721,1
51725,3
51731,2
51738,1
51744,2
51750,2
51751,1
51757,4
51770,3
51773,1
51776,1
51779,1
51783,1
51795,1
51796,1
51801,1
51802,1
51808,3
51814,4
51821,1
51827,3
51828,1
51831,1
51833,1
51834,2
51836,1
51840,1
51846,1
51847,1
51852,1
51862,1
51866,1
51872,2
51878,1
51885,2
51891,1
51892,1
51898,1
51904,1
51910,1
51911,1
51917,2
51923,1
51924,1
51926,2
51930,1
51936,3
51942,3
51943,1
51946,1
51949,2
51952,1
51955,4
51962,1
51968,1
51971,1
51974,1
51987,1
51988,1
51993,2
51994,2
52000,1
52006,3
52013,2
52019,4
52022,1
52025,1
52026,1
52032,1
52035,1
52038,1
52044,1
52045,1
52051,2
52057,1
52061,1
52064,3
52070,2
52073,1
52080,1
52083,2
52089,2
52090,1
52093,1
52102,3
52108,1
52115,4
52118,1
52122,2
52128,2
52134,2
52138,1
52141,3
52147,4
52160,1
52179,3
52180,1
52182,1
52185,1
52186,1
52199,2
52202,1
52205,1
52211,1
52215,1
52224,2
52237,1
52243,3
52249,1
52250,1
52256,2
52263,1
52269,6
52272,1
52275,3
52276,1
52281,3
52282,2
52288,2
52295,2
52297,1
52300,1
52301,2
52307,4
52311,1
52314,2
52320,2
52323,1
52326,3
52339,4
52345,2
52352,1
52355,1
52358,2
52368,1
52371,2
52378,1
52387,2
52390,1
52391,2
52394,2
52396,1
52397,1
52403,1
52404,1
52409,1
52410,2
52416,2
52419,1
52423,1
52429,1
52432,2
52435,2
52436,1
52438,1
52439,1
52442,2
52444,1
52448,2
52454,1
52458,1
52461,1
52474,1
52480,2
52486,1
52493,1
52499,2
52505,2
52506,4
52518,1
52525,2
52531,1
52532,1
52535,1
52538,1
52544,2
52550,1
52557,1
52563,2
52576,2
52582,1
52586,1
52589,1
52596,1
52598,1
52602,1
52615,1
52620,1
52621,2
52624,1
52627,1
52634,1
52640,2
52644,1
52653,2
52660,1
52666,1
52669,1
52672,4
52675,1
52681,1
52685,1
52692,1
52698,3
52704,2
52710,2
52711,1
52723,2
52730,1
52736,2
52743,1
52755,1
52762,1
52780,1
52784,2
52791,1
52793,3
52794,1
52803,1
52806,1
52807,1
52816,1
52819,1
52826,1
52829,1
52832,3
52835,1
52838,1
52839,2
52845,2
52851,5
52852,2
52854,1
52867,1
52870,1
52871,1
52873,1
52877,1
52880,2
52884,1
52889,1
52896,1
52902,2
52903,1
52909,1
52912,2
52915,1
52918,1
52928,1
52938,1
52941,2
52950,1
52953,2
52954,1
52956,1
52960,3
52966,3
52967,1
52973,2
52976,1
52986,1
53005,2
53011,1
53017,1
53024,1
53030,1
53037,2
53044,1
53049,1
53050,1
53056,1
53062,2
53069,1
53075,2
53078,1
53081,2
53082,3
53088,2
53094,1
53098,1
53104,1
53107,2
53113,1
53120,3
53126,1
53139,1
53152,1
53158,1
53159,1
53171,2
53177,1
53181,1
53184,1
53196,1
53203,1
53209,1
53210,1
53222,4
53226,1
53232,1
53235,1
53241,1
53242,1
53248,1
53251,2
53255,1
53261,1
53264,1
53267,2
53268,1
53280,3
53286,1
53292,1
53296,1
53300,1
53306,1
53312,1
53319,2
53331,1
53334,2
53337,1
53344,3
53350,1
53356,1
53370,2
53389,1
53395,2
53396,1
53401,1
53411,1
53414,2
53421,1
53424,1
53437,1
53440,3
53447,1
53450,1
53453,1
53456,1
53460,2
53463,1
53472,4
53475,1
53478,2
53485,1
53495,1
53498,2
53504,1
53510,2
53511,1
53513,2
53514,1
53517,1
53523,2
53527,1
53536,2
53542,1
53549,1
53558,1
53562,1
53568,1
53571,1
53581,2
53587,1
53597,1
53603,1
53606,1
53610,1
53626,2
53632,2
53638,2
53642,1
53645,3
53651,1
53652,1
53657,1
53660,1
53664,1
53670,1
53671,1
53673,1
53674,1
53683,3
53689,2
53690,1
53696,4
53699,1
53703,1
53712,1
53715,2
53722,1
53728,2
53734,1
53735,1
53741,2
53753,1
53760,1
53770,1
53772,1
53773,1
53776,1
53779,1
53780,1
53785,1
53786,2
53792,1
53798,3
53799,2
53805,1
53811,1
53814,1
53818,1
53824,5
53830,1
53831,1
53837,2
53843,1
53850,1
53859,1
53865,1
53868,1
53869,1
53875,3
53888,2
53894,1
53898,2
53901,1
53907,1
53911,1
53914,3
53920,2
53926,1
53933,2
53936,1
53939,1
53952,1
53959,1
53975,1
53977,1
53984,3
53996,1
54003,1
54004,1
54010,1
54016,2
54029,1
54032,1
54048,1
54067,1
54071,1
54080,1
54086,1
54087,1
54092,1
54093,1
54099,5
54102,1
54105,1
54124,1
54125,1
54131,1
54134,1
54137,1
54138,2
54144,2
54156,1
54157,1
54160,1
54164,1
54166,1
54167,1
54169,1
54176,1
54183,1
54189,2
54201,1
54205,1
54208,1
54214,1
54215,1
54221,1
54227,2
54230,1
54233,1
54243,1
54246,1
54252,1
54266,1
54269,1
54272,1
54278,1
54279,1
54288,1
54291,1
54295,1
54297,1
54304,1
54310,1
54316,2
54323,2
54324,1
54329,1
54330,2
54355,2
54361,1
54362,1
54381,2
54393,1
54394,2
54406,1
54412,1
54413,1
54426,2
54432,2
54439,1
54445,1
54457,3
54464,1
54470,2
54471,1
54476,1
54483,1
54490,3
54496,1
54522,1
54541,1
54551,2
54563,1
54566,2
54567,1
54572,1
54586,1
54592,1
54599,2
54602,1
54605,1
54608,1
54611,1
54620,1
54621,1
54643,1
54662,1
54675,1
54688,1
54691,1
54701,1
54733,1
54752,1
54765,1
54778,1
54810,1
54813,1
54816,1
54842,1
54848,1
54851,1
54861,1
54867,1
54880,2
54938,1
54964,1
54969,1
54970,2
55001,1
55008,1
55015,1
55027,1
55028,1
55040,2
55043,1
55047,1
55053,1
55078,1
55101,1
55104,1
55111,1
55120,1
55174,1
55251,1
55257,1
55264,1
55271,1
55273,1
55276,1
55309,1
55360,1
55379,1
55411,1
55418,1
55450,1
55475,1
55482,1
55501,1
55526,1
55530,1
55606,1
55632,1
55651,1
55725,1
55728,1
55795,1
55796,1
55821,1
55824,1
55834,1
55846,1
55853,1
55878,1
55907,1
55914,1
55949,2
55961,1
56007,2
56051,2
56076,1
56089,1
56099,1
56128,1
56147,1
56154,1
56205,1
56224,1
56256,1
56281,1
56282,1
56307,1
56333,1
56377,1
56429,1
56470,1
56480,1
56509,1
56672,1
56697,1
56749,1
56756,1
56774,1
56819,1
56832,1
56871,1
56947,1
56953,1
56979,1
57024,1
57113,1
57152,1
57229,1
57255,1
57274,1
57300,1
57303,1
57312,1
57376,1
57382,1
57523,1
57619,1
57747,1
57811,1
58419,1
58714,1
59015,1
81094,1
174490,1
218042,1
285843,1
4369740,1
4431011,1
4466784,1
4483616,1
4483686,1
4509356,1
4515206,1
4520518,1
4527117,1
4534969,1
4544010,1
4550339,1
4560730,1
4585376,1
4595773,1
