# Samples: 29420, Average: 26255.6 ns, StdDev: 65465.4 ns, Quartiles: 20170.0/24704.0/29047.0 ns
14512,1
14605,1
14637,1
14717,1
14790,1
14864,1
14873,1
14893,1
14899,1
14909,1
14918,1
14922,1
14925,1
14944,1
14951,1
14953,1
14970,1
14973,1
14988,1
15005,1
15014,1
15018,1
15024,1
15030,1
15037,3
15043,1
15044,1
15046,1
15049,1
15050,1
15060,1
15062,1
15063,1
15065,1
15066,1
15069,1
15072,2
15082,1
15084,1
15085,1
15095,1
15098,1
15107,1
15110,1
15129,1
15133,2
15139,1
15145,1
15155,1
15158,1
15168,2
15171,1
15181,1
15184,1
15193,1
15200,1
15203,1
15204,1
15209,1
15222,2
15225,1
15226,1
15239,1
15242,1
15244,1
15245,1
15248,1
15251,1
15261,1
15264,1
15274,3
15280,1
15286,1
15290,1
15293,1
15299,1
15306,1
15308,1
15315,1
15318,1
15319,1
15322,1
15325,1
15341,2
15344,1
15363,1
15370,1
15373,1
15376,1
15388,1
15398,1
15399,1
15411,1
15412,2
15414,2
15415,1
15420,1
15421,2
15424,1
15430,1
15437,1
15443,1
15450,2
15453,2
15456,1
15459,1
15462,2
15463,1
15465,1
15469,1
15472,1
15475,1
15481,1
15485,1
15488,1
15491,1
15494,3
15498,2
15501,1
15504,1
15508,1
15513,2
15514,2
15517,1
15520,3
15523,1
15524,1
15526,1
15529,1
15530,1
15532,1
15536,1
15539,1
15543,1
15548,1
15552,2
15555,1
15561,1
15565,2
15568,4
15571,2
15577,3
15580,1
15581,1
15584,2
15587,3
15588,1
15591,2
15593,1
15597,4
15600,3
15606,2
15607,1
15609,1
15610,1
15612,2
15616,3
15619,2
15622,1
15626,2
15629,1
15632,6
15635,1
15639,2
15642,2
15644,1
15645,2
15651,2
15652,1
15655,2
15658,1
15661,1
15664,1
15667,2
15670,3
15671,3
15673,2
15676,1
15677,2
15680,3
15683,3
15684,1
15686,2
15687,3
15690,3
15693,3
15696,2
15699,1
15702,2
15706,2
15709,1
15712,2
15715,1
15716,1
15718,4
15722,1
15724,1
15728,5
15731,1
15734,1
15738,3
15740,3
15741,1
15744,1
15748,1
15753,1
15754,1
15757,1
15760,1
15763,2
15767,3
15769,1
15770,2
15773,2
15776,4
15780,1
15782,3
15783,1
15786,1
15788,1
15792,5
15795,3
15798,3
15799,1
15802,1
15804,1
15805,2
15808,5
15811,4
15812,2
15814,1
15815,1
15817,4
15818,1
15821,1
15824,7
15827,3
15830,6
15831,1
15833,2
15834,1
15836,2
15837,4
15840,5
15843,6
15846,2
15849,2
15850,4
15852,1
15853,3
15856,4
15859,4
15862,5
15863,1
15865,2
15866,1
15868,1
15869,5
15872,1
15875,4
15876,1
15878,2
15881,1
15882,3
15884,1
15885,2
15888,6
15891,5
15892,1
15894,3
15895,3
15897,2
15898,4
15900,1
15901,2
15904,3
15907,3
15908,1
15910,2
15911,2
15914,6
15916,1
15917,5
15920,9
15923,4
15926,2
15927,2
15929,2
15930,3
15933,8
15936,5
15939,3
15940,1
15942,1
15943,1
15945,1
15946,2
15948,3
15949,3
15952,3
15955,4
15958,4
15959,2
15961,2
15962,3
15964,2
15965,7
15968,5
15971,3
15974,2
15977,2
15978,1
15980,2
15981,7
15984,3
15987,1
15988,2
15991,3
15993,2
15994,4
15996,2
15997,7
16000,8
16003,3
16004,1
16006,1
16007,4
16009,3
16010,4
16013,3
16016,2
16019,5
16022,4
16023,2
16025,2
16026,5
16028,1
16029,3
16032,4
16035,4
16036,1
16038,3
16042,4
16044,2
16045,3
16048,5
16051,2
16052,3
16054,5
16055,1
16057,1
16058,2
16060,2
16061,6
16067,7
16070,3
16071,1
16073,1
16074,4
16076,2
16077,3
16080,4
16083,6
16086,4
16087,2
16089,2
16090,7
16092,2
16093,5
16096,5
16099,7
16102,2
16105,3
16106,4
16108,2
16109,2
16112,9
16115,2
16116,4
16118,3
16119,3
16121,3
16122,2
16125,4
16128,11
16131,2
16134,2
16135,2
16137,2
16138,5
16140,2
16141,3
16144,6
16147,7
16148,1
16150,4
16151,3
16153,2
16154,3
16157,6
16160,1
16163,5
16164,2
16166,3
16167,1
16169,2
16170,1
16172,2
16173,5
16176,8
16179,5
16180,1
16182,4
16183,3
16185,4
16186,2
16188,1
16189,5
16192,4
16195,5
16196,1
16198,2
16199,6
16201,2
16202,5
16205,4
16208,7
16211,3
16212,2
16214,7
16215,3
16217,2
16218,11
16220,2
16221,6
16224,9
16227,10
16228,1
16230,1
16233,4
16234,4
16236,2
16237,4
16240,7
16243,4
16244,1
16246,3
16247,2
16249,1
16250,3
16252,1
16253,6
16256,1
16259,7
16260,1
16262,1
16263,1
16265,5
16266,8
16268,1
16269,3
16272,3
16275,10
16276,1
16278,8
16279,2
16281,3
16282,2
16284,2
16285,7
16288,10
16291,3
16292,1
16294,7
16295,4
16297,3
16298,1
16301,7
16304,9
16307,5
16308,1
16310,5
16311,6
16313,1
16314,3
16316,3
16317,6
16320,4
16323,11
16324,1
16326,2
16327,3
16329,2
16330,7
16332,1
16333,5
16336,8
16339,8
16340,1
16342,5
16343,2
16345,5
16346,2
16348,1
16349,4
16352,8
16355,7
16356,1
16358,5
16359,1
16361,2
16362,7
16364,1
16365,1
16368,2
16371,4
16374,5
16375,7
16377,2
16378,4
16381,9
16384,5
16387,7
16388,3
16390,5
16391,3
16393,1
16394,5
16397,8
16400,10
16403,6
16404,1
16406,8
16407,3
16409,1
16410,4
16412,2
16413,4
16416,4
16419,10
16420,2
16422,3
16423,2
16425,1
16426,5
16428,1
16429,6
16432,3
16435,6
16436,1
16438,4
16439,3
16441,5
16442,6
16445,9
16448,5
16451,4
16452,1
16454,4
16455,2
16457,4
16458,7
16460,1
16461,9
16464,10
16467,4
16468,1
16470,5
16471,3
16473,3
16474,5
16476,1
16477,5
16480,6
16483,4
16484,1
16487,4
16489,5
16490,4
16492,2
16493,5
16496,6
16499,6
16500,1
16502,6
16503,3
16505,4
16506,7
16508,1
16509,3
16512,5
16515,8
16516,3
16518,5
16519,4
16521,5
16522,7
16525,4
16528,8
16531,6
16532,3
16534,5
16535,1
16537,5
16538,8
16540,1
16541,5
16544,4
16547,7
16548,3
16550,2
16551,2
16553,5
16554,6
16556,2
16557,5
16560,1
16563,9
16566,7
16567,3
16569,1
16570,6
16572,2
16573,9
16576,10
16579,6
16580,1
16582,2
16583,3
16585,6
16586,7
16589,6
16592,7
16595,6
16596,1
16598,4
16599,4
16601,1
16602,4
16604,4
16605,7
16608,5
16611,8
16614,3
16615,2
16617,3
16618,8
16620,1
16621,6
16624,6
16627,5
16628,4
16630,6
16631,4
16633,1
16634,6
16636,1
16637,7
16640,6
16643,4
16644,3
16646,1
16647,2
16649,2
16650,4
16652,1
16653,6
16656,10
16659,4
16660,2
16662,8
16663,4
16665,1
16666,5
16669,12
16672,3
16675,7
16676,5
16678,1
16681,5
16682,3
16685,2
16688,5
16691,11
16694,5
16695,2
16698,1
16701,4
16704,2
16707,5
16710,3
16711,4
16713,1
16714,5
16716,1
16717,4
16720,7
16723,3
16726,5
16727,2
16729,3
16730,5
16732,1
16733,7
16736,2
16739,4
16742,3
16743,1
16745,2
16746,3
16748,1
16749,3
16752,9
16755,5
16758,4
16759,4
16761,4
16762,3
16764,2
16765,3
16768,6
16771,8
16772,2
16774,5
16775,4
16777,2
16778,2
16781,5
16784,5
16787,7
16790,2
16791,2
16793,2
16794,1
16796,3
16797,6
16800,2
16803,10
16806,2
16807,2
16809,3
16810,1
16812,2
16813,5
16816,8
16819,5
16822,4
16823,3
16826,2
16828,1
16829,8
16832,6
16839,2
16841,1
16842,6
16844,3
16845,2
16848,10
16851,7
16852,1
16854,4
16855,2
16857,4
16858,6
16860,2
16861,4
16864,4
16867,1
16868,1
16870,4
16873,2
16874,3
16876,2
16877,4
16880,9
16883,3
16884,1
16886,2
16887,1
16889,3
16890,2
16892,1
16893,2
16896,7
16899,8
16900,2
16902,5
16905,1
16906,5
16909,3
16912,5
16915,4
16918,3
16919,1
16922,3
16924,1
16925,6
16928,4
16931,3
16932,2
16934,2
16935,2
16937,1
16938,4
16941,1
16944,2
16947,3
16948,1
16950,2
16951,3
16953,1
16954,1
16956,1
16957,2
16960,2
16963,1
16964,2
16967,1
16969,3
16970,2
16972,2
16973,6
16976,13
16979,6
16980,1
16982,1
16983,2
16985,2
16986,1
16988,1
16989,3
16992,2
16995,6
16998,4
16999,2
17001,2
17002,4
17004,1
17005,4
17008,5
17011,2
17014,1
17017,4
17018,2
17020,1
17021,5
17024,4
17027,7
17030,2
17033,1
17034,6
17036,2
17037,4
17040,4
17043,10
17044,1
17047,2
17049,2
17050,4
17052,1
17053,1
17056,10
17059,2
17060,1
17062,3
17063,1
17065,1
17066,4
17069,3
17072,6
17075,2
17076,1
17078,3
17079,3
17081,1
17082,1
17084,1
17085,3
17088,6
17091,2
17092,1
17094,2
17095,6
17097,3
17098,4
17104,5
17107,3
17110,2
17111,3
17113,1
17114,2
17116,1
17117,3
17120,3
17123,2
17124,1
17126,3
17129,1
17130,2
17132,1
17133,5
17136,8
17139,5
17142,4
17143,2
17146,1
17148,1
17149,6
17152,3
17155,1
17156,2
17158,2
17159,2
17162,1
17164,1
17165,2
17168,4
17171,4
17172,2
17175,1
17177,1
17178,3
17180,1
17181,6
17184,4
17187,2
17188,3
17190,3
17191,1
17193,1
17194,3
17196,4
17197,2
17200,5
17203,4
17204,2
17206,5
17210,1
17212,3
17213,7
17216,4
17219,5
17220,1
17222,3
17223,1
17225,2
17226,1
17228,2
17229,8
17232,5
17235,3
17238,2
17239,3
17244,1
17245,3
17248,3
17251,2
17254,5
17255,2
17257,4
17258,5
17260,1
17264,6
17267,3
17268,1
17270,2
17271,2
17273,1
17274,1
17276,1
17277,1
17280,5
17283,3
17286,4
17287,1
17289,3
17290,1
17292,2
17293,4
17296,7
17299,3
17300,2
17302,1
17303,1
17306,2
17308,1
17309,1
17312,2
17315,2
17316,3
17318,4
17319,2
17321,3
17322,3
17325,5
17328,5
17331,3
17332,1
17334,3
17335,3
17337,2
17338,2
17341,4
17344,2
17347,2
17350,1
17351,1
17353,3
17354,3
17356,1
17357,5
17360,5
17363,2
17367,3
17369,2
17370,2
17372,1
17373,2
17376,3
17379,7
17380,2
17382,3
17383,4
17385,2
17386,2
17389,8
17392,2
17395,3
17398,3
17399,2
17401,2
17402,2
17404,3
17405,5
17408,6
17411,4
17414,5
17415,4
17417,3
17418,4
17421,3
17424,6
17427,4
17430,5
17433,1
17434,2
17437,5
17440,6
17443,2
17446,3
17447,3
17450,6
17452,1
17453,4
17456,5
17459,4
17462,3
17463,1
17465,1
17466,1
17469,7
17472,5
17475,2
17476,2
17478,4
17479,2
17481,2
17482,1
17484,1
17485,3
17488,4
17495,2
17497,4
17498,1
17500,1
17501,3
17504,3
17507,2
17508,1
17510,3
17511,2
17513,1
17514,4
17517,2
17520,9
17523,4
17524,1
17526,5
17527,1
17530,1
17532,1
17533,5
17536,7
17539,2
17542,1
17543,2
17545,2
17546,1
17548,2
17549,7
17552,3
17555,4
17556,1
17558,1
17559,1
17561,3
17562,4
17564,1
17565,3
17568,6
17571,3
17574,2
17577,3
17578,4
17580,1
17581,4
17584,6
17587,4
17588,1
17590,5
17591,1
17593,1
17594,1
17596,3
17597,4
17600,7
17603,4
17604,1
17606,2
17607,2
17609,6
17610,3
17612,3
17613,3
17616,4
17619,2
17620,1
17622,4
17623,2
17625,1
17626,3
17628,2
17629,4
17632,3
17635,7
17636,2
17638,3
17639,1
17641,2
17642,1
17644,3
17645,3
17648,7
17651,5
17652,2
17655,2
17657,3
17660,2
17661,4
17664,5
17667,1
17668,1
17670,1
17671,2
17673,2
17677,2
17680,2
17683,5
17684,1
17686,3
17687,2
17690,7
17692,1
17693,6
17696,5
17699,3
17702,5
17703,2
17706,3
17708,1
17709,4
17712,7
17715,1
17716,1
17718,4
17719,3
17721,2
17722,2
17724,1
17725,2
17728,1
17731,3
17734,5
17735,2
17737,5
17738,3
17740,1
17741,3
17744,3
17747,3
17750,4
17751,3
17753,2
17756,3
17757,1
17760,6
17763,3
17764,1
17766,2
17767,2
17769,2
17770,2
17773,7
17776,8
17779,3
17782,8
17783,1
17785,2
17786,3
17788,1
17789,2
17792,6
17795,4
17798,1
17799,1
17801,5
17804,1
17805,4
17808,6
17811,4
17812,2
17814,5
17815,6
17817,1
17818,5
17820,1
17821,2
17824,3
17827,1
17830,1
17831,2
17833,2
17834,2
17836,1
17837,6
17840,4
17843,1
17844,1
17847,5
17849,1
17850,3
17852,1
17853,4
17856,5
17859,6
17860,1
17862,1
17863,3
17865,3
17866,8
17869,5
17872,5
17875,3
17878,3
17879,6
17881,1
17882,2
17884,2
17885,3
17888,1
17891,3
17894,3
17897,3
17898,1
17901,1
17904,6
17907,3
17908,2
17910,3
17911,2
17913,2
17914,1
17916,1
17917,5
17920,3
17923,4
17924,1
17926,7
17927,1
17930,1
17936,3
17939,4
17940,2
17942,5
17943,1
17946,1
17948,1
17949,6
17952,2
17955,6
17956,2
17959,1
17961,2
17962,3
17964,1
17965,2
17968,6
17971,4
17972,2
17974,2
17975,2
17977,1
17978,2
17980,1
17981,3
17984,4
17987,3
17990,2
17993,3
17997,8
18000,4
18004,1
18006,3
18007,3
18009,2
18010,3
18012,2
18013,7
18016,2
18019,4
18020,1
18022,5
18025,2
18026,5
18028,1
18029,2
18032,6
18035,7
18036,1
18038,3
18039,2
18042,4
18045,3
18048,6
18051,5
18052,1
18054,1
18055,1
18057,5
18058,1
18060,1
18061,3
18064,4
18067,4
18070,3
18071,1
18077,1
18083,6
18084,1
18087,2
18089,1
18090,1
18092,1
18093,2
18096,6
18099,2
18100,4
18102,3
18103,3
18105,2
18106,5
18109,3
18112,1
18115,1
18116,3
18118,1
18122,5
18124,1
18125,5
18128,6
18131,5
18132,1
18134,3
18137,1
18141,1
18144,4
18147,8
18150,3
18151,1
18153,1
18154,4
18156,1
18157,3
18160,4
18163,1
18166,3
18167,2
18169,4
18173,3
18176,8
18179,3
18180,1
18182,1
18185,2
18186,3
18189,5
18192,4
18195,2
18196,1
18198,3
18199,5
18201,2
18202,2
18205,3
18208,5
18211,4
18212,1
18214,1
18215,1
18217,2
18218,5
18221,3
18224,5
18227,5
18228,2
18230,1
18231,2
18233,7
18234,2
18237,2
18240,3
18243,7
18246,2
18247,2
18250,3
18253,6
18256,7
18259,6
18260,1
18262,2
18263,3
18266,1
18268,2
18269,5
18272,5
18275,2
18276,1
18278,3
18279,2
18281,1
18282,3
18284,2
18285,1
18288,9
18291,5
18294,1
18295,5
18300,1
18301,1
18304,2
18307,3
18308,1
18310,4
18313,1
18314,3
18317,3
18320,11
18323,2
18326,3
18327,1
18329,3
18330,3
18332,3
18333,8
18336,7
18339,3
18340,1
18342,6
18343,1
18346,1
18348,2
18349,7
18352,2
18355,6
18358,5
18359,2
18361,2
18362,6
18364,1
18365,6
18368,2
18371,4
18374,3
18377,3
18378,2
18380,1
18384,7
18387,2
18390,1
18391,2
18393,2
18394,2
18396,1
18397,5
18400,7
18403,6
18404,1
18406,3
18407,2
18409,6
18410,4
18412,1
18416,4
18419,2
18420,1
18422,2
18423,1
18425,1
18426,1
18429,2
18432,3
18435,4
18438,4
18439,2
18441,1
18442,3
18445,7
18448,2
18451,2
18452,2
18454,6
18457,1
18458,1
18460,1
18461,1
18464,2
18467,2
18470,4
18471,3
18473,3
18474,4
18477,4
18480,1
18483,2
18484,1
18486,1
18487,1
18489,2
18490,2
18492,2
18493,3
18496,4
18499,5
18500,1
18502,3
18503,1
18505,1
18506,4
18508,2
18509,2
18512,2
18515,4
18518,2
18519,1
18521,1
18522,1
18524,2
18525,2
18528,7
18531,7
18532,1
18534,2
18535,3
18538,1
18540,1
18541,6
18544,6
18547,5
18550,2
18551,2
18553,1
18554,1
18556,2
18557,8
18560,2
18563,7
18567,2
18569,4
18570,5
18572,1
18573,5
18576,10
18579,1
18580,2
18582,4
18583,1
18585,2
18586,2
18588,2
18589,5
18592,8
18595,4
18598,3
18599,1
18601,5
18602,4
18605,3
18608,8
18611,10
18614,3
18615,1
18617,2
18618,3
18620,1
18621,5
18624,6
18627,6
18628,4
18630,2
18631,1
18633,1
18634,3
18636,1
18637,2
18640,7
18643,5
18646,3
18647,2
18649,1
18650,3
18652,3
18653,4
18656,3
18659,3
18662,1
18663,4
18665,1
18666,3
18668,1
18669,1
18672,7
18675,6
18676,1
18678,4
18679,2
18682,3
18685,2
18688,4
18691,2
18692,1
18694,1
18697,2
18698,5
18700,1
18701,5
18704,9
18707,1
18708,2
18710,5
18711,3
18714,1
18716,2
18717,4
18720,3
18723,6
18724,1
18726,4
18730,4
18732,1
18733,3
18736,4
18739,4
18742,5
18743,1
18745,1
18746,3
18749,4
18752,7
18755,6
18758,3
18759,2
18761,1
18762,5
18764,2
18765,3
18768,11
18771,7
18774,4
18775,2
18777,1
18778,3
18781,6
18784,3
18787,5
18790,2
18791,2
18793,2
18794,5
18797,2
18800,9
18803,3
18804,1
18806,1
18807,2
18809,1
18810,1
18812,1
18813,1
18816,2
18819,9
18820,2
18822,1
18823,3
18825,1
18826,4
18829,5
18832,7
18835,10
18838,3
18841,3
18842,1
18844,1
18845,7
18848,1
18851,2
18854,2
18855,5
18857,4
18861,1
18864,5
18867,4
18868,1
18870,3
18871,5
18873,1
18874,2
18877,7
18880,6
18883,4
18884,1
18886,2
18887,3
18889,3
18890,5
18893,2
18896,6
18899,5
18900,1
18902,8
18903,2
18905,3
18906,1
18909,3
18912,5
18915,4
18918,3
18919,1
18921,5
18922,1
18924,2
18925,2
18928,7
18931,4
18932,3
18934,1
18935,2
18937,4
18938,2
18940,3
18941,1
18944,5
18947,5
18948,2
18950,3
18953,3
18954,5
18956,1
18957,2
18960,10
18966,2
18967,6
18969,3
18970,4
18972,1
18973,7
18976,4
18979,6
18980,2
18982,1
18985,4
18986,4
18988,2
18989,7
18992,5
18995,9
18996,3
18998,4
18999,4
19002,3
19005,4
19008,7
19011,4
19012,1
19014,4
19015,3
19017,4
19018,8
19020,2
19021,4
19024,3
19027,3
19030,4
19031,2
19033,2
19034,4
19036,1
19037,1
19040,6
19043,8
19046,4
19047,2
19049,5
19050,4
19053,1
19056,6
19062,2
19063,1
19065,3
19066,5
19068,3
19069,6
19072,1
19075,1
19076,1
19078,2
19079,1
19081,5
19082,5
19084,1
19085,5
19088,1
19091,3
19092,2
19094,2
19095,3
19097,2
19098,3
19100,1
19101,5
19104,2
19107,8
19110,2
19111,2
19113,2
19114,3
19117,6
19120,6
19123,1
19126,3
19127,2
19129,1
19130,3
19132,1
19133,7
19136,3
19139,6
19140,1
19142,4
19143,1
19145,2
19146,2
19149,1
19152,7
19156,1
19158,2
19161,1
19162,3
19165,1
19168,4
19171,3
19172,2
19174,4
19175,2
19178,7
19181,3
19184,3
19188,1
19190,4
19193,2
19194,4
19196,3
19197,2
19200,9
19203,4
19204,1
19206,4
19207,2
19209,2
19210,2
19213,5
19216,9
19219,7
19220,1
19222,4
19223,3
19225,4
19226,3
19228,1
19229,3
19232,4
19235,4
19238,2
19241,4
19242,4
19244,1
19245,1
19248,9
19251,3
19252,1
19254,3
19255,4
19257,3
19258,2
19260,1
19261,4
19264,7
19267,2
19268,3
19270,3
19271,4
19273,1
19274,1
19277,4
19280,4
19283,5
19284,2
19286,6
19287,1
19289,2
19290,2
19292,2
19293,5
19296,4
19299,6
19302,6
19303,1
19305,1
19306,4
19308,1
19309,8
19312,10
19315,5
19316,1
19318,3
19319,1
19321,1
19322,2
19325,6
19328,3
19331,7
19334,3
19337,5
19338,4
19341,5
19344,5
19347,3
19350,3
19351,1
19353,1
19354,1
19356,2
19357,6
19360,3
19363,1
19364,1
19366,2
19367,2
19369,2
19370,6
19372,1
19373,3
19376,5
19379,5
19382,6
19383,3
19385,1
19386,5
19389,3
19392,7
19395,2
19396,1
19398,4
19399,5
19401,3
19402,2
19404,1
19405,3
19408,6
19411,7
19412,3
19414,5
19415,2
19418,2
19420,3
19421,7
19424,4
19427,4
19428,1
19430,3
19431,2
19433,5
19434,2
19436,1
19437,5
19440,6
19443,4
19444,1
19446,3
19447,2
19449,2
19450,2
19452,1
19453,1
19456,9
19459,6
19460,1
19462,2
19463,6
19466,4
19468,2
19469,5
19472,7
19475,4
19476,1
19478,4
19479,3
19481,1
19482,3
19484,1
19485,4
19488,3
19491,3
19492,4
19494,3
19495,3
19497,2
19498,6
19500,2
19501,1
19504,5
19507,5
19508,1
19510,2
19511,6
19513,3
19514,1
19520,4
19523,3
19524,1
19526,4
19527,2
19529,4
19530,1
19533,4
19536,6
19539,2
19542,4
19543,2
19545,3
19546,3
19548,1
19549,4
19552,4
19555,6
19556,1
19558,2
19559,4
19561,3
19562,2
19565,4
19568,13
19571,4
19572,1
19574,7
19575,2
19577,2
19578,1
19580,1
19581,10
19584,2
19587,8
19588,2
19590,4
19591,3
19593,4
19594,8
19596,1
19597,3
19600,8
19603,4
19604,2
19606,1
19607,3
19609,3
19610,5
19613,5
19616,2
19619,8
19620,2
19622,3
19623,1
19625,2
19626,2
19628,1
19629,8
19632,5
19635,4
19636,1
19638,4
19639,4
19641,2
19642,2
19645,9
19648,6
19651,2
19652,1
19654,3
19657,2
19658,4
19661,3
19664,9
19670,1
19671,3
19673,2
19674,1
19676,2
19677,1
19680,7
19683,3
19684,2
19686,3
19687,1
19689,4
19690,5
19692,2
19693,2
19696,3
19702,5
19703,1
19705,4
19706,3
19709,4
19712,3
19715,3
19716,2
19718,5
19719,3
19721,1
19722,1
19724,3
19725,6
19728,7
19731,1
19732,1
19734,6
19735,2
19737,4
19738,3
19740,1
19741,8
19744,3
19747,4
19748,1
19750,1
19751,1
19753,3
19754,6
19756,3
19757,6
19760,8
19763,6
19766,5
19769,1
19770,3
19772,1
19773,3
19776,6
19779,2
19780,1
19782,2
19785,3
19786,3
19789,1
19792,8
19795,4
19796,1
19798,4
19799,1
19801,1
19802,2
19805,3
19808,3
19811,3
19815,2
19817,1
19818,3
19821,1
19824,6
19827,4
19830,4
19831,1
19833,3
19834,3
19837,8
19840,5
19846,3
19847,1
19849,2
19850,1
19852,2
19853,3
19856,2
19859,6
19860,2
19862,6
19863,2
19865,4
19866,3
19869,6
19872,1
19875,7
19876,2
19878,6
19879,2
19881,6
19882,1
19884,1
19885,2
19888,2
19891,4
19892,1
19894,5
19895,5
19897,1
19898,2
19901,5
19904,2
19907,3
19908,2
19910,4
19911,1
19913,1
19914,5
19916,1
19917,6
19920,5
19923,4
19924,1
19926,6
19927,4
19929,3
19930,4
19932,1
19933,3
19936,5
19939,6
19940,3
19942,5
19943,2
19945,1
19946,2
19949,3
19952,4
19955,4
19958,3
19959,1
19961,1
19962,1
19964,1
19965,4
19968,3
19971,4
19972,2
19974,3
19977,1
19978,3
19981,4
19984,4
19987,2
19988,1
19990,1
19991,4
19993,3
19994,2
19996,1
19997,4
20000,5
20003,3
20006,1
20007,1
20010,4
20013,3
20016,1
20019,4
20020,1
20022,2
20025,2
20026,5
20029,8
20032,2
20035,4
20036,2
20038,4
20039,3
20041,1
20042,2
20044,1
20045,2
20048,7
20051,5
20054,6
20055,1
20057,2
20058,2
20061,3
20064,8
20067,4
20068,1
20070,1
20071,1
20073,3
20074,2
20077,2
20080,6
20083,2
20084,1
20086,3
20087,1
20090,2
20092,2
20093,6
20096,3
20099,2
20102,3
20105,3
20106,6
20109,2
20112,6
20115,3
20118,5
20119,4
20121,2
20122,1
20124,1
20125,4
20128,5
20131,2
20134,3
20135,1
20137,4
20138,5
20141,3
20144,10
20147,6
20148,1
20150,4
20151,2
20153,4
20154,2
20156,4
20157,7
20160,2
20163,6
20164,2
20166,1
20167,1
20169,1
20170,4
20172,2
20173,3
20176,7
20179,3
20182,4
20183,1
20185,3
20186,4
20188,1
20189,4
20192,6
20195,4
20196,1
20198,2
20199,2
20202,2
20204,1
20205,5
20208,8
20211,6
20212,1
20214,1
20218,1
20220,2
20221,5
20224,3
20227,5
20228,1
20230,2
20233,2
20234,3
20237,2
20240,5
20243,6
20244,1
20246,2
20247,4
20249,1
20250,1
20252,1
20253,3
20256,3
20259,4
20262,2
20263,1
20265,2
20266,2
20268,2
20269,2
20272,6
20275,2
20276,1
20278,6
20279,5
20281,1
20282,2
20284,1
20285,8
20288,6
20291,7
20292,4
20294,3
20297,2
20298,6
20300,1
20304,3
20307,1
20310,2
20311,1
20313,2
20314,2
20316,2
20317,7
20320,4
20323,9
20326,5
20327,2
20330,3
20333,3
20336,2
20339,1
20340,2
20342,3
20343,3
20345,4
20346,3
20348,2
20349,4
20352,3
20355,2
20356,1
20358,3
20361,3
20362,3
20364,2
20365,3
20368,8
20371,4
20374,5
20377,2
20378,1
20380,2
20381,4
20384,7
20387,3
20388,3
20390,2
20393,1
20394,5
20396,2
20397,1
20400,6
20403,3
20406,1
20407,3
20409,3
20410,4
20413,2
20416,5
20419,3
20420,1
20423,1
20425,2
20426,6
20429,3
20432,11
20435,4
20438,2
20439,1
20441,3
20442,2
20444,3
20445,1
20448,5
20451,4
20454,3
20455,2
20457,1
20458,2
20460,2
20461,3
20464,13
20467,5
20468,1
20470,2
20471,3
20473,1
20474,1
20476,1
20477,2
20480,5
20483,5
20486,3
20487,1
20489,1
20490,5
20492,1
20493,8
20496,3
20499,2
20500,1
20502,5
20503,4
20506,3
20508,2
20509,7
20512,6
20515,4
20516,3
20518,1
20519,2
20521,1
20522,3
20524,3
20525,2
20528,7
20531,1
20532,2
20534,2
20535,4
20537,2
20538,4
20540,1
20541,3
20544,4
20547,7
20548,1
20550,1
20551,2
20553,2
20554,2
20557,4
20560,3
20563,4
20564,1
20566,3
20567,3
20570,5
20572,1
20573,5
20576,2
20579,7
20580,3
20582,3
20583,1
20585,1
20586,3
20588,1
20589,6
20592,3
20595,5
20596,2
20598,5
20599,3
20601,2
20602,4
20605,3
20608,5
20611,3
20612,2
20614,2
20615,2
20617,3
20618,2
20620,1
20621,3
20624,3
20627,3
20630,2
20631,1
20633,1
20634,1
20636,3
20637,5
20640,7
20643,7
20646,8
20647,2
20649,3
20650,2
20652,1
20653,5
20656,4
20659,1
20660,1
20663,2
20665,1
20666,3
20669,5
20672,2
20675,2
20676,1
20678,1
20679,4
20681,4
20682,2
20684,2
20685,4
20688,2
20691,4
20692,2
20694,4
20695,1
20697,3
20698,1
20701,5
20704,5
20707,5
20708,2
20710,6
20711,1
20713,1
20714,3
20717,6
20720,4
20723,7
20726,1
20727,2
20729,1
20730,2
20733,1
20736,5
20739,3
20742,2
20743,1
20745,2
20746,1
20748,1
20749,5
20752,5
20755,3
20758,2
20759,4
20761,1
20762,3
20765,8
20768,6
20771,5
20772,3
20774,2
20778,1
20781,4
20784,6
20787,4
20788,1
20790,3
20791,7
20793,2
20794,4
20796,1
20797,7
20800,3
20803,4
20804,1
20806,2
20807,1
20809,2
20810,1
20812,1
20813,1
20816,2
20819,5
20820,4
20822,5
20823,5
20825,3
20826,4
20828,2
20829,8
20832,1
20835,4
20836,2
20838,2
20839,4
20841,3
20842,6
20844,1
20845,3
20848,3
20851,1
20852,2
20854,3
20855,1
20857,3
20858,3
20860,2
20861,7
20864,3
20867,5
20868,1
20870,1
20871,2
20873,3
20874,2
20877,4
20880,7
20883,3
20886,4
20887,3
20889,2
20890,6
20892,1
20893,3
20896,3
20899,4
20900,1
20902,1
20903,2
20905,3
20906,3
20909,3
20912,10
20915,6
20916,1
20918,3
20919,2
20921,1
20922,4
20924,1
20925,4
20928,2
20931,14
20932,2
20934,2
20935,1
20937,5
20938,2
20940,2
20941,4
20944,6
20947,1
20950,4
20951,1
20953,2
20954,2
20956,2
20957,3
20960,3
20963,2
20964,3
20966,2
20967,3
20969,7
20970,2
20973,3
20976,7
20979,5
20982,2
20985,2
20986,2
20989,4
20992,6
20995,6
20996,1
20998,3
20999,1
21001,3
21002,3
21005,3
21008,7
21011,3
21012,3
21014,4
21015,1
21017,1
21018,3
21020,2
21021,2
21024,4
21027,1
21030,1
21031,2
21034,3
21037,4
21040,4
21043,4
21044,1
21046,3
21047,7
21049,1
21050,1
21053,2
21056,2
21059,9
21062,3
21063,1
21065,1
21066,6
21068,1
21069,2
21072,7
21075,3
21078,6
21079,2
21081,1
21082,4
21085,4
21088,4
21091,4
21092,2
21094,3
21095,2
21097,2
21098,4
21101,2
21104,5
21107,2
21108,1
21110,3
21111,2
21113,2
21116,3
21117,2
21120,3
21123,3
21124,1
21126,2
21129,2
21130,2
21133,5
21136,7
21139,3
21142,4
21143,1
21146,3
21149,1
21152,7
21155,6
21158,4
21159,1
21161,4
21162,3
21165,5
21168,6
21171,1
21174,1
21175,4
21177,1
21178,4
21181,4
21184,8
21187,2
21188,2
21190,2
21191,2
21193,3
21194,4
21196,1
21197,4
21200,5
21203,6
21206,8
21207,1
21209,3
21210,2
21213,4
21216,3
21219,3
21222,2
21223,1
21226,1
21229,1
21232,3
21235,3
21236,1
21238,7
21239,2
21242,5
21244,1
21245,5
21248,3
21251,5
21252,1
21254,6
21255,2
21257,1
21260,1
21261,4
21264,1
21267,5
21268,1
21270,2
21271,5
21273,2
21274,4
21277,5
21280,2
21283,5
21286,2
21287,4
21289,1
21290,4
21292,1
21293,5
21296,3
21299,1
21300,1
21302,1
21303,4
21306,3
21308,2
21309,6
21312,5
21315,5
21316,2
21318,1
21319,2
21321,3
21322,4
21325,10
21328,10
21331,2
21332,1
21334,9
21335,3
21337,2
21338,10
21340,2
21341,4
21344,2
21347,3
21348,3
21350,3
21351,3
21353,5
21354,4
21356,2
21357,7
21360,6
21363,3
21364,1
21366,2
21367,1
21369,2
21370,4
21372,1
21373,6
21376,9
21379,2
21380,1
21382,6
21383,2
21386,2
21389,5
21392,8
21395,6
21396,3
21398,4
21399,4
21401,3
21402,2
21404,1
21405,3
21408,4
21411,6
21412,2
21415,2
21418,3
21421,4
21424,1
21427,1
21431,2
21433,2
21434,3
21436,1
21437,4
21440,2
21443,7
21444,2
21446,4
21447,2
21449,4
21450,5
21453,5
21456,6
21459,3
21460,2
21462,4
21465,1
21466,4
21468,2
21469,3
21472,7
21475,7
21478,6
21479,4
21481,2
21482,3
21484,3
21485,4
21488,10
21491,5
21494,4
21495,2
21498,4
21501,3
21504,2
21507,5
21510,5
21511,2
21513,1
21514,4
21516,1
21517,4
21520,9
21523,1
21526,5
21527,5
21529,3
21530,7
21533,6
21536,4
21539,5
21540,2
21543,2
21545,3
21546,4
21548,2
21549,4
21552,4
21555,4
21556,1
21558,7
21559,2
21561,1
21562,3
21565,7
21568,9
21571,4
21572,3
21574,3
21575,3
21578,4
21581,4
21584,4
21587,3
21588,1
21590,3
21591,1
21593,2
21594,2
21596,1
21597,4
21600,3
21603,3
21604,1
21607,2
21609,5
21610,4
21612,2
21613,3
21616,5
21619,3
21620,2
21622,5
21623,1
21625,1
21626,5
21628,1
21629,3
21632,5
21635,1
21636,1
21638,3
21639,1
21641,3
21642,3
21645,9
21648,6
21651,6
21652,1
21654,5
21655,5
21657,2
21658,1
21660,2
21661,4
21664,5
21667,3
21668,1
21670,2
21671,2
21673,1
21674,2
21677,6
21680,10
21683,3
21684,1
21686,3
21687,2
21689,3
21690,1
21692,1
21693,3
21696,5
21699,6
21702,1
21703,1
21705,2
21706,4
21709,4
21712,6
21715,3
21716,1
21718,6
21719,1
21722,1
21724,1
21725,4
21728,4
21731,4
21734,1
21735,1
21737,5
21738,3
21740,3
21741,2
21744,4
21747,4
21748,2
21750,2
21751,2
21753,2
21754,1
21756,1
21757,6
21760,1
21763,5
21767,3
21769,3
21770,1
21772,2
21773,8
21776,7
21779,5
21780,2
21782,3
21783,4
21785,1
21786,4
21789,5
21792,4
21795,2
21796,2
21798,3
21801,5
21802,5
21805,2
21808,2
21811,2
21812,2
21814,7
21815,2
21817,5
21818,1
21821,7
21824,4
21827,4
21828,1
21830,1
21833,6
21834,3
21837,3
21840,6
21843,6
21847,3
21849,2
21850,3
21852,2
21853,3
21856,5
21859,3
21860,1
21863,1
21865,3
21866,5
21869,2
21872,4
21875,4
21878,2
21879,3
21881,2
21882,6
21884,1
21885,4
21888,2
21891,5
21892,4
21894,2
21895,1
21898,5
21900,1
21901,5
21904,7
21907,3
21908,4
21910,4
21913,4
21914,2
21917,4
21920,2
21923,5
21926,2
21927,6
21929,3
21930,6
21933,2
21936,8
21939,3
21942,2
21945,3
21946,3
21948,1
21949,4
21952,3
21955,5
21958,2
21961,5
21964,1
21965,1
21968,8
21971,8
21972,1
21974,3
21975,4
21978,2
21980,1
21981,6
21984,4
21987,6
21988,1
21990,3
21991,3
21993,2
21994,6
21996,2
22000,10
22003,5
22004,2
22006,5
22007,2
22009,1
22010,5
22013,7
22016,2
22019,3
22020,3
22022,1
22023,3
22025,4
22026,5
22028,2
22029,1
22032,9
22035,3
22036,2
22038,6
22042,4
22044,1
22045,2
22048,6
22051,3
22052,1
22054,2
22055,1
22057,1
22058,2
22061,6
22064,6
22067,6
22068,2
22070,2
22071,1
22074,2
22076,1
22077,9
22080,1
22083,7
22086,4
22087,1
22089,3
22090,5
22093,2
22096,3
22099,5
22100,3
22102,3
22103,5
22106,2
22109,7
22112,7
22115,4
22116,1
22118,6
22119,4
22121,4
22122,6
22124,1
22125,4
22128,5
22131,6
22134,7
22135,1
22137,6
22138,4
22140,2
22141,2
22144,4
22147,4
22148,2
22150,2
22151,2
22153,2
22154,5
22156,5
22157,3
22160,5
22163,2
22166,1
22169,2
22170,1
22172,1
22173,4
22176,5
22179,2
22180,1
22182,2
22183,1
22185,2
22186,4
22188,1
22189,3
22192,4
22195,9
22198,4
22199,3
22201,2
22202,1
22205,7
22208,7
22211,7
22214,2
22215,4
22217,2
22218,2
22221,5
22224,2
22227,6
22228,2
22230,3
22233,1
22234,5
22237,6
22240,3
22243,2
22244,1
22246,4
22247,1
22249,2
22250,3
22252,1
22253,7
22256,11
22259,5
22260,2
22263,3
22265,2
22266,1
22269,3
22272,8
22275,6
22278,2
22281,2
22282,6
22285,3
22288,5
22291,4
22292,1
22295,1
22297,2
22298,2
22300,1
22301,2
22304,4
22307,7
22308,2
22311,1
22313,1
22314,4
22317,2
22320,10
22323,6
22324,1
22326,3
22327,2
22329,1
22332,2
22333,1
22336,7
22339,4
22340,1
22342,2
22343,4
22345,3
22346,3
22348,1
22349,3
22352,5
22355,3
22358,5
22359,6
22361,3
22362,2
22364,3
22365,3
22368,4
22371,2
22372,2
22374,3
22375,5
22377,2
22378,5
22380,2
22381,3
22384,7
22387,5
22390,5
22391,2
22393,2
22394,1
22397,3
22403,6
22404,1
22406,2
22407,1
22409,2
22410,1
22413,3
22416,4
22419,7
22420,1
22422,5
22423,3
22426,3
22429,6
22432,5
22435,6
22436,1
22438,3
22439,2
22441,4
22442,8
22444,1
22445,6
22448,5
22451,5
22452,1
22454,1
22455,2
22457,7
22458,3
22460,2
22461,4
22464,3
22467,7
22468,1
22470,3
22471,5
22473,1
22474,3
22477,6
22480,4
22483,5
22486,1
22487,2
22489,6
22490,5
22492,3
22493,3
22496,6
22499,3
22500,3
22502,1
22505,4
22506,4
22508,1
22509,1
22512,4
22515,3
22516,1
22519,3
22521,2
22522,5
22524,2
22525,10
22528,3
22531,4
22534,2
22535,2
22537,7
22538,4
22540,1
22541,3
22544,9
22547,5
22548,1
22550,5
22551,2
22553,2
22554,2
22557,6
22560,7
22563,4
22564,2
22566,5
22567,5
22569,5
22570,6
22573,2
22576,5
22579,4
22580,1
22582,3
22585,1
22586,4
22588,1
22589,6
22592,5
22595,5
22596,1
22598,3
22599,3
22601,2
22602,3
22604,1
22605,5
22608,5
22611,3
22614,3
22615,5
22618,3
22620,2
22621,5
22624,4
22627,6
22630,2
22631,3
22633,4
22634,3
22636,1
22637,2
22640,10
22643,3
22646,2
22647,1
22649,1
22650,4
22652,4
22653,6
22656,7
22659,6
22660,2
22662,5
22663,1
22665,2
22669,5
22672,6
22675,4
22676,1
22678,3
22679,1
22681,1
22682,3
22684,1
22685,7
22688,2
22692,2
22694,3
22695,2
22697,1
22698,6
22701,2
22704,4
22707,3
22710,4
22711,3
22713,2
22714,3
22716,2
22717,8
22720,3
22723,4
22724,2
22726,3
22727,1
22729,1
22730,3
22736,4
22739,6
22740,1
22742,4
22743,2
22745,1
22746,2
22748,1
22749,3
22752,5
22755,3
22758,2
22759,2
22761,2
22762,4
22765,4
22768,3
22771,4
22772,1
22774,2
22775,2
22777,2
22778,5
22780,3
22781,2
22784,7
22787,6
22788,2
22790,2
22791,2
22793,5
22797,4
22800,10
22803,5
22806,3
22807,4
22810,1
22812,1
22813,8
22816,2
22819,5
22820,1
22822,3
22823,2
22825,3
22826,5
22828,3
22829,3
22832,3
22835,2
22838,3
22839,3
22841,5
22842,2
22844,1
22845,4
22848,7
22851,6
22852,1
22854,1
22857,2
22858,4
22860,1
22861,3
22864,6
22867,5
22870,7
22871,4
22873,3
22874,1
22877,1
22880,4
22883,12
22886,1
22887,2
22890,1
22896,10
22899,3
22900,2
22902,1
22903,2
22905,1
22906,4
22908,2
22909,5
22912,6
22915,4
22918,2
22919,4
22921,2
22922,5
22924,1
22925,6
22928,9
22931,3
22932,1
22934,5
22935,3
22938,1
22940,1
22941,7
22944,3
22947,13
22948,1
22950,3
22951,1
22953,3
22954,5
22956,1
22957,4
22960,7
22963,4
22966,4
22967,1
22973,5
22976,2
22979,3
22980,1
22982,4
22983,2
22985,2
22986,3
22989,4
22992,3
22995,7
22998,6
22999,1
23001,1
23002,3
23004,3
23005,4
23008,4
23011,10
23012,3
23014,2
23015,2
23017,5
23018,3
23021,4
23024,6
23027,5
23028,1
23030,4
23031,3
23033,3
23034,2
23036,1
23037,4
23040,4
23043,5
23044,1
23046,3
23047,1
23050,2
23052,1
23053,4
23056,9
23059,3
23062,2
23063,1
23065,1
23066,4
23068,3
23069,3
23072,6
23075,4
23076,1
23078,1
23079,1
23081,2
23082,1
23085,1
23088,5
23091,2
23094,5
23095,3
23098,5
23100,1
23101,6
23104,1
23107,3
23110,4
23111,2
23113,4
23114,4
23117,4
23120,3
23123,4
23126,5
23127,2
23129,2
23130,6
23132,1
23133,3
23136,2
23139,4
23140,2
23142,6
23143,2
23145,4
23146,1
23148,1
23149,3
23152,8
23155,5
23156,1
23158,3
23161,2
23162,2
23164,3
23165,2
23168,5
23171,5
23172,1
23174,2
23175,1
23177,4
23178,5
23180,1
23181,6
23184,4
23187,2
23190,2
23191,1
23193,2
23194,2
23196,1
23197,5
23200,2
23203,1
23206,3
23209,1
23210,6
23216,5
23219,2
23220,1
23222,4
23223,3
23225,2
23226,1
23228,1
23229,4
23232,5
23235,4
23236,2
23238,1
23239,2
23242,2
23244,2
23245,4
23248,6
23251,4
23252,1
23254,2
23255,4
23258,1
23260,2
23261,1
23264,2
23267,3
23268,5
23270,1
23271,1
23274,3
23276,2
23277,1
23280,4
23283,5
23284,1
23286,2
23287,1
23289,3
23290,3
23292,2
23293,4
23296,5
23299,4
23302,5
23303,2
23305,3
23306,3
23308,2
23309,3
23312,3
23315,5
23316,2
23318,4
23319,1
23321,1
23322,6
23325,9
23328,3
23331,5
23332,3
23334,1
23335,3
23337,2
23338,5
23341,7
23344,7
23347,7
23348,2
23350,4
23351,4
23353,2
23354,3
23356,1
23357,3
23360,5
23363,4
23364,1
23366,5
23367,1
23370,4
23372,2
23376,6
23379,5
23382,4
23383,2
23385,1
23386,3
23389,7
23392,10
23395,6
23396,1
23398,3
23399,4
23401,6
23404,2
23405,2
23408,12
23411,4
23412,1
23414,5
23415,5
23417,2
23418,3
23421,5
23424,4
23427,7
23428,4
23430,2
23431,1
23433,5
23434,2
23437,5
23440,6
23444,1
23446,4
23447,2
23449,1
23450,3
23453,2
23456,9
23459,14
23460,1
23462,4
23463,2
23465,4
23466,2
23469,4
23472,6
23475,8
23478,3
23479,3
23481,2
23482,2
23491,5
23492,2
23494,4
23495,3
23497,3
23498,3
23500,3
23501,2
23504,3
23507,4
23508,1
23510,1
23511,1
23513,3
23514,3
23517,6
23520,5
23523,6
23524,3
23526,2
23527,2
23529,6
23530,7
23533,3
23536,2
23539,5
23540,2
23542,4
23543,5
23545,1
23546,7
23548,2
23549,3
23552,7
23555,4
23558,5
23559,2
23561,3
23562,2
23564,1
23565,3
23568,7
23571,6
23572,1
23574,2
23575,2
23578,2
23580,4
23584,5
23587,3
23588,2
23590,4
23591,3
23593,2
23594,2
23596,1
23597,5
23600,5
23603,2
23606,3
23607,1
23609,3
23610,3
23612,1
23613,5
23616,7
23619,3
23620,2
23622,3
23623,6
23625,6
23626,3
23628,2
23629,2
23632,4
23635,2
23636,2
23638,4
23639,5
23641,1
23642,4
23645,6
23648,5
23651,2
23652,2
23654,3
23655,1
23657,1
23658,6
23660,1
23664,2
23667,2
23670,1
23671,4
23673,2
23674,1
23676,2
23677,7
23680,7
23683,4
23684,2
23686,2
23687,2
23689,1
23690,6
23692,1
23693,5
23696,3
23699,3
23700,2
23702,4
23703,2
23705,2
23706,2
23708,1
23709,2
23712,5
23715,3
23716,1
23718,5
23719,3
23721,2
23722,5
23724,1
23725,3
23728,5
23731,2
23732,1
23734,1
23735,1
23737,2
23738,3
23740,1
23741,3
23744,8
23748,3
23751,3
23754,4
23757,2
23760,7
23763,8
23764,2
23766,5
23767,1
23769,2
23772,1
23773,3
23776,5
23779,4
23780,3
23782,2
23783,3
23785,2
23786,4
23788,1
23789,5
23792,5
23795,4
23796,1
23798,4
23799,6
23801,3
23802,2
23804,1
23805,5
23808,4
23811,1
23812,3
23814,2
23815,5
23817,2
23818,4
23820,1
23821,2
23824,2
23827,3
23828,1
23830,1
23831,5
23833,3
23834,2
23837,4
23840,4
23843,3
23844,1
23846,5
23849,3
23850,5
23852,3
23853,4
23856,2
23859,1
23862,3
23863,2
23865,2
23866,2
23868,1
23869,9
23872,2
23875,7
23876,1
23878,2
23879,1
23881,3
23882,5
23884,1
23885,3
23888,4
23891,2
23892,1
23894,2
23895,3
23897,2
23898,2
23900,1
23901,5
23904,5
23907,3
23908,2
23910,3
23911,4
23913,3
23914,6
23916,1
23917,4
23920,8
23923,6
23926,3
23927,2
23929,2
23930,1
23932,1
23933,9
23936,7
23939,4
23940,2
23942,2
23946,3
23948,2
23949,3
23952,2
23955,1
23958,2
23959,2
23961,2
23962,6
23964,1
23965,3
23968,2
23971,7
23972,1
23974,3
23975,1
23977,3
23978,5
23980,1
23981,3
23984,5
23987,5
23990,3
23991,1
23993,2
23994,2
23996,4
23997,3
24000,4
24003,8
24006,2
24007,1
24009,6
24010,8
24012,4
24013,6
24016,7
24019,5
24020,1
24022,4
24023,5
24026,1
24028,1
24029,5
24032,8
24035,4
24036,1
24038,3
24039,4
24041,2
24042,10
24045,5
24048,7
24051,8
24054,2
24055,3
24057,4
24058,2
24060,2
24061,2
24064,8
24067,8
24068,1
24070,2
24071,2
24073,2
24074,3
24076,2
24077,7
24080,7
24086,2
24087,1
24089,2
24090,3
24093,9
24096,2
24099,5
24100,3
24102,1
24105,3
24106,1
24108,1
24109,7
24112,5
24115,6
24116,1
24118,4
24119,1
24121,1
24122,3
24124,1
24125,1
24128,6
24131,4
24132,2
24134,1
24137,2
24138,5
24140,2
24141,5
24144,8
24147,4
24148,2
24150,3
24151,1
24154,2
24156,1
24157,7
24160,3
24163,8
24164,1
24166,3
24169,4
24170,2
24173,2
24176,5
24179,3
24182,4
24183,2
24185,2
24186,2
24188,1
24189,4
24192,2
24195,4
24196,3
24198,4
24199,1
24201,1
24202,3
24205,4
24208,3
24211,2
24212,2
24214,3
24215,4
24218,1
24220,1
24221,4
24224,4
24227,4
24230,2
24231,1
24233,3
24234,3
24236,1
24237,1
24240,8
24243,4
24244,1
24246,4
24247,2
24249,2
24250,3
24252,3
24253,4
24256,6
24259,9
24260,1
24262,2
24263,2
24265,3
24266,2
24268,1
24269,5
24272,3
24275,7
24278,6
24279,6
24282,1
24285,2
24288,4
24291,4
24294,3
24295,3
24297,4
24298,2
24300,1
24301,1
24304,5
24307,2
24308,1
24310,4
24311,3
24314,2
24316,1
24317,5
24320,6
24323,3
24326,4
24329,2
24330,2
24333,5
24336,5
24339,3
24340,1
24342,4
24343,2
24345,2
24346,3
24348,2
24349,8
24352,5
24355,2
24356,1
24358,3
24359,1
24362,2
24365,4
24368,8
24371,7
24374,4
24375,3
24377,2
24378,4
24380,1
24381,4
24384,4
24387,5
24390,4
24391,1
24394,5
24397,3
24400,1
24403,8
24406,6
24407,4
24409,3
24410,3
24412,2
24413,1
24416,3
24419,6
24420,2
24422,5
24423,4
24425,4
24426,2
24428,1
24429,2
24432,6
24435,4
24436,1
24438,5
24439,2
24441,1
24442,5
24444,2
24445,4
24448,6
24451,2
24454,3
24455,5
24457,2
24458,2
24460,1
24461,5
24464,12
24467,9
24470,1
24473,2
24474,3
24476,1
24477,7
24480,3
24483,3
24484,3
24486,1
24487,2
24489,2
24490,7
24492,1
24493,3
24496,7
24499,1
24503,1
24505,4
24506,3
24509,6
24512,5
24515,6
24518,1
24519,1
24521,2
24522,4
24524,1
24525,7
24528,9
24531,3
24534,4
24535,4
24537,5
24538,2
24541,3
24544,2
24547,5
24548,1
24550,2
24551,4
24553,8
24554,3
24557,3
24560,4
24563,3
24564,1
24566,5
24567,1
24569,5
24570,5
24572,1
24573,6
24576,4
24579,3
24580,1
24582,4
24583,1
24585,2
24586,7
24588,3
24589,5
24592,9
24595,2
24596,2
24598,5
24599,2
24602,4
24605,5
24608,7
24611,3
24614,7
24615,1
24617,1
24618,8
24620,1
24621,6
24624,1
24627,4
24630,4
24631,4
24633,4
24634,5
24636,4
24637,6
24640,5
24643,4
24644,1
24646,2
24647,1
24649,3
24650,5
24652,3
24653,5
24656,6
24659,1
24660,3
24662,3
24663,7
24665,3
24666,6
24669,6
24672,2
24675,2
24676,2
24678,4
24679,2
24681,2
24682,2
24685,3
24688,10
24691,1
24692,1
24694,4
24695,2
24697,2
24698,5
24700,1
24701,2
24704,8
24707,8
24708,1
24710,2
24714,2
24716,1
24717,1
24720,6
24723,4
24724,1
24726,4
24727,3
24729,1
24730,2
24732,2
24733,7
24736,6
24739,5
24740,1
24742,2
24743,1
24746,6
24748,1
24749,2
24752,6
24755,4
24759,3
24761,2
24762,3
24764,1
24768,6
24771,5
24772,3
24774,4
24777,1
24778,5
24781,2
24784,2
24787,5
24788,2
24790,4
24793,5
24794,2
24796,1
24797,4
24803,5
24804,3
24806,4
24809,1
24813,2
24816,5
24819,4
24822,3
24823,5
24826,3
24829,2
24832,4
24835,9
24836,2
24838,2
24839,1
24841,3
24842,6
24844,1
24845,6
24848,4
24851,5
24852,1
24854,3
24857,1
24858,2
24860,2
24861,11
24864,9
24867,11
24868,1
24870,1
24871,1
24874,4
24877,3
24880,3
24883,5
24886,1
24887,3
24889,4
24890,1
24892,3
24893,6
24896,5
24899,4
24900,1
24903,2
24905,2
24906,1
24909,4
24912,5
24915,2
24916,5
24918,5
24919,4
24922,2
24924,2
24925,4
24928,8
24931,3
24934,3
24935,6
24937,3
24938,4
24940,4
24941,5
24944,8
24947,5
24950,4
24951,3
24954,2
24957,3
24960,4
24963,4
24964,1
24966,4
24967,4
24969,2
24970,5
24972,2
24973,6
24976,2
24979,4
24982,5
24983,1
24985,2
24986,4
24988,1
24989,4
24992,7
24995,4
24996,2
24998,2
25001,2
25002,2
25004,2
25008,11
25011,6
25012,1
25014,2
25015,2
25017,5
25018,2
25020,2
25021,4
25024,8
25027,4
25030,2
25033,3
25034,1
25036,1
25037,1
25040,7
25043,4
25044,2
25046,4
25047,1
25049,2
25050,1
25052,3
25053,1
25056,2
25059,9
25062,3
25063,1
25065,2
25066,4
25068,1
25069,2
25072,10
25075,3
25076,1
25078,4
25079,4
25081,4
25082,7
25085,5
25088,4
25091,7
25092,2
25094,4
25097,1
25098,3
25101,4
25104,7
25107,1
25108,1
25110,3
25111,1
25113,4
25114,6
25116,1
25117,4
25120,5
25123,7
25124,2
25126,1
25129,2
25130,6
25133,3
25136,6
25139,6
25142,1
25145,1
25146,4
25149,5
25152,4
25155,7
25158,5
25159,2
25161,4
25162,6
25164,2
25165,5
25168,9
25171,3
25174,5
25175,2
25178,2
25180,1
25181,5
25184,5
25187,2
25188,2
25190,4
25191,1
25193,1
25194,2
25196,4
25197,2
25200,3
25203,4
25204,3
25206,3
25207,4
25209,2
25210,4
25212,2
25213,3
25216,3
25219,3
25220,1
25222,2
25223,2
25226,3
25228,1
25229,7
25232,5
25235,5
25236,1
25238,5
25239,3
25241,3
25242,7
25245,3
25251,4
25252,2
25254,5
25255,1
25257,1
25258,8
25260,1
25261,4
25264,4
25267,2
25268,3
25270,4
25271,1
25273,2
25274,4
25277,6
25280,4
25283,4
25286,2
25287,1
25289,1
25290,5
25292,3
25293,3
25296,4
25299,1
25302,3
25303,2
25305,2
25306,3
25309,5
25312,4
25315,9
25316,1
25318,1
25319,3
25321,3
25322,3
25325,5
25328,3
25331,4
25334,5
25335,3
25337,1
25338,2
25340,4
25341,4
25344,4
25347,7
25348,1
25350,2
25351,4
25353,5
25354,1
25357,5
25360,7
25363,3
25364,1
25366,2
25367,3
25369,1
25370,4
25372,1
25373,9
25376,3
25379,2
25380,1
25382,3
25383,1
25385,2
25386,1
25388,1
25389,5
25392,6
25395,9
25396,1
25398,4
25399,2
25402,2
25404,4
25405,5
25408,5
25411,6
25412,3
25414,5
25415,2
25417,3
25418,5
25424,6
25427,2
25428,2
25430,3
25431,1
25433,2
25434,1
25436,1
25437,3
25440,2
25443,7
25446,1
25447,1
25449,4
25450,6
25452,1
25453,4
25456,10
25459,2
25462,3
25465,1
25466,3
25468,2
25469,6
25472,5
25475,5
25478,5
25479,2
25481,1
25482,6
25484,1
25485,6
25488,7
25491,1
25492,1
25494,1
25495,3
25497,4
25498,3
25500,2
25501,10
25504,3
25507,2
25510,4
25511,1
25513,1
25514,2
25516,1
25517,6
25520,5
25523,5
25524,2
25526,2
25527,2
25529,4
25530,2
25532,2
25533,2
25536,6
25539,3
25540,2
25542,4
25543,5
25545,4
25546,7
25549,3
25552,1
25555,6
25556,1
25558,2
25559,2
25561,2
25562,1
25564,1
25565,3
25568,5
25571,7
25572,2
25575,3
25578,4
25581,3
25584,5
25587,7
25588,2
25590,2
25591,1
25594,3
25597,9
25600,5
25603,7
25604,1
25606,4
25607,1
25609,1
25610,6
25613,3
25616,7
25619,7
25620,2
25622,1
25623,1
25625,3
25626,4
25628,2
25629,4
25632,2
25635,1
25636,3
25638,5
25639,1
25641,6
25642,4
25645,6
25648,6
25651,4
25652,2
25654,5
25655,3
25657,2
25658,2
25660,3
25661,7
25667,5
25668,3
25670,4
25671,1
25673,1
25674,2
25676,1
25677,6
25680,6
25683,3
25684,2
25686,5
25687,1
25689,3
25690,2
25692,1
25693,7
25696,2
25699,3
25700,1
25702,2
25703,2
25705,1
25706,4
25709,6
25712,9
25715,6
25716,1
25718,5
25719,6
25722,2
25724,1
25725,3
25728,2
25731,3
25732,1
25734,5
25737,2
25738,2
25741,2
25744,4
25747,1
25748,2
25750,7
25751,4
25753,1
25754,2
25756,1
25757,5
25760,5
25763,1
25766,5
25767,1
25769,1
25770,5
25772,1
25773,5
25776,6
25779,5
25780,2
25782,4
25783,1
25785,1
25786,1
25788,2
25789,5
25792,6
25795,8
25796,1
25798,4
25799,1
25801,3
25802,3
25804,1
25805,2
25808,4
25811,8
25812,2
25814,5
25815,3
25817,3
25818,4
25820,3
25821,4
25824,6
25827,4
25828,1
25831,2
25833,1
25834,2
25837,7
25840,9
25843,2
25846,2
25847,5
25849,2
25850,3
25852,2
25856,6
25859,3
25862,4
25863,2
25865,2
25866,1
25869,2
25872,4
25875,3
25878,4
25879,2
25881,1
25882,5
25885,6
25888,4
25891,2
25894,4
25895,2
25897,1
25898,2
25901,3
25904,3
25907,6
25908,3
25910,3
25911,2
25913,3
25914,6
25917,5
25920,3
25923,8
25924,1
25926,3
25927,1
25929,1
25930,3
25932,1
25933,5
25936,9
25939,5
25940,1
25942,5
25943,4
25945,1
25946,5
25948,3
25949,5
25952,3
25955,7
25958,5
25959,3
25961,3
25962,6
25965,3
25968,5
25971,4
25972,2
25974,3
25975,2
25978,3
25980,1
25981,6
25984,6
25987,5
25990,6
25991,2
25993,3
25994,2
25997,1
26000,3
26003,2
26006,3
26007,6
26009,2
26010,4
26012,1
26013,3
26016,7
26019,4
26022,4
26023,1
26025,3
26026,1
26029,5
26032,6
26035,2
26036,3
26038,4
26039,3
26041,2
26042,3
26044,2
26045,6
26048,2
26051,2
26052,3
26054,5
26055,1
26057,1
26058,5
26060,1
26061,3
26064,3
26067,3
26068,3
26070,3
26073,2
26074,2
26077,2
26080,4
26083,5
26084,1
26086,5
26087,1
26090,4
26092,2
26093,1
26096,3
26099,4
26102,3
26103,2
26105,1
26106,1
26109,7
26112,8
26115,4
26116,3
26118,1
26119,1
26121,2
26122,7
26125,5
26128,6
26131,8
26132,1
26134,4
26135,3
26137,3
26138,3
26141,5
26144,6
26147,5
26150,2
26151,2
26153,3
26154,7
26157,1
26160,6
26163,3
26164,1
26166,3
26167,4
26169,1
26170,5
26172,3
26173,5
26176,2
26179,10
26180,1
26182,4
26183,1
26185,1
26186,5
26188,2
26189,4
26192,9
26195,2
26198,6
26199,3
26201,1
26202,3
26204,1
26205,11
26208,4
26211,4
26212,3
26214,4
26218,1
26220,1
26221,3
26224,2
26227,3
26228,2
26230,2
26233,2
26234,2
26236,1
26237,7
26240,3
26243,7
26244,2
26246,4
26247,4
26249,5
26250,2
26253,8
26256,1
26259,4
26262,4
26265,2
26268,1
26269,4
26272,2
26275,5
26276,3
26278,2
26279,4
26281,1
26282,4
26288,8
26291,1
26292,2
26294,4
26295,3
26297,6
26298,2
26301,6
26304,4
26307,4
26310,3
26311,1
26313,1
26314,3
26316,3
26320,8
26323,3
26326,1
26327,1
26329,1
26330,1
26332,2
26333,3
26336,4
26339,3
26340,2
26342,1
26343,3
26345,3
26346,5
26349,3
26352,9
26355,5
26358,5
26359,4
26361,1
26362,5
26365,4
26368,1
26371,2
26374,3
26375,2
26377,3
26378,7
26380,1
26381,2
26384,5
26387,2
26388,1
26390,3
26391,1
26393,4
26394,2
26397,4
26400,4
26403,6
26404,5
26406,6
26407,2
26409,3
26413,1
26416,5
26419,1
26422,6
26423,2
26425,2
26426,2
26429,6
26432,3
26435,13
26436,2
26438,2
26439,2
26441,3
26442,4
26444,1
26445,3
26448,8
26451,2
26452,1
26454,3
26455,2
26457,3
26458,1
26461,4
26464,3
26467,1
26468,2
26470,5
26471,1
26473,2
26474,1
26477,6
26480,8
26483,2
26484,1
26486,4
26487,2
26489,2
26490,5
26492,1
26493,2
26496,2
26499,3
26502,3
26503,3
26505,1
26506,4
26508,1
26509,3
26512,2
26515,9
26516,1
26518,2
26519,3
26521,1
26522,4
26524,2
26525,4
26528,4
26531,2
26532,3
26534,4
26535,2
26537,2
26538,3
26541,2
26544,4
26547,5
26551,5
26553,2
26554,4
26556,1
26557,4
26560,10
26563,5
26564,2
26566,1
26567,4
26569,4
26570,2
26572,2
26573,4
26576,6
26579,2
26580,5
26582,2
26583,2
26586,1
26588,2
26589,5
26592,4
26595,4
26596,1
26598,5
26599,1
26601,2
26602,5
26605,3
26608,6
26611,4
26612,1
26614,3
26615,2
26617,1
26618,4
26620,2
26621,8
26624,7
26627,5
26628,3
26630,2
26631,2
26633,7
26634,7
26637,2
26640,9
26643,2
26644,1
26646,1
26647,2
26649,1
26650,4
26652,1
26653,9
26656,5
26659,5
26660,1
26662,4
26663,1
26665,1
26666,6
26668,1
26669,4
26672,9
26675,4
26676,1
26678,3
26679,4
26681,1
26682,5
26684,1
26685,3
26688,5
26691,2
26692,3
26694,2
26695,2
26697,2
26698,2
26700,1
26701,7
26704,6
26707,1
26708,1
26710,7
26711,1
26713,3
26714,3
26717,7
26720,5
26723,4
26726,3
26727,2
26729,1
26730,4
26732,2
26733,5
26736,3
26742,1
26743,3
26745,2
26746,1
26749,2
26752,4
26755,6
26756,5
26758,5
26761,1
26762,7
26764,2
26765,3
26768,5
26771,4
26774,2
26775,2
26777,1
26778,3
26780,3
26781,5
26784,6
26787,5
26788,2
26790,3
26791,3
26793,5
26794,3
26796,1
26797,7
26800,8
26803,4
26806,3
26807,1
26810,2
26812,1
26813,7
26816,4
26819,9
26822,2
26823,2
26825,3
26826,5
26829,7
26832,6
26835,5
26836,2
26838,6
26839,2
26841,2
26842,5
26845,4
26848,7
26851,4
26854,5
26855,2
26857,4
26860,1
26861,4
26864,7
26867,5
26868,1
26870,1
26871,3
26873,1
26874,6
26876,2
26877,3
26880,9
26883,3
26884,1
26886,1
26887,2
26889,1
26890,4
26892,4
26893,5
26896,5
26899,2
26902,1
26903,1
26905,1
26906,2
26908,1
26909,6
26912,5
26915,4
26916,1
26918,4
26919,1
26921,5
26922,4
26924,1
26925,3
26928,8
26932,1
26934,2
26935,3
26937,1
26938,5
26940,1
26941,6
26944,3
26947,2
26950,3
26951,2
26953,3
26954,1
26956,2
26957,3
26960,6
26963,5
26964,1
26966,4
26967,4
26969,2
26970,2
26972,1
26973,4
26976,6
26979,2
26982,3
26985,4
26986,6
26988,1
26989,3
26992,5
26995,3
26998,4
26999,5
27002,6
27004,2
27005,5
27008,3
27011,4
27012,1
27014,2
27015,4
27017,5
27018,3
27020,3
27021,7
27024,8
27027,1
27028,2
27030,3
27031,5
27033,1
27034,3
27037,7
27040,4
27043,4
27044,1
27046,2
27047,2
27049,2
27050,4
27053,3
27056,6
27059,1
27060,1
27062,7
27063,2
27065,5
27066,4
27068,2
27069,8
27072,4
27075,2
27076,2
27078,3
27079,1
27081,3
27082,2
27085,2
27088,12
27091,3
27095,3
27097,1
27098,2
27100,2
27101,8
27104,12
27107,10
27108,1
27110,2
27111,3
27113,3
27114,5
27117,5
27120,10
27123,7
27124,1
27126,4
27127,1
27129,1
27130,1
27132,2
27133,3
27136,7
27139,3
27140,1
27142,1
27143,4
27145,1
27146,7
27148,2
27149,4
27152,7
27155,5
27158,3
27159,4
27162,2
27164,1
27165,3
27168,4
27171,4
27174,4
27175,3
27177,5
27178,6
27180,2
27181,2
27184,5
27187,4
27188,1
27190,5
27191,3
27193,2
27194,3
27197,7
27200,7
27203,9
27204,2
27206,3
27207,2
27209,1
27210,3
27212,1
27213,4
27216,14
27219,8
27220,1
27222,2
27223,1
27225,2
27226,4
27228,2
27229,4
27232,3
27235,3
27236,1
27238,6
27239,1
27241,1
27242,7
27244,1
27245,5
27248,5
27251,7
27252,1
27254,1
27255,3
27257,4
27258,2
27260,2
27261,3
27264,7
27267,4
27268,3
27270,3
27271,1
27273,4
27274,6
27276,1
27277,1
27280,7
27283,4
27286,2
27287,4
27289,2
27290,5
27293,1
27296,5
27299,1
27302,1
27303,1
27305,1
27306,4
27308,1
27309,7
27312,7
27315,4
27316,1
27318,2
27319,6
27321,1
27322,3
27324,2
27325,8
27328,5
27331,7
27332,3
27335,1
27338,4
27341,4
27344,4
27347,7
27348,1
27350,1
27351,2
27354,2
27356,2
27357,7
27360,3
27363,10
27366,5
27369,2
27370,1
27372,2
27373,4
27376,5
27379,3
27380,1
27382,2
27383,1
27385,1
27386,2
27388,2
27389,4
27392,6
27395,6
27396,2
27398,5
27399,3
27401,1
27402,6
27405,6
27408,4
27411,3
27414,4
27415,4
27417,1
27418,3
27420,3
27421,4
27424,6
27427,6
27428,2
27430,3
27431,3
27433,2
27434,4
27437,1
27440,5
27443,11
27444,1
27446,3
27447,2
27450,2
27453,2
27456,3
27459,5
27460,2
27462,1
27463,3
27465,4
27466,4
27468,1
27469,5
27472,15
27475,2
27476,1
27478,3
27479,4
27481,3
27482,1
27484,2
27485,6
27488,5
27491,3
27492,2
27494,3
27495,1
27497,2
27498,4
27500,1
27501,2
27504,6
27507,2
27510,5
27511,3
27513,1
27514,3
27516,3
27517,4
27520,5
27523,4
27524,2
27526,4
27527,2
27529,3
27530,4
27532,1
27533,5
27536,3
27539,2
27542,4
27543,7
27545,2
27546,2
27548,1
27549,6
27552,2
27555,5
27558,1
27559,1
27562,4
27564,1
27565,4
27568,3
27571,4
27572,2
27574,5
27575,1
27577,5
27578,1
27580,1
27581,6
27584,2
27587,6
27588,2
27590,5
27593,2
27594,5
27596,1
27597,4
27600,5
27603,5
27606,6
27607,2
27609,4
27610,3
27612,3
27613,4
27616,4
27619,6
27622,1
27623,2
27625,1
27626,4
27628,1
27629,6
27632,10
27635,2
27638,5
27639,2
27642,4
27645,4
27648,2
27651,4
27652,1
27654,4
27655,1
27657,1
27658,1
27661,4
27664,9
27667,3
27668,4
27670,3
27671,5
27673,1
27674,1
27676,2
27677,6
27680,3
27683,3
27684,3
27686,4
27689,1
27690,4
27692,2
27693,6
27696,5
27699,6
27700,1
27702,4
27703,2
27706,4
27708,3
27709,2
27712,8
27715,6
27716,2
27718,4
27719,1
27721,6
27722,6
27724,1
27725,5
27728,4
27731,5
27732,1
27734,3
27735,2
27737,1
27738,4
27741,8
27744,4
27747,5
27748,2
27750,1
27751,2
27754,3
27757,1
27760,9
27763,3
27766,3
27767,2
27769,5
27770,2
27773,1
27776,2
27779,4
27782,4
27783,4
27785,5
27786,4
27788,1
27789,4
27792,8
27795,3
27796,2
27798,4
27799,5
27801,1
27802,3
27804,1
27805,4
27808,4
27811,2
27812,1
27814,3
27815,7
27817,5
27818,4
27820,2
27821,5
27824,8
27827,6
27830,2
27834,4
27836,2
27837,5
27840,8
27843,10
27844,1
27846,2
27847,5
27849,1
27850,1
27853,2
27856,8
27859,5
27860,1
27862,5
27863,2
27865,2
27866,1
27868,1
27869,10
27872,3
27875,3
27878,8
27879,1
27881,4
27882,1
27885,4
27888,7
27891,5
27894,3
27897,1
27898,3
27900,2
27901,6
27904,5
27907,2
27910,3
27911,1
27913,4
27914,2
27916,2
27917,6
27920,1
27924,1
27926,3
27927,5
27929,4
27930,1
27932,1
27933,4
27936,7
27939,4
27940,2
27942,3
27943,1
27945,1
27946,2
27949,3
27952,10
27955,5
27958,4
27959,8
27961,1
27962,2
27964,3
27965,7
27968,4
27971,6
27972,1
27974,2
27975,1
27977,3
27978,5
27980,4
27981,6
27984,6
27987,5
27988,2
27990,4
27991,5
27993,1
27994,2
27996,3
27997,3
28000,7
28003,8
28004,1
28006,5
28007,4
28010,4
28013,7
28016,6
28019,1
28020,1
28022,6
28023,2
28025,1
28026,3
28028,2
28029,4
28032,3
28035,2
28036,1
28039,1
28041,2
28042,6
28044,1
28045,6
28048,8
28051,5
28054,6
28055,2
28058,2
28060,3
28061,8
28064,4
28067,5
28068,1
28070,1
28071,1
28073,3
28074,5
28077,2
28080,3
28083,8
28086,4
28087,1
28089,3
28090,1
28092,1
28093,4
28096,6
28099,6
28102,3
28103,1
28106,1
28108,2
28109,3
28112,7
28115,7
28118,8
28119,4
28121,1
28122,5
28124,1
28125,6
28128,4
28131,6
28132,2
28134,3
28137,1
28138,1
28141,7
28144,3
28147,1
28150,4
28151,4
28154,3
28156,4
28157,8
28160,5
28163,4
28164,4
28166,2
28167,1
28169,2
28170,7
28173,4
28176,4
28179,7
28182,1
28183,4
28186,4
28189,5
28192,5
28195,2
28196,1
28198,3
28199,1
28202,3
28205,1
28208,2
28211,3
28212,1
28214,2
28215,7
28217,1
28218,3
28220,1
28221,2
28224,7
28227,4
28228,3
28230,2
28231,2
28233,4
28234,6
28236,2
28237,4
28240,6
28243,3
28244,1
28246,6
28247,1
28249,1
28250,3
28253,8
28256,3
28259,4
28260,1
28262,4
28263,2
28265,4
28266,4
28268,1
28272,4
28275,5
28278,5
28279,4
28281,3
28282,7
28284,1
28285,3
28288,2
28291,6
28292,2
28294,4
28295,2
28297,4
28298,3
28300,1
28301,4
28304,8
28307,2
28310,4
28311,1
28313,1
28314,2
28317,6
28320,5
28323,5
28326,2
28327,1
28329,2
28330,6
28332,1
28333,1
28336,5
28339,2
28342,3
28343,4
28345,1
28346,4
28348,5
28349,5
28352,8
28355,3
28356,5
28358,4
28361,3
28362,4
28364,2
28365,2
28368,9
28371,2
28374,3
28375,2
28377,1
28378,1
28380,1
28381,3
28384,5
28387,5
28388,3
28390,2
28391,2
28393,1
28394,5
28397,4
28400,8
28403,4
28404,1
28406,2
28407,3
28409,2
28410,3
28413,7
28416,2
28419,1
28420,3
28423,1
28425,2
28426,4
28428,1
28429,3
28432,5
28435,6
28436,1
28438,1
28439,2
28441,3
28442,3
28444,2
28445,6
28448,3
28451,5
28452,2
28455,2
28457,2
28458,1
28460,1
28461,2
28464,6
28467,2
28470,5
28471,4
28473,3
28474,5
28476,3
28480,6
28483,4
28484,4
28486,3
28489,3
28490,2
28492,1
28493,2
28496,6
28499,3
28500,2
28502,6
28503,3
28505,2
28506,2
28509,8
28512,7
28515,5
28516,1
28518,7
28519,3
28521,1
28522,3
28524,1
28525,6
28528,3
28531,4
28532,4
28534,2
28535,5
28541,5
28544,9
28547,7
28548,1
28550,2
28553,2
28556,3
28557,6
28560,8
28563,4
28564,3
28566,3
28567,2
28570,2
28572,3
28573,7
28576,4
28579,4
28580,2
28582,4
28585,3
28586,4
28589,5
28592,9
28595,4
28598,4
28599,2
28602,1
28605,9
28608,6
28611,4
28614,6
28615,1
28618,3
28620,1
28621,3
28624,4
28627,7
28630,3
28631,3
28633,2
28634,3
28636,1
28637,5
28640,4
28643,7
28646,2
28647,7
28649,4
28650,2
28652,2
28653,2
28656,5
28659,3
28660,1
28662,4
28663,1
28665,1
28666,5
28668,3
28669,7
28672,4
28675,4
28676,2
28678,1
28679,2
28681,4
28682,1
28684,1
28685,6
28688,5
28691,3
28692,2
28694,3
28695,7
28697,2
28698,5
28701,7
28704,5
28707,6
28708,1
28710,4
28711,1
28713,1
28714,1
28716,2
28717,2
28720,7
28723,2
28724,1
28726,2
28729,1
28730,3
28732,2
28733,4
28736,3
28739,4
28740,2
28742,2
28743,1
28745,3
28746,2
28749,4
28752,13
28755,1
28758,7
28761,3
28762,2
28765,4
28768,8
28771,5
28772,2
28774,2
28775,3
28777,1
28778,7
28780,1
28781,6
28784,5
28787,4
28788,1
28790,8
28791,2
28793,4
28794,5
28797,5
28800,9
28803,5
28806,4
28807,2
28809,4
28810,2
28812,1
28813,4
28816,6
28819,1
28820,1
28822,10
28823,2
28825,2
28826,3
28828,1
28829,4
28832,5
28835,7
28838,3
28839,3
28841,1
28842,3
28844,2
28845,5
28848,6
28851,2
28852,1
28854,5
28855,1
28857,1
28858,5
28860,2
28861,9
28864,2
28867,4
28868,2
28870,3
28871,6
28873,1
28874,5
28876,1
28877,5
28880,10
28883,8
28884,1
28886,5
28887,2
28889,1
28890,2
28892,1
28893,2
28896,3
28899,4
28902,5
28903,1
28905,4
28906,4
28908,1
28909,7
28912,13
28915,2
28916,1
28918,2
28919,1
28921,1
28922,2
28924,2
28925,3
28928,6
28931,5
28934,1
28935,1
28937,3
28938,3
28940,2
28941,3
28944,1
28947,4
28948,1
28950,4
28951,1
28953,2
28956,2
28957,3
28960,8
28963,3
28964,3
28966,2
28967,2
28969,2
28970,1
28972,2
28973,1
28976,3
28979,5
28980,3
28982,4
28983,3
28985,2
28986,3
28989,4
28992,7
28995,6
28998,5
28999,2
29001,5
29002,4
29005,3
29008,7
29011,4
29014,5
29018,2
29020,1
29021,8
29024,2
29027,3
29028,1
29030,1
29031,3
29033,2
29034,3
29037,6
29040,4
29043,3
29046,3
29047,3
29049,3
29050,5
29052,1
29053,6
29056,8
29059,1
29060,3
29062,5
29063,3
29065,3
29066,3
29069,2
29072,4
29075,5
29076,4
29078,3
29079,1
29082,1
29084,2
29085,4
29088,3
29091,4
29094,11
29095,1
29097,3
29098,4
29100,1
29101,3
29104,5
29107,4
29108,1
29110,3
29111,2
29114,3
29116,2
29117,6
29120,5
29123,5
29124,2
29126,1
29127,3
29129,3
29130,4
29132,1
29133,3
29136,9
29139,7
29142,2
29143,2
29146,3
29148,1
29149,3
29152,1
29156,2
29158,4
29161,3
29162,3
29164,1
29168,5
29171,6
29172,1
29174,1
29175,2
29177,3
29178,2
29180,3
29181,4
29187,3
29188,4
29190,2
29191,1
29193,3
29194,4
29196,1
29197,4
29200,6
29203,1
29204,1
29206,4
29207,4
29209,2
29212,1
29213,4
29216,1
29219,6
29222,2
29223,1
29225,2
29226,4
29228,2
29229,2
29232,5
29235,3
29238,8
29239,3
29241,4
29242,7
29245,2
29248,4
29251,4
29252,1
29254,2
29255,3
29257,2
29258,2
29260,4
29261,6
29264,3
29267,4
29270,6
29274,2
29276,2
29277,3
29280,1
29283,2
29286,5
29287,3
29289,4
29290,1
29293,2
29296,13
29299,8
29302,4
29303,3
29306,5
29309,5
29312,4
29315,2
29318,2
29319,2
29321,1
29322,5
29324,3
29325,3
29328,4
29331,6
29332,3
29335,2
29337,3
29338,5
29341,4
29344,5
29347,3
29350,2
29351,2
29353,2
29354,1
29356,2
29357,1
29360,5
29363,1
29364,1
29366,2
29367,4
29369,2
29370,1
29372,1
29373,4
29376,3
29379,8
29382,6
29383,4
29385,4
29386,3
29388,2
29389,2
29392,9
29395,5
29398,5
29399,5
29401,3
29402,2
29408,9
29411,6
29412,5
29414,2
29415,1
29417,2
29421,4
29424,5
29427,5
29430,4
29431,1
29433,3
29434,1
29436,1
29437,8
29440,4
29443,3
29446,5
29449,3
29450,2
29452,1
29453,4
29456,8
29459,5
29462,2
29463,3
29466,3
29468,1
29469,6
29472,5
29475,3
29476,1
29478,3
29479,1
29481,3
29482,5
29484,1
29485,2
29488,5
29491,1
29494,4
29495,3
29497,2
29498,4
29500,2
29501,4
29504,3
29507,7
29510,4
29511,1
29513,2
29514,4
29516,1
29517,6
29520,6
29523,3
29524,1
29526,4
29527,4
29529,2
29530,3
29532,2
29533,5
29536,7
29539,5
29542,4
29543,2
29545,6
29546,5
29549,4
29552,6
29555,3
29556,2
29558,1
29559,1
29561,4
29562,1
29564,1
29565,5
29568,2
29571,3
29572,1
29574,6
29575,3
29577,4
29578,2
29580,2
29581,4
29584,5
29587,2
29588,4
29590,7
29591,3
29593,1
29594,2
29597,5
29600,1
29603,7
29604,1
29606,3
29607,2
29609,6
29610,3
29612,1
29613,5
29616,3
29619,7
29622,3
29625,6
29626,3
29628,2
29629,4
29632,4
29635,3
29638,5
29639,1
29641,5
29642,1
29644,1
29645,4
29648,7
29651,3
29654,3
29655,4
29657,3
29660,1
29661,6
29664,3
29667,8
29668,2
29670,3
29671,2
29673,5
29674,2
29676,1
29677,7
29680,2
29683,1
29684,1
29686,2
29687,4
29689,2
29690,2
29692,2
29693,1
29696,1
29699,4
29702,2
29703,1
29705,3
29706,4
29709,5
29712,6
29715,3
29718,3
29721,1
29722,3
29725,2
29728,7
29731,4
29732,1
29734,2
29735,2
29737,3
29738,2
29741,3
29744,3
29747,3
29748,3
29750,2
29751,3
29753,3
29754,4
29757,6
29760,2
29763,6
29766,8
29767,4
29769,1
29770,7
29772,2
29773,4
29776,7
29779,8
29782,1
29785,3
29786,3
29788,1
29789,5
29792,3
29795,4
29796,1
29798,6
29799,1
29801,4
29802,2
29805,4
29808,7
29811,4
29814,2
29815,1
29820,1
29821,8
29824,3
29827,4
29828,2
29830,4
29831,2
29833,5
29834,4
29836,1
29837,2
29840,6
29844,3
29846,5
29847,2
29849,3
29850,2
29852,1
29853,5
29856,5
29859,3
29860,1
29862,3
29863,3
29865,2
29866,5
29868,1
29869,3
29872,5
29875,4
29876,2
29878,4
29879,2
29881,1
29882,3
29884,1
29885,4
29888,3
29891,6
29894,2
29895,5
29897,1
29898,1
29901,4
29904,3
29907,9
29908,1
29910,7
29911,3
29913,3
29914,3
29916,1
29917,3
29920,6
29923,3
29924,2
29926,1
29927,2
29929,2
29930,2
29932,1
29933,5
29936,5
29939,3
29940,2
29942,2
29943,3
29945,4
29946,2
29949,5
29952,6
29955,6
29956,2
29958,2
29959,2
29961,1
29962,7
29965,1
29968,4
29971,4
29972,2
29974,4
29975,3
29977,4
29978,2
29980,1
29981,4
29984,4
29987,4
29988,5
29990,2
29991,2
29993,5
29994,5
29996,1
29997,4
30000,5
30003,7
30006,5
30007,2
30009,1
30010,4
30012,1
30013,6
30016,4
30019,7
30022,4
30025,1
30026,4
30029,2
30032,9
30035,7
30036,2
30038,8
30039,5
30041,2
30042,3
30044,2
30045,7
30048,4
30051,12
30054,1
30055,2
30057,2
30058,3
30060,2
30061,5
30064,5
30067,4
30068,2
30070,3
30071,2
30073,1
30074,2
30077,2
30080,6
30083,4
30084,1
30086,3
30089,2
30090,5
30092,3
30093,9
30096,3
30099,5
30102,4
30105,1
30106,6
30108,2
30109,6
30112,5
30115,9
30116,1
30118,5
30121,3
30122,6
30125,8
30128,7
30131,4
30132,1
30134,2
30135,2
30137,2
30138,5
30140,1
30141,4
30144,10
30147,3
30148,2
30150,1
30151,3
30153,2
30154,4
30156,1
30157,6
30160,1
30163,4
30166,2
30167,6
30169,2
30170,3
30173,4
30176,2
30179,2
30180,1
30182,4
30183,1
30185,5
30186,3
30188,1
30189,1
30192,3
30195,7
30196,2
30198,6
30199,2
30201,2
30202,4
30205,2
30208,7
30211,1
30212,2
30214,3
30215,3
30217,1
30218,2
30221,3
30224,4
30227,4
30228,1
30230,5
30231,2
30233,4
30234,4
30236,2
30237,3
30240,1
30243,3
30246,3
30247,1
30249,1
30250,2
30252,1
30253,4
30256,3
30259,5
30260,2
30262,3
30263,3
30265,1
30266,1
30268,2
30269,4
30272,1
30275,3
30276,2
30278,4
30279,2
30281,1
30285,3
30288,10
30291,3
30292,2
30294,3
30295,2
30297,1
30298,2
30300,2
30301,7
30304,3
30307,3
30310,4
30311,1
30314,5
30317,2
30320,5
30323,3
30324,1
30326,2
30327,2
30329,1
30330,4
30332,2
30333,6
30336,3
30339,5
30340,3
30342,2
30343,2
30345,3
30346,5
30348,1
30349,6
30352,8
30355,9
30358,6
30359,5
30362,2
30364,1
30365,3
30368,2
30371,7
30372,2
30374,2
30375,1
30377,1
30378,1
30381,1
30384,4
30387,8
30390,3
30391,1
30393,3
30394,2
30396,1
30397,2
30400,7
30403,1
30404,2
30406,1
30407,1
30409,1
30410,7
30413,3
30416,9
30419,3
30420,1
30422,4
30423,3
30425,4
30426,1
30428,2
30429,5
30432,4
30435,5
30436,1
30438,3
30439,1
30441,3
30442,4
30444,1
30445,2
30448,6
30451,5
30452,1
30454,3
30455,1
30457,1
30458,1
30460,1
30461,8
30464,2
30467,6
30470,2
30471,2
30473,2
30477,2
30480,4
30484,1
30487,4
30489,3
30490,4
30492,1
30493,5
30496,4
30499,2
30505,2
30506,1
30509,6
30512,2
30515,2
30518,1
30519,1
30522,2
30525,5
30528,1
30531,3
30534,2
30535,1
30537,1
30538,4
30540,2
30541,1
30544,5
30547,3
30548,1
30550,2
30551,2
30553,2
30554,1
30557,2
30560,1
30563,5
30566,2
30567,2
30569,2
30570,1
30573,2
30576,7
30579,7
30580,1
30582,2
30585,1
30586,2
30588,2
30592,1
30595,4
30598,6
30599,3
30601,4
30602,3
30604,1
30605,5
30608,2
30611,2
30612,1
30614,3
30615,2
30617,1
30618,2
30621,4
30624,4
30627,3
30628,1
30630,1
30631,2
30633,1
30636,1
30637,1
30640,4
30643,1
30646,2
30647,1
30652,1
30653,1
30656,3
30659,3
30662,1
30665,1
30666,3
30669,3
30672,6
30675,1
30678,2
30679,4
30681,1
30682,1
30684,1
30685,4
30688,3
30691,4
30692,1
30694,2
30697,2
30701,3
30704,4
30707,2
30708,1
30710,2
30711,1
30714,2
30716,2
30717,2
30720,2
30723,2
30724,1
30726,1
30729,1
30732,2
30733,3
30736,1
30739,2
30740,1
30742,2
30743,1
30745,3
30749,1
30752,1
30755,1
30756,2
30759,1
30761,1
30762,2
30764,1
30765,3
30768,2
30771,3
30778,1
30781,2
30784,3
30787,2
30788,1
30790,1
30791,2
30793,3
30794,2
30796,1
30797,3
30800,1
30803,3
30806,5
30807,1
30810,3
30813,1
30816,2
30819,3
30822,1
30825,1
30828,1
30829,2
30832,1
30838,1
30845,1
30848,1
30851,7
30852,1
30854,1
30857,1
30861,3
30864,4
30870,2
30871,1
30873,1
30874,3
30876,1
30883,1
30887,1
30893,1
30896,4
30899,1
30902,2
30903,1
30905,1
30906,3
30909,1
30912,2
30915,1
30918,2
30919,1
30921,1
30922,1
30925,1
30928,6
30931,1
30934,3
30938,3
30940,1
30941,1
30944,4
30947,2
30948,3
30950,2
30951,1
30953,1
30954,5
30957,1
30963,1
30964,2
30966,1
30969,1
30973,2
30976,3
30979,3
30980,1
30982,1
30986,2
30988,1
30992,2
30995,1
30996,1
30998,1
30999,2
31002,1
31004,1
31005,2
31011,1
31012,1
31017,1
31018,1
31030,2
31033,1
31034,1
31037,1
31043,1
31044,2
31046,1
31049,2
31050,2
31053,1
31056,1
31059,1
31063,1
31065,1
31072,3
31075,5
31079,1
31081,2
31084,1
31085,1
31088,1
31091,2
31092,2
31094,3
31095,1
31097,1
31098,1
31101,1
31104,1
31108,1
31116,1
31117,2
31120,1
31123,1
31126,1
31127,1
31133,3
31136,1
31139,2
31143,2
31145,2
31146,3
31148,1
31152,3
31155,2
31156,1
31158,2
31159,3
31162,1
31164,3
31165,2
31168,4
31171,4
31174,1
31178,4
31181,4
31184,3
31187,2
31190,1
31191,2
31197,5
31200,5
31203,2
31207,2
31209,3
31213,1
31216,2
31219,1
31222,2
31223,2
31226,3
31229,2
31232,1
31235,3
31236,1
31238,1
31241,2
31248,3
31251,6
31252,1
31254,1
31258,3
31261,3
31264,4
31267,3
31273,2
31277,2
31280,3
31283,3
31284,1
31286,2
31287,3
31290,1
31292,1
31293,2
31296,1
31306,1
31309,4
31312,2
31315,1
31319,2
31321,2
31322,2
31325,3
31328,2
31331,1
31334,1
31337,1
31341,3
31344,4
31347,1
31348,3
31350,1
31351,2
31357,4
31360,2
31363,2
31366,1
31370,2
31373,1
31376,4
31379,2
31383,3
31385,1
31389,3
31396,1
31399,1
31401,1
31402,2
31404,1
31405,3
31408,2
31411,3
31412,1
31414,2
31415,1
31417,1
31420,1
31421,1
31424,3
31428,1
31430,2
31431,1
31433,2
31434,4
31437,2
31440,1
31443,1
31449,1
31450,1
31453,2
31456,1
31459,4
31460,1
31462,1
31466,1
31472,2
31475,2
31478,2
31479,1
31482,2
31484,1
31485,2
31488,1
31491,2
31492,2
31494,1
31495,2
31497,1
31498,2
31500,1
31501,2
31507,2
31508,1
31510,2
31511,1
31513,3
31517,2
31520,2
31523,1
31524,1
31526,2
31529,1
31530,4
31533,1
31536,5
31539,3
31545,1
31546,1
31549,1
31552,2
31555,3
31561,2
31562,2
31565,1
31568,1
31571,1
31572,2
31574,2
31575,1
31577,2
31578,5
31581,1
31584,3
31587,1
31590,3
31593,2
31594,3
31597,2
31600,6
31603,2
31604,1
31606,2
31607,1
31609,1
31613,5
31619,2
31620,2
31622,1
31623,1
31626,2
31628,1
31629,1
31632,4
31635,3
31636,1
31638,1
31639,1
31645,4
31648,1
31651,2
31655,2
31658,1
31661,1
31664,4
31667,4
31668,1
31670,1
31671,1
31673,1
31674,1
31676,1
31680,3
31683,4
31687,1
31689,3
31690,1
31692,2
31693,1
31696,4
31699,1
31709,2
31718,2
31719,1
31721,1
31722,4
31725,2
31728,4
31731,2
31734,3
31735,3
31737,4
31738,2
31741,2
31744,3
31747,1
31750,1
31751,1
31753,4
31754,2
31757,1
31760,2
31763,2
31766,1
31767,2
31769,1
31772,1
31773,2
31776,1
31779,1
31782,1
31785,3
31786,2
31789,1
31792,3
31796,1
31798,3
31799,1
31801,1
31802,2
31805,4
31808,2
31814,4
31815,1
31818,3
31821,2
31824,2
31827,1
31830,1
31831,1
31833,1
31834,1
31840,2
31843,3
31844,1
31846,2
31847,1
31849,2
31850,1
31852,1
31853,2
31856,1
31859,1
31862,2
31863,1
31865,1
31869,2
31872,2
31875,2
31876,1
31878,2
31881,2
31885,1
31888,5
31891,1
31895,2
31898,2
31900,2
31901,2
31904,2
31913,1
31914,2
31916,1
31917,1
31920,3
31923,2
31930,2
31932,1
31933,4
31939,1
31942,2
31943,1
31945,3
31946,1
31949,1
31952,2
31955,5
31958,3
31959,3
31965,3
31968,5
31971,1
31974,2
31977,2
31978,1
31980,1
31981,3
31984,3
31990,2
31994,2
31997,2
32000,1
32003,1
32006,3
32007,3
32013,2
32016,4
32019,1
32020,1
32022,3
32023,1
32029,3
32035,1
32041,1
32044,1
32045,3
32048,3
32051,1
32052,2
32057,1
32058,2
32060,1
32061,2
32070,2
32073,1
32074,1
32080,2
32084,1
32086,1
32087,1
32089,1
32090,3
32092,1
32093,2
32096,1
32099,3
32102,2
32106,1
32109,3
32115,3
32119,1
32121,1
32122,1
32125,2
32128,2
32131,2
32138,1
32140,1
32141,3
32144,4
32150,4
32151,1
32153,1
32156,1
32157,1
32163,1
32166,6
32169,2
32170,4
32172,1
32173,1
32176,3
32179,1
32180,1
32182,1
32186,4
32188,1
32189,1
32192,3
32195,4
32198,1
32199,1
32202,3
32205,1
32208,4
32211,1
32212,1
32214,1
32215,2
32217,3
32221,3
32224,2
32227,4
32231,2
32233,1
32234,4
32237,1
32243,3
32246,1
32252,1
32253,3
32256,3
32260,1
32263,1
32266,1
32269,2
32272,1
32276,1
32278,3
32281,4
32282,2
32288,3
32291,2
32294,1
32298,3
32300,2
32304,3
32308,1
32310,2
32314,1
32316,1
32317,1
32320,2
32323,1
32326,2
32327,2
32330,2
32332,2
32333,1
32336,3
32339,2
32342,2
32343,2
32346,1
32349,1
32352,3
32355,3
32358,1
32359,1
32361,2
32362,1
32365,1
32368,3
32371,1
32372,1
32374,2
32375,2
32377,2
32378,1
32381,2
32390,1
32394,2
32396,1
32397,1
32400,1
32403,1
32406,3
32407,1
32412,1
32413,1
32416,4
32419,5
32422,3
32423,1
32425,2
32426,1
32429,1
32432,4
32435,1
32438,1
32442,1
32445,3
32451,1
32452,1
32454,2
32457,2
32458,2
32460,1
32461,1
32464,1
32467,1
32470,1
32473,2
32474,3
32477,1
32480,4
32483,4
32487,1
32490,1
32493,2
32496,2
32499,4
32502,1
32506,3
32509,1
32512,1
32515,1
32521,1
32522,2
32525,2
32528,2
32531,5
32532,1
32534,2
32535,1
32537,1
32540,2
32541,3
32544,2
32547,2
32548,1
32550,2
32551,1
32553,2
32554,1
32557,2
32563,1
32564,2
32566,3
32567,1
32570,1
32576,1
32579,2
32582,1
32585,1
32586,1
32588,2
32592,1
32595,1
32598,4
32602,1
32605,1
32608,5
32611,1
32614,1
32618,2
32624,2
32627,2
32630,2
32631,2
32634,4
32640,1
32643,2
32646,2
32647,1
32649,1
32650,1
32656,2
32659,1
32660,2
32663,1
32665,1
32666,1
32672,4
32679,1
32681,1
32685,1
32688,3
32691,2
32692,1
32694,2
32695,4
32698,2
32701,1
32704,2
32707,3
32708,1
32710,1
32711,1
32713,1
32717,3
32723,1
32726,3
32727,2
32729,1
32730,2
32732,1
32733,6
32736,3
32739,2
32740,1
32742,2
32743,1
32745,1
32746,2
32748,1
32749,1
32752,1
32755,2
32756,1
32758,3
32759,1
32762,4
32765,1
32768,1
32771,3
32774,1
32778,3
32780,1
32781,1
32784,1
32790,1
32793,1
32794,2
32797,3
32804,1
32806,1
32810,2
32813,1
32816,5
32820,2
32822,1
32823,2
32825,1
32826,2
32828,1
32832,1
32835,1
32836,2
32838,1
32842,2
32845,1
32848,2
32851,1
32854,3
32855,1
32861,2
32864,2
32871,1
32873,1
32874,2
32876,2
32877,4
32880,2
32883,1
32886,2
32890,1
32896,1
32899,2
32903,2
32905,1
32906,1
32908,1
32912,1
32915,1
32916,2
32918,3
32922,3
32925,5
32928,2
32931,3
32932,1
32934,1
32938,1
32941,2
32944,5
32947,2
32950,1
32951,4
32956,1
32957,1
32960,1
32963,1
32969,1
32976,2
32982,1
32983,1
32985,1
32988,1
32989,1
32995,2
32996,1
33001,2
33002,2
33004,1
33005,2
33008,1
33011,2
33012,1
33015,1
33017,1
33018,1
33020,2
33021,1
33034,1
33036,1
33040,1
33043,1
33046,3
33050,2
33052,1
33053,1
33056,1
33062,3
33065,1
33066,1
33069,2
33072,3
33075,1
33078,1
33079,1
33091,1
33095,1
33097,1
33104,3
33107,2
33110,1
33111,3
33114,1
33117,2
33120,2
33123,2
33126,2
33130,4
33133,3
33136,4
33139,3
33142,1
33148,2
33149,3
33152,1
33155,1
33158,1
33161,1
33162,1
33164,1
33165,3
33168,2
33171,1
33174,2
33175,2
33177,1
33178,1
33181,2
33184,2
33188,2
33196,1
33197,4
33200,2
33203,1
33207,2
33210,2
33213,2
33216,3
33219,1
33223,1
33226,3
33232,1
33236,1
33239,2
33242,2
33245,1
33248,3
33251,2
33254,4
33257,2
33264,2
33267,3
33270,1
33274,1
33276,1
33277,2
33280,3
33283,1
33284,1
33287,2
33289,3
33290,2
33292,1
33296,2
33299,1
33302,3
33312,1
33315,2
33316,1
33318,2
33319,1
33322,1
33325,1
33328,3
33331,2
33332,1
33334,2
33338,2
33344,2
33347,1
33348,1
33353,1
33354,2
33356,2
33357,1
33360,2
33363,2
33366,1
33370,1
33376,1
33382,1
33386,3
33389,1
33392,3
33395,3
33398,2
33399,1
33401,1
33402,1
33405,4
33408,3
33411,4
33412,1
33414,3
33415,2
33420,1
33421,1
33424,2
33427,2
33430,1
33431,1
33434,1
33437,1
33440,1
33443,3
33444,1
33446,2
33447,1
33450,1
33453,1
33459,3
33462,1
33463,2
33469,1
33475,3
33478,1
33481,1
33482,1
33485,1
33488,4
33491,2
33492,1
33494,1
33495,1
33497,1
33498,1
33501,2
33504,1
33507,1
33508,2
33510,3
33513,1
33514,2
33520,2
33523,1
33526,1
33527,1
33532,1
33533,1
33539,1
33540,1
33543,1
33545,1
33546,2
33552,2
33558,2
33565,2
33571,2
33574,1
33575,1
33577,2
33578,1
33580,1
33581,3
33584,1
33587,2
33593,1
33594,2
33596,1
33603,1
33604,1
33606,1
33609,3
33616,2
33622,5
33623,2
33625,2
33629,1
33632,2
33635,2
33638,1
33641,1
33642,2
33645,1
33651,2
33654,1
33655,1
33658,1
33667,2
33668,1
33670,2
33671,1
33674,1
33677,2
33680,2
33683,4
33686,1
33690,1
33692,1
33693,1
33696,3
33699,1
33702,1
33705,1
33709,2
33712,2
33721,1
33724,1
33731,2
33735,2
33737,4
33741,1
33744,4
33748,1
33754,1
33757,2
33763,1
33764,2
33769,1
33770,1
33773,1
33776,1
33779,1
33780,1
33782,1
33785,2
33786,1
33792,2
33795,4
33796,1
33801,1
33805,1
33808,3
33812,1
33815,1
33817,2
33818,3
33821,1
33824,2
33827,2
33830,1
33831,1
33834,1
33837,3
33840,1
33843,2
33853,1
33862,2
33866,2
33869,1
33872,2
33875,1
33882,2
33885,1
33888,2
33891,2
33892,1
33897,2
33898,2
33901,1
33904,3
33910,1
33913,1
33917,3
33920,1
33923,1
33929,1
33930,1
33936,1
33939,3
33940,1
33949,2
33952,2
33955,2
33958,1
33965,1
33968,4
33971,1
33974,1
33975,2
33977,1
33978,1
33981,1
33984,1
33987,1
33994,1
33996,1
33997,1
34003,1
34006,1
34007,1
34009,1
34013,2
34016,2
34022,1
34023,2
34025,1
34029,4
34032,2
34035,3
34038,1
34041,1
34042,2
34048,1
34051,2
34058,1
34061,2
34067,1
34074,1
34077,3
34080,2
34083,3
34092,1
34093,1
34096,2
34100,1
34102,1
34103,1
34108,1
34112,2
34115,1
34118,1
34122,2
34134,1
34137,1
34138,3
34141,1
34144,1
34148,1
34150,1
34153,1
34160,2
34163,1
34166,2
34170,1
34173,3
34176,1
34179,1
34182,3
34183,1
34185,1
34186,1
34189,1
34192,1
34195,1
34202,1
34205,2
34208,1
34218,2
34220,2
34221,1
34224,2
34227,1
34228,1
34231,2
34240,1
34246,3
34247,1
34252,1
34253,1
34256,2
34259,1
34262,1
34263,2
34266,2
34269,3
34272,1
34275,1
34276,1
34281,1
34282,3
34284,1
34288,1
34294,2
34295,1
34297,2
34298,2
34304,1
34310,2
34313,1
34314,1
34317,1
34326,2
34330,2
34336,2
34339,1
34342,1
34346,1
34348,1
34352,3
34355,1
34358,1
34361,2
34371,1
34377,1
34381,3
34387,1
34390,1
34397,1
34400,1
34410,2
34413,1
34416,1
34422,2
34423,1
34425,1
34426,1
34432,2
34435,3
34438,1
34441,1
34445,1
34451,1
34454,1
34458,1
34460,2
34461,2
34464,1
34467,3
34470,2
34474,1
34477,1
34480,1
34484,1
34487,4
34492,1
34493,1
34496,1
34499,1
34503,1
34505,1
34506,2
34509,1
34512,2
34515,1
34518,3
34519,1
34521,1
34522,2
34528,1
34535,1
34538,1
34541,1
34544,1
34547,2
34550,1
34551,1
34553,1
34554,4
34556,1
34557,3
34560,1
34563,2
34567,2
34569,1
34570,2
34572,1
34573,1
34576,2
34580,1
34588,1
34589,3
34592,1
34595,1
34605,1
34608,1
34611,2
34614,1
34617,1
34621,1
34627,2
34630,1
34633,1
34634,2
34637,1
34640,4
34646,1
34650,1
34663,1
34665,1
34669,1
34672,3
34681,1
34682,1
34684,1
34685,3
34694,1
34695,1
34697,2
34701,2
34707,1
34710,1
34711,2
34714,1
34720,3
34730,1
34736,1
34739,3
34740,1
34742,2
34743,2
34745,1
34749,1
34752,1
34755,2
34761,2
34762,4
34765,1
34768,1
34771,1
34774,1
34775,1
34777,1
34778,2
34781,2
34784,2
34793,1
34797,1
34803,3
34806,1
34807,1
34809,2
34810,1
34813,1
34819,2
34823,1
34826,1
34832,2
34835,1
34842,1
34845,4
34851,3
34857,1
34858,2
34860,1
34861,3
34864,2
34867,2
34871,1
34873,1
34874,1
34880,1
34883,1
34887,2
34890,1
34892,1
34896,2
34902,1
34903,1
34905,1
34906,2
34909,1
34912,1
34915,1
34921,2
34925,1
34928,1
34935,1
34940,3
34941,1
34944,2
34947,1
34950,1
34957,1
34963,1
34970,2
34976,1
34979,2
34985,2
34988,1
34992,1
34998,1
35001,1
35002,1
35004,1
35005,2
35011,2
35012,1
35014,2
35017,1
35020,1
35021,1
35024,1
35030,1
35034,1
35046,1
35050,1
35053,1
35062,1
35066,2
35068,1
35082,2
35094,1
35098,2
35111,1
35114,3
35116,1
35120,1
35126,2
35127,1
35136,1
35139,1
35142,1
35143,1
35145,1
35146,1
35149,1
35152,1
35155,2
35161,1
35162,1
35171,1
35177,1
35181,1
35184,2
35187,2
35191,1
35200,2
35203,3
35207,1
35210,2
35212,1
35216,3
35219,2
35222,3
35225,1
35226,1
35229,1
35239,1
35248,1
35255,1
35264,1
35267,1
35270,1
35273,1
35277,1
35280,2
35286,1
35287,1
35289,1
35290,1
35293,1
35296,1
35299,3
35302,3
35303,1
35316,1
35318,1
35322,2
35325,1
35328,5
35331,2
35335,1
35341,1
35347,3
35350,1
35354,1
35357,2
35360,1
35363,1
35367,1
35369,1
35370,2
35372,1
35376,2
35379,1
35380,1
35385,1
35386,1
35389,2
35392,5
35395,2
35396,1
35401,1
35402,2
35405,1
35411,1
35414,2
35418,1
35424,3
35427,1
35437,1
35440,1
35443,1
35447,1
35450,1
35456,2
35459,1
35460,1
35462,1
35463,1
35465,1
35466,1
35475,1
35478,3
35479,1
35481,1
35485,1
35488,1
35495,2
35498,1
35511,1
35517,2
35520,2
35523,1
35524,1
35533,1
35539,2
35542,1
35545,1
35549,2
35556,1
35565,2
35568,1
35571,1
35574,1
35575,2
35587,2
35588,1
35590,3
35597,1
35600,3
35612,1
35613,2
35623,1
35629,2
35632,4
35638,1
35639,1
35642,1
35645,1
35648,1
35651,2
35657,1
35658,1
35674,1
35680,1
35683,2
35684,2
35689,1
35690,2
35692,1
35696,3
35706,2
35709,2
35712,1
35715,1
35718,1
35724,1
35731,1
35734,2
35735,1
35737,2
35741,1
35744,2
35747,1
35750,3
35751,1
35753,1
35754,2
35760,2
35766,1
35769,1
35770,2
35776,1
35780,2
35783,1
35786,1
35788,2
35792,2
35798,3
35799,1
35801,2
35804,1
35805,2
35808,2
35814,1
35817,1
35824,2
35830,2
35834,1
35837,1
35840,1
35843,1
35847,1
35849,1
35850,1
35853,2
35856,1
35859,1
35863,1
35865,1
35866,1
35869,1
35872,1
35878,1
35881,1
35885,3
35888,1
35891,1
35901,1
35904,2
35910,1
35914,2
35916,3
35917,1
35920,1
35933,1
35943,1
35945,1
35949,1
35952,2
35968,1
35971,1
35972,1
35974,3
35975,1
35978,1
35981,1
35984,1
35987,1
35996,2
36003,1
36016,1
36019,1
36025,3
36026,1
36035,2
36039,1
36051,2
36054,1
36055,1
36057,1
36058,1
36061,3
36067,1
36070,1
36071,1
36073,1
36077,1
36080,2
36083,3
36086,1
36087,1
36089,2
36093,1
36096,1
36100,1
36102,2
36103,1
36112,1
36115,1
36131,1
36144,1
36150,1
36157,2
36163,1
36166,1
36170,1
36172,2
36173,2
36179,1
36183,1
36186,1
36192,1
36195,1
36205,1
36208,3
36211,1
36224,1
36227,1
36234,1
36237,2
36243,1
36244,1
36249,1
36256,1
36259,2
36262,1
36265,2
36268,1
36272,1
36275,2
36282,1
36288,1
36291,1
36292,1
36294,1
36295,1
36297,2
36298,2
36301,1
36304,1
36307,1
36308,2
36310,1
36314,1
36317,3
36320,1
36323,1
36336,1
36343,1
36345,1
36346,2
36358,1
36361,1
36364,1
36368,2
36374,1
36377,1
36378,1
36384,1
36400,2
36406,1
36409,1
36419,1
36422,1
36435,1
36445,2
36448,1
36451,2
36455,2
36458,1
36460,1
36464,3
36480,2
36483,2
36486,2
36489,2
36493,2
36499,1
36500,1
36505,1
36509,1
36512,1
36515,1
36518,1
36524,1
36525,3
36528,3
36531,2
36540,1
36541,3
36547,2
36551,1
36557,1
36560,1
36563,1
36564,1
36573,2
36576,3
36579,1
36583,1
36586,1
36592,1
36602,2
36604,1
36605,2
36608,1
36611,2
36617,1
36624,1
36627,1
36630,1
36633,1
36634,1
36636,1
36637,2
36640,2
36643,1
36646,1
36650,1
36652,1
36656,2
36659,1
36675,2
36676,1
36681,3
36688,4
36691,2
36695,1
36704,1
36707,2
36710,1
36711,1
36714,1
36717,1
36723,1
36726,2
36732,1
36736,1
36739,1
36748,2
36758,1
36761,1
36762,1
36765,1
36768,1
36774,1
36778,1
36781,2
36784,1
36790,1
36797,2
36800,1
36806,2
36810,1
36813,1
36819,1
36822,1
36829,1
36835,1
36838,1
36842,1
36857,1
36861,2
36864,1
36867,2
36883,1
36889,1
36893,1
36896,2
36912,1
36918,1
36919,1
36922,2
36924,1
36925,1
36928,1
36931,1
36937,1
36938,2
36941,2
36947,1
36954,1
36957,1
36960,1
36963,2
36967,1
36969,1
36972,1
36976,1
36979,1
36982,1
36983,2
36985,1
36992,2
36999,1
37001,1
37002,2
37004,1
37005,1
37008,1
37015,1
37018,1
37031,1
37037,1
37043,1
37046,2
37053,1
37056,1
37059,1
37062,1
37065,1
37072,3
37085,2
37088,1
37091,1
37092,1
37098,1
37101,1
37108,1
37111,2
37114,1
37123,1
37126,1
37127,1
37136,1
37142,1
37145,1
37149,1
37152,2
37159,1
37161,2
37168,2
37177,1
37184,1
37187,2
37190,2
37191,1
37196,1
37200,1
37204,1
37206,1
37210,1
37220,1
37222,1
37226,4
37228,1
37232,1
37235,1
37239,2
37241,1
37245,1
37257,1
37258,1
37261,1
37264,4
37267,2
37270,2
37280,1
37286,1
37292,1
37293,2
37299,1
37305,1
37309,1
37315,1
37318,1
37319,1
37321,2
37325,2
37337,1
37341,2
37347,1
37350,3
37353,1
37354,1
37373,1
37376,2
37379,1
37382,1
37383,2
37385,1
37386,1
37392,1
37395,1
37398,1
37404,1
37405,1
37408,1
37412,1
37414,1
37417,3
37421,1
37427,1
37430,1
37436,1
37440,2
37443,2
37444,1
37447,1
37452,1
37456,2
37463,1
37465,2
37469,1
37472,1
37481,1
37485,2
37488,1
37497,1
37498,2
37501,1
37520,2
37523,1
37530,1
37539,1
37545,1
37555,2
37572,1
37575,1
37577,1
37581,1
37590,1
37591,1
37594,1
37596,1
37597,2
37603,2
37606,2
37607,1
37610,1
37613,1
37616,3
37619,1
37628,1
37632,1
37635,1
37641,1
37644,1
37645,1
37654,1
37655,1
37664,1
37667,2
37670,1
37671,1
37674,3
37680,1
37683,1
37686,1
37690,1
37693,1
37696,2
37699,1
37705,1
37718,1
37725,1
37728,1
37731,2
37735,1
37744,2
37753,1
37754,1
37757,1
37770,1
37773,2
37776,1
37782,1
37788,1
37789,3
37795,2
37798,1
37801,1
37805,2
37808,3
37814,2
37815,1
37821,1
37824,3
37827,1
37828,1
37830,2
37837,1
37840,1
37843,1
37850,1
37852,1
37859,2
37860,1
37872,1
37875,1
37878,2
37879,1
37884,1
37885,1
37891,2
37892,1
37894,1
37895,1
37898,1
37907,1
37916,1
37932,1
37933,2
37936,1
37942,1
37959,1
37961,2
37968,1
37974,2
37975,1
37978,1
37984,2
37993,1
37994,2
38003,1
38006,1
38007,1
38012,1
38019,1
38025,1
38032,1
38042,2
38052,1
38057,2
38061,1
38064,1
38074,1
38076,1
38080,2
38083,3
38090,1
38093,1
38099,1
38100,1
38102,2
38112,3
38115,2
38118,1
38119,1
38125,1
38128,3
38131,2
38135,1
38141,1
38153,1
38154,2
38156,1
38163,1
38166,1
38173,2
38176,2
38179,2
38180,1
38182,2
38183,1
38186,1
38198,1
38205,1
38208,1
38214,1
38221,1
38224,3
38228,1
38230,2
38231,1
38234,1
38240,1
38246,1
38247,1
38253,1
38256,2
38263,1
38269,1
38272,2
38275,1
38281,1
38282,1
38284,1
38285,1
38288,1
38291,2
38294,2
38304,3
38316,1
38317,1
38320,2
38323,2
38326,1
38329,1
38330,3
38336,1
38339,1
38348,1
38355,2
38356,1
38361,1
38364,1
38371,1
38372,1
38374,1
38375,1
38384,1
38390,1
38391,2
38406,1
38413,1
38416,1
38422,1
38426,1
38429,2
38432,1
38438,2
38448,1
38460,1
38461,1
38464,1
38480,1
38483,1
38490,1
38499,1
38503,1
38518,2
38519,1
38521,2
38528,2
38541,1
38544,1
38551,1
38553,1
38554,1
38563,1
38566,1
38569,1
38573,1
38576,2
38582,1
38585,1
38586,2
38589,2
38595,2
38596,1
38599,1
38601,2
38608,1
38615,2
38618,1
38624,1
38627,2
38631,1
38633,1
38634,1
38637,3
38640,2
38656,2
38662,1
38675,1
38685,1
38694,1
38697,1
38698,1
38701,3
38704,2
38713,1
38714,1
38717,1
38720,1
38723,2
38726,2
38730,1
38733,3
38736,1
38742,1
38743,1
38745,1
38746,1
38749,1
38758,1
38761,2
38771,2
38777,1
38787,1
38794,1
38797,1
38803,1
38806,2
38810,2
38819,1
38820,1
38826,2
38832,1
38835,1
38838,1
38845,1
38851,1
38852,1
38857,1
38858,2
38860,1
38861,2
38867,1
38873,1
38877,1
38883,1
38884,2
38890,1
38893,1
38896,1
38899,2
38902,3
38909,2
38912,1
38915,2
38918,1
38919,1
38925,1
38928,1
38938,1
38941,1
38950,1
38951,1
38960,3
38966,1
38970,1
38973,1
38979,1
38982,1
38983,1
38992,1
38998,1
38999,1
39002,1
39005,1
39012,1
39017,2
39018,1
39037,1
39040,1
39050,1
39052,1
39053,4
39065,1
39069,2
39082,1
39084,1
39088,1
39094,1
39098,1
39117,1
39120,1
39123,1
39127,2
39130,1
39136,1
39139,1
39143,1
39162,2
39165,1
39171,1
39177,1
39181,1
39184,1
39194,1
39197,1
39203,1
39207,1
39209,1
39219,2
39236,1
39238,1
39244,1
39248,1
39251,1
39255,1
39257,1
39258,1
39260,1
39267,1
39273,1
39280,1
39286,1
39290,1
39296,3
39302,1
39306,1
39308,2
39315,1
39318,2
39324,1
39325,1
39331,1
39335,1
39338,2
39341,2
39344,1
39347,1
39351,1
39364,1
39366,1
39369,1
39370,1
39373,1
39376,1
39379,1
39383,1
39385,1
39399,1
39402,1
39411,1
39420,1
39436,1
39437,1
39440,1
39453,1
39456,1
39463,1
39465,1
39466,1
39478,1
39479,1
39488,1
39491,2
39495,1
39504,1
39511,1
39523,1
39524,1
39526,1
39527,1
39536,1
39543,1
39546,1
39552,1
39564,1
39565,2
39568,1
39578,1
39581,1
39584,2
39587,1
39590,1
39600,2
39607,1
39613,1
39619,1
39620,1
39625,1
39626,1
39641,1
39651,1
39657,1
39661,1
39664,3
39671,2
39677,1
39680,1
39686,1
39687,1
39689,1
39709,1
39712,2
39715,1
39724,2
39734,2
39737,1
39753,1
39760,3
39776,2
39783,1
39792,2
39802,1
39805,2
39812,1
39818,1
39824,1
39827,1
39831,1
39833,1
39840,2
39863,2
39866,1
39878,1
39885,3
39894,1
39895,1
39898,1
39901,1
39914,1
39920,1
39923,1
39927,1
39933,1
39936,1
39952,2
39958,1
39965,1
39974,1
39975,1
39981,1
39984,1
39987,1
39990,2
40006,1
40010,1
40013,1
40022,1
40035,1
40038,3
40039,1
40042,1
40048,3
40051,1
40052,1
40054,1
40057,1
40058,1
40070,2
40073,1
40076,1
40083,1
40086,1
40099,1
40105,2
40112,1
40125,2
40128,1
40131,1
40135,1
40137,1
40157,2
40163,2
40164,1
40166,1
40167,1
40170,2
40179,1
40182,1
40186,1
40195,1
40202,1
40205,1
40208,2
40211,1
40220,1
40230,1
40234,1
40237,1
40240,3
40256,1
40275,1
40291,1
40301,1
40304,1
40313,1
40320,1
40323,1
40327,1
40330,1
40336,1
40340,1
40346,1
40352,3
40355,1
40356,1
40371,1
40387,1
40396,1
40397,1
40400,2
40406,1
40409,1
40413,2
40438,1
40445,2
40452,1
40457,1
40477,1
40487,1
40496,1
40503,2
40509,2
40512,1
40525,1
40538,1
40547,1
40560,1
40566,1
40573,2
40576,1
40579,2
40580,1
40583,1
40585,1
40586,2
40595,1
40599,1
40611,1
40617,2
40618,2
40621,1
40631,1
40637,1
40640,1
40644,1
40650,2
40659,3
40679,1
40688,2
40695,1
40710,1
40713,1
40714,1
40720,1
40726,1
40733,1
40739,1
40749,2
40752,1
40755,1
40758,1
40761,1
40765,1
40771,1
40775,1
40790,1
40810,2
40819,1
40822,1
40828,1
40829,1
40835,2
40839,1
40841,1
40848,1
40854,1
40861,1
40864,1
40867,1
40873,1
40884,2
40886,1
40889,1
40893,1
40896,1
40899,1
40905,1
40912,1
40915,1
40919,1
40934,3
40935,1
40944,1
40951,1
40957,2
40966,1
40976,1
40982,2
40989,1
41001,1
41008,1
41011,2
41018,1
41021,1
41030,1
41033,1
41036,1
41037,1
41040,1
41043,1
41053,1
41065,1
41068,1
41075,1
41085,3
41088,1
41091,3
41092,1
41095,2
41097,1
41111,1
41113,1
41116,1
41123,1
41127,1
41133,1
41149,1
41152,1
41158,2
41161,2
41181,1
41184,2
41187,1
41191,1
41200,1
41203,1
41210,1
41219,1
41225,1
41226,1
41229,1
41251,1
41264,2
41270,1
41276,1
41280,1
41296,1
41309,1
41315,3
41324,1
41325,1
41328,1
41331,1
41337,1
41340,1
41341,2
41347,1
41357,1
41379,1
41389,1
41395,1
41398,1
41408,1
41414,1
41421,1
41424,2
41427,1
41431,1
41440,1
41443,1
41446,1
41459,1
41475,1
41491,2
41495,1
41498,1
41501,1
41504,1
41507,1
41520,1
41523,2
41536,3
41545,1
41549,1
41552,1
41559,2
41568,2
41577,1
41578,1
41584,1
41590,1
41591,3
41597,2
41603,1
41609,1
41629,2
41639,1
41654,1
41655,1
41660,1
41667,1
41680,1
41687,1
41693,2
41696,1
41700,1
41705,1
41709,1
41732,1
41744,1
41760,1
41763,1
41764,1
41788,1
41795,1
41805,1
41820,1
41821,1
41824,1
41840,3
41843,1
41846,2
41852,1
41856,1
41862,1
41866,1
41869,1
41878,1
41879,1
41885,1
41898,1
41907,1
41910,2
41914,2
41923,1
41929,1
41945,1
41955,2
41958,1
41962,1
41968,1
41978,1
41980,1
41987,1
42000,1
42004,1
42010,2
42013,1
42019,1
42025,1
42026,1
42039,2
42041,1
42045,1
42048,1
42054,1
42089,1
42103,1
42106,1
42115,1
42122,1
42131,2
42138,1
42167,1
42176,1
42179,1
42182,2
42186,1
42205,1
42208,1
42211,1
42217,1
42240,1
42246,1
42249,1
42256,2
42259,1
42263,1
42266,1
42272,1
42278,1
42285,2
42291,1
42310,1
42313,1
42314,1
42333,1
42339,1
42345,1
42352,1
42364,1
42380,1
42384,1
42406,2
42413,1
42435,1
42439,1
42445,1
42458,1
42467,1
42474,1
42477,1
42483,1
42486,2
42505,1
42509,2
42518,1
42524,1
42534,1
42540,1
42551,1
42553,1
42557,1
42569,1
42579,2
42580,1
42599,1
42608,1
42612,1
42614,1
42621,3
42624,1
42681,1
42688,1
42701,1
42704,2
42730,1
42733,1
42742,1
42771,2
42774,1
42775,1
42777,1
42804,1
42806,1
42816,1
42832,1
42839,2
42851,1
42852,1
42864,1
42867,1
42870,1
42883,1
42887,1
42899,1
42903,1
42909,1
42922,1
42928,1
42954,1
42964,1
42970,1
42982,1
42995,1
42998,1
43008,1
43024,1
43027,1
43050,1
43052,1
43053,1
43066,1
43085,1
43088,1
43097,1
43107,1
43110,1
43133,1
43142,1
43145,1
43149,1
43152,1
43168,2
43188,1
43197,1
43210,1
43216,1
43223,1
43225,1
43236,1
43241,1
43257,1
43286,1
43328,1
43334,1
43344,1
43357,1
43366,2
43376,1
43389,1
43392,1
43405,1
43411,1
43460,1
43469,1
43479,1
43504,1
43511,1
43514,1
43524,1
43530,1
43536,1
43542,1
43545,1
43606,2
43610,1
43613,1
43619,1
43623,1
43654,1
43661,1
43718,1
43731,1
43744,2
43750,1
43763,1
43808,1
43840,1
43843,1
43856,1
43862,1
43888,1
43914,1
43920,1
43939,1
43946,1
43948,1
43952,2
43955,1
43961,1
43965,2
43968,1
44020,1
44022,1
44042,1
44061,1
44067,1
44068,1
44080,1
44084,1
44105,2
44118,1
44128,1
44134,1
44153,1
44157,1
44195,1
44205,1
44211,1
44214,1
44220,1
44236,1
44240,1
44256,2
44275,1
44304,1
44323,1
44329,1
44365,1
44387,1
44400,1
44416,1
44423,1
44432,2
44436,1
44448,1
44451,1
44470,1
44483,1
44489,1
44502,2
44503,1
44505,1
44515,1
44528,1
44534,1
44576,1
44608,1
44633,1
44637,2
44643,1
44656,3
44665,1
44669,1
44675,1
44682,1
44698,1
44711,1
44726,1
44727,1
44742,1
44762,1
44778,1
44803,1
44809,1
44839,1
44845,1
44854,1
44855,1
44870,1
44880,1
44886,1
44924,1
44951,1
44953,1
44979,1
44995,1
45002,1
45056,1
45059,1
45081,1
45085,1
45101,1
45107,1
45110,1
45126,1
45132,1
45136,1
45143,1
45165,1
45219,1
45260,1
45318,1
45328,1
45334,1
45347,1
45382,1
45386,1
45392,1
45395,1
45414,1
45421,1
45475,1
45504,1
45520,1
45530,1
45558,1
45590,1
45603,1
45632,1
45638,1
45644,1
45661,1
45690,1
45712,1
45731,1
45748,1
45751,1
45763,1
45815,1
45821,1
45891,1
45926,1
45927,1
45952,1
45961,1
45964,1
45971,1
45974,1
45997,1
46013,1
46048,2
46067,1
46080,1
46083,1
46093,1
46134,1
46163,1
46166,1
46169,1
46198,1
46218,1
46256,1
46269,1
46304,1
46349,1
46352,1
46458,1
46470,1
46483,1
46493,1
46518,1
46534,1
46538,1
46624,1
46627,1
46643,1
46710,1
46730,1
46732,1
46733,1
46736,1
46765,1
46790,1
46844,1
46922,1
46931,1
46937,1
46947,1
46967,1
46992,1
47088,1
47152,1
47184,1
47213,1
47216,1
47261,1
47274,1
47287,1
47321,1
47363,1
47478,1
47485,2
47498,1
47517,1
47536,1
47597,1
47721,1
47764,1
47773,1
47786,1
47927,1
48045,1
48131,1
48183,1
48192,1
48224,1
48576,1
48864,1
48867,1
48902,1
49197,1
49280,1
49382,1
49450,1
49536,1
49821,1
49866,1
50541,1
50848,1
50935,1
50998,1
51456,1
52550,1
53062,1
54809,1
63018,1
66739,1
96199,1
96880,1
108835,1
239606,1
239881,1
287924,1
304419,1
334112,1
349008,1
351417,1
354391,1
357421,1
357792,1
373984,1
4004848,1
4567994,1
4576173,1
4604342,1
4805423,1
4811965,1
