# Samples: 23363, Average: 60136.4 ns, StdDev: 17284.5 ns, Quartiles: 54899.0/62828.0/66483.0 ns
29229,1
30144,1
30388,1
30554,1
31053,1
31065,1
31133,1
31296,1
31321,1
31402,1
31450,1
31526,1
31725,1
31728,1
31923,1
31939,1
31980,1
32026,1
32042,1
32058,1
32067,1
32090,1
32105,1
32131,1
32138,1
32153,1
32218,1
32323,1
32377,1
32409,1
32438,1
32541,1
32569,1
32579,1
32582,1
32611,1
32704,1
32720,1
32749,1
32777,1
32781,1
32861,1
32909,1
32941,1
32973,1
32979,1
33011,1
33027,1
33097,1
33133,1
33152,1
33178,1
33229,1
33293,1
33303,2
33306,1
33331,1
33354,1
33363,1
33376,2
33380,1
33446,1
33452,1
33459,1
33485,1
33494,1
33520,1
33524,1
33529,2
33530,1
33536,1
33562,1
33609,1
33612,1
33619,1
33639,1
33670,1
33703,1
33712,1
33715,1
33721,1
33785,1
33786,1
33817,1
33843,1
33859,1
33881,2
33882,1
33888,1
33913,1
33927,1
33929,1
33933,1
33952,1
33955,1
33958,1
33965,1
33971,1
33974,1
33996,1
34023,1
34032,1
34041,1
34064,1
34080,1
34090,1
34096,1
34099,1
34100,1
34103,1
34112,1
34119,1
34125,1
34131,1
34135,1
34166,1
34167,1
34170,1
34182,1
34201,1
34240,1
34253,1
34256,1
34281,2
34291,1
34295,1
34297,1
34298,1
34310,1
34311,1
34316,1
34323,2
34339,1
34346,1
34352,1
34355,1
34362,1
34368,1
34371,1
34377,1
34391,1
34394,1
34410,1
34425,1
34438,1
34461,1
34473,1
34474,1
34493,1
34496,1
34518,1
34521,1
34522,1
34544,1
34550,1
34551,1
34553,1
34583,1
34586,1
34598,1
34599,1
34602,1
34608,1
34612,1
34631,1
34656,1
34675,2
34681,1
34682,1
34688,2
34691,1
34694,2
34704,1
34714,1
34736,1
34739,1
34749,1
34752,2
34762,1
34771,1
34778,1
34788,1
34790,1
34793,1
34797,2
34800,1
34810,1
34813,1
34822,1
34835,2
34842,1
34855,1
34864,2
34870,1
34873,1
34877,1
34889,1
34893,2
34902,1
34906,1
34912,1
34918,1
34922,1
34938,1
34941,1
34944,1
34966,2
34969,3
34979,1
34986,1
34988,1
34992,1
34995,1
35001,1
35014,1
35018,1
35040,2
35053,2
35062,1
35068,1
35072,1
35092,1
35098,1
35123,1
35129,1
35136,2
35149,1
35152,1
35161,1
35178,1
35187,3
35193,1
35197,1
35200,1
35207,1
35210,2
35216,1
35219,1
35222,1
35229,1
35232,1
35235,1
35236,1
35245,1
35258,1
35267,1
35273,1
35274,1
35277,2
35280,2
35290,1
35293,1
35303,1
35306,1
35308,1
35312,1
35315,1
35331,1
35334,1
35341,1
35347,1
35350,1
35351,1
35354,1
35360,1
35366,1
35376,2
35379,1
35392,1
35398,1
35399,1
35408,2
35417,1
35418,1
35430,1
35431,2
35437,1
35462,2
35469,2
35475,1
35481,1
35482,1
35485,1
35491,1
35494,3
35504,1
35508,1
35513,1
35520,1
35523,1
35527,1
35533,3
35536,1
35542,1
35555,2
35558,2
35559,1
35571,1
35574,2
35578,1
35581,2
35584,1
35593,2
35594,1
35597,1
35612,1
35613,1
35616,3
35636,1
35638,1
35639,1
35652,1
35654,1
35661,1
35664,2
35667,1
35670,1
35680,1
35686,1
35687,1
35696,3
35709,1
35712,2
35715,1
35725,1
35734,1
35735,1
35737,1
35738,1
35753,1
35757,1
35760,2
35795,1
35796,1
35801,2
35802,1
35805,1
35808,1
35820,1
35827,1
35833,1
35847,1
35850,1
35859,1
35865,1
35879,1
35884,1
35885,1
35888,2
35891,1
35894,1
35898,1
35907,1
35917,1
35926,1
35927,1
35933,1
35939,1
35949,2
35952,1
35955,1
35958,1
35962,1
35968,1
35974,1
35981,1
35988,1
35990,2
36000,1
36009,2
36010,1
36013,1
36016,3
36022,1
36023,2
36025,1
36028,1
36038,1
36039,1
36048,1
36052,1
36061,1
36064,4
36070,1
36071,1
36080,3
36083,1
36086,1
36093,1
36096,1
36103,2
36112,1
36134,1
36137,1
36140,1
36144,1
36147,1
36148,1
36160,4
36163,2
36166,2
36167,1
36173,1
36179,1
36189,1
36198,1
36201,1
36211,2
36215,1
36217,1
36227,1
36228,1
36230,2
36233,2
36237,1
36240,2
36247,1
36249,1
36250,2
36268,1
36272,3
36275,1
36278,1
36288,1
36291,1
36292,2
36294,1
36295,1
36297,1
36307,2
36308,1
36314,1
36320,1
36346,1
36348,1
36349,1
36365,1
36371,2
36374,1
36375,1
36391,1
36396,1
36400,1
36406,1
36407,2
36409,1
36410,2
36413,1
36416,2
36419,1
36423,1
36425,1
36432,1
36448,3
36451,1
36461,1
36464,1
36467,1
36473,2
36480,1
36484,1
36489,2
36493,1
36499,1
36502,2
36503,1
36506,1
36512,3
36521,1
36522,1
36525,1
36534,2
36538,1
36541,1
36550,3
36551,1
36557,1
36560,1
36563,1
36566,1
36569,1
36570,1
36576,1
36580,1
36582,1
36583,2
36589,2
36598,2
36601,3
36608,2
36611,1
36614,1
36621,3
36624,2
36640,2
36646,2
36672,1
36679,2
36681,1
36685,1
36694,2
36697,1
36717,1
36723,3
36726,1
36730,3
36733,1
36739,4
36745,1
36748,1
36749,1
36755,1
36761,1
36762,1
36765,1
36768,3
36787,1
36793,1
36800,1
36803,1
36804,1
36806,2
36813,1
36816,1
36819,2
36832,1
36835,2
36838,1
36839,1
36841,1
36842,1
36848,1
36851,1
36854,1
36855,1
36858,1
36864,1
36867,1
36870,1
36871,1
36877,2
36884,2
36889,1
36893,2
36899,1
36903,1
36909,1
36912,2
36915,1
36919,1
36921,1
36922,2
36928,2
36931,1
36935,1
36937,1
36940,3
36941,1
36951,1
36954,1
36966,2
36967,2
36969,1
36970,1
36985,1
36986,1
36992,5
36995,1
36998,1
37004,1
37005,3
37011,1
37017,1
37024,1
37030,1
37033,1
37034,2
37036,1
37043,3
37046,1
37052,1
37053,1
37056,1
37059,1
37060,1
37062,2
37063,1
37066,1
37068,1
37069,1
37072,2
37075,2
37082,1
37088,1
37091,2
37095,2
37098,1
37101,2
37104,1
37113,1
37116,1
37120,2
37126,2
37133,2
37136,1
37139,2
37146,1
37149,2
37152,1
37155,1
37159,2
37168,1
37171,1
37172,1
37174,1
37184,3
37187,2
37190,1
37200,1
37207,2
37210,1
37213,1
37222,1
37226,1
37228,1
37229,1
37235,1
37241,1
37242,2
37245,1
37248,2
37251,2
37254,1
37261,1
37264,1
37267,1
37271,2
37274,2
37276,1
37277,2
37283,2
37286,1
37299,2
37302,2
37312,1
37318,1
37319,1
37325,1
37331,1
37334,1
37338,1
37340,1
37344,1
37350,1
37357,1
37364,1
37366,1
37367,2
37376,3
37379,1
37383,1
37388,1
37389,3
37395,1
37398,1
37402,1
37408,2
37414,1
37415,1
37421,4
37427,1
37431,1
37440,2
37443,1
37446,1
37450,1
37453,2
37456,1
37459,3
37466,1
37469,1
37475,1
37476,1
37479,1
37484,1
37485,3
37488,3
37491,1
37497,2
37498,1
37511,1
37514,2
37517,2
37523,1
37524,1
37526,1
37529,1
37532,1
37539,2
37542,2
37549,1
37552,2
37558,1
37559,2
37568,1
37574,3
37575,1
37578,2
37581,1
37584,1
37587,2
37588,1
37591,1
37594,2
37600,2
37603,1
37606,2
37609,2
37613,2
37616,2
37619,1
37620,1
37625,1
37626,1
37629,1
37632,1
37638,1
37639,2
37642,2
37645,1
37648,1
37651,1
37652,1
37654,3
37655,1
37657,1
37658,2
37667,3
37670,1
37674,1
37676,1
37677,3
37680,1
37690,2
37692,1
37696,3
37706,1
37708,1
37709,3
37712,2
37715,1
37719,1
37722,2
37724,1
37725,1
37728,3
37734,2
37735,2
37741,2
37744,1
37747,3
37750,1
37753,1
37763,1
37767,1
37770,1
37782,2
37785,2
37786,2
37789,1
37792,2
37795,2
37798,2
37799,1
37802,1
37805,3
37808,2
37811,2
37814,2
37818,2
37824,2
37830,1
37834,1
37840,3
37843,1
37850,1
37853,1
37856,1
37859,1
37865,1
37868,1
37869,1
37872,2
37881,1
37882,1
37885,3
37888,4
37894,2
37895,1
37898,1
37917,1
37920,1
37923,1
37927,1
37930,1
37933,2
37936,1
37942,1
37952,2
37956,1
37961,1
37965,2
37971,1
37978,3
37981,2
37984,2
37994,1
37997,1
38000,1
38003,3
38006,1
38007,1
38016,1
38019,1
38029,2
38032,1
38035,2
38042,1
38044,1
38045,2
38048,2
38051,1
38054,1
38055,1
38058,1
38061,2
38074,1
38083,1
38086,2
38089,2
38090,2
38093,3
38099,2
38103,2
38106,1
38109,2
38118,1
38119,1
38121,1
38125,1
38128,2
38131,1
38132,2
38137,1
38144,2
38147,1
38150,1
38154,1
38157,1
38164,2
38170,1
38172,1
38173,1
38179,2
38189,1
38195,2
38196,1
38198,1
38201,2
38202,1
38211,1
38214,1
38221,2
38224,2
38227,1
38234,1
38236,1
38237,1
38243,1
38244,1
38247,1
38253,1
38256,3
38260,1
38269,2
38272,2
38276,1
38282,2
38284,1
38285,1
38291,2
38294,1
38301,1
38304,2
38307,2
38310,1
38311,2
38320,2
38323,1
38324,1
38326,1
38327,2
38329,1
38333,2
38336,1
38339,1
38342,1
38343,3
38345,2
38348,1
38349,1
38358,2
38359,1
38365,1
38368,2
38371,1
38387,1
38393,2
38394,2
38397,2
38400,1
38406,1
38410,3
38413,2
38419,3
38420,2
38423,1
38426,1
38428,1
38432,1
38435,1
38438,1
38442,1
38448,1
38451,1
38454,1
38455,1
38457,1
38461,1
38467,1
38474,2
38480,1
38484,1
38489,1
38490,3
38496,3
38502,1
38503,1
38508,1
38512,2
38515,4
38521,1
38528,1
38531,1
38532,1
38534,2
38535,1
38537,1
38538,1
38541,1
38544,1
38548,2
38551,1
38557,1
38560,4
38566,1
38567,1
38569,1
38570,1
38573,4
38579,4
38580,1
38582,3
38586,1
38592,2
38595,2
38596,1
38598,1
38599,1
38601,1
38602,1
38611,1
38612,1
38615,1
38628,1
38630,1
38637,1
38643,2
38646,1
38647,1
38650,1
38652,1
38656,2
38662,1
38665,1
38666,1
38668,2
38669,1
38675,2
38678,1
38679,1
38681,1
38682,1
38684,1
38694,1
38695,1
38704,1
38707,1
38710,2
38713,2
38714,1
38723,1
38726,1
38729,1
38732,1
38733,2
38736,3
38739,1
38740,2
38743,1
38745,1
38749,1
38752,3
38755,3
38758,4
38761,1
38762,3
38765,1
38768,1
38771,1
38774,2
38775,1
38778,2
38781,1
38784,1
38788,1
38790,1
38791,2
38794,1
38800,1
38803,2
38806,2
38813,3
38819,1
38823,1
38825,2
38826,1
38829,1
38838,1
38841,1
38845,1
38848,1
38851,1
38854,4
38860,1
38864,1
38867,1
38868,1
38873,5
38880,1
38883,3
38889,1
38892,1
38893,2
38896,1
38899,2
38900,1
38902,1
38906,1
38909,1
38912,2
38918,1
38921,1
38922,2
38924,1
38931,1
38932,1
38937,3
38938,2
38944,2
38950,1
38953,1
38954,1
38957,1
38966,2
38967,1
38970,4
38973,3
38982,1
38983,1
38985,1
38986,1
38989,1
39008,5
39014,2
39021,1
39024,1
39027,2
39030,2
39037,2
39040,1
39043,1
39044,1
39052,1
39053,1
39060,1
39062,1
39065,2
39066,2
39068,2
39069,1
39079,2
39081,1
39085,2
39088,1
39091,1
39095,1
39097,3
39098,2
39101,2
39104,2
39107,2
39110,1
39114,2
39123,1
39126,2
39130,1
39133,2
39136,2
39139,2
39142,1
39143,1
39145,1
39149,1
39152,1
39161,1
39162,1
39174,1
39175,1
39178,1
39180,1
39187,3
39190,1
39193,1
39194,2
39197,2
39200,5
39206,2
39207,1
39213,1
39219,4
39222,1
39225,2
39228,1
39232,1
39235,2
39238,1
39242,1
39245,4
39248,1
39251,2
39258,2
39261,1
39264,2
39268,1
39270,1
39271,2
39276,1
39277,4
39283,1
39284,1
39293,3
39296,1
39299,1
39303,1
39305,1
39306,2
39308,1
39309,1
39312,1
39315,1
39318,2
39319,1
39322,1
39328,1
39337,1
39338,1
39341,2
39347,2
39350,1
39353,2
39360,3
39364,2
39366,2
39370,1
39373,1
39376,2
39379,1
39380,2
39395,1
39399,1
39401,1
39402,1
39404,1
39405,2
39408,1
39411,1
39415,1
39421,2
39433,2
39434,1
39437,2
39440,1
39443,2
39444,1
39449,1
39450,1
39456,1
39459,1
39462,2
39465,1
39469,2
39475,2
39476,1
39478,1
39482,2
39488,6
39501,2
39507,2
39510,1
39517,2
39520,2
39524,1
39526,1
39527,2
39532,1
39533,3
39536,2
39539,1
39542,2
39552,4
39555,1
39558,2
39562,1
39568,1
39571,1
39572,1
39577,2
39581,1
39587,2
39590,1
39600,1
39603,2
39610,2
39613,2
39616,3
39619,1
39623,1
39625,1
39635,1
39638,1
39639,1
39644,1
39645,1
39648,5
39651,2
39654,2
39655,1
39657,2
39664,1
39667,1
39668,1
39674,1
39683,1
39684,1
39687,1
39689,1
39693,2
39699,1
39702,3
39712,1
39715,2
39716,1
39718,2
39725,2
39728,2
39731,1
39732,1
39734,1
39737,1
39738,1
39740,1
39744,1
39753,1
39754,1
39757,1
39760,1
39763,3
39767,1
39769,2
39770,2
39776,3
39779,2
39782,3
39792,1
39795,1
39802,2
39805,2
39808,3
39814,1
39815,3
39818,1
39821,1
39824,1
39827,1
39831,1
39833,2
39834,2
39837,3
39840,2
39843,1
39847,2
39852,1
39853,1
39862,1
39865,5
39866,3
39872,2
39878,1
39879,2
39882,1
39885,3
39888,1
39891,4
39895,1
39898,1
39901,2
39904,2
39907,1
39908,1
39910,1
39913,1
39920,2
39923,1
39930,1
39932,1
39933,1
39936,3
39939,2
39942,3
39943,2
39948,1
39949,1
39955,1
39956,1
39965,1
39968,3
39974,2
39977,2
39978,4
39981,1
39987,1
39988,1
39993,1
39994,1
39997,1
40000,6
40003,2
40007,1
40012,1
40013,1
40020,2
40025,2
40029,1
40032,2
40035,3
40036,1
40039,2
40041,1
40045,2
40052,1
40054,1
40057,1
40060,1
40061,2
40064,1
40067,1
40070,1
40071,1
40076,1
40077,2
40089,2
40093,1
40099,3
40100,1
40103,1
40106,1
40109,2
40115,1
40118,1
40121,2
40122,2
40125,2
40128,2
40131,1
40134,1
40135,2
40141,1
40150,2
40153,1
40157,1
40160,1
40163,2
40167,1
40169,1
40170,2
40176,1
40179,1
40182,1
40189,1
40192,1
40195,1
40198,2
40199,1
40201,2
40202,1
40205,3
40211,2
40215,2
40217,1
40221,1
40230,1
40231,1
40234,1
40236,2
40237,8
40240,2
40243,2
40250,2
40253,1
40259,2
40262,1
40266,1
40268,1
40275,2
40279,1
40281,1
40282,2
40285,3
40288,1
40294,1
40295,1
40298,1
40301,3
40304,2
40307,4
40310,1
40320,2
40323,3
40326,1
40333,1
40336,2
40339,4
40342,1
40346,2
40349,2
40352,2
40358,1
40362,1
40365,3
40368,2
40372,1
40374,1
40377,2
40378,1
40381,2
40384,1
40387,2
40390,1
40391,1
40397,2
40400,3
40403,2
40406,3
40407,1
40410,1
40422,1
40423,2
40425,1
40429,1
40435,1
40439,1
40441,2
40442,4
40445,1
40448,3
40451,1
40452,1
40455,1
40457,1
40461,2
40464,3
40467,1
40470,4
40473,2
40483,3
40486,2
40490,1
40493,2
40499,1
40503,1
40505,1
40512,1
40518,1
40519,3
40524,1
40528,1
40535,1
40538,2
40541,1
40544,2
40553,2
40557,2
40560,1
40563,2
40567,2
40573,2
40576,1
40579,1
40582,2
40583,2
40585,1
40588,1
40589,1
40592,1
40595,3
40599,1
40601,2
40604,1
40605,1
40608,2
40611,5
40615,1
40617,2
40618,1
40620,1
40621,2
40624,1
40634,1
40637,2
40640,1
40643,2
40646,1
40649,1
40652,2
40659,2
40665,2
40666,2
40668,1
40672,2
40675,2
40678,3
40679,2
40682,1
40685,2
40691,4
40694,3
40698,1
40704,1
40710,4
40713,3
40714,2
40716,1
40717,2
40720,3
40726,1
40727,1
40729,1
40730,3
40736,4
40739,1
40740,1
40743,3
40746,1
40748,2
40749,1
40755,1
40759,2
40768,4
40771,1
40772,1
40774,2
40775,1
40778,2
40781,1
40790,2
40794,1
40800,1
40803,3
40810,1
40812,1
40813,1
40816,3
40819,2
40826,1
40829,2
40832,3
40835,1
40839,2
40841,1
40844,1
40845,1
40848,1
40851,3
40852,1
40854,2
40857,1
40858,2
40861,1
40864,4
40867,1
40870,2
40873,1
40874,1
40877,1
40883,1
40884,1
40886,2
40890,1
40893,1
40896,4
40899,3
40902,2
40903,1
40906,3
40909,1
40915,1
40921,1
40934,2
40937,1
40941,2
40944,2
40947,2
40948,1
40951,1
40953,1
40954,2
40957,2
40960,2
40966,1
40967,1
40973,3
40979,2
40983,1
40986,2
40989,3
40992,1
40995,5
40998,2
40999,3
41008,2
41011,3
41012,1
41014,1
41018,3
41020,1
41021,1
41024,2
41027,2
41028,1
41034,1
41037,2
41040,2
41043,1
41044,1
41046,1
41050,2
41053,1
41056,1
41059,2
41062,1
41065,1
41075,3
41076,1
41078,1
41079,2
41082,1
41084,1
41088,2
41094,1
41097,1
41098,1
41101,1
41104,1
41107,4
41108,1
41116,1
41117,3
41120,1
41123,1
41126,1
41127,1
41130,1
41132,1
41133,4
41136,1
41139,1
41142,1
41145,1
41149,1
41152,3
41155,1
41158,2
41159,1
41171,1
41172,1
41174,1
41177,1
41178,4
41181,1
41184,1
41190,1
41191,1
41196,1
41197,5
41200,1
41203,4
41209,1
41210,1
41213,2
41216,3
41219,2
41222,1
41223,2
41228,1
41229,3
41232,2
41239,1
41242,2
41251,1
41264,3
41267,2
41270,1
41273,1
41277,1
41280,1
41283,1
41286,1
41287,1
41299,6
41300,2
41302,1
41305,1
41306,1
41312,2
41318,2
41319,1
41322,1
41325,2
41331,1
41334,2
41335,1
41341,1
41344,2
41350,1
41351,1
41360,2
41363,3
41367,1
41369,1
41373,1
41376,5
41382,2
41385,1
41389,1
41392,2
41395,1
41396,1
41398,1
41399,1
41402,1
41408,2
41414,2
41417,1
41418,1
41421,3
41427,1
41430,1
41433,1
41434,2
41437,1
41440,2
41446,3
41449,1
41450,1
41456,2
41459,1
41462,1
41463,1
41465,2
41466,2
41468,1
41469,2
41472,1
41478,1
41479,2
41485,2
41488,1
41494,2
41497,2
41498,4
41500,1
41507,1
41508,1
41510,3
41514,2
41516,1
41517,4
41520,1
41523,2
41527,1
41533,1
41536,1
41539,1
41542,2
41549,1
41552,1
41555,1
41556,1
41561,1
41565,2
41568,4
41572,1
41574,1
41578,1
41580,1
41581,2
41587,1
41588,1
41590,1
41591,1
41597,1
41603,1
41604,1
41607,1
41612,1
41613,2
41619,2
41622,3
41623,1
41625,2
41626,1
41628,1
41632,3
41635,1
41639,2
41642,1
41648,1
41655,1
41657,2
41658,1
41664,2
41670,1
41671,1
41680,2
41683,3
41687,1
41696,5
41702,3
41705,1
41709,3
41715,1
41716,1
41722,2
41725,1
41728,3
41734,1
41735,1
41738,1
41741,2
41744,2
41747,2
41748,2
41750,1
41754,2
41756,1
41757,2
41760,6
41766,1
41767,1
41770,1
41772,2
41773,3
41776,6
41779,4
41782,1
41785,1
41786,2
41788,1
41789,1
41792,2
41795,3
41799,1
41801,2
41805,1
41811,1
41812,1
41814,4
41815,1
41817,2
41818,1
41821,1
41824,1
41827,1
41830,2
41834,2
41837,2
41840,1
41843,1
41844,2
41849,1
41850,2
41852,1
41853,1
41856,3
41859,1
41863,1
41866,1
41872,3
41875,1
41878,2
41879,1
41881,3
41885,5
41888,2
41891,1
41894,1
41895,2
41901,6
41910,1
41911,1
41914,2
41920,1
41923,1
41930,1
41932,2
41933,1
41940,2
41942,2
41946,1
41952,1
41958,2
41962,2
41964,1
41965,1
41968,1
41971,1
41972,1
41974,3
41975,1
41977,1
41978,2
41980,2
41981,3
41984,2
41990,1
41997,1
42000,1
42003,3
42009,1
42010,1
42013,1
42023,1
42026,1
42029,3
42032,2
42036,1
42038,1
42039,2
42042,1
42044,1
42045,2
42048,1
42051,3
42054,2
42055,1
42057,2
42060,1
42061,1
42064,1
42067,3
42071,1
42074,1
42076,1
42077,1
42080,2
42086,1
42090,1
42092,1
42093,3
42096,2
42099,2
42106,2
42108,1
42109,1
42112,1
42115,1
42118,2
42119,1
42121,2
42122,2
42125,1
42131,2
42137,2
42138,1
42141,1
42144,2
42147,1
42150,3
42151,1
42153,1
42154,2
42157,3
42160,1
42163,1
42164,1
42166,1
42170,2
42172,1
42173,1
42179,2
42182,5
42183,2
42186,2
42188,3
42189,2
42192,1
42195,4
42201,3
42202,1
42205,1
42208,5
42215,2
42217,1
42227,2
42231,1
42233,1
42237,2
42243,2
42246,2
42247,1
42253,2
42256,2
42259,1
42260,1
42265,1
42266,1
42269,1
42272,2
42275,1
42279,1
42282,2
42285,3
42288,1
42291,1
42294,1
42297,1
42298,1
42300,1
42301,2
42304,1
42307,1
42310,1
42314,1
42317,1
42320,1
42323,2
42327,2
42329,3
42330,1
42339,1
42342,1
42349,2
42352,2
42355,3
42356,1
42358,3
42361,2
42362,2
42368,3
42371,1
42372,1
42374,1
42378,1
42381,4
42384,3
42387,2
42390,2
42391,1
42397,2
42400,2
42403,1
42404,1
42406,1
42407,1
42410,1
42416,2
42419,1
42422,1
42426,4
42429,1
42432,5
42435,1
42438,3
42445,2
42448,1
42451,1
42454,1
42455,1
42457,1
42458,1
42461,3
42464,2
42467,1
42470,3
42474,3
42477,1
42483,3
42484,3
42486,1
42490,1
42496,1
42502,2
42509,1
42512,2
42515,4
42516,1
42518,1
42519,2
42528,2
42531,2
42541,3
42547,1
42550,2
42551,1
42553,3
42554,2
42556,1
42557,2
42560,5
42566,3
42567,1
42576,1
42579,3
42589,2
42592,1
42595,3
42598,1
42599,1
42602,1
42605,1
42608,2
42611,3
42614,1
42615,1
42617,1
42618,1
42621,1
42627,2
42630,2
42631,1
42634,1
42643,1
42646,1
42650,3
42653,1
42656,1
42659,3
42660,2
42662,1
42663,2
42665,2
42666,2
42668,1
42669,1
42672,2
42675,1
42678,3
42679,1
42682,1
42688,2
42691,2
42694,1
42697,1
42698,1
42704,1
42707,2
42710,1
42711,1
42713,2
42714,1
42717,1
42720,2
42723,1
42726,1
42730,1
42733,1
42736,1
42740,1
42746,3
42749,1
42752,2
42755,2
42756,1
42759,1
42762,2
42768,1
42771,1
42772,1
42775,1
42777,2
42780,1
42781,2
42784,1
42787,1
42790,1
42791,1
42797,3
42803,1
42806,1
42810,2
42813,2
42816,1
42823,1
42825,1
42828,1
42829,1
42835,3
42838,3
42842,1
42848,2
42851,3
42860,1
42861,2
42864,1
42867,3
42871,1
42873,2
42874,1
42883,1
42886,1
42889,1
42890,1
42892,2
42893,3
42896,1
42899,1
42902,2
42903,1
42905,2
42906,3
42908,1
42909,2
42912,3
42915,3
42918,1
42919,2
42921,1
42922,1
42924,1
42925,3
42928,3
42932,1
42937,1
42941,1
42944,4
42947,1
42950,1
42951,1
42953,1
42960,1
42963,4
42970,4
42976,4
42979,2
42980,1
42983,1
42988,1
42989,2
42995,2
43001,1
43002,1
43011,2
43017,1
43018,2
43021,1
43024,3
43030,1
43033,1
43034,1
43036,1
43037,2
43040,2
43049,2
43050,1
43053,2
43059,2
43065,2
43066,3
43069,1
43072,2
43075,1
43078,3
43079,1
43082,1
43085,2
43091,3
43094,1
43095,1
43097,1
43098,2
43104,3
43111,1
43116,1
43117,4
43120,2
43123,4
43124,1
43126,1
43130,1
43132,2
43133,2
43140,1
43142,1
43148,1
43152,1
43155,1
43161,2
43162,2
43168,2
43171,1
43174,1
43175,1
43177,1
43178,1
43181,1
43184,2
43187,1
43188,3
43190,1
43191,1
43193,2
43194,1
43200,2
43207,1
43210,1
43216,2
43219,2
43220,1
43222,2
43226,2
43232,3
43238,2
43242,1
43245,2
43258,3
43260,2
43264,2
43270,1
43274,2
43280,2
43283,1
43286,1
43289,1
43290,1
43292,1
43293,2
43296,1
43300,1
43302,4
43303,2
43305,2
43322,1
43325,1
43328,1
43337,1
43340,1
43341,2
43350,3
43353,2
43354,2
43356,1
43360,2
43363,3
43366,5
43369,2
43373,3
43376,2
43379,4
43380,2
43382,2
43388,1
43389,1
43392,3
43395,1
43399,1
43405,1
43411,1
43414,3
43417,1
43418,1
43424,2
43427,2
43430,1
43436,1
43437,1
43443,1
43446,1
43450,3
43453,1
43456,4
43462,1
43465,1
43468,2
43475,1
43478,1
43484,1
43495,1
43500,1
43501,3
43504,1
43507,1
43510,2
43511,1
43513,1
43517,2
43520,4
43523,1
43526,1
43527,2
43529,1
43533,3
43539,1
43543,1
43549,1
43552,6
43555,1
43558,2
43562,1
43565,2
43568,1
43571,1
43574,1
43577,1
43578,1
43581,1
43584,1
43587,2
43594,1
43597,4
43600,2
43606,2
43613,1
43616,5
43622,1
43629,2
43632,1
43635,1
43645,2
43648,6
43661,4
43664,2
43667,2
43668,1
43673,2
43674,1
43680,1
43683,1
43686,1
43689,2
43690,1
43693,2
43696,1
43702,1
43703,2
43705,1
43706,2
43712,1
43715,1
43718,1
43719,1
43722,2
43725,2
43728,1
43731,1
43734,1
43737,3
43738,1
43741,2
43744,2
43747,1
43748,1
43750,3
43757,2
43760,2
43763,2
43764,2
43766,2
43770,2
43772,1
43779,1
43783,1
43785,1
43792,2
43795,2
43798,1
43799,1
43801,2
43802,2
43808,1
43814,2
43818,1
43821,1
43827,4
43830,1
43833,1
43837,1
43840,2
43843,3
43846,2
43850,1
43853,2
43856,1
43859,1
43866,1
43868,1
43872,2
43878,4
43879,1
43882,2
43891,1
43892,1
43894,2
43898,1
43900,2
43901,2
43907,1
43911,3
43913,1
43923,1
43926,1
43930,2
43933,2
43936,1
43946,1
43952,1
43961,1
43962,1
43968,2
43974,2
43975,1
43977,1
43980,1
43981,2
43987,3
43988,1
43991,1
43993,1
43994,3
43997,3
44000,3
44006,2
44007,3
44010,1
44012,1
44013,2
44019,2
44022,1
44025,2
44029,1
44032,2
44036,1
44041,1
44044,1
44048,1
44051,1
44057,2
44060,1
44061,1
44064,3
44067,1
44070,1
44076,3
44077,1
44080,2
44083,2
44086,1
44087,1
44089,2
44090,1
44096,1
44102,1
44103,2
44106,1
44108,1
44109,1
44112,1
44115,2
44118,2
44124,1
44125,1
44128,2
44134,3
44135,2
44137,1
44141,2
44147,1
44151,1
44157,1
44160,2
44166,4
44167,2
44169,1
44170,1
44172,1
44173,1
44176,1
44179,2
44186,1
44195,1
44196,1
44199,1
44205,2
44208,1
44211,1
44214,1
44217,2
44218,2
44221,2
44224,4
44227,1
44231,1
44233,1
44237,1
44240,1
44243,2
44244,1
44250,1
44253,2
44256,2
44262,2
44263,1
44266,3
44268,1
44272,1
44275,3
44278,1
44282,3
44288,1
44291,2
44295,1
44307,1
44308,2
44310,1
44311,1
44313,3
44314,2
44320,2
44323,1
44326,1
44333,2
44336,2
44339,2
44342,2
44343,1
44345,2
44352,3
44355,1
44358,1
44365,1
44368,2
44371,1
44374,1
44375,1
44378,2
44384,3
44391,1
44393,1
44394,1
44396,1
44403,1
44409,1
44413,1
44416,1
44425,1
44429,2
44432,1
44435,3
44436,2
44438,1
44445,2
44448,4
44454,1
44455,2
44458,1
44460,2
44461,1
44464,1
44467,2
44476,1
44477,1
44487,1
44490,1
44499,1
44500,1
44503,1
44506,1
44509,1
44512,1
44518,1
44522,1
44528,1
44531,2
44534,1
44535,2
44541,2
44544,4
44547,1
44550,1
44557,5
44563,2
44569,1
44570,1
44576,2
44582,3
44586,1
44592,2
44595,2
44599,2
44601,2
44602,4
44614,4
44615,1
44618,2
44620,1
44621,4
44624,3
44631,1
44634,2
44637,1
44640,3
44643,2
44646,1
44652,1
44653,1
44656,2
44659,3
44660,1
44669,1
44672,3
44678,2
44679,2
44685,2
44688,3
44691,1
44694,2
44697,1
44698,2
44701,1
44704,1
44707,2
44708,1
44710,1
44711,1
44716,1
44717,3
44720,1
44723,2
44729,1
44736,1
44740,1
44743,1
44749,2
44752,1
44755,1
44756,1
44761,1
44762,1
44765,2
44768,2
44771,2
44774,2
44775,1
44777,1
44781,1
44787,2
44793,1
44796,1
44800,1
44804,1
44806,2
44807,1
44810,1
44812,2
44813,4
44819,2
44822,3
44825,1
44826,1
44835,1
44838,5
44845,3
44851,1
44852,1
44854,1
44857,2
44864,4
44867,2
44870,1
44871,1
44877,2
44880,1
44883,1
44887,1
44889,1
44890,1
44893,1
44902,1
44903,1
44906,1
44908,1
44909,1
44916,1
44918,1
44925,1
44931,1
44934,1
44944,1
44947,3
44948,1
44951,1
44956,1
44957,1
44960,3
44963,1
44966,1
44969,1
44970,1
44973,2
44979,2
44986,3
44988,1
44989,4
45008,1
45015,1
45017,2
45018,3
45024,3
45034,1
45037,2
45040,2
45043,1
45046,1
45047,1
45049,1
45050,1
45052,1
45053,1
45056,1
45059,3
45062,1
45063,1
45066,1
45069,2
45075,1
45078,2
45081,1
45082,4
45088,2
45091,2
45098,1
45100,1
45101,1
45104,1
45110,2
45113,1
45114,2
45116,1
45120,2
45126,2
45129,1
45133,1
45136,1
45139,1
45145,1
45146,1
45149,1
45152,2
45161,2
45164,1
45171,1
45174,2
45178,1
45184,1
45187,2
45188,1
45190,2
45194,2
45197,1
45200,3
45203,2
45206,2
45209,1
45210,2
45216,2
45219,4
45222,1
45223,2
45229,3
45232,2
45235,1
45236,1
45238,2
45245,1
45248,3
45255,1
45267,3
45268,3
45270,1
45280,2
45286,2
45287,2
45293,1
45303,1
45306,2
45312,3
45318,1
45319,4
45325,2
45328,2
45331,3
45335,2
45341,1
45344,3
45350,2
45356,1
45363,1
45364,1
45366,1
45370,1
45376,2
45382,2
45386,1
45389,3
45398,1
45399,1
45402,1
45408,1
45412,1
45414,2
45418,1
45420,1
45428,1
45430,1
45431,1
45434,3
45440,2
45443,1
45453,1
45456,1
45459,3
45465,1
45466,2
45469,1
45472,2
45479,1
45485,1
45488,1
45491,2
45498,1
45501,2
45504,2
45507,2
45510,1
45511,1
45513,1
45523,2
45527,1
45530,1
45533,1
45536,1
45546,2
45549,1
45552,1
45555,1
45556,1
45562,1
45568,1
45578,2
45587,2
45590,1
45591,1
45594,1
45597,2
45603,1
45606,1
45607,1
45610,2
45616,1
45619,1
45622,1
45626,1
45628,1
45629,1
45632,1
45635,2
45638,1
45639,1
45645,1
45654,2
45657,2
45667,1
45670,1
45673,2
45676,1
45677,2
45683,2
45689,1
45690,3
45692,1
45693,1
45703,1
45705,2
45712,3
45715,1
45716,1
45718,1
45721,2
45724,1
45725,2
45728,3
45734,1
45738,1
45741,1
45744,2
45747,1
45750,1
45754,2
45757,1
45764,1
45776,3
45779,3
45783,1
45786,1
45795,2
45798,1
45802,1
45805,2
45818,1
45820,1
45824,3
45830,1
45831,1
45833,1
45837,2
45844,1
45853,1
45862,1
45869,3
45876,1
45878,1
45884,1
45888,1
45894,1
45901,4
45904,1
45907,2
45908,1
45910,1
45911,1
45913,1
45914,1
45917,1
45920,1
45933,1
45939,1
45943,1
45945,1
45952,1
45958,1
45959,1
45971,1
45972,1
45975,2
45977,1
45978,2
45981,1
45984,1
45993,1
46000,2
46003,1
46007,2
46010,2
46016,4
46019,1
46023,2
46026,3
46028,1
46035,1
46042,1
46044,1
46045,2
46048,2
46058,3
46060,1
46061,2
46070,2
46073,2
46077,1
46080,1
46086,1
46105,1
46106,1
46112,1
46115,2
46119,1
46122,1
46128,1
46131,1
46134,1
46137,1
46138,1
46141,1
46150,2
46151,2
46157,1
46163,4
46170,1
46183,1
46195,3
46196,1
46199,1
46202,1
46205,1
46208,1
46211,2
46212,1
46215,1
46217,1
46220,1
46224,1
46227,1
46228,1
46231,1
46233,2
46234,5
46237,2
46244,1
46247,2
46253,4
46256,1
46259,1
46263,1
46265,1
46272,3
46275,1
46278,1
46282,1
46284,2
46285,1
46288,3
46304,2
46307,1
46310,1
46317,1
46329,3
46333,2
46339,2
46342,1
46346,2
46359,1
46362,1
46368,1
46381,2
46384,1
46394,2
46400,1
46406,1
46409,1
46410,2
46413,2
46416,1
46422,3
46426,1
46432,1
46438,2
46439,1
46441,1
46444,2
46445,2
46451,2
46457,1
46458,2
46460,1
46476,1
46483,1
46484,1
46490,2
46493,1
46496,1
46499,1
46515,1
46518,2
46521,1
46522,1
46525,2
46528,3
46534,2
46535,1
46538,1
46541,1
46551,2
46560,2
46564,1
46569,1
46570,1
46573,2
46579,1
46582,2
46592,1
46595,1
46608,1
46617,1
46618,1
46624,2
46628,1
46630,1
46637,2
46643,3
46649,1
46650,1
46656,1
46675,1
46679,1
46682,2
46685,1
46691,1
46698,1
46704,1
46707,1
46713,1
46717,1
46720,3
46726,2
46745,2
46746,1
46764,1
46765,1
46768,1
46771,2
46774,2
46777,1
46778,2
46784,2
46791,1
46803,3
46804,1
46813,1
46816,2
46822,1
46825,2
46829,2
46832,1
46835,2
46836,2
46841,1
46848,1
46851,1
46855,2
46858,1
46864,1
46867,2
46868,1
46870,2
46874,1
46880,2
46883,2
46886,1
46887,3
46893,2
46905,1
46906,4
46909,2
46915,2
46922,1
46937,1
46938,1
46941,1
46947,1
46950,1
46951,1
46954,1
46957,1
46963,1
46966,2
46976,2
46982,2
46983,1
46985,1
46989,1
46992,1
46998,1
47005,1
47011,1
47017,1
47018,1
47021,3
47027,1
47037,1
47040,4
47043,1
47046,2
47047,1
47050,1
47053,1
47056,2
47066,2
47072,2
47085,3
47094,2
47098,1
47104,1
47107,1
47110,1
47114,1
47117,3
47129,1
47132,1
47133,2
47136,1
47139,1
47143,1
47146,1
47158,1
47161,1
47168,3
47171,1
47181,1
47184,1
47187,2
47190,1
47200,1
47203,1
47206,1
47210,1
47219,1
47229,1
47235,1
47241,2
47242,1
47251,1
47255,1
47258,2
47264,2
47267,1
47273,1
47276,1
47277,1
47290,2
47293,1
47305,1
47312,1
47315,1
47322,2
47325,1
47328,1
47337,1
47344,1
47348,1
47350,1
47356,1
47357,1
47369,1
47382,1
47385,1
47386,2
47389,1
47392,1
47398,1
47399,1
47401,1
47402,1
47404,1
47408,1
47411,1
47412,1
47418,2
47428,1
47431,1
47434,1
47437,1
47440,2
47444,1
47450,1
47456,1
47462,2
47466,1
47469,1
47481,1
47484,1
47485,1
47494,2
47497,1
47514,1
47520,1
47524,2
47526,1
47539,1
47542,1
47546,1
47552,2
47561,1
47562,1
47568,3
47578,2
47603,1
47606,1
47610,1
47628,1
47629,2
47632,2
47635,1
47638,1
47642,2
47644,1
47648,3
47651,1
47654,1
47680,1
47683,1
47690,1
47693,1
47699,1
47703,1
47715,1
47719,1
47728,1
47731,1
47754,1
47773,1
47783,1
47786,1
47795,2
47796,1
47799,1
47801,1
47811,1
47814,1
47815,1
47821,1
47833,2
47840,1
47863,1
47866,1
47878,1
47879,1
47885,1
47888,1
47892,1
47897,1
47910,3
47917,2
47923,1
47927,1
47933,1
47942,2
47945,1
47949,1
47955,2
47965,1
47974,1
47984,1
47990,1
47993,1
48013,1
48016,2
48019,2
48022,1
48026,1
48029,1
48038,1
48051,1
48054,1
48057,1
48061,1
48064,1
48076,1
48077,1
48080,1
48083,2
48096,2
48112,2
48115,1
48116,1
48118,1
48131,1
48141,3
48160,1
48163,1
48167,1
48169,1
48173,2
48189,1
48208,1
48224,1
48231,1
48234,1
48240,1
48244,1
48249,1
48250,1
48256,1
48262,1
48265,1
48276,1
48278,1
48285,1
48291,2
48295,1
48304,1
48314,1
48336,1
48342,1
48343,2
48359,1
48371,1
48374,1
48375,1
48384,1
48397,1
48403,2
48419,2
48422,1
48435,2
48439,1
48445,1
48451,1
48455,1
48461,3
48480,1
48487,1
48499,2
48500,1
48502,1
48506,1
48512,1
48518,1
48525,2
48531,1
48541,1
48547,2
48554,1
48569,1
48595,1
48601,1
48605,1
48624,1
48646,1
48666,1
48672,1
48679,1
48685,2
48707,1
48717,1
48720,1
48762,1
48768,2
48772,1
48793,1
48803,1
48807,1
48816,1
48819,1
48826,1
48832,1
48848,1
48861,1
48890,1
48896,1
48902,1
48934,1
48941,1
48947,1
48954,1
48957,1
48960,1
48992,1
49008,1
49011,1
49018,1
49027,1
49031,1
49037,1
49040,1
49043,1
49065,1
49082,1
49085,1
49094,1
49100,1
49101,1
49114,1
49117,1
49120,1
49126,1
49129,1
49133,1
49136,1
49142,1
49158,1
49161,1
49171,1
49181,1
49188,1
49190,1
49197,1
49212,1
49216,2
49232,1
49236,1
49238,1
49239,1
49241,1
49248,1
49258,1
49261,1
49267,1
49274,1
49276,1
49280,2
49287,1
49305,1
49344,1
49347,1
49356,1
49398,1
49408,1
49411,1
49421,1
49436,1
49437,1
49466,1
49472,1
49478,1
49481,1
49482,1
49485,2
49488,1
49504,1
49510,1
49530,1
49562,1
49574,1
49591,1
49619,1
49622,1
49625,1
49628,2
49642,1
49654,1
49657,1
49661,1
49664,1
49690,2
49709,1
49712,1
49718,1
49738,1
49747,1
49767,1
49805,1
49869,1
49888,1
49894,1
49907,1
49908,1
49926,1
49933,1
49942,1
49965,1
49997,1
50000,1
50006,1
50007,1
50023,1
50061,1
50067,1
50074,1
50112,1
50118,1
50134,1
50157,1
50160,1
50169,1
50195,1
50208,1
50227,1
50243,1
50252,1
50256,1
50266,1
50275,1
50288,1
50317,1
50336,1
50352,1
50371,1
50394,1
50397,1
50416,1
50425,1
50426,1
50445,1
50470,1
50471,1
50496,1
50508,1
50531,1
50608,1
50621,1
50672,2
50688,1
50708,1
50729,1
50791,1
50857,1
50886,1
50899,1
50905,1
50970,1
50998,1
51008,1
51021,1
51027,1
51062,1
51066,1
51085,2
51117,1
51142,1
51145,2
51203,1
51260,1
51334,1
51338,1
51389,1
51408,2
51415,1
51459,1
51469,1
51475,1
51488,1
51501,1
51511,1
51539,1
51558,1
51597,1
51610,1
51635,1
51641,1
51642,1
51738,1
51785,1
51815,1
51853,1
51900,1
51910,1
51933,1
51981,1
51997,1
52000,1
52026,1
52071,1
52093,1
52208,1
52253,1
52336,1
52342,1
52346,1
52364,1
52452,1
52464,1
52467,1
52470,1
52499,1
52538,1
52550,1
52553,1
52583,2
52592,1
52595,1
52618,3
52624,1
52662,1
52663,1
52697,1
52720,1
52727,1
52743,1
52755,1
52794,1
52838,1
52845,1
52851,2
52857,1
52861,1
52867,1
52902,1
52918,1
52928,1
52937,1
52938,1
52941,1
52947,1
52966,1
52970,1
53008,1
53040,1
53050,1
53062,1
53078,1
53100,1
53114,1
53139,1
53159,1
53162,1
53165,1
53197,1
53203,1
53229,1
53254,1
53280,1
53286,1
53293,1
53299,1
53309,1
53334,1
53357,1
53360,1
53363,1
53364,1
53373,1
53399,1
53402,1
53421,1
53428,1
53434,1
53437,1
53446,1
53447,1
53466,1
53469,1
53485,1
53491,1
53542,1
53545,2
53552,1
53558,1
53565,1
53568,2
53574,1
53597,1
53632,1
53645,2
53651,1
53658,2
53673,1
53680,1
53702,1
53731,1
53747,3
53750,1
53753,1
53773,1
53785,1
53799,1
53801,2
53808,1
53811,1
53815,1
53824,1
53830,1
53834,1
53836,1
53840,1
53856,2
53859,1
53860,1
53862,1
53888,2
53904,1
53907,1
53913,1
53926,1
53933,1
53936,2
53939,2
53945,1
53959,1
53965,2
53971,1
53974,2
53984,1
53991,2
54003,2
54009,1
54010,1
54016,1
54019,1
54026,1
54029,1
54044,1
54054,1
54071,1
54080,1
54086,1
54096,1
54099,1
54106,1
54109,1
54128,1
54141,1
54147,2
54150,1
54154,1
54157,1
54166,1
54176,1
54182,1
54185,1
54189,2
54201,1
54212,1
54221,1
54227,1
54237,1
54243,1
54256,1
54272,2
54276,1
54285,2
54291,1
54298,2
54304,1
54307,1
54323,3
54349,2
54358,1
54368,2
54378,1
54381,1
54387,1
54390,1
54407,1
54416,1
54423,1
54432,2
54435,2
54439,1
54441,1
54442,1
54451,1
54455,1
54480,1
54484,1
54509,3
54516,1
54519,1
54522,1
54531,2
54547,1
54556,1
54570,1
54583,1
54589,1
54592,1
54599,1
54608,4
54624,1
54633,1
54634,1
54640,2
54650,1
54666,1
54668,1
54675,3
54691,1
54701,1
54704,1
54743,1
54745,1
54749,2
54765,1
54771,1
54791,1
54800,1
54803,1
54807,1
54809,1
54810,1
54813,1
54822,1
54826,2
54828,2
54832,1
54835,2
54842,1
54845,2
54851,1
54852,1
54854,2
54855,1
54864,1
54873,1
54880,1
54896,2
54899,1
54919,1
54932,1
54938,1
54941,2
54947,2
54951,1
54954,1
54969,1
54973,2
54985,1
54988,1
54995,1
54996,1
54999,1
55012,1
55024,2
55027,1
55030,1
55034,2
55040,1
55047,1
55050,1
55056,1
55059,1
55065,1
55068,2
55069,1
55072,2
55075,1
55082,1
55085,2
55101,1
55104,2
55111,1
55117,2
55120,1
55124,1
55130,1
55142,1
55143,1
55148,1
55152,1
55155,3
55159,1
55162,3
55165,1
55168,1
55171,1
55181,1
55184,1
55190,1
55193,2
55200,2
55209,1
55210,2
55219,1
55220,1
55222,1
55238,2
55242,2
55245,1
55248,1
55251,1
55258,2
55261,1
55264,2
55277,1
55286,1
55296,1
55315,1
55316,1
55325,1
55334,1
55340,1
55341,1
55350,1
55354,2
55357,3
55363,1
55366,1
55370,1
55376,1
55380,1
55382,2
55383,1
55399,2
55402,1
55404,1
55405,1
55411,2
55412,1
55421,1
55424,1
55427,1
55430,1
55434,1
55437,2
55440,1
55443,2
55456,1
55478,2
55482,2
55491,2
55501,2
55507,1
55513,1
55514,1
55526,1
55527,1
55529,1
55530,1
55533,2
55536,1
55539,1
55540,2
55542,2
55545,1
55546,1
55549,2
55552,2
55556,1
55558,3
55561,1
55562,1
55568,1
55571,1
55572,1
55577,1
55578,1
55581,2
55584,3
55587,1
55590,2
55591,1
55594,1
55597,1
55600,1
55603,1
55616,1
55619,2
55620,1
55626,1
55632,1
55639,1
55648,1
55654,1
55655,1
55658,2
55661,1
55664,2
55670,1
55673,1
55674,1
55676,1
55686,1
55690,1
55693,2
55696,2
55699,1
55702,1
55703,1
55706,3
55712,2
55715,1
55718,2
55719,1
55725,1
55728,1
55738,1
55741,2
55744,1
55750,1
55757,1
55763,2
55766,2
55770,1
55776,1
55780,1
55783,1
55792,2
55795,1
55798,2
55801,1
55804,1
55808,3
55811,1
55821,1
55827,3
55828,1
55840,1
55844,1
55846,1
55849,1
55850,1
55853,1
55856,1
55859,2
55862,1
55863,1
55869,1
55872,1
55885,1
55888,1
55894,2
55897,2
55898,1
55904,1
55907,1
55913,1
55914,1
55917,3
55920,1
55936,1
55942,1
55943,1
55946,1
55949,1
55952,1
55962,1
55964,1
55977,1
55978,1
55980,1
55984,3
55987,4
55997,1
56000,1
56004,1
56006,1
56012,1
56013,2
56016,2
56032,1
56039,2
56041,1
56042,2
56044,1
56045,1
56048,2
56055,1
56058,1
56064,1
56068,1
56070,1
56073,1
56077,1
56080,1
56086,2
56090,1
56096,2
56103,2
56109,2
56112,1
56115,1
56118,1
56119,1
56121,1
56128,2
56131,1
56134,2
56135,1
56147,2
56160,1
56163,1
56170,1
56173,1
56179,1
56180,1
56185,1
56186,2
56189,1
56195,1
56208,2
56214,1
56215,1
56224,1
56231,1
56234,1
56240,1
56246,1
56247,1
56256,2
56262,1
56272,1
56278,1
56279,1
56282,1
56285,1
56288,2
56291,2
56294,1
56298,1
56301,2
56304,1
56307,3
56317,1
56324,1
56332,1
56336,1
56343,1
56346,2
56352,5
56355,1
56359,1
56362,1
56365,2
56371,1
56377,2
56384,1
56387,4
56390,1
56391,1
56396,1
56397,4
56400,2
56403,1
56406,1
56407,1
56409,1
56410,1
56413,1
56416,1
56419,1
56422,2
56423,1
56435,2
56436,1
56438,1
56439,1
56442,1
56444,1
56448,1
56455,1
56467,1
56471,1
56474,2
56480,1
56483,1
56489,1
56490,1
56493,3
56512,1
56518,1
56521,1
56528,1
56531,3
56532,3
56534,1
56537,1
56541,2
56544,1
56547,1
56550,1
56551,2
56560,2
56563,2
56566,1
56567,1
56572,1
56582,1
56583,1
56589,1
56592,1
56595,2
56596,1
56598,1
56601,1
56602,1
56605,1
56621,1
56624,1
56627,3
56634,1
56640,1
56643,1
56647,1
56650,1
56652,1
56653,2
56656,1
56659,2
56662,1
56665,1
56669,1
56679,1
56681,1
56691,2
56694,3
56698,1
56700,1
56704,1
56707,2
56710,3
56711,1
56713,1
56717,1
56720,1
56723,1
56730,2
56733,1
56736,1
56746,2
56749,2
56755,2
56756,1
56765,1
56768,1
56774,2
56778,1
56780,1
56781,1
56784,1
56787,1
56794,2
56800,1
56803,1
56806,1
56810,1
56812,2
56820,1
56826,2
56828,1
56832,2
56835,3
56836,1
56839,2
56848,1
56851,1
56854,2
56864,2
56873,2
56874,1
56876,2
56883,1
56886,3
56889,1
56896,1
56903,1
56906,2
56909,2
56912,1
56928,1
56931,1
56932,1
56935,1
56938,1
56941,3
56944,2
56947,3
56948,2
56950,1
56951,1
56960,1
56963,1
56966,1
56967,1
56973,1
56986,1
56989,1
56992,2
56995,1
56999,1
57001,1
57002,1
57005,5
57008,1
57011,1
57014,2
57015,1
57017,1
57021,1
57024,2
57027,1
57030,1
57031,1
57034,1
57037,2
57043,1
57046,1
57047,1
57052,1
57053,1
57056,3
57059,1
57062,1
57063,1
57068,1
57072,1
57075,1
57076,1
57079,1
57081,1
57082,1
57088,2
57091,1
57094,2
57095,3
57097,1
57100,1
57101,2
57107,1
57111,1
57113,1
57116,1
57117,2
57120,1
57126,1
57127,1
57129,1
57130,1
57133,3
57136,3
57139,2
57146,2
57148,2
57152,4
57155,2
57158,2
57159,2
57161,1
57164,1
57165,3
57168,3
57171,3
57172,2
57178,1
57184,2
57190,1
57194,1
57200,4
57204,1
57207,2
57209,1
57210,3
57216,4
57219,1
57222,3
57223,2
57232,1
57235,2
57242,2
57245,1
57248,1
57254,2
57255,1
57258,1
57261,2
57271,1
57274,1
57277,1
57280,2
57283,2
57286,1
57290,2
57293,1
57296,1
57299,2
57303,1
57305,1
57306,2
57308,1
57315,2
57316,1
57319,3
57321,1
57324,1
57325,2
57328,1
57331,3
57338,1
57340,1
57341,1
57344,1
57353,1
57354,1
57357,3
57360,1
57366,1
57367,1
57370,1
57376,2
57379,2
57382,1
57388,1
57389,2
57392,2
57395,1
57398,1
57401,1
57405,1
57411,2
57417,1
57418,3
57421,1
57427,2
57433,3
57434,2
57437,2
57440,5
57443,1
57446,2
57447,1
57450,1
57453,1
57459,4
57460,1
57463,1
57466,1
57475,1
57478,2
57479,2
57481,1
57485,5
57488,1
57491,1
57492,1
57494,1
57495,1
57498,1
57501,2
57504,5
57507,1
57510,2
57517,1
57523,2
57524,1
57526,1
57527,1
57529,1
57530,1
57536,1
57543,1
57545,1
57546,1
57549,1
57555,1
57558,1
57559,1
57561,1
57562,2
57565,1
57568,1
57578,1
57584,1
57593,1
57594,1
57600,2
57606,1
57612,1
57613,1
57620,1
57622,1
57625,1
57629,1
57642,1
57644,1
57645,2
57652,1
57654,2
57655,1
57658,1
57660,1
57664,2
57667,1
57670,3
57673,2
57674,2
57677,2
57680,1
57683,2
57690,1
57692,1
57693,1
57696,1
57699,1
57702,3
57703,2
57709,1
57712,3
57715,1
57718,1
57721,3
57728,4
57734,3
57735,2
57738,2
57740,1
57741,1
57744,1
57747,1
57751,1
57754,4
57757,1
57766,2
57769,1
57773,2
57776,2
57780,1
57783,1
57792,1
57795,2
57798,2
57799,1
57817,1
57818,1
57824,1
57827,1
57831,2
57834,1
57840,2
57843,2
57844,2
57846,1
57847,1
57849,2
57850,2
57853,2
57856,2
57859,1
57862,1
57863,3
57868,1
57869,2
57872,2
57875,2
57878,1
57881,1
57882,1
57888,2
57894,2
57895,1
57900,1
57901,3
57904,1
57910,1
57913,2
57920,1
57923,1
57926,1
57927,1
57929,1
57930,1
57933,3
57946,1
57949,1
57952,4
57958,3
57962,1
57965,2
57968,1
57971,2
57974,2
57975,1
57984,4
57987,1
57990,3
57991,1
57993,2
57994,1
57996,1
57997,2
58000,1
58003,1
58006,2
58009,2
58010,2
58012,1
58022,1
58023,1
58025,1
58026,1
58029,1
58032,2
58035,2
58038,1
58039,2
58041,1
58045,1
58051,1
58055,2
58057,2
58060,1
58064,2
58067,1
58068,1
58070,1
58073,1
58074,2
58077,3
58080,3
58083,1
58089,1
58090,1
58092,2
58093,3
58102,1
58105,2
58109,2
58112,1
58118,2
58119,1
58121,1
58122,2
58125,4
58128,1
58131,2
58134,1
58135,1
58137,1
58138,1
58147,2
58148,1
58150,2
58151,2
58154,4
58157,2
58160,1
58163,2
58164,2
58169,1
58170,1
58173,1
58176,3
58182,3
58183,1
58185,1
58186,1
58188,1
58189,1
58198,1
58199,1
58202,1
58205,2
58208,3
58214,1
58215,1
58221,4
58224,1
58228,1
58233,1
58236,1
58240,3
58243,2
58246,2
58247,1
58249,1
58256,1
58259,2
58263,1
58266,1
58272,3
58275,1
58278,2
58279,2
58281,1
58284,1
58288,1
58291,1
58292,1
58298,1
58304,1
58314,1
58320,2
58323,3
58324,1
58329,1
58330,4
58339,2
58342,1
58345,1
58346,1
58348,1
58349,7
58352,2
58355,1
58359,1
58368,2
58372,1
58374,2
58377,2
58381,2
58387,2
58388,1
58390,1
58391,1
58394,2
58397,1
58400,2
58403,3
58406,1
58412,1
58413,1
58416,3
58419,1
58420,1
58425,1
58426,3
58428,1
58429,3
58432,1
58435,1
58438,3
58439,1
58445,2
58448,3
58451,1
58452,1
58454,2
58457,1
58458,1
58461,2
58464,1
58470,1
58473,1
58474,1
58477,2
58480,1
58483,3
58486,1
58487,3
58489,2
58490,2
58493,2
58502,1
58503,2
58509,2
58512,2
58518,1
58522,1
58528,2
58534,1
58535,3
58538,1
58541,2
58544,2
58547,1
58550,1
58551,2
58553,3
58554,1
58560,3
58563,3
58566,1
58567,2
58569,1
58573,2
58579,3
58585,1
58586,3
58589,2
58592,3
58602,1
58605,3
58611,5
58614,2
58617,2
58618,1
58621,1
58624,4
58627,1
58628,1
58631,3
58633,3
58637,1
58643,4
58644,2
58646,1
58650,2
58656,2
58659,3
58666,1
58669,1
58675,3
58676,2
58679,1
58682,1
58684,1
58688,1
58691,1
58694,1
58698,1
58701,3
58704,1
58707,2
58710,2
58711,1
58713,2
58716,1
58717,2
58720,4
58723,3
58726,1
58727,1
58729,1
58730,1
58732,1
58733,3
58736,2
58746,1
58749,1
58755,2
58756,1
58758,2
58759,1
58761,1
58762,1
58764,1
58765,4
58768,4
58771,2
58777,1
58778,2
58780,1
58781,1
58784,3
58787,1
58791,1
58796,4
58797,2
58800,1
58803,2
58807,1
58809,1
58810,2
58812,1
58813,3
58816,3
58822,4
58829,2
58835,3
58836,2
58839,1
58841,1
58848,2
58851,2
58854,1
58861,1
58864,1
58867,3
58868,1
58870,1
58871,2
58873,2
58876,1
58877,1
58880,4
58883,1
58886,2
58887,2
58893,5
58899,2
58900,1
58903,1
58905,1
58912,1
58915,1
58918,1
58919,2
58921,2
58922,1
58925,3
58928,4
58931,3
58932,2
58934,2
58935,1
58937,3
58938,1
58941,1
58944,5
58950,2
58951,1
58956,1
58957,2
58963,3
58967,2
58970,2
58976,1
58982,3
58983,1
58985,1
58986,1
58988,1
58989,3
58995,2
58996,1
58998,1
59004,4
59005,2
59008,3
59012,1
59014,2
59015,1
59017,1
59020,2
59024,4
59027,2
59031,1
59033,1
59034,1
59040,5
59043,2
59052,1
59053,1
59056,1
59059,1
59062,1
59066,1
59072,3
59078,1
59079,3
59085,6
59088,1
59091,1
59092,2
59095,1
59097,1
59098,2
59101,1
59104,2
59107,1
59108,2
59113,1
59114,1
59123,2
59127,1
59129,1
59130,1
59132,2
59133,2
59136,4
59139,2
59142,2
59145,1
59146,1
59148,1
59149,4
59156,1
59158,2
59161,2
59162,2
59164,1
59168,3
59174,2
59175,2
59177,1
59178,2
59180,1
59181,2
59184,1
59187,2
59188,1
59190,1
59193,1
59197,1
59200,4
59203,1
59206,1
59209,1
59210,2
59212,1
59213,2
59216,5
59219,3
59220,3
59225,3
59228,1
59229,1
59232,1
59235,2
59239,1
59241,1
59242,1
59244,1
59245,2
59248,2
59251,2
59252,4
59254,1
59255,1
59257,2
59258,3
59260,1
59261,1
59264,5
59270,1
59271,1
59273,1
59274,1
59277,6
59280,1
59283,5
59286,1
59287,2
59289,2
59290,1
59293,4
59296,4
59299,2
59302,1
59305,2
59309,2
59312,2
59315,3
59318,1
59319,1
59321,1
59322,2
59324,1
59325,1
59328,2
59331,2
59332,1
59335,1
59337,1
59338,1
59341,1
59344,1
59347,1
59348,1
59350,1
59353,1
59354,2
59356,1
59357,1
59360,3
59363,3
59364,1
59367,1
59369,1
59370,1
59373,1
59379,3
59383,1
59385,2
59386,1
59389,3
59392,2
59395,1
59396,1
59398,1
59401,1
59402,1
59405,3
59411,2
59412,2
59418,3
59421,2
59424,2
59427,3
59430,2
59431,3
59434,1
59436,1
59437,4
59443,2
59446,1
59447,1
59449,1
59456,4
59459,2
59462,2
59463,3
59466,2
59468,1
59469,4
59472,6
59475,3
59476,1
59479,2
59481,2
59482,3
59491,2
59494,2
59500,1
59501,7
59507,4
59508,2
59510,5
59514,3
59517,1
59520,4
59523,1
59526,1
59533,4
59536,3
59539,5
59540,1
59542,2
59545,1
59549,2
59552,1
59555,1
59558,2
59562,2
59565,4
59568,3
59571,1
59574,2
59577,3
59578,1
59581,1
59584,2
59587,2
59588,1
59590,1
59591,3
59593,1
59594,2
59596,1
59597,1
59600,5
59603,2
59607,1
59609,1
59610,2
59612,1
59613,1
59616,5
59619,4
59622,2
59623,4
59625,1
59626,1
59628,1
59629,5
59632,1
59635,1
59638,3
59639,1
59641,4
59642,1
59644,2
59645,3
59648,3
59651,1
59654,3
59655,1
59657,1
59660,1
59661,4
59664,1
59667,3
59670,1
59671,1
59673,1
59674,2
59677,3
59680,4
59683,1
59684,1
59689,2
59692,1
59693,1
59696,1
59699,1
59702,2
59703,2
59705,1
59706,1
59709,3
59712,1
59719,2
59722,1
59725,2
59728,1
59731,1
59732,1
59734,3
59737,2
59738,2
59740,1
59744,6
59747,2
59751,1
59753,2
59754,1
59757,3
59760,2
59763,4
59766,2
59770,4
59773,2
59776,1
59779,4
59780,1
59782,1
59785,1
59786,1
59788,2
59789,4
59792,2
59795,1
59796,1
59798,3
59799,2
59801,2
59802,1
59805,2
59808,4
59811,4
59812,2
59814,3
59815,1
59817,1
59820,1
59821,3
59824,2
59827,2
59830,1
59833,1
59834,2
59840,6
59843,2
59846,1
59847,1
59850,2
59853,3
59856,3
59860,1
59862,2
59863,1
59865,1
59866,4
59872,2
59875,1
59878,1
59879,3
59881,1
59882,2
59884,1
59885,4
59891,3
59894,2
59897,2
59898,2
59901,3
59904,2
59907,2
59911,4
59913,1
59914,1
59916,1
59917,8
59920,5
59923,4
59924,2
59926,1
59927,3
59930,2
59933,3
59936,6
59939,2
59942,4
59943,2
59945,2
59949,1
59955,5
59956,1
59958,2
59959,1
59961,2
59962,2
59965,2
59968,3
59971,1
59974,2
59975,2
59978,2
59980,1
59981,4
59984,4
59987,2
59988,1
59990,3
59993,4
59994,1
59996,1
59997,1
60000,2
60003,3
60006,5
60007,2
60009,1
60010,1
60012,2
60013,8
60016,2
60020,1
60022,2
60025,2
60026,2
60029,2
60032,3
60035,1
60039,4
60041,1
60042,2
60044,1
60045,3
60051,3
60052,2
60054,3
60057,2
60058,4
60060,1
60061,3
60064,4
60067,1
60071,1
60073,2
60074,1
60076,1
60077,2
60080,1
60083,4
60084,2
60086,2
60089,2
60090,1
60093,2
60096,6
60099,2
60102,1
60103,3
60105,1
60106,3
60109,2
60112,3
60118,1
60122,3
60128,3
60134,1
60135,2
60138,1
60140,2
60141,6
60144,1
60147,2
60148,1
60150,1
60151,1
60153,1
60154,3
60157,2
60160,6
60163,2
60164,3
60166,3
60167,5
60169,1
60170,2
60172,1
60173,2
60176,5
60179,1
60182,3
60189,2
60192,5
60195,2
60198,3
60199,1
60201,1
60202,1
60205,2
60208,2
60211,2
60214,3
60215,1
60218,1
60220,1
60221,1
60224,4
60230,1
60231,2
60233,1
60236,1
60237,4
60240,1
60243,3
60244,1
60246,1
60247,1
60249,1
60250,7
60253,3
60256,4
60262,4
60268,1
60269,6
60272,5
60275,2
60279,1
60281,3
60282,1
60288,4
60291,1
60292,1
60294,4
60295,2
60297,1
60298,2
60300,1
60301,4
60304,3
60307,4
60308,1
60310,2
60313,4
60314,1
60317,1
60320,5
60323,2
60324,1
60326,1
60327,1
60330,4
60332,1
60333,3
60336,3
60339,4
60342,1
60343,4
60345,3
60346,2
60348,2
60349,2
60352,3
60355,3
60358,7
60359,2
60362,2
60364,1
60365,4
60368,2
60371,3
60375,2
60377,1
60378,2
60381,1
60384,2
60387,3
60391,1
60394,1
60396,1
60397,2
60400,4
60403,2
60406,1
60409,1
60410,3
60412,1
60413,5
60416,4
60419,1
60420,1
60422,4
60423,2
60425,1
60426,1
60428,2
60429,3
60432,3
60435,5
60442,2
60445,2
60448,4
60451,1
60454,2
60455,4
60457,1
60458,2
60460,1
60461,2
60464,3
60467,4
60468,1
60471,2
60473,2
60474,3
60477,1
60480,7
60483,2
60486,3
60489,1
60493,2
60496,1
60502,4
60503,1
60506,2
60509,1
60512,7
60515,3
60516,2
60518,1
60519,1
60524,3
60525,2
60528,2
60531,2
60532,1
60535,2
60537,1
60541,3
60544,3
60547,3
60548,1
60550,2
60551,1
60553,1
60554,1
60556,1
60557,4
60560,2
60563,4
60566,3
60567,1
60569,1
60570,2
60576,3
60580,1
60585,3
60586,3
60589,5
60592,2
60595,2
60596,2
60598,1
60599,1
60601,1
60602,3
60604,1
60605,3
60608,5
60611,2
60614,3
60615,2
60618,3
60620,2
60621,1
60624,4
60627,1
60628,1
60630,3
60631,1
60633,1
60634,6
60640,2
60643,1
60644,1
60646,2
60647,5
60649,2
60652,1
60653,3
60656,1
60659,4
60660,2
60662,1
60663,3
60665,2
60672,5
60675,3
60678,2
60679,2
60682,1
60684,1
60685,4
60688,3
60691,4
60694,1
60697,1
60704,4
60711,2
60713,1
60716,1
60717,3
60720,4
60723,4
60724,1
60726,1
60727,1
60729,1
60730,5
60733,1
60736,3
60739,2
60742,2
60743,1
60745,2
60746,1
60748,2
60749,4
60752,2
60755,1
60758,2
60759,1
60761,3
60762,1
60764,1
60765,3
60768,4
60771,5
60774,5
60775,1
60778,1
60780,2
60781,5
60784,5
60787,6
60790,1
60793,4
60794,3
60800,3
60803,4
60804,1
60806,2
60807,1
60810,3
60813,3
60816,5
60819,2
60822,3
60825,1
60826,5
60828,1
60829,1
60832,4
60835,3
60836,1
60838,5
60839,3
60841,1
60842,1
60845,6
60848,2
60851,6
60855,2
60857,2
60858,4
60860,1
60861,2
60864,6
60867,2
60868,1
60870,4
60873,2
60874,1
60876,2
60877,4
60880,2
60883,5
60884,1
60886,3
60887,1
60889,2
60890,1
60892,1
60893,3
60896,7
60899,3
60902,4
60903,1
60905,4
60908,1
60909,5
60912,5
60915,3
60916,1
60918,2
60921,3
60922,1
60924,1
60928,5
60932,1
60934,2
60935,1
60937,1
60938,3
60940,3
60941,7
60947,4
60948,2
60950,1
60954,3
60957,3
60960,4
60963,1
60966,3
60967,2
60969,1
60972,1
60973,2
60976,1
60980,1
60982,4
60985,2
60986,3
60988,1
60989,3
60992,8
60995,3
60998,3
60999,2
61001,2
61002,2
61004,3
61005,7
61011,2
61012,2
61014,2
61018,3
61021,2
61024,6
61027,2
61028,1
61030,5
61031,2
61034,3
61037,6
61040,6
61043,4
61044,1
61046,2
61047,1
61049,3
61050,4
61052,1
61053,2
61056,7
61060,1
61062,5
61063,2
61065,1
61066,1
61069,1
61072,8
61075,1
61076,2
61078,1
61079,2
61081,3
61082,2
61085,2
61088,2
61091,4
61092,2
61094,1
61095,2
61097,1
61100,1
61101,1
61104,5
61107,3
61108,2
61110,4
61111,3
61113,2
61114,1
61117,1
61120,5
61123,3
61124,1
61126,1
61127,4
61130,4
61132,1
61133,4
61136,2
61139,1
61140,1
61142,1
61143,2
61145,1
61146,2
61149,1
61152,3
61155,5
61156,1
61158,1
61159,1
61161,1
61162,1
61164,1
61165,5
61168,1
61171,2
61174,3
61178,4
61181,1
61184,3
61187,5
61190,1
61191,4
61194,4
61197,4
61203,8
61204,2
61206,2
61207,1
61209,1
61210,3
61213,2
61216,4
61219,1
61223,1
61225,1
61226,1
61228,1
61232,2
61235,1
61236,1
61238,1
61242,4
61244,2
61245,2
61248,9
61251,2
61254,3
61257,1
61260,1
61261,8
61264,4
61267,4
61270,1
61274,3
61277,3
61280,7
61283,3
61284,1
61286,2
61287,4
61289,1
61290,1
61292,1
61293,4
61296,3
61299,2
61302,1
61303,2
61305,3
61306,6
61308,3
61309,4
61312,9
61315,1
61318,4
61319,1
61321,1
61324,4
61325,4
61328,3
61331,6
61334,1
61338,2
61344,5
61347,2
61350,4
61351,3
61353,1
61354,1
61356,1
61357,4
61360,2
61363,3
61364,2
61366,1
61369,2
61370,1
61372,1
61373,4
61376,4
61379,2
61380,1
61382,5
61383,1
61385,1
61386,3
61389,5
61392,2
61395,3
61396,2
61398,3
61399,1
61401,2
61402,3
61404,1
61405,2
61408,7
61411,2
61412,3
61414,3
61417,2
61418,1
61420,2
61421,9
61424,2
61427,8
61431,2
61433,1
61434,4
61436,1
61437,3
61440,12
61443,2
61446,2
61447,5
61449,3
61450,1
61452,1
61453,4
61456,6
61459,2
61460,1
61462,2
61463,2
61465,3
61466,3
61469,2
61472,2
61475,1
61478,1
61479,1
61481,2
61482,4
61485,8
61488,1
61491,7
61495,1
61497,2
61498,8
61501,2
61504,3
61507,2
61510,2
61511,3
61514,2
61517,5
61520,3
61523,5
61524,1
61527,2
61529,5
61530,2
61532,1
61533,2
61536,4
61539,3
61542,6
61543,1
61545,1
61546,2
61548,1
61549,2
61555,3
61558,3
61559,1
61561,2
61562,3
61565,5
61568,9
61571,1
61574,1
61575,3
61577,1
61578,1
61580,1
61581,3
61584,4
61587,1
61590,1
61591,2
61593,5
61594,2
61597,5
61600,5
61603,2
61604,1
61606,3
61607,2
61609,2
61610,2
61612,1
61613,3
61616,2
61619,2
61623,1
61625,4
61626,4
61629,3
61632,5
61635,5
61636,1
61638,7
61641,2
61642,1
61644,1
61645,5
61648,2
61651,7
61652,1
61654,4
61655,1
61657,2
61658,3
61664,3
61667,5
61668,2
61670,2
61671,1
61674,2
61676,1
61677,4
61683,6
61687,1
61690,2
61693,3
61696,3
61699,1
61700,1
61702,5
61703,2
61706,1
61708,1
61709,5
61712,1
61715,3
61716,1
61719,3
61721,2
61725,1
61728,4
61731,1
61734,5
61737,3
61738,2
61740,1
61741,2
61744,2
61747,3
61748,1
61750,2
61753,3
61754,4
61756,1
61757,3
61760,2
61763,1
61764,1
61766,4
61769,1
61770,3
61772,1
61773,5
61776,4
61779,9
61780,2
61782,1
61783,1
61785,2
61786,1
61788,1
61789,1
61792,10
61795,3
61796,1
61798,2
61799,5
61802,1
61804,1
61805,4
61808,2
61811,2
61812,1
61814,1
61815,4
61817,2
61818,4
61820,1
61821,1
61824,6
61827,3
61830,3
61831,3
61833,1
61834,3
61836,4
61837,6
61840,5
61843,4
61844,1
61846,3
61847,3
61849,2
61850,4
61853,2
61856,9
61859,2
61860,1
61862,3
61863,3
61868,1
61869,8
61872,2
61875,3
61876,2
61878,3
61882,5
61885,3
61888,2
61892,2
61894,3
61895,1
61898,1
61901,5
61904,4
61907,6
61908,2
61910,4
61913,2
61914,2
61920,5
61923,1
61924,1
61926,6
61927,2
61930,3
61932,2
61933,5
61936,3
61939,5
61942,1
61943,2
61946,2
61949,2
61952,9
61955,3
61956,1
61958,6
61959,1
61961,2
61962,2
61965,7
61968,3
61971,6
61974,1
61978,3
61981,6
61984,7
61987,7
61990,3
61991,2
61993,1
61994,1
61996,1
61997,1
62000,2
62003,7
62004,1
62006,2
62007,1
62009,2
62010,5
62013,2
62016,5
62019,1
62022,7
62026,4
62028,1
62029,2
62032,1
62035,6
62038,1
62041,1
62042,5
62045,4
62048,3
62051,2
62054,7
62057,1
62058,1
62060,4
62061,3
62064,5
62067,4
62068,1
62070,4
62071,2
62073,3
62076,2
62077,6
62080,4
62083,4
62086,2
62087,2
62089,2
62090,1
62093,4
62096,1
62099,5
62100,1
62102,2
62106,2
62109,1
62112,6
62115,3
62116,1
62118,1
62119,2
62121,4
62122,1
62124,1
62125,2
62128,6
62131,6
62132,1
62134,3
62135,1
62137,2
62138,2
62144,6
62147,2
62148,1
62150,4
62151,2
62154,2
62157,4
62160,2
62163,5
62164,1
62166,3
62169,2
62170,6
62172,2
62173,3
62176,5
62179,2
62180,2
62182,2
62183,2
62185,4
62186,1
62189,2
62192,5
62195,1
62198,2
62199,1
62201,2
62202,3
62204,2
62205,5
62208,4
62211,1
62215,3
62220,1
62221,4
62224,2
62227,5
62230,2
62231,2
62233,4
62234,2
62237,4
62240,7
62243,4
62244,1
62246,3
62247,1
62249,2
62250,1
62252,2
62253,3
62256,3
62259,4
62262,2
62263,3
62265,4
62266,3
62268,1
62269,4
62272,7
62275,5
62278,4
62279,1
62281,1
62282,2
62285,4
62288,3
62291,6
62292,2
62294,2
62295,2
62297,2
62298,5
62301,1
62304,2
62307,2
62308,1
62310,5
62313,4
62314,2
62317,4
62320,3
62323,10
62324,1
62326,2
62327,1
62329,3
62330,4
62333,2
62336,6
62339,3
62342,2
62343,4
62345,2
62346,3
62348,3
62349,2
62352,2
62355,5
62356,2
62358,3
62359,1
62361,1
62362,6
62365,6
62368,3
62371,3
62374,2
62375,1
62377,1
62378,3
62380,2
62381,4
62384,1
62387,6
62390,2
62393,1
62394,2
62397,3
62400,4
62403,1
62404,2
62406,5
62407,4
62409,4
62410,3
62412,1
62413,3
62416,8
62419,4
62422,5
62423,3
62425,1
62426,3
62429,4
62432,1
62435,2
62436,1
62438,3
62439,4
62441,5
62442,5
62444,1
62445,3
62448,2
62451,7
62452,1
62454,1
62455,1
62458,6
62460,1
62461,3
62464,10
62470,2
62471,3
62473,1
62474,3
62476,1
62477,3
62480,6
62483,5
62489,4
62490,5
62492,3
62493,4
62496,5
62499,4
62500,1
62502,3
62503,3
62505,1
62506,3
62509,4
62512,5
62515,3
62519,2
62521,3
62522,1
62524,1
62525,1
62528,7
62531,3
62534,2
62535,4
62537,1
62538,2
62540,1
62541,2
62544,2
62547,3
62548,1
62550,1
62554,8
62557,2
62560,4
62563,2
62566,7
62567,3
62569,5
62570,1
62572,1
62573,5
62576,2
62579,3
62580,2
62582,1
62583,1
62585,2
62586,3
62588,2
62589,3
62592,7
62595,2
62598,5
62599,4
62601,3
62605,6
62608,3
62611,5
62615,2
62617,1
62618,4
62621,3
62624,1
62627,3
62628,1
62630,3
62633,2
62636,1
62637,6
62640,5
62643,6
62644,2
62647,2
62649,2
62650,6
62652,2
62653,1
62656,7
62659,2
62660,1
62662,3
62663,1
62665,1
62666,1
62668,1
62669,4
62672,5
62675,5
62678,2
62681,4
62682,2
62684,1
62685,6
62688,7
62691,2
62694,6
62695,5
62698,2
62700,2
62701,6
62704,3
62707,1
62708,4
62710,2
62711,4
62713,2
62714,3
62716,1
62717,1
62720,3
62723,4
62724,2
62726,5
62727,2
62729,2
62730,2
62732,1
62733,6
62736,2
62739,9
62742,1
62745,4
62746,2
62748,1
62749,5
62752,8
62755,3
62756,1
62758,3
62759,2
62762,2
62764,2
62765,9
62768,2
62771,6
62772,1
62774,2
62775,2
62777,4
62778,1
62784,7
62790,3
62791,3
62793,2
62794,2
62797,4
62800,4
62803,6
62804,1
62806,3
62809,5
62810,4
62812,2
62813,1
62816,3
62819,1
62822,4
62825,2
62826,6
62828,1
62829,6
62832,5
62835,6
62836,1
62838,1
62839,3
62842,4
62844,1
62845,2
62848,3
62851,2
62854,1
62855,3
62857,1
62858,3
62861,10
62864,3
62867,2
62870,2
62873,2
62874,2
62877,2
62880,6
62883,7
62884,2
62886,4
62887,1
62889,1
62890,3
62893,11
62896,2
62899,1
62902,5
62903,1
62905,2
62908,1
62909,2
62912,6
62915,2
62918,6
62919,4
62921,2
62922,2
62924,3
62925,3
62928,5
62931,4
62932,1
62934,1
62935,2
62937,1
62938,5
62941,5
62944,6
62947,1
62950,6
62951,2
62953,2
62954,1
62956,1
62957,4
62960,4
62963,3
62969,2
62970,4
62973,2
62976,5
62979,3
62980,1
62982,1
62983,1
62985,3
62986,6
62988,2
62989,5
62992,4
62995,9
62998,2
62999,2
63001,4
63002,7
63005,2
63008,3
63011,2
63012,1
63014,2
63015,2
63017,2
63018,1
63020,2
63021,4
63024,5
63027,4
63028,1
63030,3
63033,1
63034,5
63036,1
63037,4
63040,6
63043,6
63046,9
63047,1
63049,1
63050,2
63052,1
63053,2
63056,5
63059,6
63060,2
63062,3
63063,1
63065,2
63066,5
63068,1
63069,4
63072,4
63075,1
63078,1
63079,3
63081,1
63082,2
63084,1
63085,7
63088,1
63091,6
63094,4
63097,5
63098,2
63100,1
63101,4
63104,6
63107,1
63108,2
63110,4
63111,1
63114,1
63116,3
63117,4
63120,4
63123,4
63124,1
63126,5
63127,2
63129,2
63130,5
63133,2
63136,2
63139,1
63142,2
63143,1
63145,3
63146,3
63148,2
63149,2
63152,1
63156,2
63158,2
63159,3
63161,2
63162,4
63164,1
63165,2
63168,4
63171,3
63172,1
63174,2
63175,3
63178,4
63180,4
63181,4
63184,9
63187,8
63188,1
63190,1
63191,2
63193,2
63194,3
63196,1
63197,4
63200,3
63203,4
63206,4
63207,4
63209,1
63210,4
63213,5
63216,1
63219,4
63220,2
63222,3
63223,2
63225,3
63226,3
63228,2
63229,2
63232,7
63235,4
63236,1
63238,2
63239,3
63245,10
63248,7
63251,7
63252,1
63254,1
63255,1
63257,5
63258,5
63261,5
63264,8
63267,5
63268,1
63270,2
63271,5
63274,1
63277,7
63280,4
63283,4
63284,1
63287,3
63289,4
63290,7
63292,1
63293,5
63296,7
63299,2
63302,5
63303,3
63305,1
63306,3
63308,1
63309,7
63312,3
63315,9
63318,1
63321,3
63322,4
63324,2
63325,5
63328,6
63332,2
63334,3
63335,1
63340,7
63341,2
63344,2
63347,7
63350,2
63351,3
63353,2
63354,4
63357,3
63360,5
63363,2
63366,4
63367,2
63369,1
63370,6
63372,1
63373,3
63376,1
63379,4
63380,1
63382,4
63383,1
63385,7
63386,3
63388,2
63389,7
63392,10
63395,3
63398,6
63399,4
63401,3
63402,1
63405,4
63408,2
63411,5
63412,2
63415,2
63417,3
63418,3
63420,2
63421,3
63424,5
63427,3
63430,5
63431,3
63433,1
63434,1
63436,2
63440,4
63443,10
63444,1
63446,5
63449,5
63450,6
63452,1
63453,2
63456,2
63459,4
63462,1
63463,5
63465,1
63466,2
63468,1
63469,7
63472,4
63475,2
63476,4
63478,4
63479,1
63481,2
63482,5
63485,1
63488,4
63491,2
63494,1
63495,3
63497,1
63498,3
63500,2
63501,7
63504,1
63507,8
63508,2
63510,3
63513,2
63514,4
63517,3
63520,8
63523,2
63524,2
63526,3
63527,1
63530,7
63532,1
63533,8
63536,2
63539,4
63542,2
63543,3
63545,1
63546,1
63549,5
63552,7
63555,5
63558,6
63559,1
63561,2
63562,5
63564,3
63565,8
63568,4
63571,3
63572,3
63574,3
63575,2
63577,2
63578,7
63580,1
63581,4
63584,12
63587,5
63588,2
63590,6
63591,3
63593,1
63594,1
63596,2
63597,3
63600,3
63603,5
63604,4
63606,4
63607,1
63609,2
63610,3
63613,2
63616,8
63619,2
63620,1
63622,4
63623,4
63626,2
63628,3
63629,8
63632,4
63635,6
63636,2
63638,2
63639,3
63641,5
63642,7
63648,6
63651,1
63654,3
63655,4
63658,3
63661,6
63664,1
63667,7
63668,2
63670,2
63671,3
63674,4
63677,5
63680,7
63684,2
63686,9
63687,2
63689,2
63690,3
63692,2
63693,8
63696,5
63699,5
63702,2
63703,1
63705,4
63706,4
63708,1
63709,3
63712,10
63715,2
63716,1
63718,6
63719,2
63721,2
63722,2
63724,1
63725,8
63731,4
63732,2
63734,1
63735,3
63737,5
63738,4
63740,1
63741,6
63744,7
63747,2
63750,2
63751,6
63753,3
63754,2
63757,7
63760,4
63763,3
63767,2
63769,2
63770,3
63772,1
63773,8
63776,7
63779,2
63782,5
63783,3
63785,2
63786,2
63788,1
63789,4
63792,2
63795,5
63796,1
63798,4
63801,2
63802,3
63804,1
63805,2
63808,4
63811,2
63812,3
63814,2
63815,5
63817,4
63818,2
63820,2
63821,5
63824,4
63827,2
63828,4
63830,2
63831,1
63833,4
63834,7
63836,3
63837,1
63840,10
63843,5
63844,1
63846,3
63847,2
63850,2
63852,2
63853,6
63856,2
63859,5
63862,2
63863,4
63865,4
63866,3
63868,1
63869,6
63872,4
63875,2
63876,1
63878,3
63879,3
63881,1
63882,2
63885,2
63888,1
63891,6
63892,2
63894,2
63895,1
63898,2
63901,2
63904,5
63907,2
63910,4
63911,1
63913,1
63914,3
63916,1
63917,2
63920,3
63923,2
63926,1
63929,3
63930,5
63933,3
63936,6
63942,4
63943,6
63945,2
63946,2
63948,2
63949,6
63952,7
63955,6
63958,4
63959,1
63961,1
63962,6
63964,1
63965,1
63968,4
63974,5
63975,5
63977,1
63978,3
63981,2
63984,2
63987,7
63988,2
63990,2
63991,2
63993,4
63994,3
63997,2
64000,8
64004,2
64006,1
64007,4
64009,2
64010,5
64013,5
64016,2
64019,8
64020,1
64022,2
64023,2
64025,2
64026,2
64028,1
64029,5
64032,7
64035,5
64038,2
64039,2
64042,3
64045,4
64048,2
64051,4
64054,3
64055,1
64057,1
64058,4
64060,2
64061,1
64064,11
64067,5
64070,6
64071,6
64073,2
64074,2
64076,5
64077,12
64080,6
64083,2
64084,2
64086,1
64089,3
64090,5
64092,1
64093,6
64096,5
64099,2
64100,1
64102,1
64103,4
64105,1
64106,3
64109,5
64112,4
64115,6
64118,3
64121,3
64122,5
64124,2
64128,8
64131,3
64134,4
64135,6
64138,2
64140,1
64141,6
64144,3
64147,5
64148,1
64150,3
64151,2
64153,3
64154,1
64156,3
64157,9
64160,5
64163,4
64166,7
64169,1
64170,2
64172,1
64173,4
64176,3
64179,7
64180,1
64182,2
64185,2
64186,6
64189,4
64192,6
64195,5
64196,1
64198,1
64199,2
64201,1
64202,1
64205,6
64208,6
64211,6
64214,2
64215,1
64217,3
64218,6
64220,1
64221,2
64224,11
64227,6
64228,3
64230,2
64231,3
64233,2
64234,7
64236,1
64237,6
64240,2
64243,5
64244,1
64246,2
64247,2
64249,6
64250,2
64252,1
64253,2
64256,6
64259,2
64260,1
64262,5
64263,3
64265,3
64266,1
64269,4
64272,4
64275,8
64276,1
64278,3
64281,2
64282,4
64285,3
64288,7
64291,2
64292,2
64294,3
64295,1
64297,1
64298,2
64300,1
64301,6
64304,4
64307,9
64308,3
64310,2
64311,1
64314,5
64317,2
64320,7
64323,4
64326,2
64329,1
64330,3
64332,2
64333,5
64336,4
64339,9
64340,1
64342,1
64343,2
64345,4
64346,5
64348,1
64349,2
64352,6
64356,1
64358,6
64359,1
64361,2
64362,4
64364,2
64365,5
64371,4
64372,1
64374,1
64375,1
64377,1
64378,4
64380,1
64381,3
64384,12
64387,1
64388,2
64390,3
64391,2
64393,4
64394,3
64396,1
64397,9
64400,6
64403,8
64404,2
64406,1
64410,5
64413,4
64416,2
64419,8
64420,2
64422,4
64423,1
64425,3
64426,1
64428,1
64429,6
64432,3
64435,1
64436,1
64438,2
64439,4
64441,4
64442,4
64445,2
64448,12
64451,2
64452,1
64454,7
64455,5
64458,3
64460,1
64461,2
64464,2
64467,5
64468,1
64470,3
64471,3
64473,2
64474,6
64476,1
64477,2
64480,5
64483,4
64486,4
64487,5
64489,5
64490,1
64493,5
64496,4
64499,3
64500,1
64502,1
64503,5
64505,1
64506,5
64508,1
64509,2
64512,6
64515,3
64516,2
64518,3
64519,2
64521,3
64522,1
64524,2
64525,3
64528,3
64531,10
64532,1
64534,2
64535,2
64538,2
64541,4
64544,5
64547,4
64550,1
64551,1
64553,1
64554,4
64556,1
64557,6
64560,4
64563,3
64566,2
64567,3
64569,1
64570,1
64573,1
64576,5
64579,2
64582,1
64583,5
64585,2
64586,3
64588,2
64589,4
64592,3
64595,7
64596,2
64598,5
64599,2
64601,3
64602,4
64605,4
64608,11
64611,4
64612,2
64614,3
64615,2
64617,2
64618,2
64620,3
64621,5
64624,2
64627,1
64628,2
64630,3
64631,3
64633,1
64634,3
64637,1
64640,4
64643,4
64644,3
64646,2
64647,3
64649,1
64650,4
64652,1
64653,7
64656,1
64659,3
64660,2
64662,2
64663,2
64666,4
64668,2
64672,5
64678,7
64679,1
64682,6
64684,1
64685,4
64688,7
64691,5
64692,1
64694,5
64695,1
64697,5
64698,5
64700,1
64701,3
64704,7
64707,2
64708,1
64710,3
64711,4
64713,1
64714,6
64717,2
64720,7
64723,4
64724,2
64726,1
64727,3
64729,5
64730,3
64732,2
64733,4
64736,6
64739,2
64740,1
64742,8
64743,2
64746,2
64749,6
64752,3
64755,7
64756,3
64758,1
64759,1
64761,3
64762,4
64765,3
64768,6
64771,8
64772,1
64774,8
64775,4
64777,1
64781,2
64784,4
64787,7
64788,4
64790,5
64791,1
64793,4
64794,1
64797,2
64800,2
64803,1
64804,1
64806,3
64807,1
64810,5
64812,1
64813,7
64816,2
64819,3
64820,1
64822,3
64823,2
64826,2
64828,3
64829,3
64832,5
64835,4
64836,3
64838,4
64839,1
64841,2
64842,3
64844,3
64845,6
64848,2
64851,6
64852,1
64854,1
64857,4
64858,7
64860,1
64861,1
64864,8
64867,3
64870,2
64871,2
64873,2
64874,4
64876,3
64877,5
64880,4
64883,3
64884,1
64886,2
64887,1
64889,4
64890,4
64892,1
64893,4
64896,6
64899,1
64900,1
64902,4
64903,3
64905,5
64906,1
64908,1
64909,6
64912,5
64915,10
64918,4
64919,3
64921,5
64922,4
64924,2
64925,4
64928,5
64931,2
64935,4
64937,2
64938,3
64940,2
64941,9
64944,4
64947,6
64948,1
64950,3
64951,1
64953,4
64954,7
64957,3
64960,8
64963,1
64966,5
64967,3
64969,1
64970,2
64972,1
64973,7
64976,1
64979,2
64980,1
64982,2
64983,3
64985,1
64986,4
64989,7
64992,9
64995,6
64998,2
64999,1
65004,2
65005,6
65008,6
65011,2
65014,6
65015,3
65017,4
65018,8
65020,2
65021,4
65024,3
65027,4
65028,1
65030,6
65033,2
65034,2
65037,4
65040,3
65043,7
65044,1
65047,1
65049,1
65050,3
65053,5
65056,6
65059,2
65060,1
65062,5
65063,1
65066,3
65068,1
65069,3
65072,3
65075,8
65078,2
65079,3
65081,3
65082,4
65084,2
65085,1
65088,5
65091,3
65094,6
65095,3
65097,3
65098,1
65101,1
65104,3
65107,1
65108,2
65110,1
65111,2
65113,2
65114,1
65117,4
65120,7
65123,1
65126,1
65132,1
65133,2
65136,4
65139,7
65142,6
65143,2
65145,1
65146,3
65149,7
65152,7
65155,3
65158,6
65159,4
65161,3
65162,1
65164,2
65165,6
65168,6
65171,3
65174,4
65177,1
65178,5
65181,4
65184,7
65187,4
65190,3
65191,3
65193,1
65194,1
65196,3
65197,7
65200,3
65203,8
65204,1
65206,5
65207,2
65209,3
65210,4
65213,1
65216,4
65220,1
65222,4
65223,3
65225,1
65226,2
65228,3
65229,9
65232,4
65235,7
65238,3
65239,1
65241,2
65242,4
65244,1
65245,2
65248,10
65251,4
65252,1
65254,5
65255,3
65257,2
65258,7
65260,1
65261,7
65264,4
65267,5
65268,3
65270,1
65274,6
65276,2
65277,2
65280,5
65283,4
65284,1
65286,3
65287,3
65289,1
65293,7
65296,2
65299,6
65300,3
65302,5
65303,2
65305,2
65306,4
65308,1
65309,4
65312,6
65315,3
65316,1
65318,3
65319,4
65321,2
65324,2
65325,4
65328,10
65331,7
65332,2
65334,1
65335,3
65337,5
65340,2
65341,6
65344,7
65347,5
65350,7
65351,4
65353,2
65354,2
65356,1
65357,5
65360,5
65363,9
65364,4
65366,2
65367,3
65370,4
65372,1
65373,1
65376,7
65379,3
65380,2
65382,2
65383,2
65385,2
65386,5
65388,1
65389,8
65392,4
65395,5
65396,1
65398,8
65399,2
65401,3
65402,3
65405,1
65408,7
65412,1
65414,7
65415,5
65417,2
65418,2
65420,1
65421,9
65424,3
65427,2
65428,2
65430,1
65431,1
65433,3
65434,1
65436,1
65437,1
65440,5
65443,6
65446,6
65447,5
65449,3
65450,4
65452,3
65453,4
65456,4
65459,5
65460,2
65462,1
65463,3
65465,3
65466,4
65469,3
65472,7
65475,3
65476,1
65478,3
65479,4
65481,1
65482,2
65484,3
65485,4
65488,5
65491,4
65492,2
65494,1
65495,2
65497,2
65498,5
65501,2
65504,8
65507,5
65508,3
65510,4
65511,3
65513,2
65514,3
65516,1
65517,5
65520,3
65523,3
65524,1
65526,5
65529,5
65530,6
65532,1
65533,2
65536,7
65539,1
65542,1
65543,3
65545,3
65546,1
65548,1
65549,8
65552,2
65555,3
65556,4
65558,2
65559,3
65561,3
65562,3
65564,1
65565,5
65568,7
65571,3
65574,2
65575,2
65577,3
65578,2
65580,2
65581,7
65584,5
65587,6
65588,2
65590,2
65591,1
65593,1
65594,3
65596,1
65597,2
65600,8
65604,1
65606,2
65607,3
65609,3
65610,6
65613,5
65616,3
65619,5
65620,1
65625,1
65626,6
65628,2
65629,5
65632,12
65635,5
65638,5
65639,3
65641,1
65642,3
65644,1
65645,4
65648,3
65651,2
65654,3
65655,4
65657,2
65658,3
65660,1
65661,2
65664,3
65667,1
65668,2
65670,1
65671,3
65674,3
65676,1
65677,5
65680,2
65683,5
65684,1
65686,2
65689,4
65690,5
65693,3
65696,8
65699,5
65702,1
65703,2
65705,1
65709,3
65715,4
65718,4
65719,2
65721,2
65722,2
65724,1
65725,1
65728,6
65731,3
65732,2
65734,6
65735,1
65737,2
65740,2
65741,6
65744,5
65747,3
65748,2
65751,1
65753,4
65754,2
65757,3
65760,6
65763,3
65764,1
65766,3
65767,1
65769,1
65770,2
65772,5
65773,5
65776,7
65779,5
65782,1
65783,1
65785,4
65786,3
65789,2
65792,9
65795,4
65796,2
65798,2
65799,1
65801,1
65802,6
65804,1
65805,8
65808,4
65811,5
65812,1
65814,3
65815,3
65817,5
65818,2
65820,1
65821,1
65824,3
65827,9
65830,3
65834,1
65836,1
65837,4
65840,1
65843,3
65844,1
65846,2
65849,6
65850,4
65853,4
65856,7
65859,1
65860,2
65862,2
65863,3
65865,3
65866,5
65868,1
65869,5
65872,1
65875,6
65876,2
65878,1
65879,2
65881,1
65882,1
65884,1
65885,3
65888,4
65891,5
65892,1
65894,2
65897,1
65898,4
65900,3
65901,5
65904,2
65907,5
65908,4
65910,5
65913,2
65914,5
65917,2
65920,8
65923,5
65926,2
65927,2
65929,4
65933,3
65936,4
65939,6
65940,1
65942,2
65943,3
65945,1
65946,6
65949,2
65952,5
65955,1
65956,2
65958,2
65959,1
65961,3
65962,1
65964,2
65965,8
65968,5
65971,7
65972,1
65974,5
65977,5
65978,2
65981,3
65984,9
65987,1
65990,4
65991,2
65993,2
65994,3
65996,3
65997,3
66000,4
66003,2
66006,1
66010,3
66012,1
66013,4
66016,4
66019,3
66022,7
66023,1
66025,2
66026,1
66028,1
66029,6
66032,5
66035,5
66036,1
66038,3
66039,1
66042,3
66045,2
66048,4
66051,5
66052,1
66054,4
66055,1
66057,3
66058,7
66061,4
66064,3
66067,5
66068,1
66070,3
66071,3
66073,2
66074,3
66077,2
66080,4
66083,2
66084,1
66086,5
66087,1
66089,2
66090,3
66092,2
66093,4
66096,3
66099,2
66102,2
66103,1
66105,3
66106,1
66108,1
66109,8
66112,5
66115,5
66116,2
66118,4
66119,2
66121,3
66122,4
66124,3
66125,6
66128,3
66131,1
66132,3
66134,1
66137,2
66138,5
66141,1
66144,4
66147,1
66148,1
66150,3
66151,6
66153,3
66154,2
66156,1
66157,7
66160,6
66163,4
66166,2
66169,2
66170,5
66172,2
66173,2
66176,6
66179,2
66182,4
66183,5
66189,7
66192,5
66195,4
66196,1
66198,3
66199,1
66201,2
66202,5
66204,1
66205,4
66208,6
66211,4
66214,2
66215,2
66218,1
66220,1
66221,7
66224,2
66227,5
66228,2
66230,3
66231,1
66233,2
66234,5
66237,3
66240,3
66243,1
66244,1
66246,6
66249,4
66252,2
66253,5
66256,7
66259,2
66260,1
66262,1
66263,1
66265,3
66266,2
66269,2
66272,6
66275,2
66278,6
66279,1
66282,5
66284,1
66285,10
66288,8
66291,5
66292,1
66297,2
66298,3
66300,1
66301,3
66304,6
66307,1
66310,3
66311,4
66313,1
66314,1
66316,3
66320,5
66323,3
66324,1
66326,2
66327,2
66329,4
66330,3
66332,2
66333,4
66336,5
66339,3
66340,1
66342,5
66343,4
66345,1
66346,1
66348,2
66349,6
66352,4
66355,6
66356,1
66358,2
66359,3
66361,1
66362,5
66365,1
66368,6
66371,2
66374,2
66375,1
66377,2
66378,2
66380,3
66381,6
66384,7
66387,9
66388,2
66390,5
66391,1
66393,3
66394,6
66396,2
66397,3
66400,7
66403,1
66406,1
66407,1
66409,6
66410,3
66412,1
66413,8
66416,5
66419,4
66420,2
66425,2
66426,2
66428,1
66429,4
66432,10
66435,2
66438,4
66439,4
66441,3
66442,3
66444,3
66445,1
66448,3
66451,3
66452,2
66454,2
66457,3
66458,7
66461,4
66464,11
66467,3
66468,1
66470,3
66471,4
66473,3
66474,2
66477,3
66480,3
66483,5
66484,3
66486,1
66489,1
66490,2
66492,3
66493,1
66496,3
66499,3
66502,7
66506,3
66508,1
66509,5
66512,5
66515,6
66516,2
66518,1
66519,1
66521,1
66522,5
66524,1
66525,1
66528,8
66531,4
66532,1
66534,1
66535,6
66537,4
66540,2
66541,6
66544,4
66547,4
66548,1
66550,4
66551,1
66553,3
66554,3
66556,2
66557,5
66560,4
66563,2
66564,1
66566,3
66567,1
66569,2
66570,4
66572,1
66573,5
66576,5
66579,3
66582,3
66583,1
66585,2
66586,3
66589,3
66592,9
66595,3
66596,2
66598,4
66601,1
66602,5
66604,1
66605,6
66608,1
66611,5
66612,1
66614,2
66615,2
66617,3
66618,2
66621,4
66624,4
66627,4
66628,1
66630,2
66631,4
66633,1
66634,2
66636,2
66637,3
66640,1
66643,3
66644,2
66646,1
66649,1
66650,3
66652,1
66653,3
66656,8
66659,1
66662,5
66663,1
66665,5
66666,4
66668,3
66669,4
66672,8
66675,8
66676,2
66678,3
66681,3
66682,2
66685,3
66688,5
66691,3
66692,3
66694,2
66695,1
66697,1
66698,2
66700,1
66701,1
66704,3
66707,4
66713,2
66714,1
66717,7
66720,8
66723,1
66724,1
66727,2
66729,2
66733,7
66736,1
66739,7
66740,3
66742,1
66743,2
66745,2
66746,7
66748,1
66749,1
66752,5
66755,2
66758,2
66759,1
66762,2
66764,1
66765,2
66768,3
66771,3
66772,2
66777,4
66778,4
66780,1
66781,1
66784,4
66787,3
66788,2
66790,3
66791,2
66793,2
66796,3
66797,4
66800,4
66803,7
66804,2
66806,3
66807,1
66809,2
66810,3
66813,2
66816,4
66819,1
66820,2
66822,2
66823,4
66825,4
66826,4
66828,2
66829,4
66832,4
66835,3
66838,1
66839,1
66841,2
66842,1
66845,2
66848,3
66851,3
66854,1
66855,3
66857,2
66858,3
66861,6
66864,5
66867,1
66873,6
66874,3
66880,6
66883,2
66886,1
66887,1
66889,4
66893,3
66896,2
66899,5
66900,1
66902,2
66903,2
66905,3
66906,2
66909,2
66912,4
66915,2
66916,1
66919,3
66922,6
66925,5
66928,6
66931,4
66932,4
66934,1
66937,2
66938,1
66941,5
66944,5
66947,3
66948,1
66951,1
66953,1
66954,2
66957,11
66960,3
66963,4
66964,2
66966,4
66969,2
66970,6
66973,3
66976,8
66979,1
66982,1
66983,1
66986,3
66988,2
66989,5
66992,3
66995,6
66996,1
66998,3
66999,4
67001,2
67002,5
67005,4
67008,9
67011,3
67014,4
67015,1
67017,1
67018,4
67021,6
67024,9
67027,4
67030,1
67033,3
67034,3
67037,6
67040,9
67043,1
67046,2
67047,1
67049,1
67050,2
67053,3
67056,2
67059,4
67060,1
67062,2
67063,1
67065,3
67068,1
67069,1
67072,7
67075,1
67076,1
67078,4
67079,3
67082,3
67084,1
67085,3
67088,4
67091,4
67094,3
67095,2
67097,1
67098,2
67100,2
67101,3
67104,7
67107,1
67108,2
67110,3
67111,2
67113,1
67117,6
67120,4
67123,5
67126,3
67127,1
67129,1
67130,5
67136,6
67139,1
67140,2
67142,2
67143,5
67145,2
67146,2
67148,2
67149,3
67152,4
67155,2
67158,1
67161,1
67162,4
67164,2
67168,5
67171,3
67172,1
67174,5
67175,2
67178,2
67180,1
67181,1
67184,3
67187,4
67188,2
67191,1
67193,1
67194,3
67197,1
67200,5
67203,1
67204,2
67206,3
67207,1
67209,1
67210,4
67212,1
67216,3
67219,6
67220,1
67222,3
67225,2
67226,1
67229,1
67232,7
67235,2
67238,1
67239,2
67241,2
67242,3
67244,2
67245,5
67248,2
67251,3
67252,3
67254,1
67255,2
67257,1
67258,2
67260,1
67261,1
67264,9
67267,5
67270,3
67271,3
67273,1
67274,3
67276,1
67277,4
67280,3
67283,7
67284,2
67286,4
67289,4
67290,1
67293,2
67296,7
67299,3
67302,5
67303,1
67305,1
67308,3
67309,5
67312,2
67315,4
67318,3
67319,2
67321,3
67322,3
67324,1
67325,3
67328,4
67334,2
67337,1
67340,2
67341,5
67344,3
67347,6
67348,1
67351,1
67353,4
67354,2
67357,3
67360,3
67363,1
67366,3
67367,2
67369,1
67370,2
67372,3
67373,4
67376,2
67379,1
67382,1
67383,2
67385,1
67386,3
67388,2
67389,2
67392,6
67395,2
67396,1
67398,4
67399,1
67402,4
67404,1
67405,4
67408,5
67412,2
67414,1
67415,2
67417,1
67418,1
67420,1
67421,1
67424,10
67427,1
67430,2
67431,3
67433,1
67437,3
67440,3
67443,8
67444,2
67446,1
67447,1
67449,2
67450,2
67453,1
67456,2
67459,2
67462,4
67465,1
67466,1
67468,2
67469,3
67472,7
67475,4
67478,2
67479,2
67481,1
67482,5
67485,2
67488,3
67491,1
67492,1
67494,2
67495,1
67497,1
67498,1
67500,2
67501,5
67504,2
67507,3
67508,1
67510,1
67511,3
67513,3
67514,5
67516,1
67517,4
67520,4
67523,2
67524,1
67526,6
67527,1
67529,1
67530,1
67532,2
67533,5
67536,5
67539,1
67542,1
67545,2
67546,7
67549,3
67552,8
67555,5
67558,7
67559,2
67564,1
67565,6
67568,1
67571,3
67572,1
67574,1
67575,2
67577,2
67578,5
67581,5
67584,6
67587,4
67590,1
67591,3
67593,1
67594,2
67596,1
67597,4
67600,4
67603,4
67604,2
67606,1
67607,1
67609,1
67610,4
67612,1
67616,6
67619,2
67620,3
67623,1
67625,1
67629,7
67632,4
67635,1
67636,2
67638,1
67639,1
67641,1
67642,3
67644,1
67645,4
67648,5
67651,3
67652,1
67654,2
67655,5
67657,1
67661,7
67664,3
67667,4
67668,2
67671,2
67673,1
67674,1
67676,2
67680,2
67683,1
67684,1
67687,3
67690,2
67693,5
67696,6
67699,5
67700,1
67703,3
67705,4
67706,4
67709,1
67712,4
67715,2
67716,1
67718,1
67719,1
67721,1
67722,1
67724,2
67725,2
67728,3
67731,5
67732,1
67734,1
67735,1
67738,4
67740,1
67741,3
67744,5
67747,2
67750,5
67751,1
67753,3
67754,2
67757,6
67760,2
67763,5
67764,4
67766,1
67767,2
67769,3
67770,2
67772,1
67773,1
67776,4
67779,4
67782,3
67783,3
67786,1
67788,1
67789,2
67792,3
67795,3
67796,2
67798,3
67799,2
67801,2
67802,1
67805,6
67808,5
67811,3
67814,3
67815,1
67818,1
67820,1
67821,2
67824,1
67827,6
67828,3
67830,3
67831,2
67833,1
67834,4
67836,1
67837,3
67840,10
67843,2
67844,1
67846,2
67847,1
67849,1
67853,4
67856,3
67859,2
67862,1
67863,1
67866,1
67868,1
67869,1
67872,4
67875,2
67876,3
67878,2
67879,1
67882,1
67884,1
67888,2
67891,4
67894,3
67895,3
67897,2
67898,3
67900,1
67901,1
67904,2
67907,2
67910,1
67911,1
67913,2
67916,2
67917,4
67920,3
67923,3
67924,2
67926,1
67927,1
67929,1
67930,4
67933,2
67936,4
67939,3
67943,1
67945,1
67946,1
67948,2
67949,5
67952,1
67955,3
67958,3
67959,3
67962,3
67964,1
67965,4
67968,6
67971,2
67974,5
67975,1
67978,3
67980,1
67981,4
67984,2
67987,5
67990,1
67991,1
67994,6
67996,1
67997,2
68003,3
68006,2
68007,1
68010,3
68012,2
68013,2
68016,1
68019,3
68022,2
68023,3
68025,2
68026,1
68029,6
68032,4
68035,3
68038,1
68041,1
68044,1
68045,5
68048,2
68051,5
68052,1
68054,3
68055,2
68057,2
68058,4
68061,1
68064,6
68067,1
68070,9
68071,5
68073,1
68074,1
68077,4
68080,4
68083,3
68086,2
68087,4
68089,2
68090,3
68093,1
68096,4
68099,4
68100,1
68102,2
68105,2
68106,1
68108,2
68109,6
68112,4
68115,5
68116,1
68118,2
68119,1
68121,1
68122,7
68124,1
68125,2
68128,2
68131,5
68134,5
68135,2
68137,1
68138,1
68140,2
68141,2
68144,4
68147,3
68148,1
68150,1
68151,1
68153,4
68154,4
68157,2
68160,4
68163,1
68166,1
68167,1
68169,1
68170,1
68173,5
68176,7
68179,1
68180,1
68182,1
68183,1
68185,2
68186,4
68188,2
68189,2
68192,5
68195,1
68196,2
68198,5
68199,2
68202,1
68204,1
68205,3
68208,5
68211,3
68212,1
68214,3
68215,1
68217,1
68218,2
68220,1
68221,1
68224,6
68228,1
68230,3
68231,3
68234,2
68237,4
68240,4
68244,2
68246,1
68247,2
68249,1
68253,3
68256,5
68259,2
68262,1
68265,1
68266,1
68268,1
68269,4
68272,1
68275,1
68276,1
68279,1
68282,3
68284,1
68285,1
68288,4
68291,1
68294,2
68295,3
68298,1
68300,1
68301,4
68304,3
68307,2
68308,1
68310,3
68311,1
68313,3
68314,4
68317,2
68320,6
68323,2
68326,3
68329,2
68330,3
68332,1
68333,2
68336,2
68339,1
68342,4
68343,1
68345,2
68346,5
68349,3
68352,1
68355,3
68356,1
68358,3
68359,3
68361,1
68364,1
68365,4
68368,5
68371,8
68372,2
68374,1
68375,1
68377,2
68378,2
68384,2
68387,2
68388,2
68390,2
68391,3
68393,1
68394,1
68397,2
68400,5
68403,2
68404,1
68406,2
68407,1
68409,1
68410,3
68412,1
68413,3
68416,5
68419,2
68422,2
68423,3
68425,1
68426,2
68428,1
68429,4
68432,6
68435,5
68438,2
68439,1
68441,1
68442,4
68444,1
68445,2
68448,7
68451,2
68454,5
68455,4
68460,2
68461,6
68464,7
68467,3
68468,1
68470,1
68471,1
68473,2
68474,1
68476,1
68477,1
68480,3
68483,2
68484,1
68486,1
68487,2
68489,3
68490,1
68492,1
68493,4
68496,1
68499,4
68500,1
68502,4
68503,1
68505,1
68506,4
68508,3
68509,1
68512,2
68515,2
68518,1
68519,2
68521,2
68522,2
68524,1
68525,4
68528,4
68531,3
68532,2
68534,3
68535,2
68537,2
68541,2
68544,5
68547,2
68548,1
68550,1
68554,2
68560,5
68563,3
68566,2
68567,1
68569,1
68570,2
68572,1
68573,2
68576,8
68579,1
68580,1
68582,2
68583,1
68586,1
68588,1
68589,4
68592,3
68595,1
68598,1
68601,1
68602,1
68605,3
68608,7
68611,3
68612,3
68614,3
68615,1
68617,2
68618,3
68620,2
68621,2
68624,5
68627,4
68628,1
68631,1
68634,3
68637,2
68640,3
68643,4
68646,1
68647,1
68649,2
68650,1
68652,1
68653,6
68656,1
68659,1
68660,1
68663,1
68665,1
68666,2
68668,2
68669,3
68672,5
68675,1
68678,2
68679,5
68682,1
68685,4
68688,3
68692,3
68694,3
68695,1
68697,4
68698,6
68700,1
68701,2
68704,2
68707,2
68710,3
68711,1
68714,1
68716,1
68717,1
68720,1
68723,1
68726,5
68730,1
68732,2
68733,4
68736,6
68739,2
68742,2
68743,1
68746,2
68748,1
68749,2
68752,2
68755,3
68756,1
68758,3
68759,3
68761,1
68762,2
68765,3
68768,2
68771,3
68772,1
68774,2
68775,1
68778,1
68780,1
68781,5
68784,1
68787,2
68790,1
68791,2
68793,1
68797,2
68800,1
68806,3
68807,2
68809,2
68810,3
68812,2
68813,1
68816,2
68819,3
68822,3
68823,2
68825,2
68826,2
68829,2
68832,7
68835,2
68838,2
68839,1
68841,1
68844,1
68845,1
68848,5
68851,3
68854,2
68855,2
68857,3
68858,3
68861,1
68864,6
68867,1
68870,2
68874,3
68877,7
68880,3
68883,2
68886,3
68887,2
68889,1
68890,3
68893,2
68896,3
68899,1
68902,1
68903,5
68905,1
68909,1
68912,1
68915,4
68916,1
68918,1
68921,1
68922,2
68924,1
68925,2
68928,4
68931,2
68932,1
68934,3
68937,1
68938,1
68941,1
68944,4
68947,4
68948,2
68950,2
68951,4
68953,1
68954,2
68956,1
68957,2
68960,4
68963,3
68964,1
68966,4
68967,1
68969,1
68973,4
68976,2
68979,3
68980,1
68982,1
68983,3
68986,4
68989,1
68992,1
68995,2
68996,1
68998,4
68999,1
69001,2
69002,2
69005,3
69008,2
69011,1
69012,1
69014,3
69015,3
69017,1
69020,1
69024,5
69027,2
69031,1
69033,1
69034,1
69036,1
69037,2
69040,3
69043,6
69046,2
69050,2
69052,3
69056,4
69059,1
69062,2
69066,2
69068,1
69069,2
69075,4
69076,1
69078,2
69079,1
69081,2
69082,2
69085,1
69088,5
69091,2
69092,1
69094,2
69095,2
69098,3
69100,1
69104,2
69107,5
69113,3
69114,2
69120,3
69123,1
69126,1
69127,1
69129,2
69130,2
69132,3
69133,4
69136,1
69139,5
69142,1
69143,3
69145,2
69148,1
69149,4
69152,4
69156,2
69158,1
69159,4
69161,2
69164,1
69165,4
69168,2
69171,1
69172,1
69174,1
69175,1
69178,1
69180,2
69181,3
69184,3
69187,3
69190,3
69191,1
69193,3
69194,1
69197,3
69207,1
69210,3
69216,3
69222,1
69223,1
69226,1
69228,1
69229,4
69232,2
69235,3
69238,3
69241,1
69242,1
69245,1
69248,5
69251,2
69252,1
69254,3
69258,1
69261,1
69264,4
69267,2
69270,4
69273,2
69274,1
69277,2
69280,1
69286,2
69287,3
69289,3
69292,1
69293,3
69296,1
69299,1
69300,1
69302,4
69305,1
69306,2
69308,2
69309,1
69312,2
69315,1
69318,1
69319,2
69322,2
69325,2
69328,1
69331,3
69332,2
69335,1
69337,1
69338,5
69340,1
69344,4
69347,2
69350,1
69353,1
69354,3
69357,2
69360,1
69363,5
69364,1
69366,2
69367,1
69369,1
69370,1
69373,2
69376,2
69382,1
69383,2
69385,1
69386,1
69388,1
69389,3
69392,4
69395,5
69401,1
69402,2
69405,1
69408,4
69411,2
69415,1
69417,1
69418,2
69421,2
69424,3
69427,1
69430,1
69431,1
69434,3
69437,1
69440,2
69443,2
69446,5
69447,1
69449,1
69453,3
69456,2
69459,2
69462,2
69465,1
69466,2
69472,5
69475,2
69478,5
69481,1
69482,1
69485,3
69488,2
69491,1
69492,1
69494,1
69495,1
69497,1
69498,2
69504,1
69508,1
69510,2
69511,1
69514,2
69516,2
69517,1
69520,2
69523,3
69524,1
69526,1
69527,1
69529,1
69536,1
69539,1
69546,1
69549,1
69552,1
69555,3
69558,1
69559,1
69562,1
69565,1
69568,1
69572,1
69574,1
69578,1
69580,1
69581,2
69584,2
69587,1
69588,1
69590,3
69591,1
69594,2
69597,2
69600,3
69603,3
69606,1
69607,1
69609,1
69610,1
69613,1
69616,2
69619,3
69622,3
69625,1
69629,3
69635,2
69638,3
69639,1
69642,2
69644,1
69648,1
69651,2
69652,1
69655,1
69657,1
69658,3
69660,2
69661,2
69664,1
69670,1
69671,1
69673,3
69674,3
69677,4
69683,2
69687,1
69689,1
69696,3
69702,3
69703,1
69705,1
69706,1
69708,1
69712,3
69715,4
69716,1
69721,3
69722,1
69725,1
69728,1
69731,1
69734,2
69737,1
69738,1
69740,1
69741,6
69744,1
69747,1
69748,1
69750,1
69753,1
69754,2
69757,2
69760,1
69763,2
69766,1
69770,1
69776,2
69779,3
69780,1
69782,2
69783,2
69785,1
69786,2
69789,2
69795,1
69798,2
69799,2
69802,2
69804,1
69805,2
69811,4
69812,1
69814,1
69815,1
69818,1
69821,3
69824,3
69827,1
69830,2
69831,2
69834,2
69837,3
69840,1
69844,2
69846,2
69847,2
69852,1
69853,1
69859,1
69860,2
69862,1
69866,1
69868,1
69869,2
69872,1
69875,1
69882,1
69885,2
69888,5
69891,2
69894,3
69895,4
69897,1
69898,2
69900,2
69901,1
69904,1
69908,2
69913,2
69914,1
69917,1
69920,2
69923,3
69926,1
69930,1
69932,2
69933,4
69936,1
69939,2
69943,2
69945,1
69946,3
69949,1
69952,3
69956,1
69958,2
69959,1
69962,3
69965,2
69968,3
69971,1
69972,1
69974,2
69975,1
69977,2
69980,1
69981,1
69984,1
69987,1
69990,2
69991,2
69996,1
69997,2
70003,3
70006,2
70009,1
70010,1
70013,2
70016,1
70019,1
70020,1
70022,1
70023,2
70025,1
70029,3
70032,1
70035,1
70036,1
70038,1
70039,1
70041,2
70045,2
70048,3
70051,1
70055,1
70061,2
70064,1
70074,1
70077,2
70080,1
70084,1
70086,1
70090,1
70093,2
70099,2
70102,1
70103,1
70106,1
70112,3
70115,2
70116,1
70118,1
70119,2
70122,1
70125,3
70128,1
70131,2
70134,2
70137,1
70138,2
70141,2
70144,2
70147,1
70151,1
70153,2
70154,2
70156,1
70157,2
70166,2
70169,1
70170,1
70173,3
70176,2
70179,1
70182,2
70183,1
70189,4
70195,2
70201,2
70202,2
70208,1
70211,2
70214,2
70218,1
70220,1
70221,2
70224,2
70230,1
70231,1
70233,1
70237,1
70240,2
70243,3
70246,5
70250,1
70252,2
70253,4
70256,2
70259,1
70260,1
70262,1
70265,1
70268,1
70269,1
70272,2
70275,2
70278,2
70281,1
70282,3
70284,1
70285,1
70288,6
70291,2
70294,3
70298,4
70304,1
70307,1
70310,3
70311,2
70317,3
70320,2
70323,2
70324,1
70326,1
70330,1
70332,1
70333,1
70339,2
70342,1
70343,2
70346,3
70349,4
70352,1
70355,1
70356,2
70361,2
70362,2
70365,1
70368,1
70371,1
70374,2
70378,1
70381,1
70384,1
70387,4
70388,2
70393,2
70394,1
70397,2
70400,1
70407,2
70413,2
70419,1
70420,1
70423,1
70426,2
70428,1
70429,1
70432,3
70438,3
70451,1
70457,1
70458,1
70467,2
70473,1
70480,2
70483,5
70484,2
70486,1
70487,1
70490,2
70492,1
70493,1
70496,3
70506,1
70508,1
70509,2
70512,2
70515,1
70518,3
70519,4
70521,1
70525,2
70528,5
70534,1
70535,1
70538,3
70547,3
70550,2
70553,1
70554,3
70557,1
70560,2
70566,2
70567,1
70569,1
70573,2
70576,1
70579,3
70582,1
70583,3
70586,1
70588,1
70589,1
70592,1
70598,2
70602,1
70605,2
70608,2
70611,1
70612,1
70621,1
70624,3
70631,2
70633,1
70634,1
70640,3
70643,1
70649,1
70653,1
70656,3
70662,2
70663,1
70665,1
70666,1
70669,1
70675,1
70676,1
70678,1
70682,1
70685,2
70688,2
70691,2
70694,4
70695,1
70698,1
70707,2
70708,2
70710,2
70711,1
70717,2
70720,1
70723,3
70724,1
70730,2
70732,1
70733,4
70739,4
70745,1
70746,3
70752,2
70758,1
70759,3
70765,4
70771,1
70775,2
70777,2
70778,1
70784,3
70787,1
70800,1
70803,1
70804,1
70806,1
70809,1
70810,1
70816,2
70819,1
70820,1
70823,1
70828,1
70829,1
70832,1
70835,1
70841,1
70842,2
70848,1
70851,2
70854,2
70855,1
70860,1
70861,2
70864,2
70867,1
70871,2
70873,1
70874,2
70876,1
70877,1
70880,4
70883,4
70886,1
70890,1
70896,2
70899,2
70900,1
70902,1
70905,3
70906,1
70912,1
70915,1
70918,2
70922,1
70925,1
70928,2
70931,1
70937,1
70938,1
70941,1
70944,3
70950,3
70951,2
70956,1
70957,1
70960,2
70963,1
70966,2
70967,1
70970,2
70976,3
70979,1
70982,2
70983,1
70985,1
70986,1
70989,1
70992,1
70996,1
71001,1
71002,1
71005,2
71008,1
71014,1
71015,1
71018,1
71021,2
71024,1
71027,1
71028,1
71030,1
71034,2
71040,3
71043,2
71047,1
71053,1
71059,1
71060,2
71065,1
71072,1
71081,1
71085,2
71088,1
71092,2
71094,3
71095,1
71098,1
71104,1
71107,4
71110,1
71111,1
71113,1
71116,1
71123,1
71129,2
71133,1
71139,2
71142,1
71143,1
71145,1
71152,5
71155,3
71158,1
71159,1
71161,1
71162,1
71164,1
71168,1
71172,1
71180,1
71184,1
71187,1
71197,1
71200,4
71206,3
71207,1
71213,3
71216,3
71220,1
71226,2
71232,1
71235,2
71236,2
71238,2
71242,1
71245,2
71254,2
71257,1
71261,1
71264,1
71267,1
71277,1
71280,1
71283,2
71284,2
71286,1
71287,1
71289,1
71290,1
71302,1
71306,1
71309,1
71316,1
71321,3
71325,1
71328,3
71331,1
71335,1
71340,1
71344,4
71347,1
71348,1
71350,1
71353,1
71354,3
71360,3
71363,1
71373,2
71379,2
71382,1
71385,1
71386,2
71389,1
71392,1
71395,1
71399,1
71411,2
71417,1
71418,1
71420,1
71421,1
71424,2
71427,2
71430,1
71431,1
71437,1
71440,1
71443,1
71447,1
71450,1
71453,1
71456,1
71459,2
71466,1
71469,1
71475,2
71479,1
71482,1
71488,1
71491,2
71492,1
71494,1
71498,1
71501,2
71504,2
71507,1
71514,1
71517,3
71526,2
71527,1
71530,2
71532,1
71533,1
71536,2
71542,1
71546,1
71552,1
71556,1
71565,1
71568,1
71571,2
71574,1
71578,1
71584,1
71587,2
71588,1
71593,1
71600,2
71603,2
71604,1
71609,2
71616,1
71620,1
71622,2
71623,1
71629,1
71632,1
71635,2
71639,1
71642,3
71648,1
71654,1
71655,2
71670,1
71677,2
71683,1
71687,1
71689,1
71693,2
71696,2
71706,1
71709,1
71712,2
71715,1
71718,1
71725,2
71731,1
71732,1
71737,2
71738,1
71744,2
71747,1
71748,1
71750,4
71751,1
71754,1
71757,3
71776,1
71779,1
71780,1
71782,1
71783,3
71789,1
71792,2
71795,1
71798,1
71811,1
71818,1
71820,1
71821,1
71827,1
71830,1
71834,1
71840,2
71844,1
71846,1
71849,1
71852,1
71856,2
71859,2
71869,1
71875,1
71878,1
71879,1
71885,1
71888,2
71891,3
71892,1
71900,1
71901,1
71904,1
71910,2
71929,1
71930,1
71936,1
71939,1
71943,1
71952,1
71955,2
71959,1
71965,2
71968,1
71971,1
71987,1
71990,1
71993,1
71994,1
71997,1
72010,2
72016,1
72019,2
72022,1
72023,1
72025,1
72029,1
72035,1
72038,1
72039,1
72042,2
72044,1
72045,3
72067,2
72070,2
72073,1
72074,1
72077,2
72080,1
72083,1
72086,2
72087,1
72089,1
72090,2
72096,1
72105,2
72115,1
72121,2
72128,2
72131,1
72132,1
72135,1
72141,2
72148,1
72150,1
72153,1
72160,1
72163,1
72166,3
72167,2
72170,1
72173,2
72176,1
72179,1
72186,2
72188,1
72192,1
72195,1
72201,1
72202,1
72205,1
72211,1
72215,1
72217,1
72224,2
72234,2
72236,1
72237,1
72240,1
72244,1
72250,1
72252,1
72253,2
72256,3
72262,2
72266,1
72268,1
72269,1
72275,2
72281,1
72282,2
72291,2
72294,1
72307,1
72314,1
72320,2
72329,1
72333,1
72336,1
72339,1
72342,1
72343,1
72346,1
72352,1
72362,1
72381,1
72384,2
72387,1
72390,2
72393,1
72397,1
72400,1
72407,1
72409,1
72412,1
72422,1
72435,1
72445,1
72454,1
72455,1
72461,1
72467,1
72476,1
72480,1
72496,1
72499,1
72502,1
72516,1
72518,1
72521,1
72522,1
72524,1
72525,2
72528,1
72541,2
72550,1
72560,1
72563,1
72567,1
72572,1
72573,1
72576,1
72589,1
72596,1
72598,2
72605,1
72608,2
72612,1
72614,1
72621,1
72624,1
72627,2
72628,1
72633,1
72637,1
72643,2
72650,1
72653,3
72660,2
72678,1
72685,2
72698,1
72701,1
72704,2
72710,1
72714,1
72717,1
72720,2
72723,1
72730,1
72736,2
72739,1
72746,1
72749,1
72755,1
72764,1
72765,2
72768,1
72774,1
72812,1
72813,1
72819,1
72823,2
72825,1
72854,1
72861,1
72870,1
72871,1
72873,1
72877,2
72880,1
72883,1
72886,2
72889,1
72893,1
72896,1
72902,1
72915,1
72921,1
72928,1
72950,1
72954,1
72963,1
72973,1
72986,1
72998,1
73002,1
73005,1
73012,1
73015,1
73034,1
73037,2
73043,2
73050,1
73056,2
73062,1
73065,1
73069,1
73072,1
73078,1
73081,1
73082,1
73088,1
73094,2
73104,1
73110,1
73111,1
73117,1
73120,2
73126,1
73127,2
73139,1
73152,2
73155,1
73165,2
73168,1
73177,1
73184,1
73197,1
73200,2
73203,1
73213,1
73222,1
73225,1
73235,1
73239,1
73248,1
73261,1
73273,1
73274,3
73280,1
73286,1
73296,1
73306,1
73347,1
73364,1
73370,1
73386,1
73395,2
73405,1
73411,1
73412,1
73414,1
73424,1
73433,1
73434,1
73446,1
73459,1
73462,2
73465,3
73466,1
73478,1
73479,1
73488,1
73491,3
73501,2
73530,1
73542,1
73546,1
73555,1
73596,1
73606,1
73613,1
73620,1
73626,1
73651,1
73661,1
73664,1
73670,2
73700,1
73721,1
73734,1
73740,1
73751,1
73754,1
73757,1
73766,1
73776,1
73785,1
73792,1
73798,1
73801,1
73802,1
73805,1
73811,1
73818,1
73821,1
73824,1
73840,1
73846,1
73859,1
73860,1
73866,1
73869,1
73872,1
73876,1
73888,1
73904,1
73907,1
73911,1
73926,1
73936,1
73939,1
73952,1
73997,1
74006,1
74007,1
74025,1
74035,1
74041,1
74048,1
74051,1
74058,1
74067,1
74073,1
74087,2
74096,1
74100,1
74106,1
74122,1
74151,1
74153,1
74157,1
74208,1
74214,1
74237,1
74240,1
74243,1
74246,1
74285,1
74330,1
74333,1
74352,1
74355,1
74359,1
74368,1
74384,1
74413,1
74438,1
74534,1
74573,1
74582,2
74592,1
74643,1
74647,1
74650,2
74700,1
74704,2
74733,1
74739,1
74742,1
74755,1
74842,1
74845,1
74867,1
74889,1
74893,1
74919,1
74925,1
74970,1
74995,1
75001,2
75002,1
75024,1
75046,1
75066,1
75072,1
75088,3
75108,1
75130,1
75133,1
75136,1
75178,1
75200,1
75213,1
75228,1
75258,3
75270,1
75316,1
75328,1
75335,1
75395,1
75402,1
75405,1
75411,1
75424,1
75449,1
75520,1
75562,1
75568,1
75578,1
75591,1
75651,1
75715,1
75719,1
75737,1
75766,1
75776,1
75788,1
75834,1
75865,1
75878,1
75898,1
75907,1
75910,1
75939,1
75988,1
76019,1
76045,1
76108,1
76160,1
76230,2
76250,1
76281,1
76288,1
76345,1
76358,1
76365,1
76416,2
76470,1
76480,1
76573,1
76576,1
76628,1
76647,1
76701,1
76756,1
76839,1
76861,1
76912,1
76915,1
76953,1
76954,1
76982,1
77001,1
77008,1
77012,1
77043,1
77075,1
77091,1
77113,1
77133,1
77258,1
77264,1
77306,1
77325,1
77347,1
77376,1
77379,1
77401,1
77408,1
77434,1
77485,1
77520,1
77549,1
77613,1
77619,1
77699,1
77780,1
77792,1
77843,1
77898,1
77978,1
78006,1
78032,1
78035,2
78051,1
78054,1
78157,1
78163,1
78202,1
78237,1
78262,1
78266,1
78269,1
78294,1
78362,1
78390,1
78480,1
78484,1
78586,1
78675,1
78752,1
78858,1
78906,1
78988,1
79034,1
79113,1
79184,1
79232,1
79369,1
79373,1
79402,1
79434,1
79459,1
79661,1
79744,1
79885,1
79891,1
79920,1
80045,1
80220,1
80224,1
80243,1
80288,1
80406,1
80438,1
80541,1
80652,1
80730,1
80774,1
80794,1
80867,1
80870,1
80883,1
80950,1
81318,1
81328,1
81398,1
81526,1
81556,1
81664,1
82080,1
82189,1
82243,1
82281,1
82534,1
82644,1
82650,1
82656,1
82794,1
82860,1
82934,1
83232,1
83372,1
83379,1
83591,1
83654,1
83684,1
83952,1
84198,1
84211,1
84224,1
84243,1
84250,1
84505,1
84509,1
84652,1
84768,1
84816,1
84890,1
84950,1
85005,1
85229,1
85251,1
85324,1
85370,1
85507,1
85613,1
85632,1
85776,1
85900,1
85923,1
85984,1
86080,1
86106,1
86134,1
86240,1
86301,1
86429,1
86604,1
86672,1
86707,1
86762,1
86886,1
86887,1
86944,1
87072,1
87178,1
87203,1
87248,1
87309,1
87356,1
87456,1
87501,1
87808,1
87875,1
87946,1
88032,1
88099,1
88208,1
88275,1
88371,1
88458,1
88483,1
88506,1
88781,1
88896,1
88935,1
89024,1
89027,1
89373,1
89478,1
89523,1
89568,1
89703,1
89824,1
89828,1
89879,1
89898,1
90067,1
90189,1
90419,1
90448,1
90605,1
90668,1
90681,1
90720,1
90953,1
90963,1
90969,1
91072,1
91079,1
91084,1
91107,1
91165,1
91181,1
91306,1
91324,1
91338,1
91421,1
91430,1
91530,1
91555,1
91840,1
91866,1
91907,1
92038,1
92221,1
92329,1
92474,1
92637,1
92646,1
92659,1
92835,1
92860,1
92880,1
92941,1
93056,1
93178,1
93306,1
93402,1
93514,1
93526,1
93600,1
93715,1
93866,1
93898,1
93946,1
94057,1
94058,1
94112,1
94134,1
94144,1
94304,1
94308,1
94361,1
94541,1
94586,1
94759,1
94774,1
94800,1
94937,1
94973,1
95079,1
95092,1
95248,1
95334,1
95405,1
95446,1
95453,1
95603,2
95652,1
95725,1
96096,1
96109,1
96205,1
96276,1
96282,1
96311,1
96698,1
96723,1
96726,1
96778,1
96880,1
96964,1
96966,1
97008,1
97011,1
97030,1
97107,1
97126,1
97130,1
97194,1
97366,1
97625,1
97708,1
97709,2
97751,1
97760,1
97805,1
97830,1
97837,1
97850,1
97926,1
98035,1
98048,1
98090,1
98122,1
98157,1
98164,1
98169,1
98179,1
98186,1
98329,1
98480,1
98560,1
98675,1
98900,1
98912,1
98918,1
98970,1
98995,1
99104,1
99174,1
99187,1
99207,1
99232,1
99299,1
99408,1
99757,1
99792,1
99859,1
100138,1
100144,1
100205,1
100250,1
100394,1
100487,1
100518,1
100759,1
100947,1
100960,1
101001,1
101011,1
101017,1
101027,1
101040,1
101091,1
101148,1
101258,1
101357,1
101395,1
101446,1
101708,1
101875,1
102038,1
102221,1
102233,1
102249,1
102371,1
102499,1
102509,1
102624,1
102646,1
102653,1
102765,1
102813,1
102886,1
102896,1
102902,1
102995,1
103091,1
103114,1
103142,1
103244,1
103258,1
103344,1
103494,2
103536,1
103575,1
103593,1
103613,1
103629,1
103657,1
103788,1
103820,1
104128,1
104138,2
104157,1
104224,1
104236,1
104400,1
104454,1
104477,1
104493,1
104544,1
104752,1
104778,1
104819,1
104845,1
104870,1
104876,1
104925,1
104998,1
105101,1
105120,1
105146,1
105162,1
105184,1
105228,1
105255,1
105280,1
105299,1
105383,1
105434,1
105532,1
105612,1
105978,1
106019,2
106054,1
106182,1
106240,1
106304,1
106419,1
106423,1
106454,1
106503,1
106624,1
106669,1
106676,1
106736,1
106823,1
106964,1
107082,1
107104,1
107194,1
107248,1
107305,1
107363,1
107373,2
107402,1
107453,1
107488,1
107501,1
107571,2
107619,1
107648,1
107654,1
107725,1
107748,1
107750,1
107853,1
107996,1
108144,1
108199,1
108298,1
108391,1
108419,1
108477,1
108614,1
108678,1
108841,1
108970,1
109030,1
109242,1
109312,1
109401,1
109462,1
109593,1
109648,1
109766,1
109933,1
110073,1
110119,1
110227,1
110234,1
110320,1
110371,1
110387,1
110509,1
110675,1
110816,1
110870,1
110886,1
110893,1
110906,1
110963,1
111047,1
111052,1
111091,1
111098,1
111107,1
111296,1
111309,1
111411,1
111443,1
111465,1
111472,1
111587,1
111702,1
111738,1
111846,1
111862,1
111872,1
111987,1
112057,1
112128,1
112212,1
112454,1
112544,1
112566,1
112627,1
112723,1
112855,1
112864,1
112982,1
112989,1
113161,1
113200,1
113248,1
113440,1
113453,1
113638,1
113683,1
113721,1
113731,1
113763,1
113792,1
113860,1
113888,1
113891,1
113936,1
113940,1
114096,1
114157,1
114169,1
114247,1
114285,1
114390,1
114400,1
114458,1
114531,1
114700,1
114704,1
114791,1
115072,1
115094,1
115142,1
115209,1
115315,1
115322,1
115366,1
115456,1
115520,1
115613,1
115629,1
115635,1
115648,1
115655,1
115750,1
115821,1
115926,1
115978,1
116093,1
116167,1
116179,2
116185,1
116265,1
116301,1
116339,1
116365,1
116390,1
116442,1
116490,1
116569,1
116573,1
116628,1
116851,1
117052,1
117123,1
117133,1
117149,1
117197,1
117306,1
117373,1
117412,1
117468,1
117504,1
117590,1
117626,1
117712,1
117715,1
117740,1
117767,1
117769,1
117879,1
117900,1
117943,1
117952,2
118042,1
118060,1
118073,1
118234,1
118240,1
118598,1
118614,1
118643,1
118682,1
118685,1
118704,1
118736,1
119088,1
119216,1
119232,2
119360,1
119418,1
119565,1
119584,1
119751,1
119843,1
119875,1
120029,1
120102,1
120275,1
120423,1
120538,1
120615,1
120742,1
120762,1
120774,1
120803,1
120858,1
120935,1
120983,1
121043,1
121242,1
121440,1
121517,1
121536,1
121603,1
121628,1
121657,1
121738,1
121744,1
121748,1
121760,1
121846,1
121856,1
122073,1
122176,1
122281,1
122435,1
122586,1
122685,1
122727,1
123021,1
123136,1
123334,1
123383,1
123459,1
123648,1
123651,1
123725,1
123753,1
123917,1
124042,1
124343,1
124422,1
124685,1
124697,1
124793,1
125046,1
125127,1
125168,1
125309,1
125348,1
125351,1
125414,1
125728,1
126073,1
126285,1
126582,1
127232,1
127456,1
127530,1
127747,1
128077,1
128265,1
128518,1
128582,1
128838,1
129517,1
129798,1
133972,1
134016,1
135101,1
135642,1
138855,1
143152,1
143648,1
145171,1
146349,1
147552,1
150278,1
152989,1
154937,1
159660,1
161799,1
176435,1
185933,1
357568,1
685584,1
1643622,1
