# Samples: 22453, Average: 39927.0 ns, StdDev: 10184.3 ns, Quartiles: 31843.0/43283.0/45850.0 ns
16278,1
16499,1
16761,1
17008,1
17142,2
17344,1
17427,1
17498,1
17587,1
17619,2
17623,1
17738,1
17770,1
17865,1
17956,1
17959,1
18000,1
18003,1
18044,1
18048,1
18061,1
18067,1
18068,1
18083,1
18109,1
18118,1
18121,1
18195,1
18198,1
18211,2
18234,1
18259,1
18263,1
18266,1
18327,1
18333,1
18346,1
18349,1
18364,1
18371,2
18377,1
18400,1
18410,1
18412,1
18422,1
18432,1
18480,1
18525,1
18528,1
18560,1
18576,1
18592,1
18624,1
18633,1
18646,1
18653,1
18666,1
18668,1
18669,1
18681,1
18688,1
18692,1
18704,1
18710,1
18724,1
18733,1
18736,1
18752,1
18762,2
18781,2
18784,1
18794,1
18807,1
18813,1
18819,2
18825,1
18835,1
18851,1
18854,1
18861,1
18868,1
18883,1
18887,2
18896,2
18899,1
18915,1
18921,1
18925,2
18928,1
18940,1
18941,1
18954,1
18957,1
18963,1
18969,1
18989,1
19018,1
19024,1
19030,1
19044,1
19072,1
19091,1
19094,1
19097,1
19104,1
19107,2
19114,1
19120,1
19127,1
19129,1
19130,1
19136,1
19139,2
19143,1
19149,1
19152,1
19156,1
19158,2
19161,1
19164,1
19165,2
19168,1
19181,1
19206,1
19226,1
19248,1
19255,1
19267,1
19277,1
19283,2
19293,1
19299,1
19305,1
19318,1
19328,1
19331,1
19347,2
19350,1
19360,1
19366,1
19399,1
19408,1
19415,1
19417,1
19418,1
19421,1
19434,1
19440,1
19447,1
19449,1
19450,2
19456,1
19469,1
19472,1
19478,1
19479,1
19501,2
19520,2
19523,1
19533,1
19536,1
19542,1
19543,1
19546,1
19556,2
19559,1
19581,1
19584,1
19594,1
19600,1
19610,1
19616,1
19619,2
19623,1
19635,2
19636,1
19642,1
19645,1
19648,2
19651,2
19667,1
19674,3
19677,1
19686,1
19693,1
19696,2
19699,1
19725,1
19731,3
19734,1
19737,1
19741,1
19750,1
19751,1
19754,1
19760,1
19763,1
19770,1
19785,2
19792,2
19808,2
19824,1
19827,2
19833,1
19846,1
19853,3
19859,1
19875,1
19878,1
19882,1
19891,1
19898,1
19920,1
19926,1
19936,2
19939,1
19942,1
19945,1
19952,1
19962,1
19965,2
19972,1
19984,2
19993,1
19994,1
20004,1
20010,2
20023,1
20026,1
20029,1
20032,1
20038,1
20041,1
20048,1
20052,1
20058,2
20067,2
20070,1
20109,1
20112,1
20122,1
20125,1
20131,2
20144,1
20163,1
20170,1
20176,1
20189,2
20192,1
20201,2
20208,2
20215,1
20218,1
20224,2
20230,1
20237,2
20240,3
20243,1
20247,1
20265,1
20269,1
20272,1
20275,3
20278,1
20285,1
20288,2
20291,1
20292,1
20298,2
20310,1
20323,3
20329,1
20343,1
20346,1
20349,1
20352,1
20355,2
20368,2
20371,1
20372,1
20397,1
20400,2
20403,1
20407,1
20409,1
20419,1
20422,1
20423,1
20426,1
20428,1
20429,1
20439,1
20448,1
20451,3
20458,1
20461,2
20464,1
20467,1
20477,1
20484,1
20487,1
20489,2
20499,1
20502,1
20503,1
20506,1
20508,2
20524,1
20525,1
20528,1
20534,1
20537,1
20544,2
20548,1
20551,1
20560,1
20564,1
20572,1
20576,1
20579,1
20589,1
20592,1
20599,1
20602,1
20604,1
20605,1
20608,1
20621,1
20624,1
20640,1
20643,1
20650,4
20653,1
20656,1
20659,2
20662,1
20666,1
20682,1
20688,1
20694,2
20695,1
20698,2
20701,1
20704,1
20714,2
20720,1
20726,2
20730,1
20733,1
20736,2
20739,1
20743,1
20746,1
20748,1
20749,1
20752,2
20755,1
20759,1
20764,1
20765,1
20771,1
20784,2
20787,1
20797,1
20809,1
20810,1
20813,1
20816,2
20819,1
20820,1
20825,1
20835,1
20836,1
20838,1
20842,1
20845,1
20848,1
20854,1
20857,1
20861,2
20864,1
20867,1
20871,1
20873,1
20874,2
20880,1
20883,1
20890,1
20893,1
20896,2
20899,1
20902,1
20906,1
20909,1
20912,3
20918,1
20928,1
20935,1
20937,1
20938,1
20947,1
20954,1
20956,1
20957,2
20966,1
20967,1
20976,1
20979,1
20983,1
20986,2
20988,1
20995,1
20998,1
21001,2
21005,1
21008,2
21012,1
21018,2
21021,1
21024,1
21027,1
21031,1
21033,1
21037,1
21040,2
21044,3
21046,1
21052,1
21053,2
21056,2
21068,2
21072,1
21078,1
21084,1
21100,1
21101,1
21110,1
21113,2
21114,1
21120,3
21123,2
21126,1
21127,4
21129,2
21136,1
21140,1
21146,1
21149,2
21152,2
21156,1
21158,2
21161,2
21168,1
21171,1
21174,1
21175,1
21181,1
21184,1
21187,1
21188,1
21193,1
21194,2
21200,1
21203,1
21207,1
21210,3
21213,1
21222,1
21245,2
21248,1
21251,3
21255,2
21257,1
21261,2
21267,1
21274,1
21276,1
21293,1
21302,1
21303,1
21305,1
21309,2
21312,1
21315,2
21319,1
21321,1
21322,3
21328,2
21331,1
21334,1
21338,1
21340,1
21341,1
21344,1
21347,2
21350,1
21354,1
21360,1
21363,1
21364,1
21367,1
21372,1
21373,1
21376,1
21379,2
21382,2
21386,1
21395,1
21399,2
21404,1
21405,1
21411,1
21421,1
21424,2
21428,1
21430,2
21437,2
21440,1
21450,2
21456,1
21459,3
21462,1
21463,1
21466,1
21468,1
21469,1
21472,3
21475,1
21478,2
21482,1
21485,1
21488,1
21491,1
21501,1
21507,1
21511,1
21514,2
21520,2
21533,1
21545,1
21546,1
21552,1
21556,1
21558,2
21559,1
21562,1
21572,1
21575,1
21578,1
21580,1
21584,1
21588,1
21590,1
21593,1
21594,2
21596,1
21600,1
21604,1
21606,1
21613,1
21616,3
21622,1
21623,1
21625,1
21626,1
21628,1
21629,3
21632,1
21635,1
21638,1
21639,2
21642,2
21645,2
21652,1
21655,1
21660,1
21661,2
21670,1
21673,1
21677,1
21680,1
21684,1
21687,1
21693,1
21696,1
21699,1
21703,1
21705,2
21706,1
21712,2
21715,2
21722,1
21724,1
21728,1
21734,1
21735,1
21744,1
21747,2
21750,2
21751,1
21753,2
21756,1
21757,1
21760,3
21763,1
21766,2
21767,1
21769,1
21773,1
21776,2
21782,1
21786,2
21789,2
21792,1
21795,1
21811,2
21815,1
21818,1
21821,1
21824,1
21828,1
21830,1
21834,2
21837,2
21840,2
21843,1
21844,1
21846,1
21847,1
21853,1
21856,3
21859,2
21865,3
21869,2
21872,6
21875,2
21876,1
21879,3
21881,1
21882,1
21898,1
21904,2
21910,1
21911,1
21914,1
21916,1
21917,2
21920,3
21926,1
21930,1
21933,1
21942,2
21948,1
21955,3
21968,1
21971,3
21974,1
21975,2
21977,1
21978,1
21980,3
21981,2
21984,2
21991,1
21994,1
21997,2
22000,1
22003,1
22004,1
22013,1
22016,2
22023,1
22025,1
22028,1
22029,1
22032,1
22035,3
22038,2
22041,1
22042,2
22045,1
22051,1
22052,1
22054,1
22058,1
22061,2
22064,2
22067,2
22068,1
22070,2
22073,1
22076,1
22077,3
22080,1
22083,1
22090,2
22093,1
22096,2
22099,1
22102,2
22103,2
22106,1
22109,1
22112,1
22118,1
22119,2
22128,1
22138,1
22147,1
22148,1
22150,1
22151,1
22154,2
22157,2
22160,1
22163,2
22167,1
22169,2
22172,1
22173,2
22176,2
22182,2
22183,1
22185,1
22192,2
22195,2
22198,1
22199,1
22205,3
22208,1
22214,1
22215,2
22221,1
22227,2
22230,3
22231,1
22233,1
22234,1
22236,1
22243,1
22249,1
22250,1
22253,3
22256,3
22259,2
22260,1
22262,1
22263,2
22268,1
22272,2
22275,1
22278,1
22288,2
22291,1
22297,1
22298,2
22300,2
22310,3
22314,3
22316,2
22320,1
22323,2
22330,1
22333,1
22336,2
22339,1
22352,2
22358,1
22359,1
22362,1
22368,2
22372,1
22374,1
22375,1
22377,1
22381,3
22384,3
22387,3
22390,3
22391,1
22393,1
22397,4
22400,1
22403,1
22406,1
22407,1
22410,1
22416,2
22419,1
22422,2
22423,1
22426,1
22428,1
22429,1
22432,1
22435,1
22436,1
22438,1
22441,1
22448,1
22455,1
22460,1
22464,1
22468,1
22474,1
22476,1
22477,2
22480,1
22483,1
22486,1
22489,1
22490,1
22493,3
22496,4
22499,1
22505,1
22506,1
22508,1
22512,1
22515,3
22519,2
22524,1
22528,3
22531,3
22534,2
22535,1
22537,1
22540,1
22547,2
22550,1
22551,1
22553,1
22557,1
22566,1
22567,1
22576,1
22579,1
22582,3
22583,1
22585,2
22586,2
22589,2
22592,2
22595,2
22596,1
22598,1
22599,1
22601,1
22605,1
22608,1
22618,1
22621,1
22627,1
22636,1
22637,1
22640,2
22643,1
22649,1
22650,2
22653,1
22656,1
22659,3
22660,1
22666,1
22669,2
22672,2
22675,5
22678,2
22682,1
22691,1
22692,1
22697,1
22698,1
22701,1
22704,3
22707,3
22710,2
22711,2
22714,2
22720,2
22729,1
22733,1
22736,3
22739,1
22749,2
22752,2
22755,3
22758,1
22759,1
22761,1
22762,2
22765,2
22768,2
22778,1
22781,5
22784,1
22791,1
22793,1
22794,6
22800,5
22803,2
22806,2
22807,1
22816,2
22825,2
22826,3
22829,3
22835,4
22839,1
22841,1
22842,1
22845,3
22848,2
22851,1
22855,1
22857,1
22858,2
22861,1
22864,2
22867,2
22868,1
22870,1
22877,1
22880,1
22883,7
22886,2
22890,1
22893,1
22896,5
22899,3
22900,1
22902,1
22903,1
22912,1
22918,1
22919,1
22921,1
22922,1
22925,1
22928,4
22931,5
22934,2
22937,1
22941,5
22944,1
22947,1
22948,2
22950,1
22951,1
22954,2
22957,1
22960,2
22969,2
22970,3
22973,2
22976,2
22979,1
22980,1
22982,2
22983,2
22985,2
22986,1
22988,1
22989,2
22992,3
22995,3
22998,2
22999,2
23002,1
23005,1
23008,4
23011,1
23017,2
23018,1
23021,1
23024,3
23028,2
23030,1
23033,1
23034,1
23037,3
23040,1
23044,1
23053,1
23056,1
23059,2
23063,2
23069,4
23072,1
23075,4
23078,1
23079,2
23081,4
23082,2
23088,1
23091,3
23094,1
23097,3
23098,2
23104,2
23107,1
23110,4
23111,1
23113,1
23117,3
23120,5
23126,1
23127,2
23129,3
23133,3
23139,1
23140,1
23142,1
23143,1
23149,2
23152,4
23155,1
23156,1
23158,1
23159,1
23161,1
23162,1
23165,3
23168,2
23174,3
23175,1
23181,2
23184,4
23187,1
23188,1
23197,1
23200,2
23203,1
23206,1
23209,1
23210,1
23212,1
23216,1
23219,3
23225,2
23226,2
23229,1
23238,1
23239,1
23242,1
23245,1
23248,3
23251,1
23255,1
23258,2
23261,1
23264,1
23270,2
23271,1
23273,1
23274,1
23277,2
23283,3
23286,3
23287,1
23290,4
23292,2
23293,1
23296,3
23299,4
23302,1
23303,1
23306,5
23308,2
23309,3
23315,1
23318,1
23319,1
23321,2
23324,2
23325,2
23328,3
23331,1
23332,1
23334,1
23335,1
23337,2
23341,3
23344,2
23347,1
23350,1
23354,1
23357,2
23360,2
23363,2
23364,2
23366,1
23369,3
23370,2
23373,3
23376,1
23379,2
23392,1
23395,2
23398,1
23402,3
23411,2
23414,1
23415,2
23417,2
23418,1
23420,1
23421,3
23427,1
23430,3
23434,1
23437,1
23440,2
23443,1
23446,1
23452,1
23453,1
23456,2
23459,2
23463,1
23472,1
23475,1
23478,1
23479,1
23482,1
23484,2
23485,2
23491,1
23494,2
23495,1
23497,1
23498,2
23501,1
23504,1
23510,3
23513,1
23517,1
23520,3
23524,1
23526,4
23527,1
23529,1
23533,2
23536,4
23539,1
23542,2
23543,2
23546,1
23549,1
23552,1
23555,5
23559,1
23561,1
23565,3
23568,2
23571,2
23574,1
23575,1
23577,2
23584,1
23587,1
23588,1
23591,1
23593,1
23594,1
23600,1
23603,2
23606,1
23610,2
23616,5
23620,1
23623,3
23625,2
23626,2
23628,1
23629,3
23632,3
23635,2
23638,2
23639,2
23642,1
23645,1
23648,2
23651,3
23654,2
23657,1
23661,3
23664,2
23667,1
23668,2
23670,1
23674,1
23677,1
23680,2
23683,3
23684,2
23686,4
23687,3
23689,2
23693,4
23696,1
23699,2
23700,1
23702,3
23703,3
23706,1
23708,1
23709,1
23712,4
23715,1
23721,1
23724,1
23725,2
23728,2
23731,1
23732,1
23734,1
23737,1
23738,1
23741,1
23744,4
23747,2
23751,1
23754,2
23757,1
23760,2
23763,2
23766,4
23767,2
23770,3
23773,3
23776,1
23779,3
23782,1
23783,1
23786,2
23789,2
23792,2
23795,1
23796,1
23798,4
23801,1
23802,2
23804,1
23808,4
23811,2
23812,1
23814,1
23815,1
23817,3
23818,1
23821,3
23824,1
23827,1
23830,4
23831,2
23843,4
23844,1
23846,2
23847,1
23849,1
23850,2
23853,1
23856,3
23859,1
23862,2
23863,1
23865,2
23866,2
23869,4
23872,1
23875,1
23879,1
23881,2
23882,2
23888,4
23891,1
23894,2
23895,2
23897,2
23898,1
23900,1
23901,2
23904,1
23907,2
23913,2
23914,1
23917,2
23920,3
23923,1
23926,1
23927,1
23932,1
23933,3
23939,1
23940,1
23943,1
23945,1
23946,1
23949,2
23952,4
23955,3
23956,1
23958,1
23959,1
23961,1
23962,3
23965,3
23968,1
23971,3
23972,1
23978,2
23980,1
23981,1
23984,2
23991,1
23996,1
23997,4
24000,3
24003,2
24006,1
24007,1
24009,1
24013,3
24016,1
24019,4
24022,3
24025,2
24026,1
24028,2
24029,1
24032,2
24036,1
24038,1
24039,2
24041,1
24045,1
24048,2
24051,1
24055,2
24057,1
24058,2
24061,5
24064,3
24067,1
24068,1
24070,2
24074,1
24077,2
24080,1
24083,2
24086,2
24087,1
24090,1
24092,1
24093,5
24096,3
24099,1
24102,2
24105,1
24106,1
24109,4
24112,1
24115,2
24116,1
24118,1
24119,2
24121,1
24122,1
24124,1
24125,2
24128,3
24131,2
24135,2
24137,2
24138,1
24141,4
24144,1
24147,2
24150,1
24156,2
24157,1
24160,2
24163,1
24164,1
24166,2
24170,4
24173,2
24176,2
24179,3
24180,1
24182,1
24183,2
24186,2
24188,1
24189,1
24192,2
24195,3
24196,1
24199,2
24201,2
24202,3
24204,2
24205,2
24208,5
24211,2
24217,1
24218,2
24220,1
24221,2
24224,2
24227,1
24233,1
24234,2
24236,2
24240,2
24243,1
24246,3
24250,1
24253,3
24256,1
24259,3
24260,1
24262,3
24265,2
24266,2
24268,2
24269,3
24272,1
24278,2
24279,2
24281,1
24282,1
24285,2
24288,1
24291,2
24298,1
24300,1
24301,3
24307,1
24308,1
24310,1
24311,1
24314,1
24316,3
24317,3
24320,3
24326,1
24327,1
24333,1
24342,4
24343,1
24346,1
24349,4
24352,3
24355,5
24361,1
24362,2
24365,2
24368,2
24371,1
24374,2
24375,1
24377,1
24378,2
24381,2
24384,3
24387,2
24388,1
24390,2
24393,3
24394,1
24396,2
24397,1
24400,1
24407,2
24413,3
24416,2
24419,3
24422,1
24423,1
24426,2
24429,2
24432,4
24436,1
24438,2
24439,1
24441,2
24442,1
24445,4
24448,2
24452,2
24461,1
24464,4
24467,1
24470,2
24471,4
24483,2
24484,1
24486,2
24489,1
24490,1
24493,5
24499,1
24502,3
24505,3
24506,2
24508,1
24509,1
24512,3
24516,2
24518,1
24522,3
24524,2
24525,2
24531,2
24535,2
24538,1
24540,1
24541,2
24544,3
24547,6
24550,1
24551,1
24553,2
24554,1
24557,4
24560,6
24563,2
24564,1
24569,2
24570,1
24572,1
24576,2
24579,1
24583,1
24586,2
24588,1
24589,2
24592,6
24595,2
24596,1
24598,3
24601,1
24602,1
24604,1
24605,1
24608,2
24611,2
24614,1
24615,1
24617,1
24618,1
24627,1
24630,3
24631,2
24633,2
24634,1
24637,1
24643,2
24646,4
24649,1
24653,2
24656,3
24659,2
24660,2
24663,3
24666,1
24668,1
24669,1
24672,3
24675,1
24676,1
24678,1
24681,1
24682,2
24685,1
24688,6
24691,1
24694,1
24695,1
24698,2
24700,1
24701,3
24704,2
24710,3
24713,2
24714,1
24716,1
24717,2
24720,1
24723,2
24726,3
24727,1
24729,1
24730,3
24733,5
24736,1
24742,4
24745,1
24749,2
24758,1
24761,2
24762,1
24765,1
24768,1
24771,1
24772,1
24774,2
24781,1
24784,3
24790,1
24791,3
24797,4
24800,4
24809,1
24810,1
24813,2
24816,1
24819,2
24820,3
24822,3
24825,2
24826,2
24829,2
24838,1
24841,2
24842,1
24845,2
24848,2
24852,1
24854,1
24855,2
24857,1
24860,2
24861,1
24864,2
24867,2
24870,1
24877,4
24880,3
24883,2
24884,1
24886,1
24887,1
24890,2
24893,1
24896,2
24902,2
24903,1
24905,2
24906,3
24909,4
24912,2
24915,2
24916,1
24918,2
24921,1
24922,1
24925,1
24928,2
24931,2
24932,1
24934,2
24935,3
24937,1
24941,2
24944,1
24947,3
24954,4
24957,3
24960,1
24963,2
24967,1
24969,1
24970,1
24972,1
24973,2
24976,5
24979,1
24982,2
24985,1
24989,2
24992,3
24995,2
24999,1
25002,1
25005,3
25008,3
25011,1
25015,1
25017,1
25021,2
25027,1
25030,1
25033,1
25037,1
25040,3
25044,1
25046,4
25047,1
25049,1
25053,1
25056,1
25059,2
25062,1
25065,1
25069,2
25072,3
25075,1
25079,2
25081,2
25082,2
25084,1
25088,3
25092,1
25097,2
25098,2
25100,1
25101,2
25104,4
25107,2
25108,2
25110,1
25111,2
25116,1
25117,3
25120,2
25123,3
25126,1
25129,1
25130,1
25132,1
25133,2
25136,3
25139,1
25145,1
25146,1
25148,1
25149,1
25152,3
25155,2
25159,2
25161,3
25162,2
25164,1
25165,2
25168,2
25174,3
25175,1
25178,1
25181,3
25187,3
25188,2
25190,3
25193,1
25194,2
25200,3
25203,1
25206,1
25207,1
25209,2
25212,1
25213,1
25216,3
25219,2
25222,1
25232,1
25235,2
25238,1
25239,2
25241,2
25242,1
25244,1
25245,1
25248,1
25251,4
25252,1
25254,1
25255,2
25258,3
25264,1
25267,1
25270,2
25271,1
25273,2
25274,1
25277,1
25280,2
25283,3
25284,1
25286,1
25289,2
25290,2
25292,1
25293,1
25296,1
25302,1
25303,2
25305,1
25308,3
25309,5
25312,2
25319,1
25322,2
25324,1
25325,3
25328,3
25331,1
25332,2
25335,1
25337,1
25341,2
25350,1
25351,1
25353,1
25354,2
25356,1
25357,4
25360,1
25369,1
25370,1
25372,1
25373,1
25376,2
25379,2
25382,2
25386,3
25389,3
25395,2
25396,1
25399,1
25405,1
25408,3
25411,5
25412,1
25414,2
25418,2
25421,3
25424,2
25427,1
25430,4
25433,3
25434,1
25436,1
25437,3
25440,3
25443,5
25444,1
25447,2
25450,1
25452,1
25453,1
25456,2
25459,2
25462,1
25463,1
25468,2
25469,5
25472,1
25475,3
25476,1
25478,3
25479,2
25481,1
25482,2
25485,3
25488,3
25491,1
25494,3
25498,1
25501,3
25507,2
25508,1
25511,1
25514,4
25516,1
25517,2
25520,1
25526,1
25529,1
25530,2
25532,1
25533,1
25536,1
25539,2
25542,1
25543,2
25545,2
25546,1
25548,3
25549,4
25552,2
25555,4
25556,2
25558,2
25561,1
25565,1
25568,2
25571,3
25574,2
25575,1
25580,1
25581,1
25584,4
25588,1
25594,2
25596,1
25597,3
25600,2
25603,1
25606,1
25607,2
25609,2
25610,3
25613,2
25616,2
25619,1
25622,1
25623,1
25626,2
25628,1
25632,1
25635,2
25636,1
25641,1
25642,1
25645,3
25648,1
25654,3
25655,1
25658,2
25661,3
25664,1
25667,1
25671,1
25673,2
25674,2
25677,1
25680,3
25683,1
25687,1
25690,1
25693,1
25696,2
25699,3
25700,1
25703,1
25705,1
25706,3
25712,4
25715,3
25718,2
25721,1
25725,1
25728,2
25731,2
25734,1
25735,2
25737,1
25738,2
25741,1
25744,3
25747,3
25750,1
25754,2
25757,2
25760,3
25763,2
25764,1
25766,5
25767,1
25769,1
25770,2
25772,1
25773,3
25779,1
25782,2
25783,1
25785,1
25786,1
25792,3
25798,2
25801,2
25802,1
25805,2
25808,2
25811,1
25812,1
25814,1
25815,2
25817,1
25821,1
25827,2
25831,2
25833,1
25834,1
25836,1
25837,1
25840,3
25843,1
25846,2
25847,1
25850,2
25852,2
25853,2
25856,3
25859,1
25863,1
25865,2
25866,4
25869,2
25872,6
25875,1
25878,1
25879,3
25881,2
25882,5
25885,1
25888,4
25891,4
25894,2
25895,1
25897,1
25898,1
25901,4
25904,4
25907,1
25911,2
25913,1
25914,2
25916,1
25917,2
25920,3
25923,4
25926,2
25927,1
25929,1
25930,1
25933,1
25936,2
25939,3
25942,1
25946,3
25948,1
25949,3
25952,3
25955,4
25958,1
25959,2
25961,1
25962,3
25964,1
25965,2
25968,4
25971,1
25974,2
25975,1
25977,1
25980,2
25981,1
25984,4
25987,3
25990,1
25991,1
25993,1
25994,3
25997,1
26000,4
26003,4
26007,1
26009,1
26010,1
26013,4
26016,2
26019,5
26022,1
26023,2
26025,2
26026,1
26029,1
26032,3
26038,2
26041,1
26044,1
26045,2
26048,4
26051,4
26055,1
26058,3
26060,1
26061,3
26064,3
26067,1
26070,1
26071,1
26076,2
26077,4
26080,2
26083,1
26084,1
26086,2
26087,2
26090,1
26092,1
26093,1
26100,3
26102,2
26103,1
26105,2
26109,1
26112,1
26115,2
26116,1
26118,1
26119,1
26124,1
26125,1
26128,1
26131,1
26134,1
26138,2
26140,1
26141,1
26144,3
26147,3
26150,2
26151,2
26153,1
26154,2
26157,3
26160,2
26163,1
26169,4
26170,1
26173,1
26176,1
26179,2
26182,3
26183,2
26186,2
26189,2
26195,3
26198,1
26199,2
26204,1
26211,1
26214,1
26215,1
26218,1
26221,1
26224,3
26227,2
26230,2
26231,3
26236,1
26237,1
26240,2
26243,4
26244,1
26247,2
26250,3
26256,1
26259,1
26260,1
26262,3
26263,2
26265,1
26266,1
26269,1
26272,3
26275,4
26278,3
26281,1
26282,1
26285,3
26288,1
26294,1
26297,1
26298,1
26300,1
26301,5
26304,1
26307,4
26310,2
26311,1
26314,1
26317,1
26320,2
26323,2
26326,3
26327,1
26330,3
26332,1
26333,4
26336,1
26339,1
26342,1
26349,2
26352,2
26355,4
26358,1
26359,2
26362,1
26364,1
26368,1
26371,3
26374,1
26375,1
26378,2
26380,1
26381,3
26384,3
26390,3
26391,1
26393,1
26396,1
26397,1
26403,2
26406,4
26409,2
26410,2
26416,4
26419,2
26423,1
26426,2
26429,1
26432,1
26435,1
26439,1
26441,1
26442,1
26445,1
26448,3
26451,1
26454,1
26457,1
26461,1
26464,2
26467,1
26471,1
26473,1
26474,1
26477,1
26480,3
26483,1
26486,1
26489,2
26496,1
26499,6
26500,2
26502,2
26505,1
26506,2
26509,2
26512,3
26518,3
26521,2
26522,1
26525,1
26528,3
26531,3
26532,1
26534,1
26537,1
26538,1
26540,2
26541,2
26544,2
26550,2
26557,4
26560,2
26563,3
26567,2
26569,1
26579,3
26582,1
26583,1
26586,1
26588,1
26589,2
26592,3
26596,1
26598,2
26602,2
26605,2
26608,2
26611,3
26614,3
26615,5
26624,3
26627,1
26630,4
26633,1
26634,1
26637,2
26640,3
26643,1
26649,2
26650,1
26653,3
26656,4
26659,1
26662,1
26663,1
26665,1
26666,1
26669,3
26672,3
26678,2
26681,2
26682,1
26685,3
26688,1
26691,3
26701,3
26704,2
26710,3
26714,2
26717,1
26723,4
26724,1
26726,1
26730,2
26732,3
26733,4
26736,3
26739,1
26745,1
26746,2
26749,3
26752,1
26758,3
26759,1
26761,1
26762,2
26765,2
26768,1
26774,2
26777,2
26781,1
26784,2
26787,2
26790,1
26793,1
26794,4
26797,1
26800,3
26804,1
26807,1
26810,3
26812,1
26816,2
26819,1
26820,1
26822,1
26825,1
26826,2
26829,3
26832,1
26835,1
26836,1
26838,1
26839,2
26841,1
26844,1
26845,3
26848,3
26851,3
26854,1
26855,2
26858,1
26860,3
26861,3
26864,2
26867,4
26871,1
26874,3
26877,1
26880,1
26883,2
26887,1
26889,1
26893,3
26896,1
26902,1
26903,1
26906,2
26909,1
26912,1
26918,1
26921,2
26922,2
26924,1
26925,3
26928,2
26931,4
26934,2
26935,1
26937,1
26938,3
26941,4
26944,1
26947,2
26950,1
26953,2
26954,1
26957,3
26960,3
26963,3
26964,2
26966,2
26973,1
26976,6
26979,3
26982,2
26985,1
26986,4
26989,6
26992,3
26995,4
26998,1
26999,2
27002,3
27004,1
27005,5
27008,1
27012,1
27014,1
27021,3
27024,3
27027,3
27028,1
27030,1
27031,2
27034,2
27036,2
27037,3
27040,3
27043,2
27046,1
27047,1
27049,1
27056,2
27062,1
27065,1
27066,2
27072,3
27075,1
27076,1
27078,2
27079,3
27082,2
27085,1
27088,2
27091,2
27101,1
27104,3
27107,2
27114,2
27117,2
27120,2
27123,4
27126,1
27127,1
27129,2
27132,1
27133,1
27136,2
27139,1
27146,3
27149,3
27152,1
27155,2
27159,1
27165,1
27168,1
27174,1
27175,1
27177,1
27178,4
27181,1
27184,2
27197,2
27203,5
27206,1
27207,2
27213,2
27216,1
27219,1
27226,3
27228,1
27229,6
27232,1
27235,3
27238,1
27239,1
27241,1
27245,2
27248,1
27255,2
27261,5
27264,1
27267,1
27270,2
27274,1
27276,1
27277,3
27280,3
27283,2
27286,1
27287,1
27289,1
27293,2
27296,4
27300,1
27305,1
27306,1
27309,1
27312,3
27315,2
27318,1
27319,1
27322,1
27328,4
27331,1
27334,2
27337,1
27338,1
27341,3
27344,1
27357,1
27360,4
27366,3
27369,2
27370,1
27373,2
27376,3
27379,3
27386,1
27389,1
27392,3
27395,2
27398,1
27402,4
27408,1
27411,2
27414,5
27415,1
27421,4
27424,1
27433,1
27434,1
27440,3
27443,2
27446,2
27447,1
27452,1
27453,1
27456,3
27469,3
27472,2
27475,2
27479,1
27481,2
27482,1
27485,3
27488,4
27494,1
27497,1
27501,1
27504,2
27507,6
27510,1
27514,2
27517,1
27520,1
27526,3
27527,2
27530,1
27536,2
27539,1
27542,1
27545,1
27549,2
27552,1
27555,1
27558,2
27561,1
27562,1
27565,2
27568,2
27571,2
27575,2
27577,1
27581,1
27587,1
27588,1
27590,2
27593,2
27594,4
27596,1
27597,3
27600,1
27603,1
27606,1
27609,2
27610,1
27612,1
27613,3
27616,1
27622,1
27623,2
27625,1
27626,2
27629,2
27632,2
27635,2
27638,1
27639,1
27641,2
27645,3
27648,1
27651,5
27654,2
27655,1
27658,2
27661,2
27664,1
27667,2
27670,1
27673,1
27674,2
27677,1
27683,2
27686,1
27687,1
27689,1
27693,2
27699,1
27702,2
27703,1
27705,1
27706,1
27712,1
27715,1
27719,3
27722,1
27724,1
27725,1
27728,3
27731,3
27734,1
27738,1
27741,2
27744,1
27747,3
27750,1
27754,3
27757,1
27760,1
27763,1
27767,2
27769,1
27773,1
27776,2
27779,1
27782,3
27783,2
27785,1
27786,1
27789,3
27792,1
27795,2
27799,1
27805,2
27811,3
27814,1
27818,2
27824,3
27840,2
27843,1
27846,1
27847,2
27849,2
27853,1
27859,2
27866,3
27869,4
27872,3
27875,1
27878,1
27879,1
27882,1
27884,1
27885,1
27888,1
27891,1
27892,1
27894,1
27895,1
27898,2
27900,1
27904,1
27910,2
27914,1
27917,1
27920,3
27923,1
27926,1
27929,2
27933,2
27936,3
27939,2
27942,1
27949,1
27952,3
27955,4
27959,1
27962,1
27964,1
27965,2
27968,2
27972,1
27974,1
27975,1
27978,3
27981,2
27987,1
27990,1
27991,1
27994,1
27996,1
27997,2
28000,1
28003,1
28006,2
28009,1
28010,2
28013,2
28019,1
28022,1
28023,2
28026,1
28032,3
28035,1
28036,1
28038,1
28041,3
28044,1
28045,3
28048,2
28051,1
28052,1
28055,2
28057,1
28058,3
28061,1
28067,2
28070,2
28071,1
28073,1
28077,2
28080,1
28083,1
28086,1
28089,1
28090,3
28099,1
28102,1
28112,1
28115,2
28116,1
28118,1
28121,2
28124,1
28125,4
28128,2
28131,3
28134,3
28137,1
28138,1
28140,1
28148,1
28151,1
28153,1
28157,1
28160,1
28163,1
28166,2
28169,1
28170,2
28172,1
28173,3
28176,1
28182,2
28188,1
28189,1
28192,2
28195,2
28205,3
28208,2
28212,1
28214,2
28217,1
28218,1
28221,1
28224,1
28227,1
28240,1
28250,4
28253,2
28256,2
28259,1
28266,1
28272,2
28275,3
28278,2
28281,1
28282,2
28284,1
28285,1
28288,2
28295,2
28298,3
28301,2
28304,1
28307,2
28308,1
28310,3
28313,1
28314,4
28317,2
28320,1
28323,3
28327,1
28329,1
28330,2
28336,2
28340,1
28342,2
28346,2
28348,1
28349,1
28352,1
28355,1
28356,1
28358,1
28371,2
28372,1
28374,1
28377,2
28387,2
28397,1
28400,4
28407,1
28409,1
28410,1
28413,2
28416,1
28419,1
28422,1
28426,1
28429,2
28432,3
28435,2
28438,1
28439,1
28445,1
28452,1
28454,1
28455,2
28458,1
28461,1
28464,1
28467,2
28474,1
28477,1
28480,3
28483,1
28489,1
28490,1
28492,1
28496,2
28499,3
28509,2
28512,3
28521,1
28525,1
28528,3
28531,1
28532,1
28538,1
28544,2
28547,1
28551,1
28553,1
28554,1
28556,1
28560,2
28563,3
28566,1
28567,1
28576,1
28582,1
28583,1
28592,2
28595,3
28596,1
28598,1
28602,2
28614,1
28618,1
28624,2
28628,1
28630,1
28631,2
28633,1
28637,1
28640,1
28646,4
28650,2
28653,2
28659,1
28663,2
28666,3
28669,1
28672,2
28675,1
28676,1
28678,1
28681,1
28688,2
28694,1
28700,1
28701,1
28711,2
28713,1
28714,2
28717,2
28720,2
28723,2
28726,1
28727,1
28729,1
28730,1
28733,4
28736,2
28739,2
28743,1
28746,1
28752,1
28759,1
28768,1
28771,1
28774,2
28775,1
28778,1
28784,1
28788,1
28790,1
28793,1
28800,2
28806,1
28807,1
28810,1
28813,1
28816,1
28819,1
28820,1
28825,1
28826,1
28829,1
28836,1
28844,1
28845,1
28848,1
28851,2
28852,1
28854,2
28861,2
28864,2
28867,3
28871,2
28874,1
28877,3
28880,1
28883,1
28890,1
28893,2
28899,2
28900,1
28912,1
28924,1
28925,2
28931,3
28937,2
28940,1
28941,2
28944,1
28953,1
28957,1
28960,1
28963,3
28964,1
28966,1
28969,2
28970,1
28973,2
28976,1
28979,2
28988,1
28989,1
28996,1
28998,1
29005,1
29008,1
29011,2
29014,3
29015,1
29017,2
29021,2
29027,2
29030,2
29031,1
29033,1
29040,1
29043,1
29047,1
29049,2
29050,1
29053,2
29056,1
29059,1
29062,2
29066,1
29069,1
29075,1
29078,1
29082,1
29084,1
29085,2
29088,3
29094,1
29095,1
29101,2
29104,2
29111,2
29114,1
29117,1
29120,1
29123,1
29130,1
29132,1
29133,1
29136,1
29139,2
29142,2
29146,1
29149,2
29155,2
29156,2
29158,1
29159,2
29161,1
29162,1
29165,1
29171,2
29172,1
29174,2
29177,1
29178,3
29181,1
29190,1
29191,1
29193,1
29196,2
29197,2
29200,2
29204,1
29206,1
29210,1
29213,1
29216,1
29220,1
29229,3
29232,1
29248,3
29261,1
29264,1
29267,2
29277,5
29280,2
29283,3
29287,1
29296,1
29299,2
29302,1
29303,1
29305,1
29308,1
29325,1
29328,1
29331,1
29335,1
29344,2
29347,1
29351,1
29353,1
29354,1
29360,2
29363,1
29369,1
29379,1
29382,1
29383,1
29388,1
29389,1
29398,2
29402,1
29408,2
29418,1
29420,1
29421,3
29424,1
29427,1
29428,1
29430,1
29436,1
29437,2
29440,1
29447,1
29450,3
29452,1
29453,2
29456,1
29462,2
29468,1
29469,2
29472,1
29475,1
29476,1
29482,3
29485,2
29494,1
29504,1
29513,1
29514,1
29517,5
29520,3
29526,1
29527,1
29529,1
29533,3
29536,2
29545,1
29558,1
29562,2
29565,2
29568,3
29571,1
29581,2
29584,1
29593,1
29600,1
29603,2
29604,1
29607,1
29613,1
29616,2
29626,1
29629,1
29632,1
29638,1
29641,1
29642,2
29645,1
29654,1
29664,1
29667,2
29670,1
29671,1
29680,1
29689,1
29696,2
29699,1
29706,1
29721,1
29725,1
29731,1
29741,2
29750,1
29754,2
29760,3
29763,2
29770,1
29789,1
29796,1
29798,1
29799,1
29802,2
29805,1
29811,1
29815,1
29817,1
29821,1
29824,1
29827,1
29831,1
29834,1
29837,2
29840,1
29847,1
29850,1
29853,1
29856,2
29859,1
29863,1
29881,1
29888,1
29898,1
29904,1
29910,1
29911,1
29920,2
29923,1
29927,1
29929,1
29930,3
29939,1
29940,1
29942,1
29945,1
29955,2
29962,1
29964,1
29984,1
29987,3
29996,1
29997,2
30000,1
30003,1
30007,1
30022,1
30025,1
30048,1
30054,1
30058,1
30064,1
30070,1
30073,1
30080,1
30083,2
30090,2
30093,2
30099,1
30100,1
30103,1
30109,2
30112,1
30116,1
30128,1
30135,2
30137,1
30141,1
30147,1
30153,1
30157,1
30170,1
30176,2
30179,2
30180,1
30182,2
30189,2
30195,3
30202,1
30205,1
30208,1
30214,1
30217,1
30218,1
30224,2
30227,1
30240,1
30246,1
30253,1
30259,1
30266,1
30279,1
30282,1
30288,1
30294,1
30307,1
30317,1
30320,2
30326,2
30330,1
30332,1
30342,1
30346,1
30358,1
30362,1
30368,1
30374,1
30375,1
30378,2
30381,1
30384,1
30394,1
30397,1
30400,2
30407,1
30409,2
30410,1
30422,1
30426,1
30429,1
30432,1
30436,1
30438,1
30445,1
30448,1
30452,2
30467,1
30474,1
30480,1
30493,1
30499,1
30505,1
30506,1
30518,2
30528,1
30534,1
30535,1
30553,2
30554,1
30569,3
30570,1
30573,1
30579,1
30585,2
30592,1
30598,1
30601,1
30611,2
30615,1
30627,1
30631,1
30633,1
30634,1
30643,1
30650,1
30653,1
30656,1
30659,1
30663,1
30665,1
30668,1
30672,1
30675,1
30685,2
30688,2
30694,1
30700,1
30701,2
30730,1
30733,1
30736,1
30746,1
30752,1
30755,1
30774,1
30800,1
30803,1
30812,1
30819,1
30822,1
30823,1
30836,1
30838,1
30845,2
30854,2
30858,1
30861,2
30864,3
30867,3
30873,1
30874,1
30890,1
30893,1
30896,1
30902,1
30909,1
30925,1
30928,1
30931,1
30941,1
30960,1
30970,1
30976,1
30979,1
30982,1
30983,1
30986,1
30989,1
31005,1
31015,1
31024,1
31027,2
31040,1
31043,1
31046,2
31053,1
31056,1
31069,1
31075,1
31076,1
31085,1
31101,1
31107,2
31110,1
31114,2
31126,1
31136,1
31145,2
31196,1
31200,1
31203,2
31206,1
31216,1
31226,2
31232,1
31239,1
31245,1
31248,1
31257,1
31261,1
31264,1
31271,1
31299,2
31309,1
31312,1
31318,1
31325,1
31364,1
31366,1
31383,1
31389,1
31398,1
31402,2
31408,1
31412,1
31418,2
31420,1
31424,1
31434,1
31440,2
31446,1
31462,2
31466,1
31475,1
31482,1
31491,1
31494,2
31511,1
31517,1
31530,1
31536,1
31549,2
31574,1
31591,1
31600,1
31616,1
31629,1
31635,1
31639,1
31648,1
31661,1
31683,1
31709,2
31721,1
31722,1
31728,2
31767,1
31769,1
31779,1
31785,1
31808,2
31812,1
31821,1
31833,1
31843,2
31866,1
31872,1
31888,1
31892,1
31914,1
31955,1
31956,1
31965,1
31971,2
31978,1
32010,1
32016,1
32023,1
32025,1
32026,1
32032,1
32058,1
32077,1
32093,1
32109,1
32122,2
32141,1
32160,1
32163,1
32173,1
32192,1
32205,1
32215,1
32231,1
32243,1
32259,1
32263,1
32266,1
32278,1
32279,1
32291,1
32304,1
32307,1
32310,1
32313,1
32314,1
32330,1
32362,1
32384,1
32394,1
32397,1
32406,2
32439,1
32458,1
32461,1
32496,1
32509,1
32518,1
32528,1
32544,2
32560,1
32582,1
32599,1
32621,1
32637,1
32646,1
32668,1
32675,1
32688,1
32713,1
32730,1
32828,1
32867,1
32868,1
32876,1
32880,1
32896,1
32931,1
32938,1
32944,2
32954,1
32963,1
32999,1
33011,1
33075,1
33085,1
33111,1
33117,1
33152,1
33203,1
33225,1
33229,1
33235,1
33287,1
33312,2
33328,1
33344,1
33360,1
33427,1
33453,1
33456,1
33491,1
33501,1
33507,1
33526,1
33533,2
33606,1
33609,1
33642,1
33648,2
33655,1
33660,1
33690,1
33712,1
33818,1
33828,1
33907,1
33914,1
33962,1
33968,1
33971,1
34093,1
34160,1
34173,1
34199,1
34234,1
34237,1
34256,1
34345,1
34368,1
34432,1
34505,1
34541,1
34550,1
34560,1
34595,1
34691,1
34772,1
34778,1
34832,1
34851,1
34941,1
35094,1
35136,1
35161,1
35229,1
35328,1
35414,1
35446,1
35559,1
35942,1
35991,1
36080,1
36163,1
36164,1
36208,1
36297,1
36314,1
36371,1
36435,2
36458,1
36474,1
36563,1
36614,1
36835,1
36855,1
37098,1
37123,1
37158,1
37206,1
37257,1
37299,1
37331,1
37405,1
37427,1
37479,2
37533,1
37556,1
37590,1
37628,1
37648,1
37776,1
37789,1
37814,1
37894,1
37933,1
37962,1
37977,1
37984,1
38000,1
38010,1
38044,1
38083,1
38115,1
38132,1
38137,1
38147,1
38221,1
38269,1
38294,1
38314,1
38317,1
38320,1
38323,1
38333,1
38343,1
38352,1
38355,1
38378,1
38381,1
38390,1
38391,1
38393,1
38410,1
38432,1
38442,1
38451,1
38455,1
38477,1
38480,1
38506,1
38512,1
38515,1
38518,1
38524,1
38541,1
38551,1
38557,1
38576,2
38592,2
38604,1
38605,1
38618,1
38624,1
38627,2
38636,1
38640,1
38650,1
38656,2
38665,2
38679,1
38685,1
38701,1
38704,1
38717,1
38732,2
38733,1
38736,1
38739,1
38755,1
38771,1
38774,1
38794,1
38800,1
38810,1
38820,1
38822,1
38839,1
38844,1
38852,1
38854,1
38860,1
38867,1
38871,1
38880,2
38893,1
38899,1
38909,1
38912,1
38928,1
38931,2
38934,1
38941,2
38951,1
38957,1
38973,1
38979,2
38983,1
38992,1
39002,1
39005,1
39011,1
39018,1
39024,2
39028,1
39036,1
39037,1
39043,3
39046,1
39047,1
39053,1
39056,1
39059,1
39063,1
39068,1
39075,1
39082,1
39085,1
39098,1
39107,1
39110,1
39114,1
39123,1
39124,2
39126,1
39127,1
39130,1
39132,1
39136,1
39149,1
39152,2
39155,2
39165,1
39168,3
39174,3
39175,1
39177,1
39184,1
39190,1
39191,3
39194,1
39196,2
39197,3
39200,1
39206,1
39210,1
39219,2
39220,2
39229,4
39235,1
39239,1
39242,2
39245,1
39254,1
39261,1
39268,1
39270,1
39280,3
39283,1
39287,1
39290,1
39293,1
39299,1
39303,1
39305,1
39306,2
39312,1
39315,1
39321,1
39322,2
39325,2
39328,1
39331,1
39337,2
39338,1
39341,1
39344,1
39348,1
39350,1
39351,1
39353,1
39360,1
39367,1
39369,1
39373,2
39379,3
39380,1
39386,1
39388,1
39389,1
39392,1
39398,1
39401,1
39404,1
39405,2
39408,1
39415,1
39421,2
39424,1
39431,1
39434,1
39437,1
39443,1
39444,1
39446,1
39453,2
39456,1
39459,1
39463,1
39466,2
39475,1
39481,1
39482,1
39484,1
39488,3
39491,1
39492,1
39497,1
39498,1
39510,1
39514,2
39517,3
39520,2
39523,5
39529,1
39533,2
39539,1
39542,1
39546,1
39548,1
39552,1
39555,2
39556,1
39562,2
39565,2
39568,1
39572,1
39574,1
39578,1
39581,2
39584,1
39593,1
39594,1
39600,1
39603,1
39606,1
39607,1
39612,1
39613,1
39616,2
39619,1
39625,1
39626,3
39632,1
39638,2
39639,3
39644,1
39645,1
39648,1
39651,2
39657,1
39658,3
39661,3
39667,2
39668,1
39670,1
39673,1
39677,1
39680,1
39683,3
39684,1
39687,1
39692,1
39699,1
39705,1
39706,2
39708,1
39709,4
39716,2
39718,1
39719,1
39722,1
39725,2
39737,1
39738,1
39747,3
39754,1
39756,3
39757,1
39760,1
39763,2
39764,1
39769,1
39770,1
39773,1
39776,1
39782,2
39785,2
39786,1
39792,2
39795,1
39798,1
39801,1
39804,1
39805,2
39808,2
39820,1
39821,2
39827,1
39830,3
39831,1
39833,1
39840,3
39844,1
39846,1
39849,1
39853,1
39856,1
39859,1
39860,1
39862,4
39863,1
39872,1
39875,1
39882,1
39885,2
39888,4
39891,1
39892,1
39898,2
39900,1
39901,3
39904,1
39910,3
39911,1
39914,1
39917,1
39920,2
39923,1
39924,1
39926,3
39927,2
39929,2
39933,2
39936,1
39939,2
39945,1
39946,1
39949,5
39952,2
39955,2
39959,1
39962,1
39968,2
39971,1
39974,1
39978,2
39981,4
39984,1
39987,1
39990,2
39991,1
39996,1
39997,2
40000,1
40003,1
40004,2
40006,1
40010,2
40016,2
40019,1
40020,1
40022,2
40023,2
40025,3
40026,2
40028,1
40029,2
40032,1
40035,8
40038,5
40042,2
40045,2
40048,6
40054,2
40055,3
40057,1
40058,2
40060,1
40061,1
40064,6
40068,1
40070,1
40074,2
40077,2
40080,2
40083,1
40092,1
40096,1
40099,2
40102,1
40106,2
40108,1
40109,1
40112,2
40115,2
40118,4
40119,1
40122,2
40125,2
40128,3
40131,1
40134,1
40137,1
40138,1
40140,1
40141,3
40144,2
40147,2
40150,1
40154,1
40156,1
40160,1
40163,3
40166,2
40167,1
40169,1
40170,1
40173,3
40176,1
40180,1
40189,3
40192,2
40195,2
40198,1
40201,1
40202,2
40205,5
40208,2
40214,2
40215,2
40221,1
40224,1
40227,4
40230,2
40233,1
40234,1
40237,1
40240,2
40246,2
40250,3
40252,1
40253,3
40256,2
40259,2
40260,1
40262,3
40263,1
40265,1
40268,1
40272,6
40275,1
40278,1
40279,1
40281,1
40282,1
40284,1
40285,5
40288,1
40291,4
40292,1
40295,1
40297,1
40298,1
40300,1
40301,2
40304,1
40310,1
40311,1
40313,1
40317,1
40320,1
40323,2
40324,1
40326,3
40327,2
40329,1
40330,1
40332,2
40336,1
40339,2
40343,1
40346,1
40348,1
40349,3
40352,1
40355,1
40356,2
40359,2
40361,1
40362,1
40365,2
40368,4
40371,4
40375,1
40378,1
40380,1
40381,3
40384,1
40387,2
40390,2
40393,2
40394,2
40397,2
40400,3
40403,4
40404,1
40406,1
40410,2
40413,1
40416,6
40419,3
40420,1
40422,3
40425,1
40428,1
40429,1
40432,3
40435,1
40436,2
40438,2
40439,2
40442,1
40445,1
40448,6
40451,1
40452,2
40457,2
40458,1
40461,2
40464,1
40467,1
40470,3
40471,2
40473,2
40474,1
40477,5
40480,5
40483,2
40484,1
40490,2
40493,3
40496,2
40499,2
40502,3
40505,1
40506,1
40508,1
40509,5
40512,1
40515,1
40518,1
40521,2
40522,4
40524,1
40525,3
40528,2
40535,1
40537,3
40538,1
40541,4
40544,1
40547,4
40548,2
40551,1
40554,1
40556,1
40557,3
40560,3
40563,2
40566,1
40567,1
40570,2
40573,3
40576,1
40579,2
40582,2
40583,1
40585,3
40586,5
40588,1
40589,2
40592,3
40595,3
40599,2
40602,1
40605,2
40608,2
40611,1
40612,1
40614,2
40615,1
40618,2
40621,4
40624,6
40627,1
40628,1
40630,1
40631,1
40633,2
40634,3
40637,3
40640,1
40643,2
40649,2
40650,1
40653,2
40656,5
40659,3
40662,2
40663,1
40666,1
40669,3
40672,3
40675,4
40678,3
40679,2
40681,1
40682,1
40688,2
40691,3
40694,2
40695,3
40698,1
40701,2
40704,3
40710,3
40714,3
40716,1
40717,6
40720,1
40723,2
40724,1
40729,2
40730,2
40732,1
40733,2
40736,1
40739,1
40742,1
40743,3
40745,4
40746,6
40749,1
40752,8
40755,4
40758,5
40761,2
40762,2
40764,1
40765,2
40768,1
40771,2
40772,1
40774,1
40775,3
40778,2
40781,2
40787,2
40790,4
40791,1
40793,2
40794,2
40797,4
40800,2
40803,3
40804,2
40806,2
40807,1
40809,1
40810,2
40812,1
40813,3
40816,1
40819,2
40822,4
40823,1
40826,1
40829,3
40832,1
40835,2
40836,2
40839,1
40841,2
40842,1
40844,1
40845,5
40848,6
40851,2
40852,1
40854,2
40855,3
40857,1
40858,3
40861,4
40864,4
40867,3
40868,2
40871,2
40873,3
40874,3
40876,1
40877,2
40880,6
40883,1
40884,3
40886,3
40887,2
40889,2
40890,2
40893,3
40896,2
40899,6
40900,2
40902,4
40903,1
40905,1
40906,2
40909,1
40912,2
40918,3
40919,1
40921,1
40922,5
40925,2
40928,3
40931,2
40932,1
40934,1
40935,1
40938,2
40940,1
40941,1
40944,3
40948,2
40950,2
40954,1
40957,3
40960,3
40963,3
40966,2
40967,2
40970,2
40973,4
40976,4
40979,3
40982,2
40983,2
40985,1
40986,1
40988,1
40989,2
40992,5
40995,3
40998,2
40999,1
41001,2
41002,1
41005,3
41008,6
41011,4
41014,1
41015,1
41017,1
41018,2
41021,1
41024,4
41027,6
41030,3
41034,2
41036,2
41037,4
41040,6
41043,2
41044,1
41046,1
41047,1
41049,3
41050,3
41052,1
41053,2
41056,7
41059,4
41060,1
41062,1
41063,1
41065,3
41068,2
41069,2
41075,4
41076,1
41078,4
41079,2
41081,1
41082,4
41084,1
41085,6
41088,1
41091,4
41092,1
41094,2
41095,3
41097,1
41098,3
41100,1
41101,3
41104,4
41107,3
41108,1
41110,2
41111,5
41113,3
41114,2
41116,1
41117,1
41120,6
41123,7
41126,1
41130,1
41132,1
41133,2
41139,4
41140,1
41142,6
41143,3
41145,2
41146,1
41149,4
41152,10
41155,3
41158,4
41164,1
41165,2
41168,1
41171,5
41172,1
41174,2
41175,3
41177,1
41178,2
41181,1
41184,6
41187,2
41190,1
41191,1
41193,4
41197,4
41200,8
41203,2
41204,2
41206,3
41207,1
41209,1
41210,3
41212,1
41213,4
41216,2
41219,1
41220,2
41222,3
41223,1
41225,1
41226,4
41228,2
41229,3
41232,4
41235,3
41236,1
41238,1
41239,1
41242,2
41244,2
41245,2
41248,5
41251,8
41254,3
41255,6
41258,3
41260,1
41261,3
41264,7
41267,3
41270,5
41271,2
41273,3
41274,1
41276,1
41277,3
41280,3
41283,7
41286,2
41287,1
41289,1
41290,2
41293,3
41296,1
41299,3
41300,3
41302,2
41303,1
41305,2
41306,1
41308,1
41309,3
41312,1
41315,2
41316,1
41318,3
41322,2
41324,1
41325,2
41328,4
41331,3
41332,1
41334,3
41335,1
41337,1
41338,4
41340,4
41341,3
41344,2
41347,5
41350,2
41351,3
41353,1
41354,1
41357,2
41360,3
41363,6
41364,1
41366,5
41367,2
41369,2
41370,6
41373,4
41376,2
41379,5
41382,1
41383,3
41385,3
41386,5
41388,1
41389,4
41392,4
41395,4
41398,5
41399,4
41401,1
41402,6
41404,1
41405,4
41408,3
41411,6
41414,1
41417,2
41418,7
41421,3
41424,6
41427,3
41428,2
41430,2
41431,2
41433,1
41434,2
41436,1
41437,7
41440,7
41443,3
41444,1
41446,3
41449,3
41450,3
41452,2
41453,2
41456,8
41459,7
41460,1
41462,7
41463,2
41465,3
41466,2
41468,1
41469,4
41472,1
41475,2
41478,2
41479,2
41481,2
41482,3
41485,1
41488,3
41491,4
41494,2
41495,1
41497,3
41498,4
41500,2
41501,2
41504,4
41507,5
41508,1
41510,3
41511,2
41513,1
41516,1
41517,3
41520,1
41523,4
41524,1
41526,3
41527,1
41529,3
41530,3
41532,2
41533,3
41536,5
41539,4
41540,1
41542,3
41545,3
41546,3
41549,1
41552,8
41556,1
41558,4
41559,3
41561,2
41562,4
41564,2
41565,8
41568,2
41571,3
41572,1
41574,1
41575,1
41577,2
41578,4
41581,3
41584,5
41587,2
41590,2
41593,1
41594,2
41597,4
41600,3
41603,2
41606,1
41607,3
41609,3
41610,3
41612,1
41613,4
41616,8
41619,3
41620,1
41622,5
41623,3
41625,1
41626,5
41628,2
41629,1
41632,1
41635,4
41636,2
41638,5
41639,1
41641,1
41642,4
41645,6
41648,4
41651,3
41652,2
41654,6
41655,2
41658,2
41661,3
41664,6
41667,5
41668,1
41671,6
41673,1
41674,3
41676,1
41677,3
41680,6
41683,8
41686,5
41687,1
41689,4
41690,4
41692,1
41693,2
41696,7
41699,2
41702,3
41703,1
41705,2
41706,5
41708,2
41709,6
41712,8
41715,3
41716,1
41718,2
41719,1
41721,1
41722,3
41724,1
41725,2
41728,5
41731,4
41734,2
41735,2
41737,1
41738,5
41740,1
41741,6
41744,6
41747,5
41748,3
41750,4
41751,2
41753,3
41754,2
41756,1
41757,4
41760,9
41763,2
41766,1
41767,2
41769,1
41770,2
41772,2
41773,2
41776,6
41779,3
41782,4
41783,1
41786,4
41788,4
41789,4
41792,3
41795,6
41796,2
41798,3
41799,1
41801,2
41802,5
41804,1
41805,4
41808,3
41811,5
41814,4
41815,1
41817,3
41818,2
41820,1
41821,8
41824,3
41827,5
41828,1
41830,4
41833,1
41834,7
41836,1
41837,1
41840,3
41843,3
41846,8
41847,3
41849,4
41850,2
41852,1
41853,5
41856,7
41859,2
41860,1
41862,3
41863,1
41865,2
41866,3
41869,5
41872,6
41875,1
41876,1
41878,6
41879,3
41881,2
41882,2
41884,1
41885,3
41888,5
41891,6
41892,1
41894,6
41895,2
41897,2
41898,2
41901,2
41904,8
41907,1
41911,3
41913,5
41914,3
41916,1
41917,7
41920,6
41923,3
41924,3
41926,1
41927,4
41929,1
41930,8
41932,2
41933,5
41936,4
41939,4
41942,5
41943,1
41946,5
41948,3
41949,6
41952,9
41955,4
41956,1
41958,3
41959,3
41961,2
41962,8
41964,2
41965,3
41968,8
41971,2
41972,1
41974,5
41975,2
41977,1
41978,3
41980,2
41981,4
41984,5
41987,4
41990,4
41991,3
41993,3
41994,3
41996,3
41997,5
42000,4
42003,5
42006,5
42007,5
42009,1
42010,3
42012,3
42013,9
42016,3
42019,5
42020,2
42022,5
42025,4
42026,7
42028,1
42029,5
42032,6
42035,1
42038,2
42039,2
42041,2
42042,2
42045,4
42048,3
42051,3
42052,4
42054,6
42057,2
42058,1
42060,2
42061,6
42064,8
42067,7
42068,1
42070,5
42071,2
42073,4
42074,1
42076,1
42077,7
42080,7
42083,4
42084,2
42086,3
42087,4
42089,6
42090,5
42092,1
42093,6
42096,3
42099,8
42100,2
42102,2
42103,2
42105,2
42106,4
42109,4
42112,5
42115,8
42118,3
42119,1
42121,2
42122,5
42124,3
42125,5
42128,6
42131,4
42134,3
42135,3
42137,5
42138,4
42140,2
42141,2
42144,3
42147,4
42148,1
42150,2
42151,2
42153,4
42154,10
42156,1
42157,3
42160,6
42163,8
42164,3
42166,6
42167,2
42169,2
42170,4
42172,1
42173,9
42176,6
42179,5
42180,4
42182,3
42183,1
42185,1
42186,5
42188,1
42189,6
42192,4
42195,4
42196,2
42198,6
42201,1
42202,2
42204,2
42205,7
42208,5
42211,3
42212,3
42214,2
42217,3
42218,5
42220,3
42221,9
42224,3
42227,5
42230,2
42231,2
42233,1
42234,7
42237,6
42240,6
42243,4
42246,4
42247,3
42249,4
42250,7
42253,5
42256,6
42259,1
42260,2
42262,3
42263,1
42265,2
42266,3
42268,4
42269,5
42272,3
42275,4
42276,1
42279,3
42281,3
42282,5
42284,1
42285,8
42288,8
42291,5
42292,2
42294,3
42295,2
42297,2
42298,1
42300,2
42301,4
42304,8
42307,3
42308,1
42310,3
42311,6
42313,3
42314,4
42317,4
42320,5
42323,3
42324,2
42326,3
42327,4
42329,2
42330,4
42333,7
42336,2
42339,4
42340,1
42342,2
42343,4
42345,5
42346,5
42348,2
42349,6
42352,8
42355,3
42356,3
42358,5
42359,2
42361,1
42362,6
42365,6
42368,4
42371,6
42372,2
42374,3
42375,1
42377,3
42378,5
42380,1
42381,1
42384,5
42387,5
42388,1
42390,3
42393,1
42394,2
42396,1
42397,6
42400,4
42403,3
42404,2
42406,4
42407,1
42409,3
42410,4
42412,1
42413,6
42416,7
42419,5
42422,2
42423,8
42425,5
42426,5
42429,2
42432,8
42435,4
42436,2
42438,5
42439,1
42442,4
42444,3
42445,5
42448,9
42451,3
42452,2
42454,4
42455,2
42457,2
42458,2
42460,2
42461,10
42464,13
42467,8
42468,3
42470,3
42471,4
42473,2
42474,9
42476,1
42477,4
42480,10
42483,2
42484,2
42486,2
42487,4
42489,2
42490,4
42492,1
42493,5
42496,5
42499,5
42500,1
42502,6
42503,1
42506,4
42508,1
42509,10
42512,5
42515,4
42516,2
42518,5
42519,2
42522,3
42524,1
42525,5
42528,3
42531,3
42532,1
42534,4
42535,2
42537,1
42538,4
42541,7
42544,9
42547,5
42550,5
42551,5
42553,1
42554,5
42556,1
42557,3
42560,8
42563,7
42564,2
42566,4
42567,3
42569,4
42570,2
42572,1
42573,1
42576,6
42579,7
42580,1
42582,7
42583,2
42585,2
42586,5
42588,3
42589,4
42592,4
42595,1
42596,1
42598,4
42601,4
42602,3
42604,1
42605,5
42608,9
42611,2
42614,6
42615,2
42617,1
42618,2
42620,1
42621,4
42624,5
42627,8
42628,2
42630,2
42631,2
42633,3
42634,5
42637,3
42640,11
42643,4
42644,2
42646,3
42647,6
42649,2
42650,6
42652,3
42653,9
42656,7
42659,3
42660,2
42662,8
42663,1
42665,4
42666,4
42668,4
42669,2
42672,6
42675,1
42676,1
42678,3
42679,4
42681,5
42682,1
42684,2
42685,6
42688,7
42691,5
42692,3
42694,1
42695,2
42697,3
42698,5
42701,6
42704,10
42707,4
42708,3
42710,1
42711,2
42713,9
42714,5
42716,1
42717,8
42720,5
42723,4
42724,1
42726,6
42727,3
42730,3
42732,1
42733,5
42736,11
42739,2
42740,3
42742,7
42743,5
42745,3
42746,1
42748,4
42749,2
42752,7
42755,5
42756,5
42758,3
42759,2
42761,4
42762,7
42764,3
42765,3
42768,5
42771,3
42772,3
42774,5
42775,2
42777,3
42778,2
42780,1
42781,6
42784,5
42787,3
42788,2
42790,7
42791,1
42793,2
42794,1
42796,1
42797,8
42800,13
42803,6
42804,4
42806,4
42809,2
42810,5
42813,6
42816,1
42819,4
42822,4
42823,4
42825,2
42826,3
42828,1
42829,4
42832,12
42835,3
42838,7
42839,4
42841,3
42842,7
42844,1
42845,9
42848,6
42851,8
42852,3
42854,5
42855,2
42857,4
42858,5
42861,1
42864,10
42867,2
42868,5
42870,1
42871,1
42873,1
42874,5
42876,2
42877,7
42880,9
42883,6
42884,2
42886,5
42887,2
42889,9
42890,5
42892,2
42893,3
42896,4
42899,2
42900,3
42902,5
42903,4
42905,4
42906,6
42909,6
42912,10
42915,4
42916,1
42918,5
42919,1
42921,3
42922,1
42925,7
42928,5
42931,6
42932,1
42934,5
42935,1
42937,1
42938,6
42941,7
42944,7
42947,7
42950,3
42951,2
42953,2
42954,4
42957,9
42960,7
42963,4
42966,1
42967,4
42969,5
42970,4
42972,1
42973,6
42976,4
42979,8
42980,1
42982,6
42983,1
42985,1
42986,5
42988,1
42989,5
42992,8
42995,6
42996,2
42998,7
42999,6
43001,2
43002,3
43004,3
43005,6
43008,4
43011,4
43012,1
43014,2
43015,5
43017,1
43018,5
43021,4
43024,6
43027,3
43028,2
43030,4
43031,4
43033,1
43034,5
43036,1
43037,5
43040,12
43043,4
43044,4
43046,7
43047,2
43049,3
43050,3
43052,4
43053,5
43056,10
43059,6
43062,4
43063,5
43065,4
43066,5
43068,4
43069,5
43072,7
43075,10
43078,3
43079,2
43081,4
43082,8
43084,1
43085,9
43088,4
43091,5
43094,5
43095,5
43097,3
43098,2
43101,4
43104,5
43107,4
43110,7
43111,4
43113,4
43114,8
43116,3
43117,3
43120,6
43123,4
43124,2
43126,7
43127,2
43129,4
43130,4
43132,1
43133,6
43136,13
43139,2
43140,1
43142,3
43143,5
43145,3
43146,6
43148,3
43149,3
43152,6
43155,4
43156,6
43158,2
43159,3
43161,3
43162,3
43164,3
43165,6
43168,6
43171,5
43172,3
43174,1
43175,1
43177,1
43178,5
43180,2
43181,5
43184,5
43187,5
43188,2
43190,6
43191,2
43193,1
43194,3
43196,1
43197,10
43200,6
43203,3
43204,1
43206,6
43207,1
43209,1
43210,1
43212,2
43213,7
43216,11
43219,7
43222,2
43223,3
43225,2
43226,5
43228,1
43229,4
43232,4
43235,6
43236,3
43238,4
43239,4
43241,1
43242,4
43244,1
43245,11
43248,8
43251,2
43252,3
43254,4
43255,1
43257,1
43260,3
43261,7
43264,5
43267,7
43270,1
43271,3
43273,2
43274,4
43277,8
43280,10
43283,6
43284,2
43286,3
43287,3
43289,1
43290,1
43292,1
43293,7
43296,6
43299,3
43302,6
43303,1
43305,5
43306,3
43309,4
43312,4
43315,6
43318,2
43319,4
43322,5
43324,2
43325,6
43328,7
43331,12
43332,2
43334,6
43335,1
43337,4
43338,4
43340,2
43341,3
43344,4
43347,4
43348,2
43350,10
43351,1
43353,1
43354,3
43356,2
43357,7
43360,10
43363,13
43364,2
43366,2
43367,4
43369,3
43370,7
43373,6
43376,9
43379,7
43380,2
43382,8
43383,2
43385,3
43386,6
43388,2
43389,9
43392,7
43395,4
43396,1
43398,5
43399,8
43401,3
43402,5
43404,1
43405,3
43408,3
43411,7
43414,6
43415,3
43417,4
43418,5
43420,3
43421,8
43424,6
43427,9
43428,3
43430,2
43431,6
43433,3
43434,7
43437,6
43440,4
43443,3
43444,2
43446,8
43447,2
43449,3
43450,2
43452,4
43453,5
43456,4
43459,7
43460,1
43462,5
43463,1
43465,1
43466,6
43468,2
43469,2
43472,3
43475,5
43476,3
43478,4
43479,3
43481,1
43482,4
43484,1
43485,6
43488,7
43491,8
43492,2
43494,3
43495,2
43497,3
43498,6
43501,3
43504,6
43507,7
43508,2
43510,2
43511,2
43513,3
43514,2
43516,4
43517,5
43520,7
43523,6
43524,2
43526,4
43527,5
43529,4
43530,4
43532,1
43533,2
43536,7
43539,8
43540,4
43542,9
43543,3
43545,3
43546,4
43548,2
43549,5
43552,7
43555,8
43556,3
43558,10
43561,2
43562,6
43564,2
43565,4
43568,4
43571,5
43572,1
43574,8
43575,3
43577,1
43578,6
43580,2
43581,9
43584,11
43587,11
43588,2
43590,4
43591,2
43593,1
43594,3
43596,2
43597,9
43600,15
43603,6
43604,1
43606,2
43607,4
43609,1
43610,3
43612,1
43613,7
43616,5
43619,7
43620,2
43622,6
43625,2
43626,1
43629,9
43632,7
43635,2
43636,1
43638,7
43639,4
43641,2
43642,1
43644,1
43645,9
43648,7
43651,9
43652,4
43654,4
43655,1
43657,6
43658,6
43660,2
43661,5
43664,8
43667,9
43670,8
43671,3
43673,3
43674,4
43676,3
43677,3
43680,6
43683,6
43686,1
43687,1
43689,2
43690,6
43692,1
43693,3
43696,7
43699,4
43702,6
43703,5
43705,7
43706,6
43708,2
43709,5
43712,6
43716,1
43718,4
43719,1
43721,2
43722,6
43725,3
43728,9
43731,7
43732,1
43734,8
43735,4
43737,2
43738,2
43740,1
43741,4
43744,10
43747,6
43750,2
43751,4
43753,2
43754,6
43756,3
43757,5
43760,9
43763,1
43766,4
43767,4
43769,4
43770,7
43773,5
43776,8
43779,8
43780,2
43782,7
43783,6
43785,5
43786,8
43788,2
43789,7
43792,10
43795,10
43796,2
43798,4
43799,3
43801,6
43802,8
43804,3
43805,5
43808,5
43811,2
43812,2
43814,2
43815,3
43817,1
43818,6
43820,2
43821,6
43824,10
43827,4
43828,1
43830,8
43831,2
43833,2
43834,5
43836,2
43837,8
43840,11
43843,6
43844,2
43846,3
43847,3
43849,1
43850,3
43852,2
43853,8
43856,12
43859,8
43862,7
43863,2
43865,1
43866,3
43868,3
43869,9
43872,9
43875,6
43876,1
43878,4
43879,6
43881,2
43882,5
43884,1
43885,2
43888,8
43891,7
43894,4
43897,1
43898,3
43900,2
43901,5
43904,8
43907,9
43908,1
43910,2
43911,5
43913,3
43914,5
43917,3
43920,6
43923,1
43924,2
43926,8
43927,6
43929,1
43930,3
43933,5
43936,4
43939,7
43940,2
43942,6
43943,2
43945,2
43946,5
43948,2
43949,3
43952,12
43955,5
43956,2
43958,7
43959,3
43961,4
43962,7
43964,2
43965,5
43968,6
43971,4
43972,4
43974,4
43975,6
43977,5
43978,1
43980,3
43981,2
43984,15
43987,5
43988,1
43990,3
43991,5
43993,2
43994,5
43996,3
43997,3
44000,9
44003,5
44006,4
44007,1
44009,1
44010,3
44013,9
44016,6
44019,2
44020,3
44022,4
44023,7
44025,1
44026,3
44028,2
44029,7
44032,8
44035,6
44036,1
44038,2
44039,3
44041,4
44042,3
44044,2
44045,6
44048,7
44051,10
44052,1
44054,3
44055,2
44057,2
44058,3
44060,2
44061,10
44064,9
44067,9
44070,6
44071,5
44073,1
44074,8
44076,1
44077,4
44080,7
44083,7
44084,1
44086,6
44087,4
44089,1
44090,3
44092,1
44093,12
44096,4
44099,8
44100,1
44102,2
44103,2
44106,1
44108,2
44109,6
44112,10
44115,3
44116,3
44118,2
44119,1
44121,1
44122,1
44124,2
44125,6
44128,5
44131,6
44132,1
44134,4
44135,2
44137,4
44138,9
44140,5
44141,3
44144,6
44147,4
44148,2
44150,12
44151,2
44153,3
44154,1
44156,2
44157,8
44160,1
44163,4
44164,2
44166,5
44167,4
44169,2
44170,5
44172,1
44173,7
44176,8
44179,3
44180,4
44182,5
44183,1
44185,6
44186,5
44188,1
44189,8
44192,9
44195,4
44196,3
44198,2
44199,2
44202,2
44204,2
44205,6
44208,4
44211,7
44212,2
44214,2
44215,5
44217,3
44218,1
44220,1
44221,4
44224,5
44227,7
44228,2
44231,4
44233,3
44234,7
44237,10
44240,14
44243,2
44246,1
44247,3
44250,5
44252,1
44253,3
44256,5
44259,2
44260,1
44262,4
44263,3
44265,1
44266,8
44268,4
44269,4
44272,16
44275,7
44278,2
44279,5
44281,3
44282,6
44284,1
44285,3
44288,8
44291,8
44294,5
44297,1
44298,9
44300,1
44301,3
44304,3
44307,9
44308,2
44310,4
44311,5
44314,5
44317,5
44320,10
44323,7
44324,2
44326,5
44327,3
44329,4
44330,4
44332,1
44333,5
44336,9
44339,6
44342,9
44343,4
44345,3
44346,1
44349,4
44352,6
44355,13
44356,3
44358,6
44361,4
44362,4
44364,1
44365,2
44368,3
44371,6
44372,1
44374,8
44375,2
44377,5
44378,4
44380,4
44381,6
44384,10
44387,5
44388,3
44390,5
44391,2
44393,5
44394,9
44396,2
44397,2
44400,13
44403,3
44406,3
44407,4
44409,2
44410,1
44412,2
44413,8
44416,5
44419,6
44422,1
44423,2
44425,4
44426,2
44428,1
44429,3
44432,9
44435,10
44436,2
44438,7
44439,4
44441,1
44442,5
44444,3
44445,6
44448,9
44451,2
44454,4
44455,4
44457,5
44458,3
44460,2
44461,5
44464,10
44467,5
44468,1
44470,4
44471,5
44473,2
44476,2
44477,6
44480,10
44483,5
44484,1
44486,5
44489,3
44490,7
44492,1
44493,7
44496,7
44499,5
44500,3
44502,5
44503,3
44505,3
44506,3
44509,7
44512,7
44515,3
44518,4
44519,1
44521,2
44522,2
44525,1
44528,13
44531,8
44532,3
44534,6
44535,1
44537,3
44538,6
44540,2
44541,2
44544,6
44547,7
44548,2
44550,4
44551,1
44553,6
44554,5
44556,2
44557,8
44560,9
44563,4
44564,1
44566,3
44567,4
44569,2
44570,3
44572,3
44573,4
44576,5
44579,7
44580,1
44582,3
44583,2
44585,2
44586,4
44588,3
44589,8
44592,12
44595,6
44596,1
44598,8
44599,2
44601,2
44602,1
44604,2
44605,7
44608,4
44611,5
44612,1
44614,2
44615,2
44617,5
44618,4
44620,3
44621,2
44624,6
44627,4
44630,1
44631,2
44633,1
44634,2
44636,2
44637,4
44640,6
44643,8
44644,1
44646,6
44647,1
44649,1
44650,2
44652,2
44653,5
44656,7
44659,6
44660,1
44662,3
44663,3
44665,5
44666,4
44668,1
44669,10
44672,12
44675,7
44676,3
44678,5
44679,2
44681,1
44682,3
44684,1
44685,8
44688,8
44691,4
44692,1
44694,1
44695,4
44697,2
44698,5
44700,1
44701,2
44704,6
44707,6
44708,2
44710,3
44711,7
44713,3
44714,5
44716,3
44717,6
44720,10
44723,4
44724,1
44726,4
44727,2
44729,3
44730,5
44732,1
44733,8
44736,7
44739,6
44740,2
44742,5
44743,1
44745,2
44746,7
44748,4
44749,1
44752,7
44755,6
44756,3
44758,4
44759,3
44761,1
44762,8
44765,6
44768,3
44771,9
44774,4
44775,2
44777,1
44778,3
44780,2
44781,4
44784,11
44787,3
44790,5
44791,1
44793,6
44796,1
44797,5
44800,6
44803,7
44804,3
44806,3
44807,3
44809,3
44810,1
44813,4
44816,6
44819,4
44822,2
44823,2
44825,3
44826,3
44828,2
44829,3
44832,6
44835,5
44836,2
44838,5
44841,4
44842,2
44844,1
44845,3
44848,3
44851,3
44854,5
44855,5
44857,4
44858,8
44861,7
44864,7
44867,11
44870,2
44871,1
44873,2
44874,7
44877,5
44880,6
44883,1
44886,3
44889,3
44890,1
44892,2
44893,3
44896,7
44899,6
44902,2
44903,3
44905,3
44906,2
44908,2
44909,3
44912,8
44915,6
44916,1
44918,3
44919,1
44921,2
44922,1
44924,2
44925,9
44928,5
44931,3
44932,2
44934,2
44935,2
44937,2
44938,2
44940,2
44941,10
44944,6
44947,4
44948,2
44950,7
44951,3
44953,4
44954,6
44957,5
44960,7
44963,12
44964,1
44966,6
44967,2
44969,4
44970,6
44973,7
44976,8
44979,3
44980,2
44982,3
44983,4
44985,6
44986,4
44988,4
44989,3
44992,9
44995,3
44996,2
44998,2
44999,4
45002,3
45004,1
45005,4
45008,8
45011,6
45012,2
45014,6
45015,5
45017,4
45018,5
45020,1
45021,10
45024,10
45027,10
45030,6
45031,2
45033,2
45034,5
45036,2
45037,7
45040,9
45043,8
45046,8
45047,3
45049,2
45050,11
45053,6
45056,7
45059,8
45060,3
45062,1
45063,1
45065,5
45066,6
45068,1
45069,7
45072,7
45075,5
45076,1
45078,2
45081,6
45082,1
45084,1
45085,3
45088,3
45091,6
45092,4
45094,3
45095,3
45097,4
45098,8
45101,5
45104,3
45107,4
45108,3
45110,5
45111,5
45113,3
45114,5
45116,4
45117,6
45120,8
45123,4
45124,3
45126,5
45127,2
45129,3
45130,6
45132,1
45133,9
45136,7
45139,4
45140,1
45142,4
45143,2
45146,4
45148,2
45149,3
45152,5
45155,7
45156,1
45158,2
45159,2
45161,4
45164,1
45165,4
45168,6
45171,5
45172,1
45174,4
45175,3
45177,2
45178,7
45180,3
45181,11
45184,8
45187,8
45188,6
45190,3
45191,1
45193,3
45194,8
45196,3
45197,1
45200,6
45203,5
45206,8
45207,5
45209,1
45210,4
45212,2
45213,8
45216,9
45219,8
45220,2
45222,4
45223,1
45225,1
45226,6
45228,3
45229,2
45232,5
45235,4
45236,2
45238,5
45239,4
45241,4
45242,3
45244,2
45245,6
45248,2
45251,5
45252,2
45254,2
45255,3
45257,2
45258,4
45260,1
45261,5
45264,6
45267,9
45268,1
45270,2
45271,1
45273,2
45274,2
45277,13
45280,7
45283,2
45284,2
45286,3
45287,2
45289,4
45290,4
45293,5
45296,5
45299,6
45300,1
45303,3
45305,3
45306,2
45308,1
45309,11
45312,6
45315,4
45316,2
45318,2
45319,1
45322,3
45324,2
45325,6
45328,13
45331,3
45332,2
45334,6
45335,2
45337,2
45338,4
45340,2
45341,2
45344,5
45347,3
45348,2
45350,3
45351,2
45353,1
45354,3
45356,1
45357,5
45360,8
45363,2
45364,1
45366,6
45367,1
45369,1
45370,2
45373,6
45376,6
45379,6
45380,1
45382,1
45383,3
45385,1
45386,4
45388,1
45389,6
45392,8
45395,8
45396,1
45398,1
45399,4
45401,1
45402,5
45405,4
45408,6
45411,7
45412,3
45414,6
45415,1
45417,6
45418,3
45420,2
45421,3
45424,14
45427,3
45430,3
45431,4
45433,3
45434,2
45437,10
45440,7
45443,8
45444,1
45447,3
45449,1
45450,1
45452,1
45453,3
45456,3
45459,6
45460,1
45462,4
45463,3
45465,3
45466,5
45468,2
45469,7
45472,2
45475,6
45478,2
45479,3
45481,5
45482,4
45484,3
45485,8
45488,8
45491,3
45492,2
45494,5
45495,1
45498,4
45500,4
45501,7
45504,6
45507,2
45508,3
45510,3
45511,3
45513,3
45514,4
45517,4
45520,11
45523,5
45526,8
45527,3
45529,1
45530,3
45532,2
45533,6
45536,10
45539,3
45540,2
45542,4
45543,2
45545,3
45546,2
45548,2
45549,2
45552,6
45555,10
45558,3
45559,4
45561,1
45562,10
45564,4
45565,4
45568,5
45571,8
45572,3
45574,4
45575,3
45577,4
45578,4
45581,4
45584,7
45587,2
45588,4
45590,3
45591,2
45593,2
45594,2
45596,5
45597,5
45600,5
45603,3
45604,1
45606,4
45607,2
45609,3
45610,3
45612,1
45613,4
45616,9
45619,3
45620,1
45623,5
45625,9
45626,2
45629,3
45632,4
45635,7
45636,4
45638,3
45639,1
45641,4
45642,2
45645,8
45648,8
45651,6
45652,2
45654,5
45655,2
45657,4
45658,2
45660,1
45661,3
45664,4
45667,5
45668,2
45670,4
45671,3
45674,6
45677,5
45680,4
45683,2
45684,4
45686,1
45687,1
45689,1
45690,8
45693,4
45696,4
45699,4
45700,1
45702,2
45703,5
45705,5
45706,2
45708,2
45709,1
45712,2
45715,8
45716,5
45718,3
45719,3
45721,3
45722,8
45724,1
45725,2
45728,5
45731,9
45734,4
45735,1
45737,3
45738,2
45740,1
45741,1
45744,13
45747,2
45748,1
45750,4
45751,4
45754,2
45756,2
45757,3
45760,11
45763,6
45764,2
45766,3
45767,2
45769,2
45770,2
45772,3
45773,3
45776,5
45779,3
45782,8
45783,1
45785,4
45786,2
45789,8
45792,2
45795,6
45796,1
45798,4
45801,2
45802,1
45804,1
45805,7
45808,11
45811,8
45814,5
45815,2
45817,6
45818,8
45821,7
45824,4
45827,6
45828,1
45830,7
45831,1
45833,1
45834,4
45837,4
45840,9
45843,8
45844,2
45846,5
45847,3
45849,4
45850,2
45852,1
45853,7
45856,7
45859,9
45862,3
45863,3
45865,1
45866,4
45868,5
45869,9
45872,7
45875,7
45876,1
45878,2
45881,2
45882,4
45885,7
45888,7
45891,7
45894,2
45895,1
45897,4
45898,5
45900,1
45901,6
45904,8
45907,14
45908,2
45910,5
45911,6
45913,1
45914,5
45917,6
45920,11
45923,4
45924,2
45926,5
45927,2
45929,2
45930,4
45933,5
45936,3
45939,2
45942,4
45943,4
45945,5
45946,4
45949,7
45952,7
45955,9
45956,2
45958,5
45959,3
45961,6
45962,4
45964,1
45965,6
45968,7
45971,9
45972,1
45974,2
45975,5
45977,6
45978,4
45980,1
45981,3
45984,5
45987,4
45988,2
45990,1
45991,2
45993,5
45994,2
45996,2
45997,3
46000,4
46003,5
46004,1
46006,4
46007,6
46009,4
46010,5
46012,1
46013,2
46016,1
46019,4
46022,5
46023,1
46025,4
46026,4
46028,2
46029,3
46032,4
46035,5
46036,1
46038,10
46039,2
46041,4
46042,6
46044,2
46045,5
46048,8
46051,2
46052,6
46054,4
46055,2
46057,2
46058,5
46060,2
46061,6
46064,7
46067,3
46068,1
46070,1
46071,1
46073,1
46074,5
46077,9
46080,4
46083,6
46086,3
46087,4
46089,4
46090,4
46092,1
46093,7
46096,2
46099,4
46100,1
46102,4
46103,6
46105,2
46106,5
46108,1
46109,2
46112,4
46115,5
46116,1
46118,2
46119,3
46121,3
46124,1
46125,2
46128,4
46131,4
46132,1
46134,5
46137,2
46138,4
46141,8
46144,6
46147,4
46150,5
46151,2
46153,1
46154,2
46156,1
46157,3
46160,7
46163,3
46164,1
46166,5
46167,2
46169,2
46170,5
46173,2
46176,4
46179,2
46180,1
46182,2
46183,2
46185,4
46186,4
46188,3
46189,2
46192,8
46195,5
46198,4
46199,5
46201,2
46202,3
46204,2
46205,7
46208,5
46211,5
46212,1
46214,9
46215,2
46217,2
46218,3
46220,2
46221,3
46224,6
46227,3
46230,1
46233,4
46234,6
46236,1
46237,7
46240,5
46243,6
46244,1
46246,3
46250,3
46252,2
46253,1
46256,5
46259,7
46260,1
46262,3
46263,1
46265,2
46266,2
46268,1
46269,5
46272,4
46275,6
46276,2
46278,6
46279,1
46281,2
46282,6
46285,2
46288,5
46291,6
46294,4
46295,2
46297,2
46298,2
46300,2
46301,2
46304,4
46307,10
46308,2
46310,7
46311,2
46313,2
46314,3
46316,3
46317,4
46320,7
46323,6
46326,3
46327,2
46329,1
46330,3
46333,4
46336,4
46339,6
46340,1
46342,4
46343,2
46345,3
46346,4
46348,1
46349,5
46352,4
46355,1
46356,2
46358,3
46359,3
46361,2
46362,2
46364,2
46365,4
46368,4
46371,4
46372,2
46374,2
46377,1
46378,6
46380,3
46381,3
46384,12
46387,3
46388,2
46390,3
46391,2
46393,1
46394,3
46396,1
46397,9
46400,7
46403,4
46406,2
46407,3
46409,3
46410,11
46412,4
46413,2
46416,5
46419,5
46422,4
46423,4
46425,4
46426,3
46428,2
46429,8
46432,2
46435,5
46438,4
46439,2
46441,2
46442,1
46444,1
46445,2
46448,6
46451,2
46452,3
46454,4
46455,1
46457,3
46458,3
46461,7
46464,7
46467,2
46468,1
46470,3
46471,2
46473,3
46474,6
46477,6
46480,3
46483,6
46486,1
46487,1
46489,2
46490,2
46493,3
46496,5
46499,6
46503,3
46505,2
46506,6
46508,1
46509,1
46512,6
46515,7
46518,5
46519,2
46521,5
46522,2
46524,2
46525,5
46528,7
46531,5
46532,1
46534,1
46535,4
46537,2
46538,2
46541,2
46544,12
46547,7
46548,1
46550,2
46551,6
46553,2
46554,3
46556,1
46557,3
46560,1
46563,3
46564,1
46566,4
46567,2
46569,1
46570,4
46573,1
46576,6
46579,6
46580,1
46582,5
46583,2
46586,6
46589,7
46592,7
46595,7
46596,2
46598,3
46601,1
46602,4
46604,2
46605,3
46608,3
46611,6
46614,3
46615,2
46617,1
46618,1
46620,1
46621,6
46624,4
46627,6
46628,4
46630,1
46633,2
46634,3
46636,1
46637,1
46640,4
46644,1
46646,1
46647,3
46649,2
46650,2
46652,1
46653,3
46656,4
46659,2
46660,1
46662,6
46665,1
46666,1
46669,6
46672,7
46675,5
46676,1
46679,1
46681,2
46682,3
46685,5
46688,3
46691,3
46692,2
46694,1
46695,2
46698,6
46700,1
46701,2
46704,2
46707,5
46708,2
46710,3
46711,3
46713,2
46716,1
46717,5
46720,2
46723,6
46726,5
46727,2
46729,4
46730,3
46732,1
46733,3
46736,7
46739,4
46740,3
46742,3
46743,2
46745,4
46746,1
46749,3
46752,8
46755,5
46758,5
46759,2
46762,6
46764,3
46765,2
46768,2
46771,2
46772,1
46774,6
46775,3
46778,1
46780,2
46781,1
46784,4
46787,5
46790,4
46791,3
46793,3
46794,6
46796,2
46797,3
46800,5
46803,4
46807,4
46813,4
46816,3
46819,7
46820,1
46823,2
46826,1
46828,1
46829,6
46832,10
46835,2
46836,1
46838,2
46839,3
46841,3
46842,2
46844,1
46845,7
46848,4
46851,3
46854,1
46855,1
46857,2
46858,3
46861,6
46864,6
46867,3
46868,1
46870,2
46871,3
46873,1
46874,4
46876,1
46877,2
46880,3
46883,2
46886,6
46887,2
46889,1
46890,4
46893,2
46896,6
46899,3
46900,2
46902,1
46903,5
46905,2
46906,4
46909,4
46912,1
46915,8
46918,3
46919,2
46921,1
46922,2
46925,2
46928,6
46931,3
46932,1
46934,7
46937,2
46938,1
46940,2
46941,7
46944,1
46947,1
46950,2
46953,2
46954,4
46956,1
46957,4
46960,7
46963,2
46966,2
46967,2
46969,3
46970,1
46973,5
46976,6
46979,3
46982,5
46983,1
46985,1
46986,6
46989,4
46992,9
46995,3
46996,1
46998,2
46999,4
47001,1
47004,1
47005,5
47008,2
47011,4
47012,3
47014,4
47017,2
47018,2
47021,3
47024,10
47027,4
47030,5
47031,2
47034,7
47037,2
47043,8
47044,1
47046,2
47047,1
47049,2
47050,3
47052,2
47053,1
47056,4
47059,4
47060,1
47062,2
47063,1
47065,1
47066,2
47068,1
47069,6
47072,3
47078,2
47079,2
47081,4
47082,2
47085,3
47088,4
47091,5
47094,5
47095,2
47097,3
47098,4
47101,4
47104,8
47107,2
47111,2
47113,1
47114,4
47117,1
47120,4
47123,3
47124,2
47126,2
47127,2
47130,4
47133,3
47136,6
47139,5
47140,2
47142,4
47145,3
47146,5
47148,1
47149,3
47152,3
47155,2
47158,4
47162,5
47164,1
47165,3
47168,5
47171,4
47172,1
47174,1
47175,1
47177,1
47178,1
47181,1
47184,4
47187,4
47190,3
47191,2
47193,2
47194,5
47197,6
47200,6
47203,5
47206,2
47207,6
47209,1
47210,3
47213,3
47216,5
47219,4
47222,2
47223,1
47226,3
47229,4
47232,2
47235,4
47238,2
47241,2
47242,5
47245,3
47248,4
47251,2
47252,2
47254,1
47255,1
47257,2
47258,2
47260,2
47261,3
47264,2
47267,2
47268,1
47271,2
47273,3
47274,3
47277,1
47280,6
47286,2
47290,3
47293,6
47296,3
47299,5
47300,1
47302,4
47305,4
47306,2
47308,1
47309,4
47312,6
47315,4
47318,2
47319,5
47321,1
47322,2
47325,4
47328,5
47331,4
47332,1
47334,2
47335,1
47337,2
47338,4
47340,1
47341,2
47344,4
47347,1
47350,3
47351,1
47353,1
47354,4
47356,1
47357,4
47360,1
47363,2
47364,1
47366,5
47367,1
47370,5
47373,3
47376,2
47379,1
47382,7
47383,1
47385,1
47386,2
47388,1
47389,6
47392,3
47395,4
47398,3
47399,3
47401,1
47402,2
47405,2
47408,6
47411,4
47412,2
47414,5
47417,3
47418,2
47420,1
47421,2
47424,5
47427,4
47428,3
47430,2
47433,2
47434,3
47437,3
47440,1
47443,3
47446,3
47447,3
47449,3
47450,2
47453,7
47456,1
47459,5
47460,1
47462,5
47463,2
47465,1
47466,2
47469,3
47472,8
47475,5
47476,2
47478,2
47479,3
47482,2
47484,4
47485,5
47488,2
47491,3
47495,1
47497,2
47498,1
47500,3
47501,3
47504,6
47507,4
47508,1
47510,3
47511,1
47513,2
47514,1
47516,4
47517,3
47520,4
47523,7
47526,7
47527,1
47529,1
47530,2
47533,3
47536,5
47539,7
47540,1
47542,2
47543,1
47545,4
47548,1
47549,2
47552,2
47555,4
47558,2
47559,2
47565,1
47568,3
47571,3
47575,1
47577,2
47578,3
47581,5
47584,1
47587,3
47590,1
47591,1
47593,1
47594,1
47596,2
47597,2
47600,3
47603,1
47606,1
47607,1
47609,1
47613,4
47616,2
47619,4
47622,1
47623,1
47626,2
47629,2
47632,5
47635,3
47636,1
47638,3
47639,2
47641,2
47642,2
47648,4
47651,2
47652,1
47654,2
47655,3
47657,1
47658,2
47661,4
47664,1
47667,3
47668,1
47670,1
47671,2
47674,3
47676,1
47677,5
47680,1
47683,1
47686,1
47687,2
47689,4
47690,1
47693,3
47696,3
47699,4
47700,1
47702,2
47703,3
47705,1
47706,2
47709,3
47712,3
47715,1
47716,1
47719,2
47721,1
47722,2
47725,3
47728,2
47731,3
47734,1
47735,2
47737,2
47738,3
47741,3
47744,3
47747,3
47751,1
47753,1
47754,2
47757,2
47760,7
47763,3
47766,2
47769,1
47770,3
47773,1
47776,4
47779,1
47780,2
47782,4
47783,3
47785,4
47786,3
47789,3
47792,1
47795,1
47798,3
47799,1
47801,3
47804,2
47805,3
47808,8
47811,2
47814,3
47815,1
47817,3
47818,8
47824,5
47827,5
47830,3
47831,1
47833,2
47834,1
47837,2
47840,3
47843,2
47844,1
47846,4
47849,1
47850,3
47852,2
47853,2
47856,4
47859,5
47862,1
47863,1
47866,1
47868,2
47869,1
47872,3
47878,4
47879,2
47881,2
47882,3
47885,1
47888,6
47891,3
47897,1
47898,2
47901,3
47904,4
47907,6
47910,5
47911,3
47913,1
47914,3
47920,1
47923,3
47926,2
47927,2
47929,1
47930,1
47932,1
47933,1
47936,3
47939,3
47940,1
47945,2
47946,2
47952,2
47955,1
47956,2
47958,4
47959,3
47961,1
47962,3
47964,1
47965,1
47968,2
47971,1
47972,1
47974,2
47975,1
47978,2
47981,1
47984,1
47987,1
47990,3
47991,1
47993,1
47994,1
47996,2
48000,7
48003,3
48006,1
48010,1
48012,1
48013,4
48016,4
48019,5
48022,1
48023,4
48025,2
48029,4
48032,2
48035,3
48036,1
48038,2
48039,2
48041,2
48042,4
48044,2
48048,5
48051,1
48054,2
48057,1
48061,5
48064,1
48070,1
48071,1
48074,2
48076,2
48077,2
48080,3
48083,2
48086,3
48087,2
48089,1
48090,2
48092,1
48093,4
48096,1
48099,1
48100,1
48105,1
48106,3
48109,1
48112,4
48115,3
48116,1
48118,1
48122,1
48125,3
48128,7
48131,4
48134,2
48137,1
48138,3
48140,1
48141,2
48144,3
48148,1
48150,3
48151,1
48153,2
48154,1
48157,1
48160,4
48163,1
48166,2
48169,1
48170,3
48176,2
48179,1
48180,2
48182,3
48183,1
48185,1
48186,1
48188,1
48189,1
48192,1
48195,4
48196,4
48198,1
48199,2
48201,1
48202,1
48204,1
48205,2
48208,2
48211,5
48214,3
48215,3
48217,3
48218,2
48221,1
48224,3
48227,1
48230,2
48233,3
48234,3
48236,1
48237,4
48240,6
48243,1
48246,2
48247,1
48249,1
48252,1
48253,1
48256,4
48259,4
48260,1
48262,1
48265,1
48268,1
48269,1
48272,1
48276,2
48278,5
48279,3
48281,2
48282,2
48284,1
48285,3
48288,2
48291,3
48292,3
48295,1
48297,2
48298,5
48300,1
48301,1
48304,2
48307,1
48316,2
48317,1
48320,1
48323,1
48326,2
48327,1
48329,2
48330,1
48336,3
48339,3
48340,1
48342,3
48343,1
48345,3
48346,2
48348,2
48349,3
48352,4
48355,3
48356,1
48358,4
48359,2
48361,2
48362,5
48364,1
48365,1
48368,1
48374,1
48375,2
48377,2
48378,1
48381,1
48384,5
48387,2
48388,1
48390,1
48391,1
48393,1
48394,1
48397,1
48400,3
48403,1
48406,1
48407,2
48409,1
48410,2
48412,1
48416,3
48419,1
48420,1
48422,2
48423,2
48425,1
48426,2
48429,2
48432,1
48435,2
48438,2
48439,2
48441,1
48442,2
48445,3
48448,1
48451,1
48454,2
48458,3
48461,1
48464,2
48467,4
48470,1
48471,1
48473,1
48474,1
48477,1
48480,3
48483,5
48484,1
48486,2
48487,1
48490,2
48492,1
48496,1
48499,2
48502,2
48503,2
48509,3
48512,1
48516,1
48518,1
48522,2
48525,2
48528,5
48531,1
48534,3
48535,2
48538,1
48540,1
48541,2
48544,5
48547,1
48550,4
48551,2
48553,3
48554,3
48557,1
48560,4
48563,2
48564,2
48566,1
48567,1
48569,1
48570,2
48573,4
48576,3
48579,2
48580,1
48582,1
48585,1
48586,1
48589,3
48592,5
48595,2
48596,1
48598,4
48599,1
48602,3
48605,5
48608,1
48611,6
48614,1
48617,1
48618,3
48621,1
48624,3
48627,2
48630,2
48633,2
48637,1
48640,1
48643,3
48644,1
48646,1
48653,2
48656,5
48659,4
48662,1
48672,4
48675,3
48676,1
48678,2
48679,1
48682,4
48684,2
48685,4
48691,2
48692,1
48694,1
48695,1
48697,2
48698,2
48701,1
48704,4
48707,1
48708,3
48710,1
48711,1
48713,1
48714,1
48720,3
48723,2
48726,3
48729,1
48730,1
48733,3
48736,2
48739,2
48742,1
48743,1
48745,2
48746,1
48752,1
48755,5
48756,1
48758,2
48761,1
48762,1
48765,3
48768,1
48771,1
48775,4
48777,2
48778,2
48781,2
48787,3
48788,1
48790,2
48793,2
48796,1
48797,4
48800,1
48803,2
48806,2
48807,1
48809,1
48810,2
48813,1
48816,6
48820,1
48828,1
48829,1
48832,1
48835,2
48836,1
48838,2
48839,3
48842,1
48844,1
48848,2
48854,2
48855,1
48860,1
48861,4
48864,3
48870,2
48873,1
48874,2
48876,1
48877,2
48880,2
48883,2
48886,1
48889,2
48890,2
48896,2
48899,3
48902,1
48906,3
48909,2
48912,2
48915,1
48918,2
48919,1
48922,1
48925,1
48928,3
48931,2
48932,2
48934,2
48935,1
48937,1
48938,1
48944,1
48947,1
48950,3
48951,2
48957,6
48963,4
48972,1
48976,3
48982,2
48983,1
48989,4
48992,1
48999,1
49001,1
49005,2
49008,1
49011,2
49014,1
49015,3
49017,2
49018,2
49021,2
49024,1
49027,2
49030,3
49033,1
49034,2
49037,1
49040,2
49043,1
49044,1
49047,1
49049,1
49053,1
49059,3
49062,2
49063,2
49065,2
49066,2
49068,1
49072,2
49075,1
49078,4
49079,1
49085,2
49088,4
49091,1
49092,1
49095,1
49097,2
49098,3
49101,2
49107,1
49110,3
49111,1
49114,1
49117,3
49120,2
49123,1
49126,3
49129,1
49130,1
49133,3
49136,3
49139,3
49140,1
49142,4
49143,1
49145,2
49146,1
49148,1
49149,3
49152,4
49155,1
49159,2
49161,2
49162,1
49168,1
49171,3
49178,1
49181,1
49184,3
49187,5
49190,2
49191,5
49194,2
49200,4
49203,1
49206,1
49213,3
49216,4
49219,1
49223,1
49225,1
49226,1
49235,4
49238,1
49241,3
49242,1
49244,1
49245,2
49248,6
49251,2
49255,1
49257,1
49260,1
49264,1
49267,1
49270,1
49273,4
49274,2
49276,1
49277,2
49280,4
49287,1
49290,2
49293,2
49296,3
49299,2
49302,1
49306,2
49309,1
49315,1
49318,2
49319,3
49321,2
49322,2
49325,1
49328,1
49331,2
49334,2
49335,1
49338,2
49341,1
49344,2
49347,4
49350,1
49353,1
49354,2
49360,3
49366,1
49367,1
49370,1
49372,2
49373,4
49376,4
49379,1
49380,1
49382,3
49386,3
49389,2
49392,3
49395,1
49398,2
49401,1
49402,1
49405,3
49408,3
49411,2
49414,1
49415,1
49417,1
49418,2
49421,1
49424,2
49427,3
49428,1
49430,2
49433,2
49434,2
49444,1
49446,2
49449,1
49453,2
49456,3
49459,1
49462,3
49463,1
49465,1
49466,2
49475,1
49481,1
49485,3
49491,2
49492,1
49494,1
49497,1
49501,2
49504,2
49507,4
49510,1
49513,1
49514,2
49516,1
49520,1
49523,1
49526,1
49529,1
49532,1
49536,2
49539,1
49540,1
49542,1
49543,1
49546,1
49549,2
49552,2
49555,3
49558,1
49559,2
49562,1
49565,2
49568,1
49571,1
49574,3
49578,1
49581,1
49584,3
49588,1
49590,1
49591,2
49600,1
49603,2
49604,1
49607,1
49610,1
49613,2
49616,4
49619,4
49622,1
49623,1
49626,1
49632,3
49638,2
49639,2
49644,2
49645,2
49648,5
49651,3
49658,1
49661,2
49664,3
49667,1
49670,1
49671,1
49674,1
49677,1
49680,4
49683,1
49684,1
49686,1
49696,1
49699,1
49703,1
49705,1
49706,1
49708,1
49709,3
49715,1
49718,1
49719,1
49721,2
49722,1
49725,1
49734,2
49738,1
49740,1
49741,1
49744,1
49747,1
49751,1
49753,1
49756,2
49757,1
49760,1
49763,3
49770,1
49773,1
49776,2
49779,2
49782,1
49783,3
49785,1
49786,1
49788,1
49789,1
49795,1
49798,2
49801,2
49802,3
49811,1
49812,1
49815,2
49817,1
49820,3
49821,3
49824,3
49827,2
49828,1
49830,1
49831,1
49837,1
49843,1
49847,1
49852,1
49853,1
49856,3
49859,1
49860,1
49869,1
49872,1
49875,1
49879,1
49882,2
49885,2
49888,1
49891,1
49894,1
49895,2
49897,1
49898,1
49901,1
49904,2
49907,1
49911,1
49913,1
49920,3
49924,1
49926,1
49927,1
49929,1
49932,2
49933,3
49936,2
49939,2
49942,2
49943,1
49945,1
49948,1
49952,2
49955,2
49962,2
49964,1
49965,1
49968,5
49972,1
49978,1
49980,1
49984,2
49987,2
49988,1
49990,1
49994,2
50003,1
50006,1
50010,2
50012,1
50013,3
50016,1
50019,4
50020,1
50022,1
50023,1
50026,2
50029,1
50032,1
50036,1
50038,4
50039,1
50042,1
50045,2
50048,1
50052,1
50054,2
50055,1
50058,1
50060,1
50061,2
50064,1
50068,1
50070,2
50073,1
50077,2
50080,2
50083,1
50086,1
50089,1
50093,1
50096,2
50102,2
50103,2
50106,1
50112,2
50115,1
50118,1
50119,1
50122,2
50125,1
50132,1
50135,2
50140,1
50144,2
50147,5
50150,2
50156,1
50157,2
50164,1
50166,3
50167,1
50169,2
50173,1
50176,4
50179,1
50185,1
50186,2
50188,1
50189,1
50192,2
50195,1
50198,2
50199,2
50202,1
50205,1
50211,2
50215,1
50218,1
50221,2
50224,1
50227,1
50230,1
50234,3
50240,1
50243,1
50246,1
50250,2
50252,1
50253,1
50256,3
50259,2
50262,1
50263,2
50265,1
50266,2
50268,1
50269,1
50272,1
50276,2
50278,1
50282,1
50288,3
50291,1
50292,1
50294,1
50295,1
50307,1
50311,1
50317,3
50320,1
50323,1
50324,1
50326,1
50330,3
50332,2
50333,1
50336,2
50339,1
50342,1
50346,2
50352,2
50356,1
50358,1
50364,1
50368,1
50371,1
50374,1
50375,1
50377,2
50378,2
50380,2
50381,1
50384,2
50393,1
50409,1
50410,1
50413,4
50416,2
50423,1
50428,2
50432,2
50435,1
50438,1
50439,1
50442,2
50454,3
50458,1
50461,1
50464,1
50470,1
50473,1
50474,2
50476,2
50477,1
50480,1
50486,2
50487,1
50492,1
50493,1
50496,2
50499,2
50505,1
50509,1
50512,2
50515,1
50518,2
50519,2
50524,1
50525,3
50532,1
50535,1
50540,1
50547,1
50553,1
50554,1
50556,1
50557,1
50560,1
50563,2
50564,1
50566,1
50573,2
50576,2
50579,2
50582,2
50585,1
50586,1
50588,1
50595,2
50596,1
50604,1
50608,1
50611,1
50615,2
50617,2
50618,2
50621,1
50624,1
50627,1
50633,1
50636,1
50637,3
50643,1
50644,1
50646,1
50647,1
50649,1
50650,1
50652,1
50656,1
50663,1
50669,2
50672,2
50678,1
50679,1
50685,2
50688,1
50695,1
50698,2
50700,1
50704,1
50713,1
50717,1
50720,1
50723,1
50726,1
50727,2
50729,1
50730,2
50743,1
50745,2
50752,3
50758,1
50762,1
50768,1
50771,1
50774,3
50777,1
50787,1
50791,2
50800,1
50806,1
50810,1
50816,1
50822,1
50829,2
50832,2
50835,2
50839,2
50842,2
50845,1
50848,1
50851,2
50852,1
50858,1
50864,2
50867,2
50868,1
50870,1
50874,1
50883,1
50886,2
50890,1
50893,1
50900,1
50902,2
50903,1
50905,1
50906,1
50908,2
50912,2
50915,3
50918,2
50925,2
50931,1
50934,1
50937,1
50940,1
50944,2
50947,1
50950,1
50951,1
50954,2
50957,1
50960,2
50967,1
50969,2
50970,2
50973,1
50976,2
50979,1
50980,2
50982,1
50989,2
50992,1
50995,1
51005,2
51008,1
51014,1
51015,1
51018,1
51027,1
51030,2
51031,1
51034,1
51036,2
51040,1
51049,1
51056,1
51066,1
51081,2
51082,1
51091,1
51094,1
51097,1
51098,1
51101,1
51104,1
51107,1
51108,1
51111,1
51113,1
51116,1
51117,2
51120,1
51129,1
51133,1
51139,1
51142,1
51145,2
51149,1
51152,1
51155,3
51168,1
51171,1
51175,1
51177,1
51181,1
51187,1
51196,1
51203,2
51204,1
51207,1
51209,1
51210,1
51213,1
51220,1
51222,2
51229,3
51232,1
51238,2
51244,1
51245,2
51248,1
51254,1
51264,1
51267,2
51274,1
51276,1
51277,1
51280,1
51283,1
51289,1
51293,2
51296,1
51299,1
51303,1
51306,1
51312,2
51315,3
51316,1
51334,1
51338,1
51344,2
51350,1
51351,1
51353,2
51356,1
51360,3
51367,1
51370,2
51376,1
51379,3
51395,2
51401,1
51414,1
51415,1
51418,1
51421,1
51424,1
51427,2
51431,1
51434,1
51436,1
51437,3
51446,2
51447,1
51449,1
51450,1
51453,1
51465,3
51469,1
51475,2
51476,2
51479,1
51484,1
51488,2
51491,1
51495,3
51498,1
51507,1
51514,1
51517,1
51520,3
51523,2
51524,1
51527,1
51529,1
51530,2
51533,1
51536,2
51539,1
51542,1
51548,2
51552,2
51558,1
51562,1
51565,3
51574,1
51575,2
51578,1
51581,1
51587,2
51590,2
51596,1
51597,2
51603,1
51607,1
51609,1
51613,1
51625,1
51629,2
51635,1
51641,1
51642,1
51645,3
51651,3
51658,1
51661,1
51664,4
51667,1
51677,1
51684,1
51690,1
51696,1
51699,1
51702,2
51703,1
51705,2
51706,2
51709,1
51712,2
51716,1
51719,1
51722,1
51725,1
51731,1
51735,1
51737,1
51741,1
51747,1
51748,1
51751,2
51754,3
51763,2
51773,3
51792,4
51795,1
51798,1
51808,1
51811,1
51815,1
51818,1
51821,1
51827,1
51846,1
51847,1
51852,1
51859,1
51860,1
51862,2
51865,1
51872,1
51875,1
51878,1
51881,1
51882,1
51884,1
51891,2
51908,1
51910,1
51914,1
51916,1
51917,1
51923,1
51926,3
51930,2
51933,1
51936,1
51940,1
51946,1
51949,1
51958,1
51961,1
51964,2
51971,1
51978,1
51981,2
51984,1
51991,1
51994,1
52003,1
52006,1
52010,1
52013,2
52022,1
52023,1
52026,1
52032,2
52038,1
52039,3
52041,2
52045,2
52051,1
52074,1
52080,1
52083,1
52086,2
52093,1
52096,2
52099,1
52102,1
52103,2
52109,1
52115,1
52125,1
52131,1
52134,1
52138,2
52144,4
52154,2
52156,1
52164,1
52167,1
52169,1
52173,1
52179,1
52182,1
52183,1
52185,1
52186,2
52205,1
52208,1
52214,1
52215,1
52221,1
52224,1
52227,1
52231,1
52234,1
52240,1
52253,1
52259,1
52265,1
52269,1
52275,1
52278,1
52285,1
52288,1
52292,1
52301,1
52304,1
52310,1
52313,1
52316,1
52330,1
52346,1
52371,1
52375,1
52377,1
52381,1
52384,1
52391,1
52394,1
52400,1
52409,1
52410,1
52413,1
52416,2
52419,1
52432,1
52438,1
52454,1
52461,1
52474,1
52477,1
52496,1
52508,1
52515,3
52518,1
52528,1
52532,1
52544,1
52547,2
52554,1
52566,1
52573,1
52602,1
52611,1
52614,1
52617,2
52637,2
52640,1
52646,1
52653,1
52659,1
52669,1
52684,1
52685,1
52694,1
52704,1
52713,2
52717,1
52726,1
52733,1
52758,1
52777,1
52778,1
52780,1
52784,1
52794,1
52800,2
52809,1
52813,1
52816,1
52829,1
52839,1
52867,1
52871,1
52877,1
52886,1
52896,2
52921,1
52925,1
52940,1
52941,1
52944,1
52960,1
52969,1
52970,1
52985,1
52989,1
53018,1
53020,1
53021,1
53024,1
53028,1
53030,1
53033,1
53066,1
53075,1
53078,1
53101,1
53114,1
53127,1
53129,1
53130,1
53142,1
53146,1
53149,1
53152,1
53155,1
53165,1
53184,1
53187,1
53200,1
53216,1
53219,1
53228,1
53232,1
53248,1
53251,1
53254,1
53287,1
53312,2
53331,1
53337,1
53341,1
53348,1
53360,1
53386,1
53392,1
53405,2
53418,1
53437,1
53440,1
53443,1
53456,1
53475,1
53494,1
53498,1
53507,1
53520,2
53527,1
53530,1
53533,1
53545,1
53552,1
53558,1
53571,1
53578,1
53616,1
53629,1
53658,1
53667,1
53670,1
53686,1
53699,1
53728,1
53751,1
53766,1
53780,1
53789,1
53817,1
53824,1
53888,1
53910,1
53936,1
53949,1
53980,1
54035,1
54061,1
54064,1
54089,1
54128,1
54137,1
54185,1
54186,1
54214,1
54233,1
54240,1
54247,1
54249,1
54272,2
54294,1
54317,1
54327,1
54342,1
54346,1
54388,1
54403,1
54429,1
54455,1
54474,1
54608,1
54640,1
54669,1
54710,1
54711,1
54755,2
54768,1
54790,1
54851,1
54899,1
54963,1
54979,1
54999,1
55060,1
55149,1
55152,1
55155,1
55162,1
55197,1
55270,1
55366,1
55376,1
55385,1
55386,1
55472,1
55491,1
55540,1
55661,1
55693,1
55747,1
55766,1
55799,1
55849,1
55888,1
55898,1
55920,1
55926,1
56253,1
56406,1
56663,1
56739,1
56916,1
57143,1
57414,1
57725,1
57891,1
57968,1
58003,1
58288,1
59676,1
60125,1
61191,1
61533,1
63943,1
67696,1
75216,1
76784,1
77590,1
111440,1
112423,1
137187,1
139124,1
181597,1
187385,1
226413,1
376534,1
560649,1
