# Samples: 76036, Average: 52241.5 ns, StdDev: 226405.7 ns, Quartiles: 25926.0/27792.0/29616.0 ns
15114,1
20579,1
20772,1
20803,2
21060,1
21210,1
21212,1
21245,1
21366,1
21392,1
21421,1
21485,1
21501,1
21536,1
21571,1
21574,1
21578,1
21590,1
21619,2
21645,1
21658,1
21673,1
21687,1
21693,1
21709,1
21770,1
21789,1
21798,1
21802,1
21805,1
21824,1
21936,1
21939,1
21990,1
21997,1
22010,2
22022,1
22048,1
22051,1
22060,1
22102,1
22105,1
22115,1
22125,1
22138,1
22147,1
22154,1
22164,1
22170,1
22186,1
22188,1
22198,1
22202,1
22204,1
22211,1
22240,1
22246,1
22262,1
22281,1
22288,2
22292,2
22294,1
22307,1
22311,1
22320,1
22333,1
22336,1
22345,1
22358,2
22362,1
22365,1
22371,1
22374,1
22390,1
22406,1
22413,1
22416,1
22419,1
22422,3
22435,1
22439,1
22445,2
22448,1
22451,1
22454,1
22461,1
22464,4
22467,1
22470,2
22471,1
22473,1
22474,3
22477,1
22486,2
22487,2
22489,1
22496,1
22506,1
22509,1
22512,2
22518,2
22521,1
22522,3
22528,3
22531,2
22534,1
22535,1
22537,1
22538,3
22541,1
22544,1
22547,1
22553,1
22556,1
22560,3
22563,1
22566,1
22570,1
22580,1
22582,1
22583,1
22586,1
22595,1
22601,2
22602,1
22608,1
22611,2
22617,1
22618,1
22621,3
22624,3
22627,3
22630,1
22631,2
22633,1
22643,3
22646,1
22650,2
22653,2
22656,2
22666,4
22672,2
22675,3
22678,1
22679,1
22681,3
22688,2
22691,1
22694,2
22697,3
22698,2
22701,3
22704,2
22710,3
22713,1
22714,1
22720,1
22724,1
22726,1
22727,3
22730,1
22733,1
22736,4
22739,1
22742,1
22745,2
22746,2
22749,2
22752,3
22755,2
22756,1
22758,1
22759,1
22761,1
22762,3
22764,1
22765,1
22768,2
22771,3
22774,2
22775,1
22777,1
22778,2
22780,1
22781,1
22784,6
22787,2
22788,1
22790,6
22791,2
22793,1
22794,2
22797,2
22800,5
22803,2
22806,2
22809,2
22812,1
22813,4
22816,1
22819,1
22822,3
22823,1
22826,1
22828,1
22835,1
22836,1
22838,3
22839,3
22841,1
22842,1
22845,1
22848,1
22851,4
22854,3
22855,2
22857,1
22861,3
22864,3
22867,3
22870,2
22871,2
22873,2
22874,4
22876,4
22877,2
22880,4
22883,3
22884,1
22886,1
22890,1
22893,6
22896,2
22899,5
22900,1
22903,1
22905,1
22906,3
22908,1
22909,3
22915,4
22918,2
22919,1
22921,1
22922,5
22924,2
22925,1
22928,4
22932,1
22934,4
22935,2
22938,3
22940,1
22941,5
22944,1
22947,1
22948,3
22950,4
22951,1
22953,3
22954,1
22956,1
22957,5
22960,6
22963,5
22964,1
22966,3
22967,4
22969,1
22970,4
22972,1
22976,5
22979,5
22980,1
22982,5
22983,1
22985,5
22986,5
22988,3
22989,3
22992,3
22995,6
22996,2
22998,3
22999,1
23001,1
23002,5
23004,1
23005,6
23008,4
23011,7
23012,3
23014,3
23015,1
23017,5
23018,2
23021,4
23024,2
23027,3
23028,2
23030,1
23031,1
23033,3
23034,1
23036,1
23037,7
23040,5
23043,6
23044,2
23046,4
23047,6
23049,7
23050,2
23052,2
23053,6
23056,4
23059,3
23060,1
23062,4
23063,2
23065,5
23066,3
23068,1
23069,4
23072,6
23075,8
23078,5
23079,4
23081,5
23082,3
23085,4
23088,9
23091,2
23092,1
23094,5
23095,3
23097,1
23098,6
23101,6
23104,10
23107,6
23110,3
23113,3
23114,3
23116,1
23117,3
23120,4
23123,9
23124,1
23126,3
23127,4
23129,2
23130,7
23133,7
23136,5
23139,5
23140,1
23142,4
23143,4
23145,4
23146,3
23149,4
23152,4
23155,2
23158,3
23159,1
23161,1
23162,1
23165,4
23168,5
23171,4
23172,1
23174,4
23175,1
23177,3
23178,6
23180,3
23181,4
23184,9
23187,5
23188,1
23190,1
23191,3
23193,1
23194,8
23196,6
23197,5
23200,3
23203,5
23204,1
23206,6
23207,3
23209,2
23210,6
23212,2
23213,5
23216,10
23219,7
23220,2
23222,6
23223,3
23225,3
23226,2
23228,2
23229,9
23232,8
23235,5
23236,2
23238,3
23241,3
23242,5
23244,1
23245,2
23248,11
23251,6
23252,3
23254,3
23255,4
23257,3
23258,5
23260,1
23261,4
23264,6
23267,12
23268,4
23270,3
23271,7
23273,3
23274,2
23277,6
23280,7
23283,7
23284,1
23286,4
23287,3
23289,3
23290,2
23292,4
23293,14
23296,10
23299,7
23300,2
23302,4
23303,5
23305,3
23306,7
23308,4
23309,2
23312,9
23315,7
23316,5
23318,4
23319,4
23321,5
23322,4
23324,2
23325,12
23328,13
23331,3
23332,2
23334,9
23335,1
23337,8
23338,6
23340,2
23341,5
23344,4
23347,8
23350,8
23351,3
23353,3
23354,3
23357,9
23360,5
23363,8
23364,2
23366,8
23367,4
23369,4
23370,6
23372,2
23373,5
23376,11
23379,6
23380,2
23382,2
23383,7
23385,2
23386,4
23388,2
23389,7
23392,8
23395,7
23396,2
23398,2
23399,3
23401,5
23402,9
23404,1
23405,11
23408,6
23411,6
23412,2
23414,5
23415,5
23417,4
23418,4
23420,3
23421,6
23424,14
23427,7
23428,1
23430,7
23431,4
23433,4
23434,4
23436,1
23437,10
23440,8
23443,11
23444,5
23446,10
23447,5
23449,2
23450,1
23452,2
23453,10
23456,11
23459,14
23460,3
23462,7
23463,5
23465,4
23466,5
23468,3
23469,9
23472,8
23475,7
23476,2
23478,5
23479,2
23481,6
23482,6
23484,1
23485,7
23488,8
23491,6
23494,7
23495,6
23497,6
23498,4
23500,2
23501,8
23504,16
23507,4
23510,5
23511,3
23513,5
23514,7
23517,7
23520,6
23523,13
23524,4
23526,4
23527,2
23529,4
23530,8
23532,1
23533,10
23536,12
23539,12
23542,11
23543,4
23545,3
23546,8
23548,2
23549,6
23552,8
23555,9
23556,1
23558,8
23559,2
23561,6
23562,6
23564,2
23565,11
23568,13
23571,6
23572,1
23574,7
23575,4
23577,4
23578,3
23580,3
23581,8
23584,12
23587,12
23588,4
23590,9
23591,4
23593,7
23594,10
23596,2
23597,4
23600,15
23603,13
23604,2
23606,10
23607,7
23610,6
23612,2
23613,9
23616,14
23619,10
23620,5
23622,2
23623,3
23625,8
23626,9
23628,1
23629,15
23632,17
23635,13
23638,8
23639,6
23641,10
23642,4
23644,1
23645,14
23648,11
23651,9
23652,1
23654,4
23655,4
23657,4
23658,10
23660,2
23661,5
23664,14
23667,10
23668,5
23670,7
23671,7
23673,2
23674,10
23676,3
23677,13
23680,7
23683,5
23684,2
23686,5
23687,9
23689,6
23690,4
23693,15
23696,10
23699,8
23700,3
23702,5
23703,7
23705,5
23706,8
23708,3
23709,7
23712,12
23715,15
23716,2
23718,7
23719,4
23721,7
23722,8
23724,2
23725,8
23728,20
23731,10
23732,2
23734,5
23735,4
23737,4
23738,6
23740,3
23741,12
23744,14
23747,13
23748,5
23750,5
23751,3
23753,8
23754,6
23756,4
23757,14
23760,15
23763,14
23766,16
23767,13
23769,6
23770,10
23772,1
23773,20
23776,16
23779,14
23780,1
23782,8
23783,3
23785,5
23786,4
23788,2
23789,4
23792,15
23795,12
23796,1
23798,8
23799,5
23801,6
23802,6
23804,4
23805,11
23808,13
23811,8
23812,1
23814,8
23815,10
23817,6
23818,10
23820,3
23821,11
23824,14
23827,8
23828,7
23830,8
23831,7
23833,10
23834,9
23836,2
23837,13
23840,19
23843,11
23844,4
23846,10
23847,7
23849,7
23850,13
23852,4
23853,15
23856,18
23859,12
23860,6
23862,8
23863,4
23865,7
23866,7
23868,2
23869,15
23872,16
23875,7
23876,3
23878,8
23879,2
23881,7
23882,9
23884,5
23885,14
23888,15
23891,11
23892,2
23894,11
23895,5
23897,7
23898,17
23901,20
23904,14
23907,19
23908,5
23910,8
23911,8
23913,4
23914,7
23916,2
23917,8
23920,18
23923,31
23924,3
23926,14
23927,3
23929,8
23930,13
23932,2
23933,12
23936,22
23939,15
23942,10
23943,12
23945,6
23946,15
23948,3
23949,15
23952,7
23955,17
23956,3
23958,10
23959,11
23961,2
23962,8
23964,5
23965,9
23968,28
23971,14
23972,3
23974,10
23975,5
23977,6
23978,9
23980,5
23981,14
23984,23
23987,18
23988,5
23990,5
23991,6
23993,2
23994,14
23996,5
23997,22
24000,11
24003,9
24004,1
24006,9
24007,8
24009,10
24010,15
24012,2
24013,19
24016,18
24019,11
24020,5
24022,8
24023,7
24025,6
24026,9
24028,5
24029,14
24032,18
24035,15
24036,4
24038,13
24039,6
24041,4
24042,16
24044,1
24045,14
24048,14
24051,19
24052,3
24054,16
24055,3
24057,10
24058,11
24060,4
24061,11
24064,15
24067,21
24068,8
24070,9
24071,7
24073,9
24074,11
24076,5
24077,21
24080,22
24083,16
24086,19
24087,7
24089,4
24090,12
24092,3
24093,16
24096,17
24099,19
24100,5
24102,9
24103,10
24105,3
24106,9
24108,5
24109,11
24112,28
24115,17
24118,18
24119,5
24121,6
24122,14
24124,5
24125,16
24128,19
24131,12
24132,6
24134,7
24135,7
24137,5
24138,13
24140,4
24141,12
24144,27
24147,10
24148,3
24150,12
24151,8
24153,9
24154,22
24156,2
24157,17
24160,17
24163,10
24164,4
24166,11
24167,7
24169,4
24170,8
24172,3
24173,15
24176,25
24179,18
24180,6
24182,11
24183,11
24185,7
24186,18
24188,2
24189,21
24192,16
24195,19
24196,6
24198,19
24199,6
24201,8
24202,9
24204,4
24205,15
24208,22
24211,12
24212,3
24214,10
24215,5
24217,5
24218,11
24220,7
24221,23
24224,20
24227,16
24228,6
24230,10
24231,8
24233,3
24234,16
24236,4
24237,13
24240,11
24243,21
24244,3
24246,19
24247,12
24249,8
24250,10
24252,6
24253,22
24256,20
24259,22
24260,5
24262,10
24263,7
24265,5
24266,8
24268,5
24269,14
24272,20
24275,14
24276,7
24278,11
24279,6
24281,7
24282,10
24284,4
24285,13
24288,19
24291,19
24292,4
24294,16
24295,8
24297,8
24298,17
24300,1
24301,11
24304,24
24307,15
24308,4
24310,11
24311,8
24313,6
24314,8
24316,4
24317,11
24320,23
24323,14
24324,6
24326,7
24327,9
24329,6
24330,12
24332,4
24333,17
24336,15
24339,15
24340,2
24342,12
24343,10
24345,3
24346,9
24348,10
24349,13
24352,14
24355,13
24356,8
24358,11
24359,11
24361,16
24362,10
24364,6
24365,20
24368,23
24371,18
24372,3
24374,10
24375,13
24377,6
24378,20
24380,4
24381,20
24384,15
24387,19
24388,2
24390,12
24391,6
24393,5
24394,5
24396,5
24397,19
24400,23
24403,18
24404,1
24406,14
24407,5
24409,8
24410,6
24412,7
24413,16
24416,11
24419,20
24420,4
24422,10
24423,10
24425,8
24426,12
24428,8
24429,22
24432,27
24435,14
24436,6
24438,20
24439,9
24441,8
24442,10
24444,5
24445,25
24448,24
24451,17
24452,1
24454,11
24455,5
24457,12
24458,9
24460,5
24461,12
24464,28
24467,13
24468,5
24470,10
24471,11
24473,8
24474,10
24476,3
24477,18
24480,21
24483,16
24484,6
24486,15
24487,8
24489,8
24490,10
24492,5
24493,22
24496,25
24499,23
24500,4
24502,15
24503,8
24505,7
24506,15
24508,5
24509,16
24512,26
24515,26
24516,4
24518,12
24519,13
24521,8
24522,14
24524,2
24525,25
24528,32
24531,15
24532,3
24534,17
24535,9
24537,3
24538,13
24540,4
24541,11
24544,27
24547,24
24548,5
24550,29
24551,7
24553,8
24554,24
24556,1
24557,12
24560,25
24563,19
24564,2
24566,23
24567,8
24569,7
24570,9
24572,4
24573,25
24576,23
24579,21
24580,2
24582,13
24583,13
24585,12
24586,17
24588,8
24589,21
24592,26
24595,19
24596,8
24598,23
24599,8
24601,5
24602,12
24604,7
24605,23
24608,17
24611,15
24612,5
24614,15
24615,11
24617,10
24618,17
24620,1
24621,18
24624,20
24627,22
24628,4
24630,12
24631,8
24633,12
24634,14
24636,6
24637,23
24640,25
24643,17
24644,4
24646,23
24647,8
24649,6
24650,18
24652,2
24653,23
24656,19
24659,15
24660,3
24662,18
24663,8
24665,10
24666,10
24668,5
24669,15
24672,23
24675,26
24676,9
24678,8
24679,12
24681,5
24682,8
24684,6
24685,13
24688,31
24691,18
24692,7
24694,17
24695,10
24697,5
24698,6
24700,4
24701,22
24704,17
24707,17
24708,5
24710,13
24711,11
24713,14
24714,12
24716,4
24717,20
24720,27
24723,21
24724,3
24726,11
24727,5
24729,3
24730,14
24732,1
24733,19
24736,18
24739,12
24740,4
24742,14
24743,6
24745,8
24746,15
24748,6
24749,17
24752,19
24755,18
24756,6
24758,14
24759,9
24761,8
24762,10
24764,7
24765,16
24768,32
24771,17
24772,1
24774,14
24775,3
24777,15
24778,15
24780,4
24781,9
24784,24
24787,25
24788,2
24790,14
24791,9
24793,4
24794,5
24796,4
24797,30
24800,20
24803,22
24804,5
24806,15
24807,8
24809,17
24810,15
24812,6
24813,17
24816,24
24819,16
24820,3
24822,15
24823,7
24825,10
24826,18
24828,3
24829,20
24832,19
24835,24
24836,6
24838,8
24839,8
24841,7
24842,12
24844,4
24845,16
24848,30
24851,17
24852,8
24854,16
24855,8
24857,10
24858,15
24860,5
24861,17
24864,26
24867,19
24868,6
24870,14
24871,15
24873,11
24874,20
24876,3
24877,7
24880,23
24883,18
24884,3
24886,13
24887,6
24889,9
24890,14
24892,1
24893,22
24896,21
24899,17
24900,3
24902,18
24903,11
24905,7
24906,20
24908,7
24909,26
24912,26
24915,17
24916,5
24918,10
24919,15
24921,9
24922,21
24924,4
24925,26
24928,22
24931,22
24932,9
24934,13
24935,12
24937,8
24938,11
24940,5
24941,19
24944,30
24947,20
24948,5
24950,12
24951,7
24953,8
24954,10
24956,5
24957,25
24960,32
24963,26
24964,6
24966,12
24967,8
24969,11
24970,11
24972,2
24973,20
24976,31
24979,21
24980,9
24982,13
24983,7
24985,16
24986,14
24988,8
24989,15
24992,28
24995,23
24996,7
24998,13
24999,6
25001,9
25002,17
25004,9
25005,21
25008,26
25011,20
25012,3
25014,23
25015,8
25017,15
25018,17
25020,2
25021,18
25024,22
25027,16
25028,8
25030,16
25031,7
25033,9
25034,17
25036,7
25037,11
25040,36
25043,21
25044,3
25046,11
25047,10
25049,14
25050,11
25052,3
25053,25
25056,28
25059,23
25060,5
25062,13
25063,13
25065,11
25066,15
25068,4
25069,23
25072,27
25075,20
25076,1
25078,13
25079,12
25081,8
25082,15
25084,5
25085,19
25088,15
25091,20
25092,12
25094,19
25095,7
25097,19
25098,16
25100,7
25101,17
25104,33
25107,10
25108,5
25110,18
25111,14
25113,9
25114,14
25116,10
25117,27
25120,23
25123,13
25124,4
25126,20
25127,5
25129,11
25130,20
25132,3
25133,20
25136,25
25139,24
25140,3
25142,19
25143,10
25145,8
25146,12
25148,6
25149,17
25152,28
25155,22
25156,6
25158,18
25159,13
25161,5
25162,10
25164,4
25165,17
25168,19
25171,18
25172,2
25174,11
25175,10
25177,14
25178,15
25180,7
25181,21
25184,28
25187,19
25188,6
25190,13
25191,10
25193,12
25194,13
25196,6
25197,17
25200,28
25203,27
25204,10
25206,22
25207,7
25209,9
25210,9
25212,9
25213,35
25216,20
25219,32
25220,8
25222,13
25223,11
25225,18
25226,13
25228,3
25229,19
25232,45
25235,20
25236,4
25238,19
25239,9
25241,16
25242,17
25244,7
25245,25
25248,21
25251,19
25252,4
25254,28
25255,9
25257,8
25258,17
25260,6
25261,18
25264,29
25267,22
25268,3
25270,21
25271,10
25273,16
25274,14
25276,8
25277,23
25280,25
25283,27
25284,8
25286,18
25287,9
25289,7
25290,16
25292,7
25293,27
25296,24
25299,7
25300,7
25302,12
25303,7
25305,10
25306,19
25308,9
25309,24
25312,28
25315,27
25316,5
25318,18
25319,5
25321,17
25322,21
25324,2
25325,19
25328,28
25331,23
25332,9
25334,16
25335,11
25337,11
25338,12
25340,5
25341,24
25344,22
25347,21
25348,4
25350,15
25351,14
25353,9
25354,15
25356,5
25357,18
25360,29
25363,25
25364,6
25366,19
25367,9
25369,6
25370,8
25372,1
25373,25
25376,37
25379,27
25380,6
25382,14
25383,15
25385,9
25386,16
25388,3
25389,15
25392,29
25395,15
25396,11
25398,25
25399,13
25401,11
25402,24
25404,7
25405,21
25408,37
25411,19
25412,5
25414,21
25415,17
25417,7
25418,14
25420,8
25421,18
25424,29
25427,20
25428,5
25430,17
25431,10
25433,22
25434,15
25436,5
25437,15
25440,27
25443,20
25444,7
25446,20
25447,20
25449,10
25450,15
25452,3
25453,21
25456,30
25459,26
25460,5
25462,12
25463,15
25465,8
25466,16
25468,11
25469,21
25472,32
25475,23
25476,5
25478,11
25479,12
25481,10
25482,15
25484,3
25485,25
25488,37
25491,32
25492,3
25494,16
25495,15
25497,14
25498,17
25500,8
25501,24
25504,30
25507,24
25508,6
25510,21
25511,10
25513,14
25514,15
25516,7
25517,19
25520,36
25523,30
25524,8
25526,13
25527,16
25529,4
25530,12
25532,7
25533,19
25536,28
25539,27
25540,6
25542,14
25543,7
25545,10
25546,19
25548,6
25549,25
25552,37
25555,17
25556,6
25558,18
25559,9
25561,11
25562,23
25564,7
25565,20
25568,22
25571,21
25572,9
25574,20
25575,11
25577,14
25578,18
25580,6
25581,18
25584,30
25587,18
25588,5
25590,25
25591,17
25593,5
25594,18
25596,3
25597,24
25600,28
25603,25
25604,3
25606,15
25607,9
25609,13
25610,13
25612,6
25613,23
25616,45
25619,19
25620,4
25622,24
25623,11
25625,9
25626,18
25628,6
25629,26
25632,23
25635,17
25636,7
25638,18
25639,15
25641,16
25642,16
25644,9
25645,27
25648,41
25651,13
25652,9
25654,20
25655,16
25657,10
25658,16
25660,7
25661,32
25664,38
25667,26
25668,7
25670,8
25671,11
25673,14
25674,15
25676,7
25677,28
25680,28
25683,22
25684,4
25686,23
25687,12
25689,12
25690,19
25692,6
25693,28
25696,23
25699,34
25700,6
25702,17
25703,12
25705,13
25706,20
25708,4
25709,21
25712,30
25715,24
25716,4
25718,21
25719,10
25721,12
25722,19
25724,9
25725,25
25728,37
25731,22
25732,5
25734,17
25735,12
25737,14
25738,28
25740,6
25741,23
25744,44
25747,19
25748,4
25750,15
25751,14
25753,15
25754,20
25756,8
25757,35
25760,30
25763,29
25764,6
25766,17
25767,13
25769,13
25770,22
25772,5
25773,16
25776,22
25779,24
25780,7
25782,10
25783,18
25785,5
25786,11
25788,7
25789,25
25792,22
25795,27
25796,7
25798,21
25799,11
25801,9
25802,26
25804,4
25805,21
25808,34
25811,20
25812,6
25814,18
25815,12
25817,10
25818,21
25820,8
25821,27
25824,30
25827,25
25828,5
25830,8
25831,15
25833,16
25834,17
25836,9
25837,19
25840,33
25843,24
25844,8
25846,25
25847,12
25849,7
25850,13
25852,5
25853,30
25856,29
25859,26
25860,7
25862,12
25863,12
25865,15
25866,17
25868,8
25869,17
25872,27
25875,23
25876,5
25878,16
25879,9
25881,17
25882,26
25884,9
25885,33
25888,24
25891,26
25892,4
25894,13
25895,9
25897,14
25898,29
25900,4
25901,20
25904,17
25907,18
25908,11
25910,12
25911,9
25913,12
25914,15
25916,8
25917,25
25920,39
25923,23
25924,9
25926,20
25927,13
25929,21
25930,10
25932,3
25933,16
25936,26
25939,23
25940,7
25942,25
25943,8
25945,10
25946,16
25948,10
25949,20
25952,30
25955,28
25956,6
25958,14
25959,13
25961,8
25962,10
25964,6
25965,34
25968,26
25971,27
25972,6
25974,15
25975,19
25977,9
25978,10
25980,6
25981,28
25984,27
25987,21
25988,6
25990,22
25991,9
25993,12
25994,23
25996,8
25997,21
26000,33
26003,20
26004,5
26006,17
26007,9
26009,14
26010,26
26012,12
26013,29
26016,30
26019,19
26020,9
26022,11
26023,10
26025,16
26026,18
26028,3
26029,33
26032,32
26035,23
26036,4
26038,20
26039,18
26041,17
26042,16
26044,4
26045,20
26048,32
26051,21
26052,10
26054,11
26055,20
26057,14
26058,18
26060,5
26061,29
26064,30
26067,23
26068,4
26070,13
26071,9
26073,19
26074,17
26076,7
26077,25
26080,30
26083,38
26084,3
26086,16
26087,20
26089,11
26090,25
26092,1
26093,25
26096,31
26099,21
26100,1
26102,24
26103,10
26105,11
26106,19
26108,9
26109,28
26112,27
26115,24
26116,6
26118,13
26119,17
26121,14
26122,19
26124,7
26125,22
26128,31
26131,25
26132,4
26134,22
26135,20
26137,12
26138,21
26140,6
26141,24
26144,31
26147,31
26148,7
26150,24
26151,13
26153,13
26154,26
26156,4
26157,25
26160,29
26163,26
26164,6
26166,14
26167,16
26169,10
26170,14
26172,10
26173,29
26176,24
26179,16
26180,11
26182,12
26183,13
26185,18
26186,18
26188,7
26189,17
26192,25
26195,25
26196,9
26198,21
26199,11
26201,9
26202,18
26204,4
26205,23
26208,30
26211,22
26212,7
26214,12
26215,22
26217,10
26218,22
26220,8
26221,24
26224,40
26227,20
26228,6
26230,17
26231,14
26233,13
26234,18
26236,8
26237,20
26240,27
26243,24
26244,5
26246,23
26247,8
26249,11
26250,27
26252,5
26253,26
26256,36
26259,31
26260,7
26262,25
26263,16
26265,12
26266,14
26268,1
26269,41
26272,23
26275,20
26276,6
26278,19
26279,14
26281,11
26282,19
26284,5
26285,27
26288,31
26291,33
26292,2
26294,24
26295,18
26297,12
26298,24
26300,3
26301,32
26304,29
26307,20
26308,7
26310,16
26311,15
26313,14
26314,16
26316,3
26317,33
26320,43
26323,31
26324,7
26326,19
26327,8
26329,18
26330,12
26332,4
26333,27
26336,30
26339,25
26340,10
26342,15
26343,10
26345,17
26346,17
26348,8
26349,25
26352,26
26355,13
26356,3
26358,18
26359,11
26361,12
26362,15
26364,9
26365,24
26368,34
26371,27
26372,4
26374,18
26375,9
26377,9
26378,14
26380,4
26381,24
26384,38
26387,26
26388,6
26390,13
26391,12
26393,16
26394,16
26396,5
26397,25
26400,27
26403,35
26404,7
26406,19
26407,8
26409,11
26410,17
26412,5
26413,24
26416,32
26419,22
26420,4
26422,20
26423,12
26425,10
26426,24
26428,8
26429,25
26432,33
26435,22
26436,9
26438,21
26439,9
26441,11
26442,17
26444,2
26445,23
26448,38
26451,30
26452,8
26454,20
26455,16
26457,14
26458,19
26460,3
26461,21
26464,34
26467,21
26468,5
26470,19
26471,10
26473,21
26474,19
26476,7
26477,30
26480,30
26483,33
26484,4
26486,17
26487,16
26489,11
26490,15
26492,6
26493,25
26496,46
26499,37
26500,7
26502,21
26503,20
26505,11
26506,12
26508,12
26509,26
26512,22
26515,30
26516,7
26518,21
26519,12
26521,15
26522,19
26524,7
26525,23
26528,31
26531,34
26532,8
26534,17
26535,15
26537,13
26538,23
26540,13
26541,15
26544,42
26547,22
26548,6
26550,28
26551,20
26553,15
26554,14
26556,10
26557,24
26560,39
26563,33
26564,6
26566,16
26567,17
26569,14
26570,34
26572,5
26573,29
26576,45
26579,26
26580,1
26582,20
26583,16
26585,15
26586,32
26588,8
26589,30
26592,27
26595,22
26596,11
26598,17
26599,13
26601,13
26602,30
26604,9
26605,29
26608,26
26611,18
26612,4
26614,25
26615,10
26617,18
26618,16
26620,7
26621,23
26624,26
26627,36
26628,9
26630,17
26631,7
26633,6
26634,18
26636,13
26637,29
26640,43
26643,29
26644,8
26646,22
26647,12
26649,10
26650,13
26652,5
26653,27
26656,24
26659,30
26660,3
26662,15
26663,11
26665,15
26666,22
26668,5
26669,29
26672,35
26675,31
26676,10
26678,20
26679,13
26681,10
26682,15
26684,6
26685,29
26688,30
26691,24
26692,7
26694,20
26695,24
26697,6
26698,24
26700,4
26701,19
26704,30
26707,28
26708,7
26710,21
26711,13
26713,8
26714,14
26716,6
26717,21
26720,36
26723,23
26724,6
26726,19
26727,11
26729,13
26730,28
26732,8
26733,19
26736,27
26739,18
26740,5
26742,23
26743,12
26745,11
26746,19
26748,7
26749,23
26752,28
26755,25
26756,7
26758,19
26759,8
26761,15
26762,18
26764,9
26765,27
26768,27
26771,27
26772,4
26774,24
26775,7
26777,9
26778,20
26780,9
26781,21
26784,25
26787,30
26788,6
26790,27
26791,11
26793,12
26794,19
26796,9
26797,27
26800,35
26803,29
26804,8
26806,21
26807,13
26809,13
26810,35
26812,7
26813,31
26816,31
26819,39
26820,6
26822,19
26823,17
26825,11
26826,26
26828,4
26829,17
26832,40
26835,22
26836,3
26838,20
26839,15
26841,13
26842,15
26844,7
26845,28
26848,35
26851,27
26852,9
26854,15
26855,14
26857,17
26858,22
26860,8
26861,26
26864,35
26867,24
26868,5
26870,23
26871,21
26873,9
26874,16
26876,6
26877,31
26880,31
26883,28
26884,5
26886,17
26887,16
26889,9
26890,27
26892,7
26893,16
26896,39
26899,17
26900,8
26902,16
26903,12
26905,13
26906,10
26908,3
26909,30
26912,28
26915,24
26916,8
26918,22
26919,11
26921,16
26922,15
26924,8
26925,31
26928,30
26931,31
26932,7
26934,17
26935,12
26937,14
26938,8
26940,3
26941,27
26944,32
26947,35
26948,7
26950,22
26951,16
26953,17
26954,17
26956,6
26957,27
26960,39
26963,35
26964,6
26966,23
26967,15
26969,17
26970,22
26972,2
26973,30
26976,32
26979,28
26980,9
26982,12
26983,9
26985,16
26986,20
26988,6
26989,35
26992,43
26995,31
26996,4
26998,15
26999,22
27001,15
27002,18
27004,7
27005,20
27008,28
27011,25
27012,12
27014,24
27015,18
27017,16
27018,31
27020,9
27021,24
27024,34
27027,22
27028,6
27030,13
27031,13
27033,16
27034,14
27036,8
27037,22
27040,27
27043,19
27044,8
27046,13
27047,17
27049,10
27050,19
27052,10
27053,26
27056,33
27059,30
27060,5
27062,21
27063,12
27065,14
27066,19
27068,1
27069,31
27072,35
27075,31
27076,6
27078,17
27079,11
27081,10
27082,17
27084,5
27085,30
27088,32
27091,22
27092,12
27094,18
27095,12
27097,13
27098,14
27100,9
27101,33
27104,34
27107,33
27108,5
27110,14
27111,17
27113,13
27114,28
27116,10
27117,26
27120,23
27123,26
27124,9
27126,19
27127,12
27129,9
27130,15
27132,3
27133,27
27136,35
27139,29
27140,4
27142,17
27143,10
27145,9
27146,18
27148,4
27149,26
27152,25
27155,29
27156,8
27158,24
27159,11
27161,10
27162,20
27164,6
27165,21
27168,26
27171,34
27172,2
27174,14
27175,14
27177,11
27178,25
27180,5
27181,23
27184,49
27187,15
27188,10
27190,14
27191,9
27193,6
27194,20
27196,6
27197,31
27200,33
27203,26
27204,5
27206,23
27207,12
27209,14
27210,28
27212,6
27213,17
27216,31
27219,27
27220,7
27222,28
27223,13
27225,11
27226,24
27228,10
27229,35
27232,33
27235,31
27236,12
27238,25
27239,12
27241,13
27242,18
27244,8
27245,22
27248,43
27251,26
27252,6
27254,18
27255,16
27257,15
27258,24
27260,6
27261,42
27264,30
27267,30
27268,6
27270,22
27271,16
27273,15
27274,22
27276,5
27277,19
27280,40
27283,23
27284,9
27286,18
27287,15
27289,13
27290,22
27292,7
27293,41
27296,25
27299,23
27300,3
27302,15
27303,17
27305,10
27306,24
27308,2
27309,28
27312,37
27315,30
27316,7
27318,19
27319,13
27321,10
27322,27
27324,10
27325,31
27328,29
27331,24
27332,2
27334,15
27335,12
27337,14
27338,21
27340,6
27341,21
27344,30
27347,27
27348,8
27350,20
27351,22
27353,13
27354,17
27356,6
27357,29
27360,33
27363,27
27364,7
27366,19
27367,11
27369,18
27370,17
27372,7
27373,32
27376,38
27379,33
27380,4
27382,19
27383,25
27385,14
27386,18
27388,11
27389,29
27392,35
27395,25
27396,8
27398,15
27399,19
27401,13
27402,33
27404,6
27405,20
27408,40
27411,18
27412,3
27414,21
27415,12
27417,11
27418,24
27420,4
27421,28
27424,20
27427,40
27428,7
27430,18
27431,15
27433,13
27434,28
27436,5
27437,27
27440,35
27443,32
27444,7
27446,23
27447,13
27449,11
27450,20
27452,6
27453,20
27456,44
27459,30
27460,7
27462,17
27463,11
27465,12
27466,25
27468,2
27469,23
27472,37
27475,23
27476,6
27478,15
27479,19
27481,13
27482,19
27484,7
27485,21
27488,32
27491,21
27492,9
27494,20
27495,11
27497,18
27498,30
27500,2
27501,28
27504,44
27507,22
27508,3
27510,22
27511,7
27513,12
27514,13
27516,5
27517,21
27520,22
27523,23
27524,8
27526,27
27527,16
27529,18
27530,14
27532,10
27533,26
27536,26
27539,29
27540,3
27542,24
27543,7
27545,11
27546,15
27548,7
27549,33
27552,32
27555,24
27556,4
27558,22
27559,11
27561,16
27562,19
27564,8
27565,22
27568,29
27571,24
27572,4
27574,17
27575,12
27577,13
27578,16
27580,6
27581,41
27584,35
27587,28
27588,5
27590,15
27591,10
27593,10
27594,28
27596,5
27597,32
27600,43
27603,29
27604,8
27606,14
27607,12
27609,13
27610,21
27612,4
27613,26
27616,34
27619,25
27620,10
27622,27
27623,13
27625,13
27626,22
27628,4
27629,25
27632,47
27635,21
27636,3
27638,22
27639,15
27641,13
27642,22
27644,9
27645,30
27648,27
27651,37
27652,7
27654,19
27655,9
27657,12
27658,22
27660,11
27661,23
27664,33
27667,25
27668,3
27670,18
27671,9
27673,18
27674,19
27676,7
27677,19
27680,28
27683,32
27684,6
27686,15
27687,9
27689,11
27690,17
27692,8
27693,29
27696,37
27699,18
27700,5
27702,22
27703,13
27705,16
27706,13
27708,4
27709,42
27712,24
27715,20
27716,5
27718,11
27719,8
27721,17
27722,22
27724,9
27725,19
27728,43
27731,29
27732,7
27734,22
27735,15
27737,10
27738,21
27740,6
27741,34
27744,39
27747,26
27748,4
27750,12
27751,15
27753,16
27754,25
27756,6
27757,14
27760,42
27763,30
27764,8
27766,31
27767,16
27769,15
27770,21
27772,7
27773,25
27776,25
27779,26
27780,4
27782,24
27783,13
27785,17
27786,20
27788,6
27789,20
27792,33
27795,23
27796,5
27798,16
27799,14
27801,10
27802,12
27804,11
27805,29
27808,27
27811,34
27812,6
27814,18
27815,16
27817,17
27818,16
27820,6
27821,21
27824,36
27827,35
27828,6
27830,20
27831,17
27833,5
27834,21
27836,4
27837,25
27840,28
27843,38
27844,9
27846,13
27847,21
27849,20
27850,17
27852,5
27853,29
27856,33
27859,21
27860,6
27862,21
27863,17
27865,15
27866,16
27868,7
27869,33
27872,40
27875,33
27876,5
27878,28
27879,18
27881,20
27882,22
27884,6
27885,21
27888,27
27891,22
27892,10
27894,23
27895,16
27897,12
27898,23
27900,7
27901,33
27904,24
27907,29
27908,9
27910,15
27911,15
27913,9
27914,21
27916,7
27917,20
27920,23
27923,34
27924,9
27926,19
27927,14
27929,14
27930,16
27932,7
27933,22
27936,35
27939,29
27940,8
27942,20
27943,8
27945,15
27946,25
27948,8
27949,25
27952,40
27955,27
27956,5
27958,22
27959,10
27961,12
27962,7
27964,5
27965,42
27968,30
27971,24
27972,4
27974,19
27975,9
27977,16
27978,16
27980,6
27981,27
27984,39
27987,26
27988,4
27990,24
27991,20
27993,15
27994,20
27996,8
27997,28
28000,37
28003,27
28004,7
28006,13
28007,8
28009,12
28010,16
28012,10
28013,24
28016,34
28019,26
28020,7
28022,25
28023,18
28025,18
28026,15
28028,5
28029,18
28032,29
28035,31
28036,8
28038,14
28039,10
28041,16
28042,19
28044,1
28045,20
28048,52
28051,17
28052,8
28054,17
28055,16
28057,16
28058,18
28060,7
28061,37
28064,29
28067,34
28068,6
28070,19
28071,13
28073,8
28074,26
28076,6
28077,28
28080,39
28083,18
28084,9
28086,22
28087,7
28089,10
28090,16
28092,6
28093,32
28096,38
28099,30
28100,8
28102,23
28103,8
28105,15
28106,20
28108,3
28109,29
28112,35
28115,29
28116,8
28118,24
28119,14
28121,11
28122,24
28124,6
28125,31
28128,33
28131,29
28132,6
28134,16
28135,11
28137,15
28138,16
28140,8
28141,25
28144,33
28147,19
28148,8
28150,20
28151,11
28153,16
28154,21
28156,8
28157,31
28160,32
28163,26
28164,2
28166,15
28167,14
28169,11
28170,25
28172,7
28173,27
28176,42
28179,26
28180,3
28182,21
28183,16
28185,17
28186,19
28188,13
28189,42
28192,30
28195,29
28196,5
28198,12
28199,13
28201,10
28202,21
28204,9
28205,19
28208,31
28211,15
28212,6
28214,27
28215,13
28217,8
28218,22
28220,5
28221,31
28224,43
28227,26
28228,8
28230,17
28231,13
28233,17
28234,27
28236,3
28237,26
28240,38
28243,27
28244,2
28246,22
28247,15
28249,9
28250,17
28252,9
28253,27
28256,36
28259,21
28260,6
28262,17
28263,19
28265,13
28266,21
28268,7
28269,28
28272,31
28275,22
28276,5
28278,15
28279,16
28281,11
28282,20
28284,6
28285,26
28288,27
28291,22
28292,4
28294,19
28295,16
28297,14
28298,19
28300,10
28301,28
28304,31
28307,34
28308,9
28310,15
28311,14
28313,13
28314,21
28316,16
28317,33
28320,21
28323,25
28324,4
28326,14
28327,11
28329,16
28330,16
28332,4
28333,32
28336,40
28339,24
28340,10
28342,20
28343,18
28345,15
28346,12
28348,8
28349,25
28352,21
28355,28
28356,7
28358,19
28359,13
28361,15
28362,26
28364,7
28365,30
28368,23
28371,23
28372,6
28374,14
28375,15
28377,11
28378,25
28380,4
28381,27
28384,46
28387,35
28388,9
28390,14
28391,19
28393,12
28394,11
28396,3
28397,29
28400,30
28403,29
28404,7
28406,22
28407,15
28409,5
28410,20
28412,4
28413,21
28416,39
28419,22
28420,4
28422,27
28423,12
28425,11
28426,15
28428,7
28429,20
28432,28
28435,24
28436,5
28438,13
28439,22
28441,12
28442,8
28444,5
28445,27
28448,39
28451,27
28452,6
28454,20
28455,14
28457,12
28458,23
28460,6
28461,29
28464,37
28467,28
28468,9
28470,14
28471,11
28473,8
28474,22
28476,10
28477,27
28480,31
28483,29
28484,8
28486,15
28487,13
28489,16
28490,27
28492,8
28493,30
28496,36
28499,19
28500,7
28502,19
28503,9
28505,19
28506,21
28508,6
28509,35
28512,31
28515,43
28516,9
28518,20
28519,9
28521,17
28522,18
28524,4
28525,23
28528,24
28531,23
28532,6
28534,25
28535,14
28537,14
28538,19
28540,5
28541,27
28544,21
28547,30
28548,8
28550,25
28551,20
28553,17
28554,31
28556,5
28557,21
28560,29
28563,31
28564,10
28566,19
28567,11
28569,16
28570,24
28572,13
28573,29
28576,29
28579,34
28580,8
28582,10
28583,8
28585,18
28586,16
28588,9
28589,22
28592,33
28595,31
28596,12
28598,15
28599,14
28601,8
28602,15
28604,6
28605,24
28608,36
28611,24
28612,5
28614,20
28615,16
28617,16
28618,23
28620,7
28621,21
28624,38
28627,25
28628,6
28630,25
28631,17
28633,21
28634,31
28636,6
28637,28
28640,25
28643,28
28644,4
28646,21
28647,15
28649,18
28650,31
28652,5
28653,39
28656,36
28659,16
28660,6
28662,17
28663,12
28665,16
28666,15
28668,7
28669,26
28672,45
28675,23
28676,5
28678,24
28679,15
28681,17
28682,16
28684,3
28685,27
28688,42
28691,27
28692,6
28694,19
28695,17
28697,13
28698,22
28700,9
28701,40
28704,32
28707,31
28708,6
28710,22
28711,12
28713,23
28714,19
28716,8
28717,19
28720,26
28723,14
28724,5
28726,27
28727,8
28729,9
28730,15
28732,4
28733,30
28736,47
28739,34
28740,3
28742,22
28743,15
28745,19
28746,24
28748,6
28749,27
28752,39
28755,32
28756,7
28758,31
28759,18
28761,9
28762,18
28764,6
28765,33
28768,28
28771,36
28772,7
28774,21
28775,3
28777,11
28778,23
28780,7
28781,32
28784,41
28787,33
28788,10
28790,17
28791,16
28793,11
28794,13
28796,6
28797,25
28800,28
28803,30
28804,10
28806,20
28807,11
28809,15
28810,27
28812,10
28813,30
28816,40
28819,20
28820,7
28822,17
28823,19
28825,10
28826,18
28828,7
28829,33
28832,42
28835,24
28836,7
28838,20
28839,20
28841,21
28842,18
28844,5
28845,30
28848,41
28851,17
28852,7
28854,20
28855,22
28857,9
28858,23
28860,8
28861,30
28864,31
28867,33
28868,5
28870,20
28871,12
28873,15
28874,23
28876,8
28877,30
28880,36
28883,23
28884,5
28886,23
28887,14
28889,7
28890,11
28892,11
28893,29
28896,33
28899,32
28900,8
28902,19
28903,15
28905,13
28906,23
28908,4
28909,20
28912,34
28915,23
28916,10
28918,19
28919,11
28921,12
28922,23
28924,7
28925,31
28928,46
28931,30
28932,7
28934,20
28935,8
28937,13
28938,22
28940,16
28941,24
28944,28
28947,21
28948,5
28950,26
28951,14
28953,20
28954,8
28956,9
28957,35
28960,32
28963,35
28964,5
28966,20
28967,10
28969,15
28970,17
28972,7
28973,21
28976,33
28979,24
28980,8
28982,22
28983,11
28985,14
28986,26
28988,6
28989,26
28992,38
28995,23
28996,8
28998,12
28999,10
29001,13
29002,16
29004,7
29005,27
29008,37
29011,22
29012,9
29014,29
29015,11
29017,8
29018,18
29020,6
29021,29
29024,31
29027,28
29028,9
29030,15
29031,14
29033,13
29034,16
29036,7
29037,25
29040,33
29043,26
29044,4
29046,19
29047,15
29049,14
29050,18
29052,13
29053,27
29056,32
29059,32
29060,10
29062,20
29063,14
29065,12
29066,21
29068,4
29069,32
29072,35
29075,24
29076,5
29078,24
29079,12
29081,14
29082,14
29084,5
29085,24
29088,22
29091,28
29092,5
29094,16
29095,18
29097,15
29098,20
29100,4
29101,27
29104,28
29107,17
29108,7
29110,30
29111,15
29113,13
29114,16
29116,7
29117,27
29120,33
29123,33
29124,7
29126,23
29127,16
29129,14
29130,24
29132,8
29133,29
29136,40
29139,25
29140,11
29142,25
29143,21
29145,15
29146,20
29148,8
29149,33
29152,23
29155,38
29156,8
29158,11
29159,14
29161,13
29162,12
29164,5
29165,30
29168,36
29171,27
29172,4
29174,21
29175,17
29177,13
29178,18
29180,7
29181,33
29184,29
29187,26
29188,5
29190,20
29191,17
29193,23
29194,20
29196,6
29197,28
29200,24
29203,20
29204,5
29206,20
29207,13
29209,7
29210,17
29212,12
29213,30
29216,38
29219,29
29220,7
29222,21
29223,13
29225,12
29226,21
29228,3
29229,29
29232,33
29235,24
29236,4
29238,21
29239,13
29241,9
29242,22
29244,9
29245,24
29248,27
29251,26
29252,4
29254,17
29255,12
29257,12
29258,22
29260,4
29261,12
29264,27
29267,25
29268,7
29270,22
29271,18
29273,12
29274,14
29276,9
29277,27
29280,31
29283,25
29284,5
29286,22
29287,15
29289,11
29290,22
29292,7
29293,36
29296,44
29299,24
29300,6
29302,16
29303,11
29305,17
29306,19
29308,8
29309,31
29312,32
29315,27
29316,6
29318,17
29319,10
29321,14
29322,15
29324,3
29325,17
29328,36
29331,39
29332,4
29334,18
29335,14
29337,17
29338,21
29340,9
29341,23
29344,43
29347,26
29348,11
29350,22
29351,18
29353,15
29354,26
29356,3
29357,23
29360,35
29363,26
29364,7
29366,35
29367,16
29369,10
29370,18
29372,4
29373,22
29376,29
29379,22
29380,4
29382,22
29383,12
29385,13
29386,17
29388,9
29389,25
29392,23
29395,23
29396,12
29398,25
29399,12
29401,17
29402,22
29404,6
29405,30
29408,35
29411,31
29412,6
29414,20
29415,15
29417,9
29418,13
29420,10
29421,30
29424,37
29427,31
29428,8
29430,22
29431,11
29433,10
29434,18
29436,7
29437,22
29440,41
29443,28
29444,8
29446,21
29447,11
29449,10
29450,13
29452,8
29453,30
29456,32
29459,27
29460,4
29462,19
29463,11
29465,13
29466,15
29468,6
29469,28
29472,24
29475,35
29476,5
29478,24
29479,14
29481,18
29482,22
29484,1
29485,18
29488,39
29491,32
29492,8
29494,14
29495,13
29497,9
29498,16
29500,4
29501,21
29504,27
29507,24
29508,4
29510,17
29511,11
29513,17
29514,14
29516,6
29517,17
29520,36
29523,26
29524,3
29526,24
29527,8
29529,8
29530,18
29532,9
29533,23
29536,31
29539,34
29540,8
29542,24
29543,6
29545,12
29546,18
29548,1
29549,29
29552,32
29555,21
29556,5
29558,16
29559,21
29561,12
29562,18
29564,7
29565,15
29568,26
29571,27
29572,3
29574,18
29575,14
29577,13
29578,21
29580,7
29581,30
29584,26
29587,23
29588,4
29590,18
29591,15
29593,13
29594,22
29596,3
29597,19
29600,34
29603,29
29604,13
29606,12
29607,12
29609,13
29610,16
29612,5
29613,15
29616,36
29619,23
29620,4
29622,14
29623,14
29625,12
29626,14
29628,7
29629,21
29632,35
29635,19
29636,11
29638,18
29639,15
29641,16
29642,26
29644,5
29645,21
29648,38
29651,17
29652,6
29654,21
29655,11
29657,12
29658,17
29660,3
29661,28
29664,26
29667,20
29668,11
29670,22
29671,6
29673,14
29674,23
29676,6
29677,26
29680,42
29683,23
29684,7
29686,16
29687,15
29689,10
29690,13
29692,6
29693,21
29696,28
29699,21
29700,3
29702,15
29703,9
29705,17
29706,21
29708,9
29709,25
29712,39
29715,25
29716,5
29718,21
29719,18
29721,8
29722,18
29724,8
29725,23
29728,27
29731,26
29732,7
29734,20
29735,10
29737,8
29738,16
29740,6
29741,24
29744,28
29747,14
29748,6
29750,25
29751,20
29753,9
29754,19
29756,9
29757,20
29760,26
29763,25
29764,4
29766,20
29767,18
29769,14
29770,17
29772,5
29773,17
29776,24
29779,24
29780,7
29782,19
29783,12
29785,8
29786,14
29788,10
29789,25
29792,34
29795,27
29796,3
29798,13
29799,11
29801,15
29802,15
29804,2
29805,18
29808,26
29811,16
29812,5
29814,21
29815,12
29817,8
29818,6
29820,6
29821,27
29824,25
29827,22
29828,4
29830,20
29831,8
29833,16
29834,12
29836,7
29837,21
29840,34
29843,28
29844,4
29846,20
29847,11
29849,10
29850,16
29852,6
29853,17
29856,18
29859,23
29860,7
29862,22
29863,10
29865,5
29866,15
29868,3
29869,19
29872,32
29875,26
29876,5
29878,17
29879,10
29881,9
29882,13
29884,7
29885,37
29888,27
29891,23
29892,7
29894,21
29895,6
29897,8
29898,19
29900,5
29901,20
29904,27
29907,21
29908,7
29910,18
29911,11
29913,7
29914,23
29916,5
29917,23
29920,33
29923,28
29924,5
29926,18
29927,12
29929,12
29930,19
29932,6
29933,21
29936,21
29939,20
29940,7
29942,11
29943,13
29945,12
29946,22
29948,6
29949,23
29952,19
29955,25
29956,2
29958,20
29959,11
29961,18
29962,23
29964,9
29965,22
29968,26
29971,15
29972,4
29974,20
29975,15
29977,13
29978,12
29980,4
29981,25
29984,18
29987,23
29988,7
29990,19
29991,11
29993,8
29994,24
29996,6
29997,11
30000,28
30003,20
30004,5
30006,16
30007,13
30009,13
30010,14
30012,5
30013,25
30016,23
30019,20
30020,5
30022,24
30023,17
30025,14
30026,12
30028,1
30029,12
30032,23
30035,25
30036,5
30038,18
30039,11
30041,15
30042,14
30044,7
30045,18
30048,31
30051,22
30052,4
30054,13
30055,13
30057,12
30058,17
30060,8
30061,18
30064,36
30067,23
30068,5
30070,19
30071,12
30073,4
30074,20
30076,9
30077,20
30080,27
30083,18
30084,4
30086,12
30087,11
30089,6
30090,20
30092,4
30093,24
30096,24
30099,23
30100,4
30102,16
30103,16
30105,14
30106,12
30108,5
30109,22
30112,23
30115,24
30116,5
30118,18
30119,11
30121,10
30122,19
30124,7
30125,26
30128,22
30131,18
30132,5
30134,14
30135,9
30137,5
30138,23
30140,7
30141,25
30144,14
30147,20
30148,5
30150,19
30151,7
30153,10
30154,16
30156,6
30157,18
30160,37
30163,22
30164,6
30166,14
30167,15
30169,11
30170,11
30172,3
30173,21
30176,14
30179,24
30182,22
30183,9
30185,10
30186,16
30188,4
30189,19
30192,33
30195,23
30196,4
30198,12
30199,10
30201,8
30202,12
30204,10
30205,23
30208,26
30211,26
30212,6
30214,20
30215,10
30217,8
30218,7
30220,3
30221,23
30224,26
30227,27
30228,2
30230,11
30231,10
30233,10
30234,10
30236,5
30237,24
30240,20
30243,29
30244,4
30246,15
30247,13
30249,10
30250,13
30252,3
30253,10
30256,28
30259,27
30260,5
30262,17
30263,13
30265,11
30266,21
30268,8
30269,26
30272,20
30275,23
30276,5
30278,13
30279,5
30281,13
30282,22
30284,3
30285,28
30288,18
30291,18
30292,7
30294,18
30295,7
30297,10
30298,10
30300,5
30301,27
30304,28
30307,24
30308,4
30310,14
30311,6
30313,12
30314,19
30316,2
30317,11
30320,31
30323,22
30324,2
30326,15
30327,14
30329,9
30330,9
30332,5
30333,13
30336,18
30339,28
30340,5
30342,13
30343,10
30345,6
30346,15
30348,6
30349,17
30352,24
30355,19
30356,6
30358,19
30359,8
30361,5
30362,16
30364,4
30365,17
30368,26
30371,27
30372,5
30374,9
30375,12
30377,6
30378,14
30380,9
30381,21
30384,31
30387,15
30388,4
30390,17
30391,16
30393,6
30394,16
30396,3
30397,21
30400,18
30403,24
30404,4
30406,10
30407,4
30409,15
30410,12
30412,4
30413,15
30416,31
30419,12
30420,4
30422,12
30423,8
30425,7
30426,13
30428,3
30429,20
30432,20
30435,14
30436,3
30438,10
30439,6
30441,8
30442,11
30444,6
30445,17
30448,28
30451,17
30452,2
30454,12
30455,14
30457,11
30458,15
30460,6
30461,19
30464,28
30467,20
30468,3
30470,11
30471,5
30473,10
30474,12
30476,7
30477,15
30480,20
30483,12
30484,1
30486,13
30487,10
30489,8
30490,10
30492,2
30493,25
30496,13
30499,17
30500,5
30502,12
30503,9
30505,8
30506,10
30508,7
30509,16
30512,24
30515,24
30516,2
30518,14
30519,5
30521,7
30522,10
30524,6
30525,21
30528,17
30531,20
30532,7
30534,12
30535,4
30537,5
30538,15
30540,5
30541,17
30544,20
30547,16
30548,2
30550,10
30551,8
30553,8
30554,11
30556,2
30557,16
30560,19
30563,14
30564,5
30566,11
30567,8
30569,13
30570,11
30572,6
30573,18
30576,18
30579,16
30580,4
30582,13
30583,9
30585,6
30586,10
30588,8
30589,15
30592,14
30595,15
30596,6
30598,10
30599,7
30601,8
30602,9
30604,7
30605,20
30608,31
30611,21
30612,4
30614,10
30615,11
30617,12
30618,8
30620,2
30621,15
30624,28
30627,13
30628,3
30630,10
30631,6
30633,7
30634,15
30636,3
30637,19
30640,24
30643,24
30644,8
30646,21
30647,11
30649,9
30650,23
30652,5
30653,14
30656,20
30659,15
30660,1
30662,6
30663,10
30665,4
30666,15
30668,2
30669,12
30672,19
30675,15
30676,5
30678,15
30679,10
30681,9
30682,5
30684,7
30685,15
30688,17
30691,19
30692,6
30694,8
30695,10
30697,9
30698,14
30700,7
30701,17
30704,19
30707,15
30708,5
30710,9
30711,6
30713,4
30714,10
30716,4
30717,16
30720,25
30723,11
30724,2
30726,13
30727,7
30729,11
30730,7
30732,4
30733,19
30736,16
30739,15
30740,6
30742,13
30743,6
30745,2
30746,6
30748,5
30749,18
30752,11
30755,18
30756,2
30758,11
30759,3
30761,4
30762,12
30764,2
30765,9
30768,21
30771,13
30772,7
30774,12
30775,4
30777,2
30778,10
30780,4
30781,16
30784,10
30787,13
30788,2
30790,10
30791,6
30793,11
30794,10
30796,3
30797,14
30800,19
30803,14
30804,7
30806,11
30807,7
30809,9
30810,8
30812,5
30813,16
30816,15
30819,19
30820,2
30822,8
30823,7
30825,12
30826,14
30828,2
30829,10
30832,19
30835,14
30836,4
30838,13
30839,9
30841,5
30842,8
30844,1
30845,16
30848,17
30851,18
30852,3
30854,4
30855,3
30857,4
30858,11
30860,2
30861,14
30864,20
30867,10
30868,1
30870,9
30871,12
30873,2
30874,8
30876,4
30877,13
30880,24
30883,11
30886,12
30887,7
30889,4
30890,7
30892,5
30893,19
30896,13
30899,15
30900,7
30902,9
30903,7
30905,2
30906,14
30908,6
30909,15
30912,16
30915,19
30916,4
30918,7
30919,7
30921,4
30922,13
30924,2
30925,17
30928,19
30931,11
30932,6
30934,9
30935,5
30937,8
30938,13
30940,3
30941,14
30944,18
30947,10
30948,4
30950,9
30951,5
30953,5
30954,16
30956,4
30957,12
30960,17
30963,8
30964,4
30966,12
30967,5
30969,6
30970,9
30972,3
30973,15
30976,19
30979,14
30980,3
30982,9
30983,5
30985,8
30986,12
30988,6
30989,16
30992,16
30995,16
30996,6
30998,8
30999,9
31001,6
31002,8
31004,7
31005,8
31008,16
31011,18
31012,6
31014,13
31015,5
31017,11
31018,7
31020,2
31021,5
31024,15
31027,6
31028,5
31030,14
31031,10
31033,11
31034,13
31036,1
31037,8
31040,10
31043,12
31044,3
31046,6
31047,3
31049,7
31050,6
31052,4
31053,22
31056,6
31059,8
31060,4
31062,9
31063,7
31065,5
31066,9
31068,2
31069,8
31072,13
31075,12
31076,3
31078,8
31079,5
31081,6
31082,3
31084,4
31085,15
31088,8
31091,15
31092,4
31094,8
31095,4
31097,5
31098,10
31100,3
31101,10
31104,12
31107,9
31108,3
31110,9
31111,7
31113,4
31114,4
31116,3
31117,15
31120,17
31123,12
31124,2
31126,16
31127,5
31129,7
31130,6
31133,12
31136,16
31139,12
31140,3
31142,11
31143,5
31145,7
31146,13
31148,3
31149,7
31152,24
31155,14
31156,1
31158,10
31159,4
31161,5
31162,9
31164,4
31165,9
31168,12
31171,18
31172,1
31174,9
31175,6
31177,2
31178,7
31180,4
31181,7
31184,14
31187,13
31188,1
31190,5
31191,8
31193,4
31194,5
31196,4
31197,13
31200,18
31203,13
31204,4
31206,10
31207,5
31209,7
31210,5
31212,2
31213,20
31216,17
31219,14
31220,2
31222,8
31223,6
31225,3
31226,5
31228,1
31229,11
31232,10
31235,19
31238,11
31239,5
31241,7
31242,8
31244,2
31245,13
31248,16
31251,16
31252,2
31254,6
31255,3
31257,7
31258,10
31260,2
31261,16
31264,9
31267,6
31268,4
31270,2
31271,4
31273,3
31274,6
31276,3
31277,11
31280,16
31283,11
31284,2
31286,4
31287,3
31289,2
31290,7
31292,3
31293,16
31296,12
31299,13
31300,3
31302,11
31303,2
31305,7
31306,8
31308,1
31309,6
31312,11
31315,7
31316,1
31318,6
31319,2
31321,4
31322,7
31324,2
31325,5
31328,13
31331,11
31332,5
31334,9
31335,4
31337,7
31338,4
31340,1
31341,12
31344,11
31347,10
31348,2
31350,7
31351,4
31353,8
31354,11
31356,4
31357,11
31360,12
31363,12
31364,2
31366,5
31367,4
31369,10
31370,12
31372,1
31373,11
31376,15
31379,5
31380,4
31382,7
31383,3
31385,8
31386,7
31388,2
31389,10
31392,6
31395,14
31396,3
31398,6
31399,8
31401,5
31402,3
31404,4
31405,10
31408,9
31411,10
31412,2
31414,12
31415,3
31417,3
31418,7
31420,3
31421,11
31424,13
31427,13
31428,5
31430,4
31431,5
31433,6
31434,12
31436,2
31437,12
31440,13
31443,18
31444,2
31446,7
31447,2
31449,6
31450,7
31452,2
31453,11
31456,20
31459,7
31460,2
31462,5
31463,4
31465,3
31466,5
31468,1
31469,9
31472,12
31475,10
31476,3
31478,8
31479,9
31481,3
31482,10
31484,2
31485,12
31488,6
31491,13
31492,2
31494,5
31495,5
31497,3
31498,6
31500,1
31501,10
31504,14
31507,3
31508,1
31510,6
31511,4
31513,6
31514,6
31516,4
31517,10
31520,16
31523,10
31524,4
31526,6
31527,1
31529,6
31530,3
31532,5
31533,4
31536,12
31539,12
31540,1
31542,10
31543,3
31545,5
31546,5
31548,2
31549,5
31552,9
31555,10
31556,3
31558,2
31559,7
31561,6
31562,8
31564,2
31565,7
31568,8
31571,12
31572,3
31574,2
31575,3
31577,6
31578,9
31580,2
31581,14
31584,7
31587,9
31588,4
31590,6
31591,2
31593,6
31594,7
31596,2
31597,13
31600,12
31603,6
31604,2
31606,7
31607,9
31609,2
31610,7
31612,3
31613,12
31616,14
31619,13
31620,6
31622,3
31623,4
31625,4
31626,4
31628,6
31629,6
31632,9
31635,8
31636,2
31638,5
31639,3
31642,5
31644,2
31645,11
31648,11
31651,9
31652,2
31654,6
31655,8
31657,4
31658,13
31660,5
31661,9
31664,11
31667,8
31668,1
31670,9
31671,2
31673,4
31674,4
31676,2
31677,10
31680,7
31683,9
31684,5
31686,2
31687,6
31689,2
31690,4
31692,5
31693,9
31696,11
31699,7
31700,3
31702,11
31703,5
31705,3
31706,10
31708,1
31709,9
31712,9
31715,5
31716,3
31718,6
31719,5
31721,4
31722,9
31724,3
31725,6
31728,11
31731,8
31734,7
31735,6
31737,3
31738,6
31740,3
31741,9
31744,13
31747,11
31748,3
31750,6
31751,6
31753,2
31754,3
31756,2
31757,6
31760,13
31763,10
31764,1
31766,11
31767,4
31769,3
31770,3
31772,5
31773,11
31776,7
31779,9
31780,3
31782,4
31783,4
31785,4
31786,3
31788,4
31789,7
31792,11
31795,8
31798,9
31799,1
31801,3
31802,8
31804,3
31805,10
31808,9
31811,6
31812,1
31814,6
31815,2
31817,8
31818,8
31820,2
31821,5
31824,7
31827,5
31828,2
31830,7
31831,2
31833,6
31834,7
31836,2
31837,11
31840,7
31843,5
31846,5
31847,1
31849,2
31850,9
31852,2
31853,3
31856,5
31859,8
31862,4
31863,2
31865,3
31866,3
31869,2
31872,9
31875,8
31876,4
31878,9
31879,3
31881,2
31882,5
31884,2
31885,7
31888,7
31891,1
31892,2
31894,7
31895,5
31897,5
31898,7
31900,2
31901,7
31904,11
31907,7
31908,3
31910,4
31911,2
31913,2
31914,5
31917,16
31920,12
31923,8
31924,3
31926,5
31927,2
31929,3
31930,7
31932,4
31933,7
31936,7
31939,4
31940,1
31942,7
31943,4
31945,5
31946,5
31948,1
31949,6
31952,14
31955,5
31956,1
31958,7
31959,2
31961,4
31962,2
31964,2
31965,4
31968,6
31971,2
31972,2
31974,2
31975,3
31977,3
31978,4
31980,3
31981,8
31984,8
31987,9
31988,3
31990,3
31991,1
31993,3
31994,3
31996,3
31997,7
32000,4
32003,10
32004,3
32006,4
32007,4
32009,2
32010,6
32013,6
32016,7
32019,13
32020,2
32022,7
32023,3
32025,4
32026,8
32028,1
32029,3
32032,1
32035,4
32036,3
32038,6
32039,1
32041,1
32042,10
32044,3
32045,8
32048,8
32051,14
32054,5
32055,3
32057,2
32058,8
32060,1
32061,7
32064,7
32067,5
32068,1
32070,3
32071,2
32073,3
32074,7
32076,4
32077,13
32080,8
32083,7
32084,2
32086,10
32087,3
32089,6
32090,7
32093,6
32096,6
32099,10
32100,2
32102,3
32103,5
32105,5
32106,6
32109,4
32112,5
32115,3
32116,2
32118,4
32121,6
32122,3
32124,2
32125,5
32128,6
32131,2
32132,3
32134,5
32135,4
32137,5
32138,5
32140,1
32141,4
32144,7
32147,5
32150,3
32151,1
32153,2
32154,8
32157,8
32160,11
32163,4
32164,1
32166,4
32167,1
32169,2
32170,1
32172,3
32173,4
32176,6
32179,2
32180,1
32182,7
32183,4
32185,3
32186,5
32188,3
32189,8
32192,7
32195,4
32196,1
32198,8
32199,4
32201,3
32202,2
32205,4
32208,12
32211,6
32212,2
32214,2
32215,3
32217,2
32218,4
32220,1
32221,2
32224,5
32227,5
32230,3
32231,3
32233,4
32234,1
32236,2
32237,7
32240,5
32243,8
32244,1
32246,3
32247,6
32249,4
32250,4
32252,1
32253,4
32256,9
32259,4
32260,1
32262,6
32263,2
32265,1
32266,4
32268,2
32269,3
32272,4
32275,8
32278,5
32279,4
32281,1
32282,5
32285,3
32288,7
32291,5
32292,1
32294,2
32295,3
32297,4
32298,4
32300,1
32301,2
32304,10
32307,8
32308,1
32310,3
32311,3
32313,2
32314,2
32316,2
32317,3
32320,10
32323,6
32326,7
32327,3
32329,3
32330,6
32332,1
32333,2
32336,2
32339,5
32340,2
32342,2
32343,3
32346,6
32348,1
32349,3
32352,7
32355,5
32356,1
32358,3
32359,3
32362,4
32364,4
32365,3
32368,8
32371,6
32372,2
32374,5
32375,4
32377,5
32378,5
32380,1
32381,10
32384,7
32387,6
32388,1
32390,5
32393,5
32394,2
32396,1
32397,7
32400,7
32403,3
32404,1
32406,2
32407,2
32410,2
32412,3
32413,2
32416,11
32419,5
32422,6
32423,4
32426,5
32429,4
32432,7
32435,5
32436,1
32438,3
32439,6
32441,3
32442,4
32444,4
32445,5
32448,3
32451,4
32452,2
32454,4
32455,2
32457,2
32458,1
32461,3
32464,7
32467,6
32468,1
32470,5
32471,2
32473,1
32474,3
32476,1
32477,6
32480,5
32483,2
32486,3
32487,4
32490,2
32493,2
32496,4
32499,7
32500,1
32502,6
32503,1
32505,4
32506,1
32509,2
32512,4
32515,5
32516,2
32518,2
32519,1
32521,1
32522,4
32525,6
32528,5
32531,3
32532,1
32534,2
32537,2
32538,4
32540,2
32541,3
32544,4
32547,6
32548,1
32550,3
32551,1
32553,4
32554,3
32556,1
32557,3
32560,7
32563,3
32566,3
32567,1
32569,4
32570,3
32572,2
32573,1
32576,11
32579,5
32580,2
32582,2
32583,1
32585,2
32586,2
32589,2
32592,4
32595,3
32596,3
32598,2
32599,3
32601,4
32602,7
32604,1
32605,8
32608,1
32611,3
32612,1
32614,5
32617,5
32618,1
32620,1
32621,4
32624,5
32627,4
32630,2
32631,1
32633,2
32634,3
32636,2
32637,4
32640,9
32643,3
32646,5
32647,1
32649,1
32650,3
32652,1
32653,5
32656,7
32659,5
32662,4
32663,3
32665,2
32666,2
32668,1
32669,1
32672,7
32675,2
32678,2
32679,5
32681,6
32682,5
32684,4
32685,6
32688,4
32691,5
32694,2
32695,5
32697,3
32698,2
32700,2
32701,1
32704,5
32707,2
32708,2
32710,5
32711,3
32713,2
32714,3
32717,5
32720,1
32723,4
32724,1
32726,2
32727,3
32729,1
32730,3
32733,3
32736,4
32739,2
32740,1
32742,2
32745,3
32746,1
32749,2
32752,4
32755,1
32758,3
32761,1
32762,4
32764,3
32765,5
32768,2
32771,2
32774,3
32775,1
32777,4
32778,5
32780,2
32781,1
32784,8
32787,6
32788,1
32790,5
32791,4
32793,2
32794,1
32796,1
32797,5
32800,5
32806,2
32807,3
32809,1
32810,1
32812,3
32813,4
32816,5
32819,4
32820,3
32822,3
32823,1
32825,2
32826,2
32829,3
32832,6
32835,6
32836,1
32839,1
32841,3
32842,4
32844,1
32845,5
32848,4
32851,2
32852,1
32854,2
32857,1
32858,2
32861,2
32864,10
32867,3
32870,3
32871,1
32873,4
32874,1
32876,1
32877,1
32880,5
32883,1
32884,1
32886,3
32887,3
32889,3
32890,2
32892,1
32893,3
32896,5
32899,3
32900,1
32903,3
32905,2
32906,2
32909,1
32912,9
32915,2
32918,1
32919,1
32921,4
32922,3
32924,1
32925,2
32928,3
32931,4
32932,1
32934,3
32935,3
32937,3
32938,3
32940,4
32944,2
32947,2
32950,4
32951,3
32954,3
32957,3
32960,9
32963,6
32966,1
32967,3
32969,2
32970,3
32973,2
32976,7
32979,1
32980,1
32982,7
32985,4
32986,2
32988,1
32989,3
32992,1
32995,7
32996,1
32998,2
32999,1
33005,2
33008,3
33011,3
33012,1
33014,5
33015,4
33017,1
33020,2
33021,1
33024,2
33027,2
33028,1
33030,3
33034,3
33036,1
33037,2
33040,2
33043,2
33047,2
33050,3
33053,1
33056,7
33059,2
33063,2
33069,4
33072,2
33075,3
33078,1
33079,2
33081,2
33082,1
33084,1
33085,5
33094,2
33095,1
33097,4
33098,5
33100,1
33101,3
33104,3
33107,2
33111,3
33113,1
33114,4
33116,1
33117,2
33120,2
33126,2
33127,4
33129,2
33130,1
33133,6
33142,3
33148,1
33149,3
33152,2
33155,4
33158,6
33161,3
33162,1
33164,3
33165,3
33168,2
33171,2
33174,4
33175,2
33177,3
33178,1
33184,1
33187,5
33188,1
33190,2
33193,2
33194,1
33196,1
33197,2
33200,3
33203,4
33204,1
33206,3
33207,1
33209,3
33210,3
33212,1
33213,1
33216,4
33219,2
33220,1
33222,3
33225,1
33226,2
33228,1
33229,2
33232,1
33235,3
33238,3
33239,3
33241,1
33242,3
33244,1
33245,3
33252,2
33254,2
33257,2
33258,1
33260,1
33261,3
33264,7
33267,4
33270,3
33271,5
33274,1
33276,1
33277,5
33280,4
33283,5
33287,2
33289,1
33290,4
33293,1
33296,3
33299,3
33300,1
33302,2
33303,2
33305,1
33309,3
33312,3
33315,3
33316,1
33318,1
33322,3
33324,1
33325,2
33328,2
33331,5
33334,3
33335,4
33338,2
33341,5
33344,5
33347,3
33348,2
33351,1
33353,1
33357,2
33360,2
33363,1
33364,1
33366,2
33370,3
33373,6
33376,2
33379,2
33380,1
33382,1
33385,1
33386,1
33389,2
33392,3
33401,2
33402,1
33405,3
33408,1
33411,6
33414,2
33417,1
33421,2
33424,4
33427,4
33428,1
33430,2
33431,1
33433,3
33434,2
33437,4
33440,3
33443,3
33446,3
33447,1
33449,1
33450,2
33453,4
33456,5
33459,3
33462,1
33463,5
33465,1
33469,6
33472,3
33475,3
33482,1
33484,1
33485,2
33488,2
33491,1
33492,1
33494,1
33500,1
33501,4
33504,1
33507,5
33508,1
33510,1
33511,1
33513,2
33514,4
33520,1
33523,2
33524,1
33526,4
33527,1
33529,2
33532,3
33533,4
33536,6
33539,1
33540,1
33542,2
33543,2
33545,1
33546,1
33548,1
33549,1
33552,2
33556,1
33561,2
33565,1
33568,1
33571,4
33572,3
33574,1
33575,2
33577,1
33578,2
33581,2
33584,2
33587,2
33590,3
33591,1
33593,2
33594,2
33597,1
33603,2
33604,2
33606,2
33607,2
33609,1
33610,2
33613,6
33616,2
33619,2
33620,1
33622,1
33623,2
33625,1
33628,1
33629,2
33632,3
33635,2
33638,3
33639,2
33641,1
33642,3
33644,1
33645,2
33648,2
33651,1
33654,3
33655,2
33658,2
33661,3
33664,2
33667,4
33668,1
33670,2
33671,2
33673,2
33674,2
33680,3
33683,4
33686,2
33687,2
33689,1
33690,2
33692,1
33693,3
33696,1
33699,1
33702,2
33703,2
33705,3
33708,1
33709,1
33712,1
33715,1
33718,1
33719,4
33721,1
33722,1
33725,2
33728,2
33732,3
33734,1
33735,1
33737,1
33738,2
33740,1
33741,3
33744,4
33750,1
33753,2
33754,3
33757,2
33760,1
33766,2
33767,1
33769,3
33773,2
33776,1
33780,2
33782,1
33783,1
33785,1
33786,1
33788,1
33792,3
33795,1
33799,1
33801,2
33802,1
33805,1
33808,4
33811,1
33814,1
33815,1
33817,1
33818,2
33821,1
33824,1
33827,2
33828,1
33830,2
33831,1
33833,3
33834,2
33837,1
33840,3
33846,3
33849,1
33850,2
33853,3
33856,2
33859,4
33862,1
33866,3
33869,2
33872,1
33875,5
33878,1
33879,3
33882,1
33885,3
33888,3
33891,1
33892,1
33894,1
33895,1
33897,1
33898,1
33901,3
33904,2
33907,2
33910,1
33914,1
33916,2
33920,1
33923,2
33924,1
33926,3
33930,3
33932,1
33933,1
33936,1
33939,2
33942,1
33943,1
33945,1
33949,3
33952,3
33955,1
33958,2
33959,2
33962,2
33965,2
33968,2
33971,3
33975,6
33977,2
33980,1
33981,2
33984,1
33987,3
33990,3
33993,2
33994,1
34000,2
34003,2
34006,4
34009,1
34013,2
34016,1
34019,2
34022,2
34026,4
34029,2
34032,2
34042,1
34045,5
34048,2
34051,2
34055,3
34058,2
34060,1
34061,1
34064,1
34067,1
34070,1
34073,3
34074,3
34077,2
34080,1
34083,3
34084,2
34090,1
34092,1
34096,1
34099,1
34100,1
34102,3
34103,3
34109,2
34112,1
34118,2
34119,1
34122,2
34125,1
34128,3
34131,2
34134,2
34135,1
34137,1
34144,1
34147,4
34150,1
34151,2
34153,1
34154,2
34160,1
34163,4
34166,1
34173,1
34176,1
34179,4
34180,2
34182,3
34183,1
34192,1
34195,1
34198,3
34201,1
34202,1
34204,1
34205,2
34208,3
34211,3
34214,2
34217,3
34218,1
34221,2
34224,2
34227,2
34228,2
34230,2
34234,1
34237,2
34240,2
34243,2
34246,1
34250,1
34253,1
34256,2
34259,1
34263,1
34265,1
34266,2
34268,1
34269,1
34272,2
34275,2
34276,1
34278,5
34281,1
34282,3
34284,1
34285,2
34288,1
34291,1
34294,1
34297,2
34301,4
34304,1
34307,6
34311,3
34313,1
34314,1
34320,2
34323,2
34327,2
34329,1
34330,1
34333,3
34336,3
34343,1
34346,1
34349,1
34352,4
34355,1
34356,1
34358,4
34359,3
34365,2
34368,1
34371,1
34372,1
34374,1
34377,2
34380,1
34384,1
34387,2
34390,3
34391,1
34393,1
34394,1
34397,2
34400,7
34403,1
34406,1
34410,2
34412,1
34413,4
34419,1
34422,2
34428,2
34432,1
34438,1
34445,3
34448,2
34454,1
34458,1
34461,1
34470,1
34474,2
34480,2
34484,1
34487,1
34490,1
34493,3
34500,1
34502,1
34505,1
34506,2
34509,2
34512,2
34518,3
34521,2
34522,1
34528,1
34531,1
34534,2
34544,1
34547,2
34550,1
34553,2
34557,2
34560,3
34563,1
34566,2
34573,1
34579,1
34585,1
34586,1
34588,2
34589,1
34592,3
34595,1
34596,1
34598,1
34604,2
34608,1
34612,1
34614,2
34615,1
34621,5
34627,4
34631,1
34633,1
34634,1
34637,1
34643,1
34646,1
34647,1
34649,1
34653,2
34656,1
34659,3
34666,1
34669,1
34679,1
34682,1
34688,2
34691,1
34694,1
34700,1
34704,1
34707,2
34710,1
34711,1
34717,1
34720,3
34723,1
34727,1
34730,2
34733,2
34736,2
34739,3
34740,1
34742,2
34749,2
34752,3
34755,2
34756,1
34759,2
34761,1
34764,1
34765,1
34768,2
34771,1
34772,1
34775,1
34777,1
34784,3
34787,2
34788,1
34790,1
34793,1
34794,1
34797,2
34800,1
34803,1
34804,1
34806,3
34810,2
34813,1
34816,1
34819,2
34822,3
34825,1
34829,1
34832,3
34835,1
34839,1
34845,2
34848,1
34851,1
34854,1
34855,2
34858,1
34864,2
34867,3
34874,1
34876,1
34880,1
34883,1
34886,1
34893,2
34896,1
34899,1
34902,1
34905,2
34909,3
34916,1
34922,2
34928,1
34931,2
34935,1
34937,3
34941,2
34944,2
34947,1
34954,1
34966,1
34970,2
34976,1
34979,1
34983,1
34985,1
34989,1
34992,1
34995,3
35002,1
35008,3
35011,1
35014,1
35024,2
35027,1
35030,2
35031,1
35034,1
35037,2
35043,2
35050,1
35053,2
35060,1
35062,2
35066,1
35068,1
35069,1
35075,1
35078,1
35081,1
35084,2
35085,1
35088,1
35091,2
35092,1
35094,1
35095,2
35098,2
35101,1
35104,2
35107,1
35117,3
35120,1
35123,1
35126,2
35129,2
35133,1
35136,2
35139,4
35142,1
35145,2
35149,1
35152,3
35162,1
35165,1
35168,1
35171,1
35172,1
35174,1
35181,1
35184,2
35193,2
35197,1
35200,2
35203,1
35210,1
35212,1
35213,1
35216,1
35219,1
35222,1
35223,1
35225,1
35229,1
35232,1
35235,1
35238,1
35242,1
35245,1
35248,5
35251,1
35257,2
35260,1
35261,3
35264,2
35267,1
35270,1
35273,1
35274,1
35283,1
35284,1
35286,1
35289,1
35290,2
35296,1
35306,1
35308,1
35312,2
35318,1
35319,1
35322,1
35325,5
35328,1
35332,1
35338,1
35341,3
35347,1
35350,1
35351,3
35353,1
35356,3
35360,2
35364,1
35366,1
35369,2
35372,1
35373,2
35376,2
35382,1
35383,1
35389,2
35392,1
35398,1
35399,1
35405,2
35408,2
35414,1
35415,1
35417,1
35421,1
35433,1
35440,1
35443,1
35446,1
35462,1
35463,2
35466,3
35472,1
35475,1
35478,2
35482,1
35485,1
35488,1
35491,1
35494,1
35500,1
35504,1
35507,2
35510,3
35514,2
35517,1
35520,1
35523,1
35526,2
35529,1
35532,1
35533,1
35536,1
35548,1
35549,1
35552,1
35565,1
35574,1
35578,1
35587,3
35593,1
35597,2
35610,1
35619,1
35623,1
35626,2
35639,1
35641,1
35648,3
35651,2
35652,1
35655,1
35657,2
35667,1
35671,1
35674,1
35677,2
35680,1
35683,4
35687,1
35689,2
35696,1
35699,1
35702,1
35706,1
35712,1
35715,1
35716,1
35721,1
35725,1
35728,1
35731,1
35738,2
35740,1
35744,1
35747,1
35750,1
35763,3
35767,1
35769,1
35773,1
35789,3
35795,1
35796,1
35798,1
35805,2
35811,1
35817,1
35820,1
35821,1
35824,1
35833,1
35834,1
35840,1
35846,1
35847,1
35853,2
35859,1
35862,2
35869,1
35876,1
35894,1
35904,2
35908,1
35917,1
35920,1
35936,1
35939,1
35946,1
35952,2
35961,1
35962,1
35965,1
35968,1
35971,3
35972,1
35974,3
35980,1
35991,1
36000,1
36006,1
36007,1
36010,1
36016,2
36019,3
36029,2
36032,1
36035,1
36042,1
36045,2
36048,1
36051,1
36054,1
36055,1
36057,3
36061,1
36064,2
36074,1
36076,1
36077,2
36083,1
36090,1
36093,1
36109,2
36112,2
36119,1
36122,1
36134,1
36141,1
36144,2
36150,2
36154,2
36157,1
36160,1
36163,1
36166,1
36170,1
36172,2
36173,1
36179,1
36183,2
36208,2
36221,1
36224,3
36227,2
36228,1
36230,1
36234,1
36246,1
36253,1
36256,1
36260,1
36268,1
36272,1
36279,1
36282,2
36294,1
36300,1
36301,1
36304,2
36310,1
36313,1
36314,1
36316,1
36320,2
36323,3
36326,1
36342,1
36348,1
36349,1
36352,1
36356,1
36361,1
36375,1
36377,1
36384,1
36390,1
36393,1
36394,1
36397,2
36400,2
36406,1
36416,1
36420,1
36423,1
36425,1
36426,1
36429,2
36439,1
36445,1
36455,1
36458,1
36464,1
36477,1
36483,1
36484,1
36486,1
36487,1
36506,1
36512,1
36518,1
36525,1
36531,2
36538,2
36541,1
36544,1
36550,1
36556,1
36560,4
36563,1
36569,2
36576,1
36579,1
36580,1
36586,1
36589,2
36592,2
36608,1
36615,1
36618,1
36621,1
36627,1
36630,1
36631,1
36656,1
36669,1
36672,1
36678,1
36679,1
36688,1
36694,1
36707,2
36710,1
36714,1
36720,1
36723,1
36730,1
36758,1
36759,1
36771,1
36774,1
36781,1
36784,3
36793,1
36797,2
36800,1
36803,1
36806,1
36809,1
36810,2
36816,1
36832,1
36841,1
36845,1
36848,1
36861,1
36864,1
36868,1
36871,2
36877,1
36880,1
36883,1
36889,1
36892,1
36896,1
36899,2
36900,1
36908,1
36918,1
36925,1
36928,1
36948,1
36950,1
36953,1
36954,1
36960,4
36973,1
36976,1
36992,1
37011,1
37018,1
37020,1
37021,1
37027,1
37033,1
37037,1
37040,2
37053,1
37063,1
37068,1
37072,1
37075,1
37079,1
37082,1
37085,1
37091,1
37104,1
37107,1
37110,2
37123,1
37129,1
37139,1
37142,2
37146,1
37158,1
37168,1
37172,1
37190,1
37193,1
37194,1
37196,1
37197,1
37200,2
37203,1
37222,1
37229,1
37248,1
37264,1
37267,1
37268,1
37280,1
37296,1
37305,1
37325,2
37332,1
37338,2
37344,2
37347,2
37354,1
37357,1
37363,1
37392,1
37405,1
37415,1
37418,1
37427,1
37446,2
37456,1
37466,1
37488,1
37514,1
37542,1
37564,1
37565,1
37568,4
37584,1
37587,1
37590,1
37600,1
37625,1
37635,1
37636,1
37641,1
37677,1
37680,1
37689,1
37708,1
37728,1
37734,1
37779,1
37785,1
37808,1
37815,1
37820,1
37824,1
37831,1
37852,1
37853,1
37866,1
37869,1
37875,1
37888,1
37898,1
37907,1
37948,1
37955,1
37968,1
37978,2
37984,1
37997,2
38000,1
38019,1
38025,1
38026,1
38032,1
38041,1
38067,2
38080,1
38093,1
38103,1
38119,1
38128,1
38131,1
38135,1
38138,1
38150,1
38169,1
38173,1
38176,1
38179,1
38192,1
38205,2
38211,1
38227,1
38252,1
38259,1
38266,1
38269,1
38282,1
38284,1
38311,1
38336,1
38352,1
38362,1
38403,1
38409,1
38420,1
38432,1
38441,1
38448,1
38467,1
38493,1
38496,1
38502,1
38525,2
38531,1
38535,1
38576,1
38582,1
38589,1
38640,1
38646,1
38656,2
38665,1
38669,1
38704,2
38772,1
38784,1
38867,1
38871,1
38889,1
38921,1
39024,1
39066,1
39069,1
39072,1
39104,1
39117,1
39127,1
39130,1
39149,1
39152,1
39184,1
39187,1
39197,1
39200,1
39222,1
39235,2
39242,1
39258,1
39264,1
39337,1
39392,1
39421,1
39450,1
39475,2
39523,1
39524,1
39539,1
39545,1
39555,1
39616,1
39619,1
39629,1
39632,1
39668,1
39687,1
39690,1
39693,1
39712,1
39782,1
39914,1
39927,1
39959,1
39984,1
40022,1
40073,1
40087,1
40090,1
40172,1
40189,1
40260,1
40352,1
40378,1
40400,1
40403,1
40416,1
40438,1
40535,1
40684,1
40742,1
40851,1
40998,1
41203,1
41207,1
41264,1
41891,1
42096,1
42839,1
42982,1
43114,1
43162,1
44588,1
44630,1
45389,1
45859,1
46198,1
46525,1
46947,1
47337,1
48068,1
48448,1
49159,1
51513,1
51658,1
51965,1
52128,1
52179,1
52919,1
53178,1
53334,1
53843,1
53952,1
54934,1
55075,1
55465,1
55539,1
55756,1
56048,1
56240,1
56544,1
57059,1
57520,1
58330,1
58362,1
58601,1
59799,1
60336,1
60387,1
60518,1
61033,1
61120,1
61635,1
62057,1
62403,1
62490,1
62688,1
63082,1
63500,1
64954,1
67837,1
68298,1
68563,1
69094,1
69142,1
69687,1
71017,1
71600,1
72698,1
72857,1
73248,1
76455,1
76704,1
79059,1
84023,1
86365,1
104150,1
105869,1
114960,1
115248,1
127062,1
168086,1
175251,1
202160,1
206569,1
238896,1
244973,1
252125,1
253610,1
265095,1
267110,1
269737,1
280397,1
283536,1
291898,1
297872,1
299411,1
309168,1
315510,1
323069,1
325552,1
332019,1
340470,1
342646,1
345213,1
349148,1
359850,1
360570,1
370288,1
381718,1
381725,1
384394,1
389334,1
407184,1
408157,1
408403,1
421735,1
424912,1
425370,1
427392,1
443943,1
444804,1
447276,1
464470,1
466688,1
467735,1
468931,1
482496,1
487203,1
489581,1
499959,1
504457,1
510051,1
512569,1
519475,1
524976,1
534576,1
538422,1
542771,1
553494,1
559149,1
559632,1
560624,1
576409,1
577955,1
578733,1
595760,1
597738,1
601085,1
602675,1
615555,1
615644,1
626131,1
634233,1
639581,1
640396,1
643216,1
650227,1
655876,1
660102,1
677296,1
679261,1
680803,1
690288,1
694224,1
694803,1
702887,1
711027,1
720103,1
726724,1
727920,1
729866,1
736544,1
744948,1
750087,1
756509,1
767309,1
767635,1
775433,1
779869,1
783497,1
791673,1
798787,1
804963,1
810951,1
819523,1
821274,1
822202,1
823571,1
838247,1
841331,1
852467,1
854989,1
859031,1
864032,1
868838,1
879059,1
883593,1
885526,1
901875,1
903965,1
921379,1
934141,1
938259,1
952439,1
963856,1
969568,1
982614,1
985200,1
1000701,1
1009949,1
1026285,1
1028372,1
1049101,1
1050070,1
1068365,1
1070246,1
1091402,1
1093504,1
1101763,1
1118537,1
1121226,1
1138461,1
1141142,1
1157632,1
1168435,1
1183475,1
1194409,1
1213792,1
1215501,1
1239328,1
1247132,1
1259408,1
1268013,1
1290820,1
1291434,1
1318582,1
1327280,1
1342499,1
1352361,1
1374131,1
1374557,1
1403223,1
1408890,1
1433193,1
1437542,1
1458653,1
1469827,1
1495789,1
1497785,1
1528182,1
1530208,1
1552601,1
1555856,1
1581622,1
1589588,1
1614890,1
1623655,1
1654135,1
1654899,1
1686720,1
1686951,1
1719364,1
1722006,1
1759539,1
1761280,1
1796150,1
1798941,1
1831879,1
1839463,1
1868890,1
1875696,1
1906320,1
1915123,1
1947152,1
1953978,1
1983994,1
1996656,1
2027735,1
2032343,1
2070313,1
2079088,1
2118125,1
2118253,1
2127081,1
2153945,1
2161097,1
2168387,1
2177325,1
2178413,1
2178957,1
2179187,1
2180489,1
2180797,1
2180892,1
2181184,1
2181510,1
2181709,1
2181843,1
2181930,1
2182300,1
2182409,1
2182413,1
2182422,1
2182732,1
2182736,1
2182851,1
2183296,2
2183395,1
2183798,1
2184144,1
2184304,1
2184765,1
2185040,1
2185421,1
2185741,1
2186227,1
2186326,1
2186621,1
2187581,1
2187635,1
2187831,1
2188281,1
2188682,1
2189062,1
2189075,1
2189226,1
2189286,1
2189949,1
2190503,1
2191104,1
2191831,1
2197331,1
2198743,1
2201632,1
2204420,1
2206208,1
2210023,1
2210141,1
2210832,1
2210931,1
2210932,1
2210953,1
2210969,1
2211107,1
2211347,1
2211363,1
2211388,1
2211536,1
2211673,1
2211773,1
2211913,1
2211914,1
2211997,1
2212035,1
2212068,1
2212071,1
2212186,1
2212227,2
2212438,1
2212502,1
2212515,1
2212528,1
2212589,1
2212618,1
2212848,1
2212864,1
2212902,1
2212954,1
2213056,1
2213299,1
2213300,1
2213468,1
2213478,1
2213610,1
2213987,1
2214010,1
2214067,1
2214080,1
2214115,1
2214202,1
2214217,1
2214288,1
2214297,1
2214317,1
2214326,1
2214343,1
2214410,1
2214422,1
2214480,1
2214483,1
2214557,2
2214570,1
2214595,1
2214612,1
2214621,1
2214653,1
2214698,1
2214707,1
2214716,1
2214752,1
2214755,1
2214784,1
2214826,1
2214893,1
2214941,1
2214966,1
2215008,1
2215011,1
2215024,1
2215062,1
2215082,1
2215123,1
2215158,1
2215177,1
2215225,1
2215248,1
2215258,1
2215268,1
2215280,1
2215293,1
2215367,1
2215376,1
2215380,1
2215392,1
2215398,1
2215405,1
2215430,1
2215456,1
2215475,1
2215542,1
2215548,1
2215664,1
2215696,2
2215779,1
2215828,1
2215852,1
2215872,1
2215882,1
2215962,1
2215997,1
2216000,1
2216003,1
2216016,1
2216058,1
2216074,1
2216119,1
2216128,1
2216135,1
2216137,1
2216186,1
2216196,1
2216208,1
2216214,1
2216256,1
2216342,1
2216375,1
2216390,1
2216438,2
2216468,1
2216484,1
2216489,1
2216544,1
2216627,1
2216646,1
2216649,1
2216665,1
2216694,1
2216710,1
2216714,1
2216736,1
2216775,1
2216781,1
2216784,1
2216797,1
2216886,1
2216890,1
2216893,1
2216899,2
2216905,1
2216934,1
2216938,1
2216941,1
2216976,1
2216979,1
2216986,2
2216995,1
2217008,1
2217015,1
2217018,1
2217027,1
2217043,1
2217066,1
2217069,1
2217078,1
2217098,1
2217104,1
2217143,1
2217156,1
2217168,1
2217171,1
2217194,1
2217296,1
2217324,1
2217334,1
2217341,1
2217344,1
2217363,1
2217382,1
2217395,1
2217434,1
2217472,1
2217484,1
2217488,1
2217504,1
2217523,1
2217555,1
2217581,1
2217590,1
2217600,1
2217609,2
2217620,1
2217635,1
2217644,1
2217651,1
2217658,1
2217706,1
2217715,2
2217725,1
2217741,1
2217744,1
2217769,1
2217776,1
2217792,1
2217805,1
2217853,1
2217856,1
2217869,1
2217933,1
2217936,1
2217959,1
2218007,1
2218048,1
2218057,1
2218092,1
2218118,1
2218167,1
2218195,1
2218196,1
2218198,1
2218201,1
2218211,1
2218224,1
2218237,1
2218244,1
2218301,1
2218317,1
2218333,2
2218365,1
2218387,1
2218397,1
2218464,1
2218505,1
2218512,1
2218531,1
2218540,1
2218550,1
2218557,1
2218582,1
2218583,1
2218601,1
2218608,1
2218620,1
2218627,1
2218630,1
2218656,1
2218675,1
2218678,1
2218697,1
2218704,1
2218755,1
2218761,1
2218816,1
2218819,1
2218870,1
2218876,1
2218877,1
2218884,1
2218899,1
2218906,1
2218909,1
2218947,1
2218960,1
2218963,1
2218966,1
2219001,2
2219004,1
2219015,1
2219034,2
2219044,1
2219046,1
2219056,1
2219068,1
2219082,1
2219091,1
2219117,1
2219127,1
2219143,1
2219152,1
2219210,1
2219270,1
2219271,1
2219286,1
2219312,1
2219334,1
2219363,1
2219367,1
2219385,1
2219389,1
2219399,1
2219421,1
2219437,1
2219450,1
2219465,1
2219478,1
2219481,1
2219549,1
2219565,1
2219604,1
2219651,1
2219658,1
2219677,1
2219684,1
2219696,1
2219699,1
2219719,1
2219728,1
2219764,1
2219814,1
2219840,1
2219869,1
2219878,1
2219920,1
2219939,1
2219955,1
2219978,1
2219981,1
2219984,1
2219987,1
2220048,1
2220058,1
2220125,1
2220157,1
2220160,1
2220172,1
2220196,1
2220208,1
2220240,1
2220252,1
2220259,2
2220269,1
2220272,1
2220275,1
2220292,1
2220301,1
2220304,1
2220336,2
2220339,1
2220348,1
2220349,1
2220368,1
2220371,1
2220374,2
2220407,1
2220423,1
2220438,2
2220490,3
2220509,1
2220528,1
2220564,1
2220566,1
2220580,1
2220582,1
2220585,1
2220586,1
2220618,1
2220630,1
2220634,1
2220637,1
2220646,1
2220650,1
2220707,1
2220755,2
2220800,1
2220807,1
2220816,1
2220848,1
2220854,1
2220857,1
2220886,1
2220900,1
2220912,1
2220915,1
2220931,2
2220947,1
2220963,1
2220970,1
2221005,1
2221034,1
2221047,1
2221050,1
2221094,1
2221104,1
2221133,1
2221139,1
2221158,1
2221165,1
2221174,1
2221184,1
2221187,2
2221197,1
2221210,1
2221213,1
2221223,1
2221244,1
2221280,1
2221338,1
2221376,1
2221382,1
2221389,1
2221398,1
2221491,1
2221492,1
2221500,1
2221514,1
2221572,1
2221574,1
2221603,1
2221613,2
2221648,1
2221684,1
2221686,1
2221687,1
2221699,1
2221757,1
2221785,1
2221789,1
2221808,1
2221817,1
2221828,1
2221840,1
2221882,1
2221884,1
2221901,1
2221904,1
2221917,1
2221955,1
2221981,2
2222029,1
2222032,1
2222048,1
2222096,1
2222102,1
2222224,1
2222243,2
2222252,1
2222259,1
2222269,1
2222317,1
2222368,1
2222371,1
2222423,1
2222425,1
2222429,1
2222445,1
2222457,1
2222474,1
2222480,1
2222493,1
2222496,1
2222522,1
2222544,1
2222551,1
2222560,1
2222570,1
2222576,1
2222582,1
2222605,1
2222637,1
2222678,1
2222688,1
2222692,1
2222717,1
2222720,1
2222723,1
2222758,1
2222762,1
2222813,1
2222835,1
2222909,1
2222921,1
2222938,1
2222941,1
2222957,1
2222967,1
2222970,1
2222989,1
2223002,1
2223021,2
2223031,1
2223040,1
2223043,1
2223091,1
2223123,1
2223149,1
2223210,1
2223236,2
2223241,1
2223248,2
2223257,1
2223273,1
2223283,1
2223293,1
2223309,1
2223335,1
2223337,1
2223351,1
2223370,1
2223373,1
2223408,1
2223421,1
2223437,1
2223449,1
2223472,1
2223514,1
2223517,1
2223530,1
2223584,1
2223651,1
2223655,1
2223686,1
2223696,1
2223706,1
2223709,1
2223734,1
2223750,1
2223753,1
2223776,1
2223782,1
2223872,1
2223878,1
2223913,1
2223920,1
2223936,1
2223939,1
2223943,1
2223980,1
2224003,1
2224019,1
2224029,1
2224051,1
2224157,1
2224180,1
2224186,1
2224256,1
2224301,1
2224336,1
2224358,1
2224359,1
2224381,2
2224445,1
2224451,1
2224457,1
2224496,1
2224509,1
2224521,1
2224525,1
2224582,1
2224589,1
2224608,1
2224672,1
2224685,1
2224701,1
2224746,1
2224752,1
2224759,1
2224765,1
2224838,1
2224857,1
2224899,1
2224903,1
2224925,1
2224944,2
2224947,1
2224963,2
2225050,1
2225133,1
2225216,1
2225226,1
2225286,1
2225351,1
2225354,1
2225453,1
2225463,1
2225482,1
2225530,1
2225549,1
2225555,1
2225568,1
2225571,1
2225578,1
2225584,1
2225715,1
2225741,1
2225747,1
2225782,1
2225837,1
2225869,1
2225961,1
2225993,1
2225997,1
2226016,1
2226035,1
2226090,1
2226202,1
2226236,1
2226368,1
2226416,1
2226467,1
2226631,1
2226634,1
2226679,1
2226682,1
2226810,1
2226842,1
2226874,2
2226883,1
2226902,1
2226982,1
2227146,1
2227148,1
2227216,2
2227242,1
2227258,1
2227296,1
2227328,1
2227456,1
2227463,1
2227475,1
2227479,1
2227574,1
2227642,1
2227648,1
2227699,1
2227718,1
2227849,1
2227948,1
2228054,1
2228112,1
2228121,1
2228163,1
2228224,1
2228233,1
2228291,1
2228294,1
2228324,1
2228464,1
2228468,1
2228480,1
2228496,1
2228525,1
2228634,1
2228637,1
2228694,1
2228951,1
2228960,1
2229027,1
2229129,1
2229289,1
2229523,1
2229696,1
2230237,1
2230349,1
2230403,1
2230457,1
2230826,1
2232352,1
2235645,1
2239235,1
2241274,1
2245530,1
2248873,1
2254384,1
2276234,1
2276755,1
2277370,1
2279411,1
2280121,1
2281171,1
2283536,1
2284394,1
2286173,1
2286221,1
2289628,1
2290944,1
2291238,1
2294349,1
5862057,1
5873535,1
5886585,1
