# Samples: 28395, Average: 74083.5 ns, StdDev: 102666.2 ns, Quartiles: 65597.0/70601.0/75814.0 ns
53747,1
53971,1
54195,1
54259,1
54336,1
54378,1
54387,1
54394,1
54675,1
54688,1
54848,1
54852,1
54893,1
54906,1
54909,1
55017,1
55076,1
55085,1
55094,1
55174,1
55193,1
55270,1
55283,1
55312,1
55376,1
55385,1
55392,1
55424,2
55427,1
55450,1
55463,1
55472,1
55498,1
55520,1
55568,1
55571,1
55577,1
55584,1
55591,1
55616,1
55670,1
55671,1
55683,1
55687,1
55763,1
55785,1
55789,1
55795,1
55799,1
55808,1
55821,1
55833,1
55859,1
55865,2
55875,1
55879,1
55885,1
55895,1
55904,1
55917,1
55929,1
55936,1
55956,1
55959,1
55978,1
55993,1
56000,1
56003,1
56010,1
56013,1
56016,1
56026,1
56035,1
56054,1
56057,1
56093,1
56096,1
56099,1
56106,1
56109,1
56118,1
56131,1
56141,1
56144,1
56157,1
56160,1
56172,1
56185,2
56208,1
56218,1
56256,1
56259,1
56263,1
56272,1
56291,1
56294,1
56320,1
56333,1
56339,1
56349,1
56372,1
56387,1
56388,1
56391,1
56422,2
56429,1
56435,1
56438,1
56442,2
56457,1
56458,2
56461,1
56464,1
56468,1
56473,1
56500,1
56509,1
56525,1
56531,2
56532,1
56535,1
56544,2
56547,1
56553,2
56557,1
56563,1
56573,1
56576,1
56583,3
56589,1
56592,1
56605,1
56608,1
56621,3
56627,1
56634,1
56640,1
56643,1
56652,1
56653,1
56669,1
56676,1
56682,1
56698,1
56720,1
56733,1
56742,1
56743,1
56746,1
56749,1
56752,1
56765,1
56768,1
56784,1
56791,1
56794,1
56800,1
56807,1
56825,1
56832,3
56839,1
56842,1
56844,1
56845,1
56868,1
56871,1
56883,1
56893,2
56899,1
56906,2
56909,1
56922,2
56925,1
56934,2
56938,1
56941,3
56944,1
56950,1
56954,1
56957,2
56960,1
56963,2
56973,1
56976,1
56985,1
56992,1
56998,1
57002,1
57005,2
57018,2
57020,1
57024,2
57043,2
57049,1
57063,1
57065,1
57075,2
57076,1
57079,1
57084,1
57085,1
57088,2
57094,1
57095,2
57107,2
57113,1
57114,1
57123,1
57133,2
57139,1
57140,1
57148,1
57152,1
57155,2
57158,1
57161,1
57165,1
57168,2
57181,1
57191,1
57200,3
57203,1
57206,1
57209,1
57213,1
57219,1
57222,1
57223,1
57232,1
57235,1
57251,1
57254,1
57257,1
57261,2
57267,1
57290,1
57293,1
57296,2
57305,1
57306,1
57312,1
57315,1
57321,1
57331,1
57341,2
57344,1
57347,1
57350,1
57351,1
57370,1
57372,1
57385,1
57392,1
57395,1
57401,1
57411,1
57418,2
57420,1
57428,1
57433,1
57434,1
57437,2
57446,1
57447,2
57449,2
57456,1
57463,1
57468,1
57469,1
57475,1
57479,1
57481,1
57488,1
57491,2
57497,1
57498,1
57501,1
57508,1
57511,1
57520,2
57523,4
57533,1
57536,1
57539,2
57548,1
57549,1
57552,1
57562,2
57565,1
57574,1
57577,1
57584,1
57587,2
57590,1
57594,1
57600,2
57603,2
57606,1
57607,2
57610,1
57613,2
57619,2
57620,2
57622,1
57629,1
57632,1
57635,1
57645,1
57648,2
57651,2
57654,1
57660,1
57661,1
57664,1
57667,1
57670,1
57671,1
57673,1
57680,2
57683,1
57690,1
57693,3
57696,2
57702,1
57703,1
57709,2
57712,1
57715,1
57716,1
57721,2
57722,1
57728,1
57732,1
57734,2
57735,1
57737,1
57741,4
57744,1
57751,1
57757,1
57767,3
57773,2
57776,2
57779,1
57780,1
57789,2
57792,1
57795,1
57799,1
57801,1
57811,1
57821,1
57824,1
57836,1
57850,2
57853,2
57856,1
57859,1
57869,3
57872,1
57875,1
57878,1
57881,1
57888,1
57895,1
57901,1
57904,1
57910,2
57913,2
57917,1
57920,1
57923,1
57926,1
57927,1
57939,2
57942,2
57949,1
57952,2
57955,1
57958,1
57959,2
57962,2
57965,1
57968,2
57971,1
57974,1
57978,1
57981,1
57987,1
57988,1
57990,1
57991,1
57993,1
58000,1
58010,3
58012,1
58016,2
58019,1
58020,1
58022,2
58029,1
58032,1
58035,1
58042,1
58045,1
58048,1
58052,1
58054,3
58057,1
58061,2
58064,2
58067,3
58071,1
58083,1
58090,1
58093,1
58099,1
58102,1
58105,1
58112,3
58121,2
58122,1
58128,3
58132,1
58140,1
58147,2
58151,2
58160,1
58163,2
58164,1
58172,1
58176,1
58179,1
58183,1
58192,2
58195,1
58198,1
58205,1
58208,3
58214,2
58215,1
58218,1
58220,1
58224,1
58227,2
58230,1
58234,1
58237,1
58240,1
58243,1
58246,2
58250,1
58252,1
58253,1
58266,1
58269,1
58275,1
58278,1
58279,1
58281,1
58285,1
58291,1
58295,2
58304,1
58307,1
58310,1
58313,2
58314,1
58317,1
58320,1
58323,1
58327,1
58329,1
58330,1
58332,1
58336,1
58339,1
58343,1
58352,1
58355,2
58361,1
58362,1
58365,1
58368,1
58371,1
58374,1
58375,1
58378,1
58381,2
58394,1
58397,2
58400,3
58407,1
58410,1
58413,1
58416,2
58420,1
58422,3
58423,2
58428,1
58432,2
58438,1
58439,1
58441,1
58442,2
58444,1
58445,1
58451,2
58454,2
58455,1
58458,1
58461,1
58467,1
58471,1
58473,1
58476,1
58477,1
58483,3
58484,1
58486,2
58489,1
58490,1
58493,2
58496,3
58502,1
58503,3
58509,3
58512,1
58515,2
58516,1
58518,2
58521,1
58522,2
58524,1
58525,3
58528,2
58534,1
58544,1
58547,1
58548,1
58551,1
58554,3
58560,3
58573,1
58576,1
58579,1
58592,1
58595,1
58598,2
58604,1
58605,1
58611,1
58615,1
58618,1
58624,2
58630,1
58631,1
58633,1
58636,1
58637,2
58640,1
58644,2
58646,3
58649,1
58650,2
58653,1
58659,2
58662,2
58663,1
58666,1
58669,2
58675,1
58678,1
58679,1
58682,2
58691,1
58692,1
58695,3
58698,2
58700,1
58701,2
58707,1
58713,1
58716,1
58717,1
58720,2
58723,1
58726,2
58727,1
58733,1
58736,1
58745,1
58749,1
58752,1
58755,1
58758,1
58759,3
58762,1
58764,2
58768,2
58771,1
58775,1
58778,2
58784,3
58787,3
58790,2
58794,2
58797,1
58800,1
58810,1
58813,1
58816,2
58819,1
58820,2
58822,1
58823,1
58825,2
58826,1
58828,2
58829,5
58832,4
58835,1
58848,2
58854,1
58855,1
58858,1
58861,2
58864,2
58867,1
58874,1
58877,2
58880,2
58883,3
58886,2
58887,2
58892,1
58893,1
58896,1
58899,1
58902,2
58903,1
58905,1
58908,1
58912,1
58915,1
58916,1
58918,1
58919,1
58921,3
58925,1
58931,1
58935,2
58937,2
58938,2
58944,2
58950,2
58951,1
58954,2
58960,1
58963,2
58967,1
58969,2
58970,1
58973,1
58982,1
58986,2
58988,1
58998,1
59001,1
59002,2
59008,1
59011,1
59014,1
59015,1
59021,2
59024,1
59027,2
59028,1
59030,1
59033,1
59034,2
59037,1
59040,1
59043,1
59046,1
59047,1
59050,1
59056,3
59059,4
59066,1
59069,2
59072,1
59075,1
59079,2
59082,1
59085,1
59088,1
59091,4
59092,1
59097,2
59098,1
59100,1
59104,3
59107,1
59111,1
59113,1
59117,1
59123,1
59124,1
59126,2
59130,2
59133,2
59136,2
59139,2
59142,2
59149,2
59152,1
59158,1
59159,1
59165,3
59171,2
59174,1
59184,1
59187,3
59190,2
59193,2
59194,2
59197,2
59200,1
59206,2
59207,3
59210,1
59213,1
59216,2
59219,3
59223,1
59225,1
59226,1
59229,1
59238,1
59242,1
59244,1
59245,3
59248,2
59251,3
59252,1
59255,1
59257,1
59258,2
59261,1
59267,1
59270,1
59271,3
59274,3
59277,1
59284,1
59286,1
59287,1
59292,1
59302,1
59309,1
59312,3
59315,1
59316,1
59318,1
59321,1
59322,2
59325,1
59328,2
59331,3
59341,1
59344,2
59354,1
59356,1
59357,1
59360,1
59367,4
59369,2
59370,1
59372,1
59373,1
59376,3
59382,1
59383,1
59385,2
59386,1
59389,1
59392,5
59395,1
59405,4
59408,3
59411,1
59414,1
59417,1
59418,1
59421,1
59424,1
59427,3
59430,1
59431,1
59433,1
59434,2
59437,2
59440,1
59443,1
59444,1
59446,1
59447,1
59449,2
59450,1
59453,2
59456,1
59463,1
59466,1
59468,1
59469,2
59472,2
59475,2
59481,1
59482,1
59485,1
59491,1
59494,2
59497,1
59501,1
59504,1
59507,3
59511,4
59514,2
59517,1
59520,3
59523,2
59533,4
59536,1
59543,1
59548,1
59549,1
59552,3
59556,1
59558,2
59559,1
59562,2
59564,1
59565,2
59568,1
59571,2
59574,3
59575,1
59581,1
59584,3
59587,1
59594,2
59597,5
59600,1
59603,1
59604,1
59606,1
59610,1
59616,2
59619,2
59622,1
59623,2
59625,1
59626,2
59628,1
59629,3
59632,2
59638,2
59642,4
59645,3
59648,5
59651,3
59652,1
59654,3
59655,1
59658,1
59660,1
59661,5
59664,2
59667,4
59670,3
59674,1
59686,2
59689,1
59690,1
59692,1
59693,1
59696,2
59699,2
59703,1
59705,1
59706,3
59709,2
59712,2
59715,1
59716,1
59718,4
59725,1
59731,1
59735,1
59738,1
59741,1
59744,4
59747,2
59750,1
59753,3
59757,2
59760,3
59763,3
59767,1
59770,1
59772,1
59773,1
59776,2
59779,1
59782,2
59783,2
59786,1
59789,3
59792,5
59802,1
59805,2
59811,1
59817,2
59818,3
59821,4
59824,1
59827,2
59828,1
59834,1
59837,2
59843,1
59846,4
59852,3
59856,1
59859,4
59862,1
59863,1
59865,1
59872,1
59876,2
59879,1
59882,1
59885,2
59888,1
59891,1
59892,2
59894,2
59898,3
59904,4
59910,2
59911,2
59913,1
59917,2
59920,1
59923,1
59926,2
59927,1
59930,1
59936,3
59939,2
59942,2
59943,2
59945,2
59946,1
59949,4
59952,2
59955,2
59956,1
59958,1
59959,1
59961,1
59962,1
59968,5
59971,4
59975,2
59978,3
59980,1
59984,1
59988,1
59993,1
59994,2
59996,1
59997,4
60003,2
60006,2
60007,1
60009,1
60010,1
60016,1
60019,3
60020,1
60022,2
60023,1
60025,3
60026,3
60029,3
60032,5
60035,1
60038,2
60039,1
60042,3
60044,1
60045,1
60048,3
60051,1
60055,3
60058,1
60061,2
60070,1
60073,2
60074,2
60077,3
60080,5
60083,2
60089,2
60090,1
60093,1
60096,3
60100,2
60106,3
60108,3
60109,4
60112,2
60115,1
60116,1
60122,2
60125,2
60128,3
60131,2
60132,2
60135,1
60137,2
60138,1
60141,2
60144,6
60147,1
60153,2
60154,1
60157,2
60160,2
60163,1
60164,1
60166,1
60167,1
60172,1
60173,2
60176,2
60179,4
60180,1
60182,1
60186,2
60189,4
60192,5
60198,1
60199,1
60202,2
60205,1
60208,2
60211,1
60212,2
60214,1
60215,1
60217,1
60218,1
60221,2
60224,3
60227,3
60228,1
60230,2
60231,1
60234,1
60236,1
60237,2
60240,3
60243,5
60246,1
60247,1
60249,1
60250,1
60256,2
60259,2
60265,1
60266,2
60269,1
60272,1
60275,2
60278,3
60281,1
60282,3
60284,1
60285,1
60288,4
60291,2
60294,1
60295,3
60300,2
60301,2
60304,3
60307,3
60308,3
60310,1
60313,3
60317,1
60320,3
60326,1
60327,1
60330,1
60333,1
60336,1
60339,2
60340,1
60345,1
60348,1
60349,2
60352,3
60355,3
60356,1
60358,2
60359,1
60361,2
60362,1
60365,1
60368,1
60375,2
60384,2
60387,1
60390,1
60391,1
60393,2
60397,4
60403,3
60407,1
60409,3
60410,2
60412,1
60413,3
60416,3
60422,3
60423,2
60428,1
60429,2
60432,2
60435,1
60438,1
60442,2
60445,1
60448,1
60451,2
60454,1
60455,2
60461,1
60464,3
60467,5
60468,1
60471,1
60473,1
60474,2
60476,2
60477,1
60480,5
60486,1
60487,2
60489,2
60490,1
60493,5
60496,3
60499,3
60500,2
60502,2
60505,1
60506,2
60509,3
60512,4
60518,1
60519,1
60522,1
60525,4
60528,2
60531,4
60532,2
60534,2
60537,1
60538,1
60540,2
60541,1
60544,3
60547,4
60548,1
60550,1
60551,1
60554,1
60557,4
60560,1
60563,2
60564,1
60566,4
60570,1
60572,4
60573,4
60576,4
60579,1
60580,1
60582,1
60583,3
60589,1
60592,1
60595,1
60599,3
60602,2
60605,2
60608,6
60611,3
60612,1
60614,2
60615,1
60617,1
60618,1
60620,1
60621,3
60624,1
60627,2
60630,1
60633,1
60640,2
60646,1
60647,1
60649,1
60650,3
60659,2
60662,1
60663,1
60668,1
60669,1
60672,3
60675,1
60676,2
60678,1
60679,1
60682,1
60684,1
60685,3
60688,3
60691,2
60692,2
60697,2
60700,1
60704,7
60708,1
60710,1
60711,2
60713,1
60714,1
60717,3
60720,2
60723,2
60724,1
60727,1
60729,1
60730,3
60732,2
60736,4
60742,3
60745,1
60746,1
60749,5
60752,2
60755,4
60756,1
60759,1
60762,2
60765,4
60768,2
60771,1
60772,1
60774,2
60775,2
60777,1
60778,1
60780,1
60784,1
60787,1
60788,1
60790,1
60791,2
60793,1
60794,1
60797,1
60800,5
60803,3
60806,2
60807,1
60810,2
60813,3
60816,2
60819,2
60828,1
60829,1
60832,2
60835,1
60838,2
60839,1
60841,2
60842,1
60844,1
60845,1
60848,2
60851,1
60852,1
60854,2
60855,1
60857,2
60858,1
60864,2
60867,2
60870,2
60871,1
60873,2
60874,1
60876,1
60880,1
60883,2
60886,1
60887,2
60889,3
60890,1
60893,1
60896,2
60899,5
60903,4
60905,2
60906,1
60909,1
60912,1
60915,2
60916,2
60918,2
60919,3
60922,1
60924,1
60925,3
60928,5
60931,2
60934,4
60935,1
60940,4
60941,2
60944,4
60947,2
60948,1
60950,1
60953,1
60954,4
60957,3
60960,4
60963,4
60966,3
60967,1
60969,1
60970,1
60973,3
60976,2
60979,3
60983,1
60985,1
60986,1
60989,1
60992,3
60995,1
60996,3
60998,7
61002,1
61004,1
61005,6
61008,4
61011,2
61012,1
61014,2
61017,1
61020,1
61021,1
61024,2
61027,3
61030,1
61031,1
61034,2
61036,1
61040,4
61043,4
61046,1
61047,2
61049,2
61050,3
61053,3
61056,2
61059,1
61060,1
61062,1
61066,1
61072,1
61076,2
61079,1
61081,2
61082,2
61088,3
61091,4
61094,4
61095,2
61098,1
61101,4
61104,1
61107,7
61108,2
61110,3
61113,4
61114,3
61116,2
61117,1
61120,3
61123,3
61127,2
61132,3
61133,3
61136,2
61139,5
61142,1
61145,1
61149,2
61155,2
61156,2
61159,2
61162,1
61165,3
61168,2
61171,1
61178,2
61180,1
61181,2
61184,2
61187,1
61188,1
61190,2
61193,1
61197,3
61200,3
61203,6
61206,1
61207,3
61210,3
61213,2
61216,3
61223,1
61232,2
61235,1
61236,1
61238,1
61239,2
61242,1
61248,1
61251,2
61252,1
61254,1
61255,1
61257,1
61258,2
61261,4
61264,5
61267,4
61270,5
61271,1
61274,2
61277,3
61280,1
61283,2
61284,1
61286,4
61289,1
61290,1
61296,1
61299,4
61302,2
61303,2
61306,2
61308,1
61309,2
61312,5
61315,1
61316,1
61318,1
61319,1
61321,1
61322,2
61325,3
61328,2
61331,3
61334,1
61338,1
61341,3
61344,2
61347,3
61348,1
61351,2
61353,1
61354,3
61357,6
61360,4
61363,2
61366,3
61367,1
61370,3
61373,3
61376,3
61379,2
61380,1
61382,1
61386,1
61388,3
61389,1
61395,3
61396,1
61398,1
61399,2
61402,1
61405,1
61411,2
61414,2
61415,2
61417,2
61418,1
61420,1
61421,1
61424,4
61427,2
61428,1
61434,2
61440,2
61443,2
61446,6
61449,1
61453,4
61459,1
61460,1
61462,1
61465,2
61466,1
61469,2
61472,4
61475,2
61478,2
61479,1
61482,1
61485,2
61488,3
61491,7
61492,1
61495,1
61497,1
61498,2
61504,2
61507,1
61510,4
61513,1
61516,3
61517,3
61520,5
61523,4
61524,1
61526,4
61527,1
61529,1
61530,4
61532,1
61533,1
61536,2
61539,3
61540,1
61542,2
61543,2
61545,2
61546,1
61549,7
61552,5
61555,3
61559,2
61561,1
61562,1
61564,1
61565,3
61568,1
61574,2
61577,2
61578,1
61580,1
61581,1
61584,2
61587,4
61588,1
61590,3
61591,2
61593,3
61594,1
61597,3
61600,2
61603,1
61606,2
61607,1
61609,1
61613,4
61616,2
61619,2
61620,1
61623,3
61626,2
61629,4
61632,3
61635,3
61636,2
61638,4
61642,2
61644,1
61645,2
61648,2
61654,3
61655,1
61657,3
61658,2
61661,2
61664,4
61667,1
61670,4
61671,1
61673,2
61674,2
61677,9
61683,2
61684,1
61686,2
61687,2
61689,3
61690,1
61692,1
61693,1
61696,4
61699,4
61702,2
61703,1
61709,4
61712,3
61715,6
61716,1
61718,1
61719,1
61722,2
61725,2
61728,4
61731,4
61732,1
61734,2
61735,1
61740,1
61741,3
61744,6
61750,1
61751,1
61753,1
61754,5
61760,1
61763,2
61766,4
61767,1
61769,1
61770,2
61772,2
61773,2
61776,2
61779,3
61782,2
61783,2
61786,3
61788,1
61789,1
61792,1
61795,1
61799,1
61801,1
61802,1
61805,1
61808,3
61811,5
61814,3
61815,1
61817,2
61818,2
61821,3
61824,3
61830,2
61831,2
61834,2
61836,1
61837,3
61840,3
61843,6
61844,2
61846,2
61849,5
61850,2
61852,2
61853,2
61856,4
61859,2
61862,2
61866,1
61869,5
61872,1
61875,3
61876,2
61881,1
61882,1
61885,4
61888,3
61891,1
61892,1
61894,3
61898,2
61900,1
61901,2
61904,1
61907,3
61908,1
61910,4
61911,3
61914,3
61917,1
61920,6
61923,2
61926,1
61927,3
61929,2
61930,2
61932,1
61933,4
61936,1
61939,2
61940,2
61942,3
61943,2
61946,5
61948,1
61949,2
61952,2
61955,2
61958,5
61959,1
61962,1
61964,2
61965,2
61968,5
61971,4
61972,1
61974,3
61975,1
61977,1
61978,5
61981,3
61984,10
61987,1
61990,2
61993,1
61994,1
61997,1
62000,4
62003,4
62004,1
62006,1
62007,4
62009,3
62010,2
62012,4
62016,3
62022,4
62023,1
62025,1
62028,1
62029,2
62032,6
62035,6
62036,1
62038,2
62042,4
62044,1
62045,3
62048,1
62051,3
62052,3
62057,1
62058,1
62060,2
62061,4
62064,3
62067,3
62070,1
62073,3
62074,5
62080,3
62083,3
62084,1
62087,5
62090,1
62092,1
62093,2
62096,4
62099,3
62103,3
62105,1
62106,2
62109,1
62112,4
62115,2
62118,1
62119,4
62121,2
62122,1
62125,2
62128,4
62131,3
62134,1
62137,1
62138,1
62140,1
62141,4
62144,2
62147,1
62150,1
62151,1
62153,1
62154,2
62160,1
62163,2
62164,2
62166,1
62169,1
62170,3
62173,2
62176,4
62182,3
62183,1
62185,1
62188,1
62189,2
62192,1
62195,5
62196,1
62198,1
62199,1
62205,3
62208,1
62211,5
62212,1
62214,1
62215,1
62217,2
62218,1
62221,1
62224,4
62227,7
62228,3
62231,3
62233,1
62234,1
62240,6
62243,3
62246,3
62247,4
62249,2
62250,2
62252,1
62253,2
62256,1
62259,1
62260,1
62262,3
62263,2
62265,2
62266,2
62269,3
62272,3
62275,2
62276,1
62278,3
62279,1
62281,1
62282,1
62284,1
62285,2
62288,2
62291,2
62294,1
62295,2
62300,1
62301,1
62304,1
62307,1
62308,2
62310,1
62311,2
62313,1
62314,1
62317,1
62320,1
62323,2
62326,1
62327,2
62329,1
62330,2
62333,2
62336,5
62339,1
62340,1
62342,1
62343,4
62346,1
62348,1
62349,3
62352,3
62355,2
62356,2
62358,1
62359,1
62361,1
62362,1
62364,1
62365,3
62368,1
62371,1
62374,2
62375,4
62377,1
62378,3
62380,1
62381,3
62384,4
62387,2
62388,1
62390,3
62391,1
62394,1
62397,5
62400,5
62403,3
62406,5
62407,1
62409,1
62410,3
62412,2
62413,4
62416,2
62419,5
62420,2
62422,1
62425,1
62426,2
62432,5
62435,3
62436,1
62438,3
62439,2
62441,1
62442,1
62445,2
62448,3
62451,2
62452,1
62454,1
62455,1
62457,2
62458,4
62460,1
62461,3
62464,3
62467,4
62468,1
62470,2
62471,2
62473,1
62474,3
62476,1
62477,3
62480,4
62483,3
62486,1
62489,2
62490,4
62492,3
62493,3
62496,5
62502,3
62503,1
62505,1
62506,1
62508,1
62509,3
62512,2
62515,1
62518,2
62519,1
62522,2
62525,3
62528,4
62531,3
62537,1
62538,2
62547,3
62548,2
62550,3
62553,1
62556,2
62557,3
62563,1
62567,1
62569,1
62570,2
62573,2
62576,2
62579,5
62580,1
62582,2
62585,2
62586,2
62589,2
62598,5
62599,2
62605,2
62608,4
62611,3
62612,2
62614,1
62618,2
62621,3
62624,9
62627,2
62628,1
62636,1
62637,3
62640,3
62643,2
62644,1
62646,1
62647,1
62649,1
62650,2
62653,2
62656,1
62659,1
62663,1
62665,2
62668,2
62669,4
62672,4
62675,3
62678,2
62679,2
62681,2
62682,3
62684,1
62685,2
62688,2
62692,3
62695,1
62697,1
62700,1
62701,1
62704,3
62707,5
62710,1
62713,1
62714,1
62716,2
62717,3
62720,2
62723,2
62726,5
62727,2
62732,4
62733,3
62736,6
62739,5
62742,2
62745,2
62746,2
62748,2
62749,1
62755,6
62758,3
62762,1
62765,2
62768,2
62771,3
62775,1
62777,2
62778,1
62780,1
62781,1
62784,2
62787,3
62790,2
62793,3
62794,1
62796,1
62797,6
62800,4
62803,2
62804,1
62806,2
62809,2
62810,3
62813,2
62816,4
62819,5
62820,1
62822,3
62823,2
62825,1
62828,1
62829,7
62832,1
62835,3
62838,2
62839,1
62842,2
62844,1
62845,3
62848,4
62851,3
62852,2
62855,2
62857,1
62858,2
62861,2
62864,7
62867,4
62870,2
62873,2
62874,5
62880,6
62883,1
62884,1
62886,3
62889,1
62893,3
62896,1
62899,2
62902,1
62905,2
62906,1
62909,2
62912,7
62915,3
62918,1
62919,2
62921,1
62925,5
62928,4
62931,8
62932,1
62934,1
62937,1
62938,3
62941,6
62944,2
62947,2
62950,3
62951,3
62953,3
62954,1
62957,1
62960,1
62963,3
62964,1
62966,2
62967,3
62969,4
62970,1
62973,4
62976,8
62982,5
62983,4
62985,2
62986,4
62989,5
62992,8
62995,6
62996,3
62998,2
62999,2
63001,1
63002,3
63005,10
63008,5
63011,3
63012,2
63014,4
63017,1
63018,2
63020,2
63021,6
63024,1
63027,3
63028,2
63030,1
63031,2
63033,1
63037,3
63040,1
63043,1
63044,1
63046,2
63047,1
63050,1
63053,5
63056,1
63059,5
63060,1
63062,3
63065,2
63066,2
63069,3
63072,2
63075,3
63078,1
63079,2
63085,3
63088,6
63091,4
63092,1
63097,1
63098,6
63100,3
63101,2
63104,3
63107,2
63110,1
63114,3
63116,4
63117,1
63120,4
63123,5
63127,3
63129,2
63130,1
63132,1
63133,3
63136,3
63139,3
63142,4
63146,2
63148,1
63149,3
63152,3
63155,2
63156,2
63158,2
63159,2
63161,1
63162,2
63165,2
63168,3
63171,6
63174,1
63175,3
63178,1
63184,4
63187,3
63190,3
63191,3
63193,3
63194,1
63197,3
63200,3
63203,1
63204,1
63206,2
63207,2
63209,1
63210,1
63212,1
63213,1
63216,3
63219,3
63220,2
63222,3
63226,2
63229,3
63232,3
63235,4
63238,1
63239,1
63241,2
63242,1
63248,4
63251,1
63252,1
63255,1
63257,1
63258,1
63260,2
63261,2
63264,4
63267,2
63270,2
63271,2
63273,1
63274,1
63276,2
63277,6
63280,1
63283,3
63284,3
63286,3
63287,3
63289,3
63290,6
63292,1
63293,2
63296,5
63299,2
63300,1
63302,3
63303,1
63305,1
63308,1
63309,3
63312,1
63315,5
63318,2
63319,1
63321,5
63322,3
63325,2
63328,4
63331,3
63334,7
63335,1
63337,1
63338,1
63341,5
63344,1
63347,3
63348,1
63350,2
63351,1
63353,2
63354,2
63357,1
63360,5
63363,3
63364,1
63366,3
63367,2
63369,2
63370,3
63373,4
63376,5
63379,1
63383,1
63385,2
63386,3
63388,3
63392,3
63395,3
63398,2
63399,2
63402,4
63404,1
63405,4
63408,4
63411,1
63414,3
63415,1
63417,1
63418,5
63420,1
63421,1
63424,7
63427,4
63430,4
63431,1
63433,2
63434,2
63437,2
63440,5
63443,4
63444,1
63446,2
63449,5
63450,1
63452,2
63453,2
63456,2
63459,2
63462,1
63463,1
63465,2
63466,3
63469,4
63472,4
63475,4
63476,2
63481,2
63482,2
63484,2
63485,2
63488,6
63491,2
63492,2
63494,4
63498,4
63500,2
63501,7
63504,1
63507,4
63508,1
63510,3
63513,3
63514,3
63516,1
63517,3
63520,4
63523,2
63526,3
63527,1
63529,1
63530,1
63532,2
63533,8
63536,2
63539,2
63540,1
63545,5
63546,2
63549,1
63555,1
63556,1
63558,6
63559,5
63561,2
63562,1
63565,3
63568,5
63571,6
63572,1
63580,2
63581,1
63584,2
63587,4
63590,3
63591,2
63593,3
63594,3
63597,5
63600,3
63603,8
63606,4
63607,2
63609,4
63610,2
63612,1
63613,3
63616,5
63619,1
63622,3
63623,3
63625,1
63629,4
63632,4
63635,4
63636,3
63638,1
63639,1
63641,1
63642,3
63644,1
63645,2
63648,6
63651,3
63654,5
63655,2
63657,3
63658,1
63661,5
63664,3
63667,5
63668,1
63670,2
63671,1
63673,2
63674,4
63677,2
63680,8
63683,4
63684,2
63686,3
63687,2
63689,2
63690,1
63692,1
63693,4
63696,2
63699,2
63700,1
63703,1
63705,2
63706,4
63709,4
63712,6
63715,2
63716,1
63718,2
63719,1
63721,1
63725,3
63728,1
63731,4
63732,1
63734,3
63735,1
63737,1
63738,4
63740,1
63744,3
63747,1
63750,3
63751,1
63753,3
63754,4
63756,1
63757,4
63760,2
63763,3
63766,1
63767,1
63769,2
63772,1
63773,5
63776,5
63779,3
63782,3
63783,3
63785,1
63786,1
63788,1
63789,6
63795,11
63796,1
63798,5
63799,2
63801,3
63802,2
63805,2
63808,9
63811,3
63812,2
63814,4
63815,1
63817,2
63818,1
63821,1
63827,4
63828,1
63830,2
63831,2
63833,3
63834,4
63836,1
63837,1
63840,3
63844,1
63846,2
63847,1
63849,1
63850,3
63856,1
63859,6
63863,2
63865,1
63866,5
63869,3
63872,4
63875,2
63878,2
63879,2
63882,2
63884,2
63885,1
63888,3
63891,7
63894,2
63895,4
63897,3
63898,2
63900,3
63901,3
63904,4
63907,2
63908,4
63910,2
63911,4
63917,6
63920,3
63923,3
63926,1
63927,2
63929,2
63930,1
63936,3
63939,2
63940,2
63943,3
63946,2
63948,1
63949,5
63952,1
63955,1
63958,3
63959,3
63961,4
63962,2
63965,1
63968,10
63971,2
63972,1
63974,4
63975,1
63978,3
63980,2
63981,4
63984,1
63987,3
63988,1
63990,2
63994,2
63997,1
64000,5
64003,3
64006,3
64012,2
64013,2
64016,2
64019,3
64022,1
64023,1
64025,1
64026,1
64028,2
64029,2
64032,4
64035,4
64036,2
64038,4
64039,2
64041,2
64042,2
64045,4
64048,2
64051,2
64054,3
64057,1
64058,4
64060,2
64061,2
64064,6
64067,3
64070,4
64071,4
64074,2
64076,1
64077,1
64080,5
64083,2
64084,1
64086,1
64087,1
64089,2
64093,3
64096,4
64099,4
64102,3
64103,4
64105,2
64106,2
64109,5
64112,2
64115,4
64116,2
64118,1
64119,1
64121,1
64122,2
64124,1
64125,2
64128,3
64131,1
64134,3
64135,1
64137,1
64138,1
64140,1
64141,2
64144,4
64147,3
64148,1
64150,1
64153,1
64154,3
64157,1
64160,2
64163,3
64164,2
64166,3
64167,2
64169,2
64170,3
64172,1
64173,2
64176,2
64179,2
64180,1
64182,4
64183,1
64185,2
64186,5
64188,2
64189,3
64192,4
64195,3
64198,3
64199,2
64201,1
64205,3
64208,1
64211,3
64212,1
64217,5
64218,3
64221,2
64224,2
64227,4
64228,1
64230,1
64233,1
64234,2
64236,3
64237,1
64240,2
64243,3
64244,1
64246,1
64247,1
64250,4
64252,1
64253,1
64256,3
64259,3
64263,4
64265,3
64266,4
64268,1
64269,2
64272,1
64275,2
64276,1
64278,2
64279,2
64281,3
64282,7
64284,1
64285,1
64288,7
64291,3
64294,4
64297,1
64298,1
64300,3
64301,7
64304,3
64307,3
64308,1
64310,2
64313,3
64316,1
64317,5
64320,4
64323,1
64326,1
64327,1
64329,2
64330,1
64332,2
64333,4
64336,2
64339,4
64340,1
64342,1
64343,1
64345,2
64346,3
64348,1
64349,1
64352,3
64355,1
64356,1
64358,3
64359,3
64362,2
64364,1
64365,2
64368,1
64371,3
64374,1
64377,2
64378,3
64384,8
64387,1
64388,1
64390,5
64391,2
64397,5
64400,8
64403,3
64404,2
64406,1
64409,3
64410,4
64413,2
64416,3
64419,1
64420,1
64422,3
64423,2
64425,2
64426,1
64432,3
64435,2
64438,1
64439,2
64445,4
64448,5
64454,3
64455,3
64457,3
64458,1
64461,3
64464,2
64467,3
64468,2
64470,1
64474,4
64477,4
64480,3
64484,1
64486,2
64487,2
64492,4
64493,2
64496,3
64499,3
64500,1
64502,4
64503,1
64505,1
64506,1
64509,4
64512,5
64515,1
64516,2
64518,2
64519,1
64521,1
64522,1
64525,5
64528,4
64531,4
64534,3
64535,2
64538,1
64541,3
64544,3
64547,2
64550,5
64551,5
64553,1
64556,2
64557,3
64560,2
64563,3
64564,1
64566,2
64569,5
64570,5
64572,2
64573,3
64579,5
64582,1
64583,1
64586,3
64588,2
64589,2
64592,2
64595,6
64598,4
64599,1
64601,2
64602,4
64604,1
64605,1
64608,4
64611,3
64614,2
64615,2
64617,2
64618,3
64621,3
64624,6
64627,6
64628,1
64630,1
64631,1
64633,1
64634,7
64636,2
64637,2
64640,5
64643,1
64646,4
64647,3
64649,2
64650,2
64653,4
64656,3
64659,3
64662,4
64663,1
64665,3
64666,1
64669,4
64672,6
64675,4
64678,3
64679,1
64682,1
64684,3
64685,1
64688,4
64691,4
64694,2
64697,1
64698,2
64701,2
64704,5
64707,1
64708,1
64710,3
64711,6
64713,4
64717,4
64723,2
64724,2
64726,3
64729,1
64730,6
64733,5
64736,6
64739,1
64740,1
64742,3
64743,2
64748,1
64749,8
64752,2
64755,4
64756,2
64758,2
64759,2
64761,4
64762,1
64764,1
64765,4
64768,8
64771,1
64774,1
64775,7
64780,3
64781,6
64787,1
64788,1
64790,2
64791,2
64793,6
64794,6
64797,3
64800,4
64803,2
64806,5
64809,3
64810,2
64812,2
64813,5
64816,3
64819,4
64822,2
64823,1
64825,1
64826,2
64829,2
64832,7
64838,2
64841,1
64842,3
64844,1
64845,5
64848,2
64851,2
64854,1
64855,3
64858,2
64860,1
64861,3
64864,6
64868,1
64870,2
64871,2
64873,1
64874,5
64877,2
64880,1
64883,4
64887,2
64889,2
64890,2
64892,1
64896,7
64899,4
64900,1
64902,2
64903,1
64905,1
64906,1
64908,1
64909,6
64912,4
64915,3
64918,1
64919,2
64922,4
64924,1
64925,1
64928,6
64931,5
64934,2
64935,2
64937,1
64938,3
64940,1
64941,3
64947,4
64950,4
64951,1
64953,4
64954,1
64957,5
64960,6
64963,5
64966,2
64967,1
64969,1
64970,1
64972,1
64979,5
64980,1
64982,1
64985,1
64986,3
64989,2
64992,6
64995,3
64998,1
64999,5
65002,3
65004,2
65005,3
65008,4
65011,2
65012,2
65014,2
65015,1
65017,1
65018,1
65020,1
65021,6
65024,4
65027,6
65028,1
65030,4
65031,2
65033,2
65034,3
65037,3
65040,2
65043,3
65044,2
65046,1
65047,2
65049,2
65050,3
65053,3
65056,5
65059,3
65062,3
65063,1
65065,1
65068,1
65069,5
65072,3
65075,6
65076,1
65078,3
65081,1
65082,5
65085,3
65088,6
65091,1
65094,4
65095,1
65098,4
65100,1
65101,1
65104,2
65107,8
65108,1
65110,4
65111,1
65113,4
65114,4
65116,1
65117,6
65120,5
65123,2
65124,1
65126,3
65127,1
65129,1
65130,1
65132,1
65133,5
65136,5
65139,2
65140,2
65143,2
65145,2
65146,2
65148,2
65149,4
65152,4
65155,1
65158,4
65159,3
65161,1
65162,3
65164,3
65165,1
65168,3
65171,7
65172,2
65175,3
65177,2
65178,3
65180,1
65181,1
65184,6
65187,3
65188,1
65190,2
65191,1
65193,1
65194,4
65197,1
65200,2
65203,1
65206,5
65207,2
65209,1
65210,3
65212,1
65213,4
65216,7
65219,3
65220,1
65222,4
65223,1
65225,1
65226,1
65228,3
65229,2
65232,3
65235,5
65236,1
65238,1
65239,2
65241,2
65242,4
65244,2
65245,3
65248,7
65251,1
65252,1
65254,3
65255,1
65257,3
65258,3
65260,2
65261,4
65264,5
65267,5
65268,1
65270,2
65271,2
65273,4
65274,2
65277,4
65280,4
65283,5
65284,2
65286,5
65289,1
65290,2
65293,4
65296,4
65299,4
65300,1
65302,3
65305,3
65306,3
65309,6
65312,8
65315,2
65316,2
65318,2
65319,1
65321,1
65322,3
65328,5
65331,4
65332,2
65334,2
65335,2
65338,3
65340,2
65341,2
65344,5
65347,1
65348,1
65350,2
65351,1
65353,2
65356,1
65357,4
65360,1
65363,5
65364,1
65366,2
65369,3
65370,2
65373,2
65376,2
65382,3
65383,3
65385,2
65386,1
65389,5
65392,2
65395,3
65396,2
65398,3
65399,1
65401,1
65402,1
65405,1
65408,2
65411,1
65412,2
65414,3
65418,1
65420,3
65421,4
65424,5
65427,6
65428,2
65430,3
65431,2
65434,3
65436,2
65437,4
65440,6
65443,3
65446,5
65447,1
65450,3
65452,1
65453,4
65456,3
65459,5
65460,1
65462,1
65463,1
65465,3
65466,4
65468,1
65469,2
65472,5
65475,2
65479,2
65481,1
65482,1
65484,1
65485,6
65488,6
65491,6
65494,1
65495,1
65497,1
65501,1
65504,3
65507,2
65510,1
65511,2
65513,1
65514,3
65517,10
65520,2
65523,4
65524,2
65526,1
65529,1
65530,3
65533,3
65536,9
65539,2
65542,3
65543,1
65545,2
65546,1
65549,5
65552,7
65555,1
65558,5
65561,4
65562,1
65564,1
65565,2
65568,6
65571,1
65572,1
65574,1
65578,1
65581,3
65584,2
65587,3
65588,2
65590,2
65591,4
65593,1
65594,5
65597,3
65600,5
65603,3
65604,1
65606,6
65610,2
65612,2
65613,5
65616,1
65619,4
65622,2
65623,1
65625,2
65626,2
65628,1
65629,2
65632,4
65635,3
65636,2
65638,1
65639,1
65642,3
65644,2
65645,3
65648,4
65651,2
65657,3
65658,5
65661,1
65664,5
65667,3
65668,1
65670,4
65671,1
65673,1
65674,1
65676,2
65677,6
65680,6
65683,3
65687,2
65689,2
65692,1
65696,3
65699,4
65700,1
65702,3
65703,1
65705,1
65706,2
65708,1
65709,4
65712,1
65715,5
65716,1
65718,1
65721,2
65722,3
65724,1
65725,4
65728,2
65731,4
65734,8
65737,1
65738,1
65741,5
65744,5
65747,2
65748,2
65750,3
65751,1
65753,1
65754,1
65756,3
65757,2
65760,3
65763,2
65764,1
65766,3
65769,1
65772,2
65773,7
65776,4
65779,2
65782,3
65785,4
65786,1
65789,1
65792,2
65795,5
65796,2
65798,4
65799,1
65801,2
65802,4
65804,1
65805,5
65808,9
65811,4
65814,1
65815,1
65817,2
65818,2
65820,2
65821,3
65824,6
65827,5
65828,2
65830,2
65831,1
65833,1
65834,3
65836,1
65837,5
65840,2
65843,4
65844,2
65846,3
65847,1
65849,1
65850,2
65853,2
65856,3
65859,4
65860,1
65862,2
65863,1
65866,3
65869,4
65872,2
65875,3
65878,1
65881,2
65882,2
65884,1
65885,2
65888,5
65891,1
65894,4
65895,3
65897,2
65898,1
65901,4
65904,5
65907,4
65908,1
65910,2
65913,2
65916,1
65917,4
65920,4
65923,4
65926,1
65927,4
65929,1
65932,1
65933,6
65936,5
65939,4
65942,1
65943,2
65945,3
65946,6
65948,2
65949,2
65952,5
65955,1
65956,1
65958,2
65959,1
65961,2
65962,5
65964,1
65965,10
65968,4
65971,1
65972,1
65975,1
65977,4
65978,3
65981,2
65984,4
65987,3
65990,3
65991,1
65993,1
65994,1
65997,3
66000,5
66003,2
66004,2
66006,1
66009,4
66010,3
66013,2
66016,7
66020,3
66022,2
66023,2
66026,3
66029,4
66032,3
66035,5
66036,3
66039,2
66041,2
66042,3
66044,3
66045,2
66048,7
66051,1
66054,2
66055,1
66057,3
66058,5
66060,1
66061,5
66064,6
66067,4
66070,2
66071,2
66073,4
66074,4
66077,4
66080,4
66083,4
66086,5
66087,3
66089,1
66090,4
66093,6
66096,5
66099,6
66102,1
66103,1
66106,3
66108,2
66109,3
66112,7
66115,2
66116,1
66118,3
66119,3
66121,2
66122,4
66125,5
66128,4
66131,6
66135,1
66137,1
66138,3
66140,1
66141,1
66144,7
66147,2
66150,6
66151,4
66153,2
66156,1
66157,5
66160,4
66163,2
66166,2
66167,1
66170,3
66173,4
66176,3
66179,3
66180,1
66182,3
66183,2
66185,4
66186,3
66188,4
66189,8
66192,4
66195,6
66198,1
66199,1
66201,2
66202,5
66205,1
66208,6
66211,5
66214,3
66215,2
66217,2
66221,2
66224,1
66227,3
66228,1
66230,3
66231,1
66233,1
66234,7
66237,1
66240,5
66243,2
66246,3
66249,1
66250,1
66252,2
66253,7
66256,3
66259,3
66260,2
66262,2
66263,2
66265,2
66266,2
66268,1
66269,1
66272,4
66275,5
66278,5
66279,1
66281,2
66282,2
66284,2
66285,3
66288,8
66291,4
66292,2
66294,5
66295,1
66297,1
66298,4
66300,1
66301,3
66304,8
66307,1
66310,3
66311,1
66313,1
66314,1
66316,2
66317,8
66320,3
66323,5
66324,1
66326,1
66329,4
66330,2
66333,3
66336,4
66339,7
66340,1
66342,1
66343,2
66345,4
66346,1
66348,1
66349,6
66352,5
66355,8
66356,1
66358,2
66359,1
66361,1
66362,3
66365,2
66368,6
66371,2
66372,2
66374,2
66375,3
66377,1
66378,3
66381,5
66384,2
66387,3
66388,2
66390,1
66391,1
66393,1
66394,3
66397,6
66400,6
66403,3
66406,7
66407,2
66409,1
66410,6
66412,1
66413,1
66416,4
66419,2
66420,2
66422,2
66423,2
66425,3
66426,4
66429,4
66432,6
66435,3
66436,1
66438,4
66439,3
66441,1
66442,2
66444,1
66445,6
66448,5
66451,3
66454,2
66457,4
66458,3
66464,4
66467,5
66470,2
66471,2
66473,1
66474,3
66476,3
66477,7
66480,1
66483,4
66486,3
66487,2
66489,1
66490,2
66493,3
66496,4
66499,3
66500,1
66502,3
66503,2
66508,1
66509,3
66512,3
66515,2
66516,1
66518,1
66519,1
66521,3
66522,2
66525,4
66528,6
66531,1
66532,1
66534,4
66540,2
66541,4
66544,6
66547,4
66550,2
66551,1
66554,4
66557,4
66560,2
66563,2
66566,4
66567,3
66569,1
66570,2
66573,3
66576,5
66579,3
66580,2
66582,2
66585,1
66586,2
66588,2
66589,1
66592,6
66595,2
66598,4
66599,4
66601,1
66602,2
66604,3
66605,6
66608,4
66611,4
66612,1
66614,1
66615,2
66617,1
66620,2
66621,2
66624,9
66627,2
66628,1
66630,1
66631,5
66633,1
66634,3
66636,1
66637,3
66640,6
66643,2
66644,3
66646,1
66649,5
66653,6
66656,7
66659,5
66660,2
66662,5
66663,3
66666,3
66669,3
66672,2
66675,3
66676,3
66678,3
66679,1
66681,3
66682,5
66684,1
66685,3
66688,7
66691,4
66694,2
66695,2
66697,1
66698,3
66701,3
66704,3
66707,7
66710,1
66713,2
66714,6
66717,1
66720,3
66723,3
66724,2
66726,3
66730,3
66733,5
66736,7
66739,6
66740,1
66742,4
66745,2
66746,5
66752,6
66755,2
66758,1
66759,2
66765,1
66768,2
66771,3
66774,5
66775,1
66777,1
66778,4
66780,2
66781,4
66784,6
66787,1
66790,3
66791,3
66794,2
66796,2
66797,3
66800,4
66803,5
66806,1
66807,1
66809,1
66810,2
66812,1
66813,4
66816,2
66819,3
66822,3
66823,2
66826,3
66828,2
66829,6
66832,6
66835,2
66838,1
66839,2
66842,4
66844,1
66845,2
66848,5
66851,2
66852,1
66854,2
66855,3
66857,2
66858,2
66864,1
66867,4
66868,1
66870,2
66871,4
66874,6
66876,1
66877,3
66880,6
66883,2
66884,1
66886,3
66887,3
66890,3
66892,2
66893,7
66896,5
66899,4
66900,2
66902,2
66905,3
66906,4
66908,2
66909,4
66912,4
66915,1
66916,2
66918,3
66919,1
66921,2
66922,2
66925,4
66928,3
66931,4
66934,3
66935,2
66937,4
66938,3
66940,1
66941,1
66944,4
66947,2
66948,1
66950,4
66951,2
66953,2
66954,3
66956,1
66957,6
66960,8
66963,4
66964,1
66966,5
66967,2
66969,3
66970,4
66973,4
66976,4
66980,1
66982,3
66983,1
66985,4
66986,2
66989,2
66992,5
66995,2
66998,3
66999,1
67001,4
67002,5
67004,2
67005,3
67008,5
67011,3
67012,1
67014,3
67015,3
67017,2
67018,2
67020,2
67021,2
67024,4
67027,4
67028,1
67031,1
67033,1
67034,2
67036,1
67037,3
67040,4
67043,2
67044,1
67046,4
67047,1
67049,9
67050,3
67053,1
67056,5
67059,1
67062,1
67063,1
67065,2
67066,4
67068,2
67069,3
67072,5
67075,1
67078,1
67079,3
67081,1
67082,1
67084,1
67085,3
67088,5
67091,3
67094,6
67097,2
67098,8
67100,1
67101,6
67104,6
67107,1
67110,1
67111,3
67114,2
67116,3
67117,3
67120,6
67126,2
67127,1
67129,3
67130,1
67133,3
67136,5
67139,2
67142,2
67143,4
67146,1
67148,1
67149,6
67152,2
67155,5
67156,4
67158,3
67159,2
67161,3
67162,5
67164,2
67165,3
67168,5
67171,1
67172,1
67174,7
67175,3
67177,1
67178,2
67180,4
67181,1
67184,3
67187,4
67188,1
67190,3
67194,3
67197,3
67200,6
67203,6
67206,3
67207,1
67209,2
67210,3
67212,5
67213,6
67216,6
67219,2
67222,4
67223,2
67225,3
67226,3
67229,3
67232,5
67235,5
67238,1
67239,2
67241,1
67242,3
67245,5
67248,3
67251,5
67254,1
67255,5
67258,1
67261,6
67264,1
67267,1
67270,4
67271,1
67274,2
67277,5
67280,4
67283,6
67284,1
67286,2
67287,2
67289,4
67290,1
67293,7
67296,6
67299,2
67302,5
67303,1
67306,2
67308,1
67309,1
67312,2
67315,6
67316,2
67318,5
67319,2
67322,3
67325,3
67328,4
67331,5
67332,1
67334,6
67335,3
67337,1
67338,4
67341,4
67344,1
67347,4
67348,1
67350,4
67351,2
67353,1
67354,4
67357,3
67360,3
67363,2
67364,1
67366,7
67367,3
67369,1
67370,1
67372,1
67373,3
67376,1
67379,4
67382,3
67383,3
67385,1
67386,3
67389,5
67392,9
67395,1
67396,1
67398,2
67399,2
67401,2
67402,6
67404,1
67405,1
67408,4
67411,2
67412,3
67414,3
67415,1
67417,2
67418,4
67420,1
67421,2
67424,4
67427,3
67431,4
67433,1
67434,1
67436,1
67437,2
67440,6
67443,7
67446,2
67449,2
67450,2
67453,2
67456,5
67459,3
67462,5
67463,2
67466,5
67468,2
67469,1
67472,2
67475,3
67476,1
67478,4
67479,1
67481,2
67485,4
67488,1
67491,2
67492,1
67494,3
67498,4
67500,1
67501,5
67504,6
67507,3
67508,3
67510,3
67511,2
67513,1
67514,2
67517,5
67520,5
67523,1
67527,3
67529,1
67530,3
67532,2
67533,4
67536,3
67539,5
67540,1
67542,3
67543,1
67545,1
67546,2
67549,4
67552,3
67555,3
67556,1
67558,2
67559,4
67561,1
67562,3
67565,3
67568,2
67571,3
67574,2
67575,4
67578,4
67581,3
67584,5
67587,1
67588,2
67590,1
67591,1
67593,1
67594,3
67596,1
67597,2
67600,3
67603,5
67604,1
67606,3
67607,2
67609,4
67610,3
67613,3
67616,4
67619,4
67620,1
67622,3
67623,2
67625,1
67626,2
67628,1
67629,5
67632,2
67635,4
67636,1
67638,2
67639,1
67641,2
67642,4
67645,3
67648,3
67651,3
67654,4
67655,3
67657,1
67658,1
67660,2
67661,1
67664,6
67667,6
67670,1
67671,1
67673,2
67674,2
67676,1
67677,2
67680,5
67683,2
67686,3
67687,3
67689,1
67690,5
67692,1
67693,3
67696,2
67699,7
67702,1
67703,2
67705,2
67706,2
67709,1
67712,4
67715,8
67718,5
67721,2
67722,3
67724,1
67725,3
67728,5
67731,6
67732,1
67734,1
67735,4
67737,2
67738,5
67741,2
67744,2
67747,2
67748,3
67750,5
67751,2
67753,1
67754,2
67757,5
67760,2
67763,3
67766,2
67769,4
67770,6
67773,5
67776,4
67779,3
67780,1
67782,5
67783,3
67786,2
67788,3
67789,4
67792,4
67795,5
67796,1
67798,2
67799,3
67801,2
67802,2
67805,2
67808,3
67811,6
67812,2
67814,1
67815,2
67817,2
67818,5
67821,7
67824,2
67827,2
67830,2
67833,3
67834,1
67836,1
67840,7
67843,9
67846,4
67847,2
67850,3
67852,2
67853,3
67856,8
67859,4
67862,1
67863,1
67865,4
67866,5
67868,1
67869,4
67872,1
67875,3
67876,2
67878,4
67879,2
67881,1
67882,1
67885,2
67888,6
67894,1
67898,4
67901,4
67904,3
67907,2
67910,4
67911,2
67913,1
67917,5
67920,1
67923,3
67924,2
67926,2
67927,1
67929,1
67930,2
67932,1
67933,3
67936,7
67939,4
67940,1
67942,7
67943,5
67945,1
67946,1
67948,1
67949,4
67952,6
67955,8
67956,2
67958,2
67959,2
67961,2
67962,3
67964,1
67965,3
67968,4
67971,2
67972,1
67974,4
67978,3
67980,3
67981,4
67984,3
67987,1
67988,1
67990,2
67991,2
67993,1
67994,3
67996,2
67997,8
68000,6
68003,5
68004,2
68006,2
68007,2
68009,1
68010,2
68013,4
68016,5
68019,1
68020,2
68022,1
68023,4
68025,4
68026,6
68029,1
68032,4
68035,4
68038,2
68039,1
68045,8
68048,3
68051,3
68054,1
68055,1
68057,3
68061,5
68064,6
68067,3
68068,1
68070,2
68071,2
68073,1
68074,2
68076,3
68077,4
68083,4
68084,2
68086,1
68087,2
68090,5
68093,3
68096,8
68099,1
68100,1
68102,2
68103,5
68106,5
68108,1
68109,1
68112,7
68115,7
68116,3
68118,2
68119,1
68122,4
68125,4
68128,5
68131,6
68134,6
68135,2
68137,3
68138,4
68140,2
68141,6
68144,8
68147,5
68150,2
68151,3
68153,3
68154,1
68156,1
68157,2
68160,7
68163,6
68164,1
68166,3
68167,3
68169,3
68170,2
68173,1
68176,6
68179,4
68180,1
68182,2
68183,2
68185,1
68186,3
68189,4
68192,10
68195,6
68196,1
68198,1
68199,3
68202,1
68204,1
68205,4
68208,4
68211,1
68212,2
68214,4
68215,3
68217,3
68218,2
68221,1
68224,3
68227,2
68228,1
68230,2
68231,2
68233,2
68234,1
68236,1
68237,3
68240,5
68243,3
68244,1
68246,6
68247,2
68250,4
68252,2
68253,2
68256,4
68259,3
68260,1
68262,2
68263,1
68265,2
68266,3
68269,7
68272,5
68275,1
68278,5
68279,1
68281,2
68282,3
68284,1
68285,1
68288,8
68291,7
68292,2
68294,7
68295,5
68297,1
68298,3
68300,1
68301,4
68304,5
68307,4
68308,2
68310,2
68311,1
68314,4
68316,2
68317,1
68320,3
68323,5
68324,1
68326,3
68327,3
68329,1
68330,5
68332,1
68333,2
68336,4
68339,1
68342,2
68343,1
68345,2
68346,1
68348,1
68349,4
68352,4
68355,3
68358,3
68359,2
68361,3
68362,3
68364,1
68365,8
68368,5
68371,4
68374,2
68377,2
68378,1
68381,2
68384,5
68387,3
68390,1
68393,2
68396,4
68397,7
68400,6
68403,4
68404,2
68407,3
68409,3
68410,1
68413,6
68416,4
68419,2
68420,1
68422,5
68423,5
68425,2
68426,2
68428,2
68429,3
68432,2
68435,5
68436,1
68438,3
68439,2
68441,1
68442,3
68444,1
68445,3
68448,6
68451,3
68454,3
68455,2
68457,4
68458,1
68460,2
68461,4
68464,1
68467,7
68470,4
68473,3
68474,4
68476,2
68477,3
68480,3
68483,2
68484,1
68486,4
68487,2
68489,1
68490,1
68492,1
68493,8
68496,2
68499,3
68500,1
68502,1
68505,1
68506,4
68508,1
68509,2
68512,3
68515,1
68516,1
68518,2
68519,6
68522,1
68524,2
68525,3
68531,6
68532,2
68534,1
68535,2
68537,2
68538,5
68541,3
68544,5
68547,1
68550,3
68551,5
68553,3
68556,5
68557,5
68560,3
68563,3
68564,1
68566,2
68567,2
68569,4
68570,4
68573,3
68576,2
68579,6
68580,2
68582,1
68583,4
68585,1
68586,3
68588,3
68589,3
68592,1
68595,2
68596,1
68598,1
68599,2
68601,2
68602,5
68604,1
68605,7
68608,5
68611,1
68614,5
68615,1
68617,3
68618,1
68620,1
68621,2
68624,4
68627,3
68630,3
68631,3
68633,3
68634,5
68637,1
68640,6
68643,2
68644,1
68646,9
68650,1
68653,5
68656,2
68659,4
68660,4
68662,2
68663,1
68665,3
68668,2
68669,2
68672,6
68675,1
68676,1
68678,1
68681,1
68684,1
68685,6
68688,4
68691,11
68692,1
68694,2
68695,3
68697,2
68698,4
68701,3
68704,7
68707,5
68710,3
68711,2
68713,1
68714,2
68716,2
68717,3
68720,7
68723,6
68724,4
68726,3
68727,2
68729,2
68730,2
68732,3
68733,2
68736,4
68739,2
68742,1
68743,4
68745,1
68746,3
68748,2
68749,4
68752,5
68755,4
68756,2
68758,2
68759,2
68761,1
68762,4
68765,4
68768,8
68771,2
68774,3
68775,1
68778,5
68780,2
68781,1
68784,3
68787,3
68790,2
68791,1
68793,1
68794,3
68796,2
68797,3
68800,10
68803,1
68806,2
68807,5
68809,3
68810,2
68812,1
68813,8
68816,4
68819,5
68820,2
68822,1
68823,1
68825,2
68826,7
68829,3
68832,8
68835,1
68836,1
68838,1
68839,4
68841,2
68842,1
68844,1
68845,4
68848,3
68851,4
68852,2
68854,4
68858,1
68861,2
68864,5
68867,5
68870,1
68871,1
68873,1
68874,6
68876,2
68877,4
68880,1
68883,6
68884,1
68886,4
68887,3
68889,3
68890,4
68893,3
68896,7
68899,5
68900,1
68902,5
68903,1
68905,1
68906,5
68909,3
68912,2
68915,2
68916,1
68919,1
68921,2
68922,4
68925,2
68928,3
68931,3
68934,2
68935,2
68938,1
68940,2
68941,4
68944,4
68947,5
68950,6
68951,2
68953,4
68954,2
68957,4
68960,3
68963,2
68964,1
68966,3
68967,3
68969,1
68970,3
68972,1
68973,7
68976,3
68979,5
68980,1
68982,4
68983,2
68985,1
68986,3
68989,1
68992,4
68995,1
68996,1
68998,5
68999,3
69001,1
69002,1
69004,1
69005,3
69008,4
69011,3
69012,3
69014,4
69015,1
69017,6
69018,2
69021,3
69024,7
69027,2
69028,1
69031,1
69033,1
69034,3
69037,4
69040,1
69043,7
69044,1
69046,1
69047,1
69049,6
69050,2
69053,5
69056,13
69059,1
69060,1
69062,4
69063,1
69065,1
69066,1
69068,2
69069,4
69072,7
69075,4
69076,3
69078,2
69079,3
69081,2
69082,2
69084,2
69085,3
69088,8
69091,2
69092,2
69094,6
69095,1
69097,1
69098,5
69100,1
69104,5
69107,8
69108,1
69110,3
69111,1
69113,1
69114,4
69116,1
69117,2
69120,4
69123,5
69126,6
69127,6
69129,1
69130,2
69132,2
69133,8
69136,3
69139,8
69140,1
69142,2
69143,2
69145,5
69146,3
69148,1
69149,3
69152,4
69155,2
69156,1
69158,4
69159,3
69161,1
69162,2
69165,4
69168,8
69171,2
69172,2
69174,2
69175,1
69177,3
69178,5
69180,1
69181,3
69184,8
69187,2
69190,4
69191,1
69193,2
69194,3
69196,1
69197,3
69200,2
69203,4
69204,2
69206,8
69207,1
69209,2
69210,2
69213,4
69216,6
69219,3
69222,1
69223,1
69225,1
69226,5
69228,3
69229,4
69232,2
69235,3
69236,1
69238,2
69239,1
69241,4
69242,2
69244,1
69245,2
69248,8
69251,4
69254,5
69255,4
69257,3
69258,3
69260,2
69261,1
69264,4
69267,7
69268,1
69271,2
69273,5
69274,4
69277,9
69280,3
69283,3
69284,1
69286,3
69287,2
69289,3
69290,2
69292,2
69293,3
69296,3
69299,5
69300,1
69302,1
69303,2
69305,5
69306,2
69308,1
69309,5
69312,1
69315,1
69316,1
69318,2
69319,4
69321,2
69322,2
69324,1
69325,3
69328,2
69331,6
69334,4
69335,3
69337,3
69338,6
69340,1
69341,3
69344,4
69347,5
69351,2
69356,1
69357,4
69360,5
69363,2
69364,2
69366,5
69367,3
69369,3
69370,5
69372,1
69373,4
69376,6
69379,3
69380,1
69383,2
69385,1
69386,2
69389,5
69392,5
69395,3
69396,1
69398,1
69399,1
69401,3
69402,4
69405,1
69408,5
69411,4
69412,2
69414,3
69415,2
69417,1
69418,4
69421,4
69424,2
69427,7
69430,4
69431,1
69433,2
69434,3
69436,1
69437,3
69440,6
69443,4
69444,2
69446,4
69447,3
69449,2
69450,3
69452,2
69453,6
69456,2
69459,2
69460,2
69462,1
69465,4
69466,6
69469,1
69472,6
69475,7
69476,1
69478,5
69479,4
69482,2
69484,1
69485,4
69488,3
69491,5
69492,1
69494,1
69497,3
69498,2
69500,2
69501,2
69504,5
69507,2
69510,5
69511,2
69513,7
69514,3
69516,1
69517,5
69520,3
69523,4
69524,1
69526,1
69529,4
69530,8
69532,1
69533,3
69536,8
69539,3
69540,1
69542,7
69543,1
69545,4
69546,1
69548,1
69552,2
69555,5
69556,1
69559,1
69561,1
69562,6
69564,1
69565,6
69568,5
69571,7
69572,1
69574,3
69575,1
69577,3
69578,1
69580,2
69581,2
69584,2
69587,6
69588,1
69590,3
69591,2
69593,3
69594,6
69596,2
69597,7
69600,12
69603,2
69604,1
69606,4
69607,4
69610,1
69612,2
69613,6
69616,7
69619,3
69622,3
69623,2
69625,2
69626,3
69629,4
69632,5
69635,3
69636,1
69638,2
69639,2
69641,3
69642,1
69644,1
69645,5
69648,4
69651,7
69652,3
69654,2
69657,2
69658,4
69660,1
69661,2
69664,4
69667,1
69670,5
69671,3
69673,2
69677,3
69680,4
69683,2
69684,3
69687,2
69689,4
69690,2
69693,3
69696,6
69699,5
69702,3
69705,3
69708,2
69709,4
69712,3
69715,3
69716,2
69718,3
69719,2
69721,2
69722,3
69725,4
69728,6
69731,11
69734,4
69735,1
69737,1
69738,4
69741,3
69744,3
69747,2
69748,1
69750,2
69753,3
69754,6
69756,1
69757,4
69760,9
69763,1
69766,3
69767,2
69769,2
69772,2
69773,4
69776,3
69779,3
69782,2
69783,1
69785,3
69786,4
69788,1
69789,4
69792,6
69795,3
69796,1
69798,4
69799,1
69801,1
69802,3
69804,1
69805,5
69811,5
69812,2
69814,1
69815,1
69817,3
69818,2
69821,2
69824,8
69827,4
69828,1
69830,3
69831,1
69833,3
69834,8
69836,1
69837,3
69840,2
69843,4
69844,3
69846,2
69849,2
69853,9
69856,6
69859,2
69860,1
69862,1
69863,1
69866,3
69868,2
69869,3
69872,6
69875,1
69876,2
69879,1
69881,3
69882,1
69885,3
69888,7
69891,3
69894,3
69897,4
69898,2
69900,2
69901,3
69904,4
69907,5
69908,1
69911,2
69913,1
69914,2
69916,2
69920,9
69923,7
69926,4
69927,4
69929,1
69930,2
69933,6
69936,9
69939,2
69940,1
69942,3
69945,4
69946,4
69948,1
69949,1
69952,6
69955,3
69956,2
69958,5
69959,3
69961,2
69962,2
69964,1
69965,4
69968,2
69971,6
69972,1
69974,2
69975,3
69977,5
69978,3
69980,1
69981,3
69984,3
69987,4
69988,1
69990,2
69991,2
69993,6
69994,2
69996,1
69997,6
70000,4
70003,4
70006,3
70007,3
70009,2
70010,4
70012,1
70013,3
70016,8
70020,1
70022,3
70025,1
70026,1
70028,2
70029,4
70032,5
70035,4
70038,4
70039,1
70041,1
70042,4
70048,8
70051,2
70054,3
70055,1
70057,3
70058,1
70060,1
70061,4
70064,5
70067,2
70070,2
70071,3
70073,1
70074,2
70077,4
70080,5
70083,5
70084,3
70086,4
70087,4
70090,6
70093,2
70096,2
70099,6
70100,3
70102,4
70103,3
70105,3
70106,4
70109,2
70112,3
70115,4
70118,5
70119,2
70121,1
70122,5
70125,1
70128,7
70131,6
70132,3
70134,2
70135,4
70137,4
70138,2
70141,5
70144,8
70147,2
70148,1
70150,4
70153,1
70154,2
70156,1
70157,7
70160,5
70163,3
70164,2
70166,3
70167,1
70169,2
70170,2
70173,6
70176,11
70179,1
70180,1
70182,2
70183,4
70185,1
70186,3
70188,5
70189,2
70192,1
70195,2
70196,1
70198,2
70199,2
70201,3
70202,7
70204,2
70205,5
70208,5
70211,2
70212,1
70214,3
70215,4
70218,2
70221,5
70224,5
70227,3
70228,1
70230,1
70233,2
70234,2
70237,5
70240,6
70243,4
70244,1
70246,2
70247,4
70249,2
70250,1
70253,3
70256,2
70259,1
70265,5
70266,1
70268,1
70269,7
70272,7
70275,5
70276,1
70278,1
70279,2
70281,1
70282,2
70284,3
70285,8
70288,3
70291,3
70292,2
70294,6
70295,3
70298,2
70300,4
70301,2
70304,5
70307,1
70308,1
70311,3
70313,3
70314,2
70316,3
70317,2
70320,5
70323,3
70326,2
70327,3
70329,1
70330,2
70332,1
70333,1
70336,5
70339,3
70340,1
70342,4
70343,4
70345,4
70346,4
70349,5
70352,5
70355,8
70358,2
70359,1
70361,1
70362,5
70364,1
70365,2
70368,5
70371,1
70374,9
70377,1
70378,2
70380,2
70381,10
70384,4
70387,6
70388,2
70390,3
70393,3
70394,3
70396,1
70397,4
70400,8
70403,6
70404,3
70407,2
70409,1
70410,3
70412,3
70413,3
70416,5
70419,9
70420,1
70422,4
70423,1
70425,1
70426,3
70428,1
70429,4
70432,5
70435,4
70436,1
70438,4
70439,3
70442,3
70444,1
70445,6
70448,2
70451,7
70452,2
70454,3
70455,2
70457,4
70458,3
70461,3
70464,3
70467,2
70468,2
70470,1
70471,2
70473,2
70474,2
70477,4
70480,9
70483,4
70486,1
70487,1
70490,1
70493,4
70496,2
70499,3
70500,2
70502,3
70503,1
70505,3
70508,1
70509,4
70512,4
70515,9
70518,7
70519,1
70521,2
70522,4
70525,1
70528,6
70531,3
70532,1
70534,1
70535,4
70538,2
70540,1
70541,8
70544,5
70547,8
70551,1
70553,2
70554,3
70556,1
70557,2
70560,4
70563,6
70564,2
70566,8
70569,1
70570,2
70572,4
70573,4
70576,4
70579,3
70580,2
70582,2
70583,1
70585,2
70586,2
70588,2
70589,4
70592,9
70598,2
70599,4
70601,3
70604,1
70605,2
70608,4
70611,4
70612,3
70614,4
70617,2
70618,4
70624,7
70627,3
70628,2
70630,1
70631,3
70633,2
70636,1
70637,6
70640,4
70643,6
70646,1
70647,1
70649,1
70650,1
70653,4
70656,6
70662,5
70663,2
70665,2
70666,4
70668,2
70669,9
70672,8
70675,2
70676,1
70678,4
70679,2
70681,1
70682,6
70684,2
70685,2
70688,8
70691,3
70694,2
70695,3
70697,2
70698,5
70701,7
70704,6
70707,3
70710,1
70711,2
70714,3
70716,1
70717,1
70720,7
70723,3
70724,2
70726,2
70727,2
70729,1
70730,6
70733,6
70736,5
70739,2
70740,3
70742,3
70743,1
70745,6
70746,6
70749,3
70752,1
70755,2
70758,5
70759,2
70761,2
70762,7
70764,2
70765,7
70768,7
70771,4
70772,4
70774,4
70775,1
70777,3
70778,7
70781,3
70784,3
70787,1
70790,3
70791,1
70796,1
70797,2
70800,6
70803,5
70804,1
70806,1
70807,1
70810,6
70813,4
70816,4
70819,4
70820,2
70822,6
70823,3
70825,2
70826,2
70828,3
70829,3
70832,5
70835,4
70836,2
70838,3
70839,5
70841,2
70842,2
70845,5
70848,7
70851,3
70852,1
70854,4
70855,2
70857,1
70861,5
70864,6
70867,5
70868,1
70870,5
70871,3
70873,4
70874,1
70876,2
70877,2
70880,6
70883,4
70886,4
70889,2
70890,1
70892,1
70893,6
70896,6
70899,5
70902,2
70905,1
70906,2
70909,2
70912,8
70915,5
70916,1
70918,1
70919,2
70921,1
70922,3
70925,7
70928,3
70931,5
70934,3
70937,6
70938,4
70941,3
70944,7
70947,3
70950,4
70951,1
70953,2
70956,3
70957,4
70960,5
70963,4
70964,2
70969,4
70970,4
70972,1
70973,3
70976,7
70979,4
70982,3
70983,2
70985,3
70986,2
70989,3
70992,4
70995,4
70996,1
70998,6
70999,1
71001,1
71002,3
71004,1
71005,2
71008,8
71011,2
71014,2
71015,1
71017,2
71018,1
71021,3
71024,3
71027,7
71028,1
71030,1
71031,2
71033,2
71034,5
71036,2
71037,3
71040,6
71044,1
71046,3
71047,8
71049,2
71050,3
71052,1
71053,4
71056,3
71059,3
71060,1
71062,2
71066,4
71069,3
71072,8
71075,5
71076,2
71078,2
71079,1
71081,1
71082,2
71084,1
71085,11
71088,4
71091,6
71092,1
71094,4
71095,3
71097,3
71098,2
71101,4
71104,13
71107,3
71110,4
71111,2
71113,3
71114,3
71116,3
71117,6
71120,4
71123,3
71124,3
71126,4
71127,1
71130,2
71133,7
71136,5
71139,1
71140,1
71142,7
71143,1
71145,1
71146,3
71149,4
71152,3
71155,5
71156,1
71158,2
71159,2
71161,3
71162,3
71165,1
71168,11
71171,2
71174,5
71175,2
71177,1
71178,1
71181,7
71184,4
71187,4
71191,1
71193,3
71194,2
71196,1
71197,2
71200,8
71203,7
71206,3
71207,3
71209,1
71210,6
71212,1
71213,6
71216,4
71219,2
71222,1
71223,2
71225,3
71226,1
71229,3
71232,1
71235,5
71236,2
71238,3
71239,2
71242,2
71244,2
71245,7
71248,4
71251,5
71252,1
71254,5
71255,3
71257,2
71258,3
71260,1
71261,1
71264,9
71267,3
71268,2
71270,4
71271,1
71277,2
71280,8
71283,1
71284,1
71286,4
71287,1
71289,4
71290,3
71293,6
71296,11
71299,5
71302,4
71303,3
71305,1
71306,7
71309,8
71312,5
71315,4
71316,2
71318,4
71319,4
71321,3
71322,1
71328,3
71331,2
71332,1
71334,2
71335,1
71337,1
71338,2
71341,4
71344,2
71347,8
71348,3
71350,1
71353,4
71354,4
71356,1
71357,4
71360,9
71363,5
71366,6
71367,2
71369,2
71370,2
71373,13
71376,2
71379,4
71382,3
71383,2
71385,2
71386,3
71389,3
71392,6
71395,3
71398,2
71399,2
71401,2
71402,2
71405,3
71408,3
71411,5
71414,7
71415,2
71417,3
71420,1
71421,2
71424,8
71427,1
71428,1
71430,4
71431,3
71433,1
71434,5
71436,1
71437,6
71440,4
71443,5
71444,2
71446,2
71447,2
71450,1
71453,3
71456,5
71459,4
71460,1
71462,2
71463,2
71465,2
71466,1
71468,1
71469,4
71472,2
71475,4
71476,1
71478,2
71481,1
71482,3
71484,2
71488,7
71491,4
71492,2
71494,3
71495,3
71498,3
71500,1
71501,3
71504,8
71507,5
71508,2
71510,1
71511,2
71514,4
71517,1
71520,4
71523,3
71526,2
71527,2
71529,1
71530,4
71533,6
71536,3
71539,7
71542,5
71543,3
71545,2
71546,4
71548,1
71549,2
71552,5
71555,1
71556,1
71558,3
71559,3
71561,2
71562,2
71565,5
71568,8
71571,4
71574,2
71577,2
71578,5
71580,2
71581,3
71584,3
71587,1
71588,2
71590,5
71594,3
71596,3
71597,7
71600,2
71603,3
71604,2
71606,5
71607,2
71609,4
71610,4
71612,1
71613,2
71616,5
71619,7
71622,4
71623,4
71625,2
71626,2
71628,2
71629,6
71632,1
71635,4
71636,1
71638,4
71639,1
71641,5
71642,4
71644,1
71645,2
71648,7
71651,3
71652,3
71654,3
71655,2
71657,3
71658,4
71661,5
71664,7
71667,4
71668,2
71673,3
71674,2
71676,2
71680,8
71683,2
71686,4
71687,1
71689,2
71690,1
71692,3
71693,5
71696,7
71699,7
71703,1
71705,3
71706,2
71708,1
71709,4
71712,3
71715,4
71718,3
71719,1
71721,1
71724,1
71725,3
71728,2
71731,3
71732,1
71735,4
71737,1
71738,6
71741,3
71744,7
71747,2
71748,1
71750,3
71751,3
71753,2
71754,2
71757,4
71760,5
71763,6
71764,2
71766,2
71767,1
71769,4
71770,3
71772,1
71773,2
71776,7
71779,2
71782,2
71783,1
71785,1
71786,3
71788,1
71789,4
71792,4
71795,3
71796,1
71798,2
71799,2
71801,2
71802,2
71804,1
71805,4
71808,8
71811,2
71812,1
71814,4
71815,4
71817,3
71818,5
71820,2
71821,5
71824,4
71827,2
71830,1
71831,1
71833,2
71834,6
71837,2
71840,5
71843,2
71844,1
71846,6
71847,5
71849,2
71850,2
71852,3
71853,3
71856,4
71859,4
71860,3
71862,1
71863,2
71865,3
71866,5
71868,1
71869,1
71872,5
71875,2
71876,1
71878,4
71879,1
71881,1
71882,1
71884,1
71885,8
71888,3
71891,4
71894,2
71895,3
71897,2
71898,5
71900,1
71901,1
71904,2
71907,1
71908,2
71910,2
71911,4
71913,1
71914,1
71917,6
71920,6
71923,1
71926,4
71927,1
71929,3
71930,4
71933,3
71936,4
71939,5
71940,3
71942,1
71943,1
71945,1
71946,2
71948,1
71949,7
71952,4
71955,7
71958,3
71959,1
71961,2
71962,3
71965,2
71968,7
71971,4
71972,1
71974,2
71975,1
71977,2
71978,1
71980,2
71981,4
71984,5
71987,4
71988,2
71990,3
71991,2
71994,3
71997,4
72000,5
72003,1
72004,1
72006,4
72007,3
72009,2
72010,4
72013,1
72016,3
72019,2
72022,1
72023,1
72025,6
72026,1
72028,1
72029,3
72032,3
72035,2
72036,1
72038,4
72039,3
72041,1
72042,2
72044,2
72045,3
72048,4
72051,5
72054,2
72055,2
72057,3
72058,5
72061,4
72064,4
72067,4
72070,6
72071,4
72073,1
72074,3
72076,1
72077,5
72080,4
72083,6
72084,1
72086,3
72087,2
72089,2
72090,2
72092,1
72093,3
72096,8
72099,4
72103,4
72106,2
72108,1
72109,6
72112,1
72115,3
72116,2
72119,1
72121,2
72122,6
72124,2
72125,2
72128,3
72131,3
72132,1
72134,2
72135,2
72137,3
72138,2
72140,1
72141,4
72144,7
72147,3
72150,1
72153,1
72154,2
72156,1
72157,3
72160,13
72163,6
72164,1
72166,3
72167,2
72169,2
72170,2
72172,1
72173,8
72176,3
72179,6
72180,1
72182,4
72183,1
72185,1
72186,4
72188,1
72189,2
72192,3
72195,2
72198,1
72199,1
72201,2
72202,1
72204,3
72205,6
72208,4
72211,4
72214,2
72215,1
72217,2
72218,4
72220,3
72221,1
72224,6
72227,4
72228,1
72230,3
72231,3
72233,1
72237,9
72240,7
72243,3
72246,2
72247,3
72249,3
72250,4
72252,1
72253,2
72256,7
72259,2
72260,1
72262,1
72263,3
72265,2
72266,1
72268,1
72269,4
72272,4
72275,7
72278,3
72279,1
72282,3
72285,4
72288,5
72291,1
72294,6
72295,3
72298,3
72300,3
72301,2
72304,4
72307,2
72308,1
72310,2
72313,3
72314,2
72317,3
72320,14
72323,3
72326,5
72327,2
72329,3
72330,3
72333,2
72336,3
72339,8
72340,1
72342,2
72345,3
72346,5
72348,1
72349,3
72352,5
72355,3
72358,5
72359,4
72361,1
72362,2
72364,1
72365,2
72368,2
72371,4
72372,2
72374,1
72375,1
72378,3
72381,5
72384,4
72387,1
72388,2
72390,2
72391,1
72393,2
72396,1
72397,3
72400,1
72403,5
72406,7
72409,5
72410,2
72413,4
72416,7
72419,7
72420,1
72422,2
72423,3
72425,2
72426,2
72429,5
72432,3
72435,5
72436,2
72438,4
72439,3
72441,4
72442,4
72444,2
72445,3
72448,8
72451,6
72454,3
72457,1
72458,3
72461,5
72464,6
72467,5
72470,5
72471,3
72473,2
72474,3
72477,3
72480,8
72483,6
72486,1
72487,2
72489,3
72490,2
72492,2
72493,4
72496,4
72499,4
72505,3
72506,2
72509,4
72512,6
72515,5
72516,1
72518,4
72519,1
72521,1
72522,2
72524,2
72525,5
72528,2
72531,8
72532,1
72534,2
72535,1
72537,1
72538,5
72541,2
72544,1
72547,6
72550,3
72551,3
72553,1
72556,1
72557,5
72560,3
72563,2
72564,1
72566,5
72567,1
72570,2
72572,1
72573,1
72576,8
72579,4
72580,1
72582,3
72583,2
72585,5
72586,3
72589,1
72592,2
72595,3
72598,8
72599,1
72601,2
72602,4
72605,4
72608,7
72611,5
72612,2
72614,2
72615,3
72617,2
72618,3
72620,3
72621,5
72624,2
72627,4
72628,1
72630,2
72633,1
72634,3
72637,3
72640,7
72643,3
72646,3
72647,1
72649,1
72650,1
72652,1
72653,6
72656,4
72659,3
72662,5
72663,2
72665,1
72666,3
72668,2
72669,5
72672,5
72675,6
72676,1
72678,2
72679,1
72681,2
72682,4
72685,4
72688,5
72691,3
72692,2
72694,3
72695,2
72698,4
72700,1
72701,3
72704,5
72707,2
72708,2
72710,4
72711,2
72713,1
72714,2
72717,8
72720,4
72723,3
72724,3
72726,3
72727,1
72729,3
72730,3
72733,2
72736,5
72739,5
72740,1
72742,2
72743,1
72746,1
72748,1
72749,3
72752,6
72755,3
72756,1
72758,2
72759,3
72761,3
72762,3
72764,1
72765,4
72768,4
72771,2
72774,4
72775,3
72777,1
72778,1
72780,2
72781,3
72784,4
72787,2
72790,2
72791,2
72793,1
72794,6
72796,2
72797,3
72800,5
72803,3
72804,1
72806,4
72809,3
72810,2
72812,1
72813,3
72816,2
72819,6
72822,2
72825,1
72826,6
72828,1
72829,7
72832,5
72835,6
72836,1
72838,5
72839,4
72841,1
72842,1
72844,2
72845,6
72848,3
72851,3
72852,1
72854,5
72855,2
72857,2
72858,4
72860,1
72861,1
72864,9
72867,6
72868,1
72870,2
72871,2
72874,1
72877,2
72880,3
72883,7
72884,4
72886,4
72889,3
72890,2
72892,1
72893,3
72896,5
72899,1
72902,7
72905,5
72906,3
72908,2
72912,4
72915,4
72916,1
72918,3
72919,1
72921,4
72922,3
72924,1
72925,3
72928,6
72931,2
72934,1
72935,2
72938,1
72941,1
72944,4
72947,4
72950,2
72951,3
72953,4
72954,4
72957,4
72960,4
72963,1
72966,3
72967,3
72969,2
72970,3
72972,2
72973,7
72976,5
72979,5
72982,1
72985,1
72986,2
72988,1
72989,6
72992,4
72995,4
72996,1
72998,3
72999,1
73001,1
73002,1
73004,1
73005,7
73008,5
73011,3
73012,2
73014,1
73015,1
73017,2
73018,7
73020,1
73024,2
73027,4
73028,1
73030,5
73031,1
73034,1
73036,2
73037,3
73040,3
73043,9
73046,1
73047,6
73049,3
73050,4
73053,2
73056,3
73059,5
73062,1
73063,1
73065,1
73066,5
73068,3
73069,8
73072,5
73075,4
73076,1
73078,4
73079,3
73081,4
73082,2
73085,1
73088,4
73091,2
73092,1
73094,3
73095,3
73097,1
73098,3
73104,4
73107,1
73108,2
73110,2
73111,2
73113,2
73114,4
73117,2
73120,8
73123,2
73124,3
73126,1
73127,3
73129,1
73130,1
73133,4
73136,7
73139,5
73142,3
73143,3
73145,2
73146,5
73148,1
73149,2
73152,7
73155,3
73156,1
73158,6
73159,2
73161,2
73162,1
73165,6
73168,4
73171,3
73175,4
73177,1
73178,5
73180,1
73181,2
73184,8
73187,3
73190,2
73191,2
73194,1
73196,1
73197,5
73200,2
73203,7
73204,1
73207,1
73210,1
73212,1
73213,2
73216,7
73219,2
73220,1
73222,6
73223,1
73225,1
73226,1
73229,5
73232,2
73235,4
73238,3
73239,2
73241,2
73242,4
73245,1
73248,1
73251,1
73254,3
73255,2
73257,1
73258,1
73260,2
73261,4
73264,5
73267,6
73268,2
73271,1
73273,4
73274,2
73277,3
73280,7
73283,3
73284,2
73286,4
73287,2
73289,2
73292,1
73293,3
73296,6
73299,1
73302,2
73303,2
73305,2
73306,2
73308,5
73309,3
73312,10
73315,3
73316,2
73318,3
73319,2
73321,1
73324,2
73325,5
73328,11
73331,7
73332,1
73334,2
73335,2
73338,4
73340,1
73341,7
73344,7
73347,3
73350,2
73351,5
73353,2
73356,1
73357,2
73360,4
73363,3
73364,1
73370,5
73372,2
73373,2
73376,8
73379,1
73380,4
73382,3
73383,2
73385,1
73386,3
73388,2
73389,1
73392,2
73395,2
73398,1
73399,1
73401,2
73405,5
73408,2
73411,5
73412,1
73414,2
73417,2
73420,1
73421,4
73424,4
73427,5
73428,2
73430,2
73431,2
73433,3
73437,2
73440,9
73443,5
73444,1
73446,2
73447,1
73450,2
73452,3
73453,6
73456,4
73459,9
73460,1
73462,1
73465,2
73466,5
73469,3
73472,10
73475,2
73476,1
73478,4
73479,3
73481,3
73482,2
73484,2
73485,4
73488,6
73491,3
73494,4
73495,1
73497,1
73498,2
73500,1
73504,5
73507,1
73510,1
73511,3
73513,1
73514,1
73516,2
73517,2
73520,3
73523,3
73526,1
73529,3
73530,2
73532,2
73533,3
73536,5
73539,3
73540,1
73542,1
73543,3
73546,2
73548,4
73549,3
73552,4
73555,6
73556,1
73558,3
73561,1
73562,3
73565,2
73568,6
73571,1
73572,1
73574,2
73577,1
73578,1
73580,1
73581,1
73584,4
73587,3
73588,1
73590,3
73591,1
73593,2
73594,3
73597,3
73600,5
73603,1
73604,2
73606,3
73607,1
73612,1
73613,5
73616,3
73619,2
73620,2
73622,1
73625,3
73626,3
73628,1
73629,2
73632,5
73635,1
73639,1
73642,1
73645,3
73648,6
73651,5
73652,1
73654,1
73655,1
73657,2
73658,3
73661,3
73664,5
73667,4
73670,3
73673,2
73674,1
73676,1
73677,3
73680,2
73683,2
73684,1
73686,4
73689,1
73690,2
73692,1
73693,4
73696,6
73699,3
73703,1
73705,2
73706,3
73709,5
73712,4
73715,6
73716,2
73718,2
73719,2
73721,3
73722,4
73724,1
73725,5
73728,1
73731,6
73734,1
73735,1
73737,3
73738,1
73740,1
73741,4
73744,2
73747,2
73748,2
73750,1
73753,2
73754,3
73756,1
73757,3
73760,5
73766,2
73767,1
73770,1
73773,7
73776,4
73779,2
73782,2
73785,7
73788,1
73789,2
73792,2
73795,2
73798,1
73799,1
73801,1
73802,2
73805,1
73808,3
73811,5
73814,1
73815,4
73818,4
73821,2
73824,6
73827,9
73830,1
73831,3
73834,2
73836,1
73837,4
73840,2
73843,3
73844,3
73846,3
73847,1
73849,4
73850,4
73852,2
73853,4
73856,4
73859,3
73860,5
73862,6
73863,1
73865,2
73866,2
73869,4
73872,5
73875,5
73878,2
73879,3
73881,1
73882,2
73884,1
73888,5
73891,4
73892,1
73894,1
73895,2
73897,1
73898,2
73900,1
73901,3
73907,2
73910,1
73913,2
73914,2
73917,1
73920,2
73923,2
73926,1
73927,3
73929,2
73930,2
73933,5
73936,1
73939,2
73940,1
73943,1
73945,2
73946,2
73949,3
73952,7
73955,1
73956,2
73958,2
73959,1
73962,3
73964,1
73965,2
73968,4
73971,4
73974,2
73975,1
73977,2
73978,5
73980,2
73981,2
73984,3
73990,1
73991,5
73994,2
73996,1
73997,3
74000,3
74003,2
74004,1
74007,1
74009,2
74010,3
74012,1
74013,3
74016,8
74019,1
74020,1
74022,3
74026,4
74029,2
74032,3
74035,4
74038,5
74041,4
74042,4
74045,2
74048,5
74051,4
74052,1
74054,1
74055,4
74058,1
74060,2
74061,2
74064,2
74067,4
74070,2
74073,2
74074,4
74076,2
74077,3
74080,7
74083,1
74084,1
74086,3
74089,2
74090,6
74092,2
74093,5
74096,6
74099,4
74100,1
74102,2
74103,2
74106,5
74108,1
74109,2
74112,6
74115,2
74116,1
74118,3
74119,2
74121,1
74122,5
74125,5
74128,5
74131,4
74134,3
74135,2
74137,1
74138,5
74140,1
74141,1
74144,3
74147,2
74150,5
74151,2
74153,1
74154,2
74156,1
74157,6
74160,3
74163,4
74164,1
74166,2
74167,1
74169,1
74170,6
74173,6
74176,3
74179,2
74180,1
74182,1
74183,2
74186,2
74188,2
74189,3
74192,2
74195,4
74198,1
74199,1
74201,1
74202,3
74205,2
74208,3
74211,3
74212,1
74214,5
74215,2
74217,1
74218,1
74220,1
74221,7
74224,3
74227,4
74230,2
74231,1
74233,1
74234,1
74236,1
74237,2
74240,6
74243,6
74244,1
74246,2
74249,4
74250,1
74252,2
74253,7
74256,5
74259,3
74260,1
74262,4
74263,1
74265,1
74266,2
74268,1
74269,2
74272,5
74275,3
74276,1
74278,4
74279,1
74282,2
74284,1
74285,4
74288,2
74291,6
74292,1
74294,2
74297,3
74298,5
74301,4
74304,6
74307,3
74310,1
74311,2
74313,3
74314,1
74323,6
74324,2
74326,5
74327,1
74329,2
74330,4
74332,1
74333,1
74336,5
74339,2
74342,2
74343,3
74345,3
74346,2
74348,1
74349,4
74352,6
74355,3
74358,3
74359,1
74361,3
74362,3
74365,1
74368,6
74371,5
74374,3
74377,4
74378,1
74380,1
74381,8
74384,5
74387,6
74388,1
74390,4
74393,2
74394,2
74396,2
74397,4
74400,3
74403,1
74404,1
74406,2
74407,2
74409,3
74410,2
74412,1
74413,5
74416,6
74419,1
74422,1
74423,1
74425,2
74426,3
74428,1
74429,3
74432,6
74435,4
74436,2
74438,4
74442,1
74444,1
74445,3
74448,4
74451,1
74454,4
74455,1
74460,1
74461,2
74464,7
74467,1
74470,3
74471,2
74473,1
74474,3
74476,2
74477,7
74480,5
74483,2
74486,1
74487,2
74489,3
74490,2
74493,5
74496,6
74499,3
74500,1
74502,1
74503,5
74506,3
74508,3
74509,3
74512,2
74515,6
74518,1
74521,2
74522,3
74525,2
74528,3
74531,1
74532,1
74535,4
74537,1
74538,3
74540,1
74541,6
74544,3
74547,1
74550,2
74553,2
74554,3
74557,5
74560,10
74563,1
74564,1
74566,1
74567,1
74569,1
74570,1
74572,1
74573,3
74580,1
74582,2
74586,4
74588,1
74589,5
74592,8
74595,4
74598,5
74601,2
74602,3
74604,1
74605,6
74608,5
74611,4
74614,3
74615,3
74617,2
74618,1
74620,1
74621,3
74624,2
74630,2
74631,1
74633,1
74634,1
74636,2
74637,4
74640,6
74643,1
74644,2
74646,3
74647,2
74649,3
74650,2
74652,2
74653,3
74656,5
74659,2
74660,1
74662,3
74663,4
74666,4
74669,5
74672,2
74675,2
74676,2
74678,2
74679,2
74681,2
74682,1
74685,3
74688,6
74691,4
74694,3
74695,3
74697,1
74698,3
74700,2
74701,2
74704,4
74707,2
74708,1
74710,4
74711,1
74713,2
74714,4
74716,1
74717,3
74720,8
74724,1
74726,3
74727,4
74730,5
74733,3
74736,4
74739,3
74740,1
74742,2
74743,2
74745,3
74746,5
74748,1
74749,3
74752,4
74755,2
74756,2
74758,3
74759,3
74761,3
74762,3
74765,4
74768,2
74771,1
74774,3
74775,1
74777,2
74778,5
74781,3
74784,2
74787,1
74788,1
74790,2
74791,1
74794,2
74796,2
74797,2
74800,4
74803,1
74806,1
74809,4
74810,4
74813,2
74816,3
74819,4
74822,1
74823,1
74825,5
74826,3
74828,1
74829,4
74832,1
74835,6
74838,1
74839,1
74842,1
74845,4
74848,6
74854,5
74855,2
74857,2
74861,4
74864,4
74867,5
74870,4
74871,2
74874,2
74877,2
74880,2
74883,4
74886,5
74889,1
74890,1
74892,1
74893,5
74896,3
74899,6
74900,4
74902,2
74903,3
74905,1
74906,1
74909,1
74912,6
74915,1
74916,1
74918,3
74919,1
74921,1
74922,1
74924,5
74925,4
74928,3
74931,4
74934,3
74935,1
74937,3
74938,3
74940,1
74941,2
74944,6
74947,1
74950,3
74951,3
74953,1
74956,1
74957,4
74960,5
74963,2
74966,4
74967,2
74969,2
74970,1
74972,1
74973,2
74976,4
74979,4
74983,2
74985,2
74986,2
74992,5
74995,2
74998,1
74999,2
75001,2
75002,2
75004,2
75005,2
75008,5
75011,3
75014,4
75015,2
75018,2
75020,1
75021,1
75024,5
75027,4
75028,1
75030,3
75031,1
75033,2
75034,4
75037,2
75040,3
75046,5
75047,5
75049,3
75053,7
75056,2
75059,4
75060,2
75062,3
75065,1
75066,2
75068,2
75069,1
75072,10
75075,1
75076,1
75078,3
75081,1
75082,3
75085,5
75088,3
75091,4
75094,1
75095,1
75097,2
75098,5
75101,3
75104,4
75107,3
75108,1
75110,3
75111,3
75113,1
75116,3
75117,5
75120,1
75123,3
75124,2
75126,1
75127,2
75129,2
75130,2
75133,2
75136,2
75139,3
75142,1
75145,3
75146,1
75148,2
75149,2
75152,2
75155,8
75156,1
75162,3
75165,4
75168,4
75171,1
75174,5
75175,1
75177,1
75180,1
75181,9
75184,2
75187,5
75190,5
75191,1
75194,1
75196,2
75197,2
75200,5
75203,2
75204,1
75206,3
75207,2
75209,2
75210,2
75213,5
75216,1
75219,3
75222,2
75223,2
75226,1
75228,1
75229,2
75232,3
75235,5
75238,4
75239,2
75241,3
75244,1
75245,6
75248,2
75251,3
75254,2
75257,1
75258,2
75260,1
75261,5
75264,5
75267,2
75268,1
75271,3
75274,2
75276,2
75277,1
75280,3
75283,6
75284,1
75286,4
75289,2
75290,1
75293,1
75296,4
75299,2
75300,2
75302,1
75306,1
75309,3
75312,4
75315,5
75316,2
75318,3
75319,1
75321,2
75322,2
75325,6
75328,4
75331,2
75332,1
75335,4
75337,2
75338,1
75340,3
75341,8
75347,5
75351,2
75353,1
75354,3
75357,4
75360,2
75363,1
75366,3
75367,2
75369,2
75370,3
75372,1
75373,5
75379,2
75380,3
75383,1
75385,1
75388,2
75389,4
75392,6
75395,1
75398,4
75399,2
75401,2
75402,3
75405,6
75408,6
75411,1
75414,3
75415,2
75418,2
75420,2
75421,2
75424,4
75427,3
75430,4
75434,2
75436,1
75437,5
75440,2
75443,4
75446,2
75447,1
75449,2
75450,3
75452,1
75453,5
75456,2
75459,2
75463,2
75466,2
75469,2
75472,2
75475,5
75478,1
75481,1
75482,4
75485,2
75488,7
75491,3
75495,2
75498,3
75500,1
75501,3
75504,4
75507,5
75510,2
75511,1
75513,2
75514,1
75517,1
75520,8
75524,1
75526,6
75527,2
75529,1
75530,1
75532,1
75533,1
75536,2
75539,2
75540,2
75542,2
75543,3
75545,1
75546,4
75548,2
75549,2
75552,1
75555,1
75558,4
75559,1
75561,1
75564,1
75565,4
75568,1
75571,4
75574,1
75575,2
75577,5
75578,4
75580,1
75581,3
75584,6
75587,4
75588,1
75590,1
75591,3
75593,2
75594,2
75596,2
75597,7
75600,4
75603,4
75604,2
75606,2
75607,2
75609,1
75610,1
75613,4
75616,4
75619,3
75620,1
75622,5
75625,1
75626,1
75632,3
75635,2
75638,3
75641,2
75642,3
75645,1
75648,3
75654,3
75655,3
75658,2
75660,1
75661,4
75664,3
75667,2
75671,1
75673,2
75674,2
75676,2
75677,5
75680,8
75683,3
75686,1
75687,1
75689,1
75690,2
75693,1
75696,1
75699,5
75700,2
75702,2
75705,4
75706,3
75708,2
75709,2
75712,3
75715,2
75718,6
75719,1
75721,2
75725,3
75728,2
75731,6
75732,1
75734,4
75735,1
75737,3
75738,3
75740,1
75744,3
75747,1
75748,1
75750,3
75751,3
75754,1
75756,2
75757,8
75760,3
75763,3
75769,5
75770,2
75772,2
75773,4
75776,9
75779,3
75782,5
75783,2
75785,1
75786,3
75789,1
75792,3
75795,3
75796,4
75798,1
75799,1
75801,2
75802,3
75805,3
75808,6
75811,1
75814,2
75815,3
75817,1
75818,2
75820,1
75821,1
75824,4
75827,1
75828,1
75833,2
75834,1
75836,1
75837,2
75840,2
75843,1
75846,3
75847,1
75850,1
75853,1
75856,3
75859,2
75860,1
75863,1
75869,1
75872,4
75875,2
75878,2
75879,2
75881,1
75885,2
75888,3
75891,4
75894,1
75895,2
75897,4
75898,3
75901,1
75904,6
75907,4
75908,1
75910,2
75914,1
75917,7
75920,5
75923,3
75924,1
75926,4
75927,3
75929,3
75930,4
75932,1
75933,4
75936,4
75939,1
75942,1
75943,1
75948,1
75949,9
75952,2
75955,3
75956,2
75959,2
75961,2
75962,4
75965,4
75968,3
75972,2
75974,1
75975,1
75978,1
75980,2
75981,2
75984,2
75987,2
75990,2
75991,2
75993,3
75994,2
76000,4
76003,2
76006,4
76007,1
76009,3
76010,1
76012,3
76013,2
76016,3
76019,1
76020,2
76022,2
76023,2
76025,1
76026,4
76028,2
76029,6
76032,6
76035,4
76038,1
76039,2
76041,2
76042,2
76044,2
76045,3
76048,5
76051,4
76052,1
76054,1
76057,1
76058,6
76061,6
76064,4
76067,2
76070,2
76071,2
76074,1
76076,1
76077,4
76080,4
76083,4
76084,4
76086,1
76089,1
76090,1
76093,1
76096,2
76099,4
76102,2
76103,1
76106,2
76108,2
76109,4
76112,1
76115,2
76118,2
76119,1
76121,2
76124,1
76125,7
76128,5
76131,3
76134,1
76137,1
76138,1
76141,4
76144,3
76147,2
76148,1
76150,1
76154,1
76156,1
76157,1
76160,5
76163,1
76166,5
76167,1
76169,1
76170,1
76172,1
76173,1
76176,1
76179,5
76182,1
76183,3
76185,2
76186,2
76188,1
76189,2
76192,4
76195,3
76198,1
76199,3
76201,2
76202,3
76205,4
76208,3
76211,2
76215,1
76217,3
76218,2
76224,1
76227,4
76230,1
76233,2
76234,2
76236,2
76237,2
76240,4
76243,5
76244,1
76246,1
76247,1
76249,4
76250,1
76253,3
76256,2
76259,1
76260,2
76262,6
76263,1
76269,3
76272,1
76275,7
76276,1
76282,3
76285,2
76288,4
76291,6
76294,2
76295,2
76297,1
76298,1
76300,1
76301,5
76304,1
76307,1
76311,1
76313,1
76314,2
76317,1
76320,3
76326,1
76327,1
76329,3
76330,1
76332,1
76333,6
76336,5
76339,2
76340,3
76343,1
76345,5
76346,1
76349,1
76352,4
76355,1
76356,1
76358,1
76359,7
76362,3
76364,2
76365,5
76368,5
76371,1
76372,2
76374,2
76375,1
76377,2
76378,2
76381,2
76384,2
76387,2
76391,2
76394,1
76397,2
76400,8
76403,6
76406,3
76409,2
76410,1
76413,2
76416,6
76419,2
76420,2
76422,1
76423,1
76425,1
76428,1
76429,4
76432,2
76435,3
76438,3
76441,3
76442,3
76445,1
76448,5
76451,1
76452,1
76455,3
76457,1
76458,2
76460,1
76461,3
76464,6
76468,1
76470,2
76471,2
76473,1
76474,4
76477,4
76480,3
76483,4
76486,2
76487,2
76489,3
76490,2
76492,1
76493,6
76496,2
76499,2
76502,3
76503,1
76505,2
76506,2
76509,1
76512,4
76515,2
76518,1
76519,3
76521,1
76522,2
76524,1
76525,2
76528,4
76531,2
76532,4
76534,1
76535,2
76537,2
76538,3
76541,4
76544,4
76547,1
76550,3
76551,2
76553,2
76554,1
76556,1
76560,4
76563,4
76566,4
76569,2
76570,1
76572,1
76573,2
76576,1
76579,2
76580,1
76582,3
76583,3
76585,2
76589,5
76592,2
76595,3
76598,1
76599,1
76601,1
76602,1
76605,2
76608,4
76611,2
76612,1
76614,2
76615,3
76618,3
76620,2
76621,6
76627,2
76630,1
76634,1
76637,4
76640,4
76643,2
76646,1
76647,2
76650,4
76652,1
76653,3
76656,4
76659,3
76662,2
76663,1
76665,1
76666,5
76668,3
76672,4
76678,3
76679,1
76681,1
76682,2
76685,3
76688,1
76691,5
76692,1
76694,2
76695,2
76697,3
76698,3
76701,1
76704,1
76707,3
76710,2
76711,2
76713,1
76714,1
76716,1
76717,3
76720,2
76723,1
76726,1
76727,2
76729,2
76730,4
76733,3
76736,7
76739,3
76740,2
76742,2
76745,1
76746,1
76748,1
76749,3
76752,3
76755,3
76756,3
76758,3
76762,1
76765,3
76768,7
76771,2
76772,1
76774,3
76775,1
76777,1
76778,1
76780,1
76781,4
76784,1
76787,2
76788,3
76790,2
76791,1
76793,1
76794,1
76800,3
76803,1
76804,1
76806,3
76807,2
76809,2
76810,3
76812,1
76813,3
76816,4
76819,6
76822,1
76823,4
76825,2
76826,2
76829,4
76832,2
76838,2
76841,3
76842,2
76845,2
76848,4
76851,2
76852,3
76854,2
76857,5
76858,4
76861,2
76864,5
76867,2
76870,4
76871,1
76873,1
76874,1
76877,2
76880,2
76883,3
76887,1
76889,2
76890,2
76892,1
76893,1
76896,4
76899,6
76900,1
76903,2
76906,2
76909,4
76912,2
76915,3
76918,3
76921,2
76922,1
76925,1
76928,3
76931,1
76932,1
76935,1
76937,3
76938,1
76940,1
76941,1
76944,5
76947,2
76948,1
76954,3
76960,6
76966,6
76967,3
76969,2
76970,1
76973,4
76976,4
76979,5
76980,1
76982,1
76985,1
76986,2
76989,1
76992,2
76995,3
76996,1
76998,2
77001,2
77002,2
77004,2
77005,3
77008,2
77011,1
77012,1
77014,2
77017,2
77020,1
77021,4
77024,3
77027,3
77030,3
77033,2
77034,2
77036,1
77037,2
77043,3
77044,1
77046,1
77047,2
77049,2
77050,3
77053,2
77056,5
77059,2
77062,2
77063,1
77065,1
77068,2
77069,2
77072,2
77075,1
77076,1
77078,2
77079,1
77081,3
77082,3
77085,3
77088,4
77091,4
77095,1
77097,1
77098,3
77101,1
77104,4
77107,2
77108,1
77110,3
77117,2
77120,4
77123,3
77126,2
77129,1
77130,1
77133,3
77136,2
77139,2
77140,1
77143,1
77146,2
77148,2
77149,1
77152,2
77155,1
77158,2
77159,1
77162,2
77164,1
77165,2
77168,4
77171,1
77172,2
77174,3
77175,1
77177,1
77181,2
77184,1
77187,2
77190,2
77191,1
77193,2
77197,4
77200,5
77203,6
77204,1
77207,2
77209,1
77210,4
77213,3
77216,1
77219,3
77222,1
77223,4
77225,1
77226,3
77228,1
77229,1
77232,2
77235,4
77236,2
77238,1
77242,5
77244,1
77248,4
77251,2
77254,1
77258,1
77261,1
77264,4
77267,4
77270,4
77273,1
77274,1
77276,1
77277,5
77280,1
77283,1
77287,2
77290,2
77292,2
77293,3
77296,6
77299,1
77300,1
77302,1
77306,3
77308,1
77309,1
77312,6
77315,2
77318,3
77319,1
77321,2
77324,1
77325,3
77328,3
77331,3
77332,2
77337,3
77338,2
77340,1
77341,2
77344,2
77347,4
77350,1
77354,1
77356,2
77357,3
77360,2
77363,3
77364,1
77366,2
77370,1
77372,3
77373,2
77376,5
77379,3
77380,1
77382,2
77386,1
77388,1
77389,6
77392,6
77395,1
77396,1
77398,1
77399,1
77402,1
77405,1
77408,5
77411,4
77414,3
77418,2
77421,1
77424,1
77427,2
77428,1
77430,1
77431,1
77433,2
77436,1
77437,3
77440,4
77444,1
77446,3
77450,2
77453,2
77456,2
77459,1
77463,3
77465,1
77466,3
77469,1
77472,4
77475,2
77476,1
77478,1
77479,1
77482,3
77485,3
77488,4
77491,1
77495,1
77497,2
77498,3
77501,2
77504,6
77507,4
77508,1
77510,2
77513,2
77517,1
77520,3
77523,2
77524,1
77526,3
77527,1
77529,1
77530,1
77533,3
77536,6
77539,1
77542,4
77543,3
77545,3
77546,1
77549,1
77552,4
77555,2
77556,1
77562,1
77565,6
77568,3
77572,1
77575,2
77578,1
77580,2
77581,2
77584,1
77587,3
77590,2
77591,1
77593,2
77596,2
77597,3
77600,3
77603,2
77604,1
77606,5
77607,2
77610,2
77612,1
77613,2
77616,3
77619,10
77623,1
77625,3
77626,1
77632,4
77635,3
77638,8
77639,2
77641,1
77642,2
77645,6
77648,5
77651,4
77654,3
77655,1
77657,1
77660,1
77661,2
77664,4
77667,1
77668,1
77670,2
77673,1
77674,1
77677,1
77680,1
77684,2
77686,1
77687,2
77689,2
77692,1
77693,4
77696,4
77699,3
77702,3
77703,2
77705,1
77706,2
77708,1
77709,4
77712,4
77715,1
77719,2
77721,2
77722,4
77725,3
77728,4
77731,2
77734,1
77735,2
77738,1
77740,1
77741,2
77744,1
77748,1
77750,1
77753,1
77754,3
77757,3
77760,5
77763,2
77766,1
77769,1
77770,2
77772,1
77773,5
77776,3
77779,1
77782,1
77783,2
77785,1
77786,1
77788,1
77789,2
77792,6
77795,1
77796,1
77798,2
77799,1
77801,2
77802,2
77805,2
77808,4
77812,1
77814,1
77817,1
77820,1
77821,1
77824,2
77827,2
77830,1
77831,1
77833,2
77836,2
77837,2
77840,3
77843,2
77844,1
77846,1
77847,3
77849,6
77850,2
77853,1
77856,7
77859,1
77862,4
77865,2
77866,2
77868,2
77869,3
77872,5
77875,5
77878,1
77879,4
77882,1
77885,2
77888,3
77892,1
77894,3
77897,1
77900,1
77901,4
77904,3
77907,2
77908,1
77914,3
77916,1
77920,2
77923,1
77924,1
77927,3
77929,1
77933,1
77936,2
77939,1
77942,1
77945,2
77946,1
77948,1
77949,1
77952,4
77955,2
77956,1
77958,2
77959,2
77961,3
77962,2
77964,2
77965,8
77968,3
77971,5
77972,1
77974,2
77977,1
77980,1
77981,2
77984,3
77987,3
77990,3
77993,3
77994,2
77997,1
78003,5
78006,1
78007,2
78009,1
78010,1
78013,2
78016,3
78019,2
78022,1
78023,1
78029,4
78032,6
78035,1
78038,1
78041,1
78042,1
78044,1
78048,4
78051,2
78052,1
78054,1
78055,2
78057,1
78058,2
78060,1
78061,2
78064,5
78067,5
78068,1
78070,1
78073,2
78074,4
78077,2
78080,2
78083,2
78086,2
78090,1
78096,3
78099,3
78102,1
78106,3
78109,3
78112,2
78115,1
78116,2
78118,2
78119,1
78125,1
78128,3
78131,4
78132,1
78134,1
78135,1
78138,2
78141,1
78144,3
78147,1
78148,1
78153,1
78154,1
78156,1
78157,1
78160,2
78166,2
78167,2
78170,1
78172,1
78173,5
78176,3
78180,1
78182,3
78183,2
78186,2
78189,4
78192,2
78195,2
78198,1
78201,2
78202,2
78208,2
78211,2
78215,2
78217,1
78218,2
78220,1
78221,2
78227,1
78228,1
78230,1
78231,1
78233,2
78237,1
78243,1
78246,2
78247,1
78249,2
78250,3
78252,2
78253,2
78256,1
78259,1
78260,1
78262,2
78263,5
78265,1
78272,5
78275,1
78278,1
78279,1
78282,1
78285,1
78291,2
78297,1
78300,2
78301,1
78304,5
78308,1
78310,2
78311,3
78313,1
78314,2
78317,3
78320,1
78323,2
78324,1
78326,1
78327,1
78329,2
78330,4
78333,2
78336,3
78340,1
78342,1
78343,1
78345,1
78346,2
78349,5
78352,1
78355,2
78356,1
78358,2
78361,3
78364,1
78365,1
78368,2
78372,1
78377,1
78378,2
78380,1
78381,2
78384,1
78387,2
78388,1
78391,1
78393,1
78394,2
78397,2
78400,1
78403,1
78404,1
78406,2
78407,3
78409,1
78413,5
78419,2
78422,2
78426,1
78429,1
78432,4
78435,3
78439,2
78441,1
78442,1
78445,2
78448,3
78451,10
78455,1
78457,1
78458,2
78460,1
78461,2
78464,2
78468,1
78470,2
78476,2
78480,1
78484,3
78486,3
78490,2
78492,1
78493,1
78496,2
78502,2
78505,1
78506,2
78508,2
78509,1
78515,1
78516,2
78518,2
78519,1
78521,3
78522,3
78525,1
78528,2
78534,2
78537,1
78540,1
78541,2
78544,2
78548,1
78550,3
78551,1
78554,3
78556,2
78557,3
78560,2
78564,1
78566,2
78567,1
78569,1
78572,1
78573,3
78576,2
78579,2
78580,1
78583,1
78586,2
78589,4
78592,6
78596,1
78598,2
78599,1
78602,1
78605,4
78608,3
78611,3
78614,2
78617,1
78618,1
78621,1
78624,3
78630,1
78631,1
78633,1
78634,3
78636,1
78637,1
78640,2
78643,2
78646,3
78647,2
78650,2
78652,1
78653,1
78656,2
78659,1
78662,1
78663,2
78665,1
78666,1
78672,1
78675,2
78678,3
78679,1
78681,1
78682,3
78684,2
78685,4
78688,3
78691,1
78692,1
78694,3
78695,3
78701,2
78704,1
78707,1
78711,2
78714,4
78717,2
78720,3
78723,3
78724,2
78727,4
78733,1
78736,2
78739,2
78740,1
78742,1
78745,1
78749,1
78752,4
78755,3
78758,1
78759,1
78761,1
78762,3
78764,2
78765,4
78768,1
78774,2
78778,3
78780,2
78781,3
78784,1
78787,2
78790,2
78791,1
78794,1
78796,1
78797,3
78800,1
78803,3
78806,2
78809,1
78810,1
78813,3
78816,3
78819,1
78822,5
78823,2
78825,6
78826,2
78829,3
78832,1
78835,3
78839,1
78841,1
78845,2
78848,5
78852,1
78854,1
78855,1
78857,4
78860,2
78861,2
78864,5
78870,4
78873,1
78874,1
78877,1
78880,3
78883,3
78886,1
78887,1
78890,1
78892,1
78896,2
78899,2
78900,1
78902,3
78903,2
78905,3
78906,1
78908,1
78912,3
78915,1
78918,2
78921,1
78922,1
78925,4
78928,2
78931,1
78932,2
78934,1
78938,4
78941,3
78944,6
78947,1
78950,3
78953,1
78957,1
78960,3
78963,1
78964,1
78966,2
78969,2
78970,1
78972,1
78973,3
78976,2
78979,2
78980,2
78982,1
78983,2
78985,1
78986,1
78988,2
78989,3
78992,1
78996,1
78999,1
79001,2
79005,5
79008,7
79011,2
79014,4
79015,2
79018,2
79020,3
79021,4
79024,5
79027,1
79030,2
79033,1
79034,1
79037,4
79040,3
79044,1
79046,1
79047,2
79049,1
79050,1
79052,1
79053,2
79056,1
79060,1
79062,2
79066,1
79068,2
79072,3
79075,1
79078,1
79079,1
79082,1
79084,1
79085,3
79088,5
79091,4
79092,1
79094,2
79098,1
79101,2
79104,2
79110,3
79111,1
79117,3
79123,2
79130,2
79136,3
79139,4
79140,1
79142,2
79143,2
79145,1
79146,3
79148,1
79149,2
79152,1
79155,2
79158,2
79159,1
79161,2
79162,1
79165,1
79168,4
79171,2
79174,3
79175,1
79177,1
79178,1
79181,1
79184,1
79187,3
79190,1
79193,2
79197,3
79200,3
79209,1
79213,3
79216,2
79219,3
79220,1
79222,1
79223,1
79225,2
79226,4
79232,2
79236,1
79239,1
79242,1
79244,1
79245,4
79248,2
79251,3
79252,1
79254,2
79255,1
79257,2
79258,1
79260,1
79264,4
79270,3
79271,1
79274,1
79277,2
79280,2
79283,4
79286,1
79290,1
79292,1
79296,1
79299,1
79302,2
79308,1
79312,2
79318,1
79319,1
79321,1
79324,1
79325,3
79328,4
79331,1
79332,2
79334,2
79341,3
79344,3
79347,1
79351,2
79353,2
79354,2
79357,3
79360,4
79363,1
79366,2
79367,1
79369,1
79370,1
79372,1
79373,3
79376,4
79379,4
79382,1
79383,1
79386,1
79388,2
79389,3
79392,2
79398,1
79401,1
79402,1
79405,2
79408,2
79411,2
79412,2
79414,2
79418,1
79428,1
79430,2
79431,4
79433,1
79434,2
79437,3
79440,1
79443,2
79446,1
79447,1
79449,1
79450,3
79453,3
79456,3
79462,2
79463,1
79465,1
79466,2
79468,2
79469,1
79475,6
79478,1
79481,2
79482,1
79484,1
79485,2
79488,2
79491,2
79494,1
79495,2
79497,1
79498,2
79501,1
79504,2
79510,4
79511,1
79513,2
79514,2
79517,2
79520,1
79523,1
79527,4
79529,1
79530,3
79533,1
79536,1
79539,4
79540,2
79542,1
79545,2
79546,1
79549,2
79556,2
79561,2
79562,1
79565,3
79568,1
79571,6
79574,1
79578,3
79581,1
79584,4
79587,1
79590,2
79594,1
79596,1
79597,1
79603,1
79604,2
79606,1
79607,1
79609,1
79610,2
79612,2
79616,2
79619,4
79623,1
79626,5
79629,1
79632,1
79635,1
79641,1
79642,2
79644,1
79645,1
79648,3
79651,2
79654,1
79658,2
79660,1
79661,1
79668,1
79670,1
79671,1
79673,1
79674,3
79677,3
79680,2
79683,1
79686,1
79690,1
79693,2
79696,3
79699,1
79702,3
79703,2
79705,2
79706,2
79709,3
79712,5
79715,1
79718,1
79719,2
79721,1
79722,1
79728,2
79735,2
79740,1
79744,4
79747,1
79750,3
79751,1
79754,1
79757,4
79760,3
79763,4
79764,1
79766,1
79769,1
79770,1
79776,3
79779,1
79782,1
79783,1
79788,1
79789,3
79792,2
79795,5
79796,1
79798,2
79799,1
79802,2
79808,5
79811,2
79814,2
79815,2
79817,1
79818,2
79820,1
79821,3
79824,1
79827,2
79830,3
79833,3
79834,6
79837,3
79840,3
79843,2
79849,1
79850,2
79859,2
79862,2
79863,1
79865,1
79866,2
79869,3
79872,2
79879,3
79885,3
79888,4
79891,2
79892,1
79894,2
79895,2
79897,1
79898,1
79900,1
79901,2
79904,2
79908,1
79910,1
79911,1
79913,1
79914,1
79917,1
79920,3
79923,2
79927,1
79929,1
79932,2
79933,1
79939,1
79940,3
79943,1
79946,3
79948,1
79949,2
79952,2
79955,5
79958,1
79962,1
79964,1
79965,1
79968,3
79971,1
79974,4
79975,3
79981,2
79987,4
79993,1
79994,2
79997,3
80000,2
80003,2
80004,1
80006,3
80009,1
80016,2
80019,3
80022,1
80025,1
80026,4
80029,1
80032,2
80035,1
80036,1
80038,1
80039,1
80042,2
80051,1
80052,1
80054,4
80057,2
80058,1
80061,1
80064,2
80067,1
80070,1
80073,3
80074,1
80077,2
80080,1
80083,1
80084,1
80087,1
80089,4
80092,1
80099,1
80102,3
80106,1
80112,2
80115,3
80119,2
80121,1
80122,2
80125,1
80128,1
80131,1
80132,1
80138,1
80141,1
80147,2
80148,1
80151,1
80153,1
80157,3
80160,1
80163,1
80164,1
80166,3
80167,1
80172,1
80173,3
80176,4
80179,3
80183,1
80185,1
80186,1
80189,2
80192,1
80195,1
80198,1
80201,1
80204,1
80205,3
80208,3
80211,2
80214,2
80215,1
80218,5
80224,1
80230,1
80236,1
80237,1
80240,2
80243,2
80246,2
80249,1
80250,1
80253,2
80256,3
80259,1
80262,1
80266,1
80268,2
80272,3
80281,1
80282,5
80284,1
80288,5
80294,3
80297,2
80298,1
80301,1
80304,3
80307,1
80310,1
80313,1
80317,1
80320,2
80326,1
80327,2
80329,1
80332,1
80333,5
80336,1
80339,3
80340,1
80342,2
80345,1
80346,2
80349,1
80352,1
80355,2
80358,1
80362,1
80365,3
80368,1
80371,2
80377,1
80378,1
80380,2
80381,2
80391,1
80396,1
80397,1
80400,3
80403,3
80407,1
80409,1
80410,4
80412,1
80416,5
80423,1
80426,1
80429,2
80432,1
80435,3
80438,2
80439,1
80442,2
80445,1
80448,1
80451,1
80454,3
80457,1
80458,1
80460,1
80464,3
80467,2
80471,1
80473,1
80474,3
80477,1
80480,4
80484,1
80486,1
80487,1
80489,1
80490,2
80492,2
80493,1
80496,1
80499,3
80502,2
80509,3
80512,1
80515,1
80516,1
80518,3
80522,1
80525,1
80528,1
80531,4
80534,1
80537,2
80538,1
80544,2
80547,1
80550,1
80551,2
80553,1
80557,1
80560,2
80566,1
80569,1
80570,2
80573,2
80576,3
80579,1
80582,1
80586,2
80588,1
80589,2
80592,2
80595,2
80598,1
80599,2
80601,1
80602,2
80608,2
80611,1
80617,3
80618,1
80621,1
80628,2
80630,1
80633,2
80634,1
80637,2
80640,4
80644,1
80646,8
80647,1
80650,1
80653,3
80659,8
80665,2
80666,1
80668,1
80669,2
80672,3
80678,2
80679,1
80688,1
80691,1
80694,2
80698,1
80704,4
80707,1
80708,1
80710,1
80711,1
80713,1
80714,1
80717,2
80720,2
80726,2
80727,1
80729,2
80730,3
80736,3
80739,1
80740,1
80742,2
80743,1
80749,3
80752,5
80755,1
80758,3
80759,1
80762,1
80764,1
80765,1
80768,1
80771,2
80772,1
80774,1
80775,1
80777,2
80778,1
80781,3
80784,1
80787,2
80788,1
80791,1
80794,1
80800,1
80803,3
80810,1
80813,1
80816,2
80819,3
80825,2
80829,1
80839,3
80841,1
80842,1
80844,1
80845,2
80851,1
80857,1
80858,2
80861,3
80864,1
80867,1
80874,1
80877,2
80880,4
80883,1
80884,2
80886,2
80890,3
80892,1
80893,2
80896,2
80899,2
80903,1
80905,1
80909,1
80912,2
80915,5
80918,1
80919,1
80921,1
80922,1
80925,1
80928,2
80931,1
80934,1
80935,1
80938,2
80940,1
80941,1
80947,3
80950,2
80951,1
80953,1
80954,2
80957,1
80960,2
80964,1
80966,2
80973,4
80982,3
80986,1
80989,2
80992,1
80995,1
80999,1
81008,5
81011,3
81012,1
81014,1
81015,1
81017,1
81024,5
81027,4
81028,1
81030,2
81031,2
81033,3
81036,1
81037,3
81040,5
81043,3
81046,1
81049,1
81050,1
81053,1
81056,2
81059,2
81062,2
81063,1
81069,2
81072,3
81075,3
81076,1
81085,5
81088,3
81091,1
81094,4
81098,2
81100,1
81101,2
81108,2
81110,1
81111,1
81113,1
81114,1
81123,1
81124,1
81126,1
81132,1
81133,3
81136,1
81139,6
81143,1
81145,2
81152,2
81159,2
81161,2
81164,1
81168,3
81171,2
81174,1
81177,1
81178,3
81181,2
81184,1
81190,1
81191,1
81194,1
81197,1
81200,3
81206,1
81207,4
81209,1
81210,2
81213,1
81216,1
81226,1
81228,1
81229,2
81235,7
81241,1
81242,1
81245,1
81248,3
81251,2
81254,1
81255,1
81264,2
81267,6
81268,1
81270,3
81274,1
81277,1
81280,1
81286,1
81289,2
81290,1
81292,1
81293,3
81296,2
81299,3
81302,3
81306,2
81308,2
81309,2
81312,4
81318,1
81321,2
81325,2
81331,1
81332,2
81335,1
81337,1
81338,1
81341,1
81344,1
81347,2
81350,2
81354,5
81363,1
81366,1
81367,1
81369,1
81373,1
81376,3
81380,1
81382,1
81383,2
81389,2
81392,2
81395,3
81398,3
81401,3
81402,1
81408,1
81411,4
81412,1
81414,2
81415,2
81424,2
81433,1
81434,2
81440,4
81443,1
81446,2
81447,1
81450,1
81452,1
81456,2
81459,1
81460,2
81462,1
81468,1
81469,1
81472,2
81478,3
81479,2
81481,1
81482,1
81485,2
81491,1
81495,1
81498,1
81500,1
81501,1
81504,6
81510,1
81523,1
81526,1
81529,1
81530,5
81533,1
81536,1
81539,1
81542,1
81543,1
81545,2
81549,3
81552,1
81555,1
81558,1
81562,1
81564,1
81565,1
81568,3
81571,4
81574,1
81577,1
81581,2
81584,1
81587,3
81590,2
81591,1
81593,1
81597,1
81603,3
81604,1
81616,2
81623,1
81625,4
81626,2
81629,4
81632,3
81635,3
81636,1
81638,2
81642,3
81645,1
81648,1
81651,1
81652,1
81654,1
81655,1
81658,3
81664,2
81667,1
81670,2
81673,1
81677,1
81683,2
81693,1
81696,2
81702,2
81705,1
81706,2
81709,2
81712,1
81715,3
81721,3
81724,1
81725,1
81728,1
81734,1
81735,3
81737,1
81740,1
81744,3
81747,2
81751,1
81753,1
81757,1
81760,5
81766,1
81770,1
81773,3
81776,3
81786,2
81795,1
81796,1
81798,1
81799,2
81802,3
81804,1
81805,1
81808,1
81811,2
81814,1
81817,3
81821,2
81824,1
81827,1
81830,1
81834,2
81837,2
81840,1
81843,1
81853,2
81856,3
81865,1
81866,2
81869,1
81875,1
81878,1
81882,2
81885,1
81888,3
81891,1
81894,3
81897,1
81901,1
81904,2
81907,1
81908,1
81910,2
81920,1
81923,1
81926,1
81932,1
81933,1
81936,3
81939,6
81940,1
81942,2
81943,1
81945,1
81946,1
81949,1
81952,2
81955,3
81956,1
81958,2
81959,1
81961,1
81964,1
81965,1
81968,2
81971,2
81972,2
81975,1
81978,2
81988,1
81991,1
81994,1
81996,2
81997,1
82000,1
82003,2
82010,3
82016,1
82019,1
82022,3
82025,1
82026,2
82028,1
82029,1
82032,3
82035,4
82038,1
82039,1
82041,1
82042,1
82045,1
82048,1
82051,2
82052,1
82054,1
82061,5
82064,1
82067,1
82073,1
82077,2
82080,3
82083,1
82084,1
82086,2
82089,1
82090,1
82093,3
82096,2
82099,1
82100,1
82102,3
82108,1
82109,3
82112,2
82115,1
82118,1
82119,1
82122,1
82128,4
82131,1
82140,1
82144,1
82147,1
82150,1
82151,1
82153,2
82157,2
82160,2
82164,2
82166,2
82170,1
82173,1
82182,1
82183,1
82185,1
82188,1
82189,1
82192,1
82195,3
82196,2
82199,1
82201,1
82205,1
82211,1
82214,1
82218,1
82220,3
82221,1
82227,1
82231,1
82233,2
82237,1
82240,5
82246,3
82256,1
82263,1
82266,1
82268,1
82269,2
82275,1
82281,1
82282,1
82291,1
82304,2
82307,1
82310,2
82311,1
82314,1
82317,2
82320,2
82326,1
82327,1
82329,1
82332,2
82336,1
82339,1
82342,2
82345,1
82349,1
82352,1
82355,1
82358,1
82361,1
82371,2
82375,1
82378,1
82381,2
82384,1
82387,3
82390,1
82394,1
82400,2
82403,1
82406,2
82407,1
82409,1
82412,1
82413,1
82419,3
82422,1
82426,1
82429,1
82432,2
82435,2
82438,1
82442,1
82452,1
82458,1
82460,1
82461,1
82464,3
82467,2
82471,1
82474,1
82477,3
82480,1
82483,1
82487,1
82489,1
82490,1
82493,1
82496,1
82502,1
82505,1
82506,1
82509,2
82515,2
82516,1
82522,1
82534,1
82535,2
82538,1
82541,3
82544,1
82547,4
82548,3
82550,2
82553,1
82554,1
82557,2
82560,1
82563,1
82566,1
82572,1
82573,1
82576,2
82579,1
82582,1
82586,2
82589,1
82595,1
82598,3
82599,2
82602,1
82608,1
82611,1
82615,1
82617,1
82618,2
82624,1
82627,3
82630,1
82634,2
82637,3
82640,2
82643,2
82646,1
82647,2
82649,2
82650,1
82653,2
82656,1
82659,1
82662,2
82665,1
82666,2
82672,2
82675,2
82679,3
82681,3
82685,1
82695,2
82698,1
82701,5
82704,1
82707,1
82708,1
82710,2
82711,1
82716,1
82717,1
82720,3
82723,1
82727,1
82729,2
82730,1
82736,2
82739,1
82740,2
82742,2
82749,1
82752,1
82755,1
82758,1
82761,1
82762,3
82764,1
82768,4
82771,1
82774,1
82777,1
82778,4
82781,1
82784,2
82787,1
82791,3
82796,1
82797,2
82800,3
82803,4
82810,1
82813,3
82816,2
82819,3
82823,1
82829,4
82832,3
82835,3
82836,2
82841,1
82845,2
82848,3
82851,1
82852,1
82854,2
82858,1
82861,1
82864,1
82870,1
82873,1
82874,2
82877,4
82883,1
82886,1
82887,1
82890,1
82892,1
82896,3
82899,1
82902,1
82903,1
82905,2
82912,1
82915,1
82918,1
82919,1
82925,1
82928,2
82931,2
82934,2
82937,1
82938,1
82941,1
82947,3
82948,2
82951,2
82957,2
82960,1
82969,1
82973,3
82982,1
82983,2
82988,1
82995,2
82996,1
83001,1
83005,1
83008,4
83011,1
83012,1
83021,2
83024,2
83027,2
83028,1
83034,2
83044,1
83047,2
83050,2
83053,2
83059,1
83066,1
83069,1
83072,3
83076,1
83079,2
83082,1
83088,1
83094,1
83098,2
83101,1
83104,1
83110,3
83111,1
83113,1
83117,1
83120,1
83123,3
83126,1
83136,4
83139,2
83145,1
83152,2
83155,1
83162,1
83168,1
83174,3
83181,1
83184,1
83188,1
83190,1
83193,2
83194,2
83196,1
83197,1
83206,2
83207,1
83209,1
83213,2
83223,1
83226,4
83228,1
83229,1
83232,1
83235,2
83236,1
83242,1
83245,1
83248,1
83251,1
83252,1
83257,2
83258,1
83264,2
83267,3
83273,1
83277,1
83280,1
83290,4
83293,1
83296,1
83303,1
83306,1
83309,3
83312,2
83315,4
83316,1
83318,1
83319,1
83321,1
83338,1
83340,1
83341,2
83344,1
83347,3
83351,1
83353,3
83354,1
83360,1
83366,1
83367,1
83372,1
83373,2
83376,1
83382,3
83385,1
83386,2
83392,3
83395,1
83404,1
83405,2
83408,3
83411,1
83415,1
83418,1
83421,1
83424,5
83431,1
83433,1
83436,2
83437,1
83440,3
83444,1
83446,1
83449,1
83452,1
83453,2
83456,1
83459,2
83460,1
83466,1
83469,3
83472,1
83475,1
83478,1
83479,1
83488,1
83491,3
83504,1
83507,2
83508,1
83510,1
83513,1
83517,1
83520,1
83523,1
83526,2
83533,2
83536,1
83539,1
83549,2
83552,2
83555,2
83558,1
83562,2
83565,1
83568,2
83572,2
83574,1
83575,1
83577,1
83578,2
83587,1
83588,1
83591,1
83597,3
83600,2
83603,4
83607,1
83610,2
83616,2
83623,2
83625,1
83626,1
83635,2
83636,1
83641,1
83642,1
83648,1
83654,1
83655,1
83658,3
83664,2
83667,1
83686,1
83692,1
83693,3
83700,1
83702,1
83705,2
83712,1
83718,3
83722,2
83724,1
83725,4
83731,2
83735,1
83737,2
83741,2
83744,2
83751,1
83754,1
83756,1
83757,2
83760,2
83763,1
83766,1
83767,1
83776,2
83779,1
83780,1
83782,1
83783,1
83788,2
83789,4
83792,1
83795,4
83802,1
83811,3
83814,1
83815,1
83817,2
83821,1
83827,1
83830,1
83837,1
83843,1
83847,1
83852,1
83856,6
83859,2
83860,1
83862,3
83865,1
83866,1
83872,3
83878,1
83885,3
83891,1
83892,2
83897,1
83901,2
83904,3
83907,1
83913,1
83914,1
83917,2
83923,3
83924,1
83926,2
83927,1
83942,1
83945,1
83949,1
83952,1
83962,1
83965,1
83968,3
83971,1
83975,1
83977,1
83981,2
83984,3
83990,1
83993,2
83994,1
84000,2
84003,2
84006,1
84007,1
84009,2
84010,1
84016,2
84023,1
84026,1
84029,1
84035,1
84039,1
84041,2
84045,2
84048,1
84051,1
84058,1
84061,1
84064,4
84067,1
84071,1
84074,1
84083,1
84086,1
84090,1
84093,2
84099,1
84102,1
84105,1
84109,1
84115,1
84119,1
84122,1
84128,2
84131,1
84134,2
84141,1
84147,2
84150,1
84153,3
84160,1
84166,1
84169,1
84179,1
84180,1
84182,1
84186,1
84192,2
84195,2
84196,1
84202,1
84204,1
84211,2
84220,1
84221,1
84227,2
84233,1
84240,3
84244,1
84246,1
84249,2
84253,2
84256,2
84259,3
84260,1
84262,2
84265,2
84272,2
84276,1
84284,1
84288,1
84294,1
84295,1
84298,1
84301,4
84310,1
84317,1
84320,1
84330,1
84333,1
84343,1
84355,1
84361,1
84365,1
84374,1
84375,3
84378,1
84380,1
84384,3
84390,1
84391,2
84396,2
84397,1
84400,1
84403,1
84409,2
84410,1
84413,1
84416,1
84419,2
84426,2
84428,1
84445,1
84448,2
84451,1
84454,1
84461,1
84467,1
84470,1
84473,1
84477,1
84483,1
84484,1
84489,2
84490,1
84496,1
84499,2
84505,1
84506,1
84509,1
84518,1
84519,1
84524,1
84525,1
84532,1
84535,1
84537,1
84541,1
84544,3
84548,1
84550,1
84557,1
84564,1
84570,1
84573,2
84579,1
84585,1
84589,1
84595,1
84602,2
84605,1
84608,5
84611,1
84617,1
84624,1
84630,2
84633,1
84634,3
84636,1
84640,4
84649,2
84662,1
84665,1
84672,2
84678,1
84685,1
84691,3
84694,1
84695,2
84697,1
84698,1
84704,1
84707,1
84710,1
84717,1
84720,1
84723,1
84727,1
84730,1
84733,1
84736,1
84742,1
84745,1
84748,2
84749,1
84761,2
84768,2
84771,1
84775,1
84778,1
84781,2
84784,1
84787,1
84791,1
84794,1
84800,2
84803,1
84806,1
84807,1
84809,2
84826,1
84829,1
84832,1
84839,1
84841,1
84845,1
84851,1
84857,1
84860,2
84864,1
84867,1
84880,3
84883,1
84887,2
84890,1
84896,1
84902,1
84909,1
84918,2
84919,1
84934,1
84960,1
84966,2
84969,1
84973,2
84979,1
84980,1
84983,1
84986,1
84992,1
84998,2
85002,1
85008,2
85011,1
85012,1
85015,1
85018,2
85020,2
85021,2
85030,1
85031,1
85037,2
85053,1
85072,2
85075,1
85082,1
85085,1
85088,1
85091,2
85092,1
85094,2
85097,1
85101,1
85104,2
85107,1
85111,1
85126,1
85130,1
85133,1
85139,4
85140,1
85146,1
85152,3
85158,2
85162,1
85165,3
85178,1
85181,1
85184,2
85187,1
85193,1
85194,2
85197,1
85200,1
85203,1
85210,1
85213,1
85219,1
85225,1
85235,1
85238,1
85261,1
85273,1
85274,1
85277,1
85280,2
85286,2
85289,1
85290,1
85293,1
85299,1
85303,1
85309,2
85318,1
85322,1
85324,1
85334,1
85347,1
85350,2
85354,2
85357,1
85360,1
85363,3
85366,1
85367,1
85370,1
85376,1
85382,1
85383,1
85392,1
85395,1
85396,1
85398,1
85402,1
85421,3
85427,1
85430,1
85434,1
85440,3
85444,1
85446,1
85447,1
85453,1
85462,1
85463,1
85465,1
85466,1
85491,2
85498,1
85517,1
85526,1
85530,1
85533,1
85536,1
85539,1
85540,2
85546,1
85549,2
85552,1
85568,1
85571,1
85574,1
85578,1
85587,1
85591,1
85600,2
85606,1
85607,1
85626,1
85629,1
85635,1
85638,1
85645,1
85648,3
85651,1
85658,1
85664,1
85668,2
85670,1
85686,1
85696,1
85699,1
85715,1
85721,1
85725,1
85734,1
85744,1
85757,2
85766,3
85767,2
85770,2
85772,1
85776,1
85782,2
85786,1
85792,3
85798,1
85802,1
85808,1
85811,1
85812,1
85814,1
85815,1
85821,3
85827,2
85830,1
85834,1
85843,2
85853,2
85856,2
85859,1
85862,1
85863,2
85872,1
85875,2
85876,1
85885,1
85888,1
85898,1
85901,1
85904,2
85907,1
85920,2
85926,1
85927,1
85933,1
85946,1
85949,1
85955,1
85961,1
85962,1
85965,2
85968,1
85971,1
85972,1
85974,1
85975,1
85977,2
85981,3
85993,1
86009,2
86020,1
86022,1
86028,1
86035,1
86036,1
86038,1
86042,1
86045,1
86051,2
86064,1
86068,1
86074,2
86077,1
86080,2
86096,1
86108,1
86115,1
86119,1
86122,1
86128,1
86131,2
86138,3
86141,1
86157,1
86160,1
86169,1
86182,1
86195,2
86205,1
86211,1
86221,2
86230,2
86234,2
86250,1
86259,2
86263,1
86268,1
86269,1
86275,1
86288,2
86297,1
86310,1
86316,1
86317,1
86332,1
86333,1
86336,1
86343,1
86352,2
86355,2
86358,1
86361,1
86375,1
86378,1
86381,1
86390,1
86397,1
86400,1
86403,1
86406,1
86419,1
86432,1
86435,1
86439,2
86441,1
86444,1
86455,1
86464,1
86476,1
86483,1
86486,1
86487,1
86496,1
86509,1
86515,1
86522,1
86528,1
86531,1
86534,1
86547,1
86554,1
86560,3
86563,1
86569,2
86570,1
86573,2
86588,1
86595,1
86596,1
86608,1
86614,1
86615,1
86618,1
86621,2
86624,1
86627,1
86631,1
86646,1
86649,1
86650,1
86695,1
86710,1
86711,1
86713,1
86723,1
86733,1
86746,1
86762,1
86771,2
86772,1
86775,1
86777,1
86784,2
86800,1
86810,1
86822,1
86893,1
86896,1
86903,1
86912,2
86928,1
86935,3
86940,1
86944,1
86950,1
86964,1
86966,1
86970,1
86976,1
86979,1
86982,2
87015,1
87056,1
87059,1
87072,1
87097,3
87101,2
87110,1
87117,1
87123,1
87139,1
87149,1
87155,2
87175,1
87200,1
87203,1
87210,1
87212,1
87213,1
87222,1
87235,1
87245,1
87257,1
87261,1
87270,1
87271,1
87299,1
87306,2
87315,1
87321,1
87325,1
87328,2
87344,1
87360,1
87370,1
87383,1
87386,1
87389,1
87392,1
87401,1
87405,1
87430,2
87431,1
87437,1
87440,1
87456,1
87466,1
87479,1
87482,1
87495,1
87501,1
87504,1
87513,1
87520,1
87552,1
87562,1
87571,1
87578,1
87603,1
87635,1
87654,1
87661,1
87670,1
87709,2
87712,1
87715,1
87725,1
87728,2
87766,1
87769,1
87779,1
87792,2
87818,1
87821,1
87834,2
87840,1
87849,1
87866,1
87894,1
87898,1
87904,1
87942,1
87956,1
87981,1
88023,1
88057,1
88061,1
88067,1
88086,1
88169,1
88172,1
88179,1
88196,1
88199,1
88204,1
88211,1
88215,2
88218,1
88230,1
88247,1
88250,1
88253,1
88269,1
88298,1
88339,1
88361,1
88362,1
88365,1
88377,1
88381,1
88391,1
88397,1
88400,1
88413,1
88429,1
88442,1
88544,2
88560,2
88573,1
88592,1
88599,1
88640,1
88643,1
88650,1
88656,1
88666,1
88685,2
88688,1
88694,1
88707,1
88711,1
88720,1
88729,1
88730,1
88736,1
88755,1
88781,1
88800,1
88819,1
88826,1
88845,1
88877,1
88896,2
88906,1
88922,1
88934,1
88941,1
88944,1
88950,1
88954,2
88998,1
89002,1
89012,1
89015,1
89036,1
89040,1
89081,2
89114,1
89133,1
89162,1
89171,1
89194,1
89203,1
89216,1
89219,1
89232,1
89251,1
89299,1
89321,1
89328,1
89376,1
89392,1
89399,1
89408,1
89434,1
89440,1
89447,2
89459,1
89491,1
89510,1
89514,1
89529,1
89539,1
89584,1
89610,1
89622,1
89632,1
89641,1
89658,1
89677,1
89686,1
89703,1
89715,1
89779,1
89786,1
89818,1
89872,1
89914,1
89943,1
89949,1
89965,1
89971,1
90010,1
90016,1
90071,2
90077,1
90087,1
90092,1
90195,1
90202,1
90236,1
90250,1
90253,2
90259,1
90298,1
90301,1
90355,1
90394,1
90397,1
90400,1
90458,1
90467,1
90487,1
90551,1
90592,1
90647,1
90688,1
90717,2
90772,1
90778,1
90848,2
91034,1
91059,1
91104,1
91107,1
91116,1
91171,1
91219,1
91257,1
91261,1
91303,1
91366,1
91427,1
91469,1
91504,1
91527,1
91603,1
91613,1
91626,1
91648,1
91654,1
91712,1
91719,1
91760,1
91792,1
91798,1
91891,1
91897,1
91901,1
92061,1
92080,1
92099,1
92109,1
92224,1
92240,1
92275,1
92310,1
92349,1
92375,1
92387,1
92547,1
92592,1
92595,1
92758,1
92794,1
92800,1
92803,1
93005,1
93018,1
93123,1
93143,1
93220,1
93319,1
93389,1
93427,1
93484,1
93984,1
93987,1
94150,1
94279,1
94544,1
94631,1
94761,1
94916,1
95069,1
95539,1
95773,1
95814,1
96006,1
96515,1
96531,1
96556,1
96679,1
96736,1
96788,1
96979,1
97171,1
97216,1
97223,1
97517,1
97686,1
97824,1
98090,1
98100,1
98112,1
98269,1
98407,1
98521,1
98585,1
98899,1
99516,1
99517,1
99558,1
100074,1
100086,1
100333,1
100592,1
100595,1
100839,1
101712,1
101913,1
101914,1
102044,1
102317,1
102784,1
102819,1
102915,1
103251,1
103280,1
103318,1
103322,1
103853,1
104096,1
104352,1
104506,1
104960,1
105271,1
105404,1
105591,1
105875,1
106297,1
106509,1
107235,1
108119,1
108429,1
108749,1
109542,1
109996,1
110205,1
110787,1
110797,1
110918,1
111047,1
111062,1
111305,1
111309,1
111459,1
111488,1
111552,1
111853,1
111892,1
112131,1
112346,1
112781,1
112941,1
113856,1
113862,1
114077,1
114483,1
114506,1
114595,1
114643,1
114957,1
115322,1
115334,1
115353,1
116202,1
116496,1
116711,1
116876,1
116966,1
117389,1
117664,1
117728,1
118045,1
118054,1
118464,1
118723,1
118979,1
119251,1
119341,1
119507,1
120118,1
120538,1
121152,1
121475,1
121632,1
122554,1
122675,1
122809,1
122899,1
123059,1
123063,1
124365,1
124781,1
124918,1
125542,1
125782,1
126317,1
126572,1
126896,1
127162,1
127300,1
128339,1
128627,1
129178,1
129260,1
129299,1
129767,1
129917,1
130067,1
130291,1
130294,1
130675,1
131232,1
132308,1
132826,1
133162,1
133581,1
133629,1
133824,1
134122,1
134169,1
134784,1
135110,1
135705,1
135741,1
135981,1
136134,1
136359,1
137050,1
137107,1
137155,1
137168,1
137632,1
137789,1
137852,1
137981,1
138413,1
139018,1
139030,1
139104,1
139888,1
141059,1
141222,1
141389,1
141571,1
141593,1
141603,1
141606,1
142419,1
142781,1
143001,1
143136,1
143587,1
143613,1
143696,1
143913,1
143987,1
144771,1
144902,1
145280,1
145824,1
145869,1
145917,1
146845,1
147196,1
147309,1
148505,1
148540,1
148828,1
149062,1
149204,1
149702,1
149706,1
149965,1
151223,1
151513,1
151792,1
152388,1
152451,1
152633,1
152905,1
153139,1
153395,1
154870,1
155389,1
155731,1
155929,1
155932,1
156851,1
157433,1
157642,1
157766,1
157990,1
158141,1
158362,1
158781,1
158871,1
159104,1
160186,1
160579,1
161133,1
161222,1
161385,1
162505,1
162948,1
163594,1
163677,1
164160,1
164640,1
164922,1
165255,1
165402,1
165555,1
165613,1
165683,1
166147,1
166951,1
167200,1
167222,1
167312,1
167440,1
167901,1
169353,1
169440,1
171069,1
171149,1
171309,1
171331,1
172122,1
172272,1
172804,1
172806,1
173642,1
173708,1
173959,1
174154,1
174406,1
174525,1
175184,1
175219,1
175222,1
175360,1
175629,1
175763,1
175913,1
175929,1
176307,1
176320,1
176368,1
176928,1
177555,1
178329,1
178637,1
178695,1
179207,1
179443,1
179475,1
179753,1
180192,1
181351,1
182813,1
183143,1
183194,1
183539,1
184000,1
184212,1
184864,1
185575,1
186067,1
186346,1
186707,1
186998,1
188819,1
188848,1
188922,1
189546,1
190090,1
190220,1
190797,1
191753,1
192455,1
192720,1
192787,1
193428,1
194035,1
194668,1
194672,1
194720,1
194816,1
194998,1
195056,1
195555,1
196071,1
196263,1
196368,1
197274,1
197316,1
197968,1
198668,1
199043,1
199539,1
199543,1
199946,1
200000,1
200989,1
201497,1
201548,1
202567,1
204166,1
204173,1
204253,1
204330,1
204358,1
204832,1
204851,1
205376,1
205414,1
205504,1
206048,1
206483,1
206752,1
207053,1
207539,1
209127,1
209193,1
209315,1
209549,1
211782,1
213142,1
213648,1
213731,1
214106,1
214349,1
214723,1
216240,1
216371,1
216672,1
216710,1
217181,1
217831,1
218660,1
218790,1
219197,1
219850,1
219859,1
220442,1
220909,1
221241,1
221322,1
222506,1
223111,1
223328,1
223597,1
223961,1
224313,1
224704,1
224973,1
226093,1
230985,1
231773,1
232154,1
232688,1
232976,1
233082,1
233376,1
233388,1
233792,1
234438,1
235187,1
235798,1
236458,1
236720,1
236845,1
237504,1
237513,1
237683,1
239366,1
240291,1
240294,1
240711,1
240896,1
241456,1
242803,1
243053,1
243830,1
246007,1
246409,1
247091,1
247927,1
248352,1
249882,1
249920,1
250701,1
251197,1
251238,1
252903,1
253315,1
253318,1
255539,1
256500,1
258358,1
258762,1
259181,1
262535,1
262576,1
267223,1
267718,1
278198,1
306630,1
309767,1
310375,1
311152,1
311802,1
330221,1
330442,1
413904,1
425600,1
431751,1
440163,1
466758,1
473360,1
488586,1
1559846,1
6058790,1
6068518,1
6072621,1
6088275,1
6090640,1
6094285,1
6116057,1
6139148,1
