# Samples: 24279, Average: 15184.5 ns, StdDev: 58369.8 ns, Quartiles: 12365.0/14362.0/16250.0 ns
6950,1
7828,1
8585,1
8691,1
8768,1
8793,1
8871,1
8883,1
8906,1
8912,1
8970,1
8979,1
8985,1
8998,1
9012,1
9027,1
9031,1
9037,1
9044,1
9069,1
9081,1
9088,2
9095,1
9097,1
9104,1
9126,1
9146,1
9149,1
9152,1
9165,2
9171,1
9181,1
9188,1
9194,1
9197,1
9206,1
9209,1
9210,1
9216,1
9241,1
9248,1
9268,2
9270,1
9273,3
9280,1
9290,1
9312,1
9344,1
9350,1
9360,1
9379,1
9383,1
9415,1
9427,1
9437,1
9440,1
9452,1
9469,1
9472,1
9484,1
9494,1
9497,1
9498,1
9501,1
9504,1
9507,1
9510,1
9513,1
9517,1
9523,2
9533,1
9536,1
9542,1
9555,1
9559,1
9571,1
9587,1
9594,1
9606,2
9607,2
9609,1
9619,1
9625,1
9648,1
9651,1
9652,1
9654,1
9667,1
9677,4
9683,2
9687,1
9702,2
9705,1
9715,1
9719,1
9728,1
9740,1
9747,2
9763,1
9779,1
9785,1
9786,1
9792,1
9796,1
9798,1
9801,1
9808,1
9811,4
9824,1
9831,1
9836,1
9837,1
9853,1
9863,1
9868,1
9872,1
9875,2
9879,1
9881,2
9888,3
9894,2
9904,1
9907,2
9908,1
9924,1
9942,2
9945,1
9949,3
9952,2
9959,1
9962,1
9964,1
9965,2
9968,1
9974,1
9978,2
9984,1
9987,1
9990,1
9991,1
10003,1
10009,1
10016,1
10019,1
10022,1
10023,1
10026,3
10035,1
10042,1
10045,1
10048,2
10051,1
10054,2
10055,1
10061,1
10067,1
10071,1
10073,1
10077,1
10080,4
10087,1
10090,1
10093,2
10096,2
10119,1
10125,1
10132,1
10134,1
10135,1
10137,1
10138,1
10140,1
10141,1
10144,2
10147,1
10150,2
10151,2
10156,1
10160,1
10163,1
10169,1
10176,1
10182,1
10186,1
10188,2
10189,1
10192,1
10195,2
10196,1
10198,1
10202,2
10208,1
10211,2
10227,3
10230,1
10233,1
10234,1
10243,1
10244,1
10246,1
10247,3
10256,2
10259,2
10262,1
10265,2
10266,1
10269,2
10272,4
10275,1
10276,1
10278,2
10279,1
10282,1
10284,1
10285,3
10291,5
10292,2
10300,1
10304,2
10307,1
10310,3
10317,1
10320,1
10323,4
10326,2
10327,1
10329,1
10336,3
10342,4
10343,2
10346,1
10348,1
10349,1
10352,1
10355,2
10356,3
10362,1
10364,1
10365,1
10368,5
10371,2
10374,2
10375,1
10378,3
10380,1
10381,1
10384,1
10388,3
10390,1
10394,4
10397,1
10400,3
10403,1
10406,3
10407,1
10413,2
10416,1
10419,2
10425,1
10426,2
10428,1
10432,5
10435,1
10438,3
10441,1
10442,2
10445,5
10448,2
10451,5
10457,1
10458,2
10461,4
10464,4
10467,4
10468,1
10470,2
10471,2
10473,1
10474,1
10476,1
10477,2
10480,2
10483,1
10484,2
10486,1
10489,1
10490,3
10493,5
10496,5
10499,3
10502,3
10503,2
10506,1
10509,6
10512,2
10515,4
10518,2
10519,1
10521,3
10522,2
10524,2
10525,2
10528,1
10534,2
10538,1
10541,6
10544,3
10547,1
10548,2
10553,2
10554,3
10557,1
10560,4
10563,1
10564,1
10566,3
10567,1
10569,1
10570,2
10573,9
10576,2
10579,2
10582,1
10585,1
10586,6
10588,2
10589,1
10592,4
10595,4
10596,1
10598,4
10599,2
10602,2
10604,2
10605,1
10608,2
10611,4
10612,1
10614,3
10615,1
10617,7
10618,6
10621,4
10624,4
10627,4
10630,5
10631,3
10633,1
10634,1
10636,1
10637,5
10643,1
10647,1
10649,4
10650,2
10653,3
10656,9
10659,3
10660,2
10662,3
10663,6
10665,2
10666,5
10669,5
10672,1
10675,5
10678,4
10679,1
10681,2
10682,5
10684,1
10685,2
10688,10
10691,1
10694,2
10695,4
10697,2
10698,3
10700,2
10701,6
10704,4
10707,7
10708,3
10710,1
10714,2
10717,2
10720,6
10723,4
10726,3
10727,5
10729,2
10732,2
10733,5
10736,4
10739,6
10740,1
10742,1
10743,2
10745,1
10746,7
10749,1
10752,5
10755,5
10756,1
10758,2
10759,3
10761,1
10762,2
10764,3
10765,11
10768,6
10771,2
10772,5
10774,3
10777,3
10778,4
10780,1
10781,1
10784,8
10787,4
10788,1
10790,2
10791,2
10794,4
10796,2
10797,7
10800,4
10803,16
10804,2
10807,1
10809,7
10810,3
10812,1
10813,2
10816,11
10819,1
10820,2
10822,3
10823,1
10825,3
10826,3
10828,1
10829,9
10832,1
10835,11
10836,3
10838,2
10839,2
10841,3
10842,5
10845,6
10848,12
10851,3
10854,5
10855,5
10857,2
10858,2
10861,10
10864,3
10867,7
10868,5
10870,3
10871,1
10873,4
10874,6
10876,1
10877,5
10880,13
10883,1
10884,1
10886,3
10887,6
10889,2
10890,6
10892,2
10893,6
10896,5
10899,10
10900,3
10902,3
10903,2
10905,2
10906,8
10909,4
10912,12
10915,2
10918,5
10919,5
10921,3
10922,5
10924,1
10925,9
10928,1
10931,9
10934,3
10937,3
10938,9
10940,1
10941,4
10944,16
10947,5
10950,7
10951,6
10953,1
10954,2
10956,3
10957,9
10963,8
10964,5
10966,3
10969,7
10970,7
10972,1
10973,5
10976,12
10979,3
10980,1
10982,2
10983,2
10985,2
10986,2
10988,2
10989,8
10992,6
10995,8
10996,6
10998,4
10999,3
11001,7
11002,2
11005,2
11008,15
11011,5
11012,2
11014,5
11015,5
11017,3
11018,1
11021,11
11024,11
11027,12
11028,1
11030,6
11033,3
11034,10
11036,1
11037,8
11040,14
11043,5
11046,7
11047,7
11049,1
11050,4
11052,3
11053,11
11056,1
11059,17
11060,4
11062,7
11063,2
11065,3
11066,11
11069,3
11072,11
11075,9
11078,10
11079,3
11081,1
11082,5
11084,3
11085,4
11088,6
11091,12
11092,3
11094,6
11095,5
11097,12
11098,10
11101,2
11104,11
11107,2
11110,10
11111,4
11113,2
11114,8
11116,1
11117,13
11120,5
11123,11
11124,5
11126,4
11127,7
11129,4
11130,15
11132,2
11133,4
11136,12
11139,10
11140,2
11142,7
11143,7
11145,1
11146,5
11148,2
11149,9
11152,2
11155,11
11156,3
11158,4
11159,4
11161,7
11162,10
11164,1
11165,8
11168,14
11171,4
11174,10
11175,8
11177,1
11178,3
11180,6
11181,7
11184,3
11187,10
11188,2
11190,3
11191,2
11193,7
11194,10
11196,1
11197,5
11200,14
11203,6
11204,1
11206,11
11207,6
11209,2
11210,3
11212,2
11213,17
11216,8
11219,11
11220,1
11222,3
11223,5
11225,8
11226,6
11228,3
11229,2
11232,18
11235,5
11236,1
11238,17
11239,4
11241,1
11242,1
11244,1
11245,17
11248,6
11251,13
11252,1
11254,3
11255,3
11257,9
11258,10
11260,1
11261,9
11264,20
11267,6
11268,1
11270,9
11271,6
11273,3
11274,2
11276,4
11277,17
11280,10
11283,19
11284,11
11286,3
11287,2
11289,10
11290,15
11292,1
11293,5
11296,25
11299,5
11300,2
11302,14
11303,9
11305,2
11306,4
11308,2
11309,17
11312,3
11315,8
11316,4
11318,3
11319,2
11321,8
11322,9
11324,2
11325,11
11328,8
11331,4
11334,8
11335,7
11337,5
11338,4
11340,4
11341,8
11344,2
11347,7
11348,2
11350,4
11351,3
11353,9
11354,14
11357,5
11360,19
11363,4
11364,1
11366,12
11367,10
11369,2
11370,4
11372,5
11373,12
11376,9
11379,15
11380,5
11382,2
11383,4
11385,5
11386,7
11388,3
11389,6
11392,24
11395,2
11398,17
11399,3
11401,5
11402,1
11404,2
11405,14
11408,4
11411,17
11412,3
11414,5
11415,2
11417,6
11418,16
11421,5
11424,17
11427,6
11428,1
11430,9
11431,7
11433,1
11434,5
11436,8
11437,20
11440,8
11443,11
11444,4
11446,7
11447,2
11449,5
11450,11
11452,1
11453,4
11456,22
11459,5
11460,3
11462,13
11463,5
11465,4
11466,2
11468,4
11469,15
11472,8
11475,16
11476,6
11478,2
11479,1
11481,7
11482,10
11484,1
11485,6
11488,27
11491,9
11494,16
11495,9
11497,1
11498,5
11500,5
11501,19
11504,6
11507,14
11508,2
11510,2
11511,3
11513,3
11514,9
11516,1
11517,4
11520,21
11523,5
11524,1
11526,5
11527,4
11529,4
11530,6
11532,3
11533,16
11536,10
11539,18
11540,2
11542,5
11543,5
11545,6
11546,7
11548,3
11549,5
11552,26
11555,1
11556,1
11558,14
11559,5
11561,2
11562,8
11564,4
11565,16
11568,9
11571,17
11572,6
11575,4
11577,12
11578,12
11581,3
11584,17
11587,7
11590,17
11591,8
11593,6
11594,6
11596,5
11597,11
11600,8
11603,14
11604,2
11606,5
11607,1
11609,7
11610,10
11613,2
11616,12
11619,6
11620,1
11622,3
11623,9
11625,3
11626,6
11629,17
11632,9
11635,8
11636,1
11638,2
11639,5
11641,11
11642,3
11644,1
11645,4
11648,15
11651,5
11652,1
11654,16
11655,9
11657,4
11658,3
11660,2
11661,13
11664,5
11667,11
11668,4
11670,6
11671,4
11673,7
11674,12
11676,1
11677,13
11680,14
11683,8
11684,2
11686,8
11687,7
11689,4
11690,2
11692,7
11693,8
11696,5
11699,14
11700,3
11702,2
11703,5
11705,5
11706,8
11708,1
11709,9
11712,10
11715,5
11716,1
11718,10
11719,3
11721,1
11722,4
11724,5
11725,10
11728,11
11731,19
11734,1
11735,5
11737,4
11738,7
11741,4
11744,13
11747,6
11748,2
11750,6
11751,8
11753,5
11754,5
11756,6
11757,14
11760,7
11763,20
11764,1
11766,6
11767,4
11769,9
11770,13
11772,2
11773,5
11776,14
11779,5
11780,1
11782,9
11783,2
11786,5
11788,1
11789,12
11792,1
11795,15
11796,5
11798,1
11799,6
11801,4
11802,8
11804,1
11805,5
11808,19
11811,7
11812,1
11814,13
11815,3
11817,2
11818,4
11820,5
11821,9
11824,7
11827,13
11828,2
11830,7
11831,3
11833,10
11834,9
11836,1
11837,4
11840,8
11843,6
11844,1
11846,10
11847,9
11849,4
11850,3
11852,6
11853,13
11856,10
11859,16
11860,1
11862,3
11863,3
11865,9
11866,10
11868,1
11869,8
11872,11
11875,5
11878,8
11879,2
11881,2
11882,7
11884,3
11885,9
11888,6
11891,15
11892,5
11894,1
11895,3
11897,5
11898,11
11900,2
11901,3
11904,19
11908,1
11910,10
11911,7
11913,1
11914,6
11916,3
11917,4
11920,7
11923,14
11924,2
11926,4
11927,3
11929,8
11930,6
11932,1
11933,6
11936,12
11939,2
11940,2
11942,9
11943,7
11945,2
11946,3
11948,3
11949,9
11952,2
11955,8
11956,5
11958,4
11961,8
11962,7
11964,1
11965,10
11968,16
11971,6
11972,2
11974,8
11975,7
11977,2
11978,1
11980,2
11981,12
11984,8
11987,11
11988,2
11990,1
11991,3
11993,8
11994,5
11997,2
12000,14
12003,6
12004,1
12006,6
12007,6
12009,3
12010,4
12012,4
12013,15
12016,12
12019,13
12020,6
12022,3
12023,1
12025,4
12026,9
12029,1
12032,20
12035,7
12036,1
12038,7
12039,10
12041,1
12042,5
12044,3
12045,10
12048,6
12051,8
12052,3
12054,2
12055,3
12057,4
12058,10
12061,4
12064,15
12067,5
12068,1
12070,10
12071,9
12073,2
12074,4
12076,4
12077,14
12080,8
12083,14
12084,4
12086,3
12087,4
12089,7
12090,11
12092,3
12093,5
12096,13
12099,5
12100,1
12102,8
12103,6
12105,2
12106,3
12108,5
12109,7
12112,5
12115,13
12116,6
12118,5
12119,2
12121,4
12122,6
12125,7
12128,14
12131,2
12132,1
12134,8
12135,8
12137,3
12138,5
12140,8
12141,11
12144,2
12147,8
12148,3
12150,4
12151,4
12153,5
12154,10
12157,5
12160,14
12163,5
12164,3
12166,7
12167,6
12169,1
12170,5
12172,3
12173,8
12176,6
12179,9
12180,2
12182,5
12183,1
12185,6
12186,8
12189,6
12192,16
12195,8
12196,4
12198,8
12199,6
12201,1
12202,2
12204,1
12205,11
12208,9
12211,10
12212,2
12214,4
12217,5
12218,10
12220,1
12221,4
12224,13
12227,7
12230,12
12231,5
12233,1
12234,4
12236,4
12237,10
12240,5
12243,14
12244,5
12246,5
12247,2
12249,7
12250,13
12252,1
12253,6
12256,14
12259,3
12260,2
12262,7
12263,4
12265,4
12266,6
12268,4
12269,13
12272,5
12275,10
12276,5
12278,1
12279,1
12281,6
12282,9
12284,1
12285,4
12288,12
12291,7
12292,1
12294,9
12295,9
12297,2
12298,1
12300,8
12301,11
12304,15
12307,20
12308,1
12310,4
12311,1
12313,6
12314,3
12317,4
12320,13
12323,3
12326,5
12327,3
12329,2
12330,4
12332,2
12333,14
12336,6
12339,8
12340,2
12342,3
12343,3
12345,6
12346,16
12349,2
12352,14
12355,6
12356,3
12358,5
12359,5
12361,1
12362,3
12364,3
12365,12
12368,8
12371,11
12372,2
12374,6
12375,3
12377,9
12378,6
12380,4
12381,9
12384,14
12387,1
12390,15
12391,5
12393,2
12394,3
12397,8
12400,6
12403,8
12404,3
12406,2
12407,2
12409,6
12410,9
12413,1
12416,12
12419,7
12420,3
12422,10
12423,1
12425,4
12426,3
12428,7
12429,11
12432,7
12435,15
12436,3
12438,6
12439,2
12441,3
12442,10
12444,2
12445,4
12448,17
12451,1
12454,9
12455,5
12457,3
12458,2
12460,2
12461,14
12464,7
12467,10
12468,2
12470,4
12471,1
12473,10
12474,8
12476,2
12477,1
12480,15
12483,6
12484,1
12486,8
12487,3
12489,6
12490,1
12492,1
12493,13
12496,4
12499,14
12500,5
12502,2
12503,2
12505,6
12506,4
12508,4
12509,3
12512,15
12515,5
12518,10
12519,8
12521,2
12522,2
12524,3
12525,12
12528,2
12531,12
12532,2
12534,2
12535,2
12537,5
12538,10
12540,1
12541,5
12544,12
12547,5
12548,2
12550,12
12551,7
12553,2
12554,1
12556,2
12557,7
12560,6
12563,6
12564,3
12567,2
12569,5
12570,5
12572,3
12573,1
12576,10
12579,6
12582,11
12583,2
12585,3
12586,6
12588,3
12589,10
12592,5
12595,10
12596,4
12598,2
12599,5
12601,5
12602,12
12604,1
12605,5
12608,16
12611,7
12614,11
12615,5
12617,3
12618,8
12620,5
12621,14
12624,5
12627,10
12628,3
12630,2
12633,5
12634,7
12636,1
12637,6
12640,12
12643,4
12644,1
12646,6
12647,7
12649,4
12650,3
12652,4
12653,21
12656,9
12659,9
12660,2
12662,6
12663,1
12665,3
12666,7
12668,1
12669,8
12672,19
12675,5
12678,9
12679,6
12681,1
12682,3
12684,4
12685,19
12688,5
12691,9
12692,5
12694,5
12695,3
12697,4
12698,8
12700,1
12701,6
12704,15
12707,2
12708,1
12710,7
12711,3
12714,9
12716,4
12717,8
12720,4
12723,6
12726,5
12727,4
12729,5
12730,9
12733,4
12736,16
12739,4
12740,1
12742,11
12743,2
12745,4
12746,4
12748,1
12749,16
12752,8
12755,9
12756,2
12758,3
12759,4
12761,7
12762,4
12764,2
12765,4
12768,9
12771,2
12772,3
12774,8
12775,7
12777,2
12778,5
12780,3
12781,6
12784,7
12787,9
12788,1
12790,3
12791,2
12793,4
12794,15
12796,2
12797,11
12800,9
12803,3
12804,3
12806,8
12807,5
12809,2
12810,2
12812,5
12813,10
12816,4
12819,19
12820,3
12822,3
12823,2
12825,5
12826,6
12829,2
12832,14
12835,2
12838,6
12839,5
12841,4
12842,3
12844,5
12845,6
12848,8
12851,11
12852,3
12854,4
12855,7
12857,6
12858,5
12861,3
12864,16
12867,3
12868,3
12870,9
12871,2
12873,3
12874,1
12876,2
12877,9
12880,9
12883,16
12884,3
12886,5
12887,1
12889,4
12890,6
12893,3
12896,14
12899,4
12900,1
12902,4
12903,7
12905,1
12906,4
12908,1
12909,10
12912,9
12915,17
12916,3
12919,3
12921,3
12922,8
12925,5
12928,17
12931,6
12932,1
12934,7
12935,6
12937,4
12938,3
12940,3
12941,12
12944,6
12947,13
12948,2
12950,4
12951,2
12953,6
12954,4
12956,2
12957,8
12960,15
12963,5
12966,8
12967,11
12969,1
12970,2
12972,5
12973,11
12976,4
12979,8
12980,3
12982,2
12983,4
12985,7
12986,6
12988,2
12989,1
12992,12
12995,1
12996,1
12998,10
12999,5
13001,2
13002,1
13004,6
13005,7
13008,3
13011,8
13012,2
13014,2
13015,2
13017,8
13018,7
13020,4
13021,1
13024,20
13027,3
13028,1
13030,8
13031,4
13033,1
13034,2
13036,3
13037,6
13040,5
13043,7
13044,3
13046,3
13047,2
13049,9
13050,7
13053,5
13056,12
13059,6
13062,11
13063,10
13065,1
13066,3
13068,2
13069,9
13072,6
13075,7
13078,5
13079,1
13081,4
13082,6
13085,3
13088,9
13091,3
13092,1
13094,13
13095,3
13097,3
13098,1
13100,4
13101,12
13104,7
13107,9
13108,5
13110,2
13111,1
13113,6
13114,8
13117,2
13120,7
13123,5
13126,15
13127,8
13129,4
13130,2
13132,3
13133,13
13136,7
13139,11
13140,3
13142,5
13145,7
13146,5
13148,2
13149,2
13152,11
13155,4
13158,6
13159,7
13161,2
13162,4
13164,3
13165,6
13168,6
13171,22
13172,4
13174,2
13175,2
13177,2
13178,6
13180,3
13181,4
13184,9
13187,10
13190,9
13191,5
13193,2
13196,2
13197,9
13200,5
13203,10
13204,2
13206,3
13207,1
13209,5
13210,4
13212,2
13213,5
13216,16
13219,8
13220,1
13222,8
13223,7
13225,1
13226,2
13228,1
13229,9
13232,8
13235,4
13236,3
13238,3
13239,1
13241,5
13242,11
13244,1
13245,5
13248,9
13251,4
13254,6
13255,9
13257,3
13258,1
13261,6
13264,3
13267,8
13271,1
13273,9
13274,9
13276,1
13277,5
13280,12
13283,4
13284,2
13286,5
13287,8
13289,1
13290,2
13292,4
13293,9
13296,3
13299,6
13300,2
13302,4
13303,2
13305,8
13306,10
13308,1
13309,6
13312,10
13315,2
13318,13
13319,7
13321,3
13322,4
13324,5
13325,11
13328,4
13331,13
13332,3
13334,7
13337,5
13338,9
13341,7
13344,12
13347,4
13350,7
13351,6
13353,3
13354,3
13356,7
13357,10
13360,3
13363,12
13364,2
13366,1
13367,2
13369,3
13370,10
13372,1
13373,4
13376,12
13379,5
13380,1
13382,6
13383,4
13385,3
13386,3
13388,8
13389,7
13392,5
13395,10
13398,3
13401,4
13402,5
13404,1
13408,14
13411,6
13414,8
13415,9
13417,1
13418,5
13420,2
13421,10
13424,3
13427,16
13428,3
13430,3
13431,4
13433,4
13434,11
13437,3
13440,5
13443,4
13446,6
13447,4
13449,2
13450,5
13452,2
13453,11
13456,7
13459,12
13460,4
13462,3
13463,1
13465,7
13466,6
13469,2
13472,16
13475,5
13476,1
13478,4
13479,5
13481,5
13482,2
13484,3
13485,8
13488,7
13491,15
13492,1
13494,8
13495,2
13497,6
13498,11
13500,1
13501,1
13504,11
13507,5
13508,2
13510,7
13511,1
13514,4
13516,1
13517,5
13520,5
13523,10
13526,5
13527,1
13529,4
13530,6
13533,4
13536,18
13539,4
13542,6
13543,7
13545,1
13546,4
13548,2
13549,4
13552,2
13555,8
13556,4
13558,4
13559,1
13561,5
13562,14
13565,3
13568,10
13571,3
13572,1
13574,8
13575,7
13577,1
13578,3
13580,5
13581,10
13584,8
13587,8
13588,6
13590,3
13591,2
13593,5
13594,10
13596,1
13597,5
13600,10
13603,6
13606,14
13607,5
13609,6
13610,4
13612,3
13613,12
13616,8
13619,11
13620,3
13622,1
13623,1
13625,3
13626,5
13628,3
13629,2
13632,13
13635,2
13636,1
13638,10
13639,6
13641,4
13642,5
13644,6
13645,16
13648,5
13651,10
13652,1
13654,2
13655,3
13657,2
13658,7
13661,6
13664,9
13667,5
13668,3
13670,8
13671,2
13673,3
13674,2
13676,3
13677,11
13680,2
13683,8
13684,4
13686,4
13687,2
13689,3
13690,10
13692,1
13693,5
13696,18
13699,10
13702,8
13703,4
13705,4
13706,4
13708,1
13709,16
13712,7
13715,10
13716,3
13718,3
13721,3
13722,8
13724,2
13725,6
13728,25
13731,3
13734,6
13735,10
13737,2
13738,1
13740,1
13741,9
13744,3
13747,11
13748,5
13750,3
13751,3
13753,6
13754,11
13756,2
13757,7
13760,13
13763,4
13764,1
13766,9
13767,9
13769,2
13770,5
13772,2
13773,13
13776,7
13779,10
13780,3
13782,3
13783,1
13785,8
13786,11
13788,1
13789,3
13792,12
13795,3
13796,1
13798,4
13799,9
13801,2
13802,2
13804,1
13805,8
13808,9
13811,21
13814,3
13815,2
13817,12
13818,5
13820,1
13821,5
13824,13
13827,6
13828,2
13830,10
13831,9
13833,1
13834,4
13836,7
13837,10
13840,1
13843,10
13846,3
13849,6
13850,5
13853,1
13856,8
13859,1
13862,6
13863,5
13865,3
13866,1
13868,4
13869,5
13872,7
13875,14
13876,2
13878,1
13879,1
13881,4
13882,11
13884,2
13885,1
13888,15
13891,4
13894,11
13895,11
13897,4
13898,2
13900,2
13901,12
13904,8
13907,17
13908,5
13910,8
13911,5
13913,10
13914,10
13917,3
13920,15
13923,2
13924,1
13926,9
13927,7
13929,4
13930,3
13932,2
13933,8
13936,5
13939,14
13940,2
13942,6
13943,2
13945,4
13946,10
13948,1
13949,3
13952,13
13955,6
13956,3
13958,11
13959,5
13961,4
13962,7
13964,3
13965,13
13968,8
13971,9
13972,3
13974,3
13975,2
13977,7
13978,8
13980,2
13981,9
13984,19
13987,6
13988,1
13990,10
13991,5
13993,2
13994,5
13996,3
13997,8
14000,6
14003,11
14004,1
14007,7
14009,4
14010,23
14012,2
14013,5
14016,19
14019,3
14020,2
14022,12
14023,6
14026,5
14028,1
14029,9
14032,11
14035,14
14036,2
14038,3
14041,2
14042,11
14044,1
14045,4
14048,13
14051,8
14054,10
14055,1
14057,3
14058,4
14060,2
14061,11
14064,9
14067,10
14068,1
14070,3
14071,1
14073,5
14074,4
14076,1
14077,6
14080,11
14083,6
14084,2
14086,6
14087,8
14089,2
14090,5
14092,3
14093,11
14096,6
14099,15
14100,4
14102,4
14103,2
14105,8
14106,8
14108,1
14109,9
14112,18
14115,6
14116,2
14118,9
14119,8
14121,6
14122,5
14125,11
14128,5
14131,10
14132,3
14134,7
14135,3
14137,13
14138,6
14141,2
14144,11
14147,5
14150,12
14151,5
14153,3
14154,2
14156,2
14157,11
14160,10
14163,16
14164,3
14166,2
14167,5
14169,3
14170,7
14172,1
14173,6
14176,10
14179,5
14182,6
14183,8
14186,2
14188,4
14189,11
14192,5
14195,23
14198,5
14199,2
14201,10
14202,11
14204,1
14205,7
14208,14
14211,5
14212,2
14214,9
14215,2
14217,4
14218,5
14220,2
14221,8
14224,2
14227,13
14228,3
14230,2
14231,1
14233,8
14234,13
14236,1
14237,3
14240,12
14243,5
14246,11
14247,4
14249,1
14250,7
14252,5
14253,12
14256,6
14259,11
14260,6
14262,3
14263,3
14265,9
14266,8
14268,1
14269,3
14272,14
14275,5
14276,1
14278,10
14279,2
14281,2
14282,5
14285,9
14288,10
14291,5
14292,7
14294,7
14295,9
14297,4
14298,10
14300,1
14301,5
14304,13
14307,8
14308,1
14310,9
14311,3
14313,3
14314,3
14316,4
14317,12
14320,2
14323,13
14324,2
14327,1
14329,6
14330,13
14332,1
14333,6
14336,14
14339,8
14340,1
14342,6
14343,5
14345,3
14346,5
14348,2
14349,8
14352,8
14355,14
14356,4
14358,4
14359,3
14361,6
14362,13
14364,2
14365,5
14368,13
14371,3
14372,2
14374,16
14375,9
14377,2
14378,1
14380,3
14381,18
14384,7
14387,14
14388,4
14390,5
14391,2
14393,4
14394,11
14396,1
14397,9
14400,18
14403,8
14404,3
14406,10
14407,5
14409,2
14410,3
14412,6
14413,16
14416,4
14419,18
14420,2
14422,2
14423,4
14425,10
14426,9
14428,4
14429,1
14432,13
14435,7
14436,2
14438,7
14439,7
14441,3
14442,3
14444,4
14445,12
14448,7
14451,10
14452,1
14454,1
14455,3
14457,6
14458,8
14460,1
14461,4
14464,16
14467,6
14470,8
14471,5
14473,5
14474,4
14476,2
14477,7
14480,4
14483,9
14484,1
14486,3
14487,3
14489,6
14490,14
14493,8
14496,13
14499,3
14502,5
14503,8
14506,2
14508,4
14509,16
14512,3
14515,6
14516,2
14519,3
14521,5
14522,7
14524,1
14525,3
14528,10
14531,5
14532,1
14534,8
14535,3
14537,4
14538,4
14540,1
14541,13
14544,6
14547,16
14548,4
14550,4
14551,3
14553,7
14554,12
14557,5
14560,17
14563,9
14564,1
14566,8
14567,2
14569,1
14570,4
14572,1
14573,11
14576,9
14579,10
14580,3
14582,2
14583,1
14585,4
14586,9
14588,2
14589,8
14592,14
14595,3
14596,1
14598,6
14599,9
14601,1
14602,3
14604,3
14605,13
14608,3
14611,10
14612,1
14614,6
14615,3
14617,5
14618,7
14620,2
14621,5
14624,16
14627,8
14630,13
14631,9
14633,2
14634,1
14636,3
14637,20
14640,11
14643,11
14644,1
14646,5
14647,3
14649,4
14650,8
14652,2
14653,6
14656,14
14659,4
14660,1
14662,9
14663,3
14665,2
14666,6
14668,3
14669,8
14672,2
14675,12
14676,2
14678,3
14679,4
14681,7
14682,10
14684,3
14685,3
14688,15
14691,5
14694,7
14695,6
14697,1
14698,2
14700,3
14701,11
14704,9
14707,12
14708,3
14710,3
14711,2
14713,4
14714,5
14716,1
14717,4
14720,13
14723,2
14724,3
14726,10
14727,11
14729,4
14730,3
14732,3
14733,14
14736,5
14739,7
14740,3
14742,5
14743,3
14745,4
14746,10
14748,3
14749,6
14752,18
14755,5
14756,3
14758,9
14759,6
14761,3
14762,3
14764,2
14765,9
14768,5
14771,13
14772,2
14774,2
14777,5
14778,6
14780,2
14781,7
14784,16
14787,7
14790,10
14791,10
14793,3
14794,4
14796,5
14797,16
14800,3
14803,10
14804,2
14806,6
14807,3
14809,4
14810,9
14813,5
14816,16
14819,10
14820,2
14822,9
14823,5
14825,2
14826,4
14829,14
14832,3
14835,9
14836,3
14838,4
14839,6
14841,7
14842,8
14844,2
14845,2
14848,18
14851,5
14852,1
14854,7
14855,9
14857,2
14858,4
14860,3
14861,15
14864,9
14867,10
14868,4
14870,6
14871,4
14873,1
14874,11
14876,4
14877,10
14880,11
14883,5
14884,2
14886,12
14887,8
14889,2
14890,2
14892,5
14893,13
14896,9
14899,15
14900,2
14902,4
14903,3
14905,2
14906,10
14909,1
14912,20
14915,2
14918,9
14919,7
14921,2
14922,2
14924,2
14925,9
14928,7
14931,11
14932,3
14934,7
14935,4
14937,7
14938,7
14941,5
14944,13
14947,7
14948,2
14950,6
14951,8
14954,6
14956,2
14957,15
14960,11
14963,13
14964,5
14966,1
14967,2
14969,6
14970,7
14972,2
14973,2
14976,15
14979,2
14980,1
14982,4
14983,7
14985,5
14986,5
14988,4
14989,10
14992,9
14995,9
14998,3
14999,2
15001,4
15002,6
15004,1
15005,4
15008,13
15011,4
15012,3
15014,9
15015,5
15017,1
15018,3
15020,3
15021,9
15024,5
15027,11
15028,5
15030,6
15031,2
15033,5
15034,5
15036,1
15037,5
15040,12
15043,5
15046,11
15047,5
15049,5
15050,3
15052,2
15053,12
15056,5
15059,6
15060,6
15062,1
15063,2
15065,4
15066,7
15068,1
15069,6
15072,14
15075,9
15076,3
15078,10
15079,5
15081,2
15082,4
15084,6
15085,18
15088,4
15091,12
15092,1
15094,3
15095,5
15097,6
15098,7
15100,1
15101,3
15104,10
15107,2
15108,1
15110,8
15111,4
15113,1
15114,1
15116,6
15117,18
15120,8
15123,11
15124,2
15126,2
15127,2
15129,6
15130,6
15133,12
15136,9
15139,1
15140,1
15142,10
15143,5
15146,3
15148,1
15149,7
15152,3
15155,16
15156,3
15158,2
15159,3
15161,8
15162,13
15164,1
15165,7
15168,15
15171,8
15172,1
15174,6
15175,6
15177,1
15178,5
15180,2
15181,19
15184,6
15187,11
15188,2
15190,4
15193,5
15194,3
15197,5
15200,12
15203,3
15204,1
15206,8
15207,8
15209,1
15210,5
15212,3
15213,6
15216,6
15219,14
15220,2
15222,1
15223,6
15225,3
15226,11
15228,1
15229,10
15232,20
15235,11
15238,8
15239,5
15241,4
15242,4
15244,5
15245,10
15248,4
15251,14
15252,4
15255,3
15257,3
15258,8
15260,1
15261,8
15264,23
15267,3
15268,2
15270,4
15271,5
15273,6
15274,4
15277,6
15280,9
15283,8
15284,3
15286,5
15287,3
15289,8
15290,13
15292,3
15293,3
15296,19
15299,4
15302,8
15303,6
15305,3
15308,3
15309,13
15312,5
15315,19
15318,4
15319,2
15321,3
15322,14
15324,1
15325,3
15328,10
15331,2
15334,7
15335,6
15337,1
15338,3
15340,2
15341,11
15344,4
15347,13
15348,4
15350,4
15351,4
15353,6
15354,8
15356,1
15357,4
15360,11
15363,6
15364,1
15366,11
15367,5
15369,1
15370,7
15372,3
15373,10
15376,5
15379,10
15380,4
15382,2
15383,1
15385,2
15386,14
15388,2
15389,8
15392,21
15395,4
15396,1
15398,9
15399,5
15401,1
15402,3
15404,2
15405,12
15408,4
15411,14
15412,4
15414,6
15415,4
15417,6
15418,19
15420,1
15421,9
15424,16
15427,3
15430,7
15431,5
15433,4
15434,4
15436,3
15437,8
15440,4
15443,8
15444,3
15446,5
15447,3
15449,3
15450,8
15453,6
15456,17
15459,3
15460,1
15462,7
15463,8
15465,2
15466,4
15468,3
15469,6
15472,8
15475,7
15478,2
15479,2
15481,3
15482,11
15484,2
15485,2
15488,12
15491,3
15492,2
15494,7
15495,1
15497,2
15498,4
15500,4
15501,15
15504,5
15507,15
15508,2
15510,4
15511,2
15513,3
15514,11
15517,5
15520,14
15523,8
15524,2
15526,11
15527,6
15529,2
15530,8
15532,8
15533,14
15536,4
15539,14
15540,7
15542,1
15545,9
15546,9
15548,1
15549,3
15552,20
15555,4
15556,2
15558,8
15559,10
15561,4
15562,4
15564,3
15565,8
15568,8
15571,12
15574,3
15575,2
15577,6
15578,9
15580,1
15581,5
15584,13
15587,6
15590,9
15591,6
15593,2
15594,7
15596,4
15597,13
15600,3
15603,14
15604,4
15606,4
15609,7
15610,9
15612,2
15613,10
15616,15
15619,4
15620,2
15622,8
15623,7
15625,3
15626,1
15628,2
15629,10
15632,5
15635,11
15636,3
15638,4
15639,2
15641,4
15642,15
15644,2
15645,3
15648,14
15651,2
15652,1
15654,6
15655,4
15657,2
15658,2
15661,10
15664,6
15667,12
15668,1
15671,1
15673,4
15674,10
15677,4
15680,22
15683,5
15686,9
15687,3
15690,6
15692,1
15693,8
15696,9
15699,9
15700,4
15702,1
15703,2
15705,9
15706,8
15708,1
15709,5
15712,16
15715,3
15716,1
15718,7
15719,10
15721,2
15722,2
15724,1
15725,12
15728,9
15731,14
15732,2
15734,4
15735,3
15737,6
15738,5
15740,2
15741,3
15744,15
15747,1
15748,1
15750,11
15751,5
15753,3
15754,1
15756,2
15757,7
15760,6
15763,13
15764,4
15767,4
15769,6
15770,3
15772,2
15773,4
15776,16
15779,6
15780,3
15782,2
15783,8
15785,1
15786,2
15788,2
15789,14
15792,5
15795,14
15796,1
15798,3
15799,2
15801,10
15802,9
15804,2
15805,7
15808,17
15811,3
15812,1
15814,8
15815,8
15817,2
15818,3
15820,1
15821,10
15824,6
15827,13
15828,3
15830,5
15831,4
15833,3
15834,5
15836,2
15837,4
15840,16
15843,1
15844,2
15846,9
15847,6
15849,3
15850,3
15853,8
15856,8
15859,9
15860,3
15862,3
15863,6
15865,7
15866,8
15868,1
15869,4
15872,16
15875,3
15876,1
15878,5
15879,6
15881,4
15882,3
15884,4
15885,9
15888,11
15891,7
15892,2
15894,5
15895,1
15897,8
15898,7
15901,7
15904,18
15907,2
15908,1
15910,11
15911,5
15913,1
15914,1
15916,1
15917,8
15920,12
15923,13
15924,5
15927,5
15929,5
15930,13
15932,2
15933,6
15936,14
15939,8
15942,10
15943,4
15945,7
15946,2
15949,10
15952,4
15955,12
15956,1
15958,1
15959,1
15961,6
15962,8
15964,1
15965,7
15968,13
15971,2
15974,10
15975,3
15977,3
15978,2
15980,5
15981,10
15984,5
15987,8
15990,3
15991,3
15993,3
15994,14
15996,1
15997,6
16000,25
16003,7
16004,1
16007,2
16009,3
16010,3
16013,8
16016,4
16019,10
16020,4
16022,3
16023,1
16025,2
16026,4
16029,4
16032,18
16035,2
16036,1
16038,7
16039,10
16041,2
16042,5
16044,3
16045,14
16048,4
16051,14
16054,6
16055,4
16057,6
16058,12
16060,5
16061,1
16064,20
16067,13
16068,1
16070,13
16071,9
16073,3
16074,4
16076,2
16077,10
16080,3
16083,7
16084,2
16086,2
16087,4
16089,9
16090,7
16092,1
16093,7
16096,18
16099,2
16100,1
16102,6
16103,6
16105,3
16106,1
16108,3
16109,12
16112,6
16115,6
16116,2
16118,3
16121,9
16122,10
16125,7
16128,11
16131,4
16132,1
16134,7
16135,3
16137,5
16138,3
16140,1
16141,18
16144,8
16147,7
16148,7
16150,1
16151,2
16153,7
16154,13
16156,1
16157,2
16160,16
16163,6
16164,1
16166,9
16167,8
16170,7
16172,2
16173,7
16176,7
16179,13
16180,2
16182,2
16183,1
16185,6
16186,7
16188,2
16189,6
16192,17
16195,5
16196,3
16198,4
16199,3
16201,1
16202,6
16204,5
16205,10
16208,4
16211,10
16212,3
16214,2
16215,2
16217,6
16218,9
16220,1
16221,4
16224,15
16227,3
16228,1
16230,13
16231,5
16233,4
16234,7
16236,5
16237,14
16240,7
16243,15
16244,5
16246,5
16247,1
16249,7
16250,14
16252,2
16253,1
16256,10
16259,7
16260,1
16262,3
16263,2
16265,1
16266,3
16268,6
16269,14
16272,5
16275,9
16276,5
16278,5
16279,5
16281,7
16282,8
16284,3
16285,3
16288,9
16291,4
16294,11
16295,4
16297,4
16298,5
16300,2
16301,9
16304,2
16307,12
16308,3
16310,1
16311,1
16313,5
16314,6
16316,1
16317,5
16320,9
16323,5
16324,2
16326,5
16327,5
16329,2
16330,7
16332,3
16333,15
16336,4
16339,12
16340,3
16342,7
16343,3
16345,4
16346,9
16348,1
16349,10
16352,14
16355,3
16356,1
16358,10
16359,7
16361,4
16362,3
16364,5
16365,9
16368,9
16371,10
16372,1
16374,5
16377,8
16378,11
16380,3
16381,2
16384,14
16387,4
16388,2
16390,14
16391,5
16393,1
16394,7
16396,4
16397,10
16400,8
16403,11
16406,4
16407,3
16409,10
16410,14
16416,15
16419,6
16422,9
16423,8
16425,3
16426,2
16428,2
16429,17
16432,6
16435,10
16436,5
16438,4
16441,6
16442,10
16445,7
16448,15
16451,9
16452,1
16454,12
16455,7
16457,5
16458,2
16460,2
16461,7
16464,12
16467,13
16468,6
16470,4
16471,2
16473,2
16474,13
16476,1
16477,4
16480,14
16483,9
16486,12
16487,1
16489,3
16490,2
16492,1
16493,14
16496,8
16499,12
16500,1
16502,4
16503,3
16505,7
16506,9
16508,2
16509,3
16512,13
16515,6
16516,3
16518,6
16519,2
16521,2
16522,4
16524,1
16525,11
16528,8
16531,7
16532,4
16534,4
16535,4
16537,5
16538,9
16540,4
16541,5
16544,9
16547,2
16550,6
16551,6
16553,3
16554,5
16556,8
16557,12
16560,6
16563,8
16564,3
16566,6
16567,2
16569,7
16570,7
16572,1
16573,4
16576,16
16579,7
16582,7
16583,10
16585,4
16586,1
16588,3
16589,10
16592,2
16595,9
16596,1
16598,2
16599,2
16601,7
16602,6
16604,1
16605,5
16608,12
16611,8
16614,3
16615,3
16618,4
16620,3
16621,14
16624,10
16627,10
16628,1
16630,2
16631,3
16633,9
16634,6
16637,2
16640,11
16643,4
16644,3
16646,9
16647,2
16649,2
16650,3
16652,2
16653,12
16656,6
16659,12
16660,7
16662,5
16663,2
16665,4
16666,13
16668,1
16669,3
16672,19
16675,7
16676,2
16678,5
16679,4
16681,1
16682,1
16684,2
16685,13
16688,6
16691,8
16692,4
16694,4
16695,1
16697,7
16698,4
16700,1
16701,5
16704,20
16707,6
16710,7
16711,3
16713,3
16714,1
16716,2
16717,7
16720,3
16723,10
16724,5
16726,7
16727,2
16729,7
16730,4
16733,6
16736,13
16739,2
16740,1
16742,9
16743,4
16745,3
16746,2
16748,4
16749,15
16752,6
16755,9
16756,2
16759,3
16761,14
16762,8
16764,1
16765,6
16768,16
16771,7
16774,10
16775,7
16777,3
16778,7
16780,2
16781,14
16784,7
16787,10
16788,7
16790,3
16791,2
16793,7
16794,8
16796,1
16797,6
16800,14
16803,5
16804,1
16806,13
16807,4
16809,4
16810,4
16812,6
16813,10
16816,4
16819,8
16820,2
16822,4
16823,3
16825,3
16826,9
16829,4
16832,15
16835,4
16836,2
16838,11
16839,4
16841,6
16842,4
16844,5
16845,15
16848,4
16851,8
16852,2
16854,1
16855,2
16857,6
16858,5
16860,2
16861,4
16864,12
16867,3
16868,1
16870,9
16871,2
16873,3
16874,2
16876,3
16877,12
16880,3
16883,18
16884,1
16886,3
16887,3
16889,6
16890,7
16892,2
16893,3
16896,13
16899,5
16902,11
16903,4
16905,1
16906,3
16908,2
16909,11
16912,5
16915,14
16916,3
16918,4
16919,1
16921,5
16922,10
16925,5
16928,13
16931,4
16934,7
16935,3
16937,2
16938,2
16940,1
16941,17
16944,8
16947,9
16948,3
16950,7
16951,2
16953,6
16954,10
16956,3
16957,6
16960,12
16963,4
16964,1
16966,8
16967,4
16969,4
16970,5
16972,2
16973,8
16976,4
16979,13
16980,1
16982,3
16983,4
16985,9
16986,6
16988,1
16989,5
16992,14
16995,5
16996,1
16998,13
16999,5
17001,2
17002,3
17004,2
17005,8
17008,5
17011,12
17012,1
17014,3
17015,2
17017,5
17018,9
17020,1
17021,7
17024,18
17027,3
17028,1
17030,11
17031,2
17033,2
17034,1
17036,3
17037,13
17040,2
17043,17
17044,1
17046,2
17047,4
17049,10
17050,11
17052,1
17053,8
17056,11
17059,5
17060,1
17062,9
17063,8
17065,2
17066,2
17068,3
17069,11
17072,4
17075,23
17076,2
17078,1
17079,2
17081,5
17082,8
17085,3
17088,10
17091,5
17092,1
17094,6
17095,10
17097,1
17100,6
17101,13
17104,5
17107,19
17108,3
17110,5
17111,2
17113,5
17114,8
17116,1
17117,5
17120,19
17123,3
17124,3
17126,8
17127,6
17129,2
17130,3
17132,2
17133,10
17136,7
17139,20
17140,3
17142,4
17143,6
17145,6
17146,18
17148,3
17149,5
17152,13
17155,9
17158,9
17159,5
17161,1
17162,1
17164,4
17165,14
17168,3
17171,14
17172,1
17174,5
17175,3
17177,5
17178,10
17180,1
17181,3
17184,8
17187,5
17188,1
17190,5
17191,6
17193,2
17194,2
17196,2
17197,10
17200,7
17203,21
17204,2
17206,6
17207,4
17209,7
17210,8
17213,3
17216,15
17219,4
17220,1
17222,9
17223,6
17225,2
17226,5
17228,2
17229,15
17232,7
17235,8
17236,1
17238,3
17239,3
17241,9
17242,10
17244,2
17245,4
17248,13
17251,7
17254,7
17255,4
17257,4
17258,1
17261,11
17264,8
17267,10
17270,2
17271,1
17273,4
17274,9
17276,1
17277,8
17280,11
17283,5
17284,1
17286,10
17287,4
17289,1
17290,4
17292,1
17293,5
17296,4
17299,12
17300,1
17302,3
17303,2
17305,1
17306,9
17309,7
17312,14
17315,5
17316,1
17318,14
17319,6
17321,1
17322,2
17324,1
17325,14
17328,1
17331,13
17332,4
17334,4
17337,6
17338,18
17340,2
17341,6
17344,10
17347,4
17348,2
17350,8
17351,4
17353,2
17354,4
17356,1
17357,13
17360,7
17363,20
17366,3
17367,3
17369,3
17370,7
17372,1
17373,9
17376,9
17379,4
17382,7
17383,4
17385,6
17386,3
17388,3
17389,8
17392,3
17395,5
17396,2
17398,7
17399,2
17401,7
17402,12
17404,2
17405,2
17408,10
17411,4
17412,3
17414,11
17415,7
17417,3
17418,3
17420,5
17421,4
17424,3
17427,9
17428,3
17430,3
17431,1
17433,12
17434,11
17437,3
17440,10
17443,4
17446,5
17447,5
17449,2
17450,3
17452,2
17453,11
17456,10
17459,10
17462,1
17463,2
17466,7
17468,3
17469,2
17472,15
17475,1
17478,5
17479,7
17481,1
17482,5
17484,3
17485,5
17488,3
17491,8
17492,1
17494,3
17495,2
17497,5
17498,3
17500,2
17501,2
17504,9
17507,2
17510,5
17511,7
17513,3
17514,2
17516,2
17517,7
17520,4
17523,6
17524,2
17526,3
17527,2
17529,1
17530,6
17532,1
17533,6
17536,13
17539,1
17542,8
17543,3
17545,2
17546,2
17548,1
17549,4
17552,7
17555,7
17556,1
17559,1
17561,4
17562,6
17564,1
17565,6
17568,8
17571,2
17574,5
17575,8
17577,2
17578,1
17580,3
17581,6
17584,3
17587,15
17588,3
17590,4
17591,4
17593,7
17594,10
17597,1
17600,13
17603,1
17604,2
17606,7
17607,4
17609,1
17612,1
17613,8
17616,5
17619,8
17620,2
17622,4
17623,4
17625,3
17626,5
17629,1
17632,6
17635,2
17636,1
17638,6
17639,7
17641,3
17642,1
17644,3
17645,9
17648,1
17651,6
17652,2
17654,2
17655,1
17657,3
17658,6
17660,2
17664,13
17667,2
17668,2
17670,2
17673,1
17674,3
17676,4
17677,9
17680,4
17683,6
17686,3
17687,5
17689,3
17690,4
17693,5
17696,6
17699,4
17700,5
17702,4
17703,7
17705,1
17706,1
17709,5
17712,4
17715,9
17716,1
17718,4
17719,2
17721,4
17722,6
17725,5
17728,9
17731,4
17734,7
17735,7
17737,1
17738,1
17740,2
17741,6
17744,7
17747,6
17748,1
17751,1
17753,4
17754,4
17756,2
17757,4
17760,9
17763,5
17766,5
17767,2
17769,2
17770,2
17773,8
17776,2
17779,5
17780,1
17782,2
17783,1
17785,5
17786,6
17788,1
17789,3
17792,6
17795,4
17796,2
17798,5
17804,1
17805,3
17811,8
17812,2
17814,2
17815,1
17817,6
17818,9
17820,1
17824,12
17827,2
17830,6
17831,1
17833,3
17834,2
17837,6
17840,4
17843,7
17846,2
17847,1
17849,1
17850,2
17852,1
17853,4
17856,6
17859,3
17860,2
17862,5
17863,2
17865,1
17866,3
17869,6
17872,2
17875,8
17876,1
17878,2
17879,1
17881,4
17882,2
17885,1
17888,15
17891,1
17894,4
17895,2
17897,1
17898,3
17901,8
17904,2
17910,1
17911,2
17913,1
17914,2
17917,2
17920,7
17923,3
17926,2
17927,2
17929,1
17930,2
17932,2
17933,2
17939,6
17940,2
17942,2
17945,3
17952,3
17955,3
17956,1
17958,1
17962,3
17964,1
17965,6
17968,1
17971,4
17974,2
17975,1
17977,3
17978,2
17981,1
17984,1
17987,2
17988,2
17990,2
17991,1
17993,3
17994,4
17997,2
18000,1
18003,3
18007,1
18009,1
18010,2
18013,1
18016,5
18019,2
18022,4
18023,1
18025,2
18028,1
18029,3
18032,1
18035,3
18039,1
18041,3
18042,4
18044,1
18045,4
18048,6
18051,2
18054,2
18055,2
18061,2
18064,2
18067,1
18070,1
18073,2
18074,2
18077,2
18080,1
18086,2
18087,1
18090,2
18093,1
18099,1
18102,2
18103,1
18105,1
18106,5
18109,1
18112,3
18122,1
18124,1
18125,3
18131,2
18132,3
18137,1
18138,1
18141,1
18147,2
18150,3
18151,1
18154,1
18157,2
18160,1
18163,2
18166,1
18169,3
18170,1
18172,2
18173,1
18176,6
18182,3
18183,2
18186,1
18188,1
18189,1
18192,7
18195,3
18196,1
18198,1
18199,1
18202,2
18204,2
18205,1
18208,3
18214,2
18215,2
18217,1
18221,3
18227,3
18228,1
18230,1
18231,1
18233,2
18234,2
18240,3
18244,1
18246,1
18247,1
18253,2
18256,1
18259,2
18265,1
18266,1
18269,2
18272,3
18278,3
18279,2
18284,1
18285,5
18292,2
18295,1
18297,3
18298,3
18301,1
18304,1
18310,5
18313,2
18314,1
18317,4
18332,1
18333,1
18336,5
18339,1
18342,1
18343,2
18349,2
18352,2
18355,3
18356,1
18358,1
18362,3
18368,2
18371,1
18375,2
18380,1
18381,1
18384,2
18387,2
18388,2
18391,2
18394,1
18397,3
18400,1
18406,3
18409,3
18413,1
18419,2
18423,1
18426,2
18432,2
18435,1
18438,3
18445,3
18452,1
18458,1
18464,4
18470,1
18473,2
18474,1
18477,1
18483,1
18489,1
18490,1
18496,5
18500,1
18502,3
18503,1
18508,1
18509,1
18512,1
18515,3
18521,1
18522,2
18528,3
18531,2
18532,2
18541,1
18544,2
18547,1
18553,2
18554,2
18560,3
18567,1
18570,2
18573,1
18585,1
18589,2
18592,1
18598,1
18601,1
18602,1
18604,2
18612,1
18614,1
18617,1
18618,2
18624,1
18631,2
18634,1
18637,3
18643,3
18650,1
18653,1
18659,1
18662,1
18668,1
18669,2
18675,3
18676,3
18681,1
18682,1
18685,2
18688,1
18694,1
18695,1
18697,1
18701,1
18704,1
18707,1
18708,2
18711,2
18713,1
18714,2
18720,4
18723,1
18726,1
18733,2
18736,1
18739,1
18742,1
18746,1
18752,2
18759,3
18762,1
18765,1
18771,2
18774,1
18778,1
18787,2
18791,1
18794,1
18796,2
18797,2
18803,3
18810,3
18813,1
18816,5
18829,1
18832,1
18835,1
18839,1
18842,1
18848,1
18851,1
18854,2
18855,1
18858,2
18861,1
18864,1
18867,2
18868,1
18870,1
18877,2
18880,1
18883,2
18887,1
18893,2
18896,1
18899,1
18905,1
18916,1
18918,2
18919,2
18922,1
18928,2
18931,1
18934,1
18937,1
18938,2
18944,7
18948,2
18950,1
18957,3
18960,2
18963,1
18970,1
18986,2
18989,4
18992,1
18996,1
18999,1
19002,2
19008,1
19018,1
19020,1
19021,2
19027,3
19033,1
19034,1
19036,1
19040,1
19046,1
19047,1
19049,1
19053,2
19056,3
19065,1
19068,1
19069,1
19072,1
19075,2
19078,2
19085,1
19091,2
19094,2
19114,1
19117,3
19123,1
19124,1
19126,2
19129,1
19130,1
19136,2
19146,1
19148,1
19149,2
19152,1
19155,2
19162,3
19165,1
19168,1
19174,2
19178,2
19187,1
19193,1
19194,3
19200,1
19203,1
19206,1
19207,1
19219,2
19220,1
19226,1
19229,1
19235,2
19239,1
19242,1
19245,2
19248,1
19251,2
19254,1
19255,1
19258,2
19261,1
19264,2
19270,2
19271,1
19274,1
19277,1
19280,1
19283,1
19286,1
19299,1
19302,2
19306,1
19309,2
19315,1
19318,1
19328,3
19334,1
19338,1
19340,1
19341,1
19344,2
19347,1
19351,1
19353,1
19354,1
19357,1
19360,2
19363,2
19373,1
19376,1
19379,2
19382,1
19398,1
19411,3
19412,1
19414,1
19417,1
19421,1
19424,3
19427,1
19431,2
19434,2
19437,2
19443,1
19450,3
19456,1
19462,1
19463,1
19466,1
19472,3
19475,1
19476,1
19478,2
19479,1
19482,1
19488,2
19491,1
19492,1
19500,1
19501,3
19507,1
19508,2
19514,2
19516,1
19517,2
19520,3
19523,2
19526,1
19536,1
19539,3
19542,1
19546,4
19552,1
19555,2
19558,1
19561,1
19562,1
19565,2
19575,1
19578,3
19584,4
19590,1
19591,1
19597,2
19603,4
19610,1
19613,1
19616,2
19619,1
19635,2
19641,1
19642,1
19648,3
19651,2
19652,1
19654,1
19655,1
19661,2
19664,3
19667,1
19668,1
19673,1
19674,3
19677,2
19680,2
19684,1
19687,3
19690,3
19699,2
19702,1
19705,3
19709,1
19712,5
19715,2
19718,6
19719,4
19721,1
19722,1
19731,3
19734,1
19741,2
19744,2
19750,3
19754,1
19756,2
19763,3
19764,1
19767,1
19770,2
19773,1
19776,2
19779,2
19786,1
19788,1
19789,2
19792,1
19795,1
19802,1
19805,1
19814,1
19817,1
19820,1
19821,2
19824,1
19827,1
19828,1
19831,1
19834,2
19840,4
19846,2
19847,1
19852,1
19853,1
19859,3
19865,1
19866,3
19869,1
19872,3
19875,1
19878,1
19879,1
19882,1
19885,1
19891,1
19894,1
19895,1
19897,1
19898,1
19900,1
19910,2
19911,1
19916,1
19917,1
19920,2
19923,3
19924,3
19930,1
19932,1
19933,2
19936,2
19942,1
19943,2
19949,3
19952,2
19955,1
19961,2
19965,1
19968,3
19974,3
19975,2
19981,4
19987,2
19990,1
19991,1
19994,1
19997,3
20000,2
20006,2
20013,4
20019,1
20020,1
20022,1
20023,1
20026,1
20029,2
20032,3
20035,1
20038,3
20042,1
20044,1
20051,2
20058,1
20064,2
20071,2
20073,2
20077,1
20080,1
20083,1
20084,1
20086,1
20090,3
20096,3
20099,2
20102,3
20103,1
20112,2
20116,1
20118,1
20122,1
20128,2
20134,2
20140,2
20141,3
20154,2
20160,4
20163,2
20166,2
20173,3
20179,1
20186,1
20192,2
20195,2
20202,1
20211,1
20214,1
20218,2
20224,2
20230,1
20231,1
20237,2
20240,1
20246,1
20249,2
20250,4
20256,3
20260,1
20263,1
20266,2
20269,1
20272,2
20275,2
20278,1
20282,1
20285,1
20288,3
20294,1
20298,1
20301,2
20304,1
20307,1
20314,3
20324,1
20326,2
20327,2
20333,4
20339,1
20342,2
20346,1
20355,1
20362,1
20378,2
20381,1
20390,2
20391,1
20397,3
20407,1
20410,1
20416,1
20420,2
20422,1
20423,1
20426,1
20429,2
20432,1
20435,1
20441,1
20442,2
20448,3
20451,2
20454,1
20455,2
20458,1
20461,3
20470,1
20477,1
20480,4
20483,1
20486,5
20496,1
20499,2
20503,2
20506,2
20509,4
20525,1
20534,1
20537,1
20541,1
20544,1
20547,1
20550,1
20554,1
20556,1
20557,1
20566,1
20572,1
20576,2
20582,1
20589,1
20592,1
20595,1
20602,2
20605,1
20608,1
20612,1
20614,1
20615,2
20621,2
20624,1
20634,1
20637,1
20640,2
20647,1
20656,1
20659,3
20660,1
20663,1
20666,1
20678,2
20684,1
20685,1
20688,2
20695,1
20697,1
20698,1
20711,1
20714,1
20717,2
20720,1
20736,1
20739,1
20740,1
20742,1
20743,1
20746,1
20755,2
20762,1
20768,1
20780,1
20781,1
20787,1
20788,1
20793,1
20797,1
20800,1
20804,1
20819,1
20825,1
20842,1
20851,3
20864,1
20871,1
20873,1
20877,1
20880,2
20928,1
20931,1
20934,1
20944,2
20960,1
20964,1
20966,1
20970,1
20972,1
20973,2
20992,1
20995,1
21005,2
21031,1
21037,1
21043,1
21044,1
21053,2
21062,1
21068,1
21088,2
21091,1
21095,1
21104,1
21120,2
21126,1
21136,1
21142,1
21165,1
21171,1
21178,1
21184,1
21187,1
21203,1
21210,1
21213,1
21225,1
21229,2
21235,1
21267,1
21274,1
21306,1
21324,1
21356,1
21357,1
21376,1
21414,1
21417,1
21421,1
21440,1
21485,1
21568,1
21638,1
21850,1
21926,1
22022,1
22029,1
22035,1
22236,1
22429,1
22454,1
22678,1
22848,1
22944,1
22969,1
23005,1
23200,1
23289,1
23328,1
23344,1
23420,1
24141,1
24199,1
24800,1
25334,1
29786,1
36070,1
37357,1
52582,1
57769,1
67232,1
73280,1
84324,1
87991,1
332214,1
4535372,1
4538951,1
4552979,1
4592617,1
