# Samples: 112766, Average: 23521.2 ns, StdDev: 5502.6 ns, Quartiles: 19958.0/23414.0/26848.0 ns
12541,1
12617,1
13024,1
13104,1
13110,1
13116,1
13287,1
13434,1
13510,1
13520,1
13523,1
13530,1
13616,1
13625,1
13657,1
13673,1
13702,1
13705,1
13715,1
13722,1
13728,1
13738,2
13747,1
13754,1
13766,1
13769,1
13770,1
13782,1
13786,1
13795,2
13798,1
13808,1
13814,2
13815,1
13830,1
13834,1
13840,1
13843,1
13859,1
13862,1
13866,1
13875,1
13885,1
13895,1
13901,2
13904,2
13914,2
13916,1
13917,2
13920,1
13927,1
13930,2
13933,2
13939,1
13942,1
13945,1
13949,2
13952,3
13955,1
13958,1
13965,1
13971,1
13977,1
13981,1
13990,1
13991,2
13994,2
13996,1
13997,2
14000,2
14009,1
14016,1
14025,2
14028,1
14032,1
14035,3
14036,1
14041,3
14044,1
14045,1
14048,3
14051,1
14052,1
14058,1
14061,1
14064,2
14067,1
14073,1
14080,1
14083,1
14084,1
14086,2
14087,1
14092,1
14093,1
14109,1
14118,1
14125,3
14128,2
14131,2
14138,2
14141,1
14147,1
14150,3
14151,1
14154,1
14156,1
14157,1
14163,1
14164,1
14166,1
14167,1
14169,1
14170,2
14173,1
14176,5
14179,1
14182,3
14183,3
14185,1
14189,1
14192,5
14195,1
14198,1
14202,1
14204,1
14208,6
14211,2
14214,1
14215,1
14218,3
14221,2
14224,3
14227,1
14228,2
14230,3
14231,1
14233,3
14234,6
14236,1
14237,1
14240,3
14243,2
14244,1
14246,1
14247,1
14250,2
14252,3
14253,1
14256,1
14260,1
14265,4
14266,2
14269,3
14272,3
14275,2
14278,5
14279,2
14281,1
14282,2
14284,1
14285,1
14288,2
14291,1
14294,4
14297,4
14298,4
14301,4
14304,4
14307,2
14308,1
14310,6
14311,2
14314,1
14317,3
14320,2
14323,3
14326,2
14329,3
14330,8
14332,1
14333,1
14336,1
14339,6
14340,2
14342,2
14343,1
14345,1
14346,2
14348,1
14349,3
14352,1
14355,5
14358,1
14361,3
14362,2
14364,1
14365,2
14368,5
14371,4
14372,1
14375,3
14377,2
14378,1
14380,1
14381,6
14384,5
14387,2
14388,4
14390,4
14391,3
14394,2
14397,2
14400,9
14403,3
14406,1
14407,4
14410,2
14413,5
14416,5
14419,6
14420,1
14422,1
14423,2
14425,1
14426,3
14429,1
14432,4
14435,4
14436,1
14438,1
14439,1
14441,2
14442,1
14445,1
14448,6
14451,6
14452,1
14454,2
14455,1
14458,1
14461,4
14464,4
14467,2
14468,1
14470,2
14471,3
14473,1
14474,2
14477,4
14480,3
14483,4
14484,2
14486,1
14487,3
14489,7
14490,3
14492,1
14493,3
14496,7
14499,1
14502,3
14503,4
14508,3
14509,7
14512,5
14515,3
14516,1
14518,2
14519,5
14521,1
14522,4
14524,1
14525,2
14528,9
14531,4
14534,2
14535,2
14537,1
14538,2
14540,3
14541,7
14544,5
14547,5
14548,2
14550,2
14551,3
14553,4
14554,3
14560,5
14563,2
14564,2
14566,3
14567,1
14569,1
14573,11
14576,4
14579,4
14582,2
14583,1
14585,2
14586,2
14589,1
14592,2
14595,2
14596,1
14598,4
14599,1
14601,1
14602,1
14605,10
14608,2
14611,5
14612,1
14614,2
14615,4
14617,7
14618,7
14620,3
14621,4
14624,8
14627,3
14630,2
14631,3
14633,1
14634,1
14637,3
14640,3
14643,6
14644,1
14646,2
14647,1
14649,4
14650,4
14653,2
14656,8
14659,4
14660,1
14662,3
14663,5
14665,1
14666,3
14668,3
14669,11
14672,2
14675,8
14676,3
14678,3
14679,3
14682,4
14685,4
14688,9
14691,3
14694,3
14695,4
14698,4
14700,3
14701,13
14704,8
14707,7
14708,4
14710,5
14711,1
14713,4
14714,6
14717,4
14720,8
14723,6
14724,2
14726,5
14727,7
14729,1
14730,2
14732,3
14733,6
14736,8
14739,12
14740,1
14742,6
14743,2
14745,2
14746,11
14748,1
14749,5
14752,6
14755,3
14758,5
14759,5
14761,2
14762,5
14764,4
14765,8
14768,8
14771,6
14772,1
14774,4
14777,7
14778,3
14781,7
14784,13
14787,4
14788,2
14790,7
14791,7
14793,1
14794,6
14796,2
14797,10
14800,4
14803,8
14804,2
14806,5
14807,2
14809,6
14810,8
14812,3
14813,5
14816,9
14819,9
14820,1
14822,9
14823,6
14825,1
14826,6
14829,17
14832,9
14835,13
14836,8
14838,8
14839,4
14841,5
14842,9
14845,7
14848,12
14851,11
14852,4
14854,11
14855,4
14857,3
14858,7
14860,5
14861,13
14864,13
14867,13
14868,2
14870,8
14871,5
14873,5
14874,6
14876,2
14877,9
14880,12
14883,12
14884,1
14886,6
14887,6
14889,7
14890,8
14892,3
14893,11
14896,10
14899,15
14900,5
14902,3
14903,7
14905,7
14906,6
14908,7
14909,13
14912,17
14915,8
14918,7
14919,7
14921,4
14922,5
14924,6
14925,16
14928,13
14931,18
14932,2
14934,3
14935,8
14937,5
14938,10
14940,3
14941,11
14944,26
14947,8
14948,2
14950,7
14951,8
14953,3
14954,3
14956,3
14957,11
14960,12
14963,13
14964,3
14966,5
14967,5
14969,9
14970,7
14972,4
14973,6
14976,19
14979,18
14982,10
14983,5
14985,3
14986,7
14988,7
14989,20
14992,16
14995,15
14996,5
14998,3
14999,2
15001,13
15002,11
15004,4
15005,14
15008,18
15011,7
15012,2
15014,7
15015,5
15017,6
15018,3
15020,6
15021,14
15024,16
15027,23
15028,3
15030,9
15031,6
15033,7
15034,11
15036,2
15037,11
15040,36
15043,8
15044,1
15046,13
15047,7
15049,5
15050,13
15052,2
15053,17
15056,16
15059,13
15060,5
15062,8
15063,9
15065,7
15066,8
15068,1
15069,9
15072,16
15075,13
15076,2
15078,5
15079,5
15081,6
15082,6
15084,2
15085,11
15088,14
15091,15
15092,4
15094,8
15095,9
15097,11
15098,11
15100,2
15101,6
15104,31
15107,14
15108,3
15110,11
15111,5
15113,4
15114,7
15116,3
15117,17
15120,15
15123,14
15124,4
15126,8
15127,5
15129,8
15130,10
15132,5
15133,8
15136,22
15139,8
15140,4
15142,7
15143,2
15145,7
15146,6
15148,4
15149,21
15152,18
15155,18
15156,4
15158,3
15159,7
15161,14
15162,18
15164,4
15165,7
15168,30
15171,12
15172,3
15174,12
15175,8
15177,5
15178,6
15180,4
15181,19
15184,12
15187,24
15188,6
15190,11
15191,7
15193,7
15194,15
15196,1
15197,10
15200,22
15203,15
15204,2
15206,14
15207,14
15209,5
15210,8
15212,6
15213,25
15216,16
15219,21
15222,9
15223,9
15225,13
15226,14
15228,5
15229,7
15232,25
15235,18
15236,1
15238,16
15239,11
15241,4
15242,8
15244,1
15245,19
15248,23
15251,26
15252,5
15254,5
15255,4
15257,8
15258,16
15260,3
15261,11
15264,25
15267,21
15268,2
15270,15
15271,12
15273,6
15274,6
15276,3
15277,16
15280,16
15283,29
15284,3
15286,6
15287,5
15289,13
15290,17
15292,3
15293,15
15296,30
15299,14
15300,2
15302,21
15303,13
15305,7
15306,7
15308,8
15309,13
15312,16
15315,22
15316,4
15318,13
15319,10
15321,9
15322,12
15324,2
15325,17
15328,26
15331,12
15332,2
15334,21
15335,12
15337,3
15338,8
15340,8
15341,23
15344,15
15347,21
15348,11
15350,6
15351,5
15353,10
15354,12
15356,3
15357,16
15360,25
15363,16
15364,2
15366,16
15367,11
15369,11
15370,5
15372,5
15373,18
15376,12
15379,21
15380,4
15382,5
15383,4
15385,21
15386,22
15388,4
15389,13
15392,31
15395,13
15396,5
15398,12
15399,13
15401,4
15402,9
15404,4
15405,22
15408,18
15411,11
15412,8
15414,14
15415,5
15417,12
15418,19
15420,3
15421,6
15424,27
15427,14
15428,2
15430,11
15431,15
15433,6
15434,8
15436,3
15437,22
15440,14
15443,21
15444,1
15446,4
15447,7
15449,6
15450,16
15452,4
15453,8
15456,20
15459,19
15460,3
15462,18
15463,9
15465,7
15466,16
15468,7
15469,14
15472,13
15475,16
15476,2
15478,3
15479,3
15481,8
15482,13
15484,7
15485,13
15488,33
15491,6
15492,5
15494,15
15495,8
15497,6
15498,6
15500,2
15501,18
15504,13
15507,24
15508,4
15510,7
15511,3
15513,15
15514,12
15516,2
15517,12
15520,29
15523,10
15526,15
15527,12
15529,8
15530,7
15532,8
15533,24
15536,14
15539,17
15540,2
15542,6
15543,4
15545,7
15546,15
15548,6
15549,12
15552,29
15555,14
15556,1
15558,11
15559,13
15561,9
15562,3
15564,5
15565,13
15568,15
15571,18
15572,4
15574,7
15575,2
15577,11
15578,10
15581,5
15584,26
15587,22
15588,6
15590,11
15591,4
15593,2
15594,11
15596,8
15597,17
15600,9
15603,12
15604,4
15606,10
15607,3
15609,12
15610,14
15612,5
15613,5
15616,30
15619,6
15620,3
15622,11
15623,11
15625,5
15626,7
15628,2
15629,24
15632,12
15635,11
15636,9
15638,9
15639,1
15641,6
15642,16
15644,4
15645,10
15648,21
15651,22
15652,1
15654,13
15655,7
15657,5
15658,4
15660,4
15661,14
15664,18
15667,20
15668,4
15670,4
15671,4
15673,5
15674,14
15676,2
15677,14
15680,23
15683,5
15684,2
15686,15
15687,12
15689,7
15690,7
15692,6
15693,20
15696,12
15699,26
15700,5
15702,12
15703,8
15705,6
15706,13
15708,4
15709,13
15712,34
15715,11
15716,2
15718,14
15719,9
15721,7
15722,5
15724,3
15725,21
15728,13
15731,19
15732,4
15734,8
15735,5
15737,6
15738,7
15740,5
15741,11
15744,23
15747,9
15748,5
15750,10
15751,7
15753,5
15754,4
15756,8
15757,14
15760,18
15763,16
15764,1
15766,7
15767,4
15769,9
15770,8
15772,2
15773,16
15776,25
15779,16
15780,3
15782,12
15783,9
15785,2
15786,4
15788,8
15789,23
15792,19
15795,15
15796,7
15798,5
15799,1
15801,13
15802,10
15804,6
15805,6
15808,27
15811,10
15812,9
15814,11
15815,10
15817,4
15818,7
15820,4
15821,21
15824,13
15827,21
15828,10
15830,7
15831,3
15833,4
15834,17
15836,3
15837,12
15840,29
15843,13
15844,5
15846,15
15847,9
15849,7
15850,12
15852,2
15853,18
15856,9
15859,19
15860,10
15862,6
15863,5
15865,9
15866,13
15868,3
15869,10
15872,20
15875,10
15878,9
15879,13
15881,4
15882,5
15884,8
15885,14
15888,8
15891,16
15892,2
15894,6
15895,7
15897,4
15898,12
15900,2
15901,12
15904,20
15907,11
15908,2
15910,6
15911,7
15913,3
15914,8
15916,6
15917,14
15920,11
15923,11
15924,1
15926,7
15927,3
15929,8
15930,10
15932,4
15933,6
15936,20
15939,5
15940,1
15942,14
15943,9
15945,3
15946,12
15948,1
15949,24
15952,15
15955,13
15956,5
15958,8
15959,6
15961,14
15962,8
15964,3
15965,8
15968,16
15971,10
15972,3
15974,10
15975,18
15977,7
15978,5
15980,3
15981,23
15984,14
15987,10
15990,5
15991,5
15993,9
15994,13
15996,3
15997,10
16000,22
16003,14
16004,1
16006,18
16007,10
16009,8
16010,6
16012,1
16013,16
16016,14
16019,17
16020,6
16022,9
16023,3
16025,9
16026,9
16028,1
16029,8
16032,19
16035,9
16036,2
16038,10
16039,6
16041,3
16042,4
16044,2
16045,13
16048,9
16051,14
16052,6
16054,7
16055,4
16057,11
16058,7
16061,9
16064,19
16067,13
16068,3
16070,7
16071,10
16073,7
16074,4
16076,4
16077,22
16080,13
16083,13
16084,2
16086,5
16087,7
16089,15
16090,15
16092,2
16093,13
16096,21
16099,11
16100,3
16102,7
16103,8
16105,3
16106,7
16108,3
16109,21
16112,9
16115,25
16116,2
16118,9
16119,8
16121,13
16122,8
16124,1
16125,7
16128,20
16131,7
16132,4
16134,11
16135,9
16137,4
16138,5
16141,10
16144,7
16147,13
16148,7
16150,8
16151,6
16153,8
16154,10
16156,1
16157,7
16160,19
16163,12
16164,1
16166,12
16167,6
16169,5
16170,6
16172,5
16173,15
16176,9
16179,20
16180,4
16182,5
16183,4
16185,4
16186,13
16188,3
16189,9
16192,9
16195,13
16198,12
16199,5
16201,5
16202,4
16204,2
16205,11
16208,12
16211,16
16212,6
16214,7
16215,5
16217,6
16218,15
16220,2
16221,10
16224,15
16227,8
16228,4
16230,12
16231,10
16233,2
16234,9
16236,6
16237,16
16240,7
16243,14
16244,3
16246,6
16247,7
16249,3
16250,11
16252,2
16253,7
16256,21
16259,9
16260,3
16262,16
16263,8
16265,3
16266,8
16268,4
16269,14
16272,9
16275,20
16276,4
16278,6
16279,4
16281,4
16282,15
16284,2
16285,14
16288,14
16291,10
16292,4
16294,7
16295,1
16297,3
16298,5
16300,6
16301,19
16304,8
16307,14
16308,2
16310,4
16311,4
16313,9
16314,11
16316,1
16317,13
16320,18
16323,8
16326,6
16327,2
16329,3
16330,5
16332,2
16333,11
16336,6
16339,11
16340,3
16342,3
16343,2
16345,5
16346,8
16348,1
16349,14
16352,14
16355,11
16356,4
16358,13
16359,5
16361,3
16362,4
16364,5
16365,12
16368,12
16371,17
16372,3
16374,4
16375,5
16377,6
16378,14
16381,11
16384,22
16387,9
16388,3
16390,10
16391,10
16393,8
16394,10
16396,2
16397,17
16400,8
16403,10
16404,4
16406,6
16407,1
16409,4
16410,7
16412,1
16413,7
16416,12
16419,8
16420,6
16422,13
16423,6
16425,4
16426,8
16428,7
16429,16
16432,11
16435,15
16436,4
16438,8
16439,2
16441,6
16442,13
16444,1
16445,8
16448,9
16451,7
16452,1
16454,13
16455,8
16457,4
16458,5
16460,4
16461,17
16464,10
16467,6
16468,2
16470,6
16471,2
16473,8
16474,13
16476,4
16477,12
16480,16
16483,5
16484,2
16486,11
16487,9
16489,7
16490,7
16492,5
16493,10
16496,11
16499,14
16500,2
16502,7
16503,2
16505,4
16506,7
16509,10
16512,12
16515,14
16516,1
16518,9
16519,5
16521,7
16522,4
16524,6
16525,10
16528,9
16531,14
16532,6
16534,7
16535,3
16537,7
16538,10
16540,2
16541,8
16544,12
16547,9
16548,4
16550,10
16551,1
16553,2
16554,3
16557,18
16560,8
16563,10
16564,2
16566,5
16567,3
16569,10
16570,4
16573,5
16576,22
16579,10
16580,2
16582,5
16583,14
16585,8
16586,4
16588,4
16589,13
16592,10
16595,8
16596,3
16598,9
16599,6
16601,8
16602,9
16604,3
16605,9
16608,13
16611,7
16612,1
16614,5
16615,1
16617,5
16618,3
16620,2
16621,7
16624,9
16627,17
16628,3
16630,4
16631,5
16633,4
16634,9
16636,3
16637,12
16640,22
16643,10
16644,2
16646,7
16647,6
16649,1
16650,12
16652,2
16653,17
16656,9
16659,13
16660,3
16662,7
16665,6
16666,9
16668,1
16669,5
16672,21
16675,9
16676,1
16678,14
16679,12
16681,7
16682,4
16684,6
16685,15
16688,15
16691,16
16692,4
16694,8
16695,2
16697,11
16698,8
16701,4
16704,14
16707,6
16708,3
16710,11
16711,3
16713,1
16714,6
16716,4
16717,17
16720,15
16723,15
16724,2
16726,8
16727,1
16729,9
16730,15
16732,3
16733,7
16736,19
16739,6
16740,3
16742,13
16743,11
16745,7
16746,9
16748,3
16749,17
16752,12
16755,18
16756,4
16758,4
16759,4
16761,5
16762,7
16765,1
16768,22
16771,10
16772,2
16774,8
16775,4
16777,8
16778,1
16780,3
16781,9
16784,19
16787,20
16788,5
16790,7
16791,4
16793,4
16794,10
16796,6
16797,11
16800,22
16803,12
16804,1
16806,16
16807,12
16809,4
16810,6
16812,1
16813,16
16816,10
16819,13
16820,4
16822,6
16823,3
16825,10
16826,14
16828,2
16829,10
16832,18
16835,12
16836,2
16838,8
16839,6
16841,3
16842,12
16844,5
16845,21
16848,4
16851,11
16852,1
16854,6
16855,2
16857,7
16858,14
16860,1
16861,9
16864,22
16867,9
16868,3
16870,10
16871,4
16873,3
16874,7
16876,3
16877,16
16880,11
16883,16
16884,2
16886,8
16887,1
16889,6
16890,15
16892,1
16893,7
16896,15
16899,14
16900,4
16902,13
16903,6
16905,4
16906,3
16908,2
16909,21
16912,11
16915,16
16916,3
16918,6
16919,6
16921,6
16922,9
16924,3
16925,11
16928,21
16931,9
16932,2
16934,11
16935,6
16937,6
16938,4
16940,3
16941,13
16944,7
16947,14
16948,2
16950,6
16951,3
16953,4
16954,13
16956,4
16957,15
16960,18
16963,9
16964,1
16966,12
16967,13
16969,2
16970,2
16972,4
16973,13
16976,12
16979,17
16980,1
16982,7
16983,4
16985,3
16986,15
16988,1
16989,7
16992,21
16995,11
16998,12
16999,11
17001,7
17002,5
17004,5
17005,20
17008,16
17011,15
17012,2
17015,5
17017,10
17018,14
17020,4
17021,5
17024,15
17027,10
17028,1
17030,7
17031,5
17033,4
17034,10
17037,11
17040,7
17043,21
17044,6
17046,9
17047,2
17049,9
17050,14
17052,2
17053,9
17056,18
17059,13
17060,1
17062,7
17063,9
17065,5
17066,5
17068,2
17069,7
17072,7
17075,16
17076,2
17078,5
17079,6
17081,5
17082,7
17084,1
17085,9
17088,17
17091,3
17092,4
17094,12
17095,4
17097,4
17098,7
17100,4
17101,14
17104,11
17107,16
17108,4
17110,7
17111,2
17113,6
17114,9
17116,3
17117,10
17120,17
17123,6
17124,3
17126,11
17127,7
17129,2
17130,8
17133,12
17136,10
17139,12
17140,2
17142,6
17143,7
17145,3
17146,9
17148,4
17149,9
17152,26
17155,6
17156,1
17158,9
17159,6
17161,6
17162,5
17164,5
17165,13
17168,11
17171,11
17172,3
17174,4
17175,4
17177,8
17178,14
17180,1
17181,8
17184,15
17187,14
17190,10
17191,6
17193,8
17194,10
17196,4
17197,12
17200,16
17203,14
17204,1
17206,5
17207,5
17209,5
17210,10
17212,4
17213,6
17216,14
17219,10
17220,5
17222,10
17223,4
17225,2
17226,4
17228,5
17229,15
17232,5
17235,18
17236,4
17238,4
17239,3
17241,9
17242,11
17244,2
17245,20
17248,23
17251,11
17252,2
17254,14
17255,9
17257,2
17258,6
17260,4
17261,12
17264,8
17267,15
17270,6
17273,3
17274,10
17276,2
17277,11
17280,17
17283,10
17284,1
17286,15
17287,8
17289,10
17290,4
17292,2
17293,12
17296,10
17299,11
17300,3
17302,8
17303,3
17305,4
17306,14
17308,6
17309,8
17312,19
17315,5
17316,2
17318,7
17319,3
17321,3
17322,6
17324,3
17325,13
17328,10
17331,15
17332,3
17334,7
17335,6
17337,8
17338,5
17340,2
17341,10
17344,11
17347,11
17350,12
17351,10
17353,4
17354,5
17357,12
17360,9
17363,10
17364,4
17366,3
17367,4
17369,3
17370,7
17372,4
17373,7
17376,14
17379,11
17380,4
17382,8
17383,9
17385,2
17386,8
17388,5
17389,17
17392,15
17395,15
17396,6
17398,10
17399,2
17401,5
17402,15
17404,3
17405,6
17408,26
17411,13
17412,2
17414,13
17415,14
17417,5
17418,4
17420,3
17421,13
17424,7
17427,17
17428,5
17430,8
17431,3
17433,6
17434,16
17436,1
17437,14
17440,18
17443,9
17444,2
17446,17
17447,6
17449,6
17450,4
17452,3
17453,16
17456,10
17459,16
17460,6
17462,11
17463,5
17465,9
17466,8
17468,1
17469,2
17472,23
17475,18
17476,2
17478,14
17479,8
17481,3
17482,4
17484,4
17485,19
17488,18
17491,16
17492,1
17494,7
17495,7
17497,4
17498,8
17500,1
17501,12
17504,19
17507,7
17508,1
17510,6
17511,5
17513,4
17514,6
17516,10
17517,16
17520,7
17523,20
17524,7
17526,6
17527,2
17529,10
17530,10
17532,2
17533,15
17536,20
17539,11
17540,2
17542,12
17543,6
17545,3
17546,11
17548,3
17549,14
17552,12
17555,10
17556,4
17558,12
17559,7
17561,12
17562,11
17564,2
17565,8
17568,19
17571,8
17574,7
17575,4
17577,5
17578,5
17580,2
17581,16
17584,10
17587,16
17588,6
17590,7
17591,6
17593,10
17594,17
17596,2
17597,7
17600,26
17603,11
17604,4
17606,11
17607,8
17609,1
17610,9
17612,2
17613,14
17616,14
17619,11
17620,5
17622,7
17623,6
17625,12
17626,11
17628,1
17629,14
17632,20
17635,8
17636,2
17638,11
17639,12
17641,6
17642,9
17644,2
17645,22
17648,8
17651,16
17652,3
17654,6
17655,5
17657,8
17658,9
17660,2
17661,10
17664,25
17667,13
17668,1
17670,12
17671,11
17673,2
17674,1
17676,1
17677,20
17680,11
17683,18
17684,2
17686,2
17687,2
17689,5
17690,12
17692,3
17693,3
17696,17
17699,8
17700,2
17702,16
17703,9
17705,3
17706,10
17708,1
17709,11
17712,11
17715,21
17716,3
17718,5
17719,2
17721,10
17722,17
17724,3
17725,8
17728,18
17731,9
17732,3
17734,14
17735,5
17737,3
17738,8
17740,4
17741,25
17744,13
17747,21
17748,5
17750,10
17751,6
17753,6
17754,21
17756,4
17757,7
17760,20
17763,7
17764,3
17766,9
17767,8
17769,4
17770,4
17772,7
17773,17
17776,12
17779,20
17780,3
17782,7
17783,8
17785,7
17786,8
17788,2
17789,11
17792,18
17795,19
17796,5
17798,12
17799,11
17802,6
17804,3
17805,9
17808,7
17811,15
17812,3
17814,5
17815,6
17817,7
17818,11
17820,4
17821,9
17824,26
17827,13
17828,2
17830,13
17831,8
17833,1
17834,9
17836,3
17837,18
17840,12
17843,16
17844,1
17846,5
17847,5
17849,12
17850,6
17852,3
17853,11
17856,29
17859,8
17860,2
17862,4
17863,8
17865,6
17866,6
17868,2
17869,22
17872,5
17875,12
17876,6
17878,7
17879,4
17881,6
17882,11
17884,3
17885,6
17888,19
17891,13
17892,2
17894,12
17895,11
17897,2
17898,11
17900,3
17901,12
17904,8
17907,15
17908,4
17910,3
17911,3
17913,12
17914,14
17916,3
17917,13
17920,26
17923,6
17924,4
17926,10
17927,5
17929,5
17930,3
17932,4
17933,22
17936,15
17939,21
17940,3
17942,7
17943,5
17945,7
17946,12
17948,2
17949,10
17952,19
17955,7
17956,2
17958,10
17959,5
17961,3
17962,11
17964,3
17965,9
17968,10
17971,16
17972,6
17974,5
17975,3
17977,7
17978,15
17980,2
17981,13
17984,21
17987,17
17988,3
17990,9
17991,9
17993,1
17994,10
17996,2
17997,14
18000,12
18003,14
18004,5
18006,8
18007,2
18009,5
18010,12
18013,5
18016,23
18019,10
18020,2
18022,16
18023,9
18025,4
18026,5
18028,5
18029,21
18032,10
18035,23
18036,7
18038,8
18039,4
18041,6
18042,8
18044,1
18045,17
18048,21
18051,10
18052,4
18054,9
18055,6
18057,2
18058,6
18060,4
18061,8
18064,8
18067,12
18068,1
18070,12
18071,5
18073,2
18074,13
18077,6
18080,19
18083,5
18084,1
18086,14
18087,6
18089,1
18090,3
18092,2
18093,21
18096,10
18099,17
18100,2
18102,10
18103,3
18105,9
18106,8
18108,2
18109,9
18112,21
18115,15
18116,1
18118,11
18119,6
18121,5
18122,10
18124,3
18125,11
18128,11
18131,23
18132,1
18134,7
18135,3
18137,6
18138,12
18140,1
18141,5
18144,23
18147,11
18148,3
18150,10
18151,9
18153,6
18154,9
18156,7
18157,15
18160,11
18163,16
18164,3
18166,7
18167,8
18169,7
18170,9
18172,4
18173,7
18176,24
18179,9
18182,10
18183,5
18185,2
18186,4
18188,4
18189,15
18192,11
18195,17
18196,4
18198,7
18199,4
18201,4
18202,10
18204,5
18205,7
18208,17
18211,10
18212,3
18214,7
18215,5
18217,4
18218,6
18220,2
18221,13
18224,12
18227,15
18228,7
18230,4
18231,5
18233,3
18234,7
18237,6
18240,21
18243,8
18246,9
18247,12
18249,7
18250,3
18252,5
18253,11
18256,9
18259,11
18260,3
18262,12
18263,7
18265,6
18266,9
18268,1
18269,8
18272,16
18275,6
18276,1
18278,12
18279,8
18281,4
18282,4
18284,3
18285,23
18288,12
18291,13
18292,3
18294,8
18295,2
18297,4
18298,23
18300,4
18301,8
18304,19
18307,12
18310,15
18311,6
18313,5
18314,5
18316,5
18317,23
18320,12
18323,19
18324,9
18326,3
18327,4
18329,5
18330,10
18332,1
18333,10
18336,19
18339,11
18340,2
18342,11
18343,6
18345,7
18346,4
18348,1
18349,14
18352,14
18355,14
18356,2
18358,8
18359,4
18361,13
18362,11
18364,3
18365,10
18368,24
18371,5
18372,2
18374,11
18375,8
18377,8
18378,5
18380,3
18381,15
18384,12
18387,23
18388,4
18390,5
18391,4
18393,9
18394,7
18396,4
18397,15
18400,25
18403,10
18404,2
18406,8
18407,12
18409,6
18410,9
18412,8
18413,19
18416,18
18419,22
18420,4
18422,7
18423,7
18425,9
18426,9
18429,8
18432,23
18435,7
18436,2
18438,17
18439,6
18441,3
18442,12
18444,4
18445,21
18448,7
18451,17
18452,1
18454,3
18455,8
18457,11
18458,6
18460,3
18461,7
18464,26
18467,10
18468,4
18470,8
18471,7
18473,4
18474,5
18476,6
18477,14
18480,9
18483,16
18484,5
18486,13
18487,5
18489,11
18490,20
18492,2
18493,15
18496,22
18499,12
18500,3
18502,17
18503,11
18505,5
18506,4
18508,7
18509,16
18512,13
18515,24
18516,7
18518,9
18519,4
18521,11
18522,15
18525,9
18528,18
18531,12
18532,3
18534,7
18535,6
18537,5
18538,10
18540,5
18541,7
18544,11
18547,27
18548,7
18550,5
18551,5
18553,11
18554,17
18556,3
18557,5
18560,26
18563,7
18564,1
18566,17
18567,9
18569,2
18570,10
18572,6
18573,12
18576,17
18579,13
18580,5
18582,9
18583,5
18585,6
18586,12
18588,2
18589,7
18592,17
18595,10
18596,4
18598,15
18599,5
18601,6
18602,9
18604,1
18605,19
18608,14
18611,13
18612,4
18614,7
18615,9
18617,11
18618,8
18620,3
18621,7
18624,15
18627,12
18628,2
18630,15
18631,8
18633,2
18634,8
18636,6
18637,20
18640,8
18643,15
18644,4
18646,9
18647,5
18649,13
18650,16
18652,2
18653,11
18656,17
18659,10
18662,18
18663,6
18665,2
18666,4
18668,1
18669,19
18672,7
18675,17
18676,3
18678,7
18679,5
18681,7
18682,14
18684,2
18685,12
18688,18
18691,10
18692,2
18694,17
18695,7
18697,4
18698,10
18700,1
18701,15
18704,9
18707,14
18708,1
18710,8
18711,4
18713,6
18714,7
18716,4
18717,7
18720,27
18723,10
18724,3
18726,15
18727,9
18729,2
18730,4
18732,6
18733,16
18736,12
18739,14
18740,4
18742,8
18743,3
18745,7
18746,12
18748,1
18749,7
18752,15
18755,4
18756,5
18758,15
18759,8
18761,2
18762,5
18764,5
18765,19
18768,13
18771,18
18772,2
18774,12
18775,8
18777,6
18778,13
18780,4
18781,3
18784,18
18787,4
18788,2
18790,15
18791,6
18793,4
18794,7
18796,4
18797,21
18800,14
18803,13
18806,10
18807,10
18809,6
18810,8
18812,1
18813,11
18816,15
18819,7
18820,2
18822,13
18823,6
18825,8
18826,7
18828,6
18829,19
18832,10
18835,13
18836,1
18838,8
18839,6
18841,7
18842,12
18844,5
18845,14
18848,21
18851,11
18852,3
18854,9
18855,14
18857,3
18858,6
18860,4
18861,13
18864,10
18867,13
18868,1
18870,9
18871,6
18873,10
18874,11
18876,1
18877,10
18880,22
18883,11
18884,3
18886,8
18887,3
18889,7
18890,9
18892,1
18893,19
18896,16
18899,11
18900,1
18902,7
18903,2
18905,10
18906,9
18908,4
18909,7
18912,22
18915,20
18916,5
18918,14
18919,10
18921,5
18922,6
18924,4
18925,12
18928,15
18931,9
18932,6
18934,9
18935,5
18937,11
18938,20
18940,2
18941,9
18944,15
18947,10
18948,4
18950,14
18951,10
18953,2
18954,4
18957,14
18960,8
18963,12
18964,6
18966,4
18967,2
18969,8
18970,14
18972,3
18973,9
18976,23
18979,10
18980,1
18982,7
18983,11
18985,6
18986,7
18988,4
18989,20
18992,12
18995,16
18996,2
18998,8
18999,4
19001,5
19002,9
19004,3
19005,13
19008,24
19011,8
19012,2
19014,13
19015,7
19017,2
19018,10
19020,3
19021,16
19024,12
19027,18
19028,5
19030,8
19031,3
19033,10
19034,12
19036,1
19037,11
19040,18
19043,8
19046,10
19047,9
19049,9
19050,4
19052,4
19053,13
19056,15
19059,15
19060,2
19062,9
19063,1
19065,11
19066,13
19068,4
19069,6
19072,13
19075,8
19076,3
19078,6
19079,8
19081,5
19082,6
19084,1
19085,14
19088,8
19091,15
19092,5
19094,7
19095,6
19097,6
19098,8
19100,1
19101,11
19104,20
19107,14
19108,2
19110,18
19111,8
19113,7
19114,5
19116,5
19117,15
19120,10
19123,18
19124,5
19126,9
19127,5
19129,5
19130,12
19132,2
19133,13
19136,26
19139,8
19140,3
19142,16
19143,13
19145,3
19146,5
19148,8
19149,20
19152,10
19155,17
19156,4
19158,7
19159,8
19161,6
19162,15
19164,1
19165,12
19168,24
19171,4
19172,4
19174,14
19175,9
19177,11
19178,5
19180,2
19181,14
19184,14
19187,10
19188,4
19190,10
19191,4
19193,5
19194,15
19196,3
19197,13
19200,26
19203,13
19204,2
19206,10
19207,12
19209,5
19210,12
19212,7
19213,20
19216,15
19219,16
19220,5
19222,8
19223,4
19225,12
19226,13
19228,4
19229,11
19232,21
19235,18
19236,2
19238,13
19239,11
19241,8
19242,7
19244,1
19245,22
19248,15
19251,22
19252,10
19254,7
19255,11
19257,16
19258,21
19260,3
19261,11
19264,20
19267,12
19268,4
19270,9
19271,16
19273,6
19274,10
19276,5
19277,29
19280,10
19283,19
19284,4
19286,6
19287,3
19289,10
19290,18
19292,1
19293,20
19296,20
19299,9
19300,2
19302,15
19303,10
19305,4
19306,8
19308,5
19309,18
19312,11
19315,23
19316,8
19318,11
19319,2
19321,5
19322,14
19324,4
19325,15
19328,23
19331,16
19332,5
19334,11
19335,14
19337,3
19338,10
19340,4
19341,26
19344,17
19347,14
19348,4
19350,12
19351,6
19353,13
19354,21
19356,4
19357,13
19360,31
19363,8
19364,4
19366,23
19367,9
19369,2
19370,10
19372,3
19373,23
19376,16
19379,25
19380,3
19382,15
19383,5
19385,10
19386,20
19388,2
19389,16
19392,29
19395,11
19396,4
19398,13
19399,11
19401,7
19402,8
19404,1
19405,19
19408,18
19411,18
19412,4
19414,9
19415,5
19417,9
19418,18
19420,2
19421,15
19424,27
19427,12
19428,4
19430,14
19431,13
19433,8
19434,5
19436,5
19437,28
19440,17
19443,21
19444,4
19446,6
19447,9
19449,11
19450,22
19452,1
19453,10
19456,28
19459,6
19460,2
19462,9
19463,14
19465,3
19466,18
19468,4
19469,26
19472,24
19475,22
19476,5
19478,13
19479,8
19481,6
19482,12
19484,3
19485,14
19488,23
19491,17
19492,6
19494,16
19495,11
19497,6
19498,13
19500,7
19501,23
19504,16
19507,27
19508,4
19510,9
19511,8
19513,17
19514,13
19517,18
19520,34
19523,15
19524,4
19526,22
19527,14
19529,8
19530,2
19532,3
19533,17
19536,24
19539,23
19540,3
19542,11
19543,5
19545,11
19546,22
19548,5
19549,16
19552,27
19555,19
19556,2
19558,9
19559,13
19561,7
19562,14
19564,8
19565,17
19568,23
19571,35
19572,5
19574,7
19575,6
19577,10
19578,18
19581,12
19584,29
19587,17
19588,7
19590,17
19591,14
19593,5
19594,13
19596,5
19597,21
19600,12
19603,28
19604,6
19606,8
19607,4
19609,13
19610,13
19612,5
19613,11
19616,36
19619,9
19620,1
19622,17
19623,6
19625,7
19626,11
19628,5
19629,30
19632,22
19635,22
19636,4
19638,15
19639,6
19641,12
19642,20
19644,4
19645,13
19648,24
19651,19
19652,4
19654,23
19655,15
19657,9
19658,11
19660,5
19661,18
19664,19
19667,14
19668,10
19670,11
19671,12
19673,11
19674,20
19676,5
19677,25
19680,26
19683,15
19684,1
19686,18
19687,13
19689,5
19690,8
19692,3
19693,21
19696,13
19699,21
19700,3
19702,14
19703,12
19705,12
19706,17
19708,1
19709,12
19712,23
19715,18
19716,7
19718,18
19719,9
19721,4
19722,7
19724,1
19725,18
19728,17
19731,19
19732,6
19734,9
19735,6
19737,12
19738,18
19740,2
19741,12
19744,21
19747,19
19748,6
19750,13
19751,15
19753,8
19754,5
19756,4
19757,19
19760,12
19763,15
19764,2
19766,10
19767,4
19769,11
19770,22
19772,5
19773,19
19776,38
19779,12
19780,2
19782,12
19783,13
19785,6
19786,12
19788,11
19789,18
19792,12
19795,31
19796,5
19798,8
19799,5
19801,19
19802,19
19804,1
19805,21
19808,37
19811,13
19812,3
19814,23
19815,6
19817,5
19818,8
19820,3
19821,31
19824,21
19827,25
19828,5
19830,12
19831,9
19833,15
19834,13
19836,3
19837,17
19840,34
19843,10
19844,4
19846,17
19847,14
19849,7
19850,10
19852,8
19853,23
19856,28
19859,29
19860,6
19862,11
19863,6
19865,12
19866,11
19868,5
19869,17
19872,29
19875,20
19876,5
19878,15
19879,10
19881,2
19882,6
19884,4
19885,25
19888,10
19891,18
19892,9
19894,11
19895,8
19897,9
19898,25
19900,2
19901,18
19904,30
19907,20
19908,3
19910,25
19911,8
19913,12
19914,11
19916,5
19917,30
19920,20
19923,27
19924,6
19926,21
19927,7
19929,15
19930,23
19932,4
19933,12
19936,44
19939,15
19940,3
19942,8
19943,15
19945,7
19946,7
19948,5
19949,34
19952,27
19955,27
19956,11
19958,12
19959,6
19961,12
19962,24
19964,4
19965,6
19968,28
19971,14
19972,7
19974,21
19975,18
19977,7
19978,16
19980,2
19981,28
19984,17
19987,13
19988,6
19990,10
19991,9
19993,12
19994,12
19996,4
19997,12
20000,40
20003,11
20004,5
20006,21
20007,6
20009,7
20010,7
20012,9
20013,32
20016,19
20019,19
20020,9
20022,13
20023,11
20025,10
20026,27
20028,8
20029,18
20032,36
20035,10
20036,5
20038,20
20039,11
20041,8
20042,14
20044,4
20045,22
20048,25
20051,32
20052,6
20054,10
20055,7
20057,14
20058,16
20060,5
20061,7
20064,36
20067,13
20068,1
20070,19
20071,10
20073,7
20074,12
20076,4
20077,33
20080,26
20083,28
20084,3
20086,11
20087,6
20089,12
20090,12
20092,4
20093,21
20096,30
20099,13
20100,6
20102,19
20103,7
20105,8
20106,17
20108,12
20109,17
20112,18
20115,15
20116,5
20118,10
20119,3
20121,12
20122,28
20124,5
20125,14
20128,40
20131,15
20132,4
20134,26
20135,20
20137,5
20138,11
20140,12
20141,16
20144,16
20147,25
20148,4
20150,12
20151,11
20153,16
20154,20
20156,1
20157,8
20160,33
20163,16
20166,17
20167,10
20169,11
20170,12
20172,5
20173,15
20176,9
20179,25
20180,4
20182,12
20183,10
20185,11
20186,23
20188,6
20189,14
20192,28
20195,17
20196,2
20198,15
20199,8
20201,8
20202,9
20204,6
20205,26
20208,23
20211,22
20212,12
20214,7
20215,10
20217,15
20218,22
20220,4
20221,19
20224,27
20227,22
20228,2
20230,23
20231,17
20233,9
20234,19
20236,3
20237,26
20240,25
20243,20
20244,5
20246,8
20247,9
20249,21
20250,13
20252,3
20253,14
20256,29
20259,15
20260,6
20262,17
20263,17
20265,11
20266,13
20268,7
20269,28
20272,19
20275,24
20276,5
20278,10
20279,5
20281,13
20282,24
20284,4
20285,13
20288,34
20291,10
20292,4
20294,22
20295,13
20297,5
20298,11
20300,10
20301,25
20304,16
20307,28
20308,7
20310,14
20311,8
20313,12
20314,23
20316,2
20317,15
20320,30
20323,11
20324,1
20326,27
20327,13
20329,8
20330,10
20332,1
20333,28
20336,12
20339,24
20340,8
20342,10
20343,5
20345,8
20346,21
20348,5
20349,13
20352,29
20355,17
20356,6
20358,15
20359,16
20361,14
20362,14
20364,8
20365,26
20368,18
20371,21
20372,8
20374,16
20375,4
20377,11
20378,16
20380,3
20381,8
20384,30
20387,10
20388,2
20390,23
20391,14
20393,7
20394,11
20396,5
20397,15
20400,16
20403,16
20404,10
20406,12
20407,6
20409,11
20410,26
20412,1
20413,15
20416,31
20419,19
20420,5
20422,22
20423,9
20425,5
20426,17
20428,9
20429,25
20432,20
20435,23
20436,9
20438,16
20439,7
20441,15
20442,16
20444,7
20445,13
20448,38
20451,17
20452,3
20454,26
20455,9
20457,8
20458,8
20460,6
20461,22
20464,20
20467,27
20468,7
20470,10
20471,16
20473,11
20474,20
20476,3
20477,14
20480,26
20483,23
20484,2
20486,29
20487,15
20489,7
20490,7
20492,6
20493,24
20496,29
20499,22
20500,8
20502,14
20503,7
20505,10
20506,15
20508,6
20509,19
20512,33
20515,18
20516,1
20518,19
20519,8
20521,7
20522,9
20524,6
20525,23
20528,17
20531,25
20532,5
20534,11
20535,7
20537,12
20538,11
20540,4
20541,7
20544,24
20547,14
20548,2
20550,13
20551,9
20553,7
20554,16
20556,5
20557,12
20560,21
20563,16
20564,6
20566,11
20567,7
20569,12
20570,22
20572,9
20573,14
20576,35
20579,15
20580,2
20582,21
20583,19
20585,15
20586,13
20588,4
20589,16
20592,19
20595,29
20596,7
20598,8
20599,10
20601,18
20602,22
20604,11
20605,16
20608,28
20611,17
20612,2
20614,14
20615,8
20617,5
20618,10
20620,7
20621,21
20624,11
20627,24
20628,11
20630,12
20631,7
20633,9
20634,23
20636,5
20637,18
20640,24
20643,15
20644,4
20646,17
20647,18
20649,8
20650,18
20652,5
20653,20
20656,17
20659,21
20660,5
20662,9
20663,4
20665,10
20666,14
20668,7
20669,18
20672,27
20675,14
20676,3
20678,21
20679,8
20681,12
20682,14
20684,4
20685,20
20688,16
20691,19
20692,6
20694,11
20695,8
20697,12
20698,22
20700,6
20701,8
20704,30
20707,15
20708,4
20710,13
20711,21
20713,8
20714,9
20716,7
20717,40
20720,23
20723,26
20724,2
20726,16
20727,11
20729,13
20730,20
20732,2
20733,16
20736,35
20739,8
20740,3
20742,16
20743,12
20745,7
20746,5
20748,6
20749,27
20752,25
20755,37
20756,7
20758,11
20759,6
20761,7
20762,21
20764,5
20765,13
20768,38
20771,21
20772,5
20774,15
20775,10
20777,8
20778,7
20780,8
20781,33
20784,19
20787,26
20788,12
20790,15
20791,5
20793,14
20794,23
20796,8
20797,11
20800,44
20803,18
20804,3
20806,15
20807,14
20809,6
20810,9
20812,5
20813,34
20816,14
20819,35
20820,5
20822,14
20823,4
20825,11
20826,11
20828,3
20829,19
20832,44
20835,19
20836,7
20838,17
20839,9
20841,8
20842,13
20844,5
20845,27
20848,27
20851,22
20852,4
20854,10
20855,5
20857,17
20858,26
20860,5
20861,20
20864,34
20867,10
20868,1
20870,14
20871,14
20873,7
20874,13
20876,7
20877,33
20880,11
20883,32
20884,2
20886,16
20887,6
20889,2
20890,18
20892,6
20893,17
20896,45
20899,20
20900,1
20902,17
20903,20
20905,9
20906,13
20908,9
20909,44
20912,18
20915,27
20916,7
20918,11
20919,8
20921,15
20922,22
20924,9
20925,15
20928,32
20931,19
20932,2
20934,18
20935,13
20937,14
20938,12
20940,7
20941,34
20944,23
20947,25
20948,6
20950,5
20951,7
20953,21
20954,23
20956,4
20957,12
20960,22
20963,16
20964,2
20966,30
20967,11
20969,9
20970,4
20972,8
20973,23
20976,24
20979,29
20980,8
20982,22
20983,9
20985,14
20986,26
20988,2
20989,19
20992,30
20995,27
20996,3
20998,23
20999,9
21001,6
21002,17
21004,8
21005,30
21008,25
21011,20
21012,4
21014,15
21015,5
21017,15
21018,21
21020,4
21021,16
21024,40
21027,19
21028,2
21030,24
21031,13
21033,10
21034,10
21036,11
21037,27
21040,16
21043,38
21044,5
21046,16
21047,6
21049,12
21050,19
21052,8
21053,15
21056,25
21059,6
21060,5
21062,27
21063,13
21065,9
21066,6
21068,8
21069,17
21072,18
21075,23
21076,4
21078,10
21079,3
21081,13
21082,30
21084,4
21085,19
21088,31
21091,18
21092,3
21094,23
21095,13
21097,10
21098,12
21100,8
21101,30
21104,16
21107,28
21108,6
21110,16
21111,10
21113,11
21114,20
21116,6
21117,19
21120,37
21123,14
21124,9
21126,20
21127,14
21129,3
21130,18
21132,2
21133,30
21136,21
21139,28
21140,8
21142,9
21143,4
21145,15
21146,18
21148,4
21149,15
21152,29
21155,11
21156,3
21158,20
21159,5
21161,6
21162,13
21164,6
21165,26
21168,20
21171,24
21172,4
21174,11
21175,4
21177,16
21178,22
21180,4
21181,10
21184,30
21187,14
21188,3
21190,16
21191,13
21193,5
21194,10
21196,5
21197,27
21200,21
21203,20
21204,6
21206,14
21207,10
21209,14
21210,18
21212,2
21213,10
21216,26
21219,19
21220,5
21222,23
21223,13
21225,6
21226,12
21228,7
21229,24
21232,16
21235,33
21236,5
21238,12
21239,9
21241,16
21242,16
21244,4
21245,16
21248,27
21251,19
21252,5
21254,14
21255,14
21257,5
21258,8
21260,7
21261,23
21264,22
21267,17
21268,4
21270,16
21271,8
21273,7
21274,13
21276,2
21277,12
21280,32
21283,14
21284,6
21286,18
21287,10
21289,9
21290,16
21292,6
21293,24
21296,20
21299,32
21300,10
21302,14
21303,11
21305,14
21306,17
21308,7
21309,18
21312,28
21315,15
21316,5
21318,14
21319,7
21321,6
21322,11
21324,3
21325,24
21328,19
21331,18
21332,5
21334,16
21335,7
21337,16
21338,16
21340,5
21341,14
21344,29
21347,20
21348,4
21350,19
21351,10
21353,9
21354,5
21356,8
21357,27
21360,21
21363,32
21364,9
21366,12
21367,6
21369,11
21370,14
21372,4
21373,13
21376,35
21379,12
21382,13
21383,16
21385,13
21386,16
21388,5
21389,17
21392,17
21395,25
21396,7
21398,8
21399,6
21401,7
21402,22
21404,5
21405,13
21408,31
21411,14
21412,3
21414,23
21415,13
21417,8
21418,13
21420,4
21421,26
21424,14
21427,23
21428,3
21430,11
21431,8
21433,9
21434,17
21436,3
21437,16
21440,46
21443,16
21444,4
21446,25
21447,11
21449,10
21450,11
21452,7
21453,29
21456,20
21459,16
21460,8
21462,15
21463,9
21465,13
21466,16
21468,5
21469,18
21472,33
21475,13
21476,2
21478,21
21479,13
21481,8
21482,10
21484,6
21485,25
21488,27
21491,28
21492,8
21494,11
21495,3
21497,6
21498,19
21500,6
21501,17
21504,31
21507,13
21508,4
21510,23
21511,11
21513,9
21514,9
21516,3
21517,14
21520,22
21523,24
21524,6
21526,10
21527,7
21529,9
21530,20
21532,5
21533,5
21536,40
21539,19
21540,4
21542,20
21543,16
21545,5
21546,11
21548,6
21549,22
21552,17
21555,27
21556,9
21558,12
21559,11
21561,10
21562,22
21564,6
21565,15
21568,26
21571,16
21572,1
21574,14
21575,19
21577,12
21578,10
21580,5
21581,29
21584,21
21587,30
21588,4
21590,14
21591,10
21593,12
21594,23
21596,4
21597,19
21600,35
21603,16
21604,8
21606,17
21607,17
21609,7
21610,12
21612,7
21613,30
21616,22
21619,25
21620,7
21622,10
21623,6
21625,17
21626,17
21628,3
21629,15
21632,39
21635,12
21636,3
21638,22
21639,13
21641,5
21642,16
21644,8
21645,23
21648,22
21651,28
21652,3
21654,12
21655,10
21657,10
21658,18
21660,5
21661,14
21664,30
21667,10
21668,4
21670,15
21671,27
21673,10
21674,15
21676,6
21677,22
21680,17
21683,30
21684,4
21686,16
21687,15
21689,14
21690,30
21692,3
21693,15
21696,33
21699,14
21700,7
21702,21
21703,20
21705,5
21706,6
21708,6
21709,27
21712,17
21715,24
21716,4
21718,12
21719,4
21721,11
21722,21
21724,9
21725,15
21728,32
21731,16
21732,4
21734,13
21735,14
21737,5
21738,4
21740,9
21741,25
21744,18
21747,23
21748,10
21750,13
21751,2
21753,14
21754,17
21756,6
21757,22
21760,33
21763,15
21764,5
21766,22
21767,8
21769,9
21770,11
21772,9
21773,34
21776,17
21779,40
21780,5
21782,12
21783,5
21785,11
21786,21
21788,7
21789,14
21792,35
21795,11
21796,5
21798,21
21799,19
21801,5
21802,11
21804,9
21805,33
21808,27
21811,31
21812,8
21814,15
21815,5
21817,8
21818,20
21820,3
21821,10
21824,31
21827,15
21828,4
21830,19
21831,19
21833,10
21834,11
21836,16
21837,22
21840,28
21843,32
21844,7
21846,9
21847,7
21849,20
21850,26
21852,4
21853,14
21856,32
21859,16
21860,9
21862,20
21863,12
21865,9
21866,6
21868,6
21869,31
21872,27
21875,28
21876,4
21878,13
21879,7
21881,17
21882,20
21884,4
21885,22
21888,28
21891,8
21892,4
21894,21
21895,9
21897,4
21898,10
21900,8
21901,30
21904,27
21907,17
21908,3
21910,10
21911,6
21913,15
21914,25
21916,3
21917,13
21920,34
21923,16
21924,7
21926,21
21927,11
21929,8
21930,9
21932,8
21933,33
21936,18
21939,21
21940,6
21942,16
21943,8
21945,19
21946,22
21948,3
21949,14
21952,43
21955,18
21956,6
21958,14
21959,9
21961,8
21962,12
21964,5
21965,25
21968,20
21971,25
21972,2
21974,12
21975,14
21977,14
21978,20
21980,3
21981,15
21984,36
21987,16
21988,6
21990,17
21991,18
21993,7
21994,17
21996,4
21997,27
22000,20
22003,33
22004,13
22006,11
22007,9
22009,21
22010,18
22012,3
22013,18
22016,40
22019,15
22020,1
22022,30
22023,15
22025,7
22026,8
22028,8
22029,32
22032,15
22035,27
22036,6
22038,7
22039,6
22041,11
22042,18
22044,3
22045,9
22048,36
22051,14
22052,2
22054,16
22055,14
22057,10
22058,14
22060,8
22061,26
22064,17
22067,16
22068,9
22070,16
22071,11
22073,13
22074,25
22076,4
22077,18
22080,41
22083,19
22084,5
22086,26
22087,9
22089,8
22090,6
22092,5
22093,18
22096,23
22099,30
22100,10
22102,16
22103,5
22105,17
22106,20
22108,6
22109,8
22112,29
22115,14
22116,7
22118,25
22119,16
22121,5
22122,9
22124,9
22125,30
22128,12
22131,29
22132,7
22134,11
22135,7
22137,13
22138,23
22140,4
22141,19
22144,28
22147,26
22148,4
22150,16
22151,20
22153,7
22154,14
22156,4
22157,30
22160,21
22163,24
22164,8
22166,10
22167,7
22169,12
22170,19
22172,5
22173,15
22176,39
22179,14
22180,2
22182,19
22183,8
22185,8
22186,8
22188,6
22189,33
22192,20
22195,15
22196,5
22198,13
22199,10
22201,18
22202,9
22204,2
22205,11
22208,30
22211,19
22212,5
22214,17
22215,7
22217,5
22218,7
22220,6
22221,14
22224,14
22227,19
22228,5
22230,11
22231,7
22233,13
22234,16
22236,2
22237,16
22240,27
22243,14
22244,5
22246,20
22247,8
22249,12
22250,8
22252,4
22253,24
22256,16
22259,27
22260,8
22262,6
22263,16
22265,16
22266,12
22268,1
22269,25
22272,35
22275,17
22276,3
22278,13
22279,19
22281,13
22282,9
22284,4
22285,26
22288,23
22291,15
22292,2
22294,10
22295,3
22297,14
22298,27
22300,4
22301,16
22304,30
22307,9
22308,4
22310,18
22311,9
22313,9
22314,14
22316,5
22317,27
22320,15
22323,18
22324,9
22326,10
22327,11
22329,11
22330,21
22332,1
22333,8
22336,23
22339,20
22340,4
22342,13
22343,14
22345,7
22346,10
22348,10
22349,25
22352,24
22355,32
22356,10
22358,11
22359,3
22361,14
22362,16
22364,5
22365,18
22368,22
22371,15
22372,4
22374,17
22375,23
22377,3
22378,12
22380,4
22381,28
22384,20
22387,16
22388,8
22390,10
22391,12
22393,10
22394,24
22396,6
22397,14
22400,35
22403,21
22404,5
22406,20
22407,13
22409,7
22410,9
22412,1
22413,36
22416,21
22419,26
22420,7
22422,11
22423,16
22425,14
22426,18
22428,5
22429,21
22432,42
22435,15
22436,4
22438,23
22439,12
22441,7
22442,16
22444,8
22445,33
22448,21
22451,23
22452,8
22454,13
22455,4
22457,11
22458,19
22460,8
22461,14
22464,36
22467,19
22468,3
22470,17
22471,15
22473,11
22474,11
22476,4
22477,29
22480,26
22483,26
22484,7
22486,9
22487,9
22489,16
22490,16
22492,7
22493,20
22496,29
22499,19
22500,4
22502,28
22503,16
22505,5
22506,9
22508,7
22509,28
22512,17
22515,22
22516,10
22518,11
22519,8
22521,22
22522,21
22524,6
22525,16
22528,34
22531,9
22532,3
22534,20
22535,9
22537,8
22538,15
22540,8
22541,29
22544,30
22547,26
22548,7
22550,15
22551,9
22553,18
22554,16
22556,7
22557,19
22560,43
22563,16
22564,5
22566,19
22567,13
22569,3
22570,16
22572,4
22573,26
22576,15
22579,24
22580,9
22582,13
22583,8
22585,15
22586,21
22588,3
22589,19
22592,28
22595,12
22596,6
22598,18
22599,13
22601,7
22602,14
22604,6
22605,19
22608,23
22611,25
22612,4
22614,13
22615,4
22617,15
22618,21
22620,4
22621,14
22624,23
22627,17
22628,4
22630,24
22631,20
22633,10
22634,14
22636,8
22637,36
22640,21
22643,33
22644,4
22646,7
22647,7
22649,16
22650,26
22652,5
22653,15
22656,38
22659,16
22660,6
22662,23
22663,12
22665,7
22666,10
22668,8
22669,25
22672,24
22675,24
22676,5
22678,3
22679,14
22681,14
22682,21
22684,7
22685,15
22688,29
22691,15
22692,4
22694,10
22695,13
22697,6
22698,15
22700,7
22701,41
22704,27
22707,34
22708,5
22710,10
22711,6
22713,13
22714,28
22716,4
22717,18
22720,34
22723,10
22724,7
22726,27
22727,14
22729,7
22730,10
22732,5
22733,23
22736,13
22739,29
22740,13
22742,12
22743,9
22745,13
22746,18
22748,5
22749,15
22752,43
22755,17
22756,5
22758,18
22759,11
22761,11
22762,11
22764,5
22765,22
22768,27
22771,33
22772,10
22774,8
22775,9
22777,10
22778,26
22780,1
22781,16
22784,25
22787,12
22788,3
22790,24
22791,11
22793,8
22794,9
22796,7
22797,21
22800,19
22803,27
22804,1
22806,12
22807,8
22809,10
22810,19
22812,3
22813,12
22816,35
22819,11
22820,5
22822,16
22823,11
22825,9
22826,10
22828,6
22829,18
22832,21
22835,28
22836,6
22838,15
22839,7
22841,19
22842,20
22844,3
22845,14
22848,35
22851,20
22852,4
22854,21
22855,11
22857,7
22858,11
22860,6
22861,19
22864,24
22867,19
22868,3
22870,9
22871,11
22873,7
22874,18
22876,4
22877,23
22880,34
22883,13
22884,5
22886,23
22887,10
22889,7
22890,15
22892,6
22893,36
22896,22
22899,31
22900,6
22902,9
22903,8
22905,14
22906,25
22908,4
22909,16
22912,36
22915,19
22916,2
22918,15
22919,9
22921,8
22922,12
22924,10
22925,20
22928,12
22931,25
22932,8
22934,15
22935,6
22937,12
22938,25
22940,5
22941,13
22944,36
22947,16
22948,5
22950,18
22951,19
22953,10
22954,12
22956,7
22957,18
22960,17
22963,29
22964,5
22966,11
22967,11
22969,17
22970,19
22972,2
22973,14
22976,41
22979,19
22980,2
22982,22
22983,12
22985,6
22986,22
22988,9
22989,33
22992,20
22995,33
22996,5
22998,13
22999,6
23001,13
23002,20
23004,4
23005,22
23008,35
23011,13
23012,4
23014,25
23015,16
23017,7
23018,8
23020,7
23021,24
23024,20
23027,18
23028,7
23030,14
23031,4
23033,17
23034,13
23036,6
23037,14
23040,26
23043,9
23044,3
23046,23
23047,11
23049,10
23050,12
23052,11
23053,25
23056,20
23059,29
23060,7
23062,9
23063,12
23065,8
23066,23
23068,5
23069,20
23072,26
23075,11
23076,4
23078,17
23079,12
23081,8
23082,12
23084,8
23085,21
23088,21
23091,19
23092,9
23094,11
23095,7
23097,15
23098,16
23100,3
23101,17
23104,28
23107,18
23108,4
23110,21
23111,14
23113,5
23114,13
23116,9
23117,21
23120,23
23123,25
23124,3
23126,19
23127,8
23129,15
23130,24
23132,3
23133,19
23136,41
23139,12
23140,4
23142,19
23143,9
23145,6
23146,7
23148,6
23149,28
23152,22
23155,31
23156,9
23158,7
23159,12
23161,11
23162,16
23164,5
23165,13
23168,30
23171,12
23172,1
23174,18
23175,12
23177,2
23178,11
23180,9
23181,21
23184,23
23187,25
23188,9
23190,10
23191,8
23193,10
23194,13
23196,7
23197,18
23200,39
23203,15
23204,6
23206,13
23207,11
23209,10
23210,9
23212,7
23213,36
23216,19
23219,27
23220,7
23222,14
23223,10
23225,17
23226,11
23228,5
23229,18
23232,30
23235,16
23236,5
23238,11
23239,16
23241,6
23242,11
23244,5
23245,28
23248,14
23251,34
23252,8
23254,16
23255,5
23257,15
23258,25
23260,6
23261,16
23264,36
23267,10
23268,2
23270,18
23271,9
23273,5
23274,17
23276,5
23277,32
23280,15
23283,34
23284,6
23286,16
23287,2
23289,15
23290,32
23292,3
23293,15
23296,37
23299,21
23300,6
23302,22
23303,10
23305,8
23306,9
23308,9
23309,33
23312,29
23315,35
23316,7
23318,14
23319,12
23321,19
23322,26
23324,6
23325,16
23328,29
23331,18
23332,10
23334,17
23335,19
23337,7
23338,12
23340,5
23341,31
23344,20
23347,34
23348,7
23350,7
23351,8
23353,14
23354,28
23356,2
23357,12
23360,42
23363,17
23364,3
23366,26
23367,12
23369,9
23370,5
23372,6
23373,24
23376,16
23379,21
23380,7
23382,8
23383,7
23385,15
23386,26
23388,6
23389,16
23392,33
23395,9
23396,5
23398,28
23399,8
23401,7
23402,13
23404,2
23405,26
23408,18
23411,19
23412,4
23414,12
23415,11
23417,14
23418,20
23420,5
23421,12
23424,31
23427,16
23428,1
23430,21
23431,14
23433,6
23434,5
23436,7
23437,24
23440,24
23443,44
23444,5
23446,16
23447,11
23449,11
23450,26
23452,3
23453,12
23456,44
23459,16
23462,26
23463,7
23465,8
23466,10
23468,5
23469,32
23472,25
23475,31
23476,7
23478,17
23479,9
23481,18
23482,20
23484,7
23485,21
23488,31
23491,10
23492,7
23494,16
23495,16
23497,8
23498,8
23500,10
23501,31
23504,21
23507,31
23508,5
23510,15
23511,8
23513,9
23514,34
23516,2
23517,15
23520,45
23523,17
23524,7
23526,40
23527,24
23529,5
23530,11
23532,5
23533,29
23536,19
23539,29
23540,6
23542,9
23543,7
23545,11
23546,24
23548,2
23549,15
23552,45
23555,13
23556,3
23558,23
23559,11
23561,7
23562,11
23564,3
23565,24
23568,23
23571,29
23572,7
23574,20
23575,9
23577,14
23578,20
23580,2
23581,13
23584,32
23587,17
23588,1
23590,25
23591,17
23593,5
23594,16
23596,8
23597,36
23600,17
23603,22
23604,7
23606,9
23607,11
23609,19
23610,17
23612,3
23613,14
23616,36
23619,15
23620,6
23622,19
23623,11
23625,11
23626,10
23628,7
23629,28
23632,29
23635,24
23636,6
23638,21
23639,4
23641,13
23642,14
23644,8
23645,16
23648,37
23651,10
23652,4
23654,19
23655,17
23657,7
23658,19
23660,9
23661,25
23664,17
23667,25
23668,3
23670,10
23671,7
23673,10
23674,14
23676,4
23677,14
23680,42
23683,14
23686,24
23687,12
23689,10
23690,9
23692,9
23693,33
23696,22
23699,30
23700,6
23702,9
23703,11
23705,13
23706,25
23708,6
23709,11
23712,39
23715,18
23716,3
23718,19
23719,19
23721,5
23722,14
23724,7
23725,25
23728,27
23731,17
23732,12
23734,17
23735,10
23737,20
23738,13
23740,3
23741,21
23744,23
23747,13
23748,6
23750,22
23751,14
23753,5
23754,9
23756,6
23757,25
23760,21
23763,30
23764,8
23766,8
23767,6
23769,12
23770,19
23773,15
23776,25
23779,11
23780,3
23782,19
23783,16
23785,7
23786,12
23788,4
23789,25
23792,22
23795,30
23796,4
23798,13
23799,6
23801,14
23802,21
23804,2
23805,19
23808,35
23811,20
23812,3
23814,22
23815,12
23817,7
23818,14
23820,2
23821,35
23824,15
23827,24
23828,7
23830,14
23831,10
23833,16
23834,17
23836,3
23837,12
23840,24
23843,12
23844,7
23846,14
23847,13
23849,4
23850,9
23852,4
23853,31
23856,20
23859,27
23860,5
23862,9
23863,9
23865,11
23866,17
23868,2
23869,14
23872,35
23875,12
23876,1
23878,16
23879,11
23881,8
23882,12
23884,7
23885,30
23888,16
23891,19
23892,8
23894,13
23895,11
23897,14
23898,18
23900,8
23901,10
23904,33
23907,14
23908,4
23910,28
23911,15
23913,7
23914,15
23916,4
23917,23
23920,20
23923,24
23924,7
23926,16
23927,3
23929,17
23930,18
23932,4
23933,24
23936,40
23939,19
23940,5
23942,18
23943,15
23945,9
23946,11
23948,4
23949,25
23952,16
23955,26
23956,9
23958,17
23959,6
23961,17
23962,24
23964,3
23965,19
23968,35
23971,19
23972,4
23974,14
23975,7
23977,11
23978,9
23980,8
23981,26
23984,21
23987,25
23988,9
23990,13
23991,4
23993,15
23994,20
23996,4
23997,20
24000,40
24003,8
24004,1
24006,26
24007,11
24009,5
24010,7
24012,2
24013,19
24016,12
24019,24
24020,4
24022,14
24023,4
24025,17
24026,19
24028,5
24029,21
24032,37
24035,19
24038,19
24039,9
24041,5
24042,16
24044,12
24045,30
24048,19
24051,28
24052,8
24054,10
24055,4
24057,13
24058,18
24060,6
24061,14
24064,38
24067,10
24068,5
24070,23
24071,14
24073,12
24074,12
24076,5
24077,23
24080,21
24083,34
24084,9
24086,11
24087,6
24089,10
24090,16
24092,5
24093,12
24096,26
24099,23
24100,3
24102,23
24103,15
24105,4
24106,10
24108,4
24109,23
24112,14
24115,38
24116,11
24118,9
24119,6
24121,16
24122,26
24124,5
24125,20
24128,31
24131,13
24132,5
24134,15
24135,19
24137,10
24138,7
24140,9
24141,32
24144,24
24147,29
24148,5
24150,13
24151,12
24153,26
24154,21
24156,3
24157,23
24160,45
24163,25
24164,2
24166,30
24167,12
24169,3
24170,13
24172,4
24173,33
24176,21
24179,28
24180,10
24182,13
24183,9
24185,11
24186,22
24188,4
24189,20
24192,33
24195,15
24196,7
24198,17
24199,16
24201,8
24202,11
24204,7
24205,25
24208,16
24211,30
24212,6
24214,8
24215,7
24217,15
24218,23
24220,4
24221,17
24224,23
24227,15
24228,8
24230,17
24231,11
24233,10
24234,12
24236,6
24237,27
24240,26
24243,27
24244,4
24246,13
24247,8
24249,11
24250,12
24252,3
24253,16
24256,41
24259,9
24260,5
24262,25
24263,15
24265,9
24266,16
24268,6
24269,27
24272,24
24275,22
24276,9
24278,6
24279,7
24281,16
24282,16
24284,5
24285,16
24288,47
24291,20
24292,3
24294,19
24295,20
24297,8
24298,11
24300,7
24301,21
24304,18
24307,40
24308,8
24310,18
24311,9
24313,13
24314,25
24316,3
24317,10
24320,38
24323,14
24324,3
24326,19
24327,15
24329,11
24330,18
24332,6
24333,34
24336,22
24339,26
24340,7
24342,18
24343,11
24345,19
24346,23
24348,7
24349,14
24352,46
24355,20
24356,3
24358,29
24359,21
24361,7
24362,14
24364,8
24365,26
24368,23
24371,21
24372,6
24374,7
24375,8
24377,17
24378,35
24380,3
24381,12
24384,26
24387,21
24388,6
24390,22
24391,12
24393,11
24394,15
24396,4
24397,28
24400,20
24403,33
24404,6
24406,12
24407,8
24409,13
24410,17
24412,9
24413,17
24416,38
24419,18
24420,5
24422,20
24423,8
24425,12
24426,12
24428,4
24429,21
24432,22
24435,28
24436,8
24438,10
24439,12
24441,18
24442,25
24444,7
24445,20
24448,40
24451,25
24452,1
24454,27
24455,19
24457,8
24458,13
24460,6
24461,22
24464,7
24467,24
24468,4
24470,14
24471,7
24473,11
24474,27
24476,2
24477,15
24480,46
24483,12
24484,1
24486,12
24487,17
24489,12
24490,15
24492,9
24493,27
24496,18
24499,20
24500,5
24502,9
24503,12
24505,14
24506,23
24508,3
24509,12
24512,30
24515,15
24516,3
24518,26
24519,9
24521,8
24522,10
24524,8
24525,41
24528,28
24531,34
24532,4
24534,11
24535,9
24537,7
24538,28
24540,4
24541,24
24544,33
24547,14
24548,4
24550,34
24551,9
24553,8
24554,8
24556,5
24557,14
24560,15
24563,23
24564,6
24566,8
24567,7
24569,16
24570,17
24572,6
24573,21
24576,50
24579,15
24580,6
24582,21
24583,14
24585,14
24586,8
24588,3
24589,28
24592,16
24595,28
24596,8
24598,13
24599,10
24601,10
24602,17
24604,7
24605,18
24608,26
24611,25
24612,4
24614,27
24615,9
24617,1
24618,15
24620,4
24621,28
24624,21
24627,26
24628,8
24630,14
24631,5
24633,16
24634,20
24636,1
24637,17
24640,18
24643,18
24644,1
24646,18
24647,10
24649,3
24650,6
24652,11
24653,30
24656,14
24659,22
24660,7
24662,12
24663,10
24665,5
24666,18
24668,4
24669,24
24672,36
24675,18
24676,5
24678,20
24679,12
24681,7
24682,11
24684,11
24685,28
24688,24
24691,23
24692,2
24694,12
24695,8
24697,8
24698,20
24700,7
24701,16
24704,26
24707,16
24708,1
24710,15
24711,16
24713,5
24714,10
24716,5
24717,31
24720,19
24723,34
24724,2
24726,7
24727,10
24729,16
24730,18
24732,2
24733,15
24736,21
24739,21
24740,8
24742,19
24743,11
24745,9
24746,12
24748,10
24749,24
24752,26
24755,31
24756,6
24758,8
24759,6
24761,12
24762,23
24764,4
24765,15
24768,31
24771,18
24772,3
24774,23
24775,21
24777,10
24778,7
24780,5
24781,21
24784,18
24787,41
24788,5
24790,10
24791,8
24793,11
24794,18
24796,6
24797,17
24800,29
24803,17
24804,3
24806,20
24807,9
24809,10
24810,13
24812,7
24813,22
24816,17
24819,33
24820,9
24822,7
24823,6
24825,13
24826,18
24828,4
24829,13
24832,36
24835,8
24836,5
24838,26
24839,7
24841,3
24842,8
24844,1
24845,30
24848,16
24851,30
24852,9
24854,11
24855,11
24857,16
24858,17
24860,4
24861,22
24864,33
24867,20
24868,4
24870,18
24871,23
24873,7
24874,16
24876,7
24877,35
24880,21
24883,29
24884,7
24886,9
24887,9
24889,17
24890,15
24892,7
24893,12
24896,53
24899,14
24900,3
24902,20
24903,9
24905,6
24906,12
24908,9
24909,32
24912,19
24915,22
24916,12
24918,15
24919,6
24921,18
24922,21
24924,6
24925,12
24928,40
24931,19
24932,4
24934,22
24935,10
24937,7
24938,12
24940,4
24941,37
24944,15
24947,28
24948,2
24950,4
24951,5
24953,17
24954,21
24956,2
24957,16
24960,41
24963,19
24964,5
24966,18
24967,10
24969,9
24970,15
24972,6
24973,28
24976,24
24979,18
24980,11
24982,10
24983,5
24985,14
24986,16
24988,6
24989,21
24992,34
24995,22
24996,4
24998,30
24999,13
25001,11
25002,17
25004,8
25005,30
25008,20
25011,27
25012,4
25014,13
25015,6
25017,9
25018,14
25020,3
25021,18
25024,28
25027,18
25028,5
25030,29
25031,15
25033,12
25034,20
25036,8
25037,27
25040,16
25043,33
25044,4
25046,9
25047,6
25049,10
25050,25
25052,4
25053,18
25056,21
25059,27
25060,6
25062,23
25063,11
25065,8
25066,18
25068,6
25069,28
25072,25
25075,27
25076,11
25078,13
25079,8
25081,22
25082,20
25084,5
25085,28
25088,42
25091,20
25092,2
25094,21
25095,10
25097,4
25098,16
25100,9
25101,35
25104,23
25107,30
25108,11
25110,18
25111,13
25113,18
25114,21
25116,6
25117,11
25120,46
25123,18
25124,2
25126,22
25127,9
25129,6
25130,8
25132,6
25133,27
25136,26
25139,26
25140,12
25142,12
25143,11
25145,16
25146,23
25148,4
25149,12
25152,34
25155,13
25156,2
25158,27
25159,16
25161,5
25162,14
25164,8
25165,28
25168,25
25171,39
25172,3
25174,17
25175,10
25177,11
25178,12
25180,7
25181,17
25184,45
25187,18
25188,4
25190,26
25191,12
25193,11
25194,10
25196,8
25197,26
25200,10
25203,34
25204,10
25206,14
25207,3
25209,12
25210,24
25212,3
25213,8
25216,32
25219,14
25220,6
25222,13
25223,13
25225,9
25226,10
25228,3
25229,27
25232,21
25235,25
25236,6
25238,21
25239,12
25241,14
25242,21
25244,8
25245,12
25248,42
25251,15
25252,2
25254,27
25255,12
25257,4
25258,9
25260,6
25261,22
25264,18
25267,28
25268,6
25270,10
25271,7
25273,18
25274,27
25276,3
25277,13
25280,31
25283,20
25284,4
25286,21
25287,13
25289,10
25290,12
25292,10
25293,30
25296,23
25299,33
25300,5
25302,14
25303,4
25305,4
25306,27
25308,1
25309,19
25312,23
25315,13
25316,8
25318,24
25319,15
25321,14
25322,8
25324,9
25325,18
25328,15
25331,30
25332,12
25334,5
25335,6
25337,11
25338,21
25340,5
25341,17
25344,33
25347,15
25348,4
25350,20
25351,11
25353,7
25354,7
25356,10
25357,27
25360,15
25363,24
25364,10
25366,12
25367,5
25369,18
25370,22
25372,3
25373,11
25376,37
25379,15
25380,3
25382,19
25383,14
25385,6
25386,13
25388,5
25389,28
25392,16
25395,22
25396,4
25398,11
25399,11
25401,13
25402,32
25404,7
25405,25
25408,45
25411,16
25412,1
25414,14
25415,9
25417,12
25418,5
25420,9
25421,24
25424,16
25427,23
25428,5
25430,8
25431,7
25433,10
25434,22
25436,2
25437,19
25440,32
25443,21
25444,3
25446,23
25447,12
25449,6
25450,12
25452,6
25453,33
25456,24
25459,21
25460,5
25462,13
25463,9
25465,13
25466,19
25468,2
25469,12
25472,34
25475,23
25476,3
25478,18
25479,15
25481,11
25482,10
25484,9
25485,32
25488,16
25491,26
25492,4
25494,10
25495,14
25497,11
25498,17
25500,4
25501,15
25504,21
25507,18
25508,3
25510,15
25511,9
25513,4
25514,7
25516,5
25517,15
25520,14
25523,34
25524,3
25526,12
25527,5
25529,16
25530,13
25532,2
25533,20
25536,22
25539,8
25540,6
25542,22
25543,8
25545,6
25546,13
25548,6
25549,19
25552,15
25555,27
25556,3
25558,12
25559,7
25561,16
25562,21
25564,4
25565,15
25568,29
25571,11
25572,2
25574,12
25575,14
25577,9
25578,11
25580,4
25581,25
25584,19
25587,18
25588,2
25590,13
25591,9
25593,11
25594,21
25596,6
25597,19
25600,30
25603,16
25604,6
25606,17
25607,6
25609,4
25610,11
25612,4
25613,28
25616,16
25619,17
25620,8
25622,9
25623,8
25625,14
25626,14
25628,4
25629,9
25632,31
25635,7
25636,6
25638,15
25639,7
25641,7
25642,13
25644,4
25645,33
25648,13
25651,28
25652,5
25654,16
25655,10
25657,11
25658,11
25660,6
25661,11
25664,43
25667,18
25668,6
25670,22
25671,13
25673,5
25674,7
25676,8
25677,30
25680,10
25683,23
25684,4
25686,9
25687,9
25689,8
25690,20
25692,4
25693,19
25696,40
25699,11
25700,5
25702,17
25703,12
25705,10
25706,10
25708,10
25709,24
25712,15
25715,29
25716,6
25718,16
25719,9
25721,12
25722,26
25724,5
25725,14
25728,29
25731,13
25732,4
25734,29
25735,13
25737,9
25738,13
25740,6
25741,24
25744,20
25747,32
25748,9
25750,11
25751,8
25753,16
25754,18
25756,4
25757,19
25760,38
25763,13
25764,2
25766,14
25767,18
25769,7
25770,6
25772,5
25773,20
25776,19
25779,25
25780,3
25782,17
25783,7
25785,11
25786,28
25788,4
25789,24
25792,29
25795,23
25796,3
25798,14
25799,17
25801,6
25802,11
25804,8
25805,20
25808,16
25811,27
25812,7
25814,10
25815,7
25817,9
25818,20
25820,1
25821,16
25824,43
25827,16
25828,5
25830,19
25831,4
25833,5
25834,11
25836,4
25837,18
25840,23
25843,38
25844,6
25846,10
25847,6
25849,13
25850,22
25852,2
25853,18
25856,25
25859,18
25860,10
25862,27
25863,9
25865,6
25866,10
25868,1
25869,21
25872,23
25875,16
25876,5
25878,6
25879,1
25881,15
25882,28
25884,3
25885,26
25888,22
25891,11
25892,3
25894,15
25895,20
25897,5
25898,11
25900,7
25901,26
25904,16
25907,14
25908,2
25910,13
25911,5
25913,9
25914,15
25916,6
25917,19
25920,33
25923,14
25924,2
25926,17
25927,14
25929,10
25930,11
25932,10
25933,28
25936,15
25939,33
25940,9
25942,14
25943,13
25945,9
25946,24
25949,13
25952,24
25955,16
25956,2
25958,21
25959,12
25961,6
25962,14
25964,9
25965,23
25968,23
25971,21
25972,10
25974,12
25975,4
25977,7
25978,15
25980,2
25981,13
25984,31
25987,17
25988,3
25990,14
25991,12
25993,6
25994,17
25996,10
25997,25
26000,17
26003,28
26004,6
26006,11
26007,8
26009,8
26010,17
26012,4
26013,9
26016,32
26019,15
26020,3
26022,20
26023,12
26025,8
26026,15
26028,5
26029,28
26032,19
26035,23
26036,6
26038,14
26039,14
26041,8
26042,32
26044,3
26045,7
26048,30
26051,12
26052,1
26054,14
26055,15
26057,4
26058,10
26060,4
26061,24
26064,15
26067,19
26068,1
26070,15
26071,3
26073,13
26074,26
26076,5
26077,17
26080,37
26083,20
26084,1
26086,13
26087,13
26089,8
26090,18
26092,5
26093,22
26096,24
26099,21
26100,6
26102,14
26103,9
26105,10
26106,19
26108,3
26109,19
26112,28
26115,13
26116,5
26118,19
26119,4
26121,5
26122,10
26124,8
26125,22
26128,25
26131,26
26132,7
26134,5
26135,10
26137,10
26138,13
26140,2
26141,5
26144,25
26147,24
26150,16
26151,11
26153,11
26154,14
26156,4
26157,26
26160,20
26163,25
26164,10
26166,8
26167,10
26169,4
26170,20
26172,5
26173,15
26176,33
26179,19
26180,4
26182,12
26183,8
26185,9
26186,11
26188,7
26189,23
26192,18
26195,20
26196,5
26198,10
26199,8
26201,10
26202,14
26204,3
26205,12
26208,25
26211,7
26212,4
26214,14
26215,12
26217,10
26218,5
26220,9
26221,17
26224,18
26227,23
26228,7
26230,12
26231,4
26233,10
26234,25
26236,4
26237,9
26240,31
26243,14
26244,2
26246,18
26247,12
26249,7
26250,14
26252,8
26253,28
26256,18
26259,22
26260,6
26262,8
26263,6
26265,14
26266,15
26268,7
26269,24
26272,32
26275,15
26276,6
26278,19
26279,9
26281,8
26282,10
26284,9
26285,24
26288,14
26291,26
26292,7
26294,10
26295,7
26297,15
26298,21
26300,1
26301,10
26304,28
26307,10
26308,1
26310,19
26311,6
26313,2
26314,9
26316,13
26317,30
26320,17
26323,27
26324,6
26326,7
26327,3
26329,14
26330,17
26332,8
26333,11
26336,26
26339,11
26340,4
26342,23
26343,9
26345,3
26346,13
26348,6
26349,24
26352,14
26355,35
26356,8
26358,7
26359,7
26361,10
26362,15
26364,1
26365,5
26368,21
26371,13
26372,5
26374,18
26375,17
26377,9
26378,6
26380,7
26381,30
26384,16
26387,23
26388,5
26390,5
26391,7
26393,13
26394,23
26396,7
26397,17
26400,31
26403,14
26404,6
26406,23
26407,17
26409,10
26410,13
26412,6
26413,35
26416,21
26419,22
26420,9
26422,16
26423,5
26425,11
26426,15
26428,2
26429,10
26432,38
26435,14
26436,5
26438,16
26439,12
26441,5
26442,17
26444,4
26445,25
26448,12
26451,22
26452,11
26454,12
26455,5
26457,11
26458,16
26460,5
26461,12
26464,29
26467,10
26468,5
26470,16
26471,13
26473,4
26474,6
26476,6
26477,22
26480,14
26483,18
26484,8
26486,14
26487,10
26489,10
26490,16
26492,3
26493,15
26496,31
26499,9
26500,2
26502,20
26503,15
26505,8
26506,5
26508,5
26509,28
26512,25
26515,30
26516,6
26518,16
26519,4
26521,13
26522,14
26524,4
26525,16
26528,32
26531,12
26532,6
26534,20
26535,14
26537,13
26538,9
26540,9
26541,22
26544,24
26547,24
26548,3
26550,5
26551,4
26553,11
26554,23
26556,3
26557,13
26560,40
26563,15
26564,4
26566,20
26567,11
26569,6
26570,14
26572,6
26573,24
26576,25
26579,24
26580,5
26582,13
26583,6
26585,12
26586,20
26588,1
26589,10
26592,21
26595,19
26596,2
26598,14
26599,10
26601,5
26602,10
26604,6
26605,24
26608,19
26611,42
26612,11
26614,17
26615,3
26617,9
26618,16
26620,4
26621,14
26624,31
26627,22
26628,7
26630,22
26631,8
26633,4
26634,12
26636,7
26637,30
26640,6
26643,26
26644,5
26646,14
26647,8
26649,13
26650,11
26652,4
26653,14
26656,36
26659,17
26660,1
26662,22
26663,15
26665,4
26666,14
26668,7
26669,20
26672,19
26675,24
26676,9
26678,17
26679,7
26681,9
26682,18
26684,7
26685,24
26688,33
26691,18
26692,5
26694,25
26695,19
26697,9
26698,15
26700,5
26701,16
26704,13
26707,26
26708,6
26710,12
26711,10
26713,19
26714,27
26716,4
26717,16
26720,33
26723,13
26724,3
26726,16
26727,15
26729,12
26730,12
26732,2
26733,33
26736,22
26739,28
26740,7
26742,13
26743,10
26745,18
26746,15
26748,3
26749,6
26752,35
26755,15
26756,4
26758,13
26759,9
26761,7
26762,11
26764,7
26765,24
26768,24
26771,22
26772,13
26774,9
26775,11
26777,17
26778,15
26781,11
26784,32
26787,17
26788,6
26790,14
26791,19
26793,8
26794,6
26796,8
26797,25
26800,23
26803,28
26804,5
26806,12
26807,12
26809,10
26810,22
26812,4
26813,11
26816,37
26819,13
26822,22
26823,13
26825,10
26826,13
26828,8
26829,11
26832,28
26835,28
26836,6
26838,11
26839,7
26841,13
26842,23
26844,2
26845,14
26848,33
26851,12
26852,6
26854,19
26855,19
26857,5
26858,7
26860,5
26861,32
26864,18
26867,29
26868,4
26870,14
26871,8
26873,16
26874,19
26876,7
26877,12
26880,43
26883,21
26884,3
26886,17
26887,16
26889,5
26890,11
26892,8
26893,33
26896,24
26899,26
26900,7
26902,9
26903,6
26905,14
26906,17
26908,8
26909,20
26912,34
26915,11
26916,10
26918,13
26919,12
26921,6
26922,10
26924,5
26925,25
26928,17
26931,28
26932,5
26934,9
26935,9
26937,10
26938,24
26940,6
26941,15
26944,28
26947,14
26948,4
26950,13
26951,18
26953,7
26954,10
26956,8
26957,14
26960,18
26963,25
26964,6
26966,10
26967,8
26969,14
26970,9
26972,4
26973,19
26976,33
26979,8
26980,4
26982,18
26983,12
26985,4
26986,17
26988,11
26989,27
26992,27
26995,22
26996,6
26998,16
26999,5
27001,11
27002,14
27004,1
27005,17
27008,23
27011,15
27012,2
27014,18
27015,9
27017,4
27018,11
27020,8
27021,21
27024,19
27027,23
27028,8
27030,5
27031,6
27033,10
27034,20
27036,4
27037,17
27040,35
27043,9
27044,3
27046,25
27047,7
27049,9
27050,14
27052,6
27053,24
27056,14
27059,23
27060,3
27062,11
27063,4
27065,11
27066,22
27068,5
27069,16
27072,23
27075,10
27076,2
27078,16
27079,13
27081,6
27082,10
27084,5
27085,25
27088,23
27091,19
27092,3
27094,7
27095,4
27097,9
27098,17
27100,1
27101,18
27104,36
27107,15
27108,5
27110,19
27111,14
27113,6
27114,9
27116,8
27117,19
27120,11
27123,20
27124,6
27126,11
27127,7
27129,16
27130,18
27132,1
27133,14
27136,28
27139,14
27140,1
27142,14
27143,9
27145,8
27146,10
27148,9
27149,22
27152,13
27155,22
27156,2
27158,15
27159,5
27161,9
27162,13
27164,2
27165,13
27168,18
27171,10
27174,21
27175,8
27177,3
27178,12
27180,5
27181,20
27184,11
27187,13
27188,3
27190,14
27191,10
27193,9
27194,18
27196,1
27197,7
27200,34
27203,10
27204,1
27206,19
27207,7
27209,6
27210,15
27212,8
27213,23
27216,18
27219,17
27220,4
27222,13
27223,3
27225,10
27226,12
27228,4
27229,19
27232,24
27235,13
27236,3
27238,17
27239,8
27241,5
27242,4
27244,8
27245,20
27248,16
27251,18
27252,5
27254,15
27255,8
27257,5
27258,11
27260,1
27261,15
27264,23
27267,9
27268,3
27270,20
27271,8
27273,8
27274,11
27276,4
27277,19
27280,17
27283,18
27284,3
27286,10
27287,9
27289,12
27290,12
27292,3
27293,8
27296,28
27299,11
27300,2
27302,17
27303,4
27305,12
27306,4
27308,1
27309,20
27312,9
27315,16
27316,5
27318,15
27319,4
27321,10
27322,11
27325,9
27328,23
27331,13
27332,4
27334,21
27335,5
27337,6
27338,6
27340,3
27341,14
27344,14
27347,18
27348,2
27350,10
27351,7
27353,9
27354,13
27356,2
27357,11
27360,30
27363,12
27364,5
27366,14
27367,16
27369,5
27370,13
27372,7
27373,25
27376,9
27379,23
27380,6
27382,7
27383,5
27385,6
27386,10
27389,13
27392,23
27395,6
27396,2
27398,20
27399,13
27401,11
27402,4
27404,6
27405,19
27408,13
27411,21
27412,6
27414,6
27415,8
27417,10
27418,11
27420,1
27421,7
27424,29
27427,11
27428,3
27430,16
27431,9
27433,4
27434,6
27436,1
27437,18
27440,11
27443,22
27444,6
27446,10
27447,6
27449,7
27450,15
27452,3
27453,15
27456,35
27459,13
27460,4
27462,9
27463,9
27465,9
27466,9
27468,8
27469,22
27472,6
27475,25
27476,3
27478,10
27479,5
27481,11
27482,9
27484,5
27485,8
27488,19
27491,11
27492,5
27494,15
27495,6
27497,6
27498,14
27500,3
27501,20
27504,13
27507,16
27510,3
27511,5
27513,7
27514,13
27516,3
27517,10
27520,21
27523,12
27524,3
27526,15
27527,9
27529,5
27530,10
27532,6
27533,17
27536,10
27539,21
27540,4
27542,5
27543,9
27545,6
27546,12
27548,2
27549,8
27552,17
27555,10
27556,2
27558,15
27559,9
27561,7
27562,5
27564,5
27565,16
27568,9
27571,22
27572,6
27574,5
27575,7
27577,12
27578,19
27580,1
27581,9
27584,15
27587,11
27590,15
27591,7
27593,2
27594,9
27596,5
27597,10
27600,16
27603,17
27604,6
27606,10
27607,3
27609,11
27610,12
27612,2
27613,10
27616,17
27619,13
27620,1
27622,14
27623,8
27625,5
27626,11
27628,3
27629,17
27632,11
27635,17
27636,2
27638,6
27639,4
27641,13
27642,12
27644,5
27645,14
27648,29
27651,12
27652,1
27654,7
27655,11
27657,5
27658,3
27660,7
27661,11
27664,11
27667,12
27668,2
27670,8
27671,7
27673,14
27674,11
27676,2
27677,13
27680,20
27683,10
27684,1
27686,11
27687,11
27689,8
27690,8
27692,5
27693,16
27696,9
27699,17
27700,4
27702,3
27703,2
27705,9
27706,15
27708,1
27709,8
27712,15
27715,4
27716,2
27718,13
27719,6
27721,5
27722,10
27724,7
27725,20
27728,14
27731,12
27732,5
27734,8
27735,5
27737,7
27738,8
27740,4
27741,8
27744,22
27747,7
27748,2
27750,20
27751,7
27753,5
27754,5
27756,2
27757,21
27760,13
27763,11
27764,5
27766,8
27767,2
27769,11
27770,13
27772,3
27773,8
27776,29
27779,8
27780,1
27782,17
27783,6
27785,2
27786,10
27788,6
27789,17
27792,9
27795,11
27796,1
27798,3
27799,3
27801,5
27802,12
27804,4
27805,4
27808,25
27811,9
27812,3
27814,11
27815,2
27817,7
27818,4
27820,5
27821,10
27824,5
27827,9
27828,1
27830,5
27831,4
27833,11
27834,16
27836,4
27837,5
27840,21
27843,10
27846,15
27847,9
27849,7
27850,6
27852,2
27853,18
27856,9
27859,17
27860,2
27862,8
27863,4
27865,11
27866,12
27868,1
27869,5
27872,19
27875,16
27876,3
27878,13
27879,9
27881,4
27882,8
27884,3
27885,12
27888,13
27891,16
27892,4
27894,3
27895,8
27897,8
27898,6
27900,2
27901,6
27904,24
27907,6
27910,15
27911,8
27913,3
27914,9
27916,1
27917,10
27920,12
27923,25
27924,7
27926,7
27927,6
27929,11
27930,9
27932,2
27933,13
27936,16
27939,7
27940,3
27942,11
27943,5
27945,5
27946,4
27948,7
27949,16
27952,8
27955,15
27956,5
27958,7
27959,2
27961,11
27962,13
27964,3
27965,10
27968,18
27971,8
27972,3
27974,12
27975,10
27977,10
27978,2
27980,3
27981,14
27984,12
27987,15
27988,5
27990,6
27991,3
27993,7
27994,12
27996,3
27997,10
28000,23
28003,9
28006,11
28007,5
28009,6
28010,8
28012,3
28013,10
28016,16
28019,15
28020,7
28022,7
28023,5
28025,4
28026,19
28029,10
28032,20
28035,6
28036,1
28038,10
28039,10
28042,3
28044,7
28045,19
28048,11
28051,21
28052,7
28054,6
28055,8
28057,9
28058,9
28060,5
28061,8
28064,23
28067,13
28068,4
28070,11
28071,11
28073,3
28074,6
28076,4
28077,16
28080,11
28083,13
28084,3
28086,4
28087,3
28089,6
28090,12
28092,1
28093,14
28096,24
28099,10
28100,3
28102,11
28103,7
28105,6
28106,4
28108,3
28109,12
28112,15
28115,14
28116,5
28118,4
28119,3
28121,12
28122,14
28124,4
28125,8
28128,23
28131,15
28132,4
28134,10
28135,7
28138,5
28140,2
28141,13
28144,6
28147,10
28148,3
28150,11
28151,5
28153,9
28154,9
28156,2
28157,8
28160,19
28163,10
28164,7
28166,9
28167,6
28169,4
28170,2
28172,3
28173,18
28176,8
28179,21
28180,3
28182,4
28183,6
28185,7
28186,13
28189,7
28192,19
28195,10
28196,2
28198,5
28199,11
28201,9
28202,10
28204,2
28205,11
28208,18
28211,9
28214,5
28215,5
28217,7
28218,17
28220,3
28221,6
28224,22
28227,11
28228,4
28230,6
28231,9
28233,4
28234,9
28236,7
28237,10
28240,19
28243,11
28244,4
28246,4
28247,8
28249,8
28250,14
28252,1
28253,7
28256,11
28259,16
28260,2
28262,9
28263,2
28265,4
28266,8
28268,4
28269,16
28272,14
28275,10
28276,3
28278,2
28279,3
28281,11
28282,13
28284,2
28285,12
28288,17
28291,5
28292,2
28294,7
28295,4
28297,7
28298,8
28300,1
28301,20
28304,10
28307,16
28308,3
28310,8
28311,5
28313,8
28314,16
28316,2
28317,9
28320,27
28323,8
28324,1
28326,14
28327,9
28329,7
28330,14
28332,6
28333,21
28336,8
28339,18
28340,6
28342,8
28343,5
28345,8
28346,7
28348,4
28349,11
28352,16
28355,5
28356,3
28358,11
28359,12
28361,7
28362,5
28364,4
28365,11
28368,10
28371,9
28372,2
28374,5
28375,7
28377,10
28378,12
28380,1
28381,10
28384,19
28387,6
28388,3
28390,14
28391,8
28393,4
28394,9
28396,5
28397,11
28400,10
28403,15
28404,4
28406,9
28407,10
28409,7
28410,9
28412,1
28413,4
28416,16
28419,7
28420,2
28422,13
28423,6
28425,2
28426,9
28428,3
28429,18
28432,9
28435,12
28438,6
28439,4
28441,12
28442,11
28444,1
28445,12
28448,16
28451,4
28452,2
28454,13
28455,8
28457,4
28458,5
28460,2
28461,21
28464,11
28467,10
28468,4
28470,9
28471,8
28473,7
28474,14
28477,9
28480,14
28483,8
28484,2
28486,15
28487,6
28489,5
28490,12
28492,6
28493,16
28496,10
28499,16
28500,7
28502,6
28503,4
28505,8
28506,10
28508,4
28509,4
28512,23
28515,12
28516,1
28518,10
28519,6
28521,3
28522,8
28524,4
28525,18
28528,11
28531,17
28532,1
28534,4
28535,4
28537,12
28538,10
28540,4
28541,7
28544,19
28547,5
28548,1
28550,10
28551,5
28553,5
28554,7
28556,3
28557,15
28560,9
28563,12
28564,5
28566,9
28567,3
28569,9
28570,15
28572,3
28573,6
28576,23
28579,6
28580,2
28582,11
28583,12
28585,7
28586,13
28588,4
28589,14
28592,5
28595,11
28596,4
28598,3
28599,5
28601,6
28602,8
28604,1
28605,13
28608,19
28611,9
28612,3
28614,14
28615,3
28617,2
28618,4
28620,3
28621,14
28624,9
28627,18
28628,3
28630,9
28631,1
28633,10
28634,8
28636,3
28637,6
28640,15
28643,8
28644,2
28646,10
28647,7
28649,8
28650,6
28652,4
28653,19
28656,12
28659,19
28660,1
28662,5
28663,3
28665,7
28666,14
28668,3
28669,7
28672,17
28675,10
28676,4
28678,10
28679,10
28681,3
28682,7
28684,4
28685,17
28688,16
28691,16
28692,4
28694,9
28695,3
28697,5
28698,12
28700,3
28701,8
28704,19
28707,9
28708,1
28710,10
28711,5
28713,3
28714,7
28716,7
28717,15
28720,10
28723,15
28724,5
28726,6
28727,3
28729,9
28730,23
28732,2
28733,8
28736,15
28739,6
28740,2
28742,16
28743,11
28745,5
28746,14
28748,3
28749,16
28752,12
28755,16
28756,5
28758,7
28759,6
28761,6
28762,15
28764,3
28765,5
28768,15
28771,10
28772,2
28774,14
28775,6
28777,7
28778,3
28781,8
28784,9
28787,18
28788,2
28790,1
28791,5
28793,6
28794,17
28796,2
28797,13
28800,14
28803,8
28804,3
28806,14
28807,3
28809,5
28810,9
28812,8
28813,11
28816,6
28819,11
28820,2
28822,4
28823,2
28825,9
28826,9
28828,2
28829,10
28832,20
28835,7
28836,4
28838,10
28839,10
28841,5
28842,5
28844,3
28845,17
28848,12
28851,12
28852,1
28854,6
28855,3
28857,7
28858,19
28860,4
28861,8
28864,26
28867,9
28868,2
28870,15
28871,8
28873,4
28874,7
28876,2
28877,15
28880,12
28883,18
28884,1
28886,4
28887,2
28889,6
28890,10
28892,2
28893,6
28896,19
28899,9
28900,1
28902,15
28903,9
28905,1
28906,10
28908,4
28909,16
28912,8
28915,16
28916,4
28918,8
28919,1
28921,10
28922,10
28925,7
28928,21
28931,5
28934,5
28935,6
28937,1
28938,6
28940,4
28941,13
28944,14
28947,16
28948,4
28950,4
28951,5
28953,6
28954,6
28956,4
28957,8
28960,14
28963,8
28966,7
28967,9
28969,4
28970,11
28972,2
28973,19
28976,13
28979,9
28980,5
28982,2
28983,2
28985,10
28986,10
28988,1
28989,8
28992,14
28995,12
28996,4
28998,11
28999,6
29001,3
29002,4
29004,4
29005,15
29008,18
29011,17
29012,3
29014,10
29015,3
29017,4
29018,13
29020,1
29021,15
29024,19
29027,11
29028,2
29030,11
29031,11
29033,3
29034,11
29036,3
29037,11
29040,10
29043,11
29044,3
29046,2
29047,3
29049,5
29050,8
29052,2
29053,10
29056,19
29059,12
29060,1
29062,13
29063,8
29065,4
29066,7
29068,1
29069,16
29072,10
29075,11
29076,2
29078,7
29079,6
29081,6
29082,6
29084,1
29085,12
29088,15
29091,3
29092,3
29094,10
29095,8
29097,1
29098,7
29100,6
29101,19
29104,14
29107,16
29108,5
29110,10
29111,2
29113,8
29114,11
29116,2
29117,8
29120,20
29123,11
29124,3
29126,15
29127,11
29129,3
29130,8
29132,3
29133,13
29136,9
29139,16
29140,3
29142,10
29143,5
29145,1
29146,9
29149,5
29152,18
29155,5
29156,1
29158,13
29159,5
29161,5
29162,9
29164,6
29165,16
29168,15
29171,12
29172,4
29174,14
29175,5
29177,7
29178,14
29180,1
29181,4
29184,19
29187,10
29188,3
29190,7
29191,6
29194,5
29196,7
29197,19
29200,14
29203,23
29204,3
29206,3
29207,3
29209,9
29210,15
29212,1
29213,12
29216,11
29219,2
29220,2
29222,13
29223,16
29225,5
29226,7
29228,4
29229,9
29232,10
29235,11
29236,4
29238,5
29239,1
29241,10
29242,18
29244,1
29245,12
29248,17
29251,11
29252,1
29254,16
29255,14
29257,3
29258,5
29260,7
29261,19
29264,12
29267,11
29268,2
29270,3
29271,3
29273,11
29274,10
29276,3
29277,5
29280,18
29283,8
29284,2
29286,18
29287,4
29289,5
29290,10
29292,2
29293,15
29296,14
29299,15
29300,3
29302,10
29303,4
29305,7
29306,10
29308,1
29309,11
29312,20
29315,7
29316,3
29318,9
29319,3
29321,2
29322,8
29324,1
29325,7
29328,5
29331,16
29332,4
29334,4
29335,5
29337,7
29338,12
29340,1
29341,11
29344,24
29347,7
29348,1
29350,22
29351,11
29353,1
29354,4
29356,5
29357,12
29360,10
29363,15
29364,8
29366,5
29367,9
29369,4
29370,10
29372,2
29373,3
29376,21
29379,17
29380,1
29382,15
29383,7
29385,1
29386,3
29388,4
29389,12
29392,8
29395,8
29396,3
29398,7
29399,3
29401,9
29402,13
29404,2
29405,4
29408,27
29411,11
29412,1
29414,8
29415,6
29417,7
29418,2
29420,3
29421,18
29424,14
29427,11
29428,1
29430,5
29431,6
29433,9
29434,8
29436,2
29437,7
29440,19
29443,7
29446,15
29447,5
29449,7
29450,4
29452,1
29453,10
29456,20
29459,11
29460,3
29462,3
29463,4
29465,6
29466,13
29468,1
29469,6
29472,19
29475,7
29476,1
29478,5
29479,9
29481,6
29482,4
29484,3
29485,18
29488,11
29491,14
29492,2
29494,1
29495,5
29497,4
29498,7
29500,3
29501,8
29504,16
29507,10
29508,1
29510,10
29511,6
29513,8
29514,5
29516,6
29517,10
29520,7
29523,14
29524,5
29526,7
29527,1
29529,4
29530,16
29532,2
29533,6
29536,18
29539,4
29540,1
29542,14
29543,6
29545,2
29546,9
29548,5
29549,14
29552,7
29555,14
29556,3
29558,10
29559,2
29561,12
29562,16
29564,3
29565,7
29568,17
29571,7
29572,2
29574,9
29575,8
29577,5
29578,6
29580,6
29581,17
29584,14
29587,14
29588,1
29590,10
29591,4
29593,7
29594,9
29596,3
29597,4
29600,14
29603,6
29604,5
29606,6
29607,5
29609,2
29610,3
29612,3
29613,15
29616,9
29619,9
29620,3
29622,7
29623,3
29625,6
29626,10
29628,2
29629,4
29632,11
29635,13
29636,2
29638,7
29639,9
29641,4
29642,4
29644,5
29645,14
29648,9
29651,11
29652,4
29654,6
29655,5
29657,5
29658,13
29660,1
29661,7
29664,31
29667,8
29670,12
29671,11
29673,4
29674,5
29676,3
29677,15
29680,9
29683,12
29684,7
29686,4
29687,4
29689,12
29690,15
29692,2
29693,10
29696,16
29699,18
29700,2
29702,11
29703,7
29705,7
29706,5
29708,3
29709,12
29712,9
29715,17
29716,2
29718,8
29719,5
29721,6
29722,4
29725,4
29728,29
29731,8
29732,1
29734,7
29735,11
29737,4
29738,5
29740,2
29741,20
29744,9
29747,7
29748,5
29750,6
29751,3
29753,5
29754,15
29756,1
29757,13
29760,13
29763,5
29764,5
29766,10
29767,9
29769,5
29770,9
29772,4
29773,20
29776,13
29779,15
29780,4
29782,10
29783,2
29785,9
29786,3
29788,2
29789,6
29792,19
29795,5
29796,6
29798,9
29799,3
29801,3
29802,5
29804,6
29805,16
29808,19
29811,7
29812,1
29814,5
29815,4
29817,15
29818,11
29821,4
29824,17
29827,5
29828,5
29830,12
29831,3
29833,1
29834,6
29836,3
29837,13
29840,10
29843,7
29844,3
29846,6
29847,2
29849,6
29850,6
29852,1
29853,7
29856,15
29859,7
29860,1
29862,12
29863,7
29865,5
29866,3
29868,6
29869,12
29872,6
29875,13
29876,2
29878,6
29879,3
29881,12
29882,8
29884,3
29885,9
29888,8
29891,9
29892,2
29894,4
29895,10
29897,4
29898,3
29900,5
29901,16
29904,10
29907,14
29908,3
29910,1
29911,1
29913,7
29914,14
29917,3
29920,18
29923,6
29924,3
29926,9
29927,4
29929,2
29930,4
29932,5
29933,21
29936,12
29939,25
29940,4
29942,6
29943,5
29945,8
29946,1
29948,4
29949,11
29952,26
29955,6
29956,3
29958,13
29959,6
29961,3
29962,3
29964,1
29965,9
29968,13
29971,18
29972,4
29974,4
29975,5
29977,3
29978,14
29980,2
29981,9
29984,20
29987,4
29988,3
29990,7
29991,4
29993,5
29994,7
29996,2
29997,17
30000,6
30003,12
30004,5
30006,6
30007,3
30009,1
30010,12
30013,10
30016,18
30019,5
30020,1
30022,11
30023,3
30025,1
30026,5
30028,6
30029,15
30032,7
30035,17
30036,3
30038,9
30039,5
30041,6
30042,12
30045,4
30048,16
30051,12
30052,4
30054,15
30055,7
30057,3
30058,10
30060,2
30061,17
30064,12
30067,16
30068,6
30070,2
30071,6
30073,6
30074,9
30076,4
30077,7
30080,17
30083,8
30084,4
30086,12
30087,4
30089,5
30090,4
30092,6
30093,13
30096,8
30099,14
30100,4
30102,6
30103,4
30105,8
30106,6
30108,5
30109,10
30112,10
30115,14
30116,1
30118,11
30119,7
30121,2
30122,4
30124,2
30125,9
30128,19
30131,21
30132,7
30134,4
30135,7
30137,7
30138,6
30140,3
30141,6
30144,17
30147,9
30148,1
30150,9
30151,8
30153,2
30154,7
30156,6
30157,7
30160,6
30163,14
30164,5
30166,6
30167,3
30169,9
30170,8
30172,2
30173,7
30176,12
30179,6
30180,3
30182,13
30183,7
30185,5
30186,5
30188,4
30189,19
30192,6
30195,18
30196,3
30198,8
30199,1
30201,4
30202,10
30204,2
30205,12
30208,24
30211,11
30212,4
30214,12
30215,3
30217,4
30218,10
30220,3
30221,14
30224,10
30227,8
30228,3
30230,8
30231,1
30233,9
30234,8
30236,2
30237,9
30240,18
30243,6
30244,2
30246,10
30247,6
30249,4
30250,2
30252,2
30253,16
30256,10
30259,7
30260,2
30262,2
30263,4
30265,5
30266,8
30269,8
30272,18
30275,11
30276,4
30278,9
30279,3
30281,4
30282,6
30284,6
30285,9
30288,14
30291,19
30292,2
30294,6
30295,2
30297,5
30298,12
30300,5
30301,9
30304,14
30307,4
30308,3
30310,14
30311,8
30313,2
30314,8
30316,1
30317,6
30320,13
30323,10
30324,3
30326,6
30327,5
30329,2
30330,7
30332,3
30333,9
30336,20
30339,5
30342,6
30343,11
30345,2
30346,6
30348,2
30349,9
30352,12
30355,14
30356,4
30358,6
30359,8
30361,3
30362,14
30364,6
30365,12
30368,23
30371,7
30372,1
30374,11
30375,6
30377,1
30378,11
30380,5
30381,15
30384,9
30387,13
30388,5
30390,2
30391,2
30393,11
30394,15
30396,1
30397,7
30400,13
30403,7
30406,8
30407,7
30409,1
30410,6
30412,2
30413,4
30416,13
30419,11
30420,3
30422,3
30423,3
30425,5
30426,7
30428,3
30429,9
30432,15
30435,7
30436,2
30438,11
30439,6
30441,2
30442,7
30444,2
30445,11
30448,16
30451,10
30452,5
30454,6
30455,3
30457,4
30458,8
30460,3
30461,8
30464,11
30467,6
30468,6
30470,10
30471,8
30473,3
30474,5
30476,2
30477,12
30480,9
30483,12
30484,1
30486,2
30487,6
30489,1
30490,12
30492,4
30493,11
30496,12
30499,8
30500,2
30502,10
30503,8
30505,4
30506,7
30508,5
30509,16
30512,10
30515,16
30516,3
30518,12
30519,7
30521,5
30522,13
30524,1
30525,5
30528,16
30531,11
30532,3
30534,6
30535,11
30537,1
30538,6
30540,4
30541,17
30544,13
30547,11
30548,3
30550,9
30551,2
30553,8
30554,14
30556,1
30557,10
30560,12
30563,8
30566,7
30567,5
30569,3
30570,8
30572,3
30573,14
30576,10
30579,13
30580,5
30582,9
30583,8
30585,5
30586,11
30588,4
30589,9
30592,15
30595,9
30596,3
30598,13
30599,12
30601,5
30602,4
30604,7
30605,16
30608,10
30611,7
30612,6
30614,6
30615,7
30617,5
30618,8
30620,4
30621,7
30624,15
30627,5
30628,3
30630,10
30631,6
30633,3
30634,3
30636,3
30637,11
30640,11
30643,10
30644,1
30646,4
30647,7
30649,3
30650,10
30652,4
30653,12
30656,17
30659,7
30660,2
30662,9
30663,12
30665,7
30666,11
30668,5
30669,6
30672,14
30675,12
30676,3
30678,5
30679,3
30681,7
30682,9
30685,3
30688,14
30691,11
30692,1
30694,7
30695,4
30697,3
30698,3
30700,4
30701,10
30704,13
30707,24
30708,4
30710,5
30711,6
30713,10
30714,17
30716,1
30717,4
30720,12
30723,6
30724,4
30726,12
30727,6
30729,1
30730,2
30732,3
30733,14
30736,9
30739,13
30740,1
30742,4
30743,6
30745,12
30746,9
30748,1
30749,6
30752,22
30755,10
30756,1
30758,11
30759,8
30761,2
30762,8
30764,1
30765,16
30768,11
30771,13
30772,3
30774,6
30775,4
30777,8
30778,15
30780,2
30781,12
30784,12
30787,10
30788,2
30790,10
30791,3
30793,7
30794,6
30796,6
30797,16
30800,8
30803,15
30804,3
30806,7
30807,4
30809,6
30810,17
30812,3
30813,9
30816,19
30819,6
30820,2
30822,8
30823,10
30825,3
30826,8
30828,2
30829,9
30832,21
30835,11
30836,1
30838,7
30839,5
30841,4
30842,6
30845,9
30848,10
30851,14
30854,7
30855,12
30857,5
30858,8
30860,2
30861,10
30864,7
30867,11
30868,3
30870,7
30871,7
30873,5
30874,13
30876,1
30877,3
30880,12
30883,7
30884,1
30886,12
30887,4
30889,5
30890,3
30892,1
30893,28
30896,8
30899,9
30900,1
30902,8
30905,6
30906,11
30908,1
30909,6
30912,18
30915,10
30918,13
30919,5
30921,6
30922,6
30924,6
30925,18
30928,7
30931,10
30932,3
30934,6
30935,5
30937,6
30938,10
30940,2
30941,4
30944,19
30947,9
30948,1
30950,5
30951,8
30953,2
30954,7
30956,6
30957,12
30960,9
30963,9
30964,4
30966,10
30967,3
30969,8
30970,12
30972,3
30973,10
30976,14
30979,9
30980,2
30982,13
30983,8
30985,6
30986,2
30988,2
30989,16
30992,12
30995,11
30996,3
30998,3
30999,6
31001,7
31002,9
31004,4
31005,6
31008,10
31011,9
31012,2
31014,15
31015,8
31017,2
31018,9
31020,2
31021,12
31024,12
31027,18
31028,3
31030,5
31031,3
31033,9
31034,9
31036,1
31037,7
31040,16
31043,9
31044,1
31046,8
31047,9
31049,3
31050,8
31052,3
31053,10
31056,8
31059,7
31060,3
31062,8
31063,2
31065,7
31066,11
31068,2
31069,3
31072,16
31075,9
31076,1
31078,10
31079,2
31081,4
31082,7
31084,2
31085,11
31088,9
31091,11
31092,2
31094,7
31095,3
31097,7
31098,10
31100,2
31101,9
31104,8
31107,8
31108,1
31110,12
31111,9
31113,3
31114,3
31116,5
31117,10
31120,9
31123,11
31124,7
31126,9
31127,5
31129,8
31130,10
31132,2
31133,12
31136,22
31139,7
31140,6
31142,9
31143,3
31145,2
31146,7
31148,2
31149,11
31152,7
31155,10
31156,2
31158,4
31159,7
31161,7
31162,17
31165,10
31168,9
31171,6
31172,3
31174,10
31175,3
31177,1
31178,7
31180,3
31181,14
31184,9
31187,11
31188,3
31190,6
31191,4
31193,5
31194,3
31196,4
31197,7
31200,4
31203,5
31206,8
31207,3
31209,1
31210,4
31212,5
31213,15
31216,11
31219,17
31220,2
31222,4
31223,2
31225,7
31226,7
31229,6
31232,18
31235,4
31238,10
31239,8
31241,3
31242,5
31244,3
31245,17
31248,10
31251,7
31252,6
31254,6
31255,3
31257,9
31258,8
31260,1
31261,7
31264,19
31267,5
31268,2
31270,11
31271,11
31273,3
31274,7
31276,3
31277,7
31280,8
31283,23
31284,2
31286,7
31289,5
31290,14
31292,2
31293,15
31296,16
31299,5
31300,2
31302,9
31303,2
31305,3
31306,6
31309,18
31312,10
31315,11
31316,7
31318,4
31319,6
31321,8
31322,9
31324,2
31325,11
31328,19
31331,7
31332,5
31334,7
31335,6
31337,4
31338,11
31340,4
31341,11
31344,8
31347,8
31348,5
31350,6
31351,5
31353,3
31354,8
31356,3
31357,4
31360,19
31363,7
31364,1
31366,12
31367,4
31369,3
31370,3
31372,5
31373,14
31376,10
31379,9
31380,6
31382,4
31383,1
31385,3
31386,11
31388,2
31389,7
31392,16
31395,6
31396,4
31398,16
31399,8
31401,4
31402,6
31404,3
31405,13
31408,10
31411,17
31412,2
31414,2
31415,3
31417,6
31418,12
31420,1
31421,6
31424,14
31427,6
31428,2
31430,11
31431,7
31433,1
31434,5
31436,6
31437,14
31440,10
31443,12
31444,6
31446,8
31447,5
31449,6
31450,8
31452,2
31453,10
31456,16
31459,9
31460,2
31462,8
31463,6
31465,5
31466,12
31468,6
31469,15
31472,4
31475,9
31476,2
31478,6
31479,5
31481,5
31482,10
31484,4
31485,8
31488,15
31491,10
31492,1
31494,13
31495,7
31497,4
31498,7
31500,1
31501,10
31504,10
31507,15
31508,4
31510,4
31511,3
31513,4
31514,9
31516,3
31517,12
31520,14
31523,5
31524,3
31526,11
31527,5
31529,6
31530,5
31532,5
31533,12
31536,8
31539,12
31540,1
31542,8
31543,3
31545,6
31546,11
31548,2
31549,4
31552,14
31555,12
31556,1
31558,17
31559,9
31561,2
31562,7
31564,3
31565,13
31568,6
31571,13
31572,3
31574,7
31575,7
31577,3
31578,10
31581,9
31584,15
31587,5
31588,6
31590,5
31591,10
31593,5
31594,7
31596,1
31597,22
31600,11
31603,16
31604,3
31606,7
31607,3
31609,9
31610,7
31613,12
31616,17
31619,6
31620,1
31622,16
31623,4
31625,1
31626,4
31628,4
31629,13
31632,5
31635,9
31636,3
31638,8
31639,4
31641,7
31642,6
31644,1
31645,8
31648,21
31651,12
31654,6
31655,8
31657,4
31658,6
31660,3
31661,14
31664,7
31667,15
31668,2
31670,5
31671,1
31673,8
31674,6
31676,2
31677,12
31680,11
31683,10
31684,3
31686,10
31687,6
31689,5
31690,8
31692,2
31693,20
31696,5
31699,16
31700,7
31702,11
31703,1
31705,8
31706,10
31708,4
31709,7
31712,15
31715,13
31716,1
31718,15
31719,9
31721,4
31722,7
31724,1
31725,19
31728,5
31731,20
31732,4
31734,6
31735,2
31737,7
31738,12
31740,1
31741,10
31744,13
31747,8
31748,3
31750,7
31751,8
31754,10
31757,12
31760,12
31763,10
31764,4
31766,3
31767,2
31769,4
31770,10
31772,2
31773,7
31776,21
31779,14
31780,2
31782,10
31783,7
31785,4
31786,4
31788,4
31789,8
31792,8
31795,12
31798,8
31799,4
31801,6
31802,7
31804,1
31805,5
31808,21
31811,6
31812,1
31814,10
31815,5
31817,7
31818,7
31820,4
31821,15
31824,15
31827,9
31828,2
31830,5
31831,2
31833,5
31834,14
31836,1
31837,2
31840,15
31843,8
31844,2
31846,16
31847,3
31849,4
31850,6
31852,8
31853,16
31856,9
31859,11
31860,4
31862,6
31863,3
31865,7
31866,13
31868,2
31869,5
31872,25
31875,10
31876,2
31878,12
31879,7
31881,6
31882,6
31884,6
31885,10
31888,7
31891,15
31892,8
31894,5
31895,2
31897,3
31898,8
31900,1
31901,4
31904,9
31907,8
31908,1
31910,4
31911,10
31913,1
31914,6
31916,4
31917,14
31920,12
31923,9
31924,2
31926,6
31927,2
31929,2
31930,5
31932,1
31933,11
31936,12
31939,8
31940,1
31942,7
31943,3
31945,4
31946,4
31948,1
31949,7
31952,8
31955,7
31956,4
31958,3
31959,5
31961,3
31962,9
31964,3
31965,9
31968,18
31971,10
31972,1
31974,13
31975,7
31977,3
31978,5
31980,6
31981,11
31984,8
31987,6
31988,4
31990,5
31991,7
31993,7
31994,9
31996,4
31997,9
32000,14
32003,6
32004,3
32006,12
32007,6
32009,1
32010,8
32012,3
32013,8
32016,8
32019,10
32020,5
32022,4
32023,4
32025,11
32026,5
32028,2
32029,8
32032,16
32035,7
32038,9
32039,3
32041,3
32042,4
32044,5
32045,13
32048,10
32051,13
32052,3
32054,2
32055,7
32057,3
32058,6
32060,1
32061,6
32064,3
32067,7
32068,3
32070,8
32071,5
32073,3
32074,3
32076,4
32077,9
32080,6
32083,12
32084,2
32086,7
32087,1
32089,3
32090,8
32093,6
32096,15
32099,6
32102,9
32103,7
32105,2
32106,1
32109,12
32112,4
32115,9
32116,3
32118,2
32119,4
32121,8
32122,5
32124,1
32125,5
32128,17
32131,5
32132,1
32134,8
32135,11
32137,2
32138,3
32141,15
32144,7
32147,9
32148,1
32150,4
32151,3
32153,10
32154,11
32157,4
32160,11
32163,4
32164,4
32166,7
32167,6
32169,9
32170,6
32172,3
32173,10
32176,7
32179,10
32180,6
32182,6
32183,1
32185,6
32186,5
32188,2
32189,6
32192,15
32195,6
32196,3
32198,10
32199,6
32201,5
32202,6
32204,2
32205,13
32208,6
32211,9
32212,4
32214,5
32215,7
32217,6
32218,10
32221,3
32224,12
32227,6
32228,1
32230,4
32231,4
32233,8
32234,2
32236,2
32237,8
32240,13
32243,12
32244,2
32246,5
32247,2
32249,6
32250,11
32252,2
32253,6
32256,12
32259,5
32260,1
32262,10
32263,4
32265,2
32266,10
32268,2
32269,6
32272,3
32275,12
32276,4
32278,4
32279,5
32281,4
32282,5
32284,2
32285,6
32288,13
32291,3
32292,2
32294,9
32295,8
32297,4
32298,7
32300,2
32301,7
32304,5
32307,10
32308,2
32310,2
32311,4
32313,2
32314,3
32316,1
32317,3
32320,16
32323,5
32324,1
32326,3
32327,8
32329,1
32330,2
32332,2
32333,9
32336,3
32339,6
32340,2
32342,7
32343,1
32345,5
32346,10
32348,2
32349,2
32352,10
32355,7
32356,2
32358,6
32359,5
32361,3
32362,3
32364,3
32365,7
32368,9
32371,10
32372,4
32374,3
32375,3
32377,4
32378,4
32381,8
32384,8
32387,9
32388,1
32390,4
32391,4
32393,7
32394,4
32396,1
32397,11
32400,4
32403,11
32406,5
32407,1
32409,4
32410,5
32412,2
32413,6
32416,10
32419,3
32420,1
32422,10
32423,2
32425,3
32426,1
32428,3
32429,8
32432,5
32435,4
32436,3
32438,3
32439,2
32441,5
32442,6
32444,1
32445,9
32448,9
32451,3
32454,4
32455,3
32458,3
32460,2
32461,9
32464,5
32467,6
32468,3
32470,3
32471,3
32473,3
32474,8
32476,2
32477,5
32480,4
32486,5
32487,1
32489,3
32490,3
32492,2
32493,7
32496,3
32499,4
32500,1
32502,5
32503,3
32505,3
32506,6
32508,1
32509,1
32512,6
32515,3
32516,1
32518,8
32519,3
32521,2
32522,3
32524,1
32525,14
32528,8
32531,13
32532,1
32534,4
32535,2
32537,4
32538,6
32540,1
32541,5
32544,7
32547,2
32550,3
32551,4
32553,3
32557,12
32560,3
32563,5
32564,1
32566,6
32569,4
32570,5
32572,1
32573,10
32576,8
32579,6
32580,1
32582,3
32583,2
32585,3
32586,1
32588,2
32589,4
32592,3
32595,5
32596,1
32598,2
32599,2
32601,1
32602,2
32605,4
32608,8
32611,1
32612,2
32614,4
32615,2
32617,2
32618,1
32620,2
32621,4
32624,4
32627,3
32628,2
32630,2
32631,3
32633,3
32634,3
32637,9
32640,8
32643,3
32644,1
32646,3
32647,4
32650,3
32653,3
32656,5
32659,5
32660,2
32662,2
32663,1
32665,2
32666,5
32668,1
32669,3
32672,8
32678,1
32679,3
32682,5
32684,4
32685,3
32688,3
32691,2
32692,1
32694,2
32695,1
32697,3
32698,5
32700,1
32701,1
32704,9
32707,6
32710,4
32711,1
32714,2
32717,9
32720,6
32723,2
32724,1
32726,2
32730,4
32732,2
32733,3
32736,8
32739,2
32740,2
32742,3
32743,3
32746,1
32749,4
32752,5
32755,3
32756,2
32758,4
32759,2
32762,3
32765,4
32768,4
32774,1
32775,6
32777,1
32778,2
32780,2
32781,7
32784,4
32787,1
32788,1
32790,3
32793,1
32794,2
32797,3
32800,4
32803,1
32806,2
32807,1
32810,6
32813,4
32816,4
32819,6
32820,1
32825,1
32832,3
32835,3
32838,3
32839,1
32841,1
32845,3
32848,3
32851,5
32855,1
32857,4
32858,1
32860,1
32861,1
32864,5
32867,1
32870,2
32871,2
32873,1
32877,5
32883,3
32884,1
32886,1
32889,1
32890,2
32893,1
32896,2
32899,5
32900,1
32902,7
32903,1
32905,2
32906,1
32908,1
32912,2
32915,7
32916,2
32921,1
32922,5
32928,2
32931,5
32934,2
32935,1
32938,1
32940,1
32941,2
32944,3
32947,6
32948,2
32953,2
32954,4
32957,1
32960,5
32966,4
32969,1
32970,1
32972,2
32973,2
32976,3
32979,1
32980,3
32983,2
32985,1
32986,3
32988,1
32989,1
32992,3
32995,5
32999,1
33001,2
33005,2
33008,2
33011,4
33014,1
33015,1
33018,2
33020,1
33021,2
33024,2
33027,2
33030,2
33033,1
33037,1
33044,1
33046,1
33050,5
33052,2
33053,2
33056,2
33059,2
33062,1
33065,1
33066,2
33069,3
33075,3
33076,2
33078,2
33079,2
33082,5
33085,1
33088,5
33091,1
33094,1
33095,3
33098,1
33101,3
33104,3
33107,2
33110,1
33111,1
33114,1
33117,2
33120,2
33123,2
33124,1
33126,1
33127,1
33130,2
33132,1
33133,1
33136,2
33139,4
33142,1
33145,2
33146,2
33148,1
33149,1
33152,2
33155,2
33158,1
33165,3
33168,1
33171,1
33175,1
33177,3
33184,3
33188,1
33191,1
33193,1
33197,2
33200,4
33203,3
33207,1
33209,1
33210,3
33216,2
33219,1
33220,1
33222,1
33223,4
33226,2
33229,2
33232,2
33235,2
33236,1
33238,3
33239,2
33241,2
33242,1
33245,1
33248,2
33251,1
33252,1
33255,2
33257,2
33260,1
33261,2
33264,3
33267,1
33268,1
33273,1
33274,3
33277,2
33280,1
33283,1
33286,2
33289,2
33290,1
33293,3
33299,1
33302,1
33306,1
33312,2
33315,3
33316,1
33318,1
33319,2
33322,4
33324,2
33325,3
33328,3
33331,2
33334,1
33337,2
33338,1
33340,2
33341,1
33344,2
33347,2
33348,1
33350,5
33353,2
33354,1
33356,1
33360,4
33363,2
33366,1
33369,1
33370,1
33376,4
33382,1
33386,1
33388,1
33389,2
33392,3
33395,2
33396,2
33398,3
33402,1
33408,1
33414,2
33415,3
33421,2
33424,2
33427,2
33430,1
33434,2
33437,2
33440,2
33443,2
33446,1
33449,1
33450,2
33453,2
33456,2
33459,2
33462,2
33463,1
33465,1
33469,1
33472,1
33475,1
33478,2
33482,1
33485,4
33491,3
33492,3
33498,2
33501,2
33504,4
33510,2
33511,1
33516,1
33517,1
33523,3
33524,2
33526,1
33529,1
33530,1
33533,1
33536,3
33539,1
33542,1
33546,2
33548,2
33549,1
33552,1
33555,1
33558,1
33562,2
33568,1
33571,1
33574,3
33584,2
33587,1
33590,1
33591,1
33593,1
33594,2
33597,4
33600,4
33603,2
33604,1
33606,5
33607,1
33612,1
33613,2
33616,2
33622,1
33623,2
33626,1
33628,1
33629,1
33632,3
33638,1
33639,2
33641,1
33644,1
33645,5
33648,2
33651,3
33652,2
33658,5
33661,1
33664,5
33668,1
33671,1
33673,1
33674,2
33676,1
33677,2
33683,2
33693,2
33696,6
33699,2
33702,2
33703,1
33705,1
33706,1
33709,2
33715,2
33716,1
33718,2
33719,1
33722,1
33725,2
33728,4
33731,1
33734,3
33735,2
33738,1
33741,1
33744,3
33747,1
33750,1
33751,2
33753,1
33754,1
33756,1
33757,1
33760,2
33763,1
33766,1
33767,1
33776,1
33779,1
33782,2
33783,1
33785,3
33786,3
33789,3
33792,2
33795,3
33798,2
33799,4
33802,1
33805,2
33808,2
33811,2
33812,1
33814,2
33817,1
33818,1
33821,1
33824,5
33827,1
33828,1
33831,1
33833,2
33834,1
33836,1
33837,2
33843,4
33844,1
33847,2
33853,1
33856,3
33860,2
33862,2
33863,2
33865,1
33866,1
33868,1
33869,3
33872,1
33875,2
33878,3
33879,1
33882,1
33885,1
33888,4
33891,4
33892,1
33894,1
33895,3
33900,1
33901,3
33904,4
33907,2
33913,1
33914,2
33917,3
33920,4
33923,2
33924,1
33926,2
33932,1
33936,2
33939,1
33940,2
33945,1
33946,3
33949,2
33952,1
33955,1
33959,1
33964,1
33965,1
33968,2
33971,1
33974,1
33975,1
33977,6
33978,3
33981,2
33984,3
33987,1
33990,1
33991,2
33994,2
33997,1
34000,1
34003,2
34007,2
34013,1
34016,4
34019,1
34022,1
34026,1
34029,1
34032,2
34035,2
34038,1
34042,1
34044,1
34048,3
34051,2
34057,1
34061,1
34064,1
34068,1
34071,2
34073,4
34074,1
34080,1
34083,1
34086,2
34089,1
34092,1
34093,3
34096,2
34099,4
34100,2
34103,1
34105,2
34109,2
34112,2
34115,4
34118,2
34119,3
34124,1
34128,1
34131,2
34132,1
34134,1
34135,1
34137,1
34144,4
34147,1
34150,2
34151,1
34157,3
34160,2
34166,1
34169,1
34170,1
34176,3
34179,4
34180,1
34182,1
34183,1
34189,1
34192,1
34195,4
34201,2
34202,1
34208,1
34211,1
34215,1
34218,1
34220,1
34221,1
34224,1
34227,1
34230,2
34231,1
34233,1
34234,1
34236,2
34240,1
34243,2
34246,2
34250,2
34253,3
34256,1
34259,2
34260,1
34262,3
34263,1
34265,2
34266,4
34269,1
34272,2
34275,2
34278,1
34279,1
34281,1
34282,2
34285,3
34288,2
34291,2
34292,1
34294,1
34295,1
34297,1
34304,4
34310,1
34311,1
34317,2
34320,2
34323,2
34324,1
34326,1
34327,1
34330,1
34336,1
34339,1
34346,1
34348,1
34349,2
34355,2
34356,1
34358,1
34359,1
34362,2
34368,1
34371,2
34375,2
34377,1
34378,1
34381,2
34384,2
34391,1
34394,1
34397,2
34400,5
34403,2
34406,3
34407,2
34409,1
34412,3
34416,1
34419,2
34420,1
34422,1
34423,1
34425,1
34426,1
34432,1
34438,1
34441,1
34442,1
34444,1
34445,2
34448,2
34454,1
34458,2
34460,1
34461,1
34464,5
34467,1
34474,1
34477,2
34483,4
34484,1
34487,2
34489,2
34490,1
34496,2
34502,3
34503,4
34505,1
34506,1
34508,2
34509,2
34512,3
34525,4
34528,3
34531,2
34534,4
34535,1
34538,1
34540,1
34541,4
34544,2
34547,2
34550,1
34551,1
34554,2
34556,1
34557,1
34560,3
34563,1
34566,2
34569,1
34573,3
34579,2
34582,1
34585,1
34586,1
34592,4
34598,3
34599,1
34601,1
34611,1
34614,1
34615,1
34618,1
34621,2
34624,1
34627,1
34628,1
34630,7
34631,1
34637,1
34640,1
34643,1
34650,1
34653,1
34656,2
34659,2
34662,1
34663,1
34665,2
34666,1
34669,1
34672,1
34675,1
34681,1
34682,2
34684,1
34685,1
34688,2
34692,2
34694,2
34698,1
34701,2
34704,2
34707,2
34713,1
34714,1
34717,2
34720,4
34726,1
34733,2
34736,1
34739,1
34740,2
34742,2
34745,2
34749,3
34752,2
34758,1
34765,1
34768,1
34771,2
34777,1
34784,3
34790,2
34791,2
34793,1
34797,3
34803,1
34809,3
34810,1
34813,1
34822,1
34826,2
34829,2
34835,3
34838,1
34842,2
34848,4
34851,1
34854,2
34855,1
34861,3
34867,1
34870,3
34873,1
34876,1
34877,2
34880,1
34883,2
34886,2
34889,1
34893,3
34899,1
34902,1
34905,1
34909,3
34912,1
34915,1
34922,1
34924,1
34925,1
34928,1
34931,1
34932,1
34934,1
34937,1
34938,1
34940,1
34941,2
34944,4
34947,1
34950,1
34953,2
34954,1
34957,2
34960,2
34963,2
34966,3
34967,1
34969,1
34970,1
34976,1
34979,1
34980,1
34983,3
34989,1
34995,2
34998,2
35001,1
35002,1
35005,1
35008,2
35011,2
35014,1
35017,2
35030,3
35031,1
35033,1
35034,2
35036,1
35037,3
35040,1
35043,1
35047,2
35053,2
35056,1
35060,1
35065,2
35069,2
35075,2
35078,2
35079,1
35081,2
35088,1
35092,1
35094,1
35097,3
35100,1
35101,1
35107,1
35110,2
35111,2
35117,1
35120,1
35123,2
35126,1
35129,1
35130,1
35136,2
35139,2
35148,1
35149,1
35155,3
35156,2
35158,2
35162,1
35164,1
35168,1
35174,2
35175,2
35177,1
35180,2
35181,5
35184,1
35187,1
35190,1
35194,3
35200,2
35203,1
35204,1
35206,1
35207,1
35209,1
35213,2
35219,3
35220,2
35222,1
35223,1
35229,1
35232,4
35235,1
35239,1
35242,1
35245,2
35248,3
35251,1
35254,2
35255,1
35257,1
35258,3
35261,2
35264,2
35267,1
35270,1
35271,2
35277,1
35280,3
35283,2
35286,1
35290,1
35296,1
35302,2
35303,1
35305,1
35309,2
35312,1
35318,1
35331,1
35334,2
35344,1
35347,2
35348,1
35351,1
35353,1
35354,2
35357,1
35360,4
35367,1
35372,1
35376,2
35379,2
35382,1
35383,1
35386,2
35389,2
35392,3
35402,1
35405,1
35408,2
35411,1
35412,1
35414,1
35418,1
35420,1
35427,1
35430,3
35431,1
35437,1
35440,2
35443,3
35446,1
35450,1
35452,1
35456,2
35459,1
35462,2
35463,1
35468,1
35469,1
35472,1
35475,2
35476,1
35481,3
35482,3
35484,1
35485,1
35488,1
35494,2
35504,3
35510,1
35514,1
35526,3
35527,2
35529,1
35533,1
35536,1
35539,1
35543,1
35546,1
35549,3
35552,3
35555,2
35558,2
35568,3
35571,1
35584,1
35590,1
35597,1
35604,1
35609,1
35610,1
35613,2
35616,1
35619,1
35623,1
35628,1
35629,1
35639,2
35645,1
35654,3
35655,1
35660,2
35661,1
35667,1
35674,1
35693,1
35700,2
35712,1
35724,1
35725,1
35731,1
35734,1
35738,2
35740,1
35751,1
35754,1
35757,1
35763,2
35767,1
35769,1
35773,1
35776,1
35782,1
35786,1
35792,1
35796,1
35818,1
35827,1
35833,1
35836,1
35846,1
35853,1
35859,2
35862,1
35872,1
35885,1
35891,1
35892,1
35894,1
35904,1
35911,1
35917,1
35923,2
35930,1
35936,1
35940,1
35943,2
35949,1
35955,1
35962,2
35975,1
35981,3
35984,1
36000,2
36013,1
36038,1
36039,1
36045,1
36051,1
36058,1
36061,1
36067,1
36070,1
36074,1
36077,3
36080,1
36090,1
36106,1
36115,1
36121,1
36128,2
36131,1
36134,2
36137,1
36144,1
36148,1
36151,1
36153,1
36160,1
36170,1
36172,1
36179,1
36189,1
36195,1
36198,2
36202,1
36205,1
36208,1
36214,1
36218,2
36231,1
36243,1
36244,1
36247,2
36252,1
36263,3
36272,1
36275,3
36288,1
36294,1
36298,1
36307,1
36323,1
36327,1
36352,2
36355,1
36358,1
36371,2
36372,1
36391,1
36394,2
36410,1
36413,1
36442,2
36451,1
36455,1
36458,1
36461,1
36473,1
36480,1
36486,2
36496,1
36502,1
36515,1
36519,1
36525,2
36531,1
36532,1
36553,1
36569,1
36576,1
36579,1
36580,1
36585,1
36589,1
36611,1
36618,1
36627,1
36637,2
36640,3
36646,1
36659,1
36662,1
36672,1
36698,1
36710,1
36711,1
36714,1
36724,1
36729,1
36742,1
36755,1
36774,1
36777,1
36800,1
36806,1
36807,1
36810,1
36851,2
36861,2
36864,1
36918,1
36922,1
36934,1
36935,1
36953,1
36960,1
36989,3
36998,1
37002,2
37004,2
37005,1
37024,1
37030,1
37037,2
37050,1
37065,1
37068,1
37069,1
37094,1
37113,1
37126,1
37133,1
37136,1
37139,1
37148,1
37184,1
37190,1
37194,1
37200,1
37204,1
37206,2
37210,1
37212,1
37213,1
37222,1
37235,1
37238,1
37242,1
37280,1
37286,1
37287,2
37293,1
37299,2
37300,1
37322,1
37328,2
37344,1
37363,1
37376,1
37389,1
37392,1
37402,1
37408,2
37414,1
37437,1
37446,1
37456,1
37459,1
37475,1
37484,1
37517,1
37527,1
37529,1
37542,1
37543,1
37549,1
37587,1
37596,1
37600,2
37603,1
37606,1
37607,1
37616,1
37625,1
37626,1
37652,1
37658,1
37667,1
37677,1
37696,2
37708,1
37738,1
37747,1
37760,1
37773,2
37783,1
37808,1
37811,1
37814,1
37834,1
37840,2
37846,1
37850,1
37853,2
37856,1
37859,1
37875,1
37878,1
37888,1
37914,1
37916,1
37923,1
37927,1
37933,1
37936,1
37945,1
37971,1
37981,1
37987,1
38000,2
38019,2
38020,1
38070,1
38137,1
38156,1
38179,1
38211,1
38214,1
38221,1
38227,1
38234,1
38246,1
38259,1
38323,1
38336,1
38361,1
38388,1
38426,1
38438,1
38439,2
38445,1
38451,1
38499,1
38506,1
38522,1
38557,1
38570,1
38598,1
38618,1
38627,1
38681,1
38707,1
38727,1
38729,1
38746,1
38765,1
38800,1
38812,1
38835,1
38845,1
38854,1
38870,1
38912,1
38935,1
38957,1
38989,1
39015,2
39091,1
39126,1
39174,1
39232,1
39261,1
39287,1
39315,1
39337,1
39344,1
39350,1
39504,1
39532,1
39581,1
39609,1
39639,1
39728,1
40007,1
40070,1
40135,1
40173,1
40199,1
40355,1
40580,1
40716,1
40844,1
40976,1
41056,1
41145,1
41251,1
41715,1
42835,1
48579,1
50567,1
54598,1
54787,1
59772,1
64554,1
69847,1
70025,1
72903,1
90602,1
117974,1
120323,1
146717,1
169789,1
172486,1
218016,1
225085,1
243840,1
293485,1
364679,1
368845,1
546502,1
