# Samples: 19530, Average: 47214.8 ns, StdDev: 77965.4 ns, Quartiles: 28480.0/30688.0/33734.0 ns
20717,1
21523,1
21655,1
21971,1
22218,1
22348,1
22349,1
22432,1
22448,1
22512,1
22580,1
22611,1
22643,1
22803,1
22810,1
22887,1
22950,1
22969,1
22973,1
22995,2
23043,1
23047,1
23069,1
23123,1
23149,1
23152,1
23196,1
23219,1
23232,1
23264,2
23296,1
23299,1
23324,1
23424,1
23449,1
23482,1
23485,1
23488,1
23510,1
23520,2
23523,1
23530,1
23539,1
23546,1
23571,1
23590,1
23607,2
23632,1
23654,1
23661,1
23667,1
23673,1
23680,1
23683,1
23686,1
23718,1
23738,1
23744,1
23757,1
23773,1
23792,1
23814,1
23821,1
23824,1
23827,1
23849,1
23852,1
23853,1
23866,1
23869,3
23878,2
23885,1
23892,1
23895,1
23901,1
23924,1
23942,1
23943,1
23946,1
23949,1
23959,1
23962,1
23978,1
23987,1
23991,1
24000,1
24004,1
24019,1
24020,1
24022,1
24026,1
24035,1
24038,1
24048,1
24058,1
24071,1
24080,1
24086,1
24093,1
24096,1
24099,1
24105,1
24118,2
24119,1
24134,1
24141,1
24144,1
24154,1
24160,1
24166,1
24172,2
24173,1
24176,1
24179,1
24180,1
24182,1
24185,1
24192,1
24195,1
24202,1
24205,1
24214,1
24218,1
24224,1
24243,3
24250,1
24252,1
24256,1
24259,2
24265,1
24269,1
24275,2
24282,1
24284,1
24291,1
24298,1
24314,1
24316,1
24320,2
24329,1
24330,1
24333,1
24346,1
24352,1
24365,1
24372,1
24377,1
24378,1
24390,1
24397,1
24403,1
24406,1
24416,1
24420,1
24422,1
24426,1
24429,1
24432,1
24448,1
24455,1
24457,1
24461,1
24464,1
24476,1
24483,1
24493,1
24506,1
24508,1
24509,1
24512,1
24515,1
24519,1
24525,1
24528,1
24538,1
24544,1
24547,2
24550,2
24556,1
24557,1
24560,2
24564,1
24566,2
24570,2
24573,1
24579,1
24582,1
24583,1
24598,1
24608,1
24611,1
24618,1
24621,1
24624,1
24627,1
24634,1
24640,5
24646,1
24653,1
24656,1
24659,2
24678,1
24679,2
24685,3
24691,1
24694,2
24697,2
24704,1
24707,1
24711,1
24716,1
24717,2
24720,1
24727,1
24730,3
24732,1
24736,1
24739,1
24742,1
24743,1
24746,1
24749,1
24755,1
24756,2
24765,2
24768,1
24771,1
24778,1
24781,1
24788,1
24790,1
24796,1
24800,1
24803,1
24810,1
24812,1
24813,2
24819,1
24822,1
24832,1
24835,1
24841,1
24844,1
24845,6
24848,1
24851,1
24855,1
24864,1
24871,1
24873,1
24874,1
24876,1
24877,1
24889,1
24890,1
24896,1
24902,1
24905,1
24906,2
24909,1
24912,1
24918,1
24921,1
24922,1
24925,1
24931,2
24934,3
24941,1
24944,2
24950,2
24953,1
24957,1
24960,1
24963,1
24970,2
24972,1
24973,3
24976,1
24979,2
24982,1
24983,1
24995,1
24999,4
25001,2
25005,3
25011,1
25017,1
25018,2
25021,2
25027,1
25030,2
25034,1
25037,1
25040,3
25044,1
25047,1
25049,1
25050,3
25056,4
25062,1
25066,1
25068,1
25075,5
25079,1
25081,1
25082,1
25095,1
25098,1
25104,1
25107,1
25108,1
25110,1
25114,1
25117,1
25120,1
25126,1
25129,1
25132,1
25133,3
25139,4
25142,1
25143,1
25145,1
25146,2
25149,1
25152,2
25155,1
25164,2
25165,2
25168,2
25171,2
25174,1
25177,1
25178,4
25181,1
25187,1
25190,1
25191,1
25193,1
25203,3
25204,1
25210,2
25216,2
25220,1
25222,2
25223,1
25225,1
25232,1
25235,1
25238,2
25241,2
25242,3
25245,1
25248,1
25251,2
25258,1
25264,1
25267,2
25270,1
25273,1
25274,2
25280,3
25283,1
25284,1
25286,3
25287,1
25289,2
25293,4
25299,2
25300,1
25305,2
25306,1
25309,1
25312,1
25315,1
25319,1
25322,1
25328,1
25331,3
25332,1
25334,1
25335,3
25337,1
25338,2
25341,3
25350,4
25360,3
25363,1
25366,1
25369,3
25370,4
25373,1
25376,3
25379,1
25380,1
25382,3
25383,1
25395,3
25396,1
25399,2
25401,3
25402,1
25405,1
25408,2
25411,1
25414,3
25415,1
25421,4
25427,2
25428,1
25431,1
25433,1
25434,2
25440,3
25443,1
25444,1
25447,2
25452,3
25453,1
25456,1
25459,3
25460,2
25462,1
25463,1
25466,3
25469,1
25472,2
25475,1
25478,1
25482,1
25488,1
25491,2
25492,1
25497,1
25498,2
25501,1
25504,3
25511,2
25514,1
25517,7
25520,1
25523,4
25524,1
25526,2
25529,2
25533,2
25536,1
25542,3
25543,1
25546,1
25548,1
25549,6
25555,4
25562,3
25564,1
25565,4
25568,5
25572,1
25574,1
25575,1
25577,1
25584,2
25587,4
25590,1
25591,1
25593,2
25594,3
25600,4
25603,1
25606,2
25612,1
25613,2
25616,3
25619,3
25620,1
25625,1
25626,3
25629,1
25632,3
25635,4
25639,1
25644,1
25645,2
25648,1
25651,1
25652,1
25654,1
25657,2
25658,2
25660,1
25661,1
25664,5
25667,1
25671,1
25673,2
25674,1
25677,4
25680,3
25683,1
25684,1
25689,3
25690,4
25696,2
25699,2
25702,1
25703,1
25706,2
25712,1
25718,3
25722,2
25724,1
25728,2
25734,2
25735,1
25737,1
25740,2
25741,4
25744,1
25748,2
25750,1
25751,1
25753,2
25754,2
25757,3
25760,4
25763,1
25764,1
25766,3
25773,1
25776,1
25779,2
25780,1
25782,3
25783,2
25785,1
25789,2
25792,5
25795,2
25796,1
25798,3
25799,2
25802,1
25805,6
25808,2
25811,2
25814,1
25815,1
25817,1
25818,1
25824,3
25830,4
25833,1
25840,2
25843,5
25846,3
25849,2
25850,2
25853,2
25856,6
25859,2
25860,2
25862,1
25863,2
25868,1
25869,6
25872,1
25875,1
25876,1
25878,2
25879,2
25881,2
25882,4
25884,1
25888,3
25891,1
25892,1
25894,1
25895,1
25898,1
25900,1
25901,3
25904,2
25907,9
25910,1
25911,2
25913,1
25916,1
25917,2
25920,2
25923,1
25926,1
25927,1
25930,1
25932,1
25933,4
25936,1
25939,4
25940,1
25942,1
25945,1
25946,3
25948,1
25949,4
25952,2
25955,1
25958,6
25959,2
25962,4
25965,1
25968,1
25971,3
25977,2
25978,2
25980,2
25981,1
25984,3
25987,2
25988,1
25990,1
25991,2
25994,1
25997,4
26003,4
26006,2
26009,2
26010,1
26013,2
26016,3
26019,5
26020,3
26022,3
26023,3
26026,1
26028,3
26029,2
26032,2
26035,5
26036,2
26038,2
26039,1
26041,2
26042,1
26045,3
26048,2
26051,3
26052,1
26054,3
26055,3
26058,5
26061,3
26064,2
26067,5
26070,1
26071,1
26073,1
26074,4
26080,9
26083,5
26086,2
26087,3
26089,1
26093,4
26096,3
26099,1
26106,2
26109,8
26112,5
26115,3
26119,3
26121,2
26125,1
26131,6
26134,1
26137,5
26138,4
26140,2
26141,3
26144,5
26147,2
26148,1
26150,2
26151,1
26153,1
26156,1
26157,4
26160,2
26163,6
26164,4
26167,1
26169,2
26170,2
26173,3
26176,8
26179,1
26180,1
26182,2
26183,1
26185,4
26186,2
26189,10
26195,3
26196,1
26199,1
26202,1
26204,1
26205,2
26208,4
26211,1
26215,3
26217,1
26218,3
26221,3
26224,1
26227,2
26230,1
26233,2
26237,1
26240,4
26246,1
26247,4
26249,1
26250,2
26252,1
26253,2
26256,5
26259,1
26265,3
26269,1
26272,1
26275,2
26278,2
26279,4
26281,2
26282,2
26284,1
26285,2
26288,1
26291,1
26292,1
26297,2
26298,4
26300,1
26301,1
26304,7
26307,1
26310,3
26311,5
26313,1
26314,5
26316,1
26317,4
26320,2
26323,3
26326,1
26329,1
26330,3
26333,3
26336,6
26340,1
26342,4
26343,1
26345,1
26346,2
26348,1
26349,3
26352,3
26355,5
26356,1
26358,1
26359,2
26362,2
26368,3
26371,2
26372,1
26374,2
26378,1
26380,1
26381,3
26384,4
26387,4
26390,2
26391,1
26393,1
26394,4
26397,2
26400,7
26403,1
26404,1
26407,1
26409,1
26410,1
26413,7
26416,2
26419,1
26420,3
26422,1
26425,2
26426,5
26428,1
26429,2
26432,6
26435,2
26436,1
26438,2
26439,1
26441,2
26442,2
26444,1
26445,6
26448,1
26451,5
26452,2
26454,1
26455,2
26457,2
26458,2
26461,2
26464,9
26467,2
26468,2
26470,1
26474,1
26476,1
26477,4
26480,4
26483,4
26484,2
26487,2
26490,2
26493,1
26496,7
26499,3
26500,2
26502,3
26503,3
26506,4
26508,1
26509,3
26512,3
26515,3
26516,1
26519,1
26521,3
26522,5
26525,2
26528,7
26531,1
26534,2
26535,2
26537,2
26538,1
26540,1
26541,2
26544,3
26547,7
26548,3
26550,1
26553,1
26554,7
26557,1
26560,10
26566,4
26567,2
26569,2
26570,2
26572,2
26573,5
26576,3
26579,4
26580,1
26582,2
26583,1
26585,2
26586,4
26589,1
26592,3
26595,1
26596,1
26598,4
26599,5
26601,1
26602,2
26604,1
26605,3
26608,5
26611,3
26614,2
26617,2
26618,5
26620,2
26621,1
26624,2
26627,1
26630,2
26631,2
26633,1
26634,3
26636,1
26637,1
26640,2
26643,5
26644,2
26646,2
26650,5
26653,2
26656,6
26659,4
26660,1
26662,3
26663,3
26666,1
26668,1
26669,6
26672,4
26675,5
26676,2
26679,1
26681,2
26682,2
26685,3
26688,2
26691,1
26692,1
26694,5
26695,2
26698,1
26700,1
26701,5
26704,1
26707,7
26708,2
26710,2
26711,2
26713,3
26714,6
26716,1
26717,6
26720,5
26723,3
26726,1
26727,2
26729,1
26730,2
26733,6
26736,2
26739,2
26740,1
26742,3
26743,2
26745,2
26746,4
26749,7
26752,4
26755,1
26756,1
26758,4
26759,4
26765,10
26771,5
26774,3
26775,1
26778,4
26784,9
26787,1
26788,1
26790,6
26791,2
26793,2
26796,1
26797,3
26800,3
26803,4
26804,3
26806,1
26807,2
26809,5
26810,6
26812,1
26813,4
26816,4
26819,1
26820,1
26822,4
26823,1
26825,1
26826,3
26828,1
26829,3
26832,1
26835,2
26838,3
26839,1
26841,3
26842,4
26845,5
26848,4
26851,3
26852,1
26854,3
26855,6
26857,2
26860,2
26861,7
26864,2
26867,7
26868,1
26870,3
26871,1
26873,3
26874,6
26876,1
26877,5
26880,4
26887,2
26889,2
26890,3
26892,3
26893,3
26896,3
26899,3
26900,2
26902,3
26903,4
26905,4
26906,7
26909,3
26912,6
26915,3
26916,1
26919,1
26922,5
26924,1
26925,6
26928,2
26931,1
26934,3
26935,2
26937,4
26938,3
26940,3
26941,1
26944,10
26947,2
26950,2
26953,3
26954,1
26956,1
26957,8
26960,5
26963,5
26964,2
26966,1
26969,4
26970,9
26973,4
26976,10
26979,3
26980,2
26982,6
26983,4
26985,4
26989,6
26992,1
26995,5
26996,1
26998,2
26999,2
27001,5
27002,6
27004,1
27005,4
27008,5
27011,3
27012,2
27014,4
27015,5
27017,2
27018,3
27020,2
27021,2
27024,2
27027,2
27030,1
27033,3
27034,5
27037,4
27040,9
27043,3
27046,5
27047,2
27049,1
27050,2
27052,2
27053,8
27056,3
27059,6
27060,2
27063,3
27065,2
27066,2
27068,1
27069,2
27072,6
27075,1
27078,5
27079,6
27081,1
27085,5
27088,6
27091,5
27092,1
27094,3
27095,2
27097,5
27098,5
27100,1
27104,3
27107,1
27108,3
27110,2
27111,2
27114,2
27116,1
27117,6
27120,3
27123,5
27124,2
27126,2
27129,1
27130,3
27132,1
27133,6
27136,5
27139,2
27142,7
27143,6
27148,2
27149,9
27152,5
27155,3
27156,2
27158,3
27159,1
27161,3
27162,4
27165,4
27168,6
27171,5
27174,3
27175,4
27177,2
27178,4
27181,2
27184,1
27187,5
27190,3
27191,3
27193,3
27194,2
27196,1
27197,2
27200,5
27203,2
27206,3
27207,5
27210,4
27212,1
27213,2
27219,4
27220,1
27222,2
27223,4
27225,2
27226,6
27229,3
27232,8
27235,4
27238,3
27239,1
27242,3
27245,6
27248,2
27251,9
27252,1
27254,4
27255,1
27257,3
27258,7
27261,3
27264,5
27267,6
27270,2
27271,6
27274,2
27277,8
27283,8
27284,1
27286,3
27287,3
27289,3
27290,9
27292,1
27293,1
27296,3
27300,1
27302,5
27303,3
27305,1
27306,4
27309,8
27312,2
27315,8
27316,2
27319,1
27321,3
27322,1
27325,3
27328,7
27331,1
27334,6
27335,4
27338,1
27340,2
27341,4
27344,2
27347,7
27348,1
27350,2
27351,4
27353,1
27354,5
27356,1
27360,9
27363,3
27364,1
27366,1
27367,2
27370,2
27372,3
27373,5
27376,5
27379,6
27382,3
27383,4
27385,7
27389,5
27392,9
27395,4
27396,1
27399,4
27401,1
27402,1
27404,1
27405,6
27408,2
27411,7
27414,3
27415,1
27417,2
27418,5
27420,1
27421,1
27424,8
27427,2
27428,3
27430,3
27431,4
27433,1
27434,2
27437,8
27440,6
27443,6
27446,5
27447,1
27449,2
27450,5
27453,2
27456,8
27459,2
27462,3
27463,2
27465,2
27466,3
27468,4
27469,2
27472,8
27475,4
27476,3
27478,3
27479,1
27481,2
27482,8
27485,5
27488,10
27491,4
27492,1
27494,5
27495,4
27497,6
27498,3
27500,1
27501,9
27504,7
27507,4
27510,8
27511,1
27513,1
27514,6
27516,1
27517,1
27520,7
27523,1
27526,5
27527,2
27529,4
27530,2
27532,1
27533,5
27536,5
27539,3
27542,1
27543,2
27545,5
27546,7
27548,1
27549,4
27552,8
27555,4
27558,2
27559,4
27562,1
27565,6
27568,5
27571,7
27572,3
27574,3
27577,3
27578,2
27581,1
27584,12
27587,3
27590,5
27591,3
27593,1
27594,3
27596,1
27597,6
27600,3
27603,5
27604,3
27606,4
27607,3
27609,3
27610,5
27612,2
27613,1
27616,7
27619,3
27620,1
27622,4
27623,2
27625,2
27626,3
27628,2
27629,5
27632,4
27635,4
27636,3
27638,2
27639,2
27641,3
27642,2
27645,3
27648,4
27651,3
27654,4
27655,2
27658,2
27660,1
27661,6
27664,5
27667,6
27670,4
27671,2
27673,5
27674,3
27677,4
27680,6
27683,3
27686,4
27687,4
27690,3
27693,10
27696,6
27699,8
27700,1
27703,1
27706,5
27709,3
27712,5
27715,4
27718,2
27721,2
27724,1
27725,5
27728,2
27731,11
27732,3
27734,4
27735,2
27737,4
27738,4
27741,3
27744,8
27747,2
27748,1
27750,5
27751,6
27753,3
27754,4
27757,9
27760,2
27763,5
27764,1
27769,2
27770,4
27772,1
27773,2
27776,7
27779,2
27782,6
27783,3
27785,1
27786,2
27788,3
27789,5
27792,3
27795,8
27796,4
27798,2
27799,2
27801,6
27802,4
27804,2
27805,5
27808,8
27811,5
27814,10
27815,2
27817,2
27818,1
27820,3
27821,5
27824,4
27827,4
27830,2
27833,4
27834,3
27836,1
27837,3
27840,2
27843,7
27846,5
27847,2
27850,3
27852,4
27853,6
27856,9
27859,4
27862,3
27863,1
27865,1
27866,10
27869,1
27872,10
27875,4
27878,5
27879,5
27881,3
27882,2
27884,2
27885,4
27888,7
27891,12
27892,1
27894,4
27895,1
27898,6
27900,1
27901,3
27904,8
27907,4
27908,1
27910,6
27911,6
27913,2
27914,2
27916,1
27917,4
27920,5
27923,4
27924,4
27926,4
27927,2
27929,4
27930,8
27933,3
27936,11
27939,3
27942,3
27943,6
27949,10
27952,1
27955,5
27956,3
27958,1
27959,2
27961,3
27962,4
27964,1
27965,5
27968,9
27971,4
27972,1
27974,3
27975,4
27977,2
27978,3
27980,2
27981,3
27984,4
27987,5
27988,2
27990,3
27991,1
27993,6
27994,5
27996,2
27997,7
28000,12
28003,2
28004,2
28006,5
28007,4
28009,1
28010,1
28012,3
28013,10
28016,3
28019,11
28020,1
28022,2
28026,9
28028,1
28029,3
28032,8
28035,3
28038,4
28039,3
28041,2
28042,2
28044,1
28045,6
28048,5
28051,10
28052,2
28054,2
28057,3
28058,3
28061,4
28064,3
28067,1
28068,2
28070,6
28071,3
28073,2
28074,3
28076,3
28077,6
28080,3
28083,9
28084,3
28086,1
28087,2
28089,2
28090,8
28092,1
28093,2
28096,4
28099,3
28102,5
28103,2
28105,3
28106,2
28108,1
28109,9
28112,4
28115,8
28116,1
28118,3
28119,1
28121,1
28122,2
28124,1
28125,3
28128,7
28131,3
28134,3
28135,3
28137,1
28138,2
28141,10
28144,5
28147,7
28148,2
28150,1
28151,2
28154,6
28156,3
28157,2
28160,6
28163,2
28166,4
28167,4
28169,1
28170,3
28172,3
28173,8
28176,3
28179,8
28183,3
28185,3
28186,4
28188,1
28189,2
28192,12
28195,6
28198,5
28199,5
28201,2
28202,1
28204,1
28205,8
28208,5
28211,5
28214,4
28215,5
28217,7
28218,5
28220,1
28221,2
28224,12
28227,3
28228,1
28230,12
28231,3
28233,3
28234,1
28236,2
28237,10
28240,2
28243,13
28244,5
28246,4
28247,3
28249,1
28250,7
28253,3
28256,9
28259,5
28260,1
28262,3
28263,3
28265,1
28266,2
28268,2
28269,5
28272,4
28275,4
28276,4
28278,4
28279,1
28281,4
28282,3
28284,2
28285,5
28288,6
28291,1
28292,1
28294,10
28298,1
28301,6
28307,6
28308,4
28310,2
28311,2
28313,2
28314,7
28317,3
28320,6
28323,4
28326,8
28327,5
28329,2
28330,5
28332,2
28333,6
28339,4
28340,1
28342,2
28343,1
28345,5
28346,4
28348,1
28349,5
28352,6
28355,3
28356,1
28358,2
28359,1
28361,3
28362,4
28364,1
28365,6
28368,3
28371,6
28372,2
28374,4
28375,4
28377,3
28378,7
28380,1
28381,4
28384,10
28387,5
28388,2
28390,6
28391,2
28394,3
28396,2
28397,6
28400,3
28403,10
28406,2
28407,3
28409,4
28410,4
28413,6
28416,9
28419,2
28422,7
28425,3
28426,3
28429,6
28432,4
28435,11
28436,2
28438,1
28439,2
28441,7
28442,6
28445,4
28448,6
28451,6
28454,1
28455,2
28458,3
28460,1
28461,5
28464,4
28467,10
28468,2
28470,3
28471,2
28473,3
28474,3
28476,2
28477,5
28480,12
28483,2
28486,7
28487,2
28489,2
28490,3
28492,1
28493,10
28496,4
28499,6
28500,1
28505,2
28506,2
28509,2
28512,7
28515,2
28516,1
28518,1
28519,3
28521,3
28522,4
28525,6
28528,5
28531,8
28532,1
28534,2
28537,10
28540,2
28541,3
28544,9
28547,5
28550,4
28551,1
28553,1
28554,2
28556,2
28557,15
28560,4
28563,5
28566,2
28567,4
28569,4
28570,4
28572,2
28573,5
28576,10
28579,2
28580,2
28582,6
28583,6
28585,1
28586,5
28588,3
28589,4
28592,2
28595,12
28596,1
28598,1
28599,1
28601,5
28602,6
28604,2
28605,5
28608,5
28611,4
28612,2
28614,3
28615,2
28617,1
28618,10
28620,1
28621,6
28624,4
28627,8
28628,2
28630,4
28631,1
28633,4
28634,6
28637,7
28640,13
28644,1
28646,5
28647,3
28649,2
28650,1
28653,12
28656,5
28659,7
28660,2
28662,3
28663,1
28665,3
28666,4
28668,1
28669,4
28672,8
28675,5
28678,4
28679,6
28682,4
28685,7
28688,4
28691,8
28692,2
28694,4
28695,1
28697,5
28698,5
28700,1
28701,2
28704,15
28707,2
28708,1
28710,7
28713,2
28714,4
28716,1
28717,9
28723,9
28726,5
28727,1
28729,4
28730,6
28733,3
28736,8
28739,4
28740,3
28742,5
28743,5
28745,1
28746,3
28748,2
28749,7
28752,5
28755,11
28756,3
28758,3
28759,2
28761,6
28762,5
28765,5
28768,6
28771,5
28774,2
28775,4
28777,3
28778,1
28781,7
28784,4
28787,11
28788,3
28790,2
28793,3
28794,8
28796,2
28797,4
28800,16
28803,4
28804,1
28806,2
28807,5
28809,1
28810,3
28812,3
28813,6
28816,1
28819,6
28820,4
28822,4
28823,3
28825,1
28826,3
28828,2
28829,2
28832,13
28835,1
28838,8
28839,5
28841,2
28842,3
28844,2
28845,5
28848,4
28851,10
28854,5
28855,5
28857,4
28858,4
28860,2
28861,5
28864,14
28867,7
28868,3
28870,6
28871,9
28873,5
28874,1
28876,1
28877,5
28880,7
28883,11
28886,1
28887,4
28889,4
28890,7
28892,2
28893,5
28896,12
28899,5
28902,5
28903,3
28905,6
28906,3
28908,1
28909,8
28912,4
28915,12
28918,2
28919,1
28921,1
28922,6
28924,2
28925,4
28928,9
28931,1
28932,1
28934,4
28935,4
28937,1
28938,4
28940,2
28941,8
28944,11
28947,3
28948,2
28950,2
28951,4
28953,1
28954,2
28956,1
28957,3
28960,9
28963,5
28966,4
28967,5
28969,3
28970,4
28972,1
28973,7
28976,6
28979,11
28980,3
28982,5
28983,1
28985,3
28986,5
28988,1
28989,6
28992,12
28995,3
28998,3
28999,5
29001,2
29002,2
29005,6
29008,5
29011,8
29012,1
29015,1
29017,5
29018,7
29020,1
29021,3
29024,7
29027,6
29030,10
29031,3
29033,2
29034,2
29036,1
29037,8
29040,3
29043,7
29044,1
29046,1
29049,4
29050,7
29052,1
29053,2
29056,13
29059,4
29062,5
29063,2
29065,2
29066,4
29068,2
29069,4
29072,6
29075,6
29076,4
29078,4
29079,2
29081,4
29082,2
29084,1
29085,5
29088,11
29091,3
29092,1
29094,3
29095,8
29097,5
29098,5
29100,4
29101,8
29104,2
29107,13
29108,4
29110,1
29111,1
29113,6
29114,6
29116,2
29117,8
29120,11
29123,2
29126,3
29127,11
29129,1
29130,3
29132,3
29133,5
29136,3
29139,11
29140,1
29142,6
29143,1
29145,6
29146,5
29149,3
29152,10
29155,7
29158,4
29159,3
29161,1
29162,5
29164,3
29165,10
29168,4
29171,8
29172,1
29174,2
29175,2
29177,3
29178,6
29180,1
29181,4
29184,8
29187,1
29190,10
29191,3
29193,2
29194,2
29196,4
29197,4
29200,3
29203,10
29204,1
29206,4
29209,4
29210,6
29212,1
29213,2
29216,8
29219,3
29220,1
29222,6
29223,4
29225,1
29226,3
29229,16
29232,7
29235,10
29236,3
29238,3
29241,8
29242,7
29244,2
29245,5
29248,12
29251,3
29252,2
29254,8
29255,2
29258,4
29260,2
29261,6
29264,6
29267,9
29268,1
29270,2
29271,1
29273,2
29274,5
29276,1
29277,1
29280,10
29283,6
29286,8
29287,3
29289,1
29290,4
29292,3
29293,6
29296,5
29299,7
29300,1
29302,1
29303,1
29305,7
29306,7
29308,1
29309,3
29312,16
29315,4
29316,2
29318,7
29319,4
29321,3
29322,4
29324,1
29325,8
29328,1
29331,10
29332,1
29334,2
29335,1
29337,4
29338,9
29341,5
29344,8
29347,2
29350,6
29351,4
29353,5
29354,4
29356,3
29357,7
29360,7
29363,10
29364,2
29366,5
29367,2
29369,5
29370,4
29372,1
29373,6
29376,7
29379,4
29380,3
29382,8
29383,4
29385,1
29386,2
29388,2
29389,7
29392,5
29395,6
29396,1
29398,6
29399,2
29401,5
29402,3
29405,3
29408,8
29411,4
29412,1
29414,8
29415,3
29417,1
29418,4
29420,3
29421,5
29424,4
29427,4
29428,4
29430,3
29431,1
29433,3
29434,7
29436,2
29437,5
29440,9
29443,5
29446,8
29447,3
29450,3
29452,1
29453,10
29456,6
29459,8
29462,3
29463,2
29465,7
29466,8
29468,1
29469,3
29472,9
29475,3
29478,4
29479,3
29481,1
29482,2
29484,2
29485,9
29488,8
29491,9
29492,2
29494,4
29495,2
29497,4
29498,9
29500,2
29501,3
29504,8
29507,6
29510,8
29511,1
29513,1
29514,1
29516,1
29517,10
29520,5
29523,11
29524,2
29526,2
29527,4
29529,5
29530,1
29532,2
29533,1
29536,6
29539,8
29540,1
29542,3
29543,2
29545,3
29548,2
29549,9
29552,2
29555,6
29556,4
29558,5
29559,1
29561,1
29562,8
29564,1
29565,2
29568,6
29571,6
29574,4
29575,12
29577,1
29578,1
29580,1
29581,7
29584,8
29587,7
29588,1
29590,1
29593,1
29594,5
29596,3
29597,4
29600,3
29603,1
29604,1
29606,8
29607,6
29609,5
29610,4
29612,5
29613,5
29616,9
29619,5
29620,3
29622,4
29623,3
29625,4
29626,4
29629,1
29632,17
29635,6
29638,4
29639,2
29641,5
29642,2
29644,4
29645,9
29648,4
29651,10
29652,3
29654,2
29655,2
29657,6
29658,10
29661,2
29664,5
29667,6
29670,6
29671,6
29673,1
29674,4
29676,1
29677,6
29680,4
29683,10
29684,3
29686,3
29687,3
29689,6
29690,2
29692,1
29693,8
29696,8
29699,2
29702,6
29703,2
29705,3
29706,2
29708,2
29709,12
29712,4
29715,8
29716,1
29718,6
29719,5
29721,3
29722,10
29724,1
29725,2
29728,12
29731,2
29734,3
29735,1
29737,1
29738,3
29741,3
29744,6
29747,9
29748,4
29750,2
29753,4
29754,3
29757,2
29760,13
29763,1
29766,4
29767,2
29769,2
29770,5
29773,11
29776,8
29779,3
29782,3
29783,1
29785,3
29786,4
29788,3
29789,3
29792,7
29795,4
29796,1
29798,5
29799,2
29801,3
29802,1
29804,2
29805,6
29808,6
29811,11
29814,3
29817,3
29818,6
29820,1
29821,6
29824,19
29827,3
29828,1
29830,5
29831,2
29834,1
29837,5
29840,9
29843,9
29846,3
29847,3
29849,3
29850,4
29852,2
29853,6
29856,13
29859,3
29860,1
29862,2
29863,4
29865,1
29866,5
29868,2
29869,2
29872,6
29875,9
29876,2
29878,2
29881,5
29882,1
29884,2
29885,2
29888,11
29891,1
29892,1
29894,4
29895,3
29897,2
29898,5
29900,2
29901,5
29904,5
29907,4
29910,3
29911,1
29913,6
29914,4
29917,6
29920,6
29923,2
29924,1
29926,6
29927,2
29929,1
29930,3
29932,4
29933,9
29936,2
29939,9
29940,1
29942,3
29943,3
29945,3
29946,4
29948,1
29949,5
29952,16
29955,3
29956,2
29958,3
29959,3
29961,2
29962,8
29964,4
29965,9
29968,3
29971,5
29974,4
29975,5
29977,6
29978,1
29981,2
29984,10
29987,3
29988,4
29990,5
29991,2
29993,1
29996,1
29997,11
30000,6
30003,6
30004,1
30006,1
30007,1
30009,7
30010,2
30013,4
30016,8
30019,3
30020,1
30022,3
30023,4
30025,1
30026,1
30028,2
30029,10
30032,4
30035,8
30036,3
30039,3
30041,2
30042,7
30044,2
30045,4
30048,6
30051,4
30052,1
30054,5
30055,3
30060,1
30061,3
30064,5
30067,3
30068,4
30070,4
30071,2
30073,4
30074,4
30076,3
30077,4
30080,13
30083,6
30086,3
30087,3
30089,3
30090,1
30093,6
30096,5
30099,12
30100,2
30102,1
30103,3
30105,2
30106,6
30109,4
30112,6
30115,1
30116,1
30118,4
30119,8
30121,2
30122,3
30124,1
30125,7
30128,7
30131,8
30132,2
30134,2
30137,8
30138,1
30140,1
30141,5
30144,12
30147,4
30150,4
30151,5
30153,1
30154,2
30156,4
30157,10
30160,5
30163,10
30164,1
30166,2
30167,1
30169,2
30170,5
30173,4
30176,6
30179,4
30180,1
30182,6
30183,4
30185,1
30186,3
30188,2
30189,7
30192,4
30195,5
30196,1
30198,2
30201,8
30202,4
30204,1
30205,3
30208,11
30211,1
30214,1
30215,2
30217,1
30220,4
30221,8
30224,7
30227,5
30228,2
30230,1
30231,3
30233,4
30234,4
30236,2
30237,3
30240,8
30243,1
30246,7
30247,5
30249,2
30250,9
30252,2
30253,11
30256,8
30259,5
30260,2
30262,3
30263,2
30265,4
30266,7
30268,2
30269,3
30272,6
30275,4
30278,4
30279,2
30281,1
30282,3
30284,1
30285,7
30288,4
30291,9
30292,1
30294,1
30295,3
30297,4
30298,3
30300,1
30301,1
30304,11
30307,4
30310,7
30311,6
30313,5
30314,3
30317,9
30320,4
30323,6
30324,3
30326,3
30327,3
30329,4
30330,3
30332,3
30333,5
30336,14
30339,4
30340,2
30342,7
30343,6
30345,1
30346,2
30348,4
30349,9
30352,4
30355,7
30356,2
30358,1
30359,3
30361,2
30362,1
30365,5
30368,10
30371,5
30372,1
30374,5
30375,3
30377,1
30378,6
30380,6
30381,8
30384,5
30387,10
30388,1
30390,2
30391,1
30393,6
30394,5
30397,5
30400,11
30403,7
30406,5
30407,4
30409,1
30410,1
30412,2
30413,9
30416,3
30419,7
30420,2
30422,2
30423,2
30425,4
30426,9
30428,1
30429,3
30432,9
30435,5
30436,2
30438,6
30439,3
30441,3
30442,1
30444,4
30445,6
30448,7
30451,13
30452,4
30454,2
30455,2
30457,8
30458,5
30461,5
30464,12
30467,3
30468,1
30470,5
30473,2
30474,3
30477,6
30480,3
30483,3
30486,4
30487,2
30489,2
30490,8
30492,1
30493,5
30496,7
30499,2
30500,2
30502,9
30503,4
30505,3
30506,2
30508,2
30509,7
30512,5
30515,5
30516,4
30518,6
30519,2
30521,5
30522,6
30525,5
30528,12
30531,3
30532,3
30534,6
30535,4
30537,1
30538,3
30540,5
30541,16
30544,4
30547,10
30548,4
30550,4
30553,2
30554,5
30557,2
30560,11
30563,2
30566,4
30567,7
30569,3
30570,2
30573,13
30576,3
30579,8
30580,1
30582,6
30583,2
30585,1
30586,8
30588,1
30589,4
30592,10
30595,9
30596,1
30598,8
30599,2
30601,2
30602,3
30604,3
30605,3
30608,4
30611,2
30612,3
30614,4
30615,3
30617,4
30618,7
30621,3
30624,5
30627,1
30630,2
30631,3
30634,3
30636,3
30637,11
30640,4
30643,4
30644,1
30646,2
30647,2
30649,3
30650,5
30652,3
30653,2
30656,8
30659,4
30662,4
30663,3
30665,1
30666,2
30668,1
30669,4
30672,6
30675,8
30676,1
30678,1
30679,1
30681,1
30682,7
30684,1
30685,3
30688,11
30691,3
30692,2
30694,10
30695,1
30697,2
30700,1
30701,7
30704,5
30707,7
30708,2
30710,2
30711,2
30713,3
30714,5
30717,5
30720,8
30723,3
30724,3
30726,9
30727,2
30730,4
30733,8
30736,7
30739,5
30740,2
30742,1
30743,4
30745,4
30746,5
30748,1
30749,5
30752,9
30755,2
30756,2
30758,5
30759,3
30761,3
30762,3
30764,3
30765,3
30768,9
30771,13
30772,2
30774,3
30775,2
30777,7
30778,4
30781,7
30784,7
30788,1
30790,8
30791,4
30793,3
30794,4
30796,2
30797,8
30800,6
30803,6
30804,4
30806,4
30809,2
30810,6
30813,5
30816,6
30819,2
30822,3
30823,4
30825,2
30826,3
30828,2
30829,10
30832,5
30835,9
30836,1
30838,2
30839,3
30841,5
30842,4
30844,3
30845,7
30848,8
30851,1
30852,2
30854,4
30855,1
30857,3
30858,3
30860,5
30861,10
30864,5
30867,8
30868,1
30870,4
30871,2
30873,4
30874,4
30876,1
30877,3
30880,11
30883,3
30884,2
30886,4
30887,4
30889,2
30890,2
30892,5
30893,5
30896,5
30899,6
30900,1
30902,2
30903,2
30905,4
30906,7
30908,1
30909,10
30912,9
30915,8
30916,1
30918,8
30919,4
30921,3
30922,3
30924,2
30925,4
30928,4
30931,7
30934,5
30935,2
30937,2
30938,2
30941,1
30944,11
30947,5
30950,4
30951,4
30954,2
30956,3
30957,4
30960,2
30963,9
30964,1
30966,3
30967,3
30969,4
30970,8
30972,1
30973,3
30976,7
30979,8
30982,5
30983,5
30985,3
30986,2
30988,3
30989,5
30992,8
30995,6
30996,1
30998,1
30999,1
31002,6
31004,1
31005,4
31008,15
31011,5
31014,5
31015,5
31017,3
31018,3
31020,3
31021,7
31024,2
31027,10
31028,3
31030,4
31031,2
31033,6
31034,6
31036,1
31037,4
31040,7
31043,3
31044,1
31046,3
31047,3
31050,3
31052,2
31053,11
31056,9
31059,3
31062,3
31063,3
31065,4
31066,4
31069,3
31072,6
31075,4
31076,1
31078,2
31079,3
31081,2
31082,4
31084,2
31085,8
31088,4
31091,5
31092,1
31094,5
31095,2
31097,4
31098,1
31101,3
31104,5
31107,2
31110,4
31111,2
31116,1
31117,12
31120,6
31123,10
31124,4
31126,3
31127,3
31129,4
31130,1
31133,4
31136,10
31139,1
31140,1
31142,7
31143,1
31146,5
31148,3
31149,6
31152,2
31155,5
31158,1
31159,3
31161,3
31162,5
31165,4
31168,11
31171,3
31174,3
31175,4
31177,2
31178,4
31180,1
31181,7
31184,2
31187,8
31188,2
31190,8
31191,4
31193,7
31194,2
31197,7
31200,3
31203,6
31204,2
31206,5
31207,1
31209,4
31212,3
31213,12
31216,4
31219,5
31222,2
31223,1
31225,2
31226,8
31229,1
31232,10
31235,3
31236,1
31238,2
31239,6
31242,1
31245,8
31248,2
31251,1
31252,2
31254,4
31257,6
31258,3
31261,3
31264,8
31267,1
31270,4
31271,6
31273,2
31274,3
31277,6
31280,4
31283,5
31284,1
31286,2
31287,4
31289,3
31290,5
31296,12
31299,4
31302,9
31303,2
31305,3
31306,1
31308,5
31309,7
31312,5
31315,9
31318,3
31319,1
31321,3
31322,2
31324,1
31325,2
31328,6
31331,1
31332,1
31334,7
31335,2
31337,3
31338,3
31340,1
31341,9
31344,6
31347,10
31350,5
31351,4
31353,1
31354,6
31356,2
31357,7
31360,10
31363,3
31366,6
31367,2
31369,1
31370,5
31372,3
31373,8
31376,5
31379,10
31380,2
31382,3
31385,3
31386,4
31389,2
31392,9
31395,1
31396,1
31398,4
31399,4
31401,3
31402,3
31405,8
31408,6
31411,6
31414,1
31415,3
31417,2
31418,3
31421,3
31424,10
31427,3
31430,4
31431,5
31433,6
31434,1
31436,1
31437,5
31440,5
31443,7
31444,3
31446,4
31447,3
31449,4
31450,1
31453,3
31456,7
31459,5
31460,1
31462,4
31463,4
31465,3
31466,2
31468,1
31469,3
31472,3
31475,3
31476,3
31478,5
31479,2
31481,2
31482,1
31484,1
31485,4
31488,8
31491,4
31494,4
31495,5
31498,2
31501,6
31504,2
31507,7
31508,1
31510,2
31511,3
31513,1
31514,3
31517,4
31520,7
31523,5
31524,1
31526,6
31527,6
31529,1
31530,4
31533,3
31536,5
31539,7
31540,1
31542,6
31543,4
31545,2
31546,5
31548,1
31549,7
31552,6
31555,3
31558,2
31559,4
31562,1
31565,6
31568,4
31571,1
31572,1
31574,3
31575,1
31577,4
31578,6
31580,2
31581,4
31584,11
31587,3
31588,1
31590,6
31591,3
31594,2
31596,2
31597,6
31600,5
31603,5
31604,2
31606,2
31609,1
31610,2
31612,3
31616,8
31619,2
31620,1
31623,4
31625,1
31626,2
31628,2
31629,9
31632,2
31635,5
31636,2
31638,3
31639,4
31641,4
31642,3
31644,1
31645,1
31648,3
31651,4
31654,4
31655,6
31657,4
31658,3
31661,8
31664,8
31667,3
31668,2
31670,2
31671,4
31673,2
31674,5
31677,4
31680,5
31683,5
31686,5
31687,1
31689,2
31690,2
31692,2
31693,7
31696,3
31699,6
31702,1
31703,2
31705,2
31706,1
31709,2
31712,12
31715,3
31716,2
31718,6
31719,6
31721,3
31722,1
31724,1
31725,9
31728,4
31731,3
31732,1
31734,3
31737,3
31738,8
31740,2
31741,1
31744,13
31747,2
31748,1
31750,4
31751,4
31753,2
31754,2
31756,3
31757,3
31760,3
31763,10
31766,2
31767,4
31769,1
31770,5
31773,2
31776,4
31779,2
31780,1
31782,5
31783,1
31785,2
31786,2
31788,1
31789,3
31792,4
31795,8
31798,4
31799,1
31801,1
31802,3
31804,1
31805,3
31808,3
31811,5
31814,2
31815,4
31818,2
31820,2
31821,11
31824,4
31827,6
31828,1
31830,1
31831,2
31833,3
31834,8
31840,7
31843,1
31846,3
31847,5
31849,2
31850,2
31852,1
31853,9
31859,6
31860,1
31862,2
31863,2
31865,1
31866,4
31869,1
31872,11
31875,1
31878,13
31879,1
31881,2
31882,3
31884,4
31885,4
31888,2
31891,8
31892,2
31895,1
31897,3
31898,6
31900,2
31901,1
31904,3
31907,2
31910,6
31911,1
31913,2
31914,1
31916,1
31917,5
31920,4
31923,2
31924,3
31926,2
31927,1
31929,3
31930,2
31932,1
31933,2
31936,8
31939,2
31940,1
31942,5
31943,2
31945,4
31949,6
31952,6
31955,6
31959,1
31961,2
31962,7
31964,1
31965,1
31968,10
31971,3
31972,1
31974,2
31975,2
31977,2
31978,1
31980,1
31981,5
31984,1
31987,10
31988,1
31991,3
31993,3
31994,4
31997,4
32000,5
32004,1
32006,3
32007,4
32009,3
32010,2
32013,4
32016,5
32019,4
32020,2
32022,4
32025,3
32026,4
32028,1
32029,1
32032,14
32035,2
32038,4
32039,2
32041,2
32042,1
32044,1
32045,3
32048,3
32051,5
32052,3
32054,2
32057,1
32058,1
32060,1
32061,7
32064,6
32067,2
32068,2
32070,3
32071,2
32073,2
32074,2
32077,4
32080,3
32083,5
32084,1
32086,3
32087,3
32089,1
32090,3
32092,1
32093,1
32096,8
32099,4
32102,2
32108,3
32109,5
32112,7
32115,6
32116,2
32118,1
32119,2
32121,4
32122,6
32125,4
32128,2
32131,2
32132,1
32134,4
32135,3
32138,3
32140,1
32141,5
32144,5
32147,4
32148,2
32150,2
32151,1
32153,3
32154,5
32156,1
32157,1
32160,11
32163,3
32164,1
32166,9
32167,3
32169,3
32170,1
32172,2
32173,2
32176,5
32179,11
32180,2
32182,2
32183,1
32186,4
32188,2
32189,1
32192,4
32195,4
32196,1
32198,4
32199,1
32205,6
32208,3
32211,3
32212,1
32214,3
32215,1
32217,1
32218,2
32220,1
32221,2
32224,5
32230,5
32231,5
32233,1
32234,3
32236,3
32237,2
32240,2
32243,2
32246,3
32247,3
32249,3
32250,2
32252,2
32253,3
32256,13
32259,1
32260,3
32262,6
32263,4
32265,1
32266,2
32269,5
32272,5
32275,6
32276,2
32278,2
32279,2
32282,4
32284,2
32285,2
32288,5
32291,1
32292,2
32294,6
32295,3
32298,3
32301,7
32304,6
32307,8
32308,2
32310,2
32311,3
32313,3
32314,6
32317,5
32320,3
32323,1
32326,2
32327,5
32329,3
32330,3
32332,1
32333,3
32336,2
32339,5
32340,1
32342,4
32343,1
32345,5
32346,1
32349,1
32352,8
32355,2
32358,6
32359,2
32362,1
32365,7
32368,3
32371,4
32372,3
32374,2
32375,1
32377,1
32378,5
32381,1
32384,13
32387,1
32390,3
32391,5
32393,1
32394,6
32396,2
32397,7
32400,2
32403,2
32406,3
32407,1
32410,5
32413,5
32416,3
32419,3
32420,2
32422,5
32423,1
32425,1
32426,2
32428,1
32429,9
32432,2
32435,2
32438,2
32441,2
32442,1
32445,2
32448,11
32451,5
32454,6
32455,3
32457,2
32458,2
32461,5
32467,5
32468,1
32470,2
32471,1
32473,2
32474,4
32477,1
32480,5
32486,4
32487,5
32489,1
32490,2
32492,3
32493,4
32496,2
32499,1
32500,2
32502,2
32503,2
32506,3
32509,4
32512,6
32515,3
32516,1
32518,3
32519,3
32521,2
32522,1
32525,7
32528,4
32531,6
32532,5
32534,3
32537,3
32538,5
32540,1
32544,10
32547,3
32550,4
32551,1
32553,2
32554,6
32557,6
32560,4
32563,5
32564,3
32567,1
32569,3
32570,4
32572,1
32573,3
32576,5
32579,3
32580,1
32582,4
32583,1
32586,4
32588,1
32589,6
32592,4
32595,10
32596,1
32598,4
32599,1
32602,4
32604,1
32605,2
32608,11
32611,3
32612,3
32614,3
32615,2
32617,1
32621,2
32624,5
32627,7
32628,1
32630,1
32633,1
32634,7
32636,1
32637,1
32640,5
32643,1
32646,3
32647,2
32649,1
32650,2
32652,1
32653,7
32656,4
32659,7
32660,1
32662,2
32665,1
32666,3
32668,3
32669,2
32672,6
32675,1
32676,1
32678,3
32679,1
32682,1
32684,4
32685,9
32688,3
32691,3
32692,1
32694,2
32697,3
32698,7
32701,4
32704,9
32708,1
32710,4
32711,1
32713,1
32714,3
32716,1
32717,5
32720,2
32723,4
32724,1
32727,2
32729,4
32730,3
32732,1
32736,5
32739,2
32742,7
32745,2
32746,1
32748,1
32749,4
32752,6
32755,2
32756,1
32758,1
32759,1
32762,7
32765,4
32768,5
32771,6
32774,2
32780,1
32781,3
32784,2
32787,4
32788,3
32790,2
32793,3
32794,4
32797,5
32800,4
32803,1
32806,3
32807,4
32812,4
32813,6
32816,1
32819,2
32820,1
32822,2
32825,2
32826,2
32829,1
32832,3
32836,1
32838,1
32839,3
32841,2
32842,2
32845,1
32848,4
32851,7
32854,2
32857,1
32858,5
32861,3
32864,6
32867,4
32868,1
32871,2
32873,1
32874,3
32877,2
32880,1
32883,6
32884,1
32887,1
32889,3
32890,3
32892,2
32893,3
32896,7
32899,3
32900,2
32902,3
32903,1
32906,2
32908,1
32909,6
32912,3
32915,8
32916,2
32918,2
32919,1
32921,2
32922,3
32928,5
32931,1
32932,1
32934,2
32937,1
32938,2
32940,1
32941,5
32944,5
32947,3
32950,1
32951,1
32953,2
32954,5
32956,2
32957,1
32960,7
32963,1
32964,1
32966,6
32967,1
32972,1
32973,7
32976,4
32979,3
32980,1
32982,1
32983,1
32985,3
32986,2
32988,1
32989,1
32992,7
32995,3
32998,3
32999,3
33001,1
33002,1
33004,2
33005,5
33008,3
33011,5
33012,4
33014,1
33017,1
33018,4
33021,4
33024,6
33027,2
33030,5
33031,1
33033,2
33037,8
33040,3
33043,6
33046,4
33047,2
33049,2
33050,1
33053,2
33056,4
33059,2
33060,1
33062,4
33063,1
33065,3
33066,3
33069,5
33072,5
33075,4
33076,2
33078,3
33081,3
33082,3
33084,2
33085,1
33088,7
33091,3
33094,4
33095,6
33098,1
33100,1
33101,5
33104,2
33107,4
33108,1
33110,2
33111,1
33113,4
33114,2
33116,3
33117,1
33120,4
33123,4
33126,3
33127,1
33129,2
33130,3
33132,3
33133,3
33136,4
33139,2
33140,1
33142,1
33143,2
33145,2
33146,4
33148,2
33149,3
33152,1
33158,1
33159,2
33161,1
33164,2
33165,5
33168,2
33171,7
33172,3
33177,4
33178,1
33181,2
33184,3
33187,1
33190,5
33191,3
33193,3
33194,1
33196,1
33197,6
33200,2
33203,8
33204,4
33206,1
33209,1
33210,4
33213,1
33216,5
33219,4
33220,1
33222,2
33223,1
33226,3
33228,1
33229,5
33232,3
33235,2
33236,5
33238,1
33239,3
33241,3
33242,4
33244,1
33245,5
33248,10
33251,3
33254,2
33255,1
33260,3
33261,6
33264,2
33267,4
33270,1
33271,1
33273,2
33274,3
33277,4
33280,6
33283,2
33287,4
33289,1
33290,2
33292,2
33293,4
33296,4
33299,1
33305,3
33306,5
33308,1
33309,2
33312,3
33315,1
33316,1
33318,3
33319,2
33322,1
33324,2
33325,6
33328,1
33331,4
33332,3
33334,2
33335,1
33337,1
33338,4
33341,2
33344,8
33347,1
33350,5
33351,1
33353,2
33354,1
33356,3
33357,6
33360,3
33363,5
33364,1
33366,1
33369,3
33370,9
33373,1
33376,6
33379,4
33382,4
33385,1
33386,3
33388,1
33389,2
33395,4
33396,3
33398,1
33399,2
33401,1
33402,1
33405,2
33408,2
33411,4
33414,4
33415,3
33417,2
33418,1
33421,3
33424,3
33427,6
33430,3
33431,1
33433,3
33434,3
33437,1
33440,3
33443,2
33446,4
33447,1
33449,1
33450,3
33452,2
33453,4
33456,2
33459,4
33462,2
33463,1
33465,3
33466,2
33469,1
33472,8
33475,3
33476,1
33478,4
33479,1
33481,1
33485,6
33488,2
33492,2
33494,5
33495,2
33497,2
33498,3
33500,3
33501,3
33504,3
33507,3
33508,1
33510,2
33511,1
33513,4
33514,1
33516,1
33517,3
33520,2
33523,3
33524,2
33526,1
33527,1
33529,1
33530,1
33533,3
33536,6
33539,2
33542,4
33543,3
33546,1
33548,4
33549,3
33555,4
33556,5
33559,1
33561,5
33562,2
33565,4
33568,3
33571,4
33574,3
33575,2
33577,1
33580,1
33581,4
33584,3
33587,7
33588,1
33593,2
33594,2
33596,1
33597,1
33600,1
33603,3
33604,1
33606,4
33607,2
33609,1
33610,1
33613,5
33616,2
33619,2
33622,3
33623,2
33625,3
33626,6
33629,1
33632,3
33635,1
33638,2
33639,1
33642,4
33644,2
33645,2
33648,1
33651,5
33652,1
33654,1
33655,1
33657,4
33658,4
33661,1
33664,6
33667,2
33668,1
33670,3
33671,1
33674,2
33677,3
33680,1
33683,1
33684,2
33686,1
33689,5
33690,4
33692,1
33693,3
33696,5
33699,3
33702,4
33703,1
33705,1
33706,3
33709,4
33712,2
33715,2
33716,1
33721,1
33725,1
33728,6
33731,3
33734,4
33735,2
33737,2
33738,3
33740,3
33741,4
33744,1
33747,3
33748,1
33753,1
33754,3
33756,1
33757,2
33760,4
33763,5
33766,2
33769,3
33770,2
33772,1
33773,7
33776,2
33779,1
33780,1
33785,1
33786,4
33788,1
33792,5
33795,1
33798,2
33799,2
33801,3
33802,1
33805,2
33808,3
33811,2
33814,1
33815,2
33817,1
33818,1
33821,1
33824,6
33827,3
33828,1
33830,1
33831,4
33834,2
33837,5
33840,2
33843,2
33844,1
33846,1
33849,3
33850,2
33852,1
33853,3
33856,5
33860,2
33863,1
33866,2
33869,3
33872,1
33875,3
33876,1
33878,3
33881,3
33882,2
33885,3
33888,3
33891,1
33892,1
33894,3
33895,1
33897,2
33901,5
33904,1
33907,4
33910,2
33911,2
33913,2
33914,1
33916,1
33917,3
33920,3
33923,2
33924,3
33926,3
33927,2
33930,2
33933,3
33936,3
33939,6
33940,1
33942,3
33943,2
33945,2
33949,1
33952,4
33958,1
33959,1
33961,2
33965,7
33971,1
33977,1
33978,1
33984,4
33987,2
33988,1
33990,3
33991,2
33993,1
33994,3
33996,2
33997,4
34000,3
34003,5
34006,4
34007,2
34009,1
34010,5
34012,1
34013,5
34016,3
34019,2
34020,1
34022,7
34023,1
34026,2
34028,1
34029,5
34032,7
34035,1
34041,1
34042,2
34045,2
34048,6
34051,1
34052,1
34054,4
34055,1
34058,1
34061,5
34067,3
34070,1
34074,4
34077,1
34080,1
34083,1
34086,1
34087,5
34090,2
34093,1
34096,2
34099,1
34100,1
34102,1
34105,2
34106,5
34112,2
34116,1
34118,2
34119,4
34121,1
34125,4
34128,4
34131,7
34134,2
34137,2
34138,2
34141,3
34144,6
34148,1
34150,2
34151,2
34154,2
34157,8
34160,2
34163,5
34164,2
34166,1
34167,2
34169,4
34170,4
34173,1
34176,9
34182,4
34183,2
34185,1
34188,1
34189,1
34192,3
34195,3
34196,1
34198,2
34201,1
34202,1
34204,2
34205,1
34208,8
34211,1
34212,1
34214,3
34217,1
34218,1
34221,2
34227,1
34230,2
34231,1
34234,2
34240,5
34244,1
34246,2
34247,2
34250,2
34252,2
34253,5
34256,2
34259,4
34260,1
34265,1
34266,1
34268,2
34272,4
34276,1
34278,2
34279,1
34281,1
34284,1
34285,3
34288,2
34291,4
34292,1
34294,1
34298,3
34301,2
34304,8
34307,2
34308,1
34310,2
34311,1
34313,2
34317,2
34323,2
34326,4
34330,1
34333,1
34336,6
34339,6
34340,1
34342,3
34343,3
34345,1
34346,1
34348,2
34349,2
34352,3
34355,1
34358,4
34359,1
34362,3
34364,1
34365,1
34368,3
34371,3
34374,2
34375,1
34377,3
34378,1
34380,1
34381,3
34384,1
34387,4
34391,1
34393,2
34394,4
34396,2
34397,2
34400,5
34403,1
34404,1
34406,5
34407,1
34413,5
34416,2
34419,2
34420,4
34422,2
34423,3
34425,1
34426,3
34428,1
34429,4
34432,2
34435,1
34436,1
34438,2
34439,2
34441,2
34442,2
34444,1
34445,1
34448,3
34451,4
34457,1
34458,3
34460,1
34461,2
34464,4
34467,2
34468,1
34470,1
34473,2
34476,1
34477,5
34480,2
34483,3
34484,3
34489,3
34490,4
34493,1
34496,4
34499,1
34502,3
34503,3
34505,1
34508,1
34509,3
34512,3
34515,3
34516,2
34518,2
34519,3
34521,1
34522,3
34525,1
34528,5
34531,2
34535,2
34541,3
34544,2
34547,4
34550,1
34551,1
34553,3
34554,2
34556,1
34557,1
34560,3
34563,1
34566,2
34567,3
34569,1
34573,1
34576,3
34579,7
34585,3
34586,2
34588,1
34589,1
34592,5
34595,1
34598,2
34599,1
34601,1
34602,3
34604,1
34605,2
34608,4
34611,3
34612,1
34615,1
34617,1
34618,2
34620,1
34621,1
34624,7
34627,1
34630,2
34631,1
34633,1
34636,2
34637,3
34640,1
34643,3
34644,2
34646,2
34647,1
34649,4
34650,1
34656,8
34659,1
34662,2
34663,1
34665,2
34666,2
34669,4
34672,4
34675,4
34676,1
34678,2
34681,2
34682,1
34688,2
34691,2
34692,1
34695,1
34697,1
34698,1
34700,1
34701,6
34704,2
34707,2
34713,1
34717,2
34720,6
34723,1
34726,2
34727,2
34733,2
34739,2
34740,2
34742,2
34745,3
34746,4
34749,2
34752,4
34755,1
34758,1
34759,3
34765,1
34768,2
34771,1
34774,1
34777,4
34778,2
34781,2
34784,2
34787,4
34790,3
34791,1
34793,3
34797,2
34803,4
34807,1
34809,4
34810,2
34813,1
34816,3
34819,2
34822,4
34829,3
34832,1
34835,3
34838,1
34841,1
34842,1
34845,4
34848,3
34851,3
34854,2
34858,1
34860,1
34861,2
34864,2
34867,3
34868,2
34873,1
34874,4
34880,1
34883,2
34886,3
34889,1
34890,1
34892,1
34893,1
34896,8
34899,2
34900,1
34903,2
34905,1
34906,6
34909,2
34912,1
34915,1
34919,2
34925,2
34928,1
34931,2
34934,3
34937,3
34938,2
34944,2
34950,3
34951,1
34954,1
34956,1
34957,2
34960,2
34963,3
34964,1
34967,2
34969,4
34970,1
34972,1
34976,6
34979,1
34986,2
34988,1
34989,1
34992,3
34995,3
34996,2
34998,1
35001,4
35002,2
35008,4
35011,2
35015,3
35020,1
35021,2
35024,1
35027,3
35028,2
35030,1
35031,2
35034,1
35040,5
35043,2
35046,3
35047,1
35050,1
35052,1
35053,5
35056,3
35059,3
35060,1
35062,2
35066,3
35072,4
35076,1
35078,1
35079,2
35081,1
35084,1
35085,6
35088,3
35091,1
35092,1
35094,1
35095,1
35098,3
35100,1
35101,1
35104,2
35107,2
35110,2
35111,3
35113,1
35114,1
35117,4
35120,1
35123,1
35124,1
35126,2
35129,5
35130,2
35136,3
35139,3
35145,1
35149,4
35152,1
35155,5
35158,1
35162,2
35165,2
35168,4
35174,1
35175,3
35177,1
35180,2
35181,1
35184,4
35187,1
35188,1
35190,1
35194,3
35197,1
35203,2
35204,1
35206,4
35209,1
35210,1
35212,3
35216,1
35219,3
35220,2
35223,4
35226,4
35229,3
35232,3
35235,1
35238,1
35239,1
35241,1
35242,2
35244,1
35245,1
35248,2
35251,1
35254,2
35255,1
35260,1
35264,6
35268,2
35270,2
35271,2
35273,1
35274,3
35277,2
35283,4
35287,1
35296,3
35299,1
35300,1
35302,5
35306,2
35312,2
35315,4
35316,2
35321,2
35322,3
35324,3
35328,4
35331,2
35334,4
35335,1
35338,1
35340,1
35344,1
35347,7
35350,3
35354,3
35357,1
35360,5
35363,1
35366,1
35369,2
35370,2
35372,1
35373,4
35376,3
35379,1
35382,1
35383,1
35386,3
35389,1
35392,4
35398,1
35401,1
35402,1
35405,4
35411,2
35414,1
35415,2
35421,1
35424,2
35427,2
35430,2
35431,3
35436,1
35437,2
35440,1
35443,5
35446,2
35453,1
35456,2
35459,1
35460,2
35462,2
35463,2
35465,1
35468,1
35469,1
35472,1
35476,1
35478,3
35481,3
35482,3
35485,2
35488,4
35491,1
35495,1
35497,1
35498,2
35500,1
35501,5
35504,2
35507,2
35510,1
35513,1
35514,1
35520,5
35523,2
35526,1
35527,2
35529,2
35533,2
35536,2
35540,2
35543,1
35545,2
35546,2
35549,2
35552,4
35555,1
35556,2
35558,1
35559,3
35564,1
35565,5
35568,3
35571,4
35574,1
35575,1
35577,1
35578,3
35580,1
35581,3
35587,2
35590,1
35591,1
35597,1
35600,1
35603,1
35604,1
35606,1
35607,1
35609,3
35610,2
35612,1
35616,7
35623,1
35625,2
35628,2
35629,1
35632,1
35636,2
35638,2
35642,1
35645,1
35648,7
35651,4
35654,4
35657,1
35661,4
35667,5
35670,1
35673,2
35674,4
35680,5
35687,1
35689,1
35690,1
35693,5
35696,1
35699,1
35700,1
35702,1
35706,3
35709,1
35712,2
35715,1
35719,3
35721,1
35722,2
35724,3
35725,2
35728,1
35731,1
35732,1
35734,1
35737,1
35738,1
35741,1
35744,3
35747,1
35750,1
35751,2
35754,1
35757,2
35763,1
35770,2
35773,2
35776,4
35779,3
35780,1
35782,2
35783,2
35785,1
35786,1
35789,1
35795,1
35798,2
35799,1
35801,1
35802,2
35805,1
35808,5
35812,1
35814,2
35815,2
35820,1
35821,2
35824,3
35827,2
35831,1
35834,2
35840,1
35843,3
35847,1
35849,1
35853,2
35856,3
35859,2
35860,1
35869,3
35872,4
35875,1
35878,1
35881,1
35885,2
35888,1
35891,2
35895,2
35897,2
35898,2
35901,3
35904,2
35907,1
35910,6
35911,4
35916,1
35917,4
35926,1
35927,3
35929,1
35930,1
35933,1
35936,1
35942,2
35943,1
35949,3
35952,1
35955,3
35956,1
35958,2
35961,1
35962,1
35965,1
35968,2
35971,1
35974,1
35975,1
35977,1
35978,1
35980,1
35981,3
35987,4
35988,1
35991,1
35993,1
35994,1
36000,3
36003,3
36006,1
36007,1
36012,1
36013,2
36016,1
36019,4
36022,1
36023,1
36025,1
36026,2
36028,1
36029,2
36032,3
36035,3
36038,2
36039,1
36042,2
36044,1
36045,1
36057,2
36058,2
36061,1
36064,2
36067,1
36070,1
36071,2
36073,1
36074,1
36077,3
36080,2
36084,1
36086,2
36087,1
36090,2
36096,1
36099,1
36102,2
36103,1
36105,1
36112,1
36115,3
36121,1
36122,3
36125,1
36128,3
36134,1
36135,2
36137,1
36141,1
36147,3
36154,2
36156,1
36157,1
36160,5
36166,2
36169,2
36173,4
36179,2
36183,1
36189,2
36192,4
36195,2
36198,2
36201,1
36205,2
36208,1
36211,2
36218,2
36221,1
36224,2
36227,2
36230,1
36231,1
36234,2
36236,1
36237,4
36243,3
36250,2
36256,2
36259,1
36262,2
36265,1
36266,1
36268,1
36269,1
36272,1
36275,2
36276,1
36278,1
36282,1
36288,3
36291,1
36300,1
36301,4
36304,2
36307,2
36317,2
36320,1
36327,1
36329,1
36330,1
36333,3
36336,3
36339,3
36342,1
36343,1
36345,2
36348,1
36352,2
36358,3
36359,1
36362,1
36365,3
36372,1
36375,1
36378,3
36384,4
36390,1
36391,3
36394,2
36397,1
36403,2
36406,1
36409,1
36410,1
36416,5
36419,1
36422,2
36423,1
36426,1
36429,3
36432,1
36435,4
36438,2
36442,2
36448,4
36451,1
36454,2
36460,1
36461,3
36464,2
36467,4
36470,1
36474,1
36480,4
36483,2
36486,3
36487,2
36493,3
36496,1
36499,3
36502,4
36503,1
36506,1
36508,1
36509,1
36512,4
36518,2
36519,1
36525,2
36528,1
36531,1
36535,1
36537,4
36538,3
36541,1
36544,1
36550,1
36551,2
36554,2
36556,1
36557,1
36560,2
36563,2
36566,3
36570,2
36582,2
36583,2
36589,1
36592,1
36595,1
36599,1
36605,1
36608,7
36611,1
36615,1
36617,2
36621,2
36624,2
36630,1
36634,4
36640,1
36643,1
36644,1
36646,1
36650,1
36656,3
36665,1
36666,1
36669,1
36672,1
36678,3
36679,2
36681,1
36682,1
36684,1
36685,3
36688,5
36691,4
36697,1
36698,1
36701,1
36704,4
36707,1
36710,1
36711,1
36720,1
36723,3
36726,1
36727,1
36729,2
36730,1
36733,1
36736,1
36746,3
36748,1
36749,1
36752,1
36755,4
36759,2
36765,1
36768,3
36771,2
36774,1
36778,1
36780,1
36781,2
36787,2
36790,1
36793,2
36794,2
36797,1
36800,3
36803,1
36809,1
36810,1
36813,4
36816,2
36819,3
36823,1
36829,1
36832,2
36835,1
36838,1
36845,2
36848,1
36861,2
36864,2
36867,1
36870,1
36871,1
36883,4
36884,1
36887,1
36889,2
36890,2
36892,1
36893,1
36896,1
36906,1
36909,3
36915,1
36918,1
36922,3
36925,1
36928,1
36931,1
36934,1
36951,1
36954,1
36957,1
36960,3
36963,1
36967,2
36969,1
36972,2
36973,2
36979,3
36985,1
36986,2
36992,2
36998,2
36999,2
37002,1
37005,2
37015,1
37017,2
37018,1
37021,1
37024,4
37027,1
37030,2
37031,1
37033,1
37040,2
37043,2
37046,1
37049,1
37050,1
37052,1
37053,1
37056,1
37060,1
37062,3
37063,1
37065,1
37069,2
37072,2
37081,1
37082,2
37088,2
37091,1
37094,2
37098,1
37101,2
37107,2
37108,1
37113,1
37114,2
37116,1
37120,3
37123,1
37124,1
37126,3
37127,2
37129,2
37130,1
37132,1
37133,1
37136,3
37139,3
37142,1
37145,1
37146,1
37149,1
37152,5
37158,1
37159,1
37162,1
37165,1
37168,2
37171,3
37174,1
37178,2
37181,1
37184,3
37187,2
37190,1
37191,2
37194,1
37197,5
37203,2
37204,1
37210,2
37216,1
37219,1
37222,3
37225,1
37226,1
37229,1
37232,1
37235,1
37236,1
37239,1
37251,1
37261,1
37264,2
37274,1
37280,4
37283,1
37286,1
37292,1
37293,1
37299,2
37302,3
37305,1
37309,1
37312,1
37316,1
37322,1
37325,1
37328,1
37331,3
37334,1
37338,4
37341,1
37344,3
37347,1
37350,1
37353,1
37360,1
37363,1
37364,2
37370,1
37376,4
37379,1
37382,2
37383,1
37386,2
37388,1
37389,4
37392,1
37395,1
37398,1
37408,3
37412,1
37414,1
37415,1
37418,3
37420,1
37421,1
37428,2
37430,1
37431,1
37433,3
37440,1
37446,1
37449,1
37452,1
37453,2
37456,1
37460,1
37463,1
37466,2
37468,1
37476,1
37479,2
37488,2
37491,1
37494,1
37497,1
37500,1
37504,1
37507,1
37517,1
37520,1
37523,3
37524,1
37526,3
37527,1
37529,2
37533,1
37536,2
37539,1
37540,1
37548,1
37549,2
37552,1
37555,2
37561,2
37562,1
37568,2
37574,2
37575,1
37581,1
37584,1
37587,2
37590,2
37591,1
37593,1
37594,1
37597,2
37600,1
37603,1
37609,1
37612,1
37619,1
37622,1
37623,1
37629,1
37632,2
37635,1
37638,2
37642,1
37644,1
37645,1
37648,2
37651,1
37652,1
37657,1
37658,2
37661,2
37664,3
37667,1
37680,1
37683,2
37686,1
37689,1
37690,2
37693,1
37696,2
37702,2
37703,1
37712,1
37715,1
37716,1
37719,1
37722,1
37725,1
37728,3
37731,1
37735,2
37747,1
37750,1
37756,1
37760,1
37767,1
37772,1
37773,1
37779,2
37780,1
37782,1
37785,1
37792,2
37798,1
37805,2
37808,1
37811,1
37812,1
37817,1
37818,1
37820,1
37821,1
37824,2
37830,1
37833,1
37834,1
37837,1
37849,1
37850,2
37856,1
37862,1
37868,2
37869,1
37872,3
37882,1
37888,1
37892,1
37894,3
37895,1
37897,1
37898,1
37900,1
37901,4
37907,1
37908,1
37910,1
37913,1
37914,1
37920,1
37926,2
37927,1
37939,3
37942,1
37949,4
37952,1
37955,1
37958,1
37965,2
37977,1
37978,2
37984,2
37987,1
37990,1
37991,3
37994,1
37997,1
38010,1
38016,1
38019,1
38022,1
38023,1
38028,1
38035,1
38038,1
38041,1
38044,1
38051,1
38054,1
38055,1
38061,2
38064,1
38067,1
38070,1
38073,2
38076,2
38077,1
38089,1
38090,1
38093,1
38096,4
38099,3
38100,1
38102,1
38108,1
38112,1
38118,2
38122,1
38125,2
38128,1
38135,1
38138,2
38140,1
38141,1
38150,1
38151,2
38153,1
38156,2
38160,1
38163,1
38170,1
38182,2
38183,3
38195,1
38196,1
38198,1
38205,1
38211,1
38214,2
38215,1
38220,1
38224,2
38227,2
38228,1
38233,1
38237,1
38240,1
38247,1
38250,1
38253,1
38259,1
38262,1
38269,2
38272,1
38279,2
38285,1
38291,4
38297,1
38300,1
38307,1
38311,1
38313,1
38314,2
38316,1
38317,2
38323,2
38326,1
38327,1
38330,1
38333,1
38336,2
38342,1
38349,1
38352,1
38355,1
38361,2
38365,2
38368,4
38377,1
38381,1
38394,1
38413,1
38416,3
38419,1
38426,1
38429,1
38432,3
38436,2
38444,1
38445,1
38448,1
38454,3
38457,1
38461,1
38467,1
38471,1
38473,1
38477,1
38483,1
38486,2
38489,1
38490,1
38493,1
38515,1
38519,2
38521,1
38525,1
38534,1
38547,1
38551,1
38556,1
38557,2
38560,1
38563,2
38566,1
38569,1
38572,1
38576,1
38583,2
38586,1
38588,1
38592,3
38598,2
38608,1
38611,1
38614,2
38621,1
38624,1
38627,2
38631,3
38637,1
38640,1
38643,1
38650,1
38656,1
38659,1
38662,2
38663,1
38676,1
38678,1
38681,1
38688,3
38691,1
38694,3
38697,1
38701,1
38714,2
38720,2
38729,1
38730,1
38732,1
38736,1
38739,1
38740,1
38752,1
38764,1
38765,1
38768,1
38771,1
38781,1
38784,2
38787,1
38790,2
38791,2
38797,1
38800,1
38806,1
38809,1
38822,1
38823,1
38828,2
38832,1
38841,2
38842,1
38848,1
38851,1
38855,1
38861,2
38873,1
38874,1
38876,1
38883,1
38886,1
38887,1
38889,1
38893,1
38899,3
38918,1
38922,1
38925,1
38932,1
38937,1
38938,1
38954,1
38957,3
38960,1
38982,1
38988,1
38996,3
39008,2
39011,2
39012,1
39014,1
39017,1
39018,1
39021,3
39024,1
39030,1
39034,1
39043,1
39044,1
39052,1
39053,1
39059,1
39065,2
39072,1
39075,2
39079,1
39088,1
39091,2
39092,1
39095,1
39104,3
39117,2
39123,1
39127,2
39129,1
39149,1
39155,1
39159,1
39171,1
39174,2
39180,1
39184,1
39206,1
39209,2
39220,1
39226,2
39229,2
39232,2
39241,1
39242,1
39244,1
39245,1
39251,3
39261,1
39264,1
39268,1
39273,1
39276,1
39280,1
39289,2
39296,1
39302,1
39309,1
39312,2
39315,1
39319,1
39338,1
39347,1
39350,1
39356,1
39372,1
39383,1
39392,1
39411,1
39417,1
39418,2
39424,1
39449,1
39450,1
39456,1
39462,1
39469,1
39475,1
39476,1
39494,1
39495,2
39500,1
39504,1
39507,1
39514,2
39540,1
39545,2
39552,3
39558,1
39565,1
39581,1
39588,1
39590,1
39591,1
39597,1
39610,1
39623,1
39625,1
39626,1
39636,1
39648,3
39667,1
39680,3
39690,2
39703,1
39712,1
39718,1
39719,2
39724,1
39725,1
39732,1
39734,1
39738,1
39744,1
39747,1
39754,1
39760,1
39763,1
39770,1
39776,1
39783,1
39792,1
39795,1
39808,1
39821,1
39831,1
39833,1
39840,2
39846,1
39853,1
39859,1
39860,1
39868,1
39872,1
39878,1
39879,2
39885,1
39891,1
39895,1
39910,1
39917,3
39923,1
39926,1
39933,1
39939,1
39948,1
39952,1
39955,2
39961,1
39968,2
39974,2
39980,1
39981,4
39984,1
39990,2
40000,1
40003,1
40006,1
40010,1
40019,1
40032,1
40054,1
40057,1
40071,1
40073,1
40074,1
40122,1
40128,2
40134,1
40140,1
40141,1
40154,1
40179,1
40180,1
40192,1
40195,1
40196,1
40205,2
40208,1
40224,1
40256,1
40269,1
40278,1
40284,1
40285,1
40297,2
40301,1
40304,1
40314,1
40320,2
40323,1
40327,1
40333,1
40346,1
40371,1
40381,1
40391,2
40394,1
40406,1
40410,1
40422,2
40428,1
40429,1
40432,1
40435,1
40448,2
40454,1
40468,1
40512,2
40515,1
40547,1
40550,3
40557,1
40576,1
40608,1
40624,1
40630,1
40646,1
40647,1
40659,1
40668,1
40675,1
40685,1
40707,1
40714,1
40716,1
40717,1
40724,1
40729,1
40736,1
40743,1
40781,1
40784,1
40791,1
40826,1
40829,1
40838,1
40864,1
40870,1
40871,1
40890,1
40912,1
40947,1
40954,1
40969,1
40970,1
40973,1
40980,1
41008,1
41024,1
41027,1
41030,1
41046,1
41056,3
41075,1
41097,1
41101,1
41123,1
41130,1
41136,1
41155,1
41178,1
41193,1
41210,1
41255,1
41261,2
41280,1
41289,1
41290,1
41312,1
41318,2
41319,1
41322,1
41344,1
41351,1
41357,1
41376,2
41386,1
41389,1
41392,1
41395,1
41443,1
41463,1
41479,1
41481,1
41491,1
41555,1
41561,1
41619,1
41623,1
41625,1
41626,1
41632,1
41635,1
41644,1
41648,1
41670,1
41683,2
41687,2
41700,1
41712,1
41715,1
41740,1
41782,1
41792,1
41805,1
41811,1
41817,1
41840,1
41885,1
41888,1
41891,1
41913,1
41930,1
41933,1
41936,1
41978,1
41981,1
42029,1
42032,1
42041,1
42054,2
42058,1
42064,1
42092,1
42118,1
42138,1
42157,1
42208,1
42221,1
42237,1
42246,1
42259,1
42282,1
42298,1
42343,1
42346,1
42371,1
42384,1
42388,1
42403,1
42413,1
42503,1
42509,1
42525,1
42537,1
42544,1
42573,1
42585,1
42592,1
42617,1
42621,1
42624,1
42630,1
42643,1
42659,1
42666,1
42675,1
42684,1
42752,1
42762,1
42794,1
42807,1
42823,1
42864,1
42887,1
42896,1
42916,1
42918,1
42941,1
42950,1
42957,2
42960,1
43008,1
43040,1
43063,1
43066,1
43069,1
43078,1
43085,1
43110,1
43117,1
43129,1
43139,1
43191,1
43200,1
43232,1
43245,1
43257,1
43273,1
43277,1
43315,1
43360,1
43383,1
43401,1
43475,1
43495,1
43507,1
43513,1
43517,1
43574,1
43603,1
43658,1
43687,1
43699,1
43700,1
43722,1
43782,1
43796,1
43847,1
43859,1
43888,1
43891,1
43894,1
43904,1
43914,1
43932,1
43939,1
43948,1
43965,1
44007,1
44025,1
44051,1
44080,1
44083,1
44122,1
44179,1
44185,1
44208,1
44214,1
44326,1
44339,1
44394,1
44407,1
44410,1
44423,1
44464,1
44496,1
44499,1
44505,1
44524,1
44537,1
44582,1
44595,1
44604,1
44621,1
44633,1
44682,1
44691,1
44717,1
44729,1
44733,1
44768,1
44893,1
44922,2
45018,1
45024,1
45028,1
45056,1
45069,1
45075,1
45082,1
45143,1
45165,1
45174,1
45203,1
45319,1
45380,1
45389,1
45392,1
45459,1
45494,1
45584,1
45613,1
45632,1
45664,1
45712,1
45732,1
45766,1
45824,1
45856,1
46016,1
46073,1
46093,1
46103,1
46105,1
46147,1
46150,1
46163,1
46201,1
46208,1
46221,1
46375,1
46425,1
46522,1
46528,1
46595,1
46640,1
46643,1
46682,2
46822,1
46880,1
46928,1
46986,1
47133,1
47245,1
47274,1
47277,1
47302,1
47309,1
47354,1
47382,1
47411,1
47412,1
47459,1
47472,1
47514,1
47539,1
47545,1
47604,1
47629,1
47641,1
47776,1
47942,1
48022,1
48061,1
48077,1
48237,1
48269,1
48448,1
48528,1
48550,1
48553,1
48583,1
48611,1
48723,1
48756,1
48851,1
48935,1
49037,1
49117,1
49226,1
49283,1
49302,1
49491,1
49536,1
49555,1
49564,1
49603,1
49632,1
49677,1
49715,1
49718,1
49724,1
49843,1
49907,1
49990,1
50073,1
50250,1
50269,1
50276,1
50317,1
50327,1
50342,1
50541,1
50605,1
50772,1
51002,1
51021,1
51130,1
51232,1
51405,1
51449,1
51820,1
51872,1
51940,1
52195,1
52598,1
52611,1
52640,1
52684,1
52711,1
52794,1
52836,1
53063,1
53210,1
53293,1
53447,1
53920,1
53965,1
53971,1
54080,1
54125,1
54266,1
54358,1
55187,1
55194,1
55584,1
55616,1
55907,1
55939,1
56013,1
56198,1
56352,1
56422,1
56633,1
56794,1
56912,1
57031,1
57091,1
57431,1
57434,1
57575,1
57625,1
57901,1
57920,1
58039,1
58499,1
58704,1
59085,1
59114,1
59732,1
60422,1
61405,1
61641,1
61699,1
61958,1
62157,1
62343,1
62451,1
62560,1
62694,1
62887,1
62899,1
63014,1
63328,1
63760,1
63831,1
64295,1
64599,1
65046,1
65126,1
65588,1
65718,1
65799,1
66857,1
67193,1
68064,1
68858,1
69056,1
69235,1
69389,1
69597,1
70016,1
70234,1
71366,1
71431,1
71721,1
71795,1
72761,1
72765,1
73107,1
73997,1
74316,1
74560,1
74599,1
74628,1
74717,1
74796,1
74944,1
75552,1
75581,1
75629,1
75760,1
75795,1
76112,1
76413,1
77062,1
77312,1
77395,1
77504,1
78707,1
78714,1
78893,1
79213,1
79229,1
79271,1
79280,1
80096,1
80582,1
80925,1
80928,1
81933,1
82169,1
82249,1
82269,1
82480,1
83060,1
83725,1
84313,1
84352,1
85004,1
85677,1
86199,1
86828,1
87533,1
87741,1
87824,1
88035,1
88096,1
88822,1
89011,1
89068,1
89344,1
89485,1
90432,1
90925,1
91136,1
91171,1
91203,1
91984,1
92505,1
92640,1
92858,1
93318,1
93811,1
94778,1
95616,1
96172,1
96598,1
99008,1
99161,1
99651,1
99693,1
99808,1
101082,1
101101,1
101452,1
101645,2
102093,1
102394,1
102413,1
102986,1
104045,1
104864,1
105927,1
106768,1
107117,1
107226,1
107968,1
108064,1
108089,1
108115,1
108166,1
108336,1
108487,1
108739,1
109936,1
110621,1
110848,1
112381,1
112669,1
113523,1
114176,1
114317,1
115561,1
116384,1
116496,1
116730,1
116832,1
117312,1
117689,1
118708,1
118941,1
118976,1
119069,1
119232,1
119731,1
120179,1
121373,1
121597,1
121616,1
121632,1
121920,1
122372,1
123312,1
123632,1
124051,1
124743,1
124832,1
125172,1
125488,1
125543,1
126436,1
127924,1
129069,1
129219,1
129453,1
129728,1
130681,1
130842,1
130902,1
131578,1
132048,1
132576,1
133341,1
133552,1
133741,1
133933,1
134976,1
134989,1
135389,1
136163,1
136352,1
136912,1
136922,1
137815,1
138547,1
140032,1
140665,1
140800,1
141203,1
141414,1
141683,1
142727,1
143427,1
143792,1
143798,1
144890,1
145072,1
146003,1
146976,1
147328,1
147449,1
147789,1
148096,1
148236,1
148252,1
148333,1
149101,1
149376,1
149414,1
149792,1
150902,1
151430,1
151946,1
151962,1
152246,1
152941,1
153207,1
153972,1
154272,1
154429,1
154893,1
155904,1
155984,1
156013,1
156128,1
157411,1
159680,1
159910,1
160246,1
160470,1
160602,1
161117,1
162163,1
162263,1
162547,1
162611,1
163712,1
163770,1
164445,1
164505,1
164580,1
165597,1
166378,1
166512,1
166950,1
167709,1
167962,1
168644,1
169881,1
170502,1
170915,1
172179,1
172790,1
172998,1
173280,1
173382,1
174343,1
174970,1
175699,1
175936,1
176176,1
176454,1
177466,1
177495,1
179607,1
179763,1
180739,1
181267,1
181430,1
181654,1
181837,1
181933,1
182860,1
182931,1
183092,1
183177,1
183241,1
183546,1
184329,1
184589,1
184912,1
187155,1
187168,1
188909,1
189904,1
190764,1
190953,1
191437,1
191958,1
192867,1
192918,1
193229,1
193760,1
193897,1
194534,1
196105,1
196157,1
198137,1
199398,1
199437,1
199898,1
200182,1
200793,1
201530,1
201908,1
202592,1
202682,1
202752,1
205485,1
206352,1
206714,1
206915,1
206995,1
207239,1
207308,1
207360,1
207472,1
208458,1
208646,1
210586,1
210730,1
212749,1
212791,1
212953,1
213536,1
213821,1
214720,1
214797,1
215591,1
217824,1
218208,1
218301,1
218365,1
218918,1
219452,1
219712,1
219900,1
220621,1
221351,1
221575,1
222036,1
223661,1
223770,1
224058,1
224983,1
225280,1
225735,1
225926,1
226406,1
226688,1
227904,1
228301,1
229562,1
229821,1
229843,1
230368,1
230954,1
231309,1
232061,1
232531,1
233536,1
234000,1
235767,1
236167,1
236493,1
236842,1
237095,1
238217,1
239315,1
239571,1
239580,1
240547,1
240701,1
240708,1
241433,1
241779,1
241837,1
242473,1
242519,1
243370,1
244451,1
244620,1
245363,1
245555,1
245920,1
245981,1
247572,1
248221,1
248710,1
249785,1
250237,1
250476,1
250566,1
250957,1
251175,1
251785,1
252310,1
252525,1
253139,1
254166,1
254220,1
254368,1
257433,1
258278,1
258695,1
258777,1
258938,1
259129,1
259264,1
259805,1
259849,1
259929,1
261220,1
262132,1
262266,1
262720,1
262912,1
264154,1
264585,1
264624,1
265005,1
265347,1
265574,1
267165,1
267414,1
268140,1
268455,1
268768,1
269395,1
270102,1
270771,1
270796,1
271149,1
271478,1
271657,1
272528,1
272857,1
273126,1
274624,1
274637,1
275741,1
277056,1
277590,1
277744,1
278019,1
278119,1
278669,1
279612,1
280400,1
281689,1
281716,1
281767,1
281914,1
283001,1
283014,1
283180,1
283213,1
284199,1
284934,1
285754,1
286281,1
286605,1
286608,1
290156,1
290292,1
290784,1
291200,1
291705,1
292054,1
293556,1
293805,1
294010,1
294764,1
294883,1
294957,1
295008,1
295104,1
296317,1
296691,1
296966,1
297101,1
298230,1
298394,1
299481,1
299900,1
299907,1
300179,1
301491,1
301696,1
301738,1
302336,1
303523,1
303604,1
305101,1
306297,1
306566,1
306669,1
307308,1
308320,1
308365,1
308384,1
308813,1
309040,1
309977,1
310182,1
310518,1
311120,1
311168,1
311821,1
312608,1
312784,1
313654,1
314208,1
315219,1
316295,1
317651,1
318323,1
318688,1
319168,1
319737,1
320563,1
320589,1
320828,1
321242,1
321364,1
321619,1
322445,1
323555,1
323667,1
325203,1
326688,1
326701,1
328148,1
329562,1
329709,1
330128,1
330208,1
331088,1
331328,1
331418,1
331594,1
331872,1
332845,1
332858,1
333354,1
334119,1
334425,1
334992,1
335507,1
336509,1
336704,1
336877,1
337056,1
337721,1
338474,1
338557,1
338963,1
339453,1
339674,1
340985,2
341402,1
341466,1
341591,1
344825,1
346042,1
346637,1
346877,1
347773,1
348032,1
348314,1
348672,1
348819,1
349591,1
349850,1
350249,1
350554,1
352218,1
352404,1
352419,1
354621,1
355463,1
355488,1
355593,1
355820,1
355952,1
356471,1
357914,1
358144,1
359264,1
359863,1
360905,1
361133,1
361194,1
361613,1
362115,1
362426,1
362640,1
363197,1
365376,1
365683,1
365773,1
365885,1
366208,1
366535,1
366810,1
367591,1
367955,1
368602,1
368768,1
368861,1
370039,1
370636,1
370976,1
371108,1
371664,1
371763,1
372442,1
376249,1
376285,1
376637,1
376954,1
378102,1
378931,1
378960,1
379638,1
381145,1
381242,1
382109,1
382966,1
383936,1
384048,1
384375,1
385434,1
385632,1
385702,1
385926,1
386125,1
386372,1
386375,1
387235,1
387766,1
388026,1
388064,1
388173,1
389363,1
390144,1
391226,1
392368,1
392672,1
393037,1
393245,1
393319,1
393408,1
394167,1
395129,1
396108,1
396237,1
396800,1
397719,1
398125,1
398777,1
399200,1
399545,1
399613,1
399741,1
401578,1
402028,1
402150,1
402790,1
402986,1
403161,1
404730,1
406637,1
407258,1
407926,1
408394,1
408887,1
408957,1
409133,1
409370,1
409856,1
410070,1
410893,1
410988,1
411385,1
411754,1
412189,1
413828,1
414688,1
414790,1
415095,1
415299,1
415636,1
416118,1
416841,1
417114,1
420874,1
422163,1
422198,1
422420,1
422694,1
422723,1
422743,1
423738,1
424288,1
424819,1
424969,1
425021,1
425446,1
425728,1
425779,1
426445,1
426823,1
427565,1
429376,1
429408,1
429747,1
430771,1
430932,1
432410,1
433069,1
434067,1
434410,1
435136,1
436646,1
436672,1
437479,1
437754,1
438679,1
439133,1
439721,1
439850,1
440096,1
440170,1
440259,1
440576,1
441625,1
442400,1
442409,1
443219,1
444592,1
444880,1
445258,1
446119,1
446573,1
448045,1
448947,1
449094,1
449594,1
449616,1
449888,1
452211,1
452358,1
452704,1
453056,1
453158,1
453248,1
453574,1
454586,1
454708,1
455766,1
456192,1
456640,1
456857,1
456966,1
457232,1
457568,1
458599,1
458880,1
458996,1
459802,1
460806,1
461561,1
461638,1
462844,1
463223,1
463815,1
463866,1
464519,1
464998,1
466445,1
466717,1
466861,1
466889,1
467344,1
467478,1
467533,1
467594,1
469908,1
471286,1
471616,1
471654,1
472679,1
473926,1
474164,1
474205,1
474285,1
475987,1
477447,1
478534,1
478730,1
479348,1
479366,1
480793,1
480966,1
481014,1
481428,1
481984,1
482067,1
482470,1
482752,1
483622,1
483955,1
484576,1
484807,1
485018,1
485094,1
485449,1
486256,1
486477,1
487123,1
487142,1
487238,1
487469,1
489267,1
489303,1
489344,1
489357,1
490627,1
491500,1
493005,1
494496,1
494771,1
495274,1
496560,1
497568,1
497911,1
498535,1
498848,1
499430,1
500166,1
500172,1
500704,1
500848,1
500963,1
502016,1
503085,1
504048,1
504435,1
504922,1
505549,1
506023,1
506080,1
506797,1
507235,1
507450,1
510893,1
511264,1
511302,1
511616,1
511770,1
512364,1
512598,1
513482,1
514084,1
514624,1
514886,1
515879,1
516068,1
517655,1
517856,1
518189,1
518394,1
518685,1
519341,1
519597,1
520220,1
521175,1
521450,1
522396,1
523354,1
524308,1
524470,1
524608,1
525607,1
526310,1
526407,1
526790,1
527165,1
527190,1
528816,1
529946,1
530547,1
530708,1
531241,1
532236,1
532662,1
533933,1
534615,1
534861,1
535501,1
535716,1
536256,1
536541,1
537414,1
537482,1
537514,1
538592,1
539018,1
540057,1
541302,1
541600,1
541709,1
542800,1
542960,1
543357,1
544484,1
544496,1
544806,1
545248,1
546150,1
546349,1
547766,1
548006,1
548326,1
550419,1
550567,1
550758,1
551463,1
551705,1
551901,1
554227,1
554829,1
556064,1
556185,1
556595,1
556771,1
556906,1
557078,1
557386,1
557658,1
557872,1
557965,1
558035,1
560154,1
560518,1
561187,1
561529,1
561945,1
562007,1
562285,1
562496,1
563629,1
564851,1
566025,1
566419,1
566928,1
568224,1
568662,1
569942,1
570016,1
570272,1
571024,1
572122,1
572900,1
573661,1
574499,1
574787,1
576109,1
576237,1
577094,1
577524,1
578048,1
579565,1
579587,1
580800,1
580921,1
582010,1
582073,1
582707,1
584154,1
584368,1
584695,1
586304,1
586636,1
587415,1
588096,1
590509,1
591530,1
591607,1
592592,1
593088,1
593204,1
593398,1
593734,1
593760,1
593900,1
594374,1
594381,1
594480,1
594791,1
595565,1
597293,1
597645,1
601306,1
601453,1
601756,1
603418,1
604164,1
605485,1
605600,1
605926,1
606147,1
606409,1
607337,1
607751,1
608419,1
608922,1
609178,1
611885,1
612813,1
613952,1
614736,1
615097,1
616407,1
617402,1
619146,1
619533,1
619692,1
620061,1
620844,1
620925,1
622826,1
624378,1
625587,1
625964,1
626009,1
626304,1
627456,1
628896,1
629888,1
631923,1
632042,1
633686,1
634490,1
635350,1
636313,1
638009,1
639642,1
640972,1
642435,1
644355,1
649382,1
659744,1
664570,1
