# Samples: 129100, Average: 27354.3 ns, StdDev: 149560.4 ns, Quartiles: 19930.0/23015.0/26227.0 ns
14010,1
14131,1
14182,1
14243,1
14246,1
14259,1
14324,1
14343,1
14362,1
14365,1
14368,1
14371,1
14374,2
14391,1
14397,1
14400,1
14413,1
14419,1
14420,2
14426,1
14432,1
14438,1
14441,1
14451,1
14457,1
14458,1
14461,1
14470,1
14471,1
14477,2
14480,2
14483,1
14489,1
14503,1
14509,2
14522,1
14525,1
14535,1
14538,1
14540,1
14541,1
14547,1
14548,1
14560,1
14573,1
14579,2
14586,1
14589,2
14592,5
14598,2
14599,2
14605,2
14611,1
14624,2
14631,1
14637,2
14643,1
14644,2
14649,1
14650,1
14656,3
14659,1
14662,5
14668,1
14669,1
14675,1
14682,2
14688,4
14691,2
14694,1
14700,1
14704,3
14708,2
14710,2
14711,1
14713,2
14714,1
14716,1
14720,2
14723,1
14726,1
14732,1
14733,3
14746,2
14752,1
14755,1
14758,2
14759,1
14764,1
14765,2
14771,1
14777,3
14778,2
14784,2
14787,1
14790,1
14793,1
14794,1
14796,2
14797,1
14803,1
14807,1
14809,2
14810,3
14813,1
14816,4
14820,1
14822,2
14828,1
14832,1
14835,2
14841,2
14842,2
14845,2
14848,1
14855,2
14861,2
14867,3
14870,1
14873,1
14874,1
14880,5
14886,1
14892,1
14893,3
14896,2
14899,3
14900,1
14902,1
14905,1
14906,3
14912,3
14918,3
14919,1
14925,4
14932,1
14935,1
14937,2
14938,2
14941,1
14944,3
14951,1
14954,1
14957,2
14963,2
14964,1
14966,1
14967,1
14969,2
14970,2
14976,3
14979,1
14982,3
14983,1
14985,1
14986,1
14989,5
14995,2
14998,1
14999,1
15002,3
15008,4
15014,3
15018,1
15021,5
15024,1
15027,1
15028,1
15031,1
15034,3
15036,1
15040,2
15047,5
15049,1
15052,1
15053,2
15056,2
15060,1
15065,1
15066,2
15069,2
15072,5
15078,5
15079,2
15082,1
15085,4
15088,2
15091,2
15092,2
15094,1
15095,2
15097,2
15098,1
15100,1
15104,3
15107,1
15108,1
15110,2
15111,3
15114,1
15116,1
15117,3
15120,4
15123,5
15124,1
15126,1
15129,2
15130,3
15133,1
15136,4
15142,6
15143,1
15149,4
15155,4
15156,3
15159,1
15161,4
15162,3
15164,1
15168,10
15172,1
15174,1
15175,2
15180,2
15181,6
15184,1
15190,1
15193,5
15194,4
15196,1
15197,2
15200,6
15203,1
15204,1
15206,7
15207,3
15209,2
15210,1
15212,1
15213,2
15216,2
15219,1
15220,2
15223,1
15225,1
15226,9
15229,1
15232,5
15238,5
15241,1
15242,2
15244,2
15245,6
15248,1
15251,6
15252,1
15254,3
15255,1
15257,2
15258,3
15264,6
15268,1
15270,8
15273,2
15277,2
15280,3
15283,5
15284,4
15289,1
15290,3
15292,1
15293,2
15296,10
15299,3
15300,1
15302,3
15303,3
15305,1
15306,1
15308,3
15309,4
15312,1
15315,2
15316,2
15318,1
15321,2
15322,3
15325,2
15328,7
15334,10
15335,1
15338,1
15340,1
15341,3
15344,3
15347,4
15348,1
15350,2
15351,1
15353,2
15354,7
15357,1
15360,10
15364,1
15366,2
15367,3
15370,1
15372,2
15373,11
15376,2
15379,4
15380,4
15383,1
15385,3
15386,4
15389,3
15392,12
15398,5
15399,1
15401,2
15402,4
15404,3
15405,10
15408,6
15411,8
15412,6
15415,1
15417,4
15418,10
15421,2
15424,17
15427,6
15430,7
15431,4
15436,1
15437,7
15440,1
15443,6
15444,3
15446,8
15449,6
15450,13
15452,1
15453,2
15456,12
15459,5
15462,5
15463,5
15465,2
15466,2
15468,1
15469,7
15472,3
15475,13
15478,3
15481,8
15482,6
15484,1
15485,2
15488,18
15491,1
15492,1
15494,6
15495,6
15497,1
15498,4
15500,5
15501,7
15504,2
15507,7
15508,7
15510,3
15511,2
15513,4
15514,11
15517,5
15520,10
15523,4
15526,6
15527,3
15529,2
15530,2
15532,1
15533,11
15536,4
15539,5
15540,3
15542,2
15543,1
15545,7
15546,10
15549,2
15552,10
15555,3
15558,13
15559,2
15561,2
15562,6
15564,3
15565,14
15568,1
15571,10
15572,4
15574,3
15575,3
15577,4
15578,10
15581,4
15584,12
15587,5
15588,1
15590,9
15591,7
15593,3
15594,2
15596,5
15597,10
15600,2
15603,5
15604,3
15606,2
15607,1
15609,3
15610,9
15612,1
15613,3
15616,15
15619,3
15622,8
15623,5
15628,2
15629,8
15632,3
15635,19
15636,2
15638,5
15639,2
15641,1
15642,5
15644,2
15645,5
15648,19
15651,3
15654,10
15655,6
15657,3
15658,1
15660,1
15661,15
15664,2
15667,11
15668,3
15670,1
15671,1
15673,8
15674,9
15676,1
15677,4
15680,10
15683,1
15686,7
15687,2
15689,1
15690,2
15692,4
15693,7
15696,3
15699,6
15700,3
15702,2
15703,1
15705,9
15706,4
15708,2
15709,2
15712,17
15715,3
15718,11
15719,3
15721,2
15722,3
15724,1
15725,13
15728,3
15731,10
15732,6
15734,7
15735,2
15737,12
15738,12
15741,4
15744,18
15747,6
15748,2
15750,6
15751,2
15753,1
15754,4
15756,1
15757,13
15760,7
15763,11
15764,2
15766,5
15767,1
15769,7
15770,13
15773,2
15776,20
15779,2
15780,2
15782,8
15783,4
15785,3
15786,1
15788,4
15789,7
15792,5
15795,11
15796,4
15798,1
15799,3
15801,7
15802,12
15804,1
15805,2
15808,18
15811,6
15812,1
15814,9
15815,10
15817,2
15818,2
15820,2
15821,5
15824,2
15827,12
15828,4
15830,6
15831,2
15833,3
15834,10
15836,2
15837,5
15840,11
15843,3
15844,1
15846,12
15847,4
15849,2
15850,2
15852,2
15853,13
15856,6
15859,13
15860,1
15863,4
15865,3
15866,14
15868,2
15869,4
15872,15
15875,4
15878,12
15879,7
15881,2
15882,1
15884,3
15885,11
15888,6
15891,18
15894,2
15897,11
15898,11
15900,2
15901,4
15904,17
15907,1
15908,1
15910,8
15911,5
15913,3
15914,5
15916,4
15917,20
15923,13
15924,3
15927,2
15929,8
15930,7
15932,1
15933,6
15936,24
15939,2
15942,11
15943,6
15945,1
15946,3
15948,5
15949,15
15952,1
15955,16
15956,2
15958,2
15961,4
15962,15
15964,1
15965,4
15968,6
15971,6
15974,8
15975,10
15977,2
15978,1
15980,4
15981,12
15984,3
15987,15
15988,2
15990,2
15991,1
15993,5
15994,7
15996,1
15997,4
16000,18
16003,1
16004,3
16006,9
16007,5
16009,3
16010,4
16012,2
16013,18
16016,4
16019,8
16020,5
16022,2
16023,1
16025,9
16026,9
16028,1
16029,8
16032,16
16035,1
16038,10
16039,4
16041,1
16042,2
16044,2
16045,14
16048,3
16051,9
16052,1
16054,2
16055,1
16057,3
16058,13
16061,1
16064,15
16067,2
16070,8
16071,11
16073,1
16074,4
16077,21
16080,4
16083,9
16084,4
16086,1
16089,4
16090,10
16092,1
16093,7
16096,12
16099,6
16100,2
16102,14
16103,7
16106,4
16108,3
16109,12
16112,8
16115,11
16116,5
16118,3
16119,1
16121,10
16122,9
16124,2
16125,2
16128,13
16131,2
16132,3
16134,11
16135,8
16138,2
16140,5
16141,15
16144,3
16147,19
16148,3
16150,6
16151,1
16153,13
16154,10
16157,6
16160,12
16163,2
16166,11
16167,8
16169,3
16170,2
16172,3
16173,15
16176,3
16179,14
16180,2
16182,3
16183,1
16185,3
16186,10
16189,8
16192,21
16195,1
16196,1
16198,15
16199,6
16201,5
16202,2
16204,5
16205,8
16208,7
16211,20
16212,4
16214,3
16215,3
16217,7
16218,13
16220,1
16224,19
16227,1
16230,10
16231,8
16233,1
16234,3
16236,4
16237,17
16240,6
16243,16
16244,6
16246,4
16249,6
16250,8
16253,5
16256,26
16259,5
16260,1
16262,15
16263,2
16265,4
16266,1
16268,7
16269,16
16272,6
16275,12
16276,5
16278,1
16279,3
16281,7
16282,10
16285,5
16288,16
16291,1
16294,11
16295,6
16297,2
16298,8
16300,3
16301,14
16304,6
16307,19
16308,7
16310,6
16311,4
16313,10
16314,17
16316,1
16317,4
16320,26
16323,7
16326,18
16327,13
16329,2
16330,1
16332,4
16333,18
16336,9
16339,21
16340,4
16342,2
16343,1
16345,7
16346,20
16348,3
16349,3
16352,21
16355,3
16356,1
16358,8
16359,8
16361,3
16362,2
16364,2
16365,11
16368,2
16371,22
16372,4
16374,3
16375,3
16377,9
16378,17
16381,5
16384,18
16387,9
16388,5
16390,9
16391,9
16394,6
16396,4
16397,12
16400,10
16403,20
16404,8
16406,2
16407,1
16409,8
16410,16
16412,1
16413,4
16416,30
16419,2
16422,11
16423,10
16426,6
16428,6
16429,22
16432,6
16435,12
16436,4
16438,3
16439,4
16441,8
16442,12
16445,2
16448,18
16451,5
16452,1
16454,15
16455,10
16457,3
16458,5
16460,2
16461,15
16464,5
16467,20
16468,2
16470,3
16471,3
16473,8
16474,11
16476,2
16477,5
16480,28
16483,4
16486,12
16487,6
16489,1
16492,4
16493,15
16496,6
16499,22
16500,6
16503,1
16505,13
16506,16
16508,3
16509,1
16512,31
16515,4
16516,5
16518,13
16519,10
16521,1
16522,4
16524,4
16525,30
16528,7
16531,12
16532,9
16534,4
16535,2
16537,12
16538,12
16540,1
16541,5
16544,24
16547,13
16548,1
16550,20
16551,6
16553,1
16554,5
16556,6
16557,23
16560,7
16563,26
16564,3
16566,3
16567,6
16569,4
16570,17
16572,2
16573,3
16576,26
16579,5
16582,20
16583,9
16585,4
16586,4
16588,9
16589,25
16592,4
16595,13
16596,6
16598,4
16601,9
16602,15
16604,2
16605,5
16608,29
16611,5
16612,1
16614,19
16615,9
16617,4
16618,5
16620,1
16621,17
16624,5
16627,28
16628,5
16630,7
16631,4
16633,9
16634,17
16636,2
16637,6
16640,25
16643,5
16646,18
16647,5
16649,2
16650,7
16652,2
16653,11
16656,7
16659,16
16660,8
16662,3
16663,1
16665,23
16666,14
16668,2
16669,2
16672,31
16675,7
16676,3
16678,19
16679,10
16681,1
16682,4
16684,9
16685,13
16688,3
16691,22
16692,2
16694,5
16695,4
16697,15
16698,18
16701,3
16704,25
16707,11
16710,16
16711,5
16713,3
16714,10
16716,5
16717,25
16720,6
16723,19
16724,2
16726,2
16727,2
16729,11
16730,18
16732,1
16733,5
16736,21
16739,6
16740,1
16742,14
16743,7
16745,5
16746,6
16748,4
16749,17
16752,5
16755,30
16756,4
16758,4
16759,1
16761,9
16762,12
16764,3
16765,3
16768,27
16771,4
16772,1
16774,17
16775,14
16777,2
16778,4
16780,3
16781,20
16784,5
16787,24
16788,3
16790,4
16791,8
16793,10
16794,13
16796,2
16797,1
16800,35
16803,7
16804,2
16806,27
16807,13
16809,3
16810,2
16812,4
16813,22
16816,11
16819,14
16820,2
16822,5
16823,4
16825,12
16826,18
16829,3
16832,25
16835,7
16836,3
16838,21
16839,15
16841,3
16842,9
16844,6
16845,32
16848,7
16851,23
16852,9
16854,3
16855,5
16857,15
16858,16
16861,1
16864,27
16867,4
16868,3
16870,16
16871,10
16873,5
16874,2
16876,4
16877,15
16880,10
16883,21
16884,7
16886,5
16887,2
16889,9
16890,21
16892,3
16893,6
16896,29
16899,7
16900,1
16902,13
16903,11
16905,2
16906,2
16908,5
16909,21
16912,1
16915,31
16916,7
16918,4
16919,2
16921,12
16922,18
16924,1
16925,7
16928,32
16931,5
16934,16
16935,12
16937,5
16938,11
16940,3
16941,18
16944,8
16947,15
16948,6
16950,4
16951,2
16953,12
16954,13
16956,2
16957,3
16960,25
16963,5
16966,19
16967,12
16969,4
16970,6
16972,6
16973,26
16976,13
16979,23
16980,9
16982,5
16983,1
16985,11
16986,10
16988,2
16989,8
16992,31
16995,7
16996,3
16998,19
16999,19
17001,4
17002,2
17004,7
17005,23
17008,7
17011,19
17012,6
17014,9
17015,1
17017,15
17018,14
17021,4
17024,27
17027,8
17028,2
17030,13
17031,12
17033,6
17034,2
17036,8
17037,24
17040,11
17043,16
17044,7
17046,9
17049,10
17050,28
17052,2
17053,11
17056,27
17059,5
17060,3
17062,13
17063,15
17065,4
17066,9
17068,6
17069,28
17072,7
17075,19
17076,3
17078,8
17079,3
17081,11
17082,21
17084,2
17085,7
17088,26
17091,4
17092,5
17094,26
17095,11
17097,6
17098,6
17100,5
17101,19
17104,11
17107,20
17108,6
17110,7
17111,5
17113,16
17114,24
17116,3
17117,4
17120,24
17123,7
17124,3
17126,15
17127,17
17129,5
17130,8
17132,8
17133,16
17136,9
17139,27
17140,4
17142,1
17143,6
17145,12
17146,19
17149,9
17152,28
17155,1
17158,24
17159,17
17161,4
17162,5
17164,5
17165,25
17168,4
17171,20
17172,9
17174,6
17175,3
17177,21
17178,29
17181,7
17184,35
17187,7
17188,1
17190,18
17191,8
17193,3
17194,3
17196,9
17197,28
17200,7
17203,28
17204,7
17206,4
17207,5
17209,9
17210,24
17212,2
17213,13
17216,33
17219,9
17222,15
17223,11
17225,3
17226,3
17228,10
17229,33
17232,9
17235,39
17236,4
17238,3
17239,3
17241,9
17242,22
17244,3
17245,7
17248,30
17251,7
17254,33
17255,11
17257,2
17258,5
17260,5
17261,32
17264,10
17267,21
17268,7
17270,5
17271,9
17273,15
17274,17
17276,3
17277,8
17280,30
17283,6
17284,2
17286,21
17287,12
17289,1
17290,7
17292,15
17293,22
17296,12
17299,33
17300,9
17302,3
17303,3
17305,10
17306,21
17308,3
17309,10
17312,38
17315,6
17316,2
17318,15
17319,12
17321,4
17322,9
17324,9
17325,29
17328,6
17331,26
17332,8
17334,8
17335,3
17337,20
17338,25
17340,1
17341,7
17344,31
17347,10
17348,1
17350,20
17351,14
17353,2
17354,5
17356,5
17357,17
17360,9
17363,34
17364,8
17366,7
17367,1
17369,16
17370,23
17373,8
17376,37
17379,9
17382,26
17383,21
17385,4
17386,7
17388,5
17389,41
17392,9
17395,31
17396,9
17398,1
17399,3
17401,16
17402,13
17404,5
17405,7
17408,34
17411,7
17412,1
17414,29
17415,14
17417,2
17418,4
17420,7
17421,33
17424,13
17427,32
17428,4
17430,4
17431,5
17433,15
17434,21
17436,2
17437,6
17440,23
17443,5
17444,4
17446,35
17447,17
17449,4
17450,8
17452,5
17453,32
17456,13
17459,28
17460,9
17462,3
17463,7
17465,18
17466,30
17468,1
17469,7
17472,44
17475,4
17476,1
17478,20
17479,13
17481,5
17482,3
17484,2
17485,31
17488,10
17491,21
17492,12
17494,7
17495,7
17497,20
17498,21
17500,4
17501,11
17504,32
17507,7
17508,2
17510,17
17511,25
17513,2
17514,9
17516,7
17517,26
17520,9
17523,27
17524,9
17526,6
17527,3
17529,15
17530,23
17532,2
17533,5
17536,50
17539,9
17540,1
17542,20
17543,16
17545,5
17546,6
17548,6
17549,29
17552,13
17555,26
17556,8
17558,6
17559,5
17561,14
17562,24
17564,4
17565,12
17568,41
17571,7
17572,1
17574,16
17575,16
17577,4
17578,6
17580,1
17581,29
17584,7
17587,33
17588,6
17590,9
17591,3
17593,17
17594,21
17596,1
17597,6
17600,40
17603,8
17604,1
17606,20
17607,8
17609,4
17610,9
17612,10
17613,30
17616,9
17619,32
17620,7
17622,5
17623,6
17625,15
17626,19
17628,4
17629,9
17632,37
17635,11
17636,4
17638,17
17639,12
17641,3
17642,9
17644,5
17645,34
17648,6
17651,36
17652,6
17654,7
17655,6
17657,9
17658,16
17660,2
17661,4
17664,30
17667,6
17668,2
17670,20
17671,21
17673,4
17674,8
17676,4
17677,24
17680,8
17683,43
17684,7
17686,5
17687,7
17689,13
17690,18
17692,2
17693,6
17696,44
17699,6
17702,20
17703,14
17705,6
17706,4
17708,6
17709,23
17712,11
17715,36
17716,5
17718,1
17719,4
17721,14
17722,25
17724,3
17725,5
17728,39
17731,9
17732,4
17734,28
17735,19
17737,1
17738,7
17740,7
17741,39
17744,13
17747,29
17748,6
17750,11
17751,2
17753,25
17754,27
17756,1
17757,14
17760,35
17763,6
17766,22
17767,14
17769,5
17770,9
17772,10
17773,30
17776,9
17779,30
17780,12
17782,4
17783,4
17785,11
17786,27
17789,11
17792,36
17795,9
17796,3
17798,19
17799,18
17801,3
17802,9
17804,3
17805,27
17808,11
17811,26
17812,12
17814,3
17815,4
17817,13
17818,27
17820,2
17821,12
17824,42
17827,8
17828,1
17830,24
17831,15
17833,4
17834,7
17836,7
17837,31
17840,13
17843,27
17844,12
17846,3
17847,5
17849,16
17850,18
17852,2
17853,8
17856,39
17859,7
17860,1
17862,14
17863,20
17865,6
17866,8
17868,5
17869,32
17872,9
17875,33
17876,7
17878,8
17879,4
17881,12
17882,26
17884,1
17885,8
17888,40
17891,14
17892,3
17894,15
17895,15
17897,3
17898,2
17900,7
17901,23
17904,12
17907,30
17908,4
17910,4
17911,4
17913,10
17914,18
17916,1
17917,6
17920,40
17923,10
17924,2
17926,19
17927,12
17929,1
17930,8
17932,13
17933,32
17936,4
17939,36
17940,6
17942,5
17943,3
17945,18
17946,25
17948,3
17949,9
17952,41
17955,10
17956,5
17958,25
17959,24
17961,2
17962,7
17964,10
17965,24
17968,6
17971,26
17972,5
17974,5
17975,4
17977,22
17978,21
17981,4
17984,38
17987,13
17988,3
17990,27
17991,18
17993,5
17994,4
17996,14
17997,40
18000,5
18003,26
18004,12
18006,4
18007,6
18009,12
18010,30
18012,1
18013,13
18016,43
18019,5
18020,1
18022,19
18023,18
18025,10
18026,6
18028,7
18029,22
18032,7
18035,24
18036,3
18038,12
18039,3
18041,15
18042,26
18044,6
18045,11
18048,41
18051,8
18052,1
18054,26
18055,19
18057,6
18058,5
18060,9
18061,30
18064,11
18067,36
18068,8
18070,9
18071,4
18073,15
18074,31
18076,5
18077,12
18080,38
18083,11
18084,1
18086,21
18087,17
18089,8
18090,8
18092,10
18093,28
18096,14
18099,33
18100,9
18102,8
18103,4
18105,26
18106,14
18108,3
18109,12
18112,49
18115,7
18116,2
18118,31
18119,20
18121,2
18122,3
18124,6
18125,50
18128,10
18131,31
18132,13
18134,5
18135,6
18137,21
18138,33
18141,12
18144,43
18147,11
18148,1
18150,21
18151,14
18153,4
18154,11
18156,15
18157,31
18160,11
18163,31
18164,8
18166,7
18167,2
18169,12
18170,28
18172,1
18173,8
18176,52
18179,6
18182,22
18183,19
18185,3
18186,5
18188,7
18189,32
18192,12
18195,38
18196,11
18198,6
18199,3
18201,20
18202,26
18204,2
18205,11
18208,50
18211,6
18212,2
18214,24
18215,21
18217,5
18218,10
18220,13
18221,47
18224,10
18227,28
18228,9
18230,9
18231,3
18233,20
18234,27
18236,3
18237,5
18240,40
18243,9
18244,4
18246,30
18247,18
18249,8
18250,8
18252,3
18253,39
18256,11
18259,37
18260,9
18262,4
18263,6
18265,16
18266,33
18268,3
18269,11
18272,38
18275,10
18278,16
18279,22
18281,6
18282,3
18284,13
18285,46
18288,14
18291,41
18292,3
18294,6
18295,3
18297,12
18298,28
18300,2
18301,10
18304,42
18307,8
18308,2
18310,23
18311,12
18313,4
18314,5
18316,8
18317,35
18320,10
18323,39
18324,13
18326,7
18327,5
18329,23
18330,24
18332,1
18333,12
18336,38
18339,13
18340,2
18342,22
18343,13
18345,2
18346,7
18348,10
18349,32
18352,14
18355,40
18356,11
18358,8
18359,5
18361,10
18362,27
18364,5
18365,12
18368,45
18371,6
18372,1
18374,26
18375,17
18377,2
18378,3
18380,12
18381,33
18384,10
18387,28
18388,7
18390,6
18391,4
18393,17
18394,29
18396,3
18397,10
18400,46
18403,10
18404,3
18406,25
18407,21
18409,3
18410,12
18412,8
18413,28
18416,17
18419,46
18420,9
18422,15
18423,6
18425,15
18426,24
18428,4
18429,8
18432,45
18435,10
18436,1
18438,29
18439,9
18441,4
18442,9
18444,6
18445,38
18448,14
18451,40
18452,12
18454,12
18455,4
18457,17
18458,29
18460,2
18461,10
18464,37
18467,9
18468,2
18470,30
18471,17
18473,2
18474,3
18476,6
18477,39
18480,9
18483,31
18484,7
18486,1
18487,6
18489,17
18490,27
18492,4
18493,14
18496,46
18499,10
18500,3
18502,27
18503,20
18505,2
18506,9
18508,14
18509,37
18512,11
18515,30
18516,8
18518,12
18519,2
18521,26
18522,26
18524,3
18525,14
18528,43
18531,7
18532,3
18534,24
18535,20
18537,7
18538,7
18540,8
18541,43
18544,12
18547,28
18548,11
18550,4
18551,2
18553,19
18554,30
18556,5
18557,10
18560,44
18563,7
18564,4
18566,27
18567,16
18569,4
18570,8
18572,8
18573,41
18576,10
18579,27
18580,12
18582,10
18583,5
18585,23
18586,21
18588,2
18589,12
18592,49
18595,9
18596,1
18598,24
18599,11
18601,3
18602,6
18604,8
18605,45
18608,15
18611,41
18612,9
18614,7
18615,1
18617,13
18618,25
18620,2
18621,11
18624,57
18627,9
18628,2
18630,20
18631,12
18633,4
18634,6
18636,10
18637,34
18640,13
18643,42
18644,8
18646,7
18647,5
18649,19
18650,24
18652,3
18653,5
18656,55
18659,12
18660,3
18662,30
18663,10
18665,5
18666,5
18668,6
18669,38
18672,11
18675,33
18676,7
18678,7
18679,5
18681,22
18682,23
18684,3
18685,11
18688,55
18691,14
18692,1
18694,24
18695,24
18697,5
18698,7
18700,8
18701,44
18704,13
18707,32
18708,11
18710,4
18711,9
18713,19
18714,33
18716,2
18717,14
18720,35
18723,5
18724,6
18726,38
18727,22
18729,7
18730,7
18732,12
18733,35
18736,8
18739,34
18740,12
18742,7
18743,5
18745,19
18746,31
18749,7
18752,49
18755,6
18756,2
18758,32
18759,16
18761,5
18762,11
18764,8
18765,35
18768,16
18771,39
18772,10
18774,10
18775,5
18777,16
18778,27
18780,2
18781,15
18784,39
18787,9
18788,1
18790,24
18791,22
18793,3
18794,7
18796,14
18797,42
18800,14
18803,36
18804,3
18806,13
18807,5
18809,18
18810,23
18812,2
18813,4
18816,60
18819,13
18820,1
18822,27
18823,17
18825,4
18826,3
18828,15
18829,49
18832,12
18835,40
18836,9
18838,9
18839,5
18841,23
18842,32
18844,2
18845,14
18848,50
18851,9
18852,3
18854,28
18855,13
18857,7
18858,14
18860,12
18861,30
18864,17
18867,40
18868,12
18870,8
18871,3
18873,18
18874,28
18876,3
18877,14
18880,50
18883,7
18886,33
18887,23
18889,4
18890,5
18892,10
18893,48
18896,8
18899,50
18900,8
18902,6
18903,3
18905,15
18906,24
18908,3
18909,21
18912,48
18915,8
18916,3
18918,29
18919,18
18921,9
18922,5
18924,11
18925,33
18928,14
18931,35
18932,9
18934,12
18935,3
18937,16
18938,23
18940,4
18941,8
18944,46
18947,5
18948,6
18950,18
18951,23
18953,5
18954,10
18956,9
18957,29
18960,13
18963,29
18964,8
18966,4
18967,6
18969,18
18970,46
18972,2
18973,13
18976,46
18979,10
18980,5
18982,44
18983,16
18985,8
18986,12
18988,11
18989,36
18992,9
18995,37
18996,9
18998,4
18999,7
19001,19
19002,34
19004,1
19005,7
19008,44
19011,10
19012,4
19014,33
19015,22
19017,6
19018,8
19020,13
19021,34
19024,28
19027,38
19028,12
19030,5
19031,3
19033,18
19034,32
19036,2
19037,14
19040,33
19043,7
19044,2
19046,25
19047,15
19049,7
19050,5
19052,6
19053,33
19056,13
19059,40
19060,9
19062,4
19063,5
19065,23
19066,31
19068,1
19069,10
19072,60
19075,9
19076,3
19078,29
19079,13
19081,7
19082,5
19084,12
19085,46
19088,14
19091,35
19092,11
19094,9
19095,3
19097,25
19098,28
19100,2
19101,8
19104,43
19107,9
19108,2
19110,26
19111,20
19113,9
19114,11
19116,11
19117,35
19120,7
19123,48
19124,7
19126,7
19127,9
19129,16
19130,24
19132,2
19133,9
19136,50
19139,9
19140,5
19142,23
19143,19
19145,5
19146,6
19148,12
19149,36
19152,12
19155,39
19156,9
19158,7
19159,11
19161,22
19162,29
19164,3
19165,9
19168,45
19171,13
19172,1
19174,28
19175,25
19177,3
19178,9
19180,11
19181,50
19184,15
19187,39
19188,7
19190,7
19191,7
19193,23
19194,33
19196,2
19197,16
19200,35
19203,10
19204,2
19206,33
19207,17
19209,6
19210,10
19212,10
19213,29
19216,14
19219,40
19220,6
19222,6
19223,6
19225,14
19226,34
19228,2
19229,9
19232,40
19235,13
19236,3
19238,25
19239,21
19241,9
19242,11
19244,14
19245,41
19248,9
19251,43
19252,9
19254,4
19255,4
19257,21
19258,29
19260,7
19261,12
19264,52
19267,7
19268,6
19270,26
19271,15
19273,8
19274,7
19276,5
19277,35
19280,10
19283,36
19284,13
19286,11
19287,6
19289,20
19290,23
19292,4
19293,14
19296,51
19299,7
19300,3
19302,23
19303,22
19305,5
19306,10
19308,13
19309,36
19312,15
19315,36
19316,10
19318,10
19319,4
19321,16
19322,26
19324,4
19325,17
19328,52
19331,16
19332,1
19334,28
19335,22
19337,8
19338,4
19340,8
19341,48
19344,16
19347,40
19348,7
19350,7
19351,2
19353,19
19354,28
19356,3
19357,11
19360,41
19363,12
19364,4
19366,40
19367,24
19369,5
19370,10
19372,9
19373,38
19376,13
19379,29
19380,8
19382,9
19383,6
19385,21
19386,28
19388,1
19389,3
19392,44
19395,9
19396,2
19398,40
19399,16
19401,4
19402,5
19404,15
19405,38
19408,14
19411,33
19412,11
19414,6
19415,4
19417,17
19418,32
19420,2
19421,13
19424,47
19427,16
19428,2
19430,35
19431,21
19433,4
19434,9
19436,11
19437,30
19440,16
19443,36
19444,8
19446,7
19447,4
19449,26
19450,40
19452,3
19453,11
19456,51
19459,13
19460,2
19462,23
19463,23
19465,7
19466,9
19468,12
19469,32
19472,11
19475,39
19476,13
19478,4
19479,2
19481,15
19482,24
19484,2
19485,11
19488,56
19491,13
19492,2
19494,31
19495,14
19497,6
19498,6
19500,5
19501,50
19504,18
19507,44
19508,11
19510,14
19511,3
19513,12
19514,16
19516,1
19517,11
19520,52
19523,6
19524,2
19526,27
19527,26
19529,8
19530,7
19532,11
19533,22
19536,11
19539,35
19540,10
19542,9
19543,3
19545,20
19546,25
19548,5
19549,3
19552,47
19555,20
19556,2
19558,31
19559,27
19561,8
19562,12
19564,15
19565,49
19568,12
19571,49
19572,7
19574,7
19575,5
19577,21
19578,29
19580,2
19581,17
19584,63
19587,11
19588,1
19590,31
19591,22
19593,12
19594,2
19596,8
19597,55
19600,22
19603,50
19604,11
19606,9
19607,4
19609,18
19610,27
19612,1
19613,9
19616,49
19619,9
19620,7
19622,24
19623,26
19625,2
19626,6
19628,7
19629,39
19632,12
19635,51
19636,11
19638,8
19639,5
19641,14
19642,30
19644,4
19645,5
19648,45
19651,10
19652,4
19654,29
19655,27
19657,6
19658,8
19660,9
19661,48
19664,13
19667,39
19668,10
19670,9
19671,6
19673,20
19674,33
19676,4
19677,10
19680,40
19683,10
19684,3
19686,35
19687,19
19689,6
19690,7
19692,5
19693,48
19696,18
19699,41
19700,12
19702,6
19703,7
19705,29
19706,28
19708,6
19709,9
19712,55
19715,11
19716,4
19718,33
19719,20
19721,8
19722,8
19724,13
19725,32
19728,14
19731,44
19732,6
19734,7
19735,3
19737,16
19738,27
19740,5
19741,12
19744,49
19747,13
19748,1
19750,36
19751,20
19753,4
19754,8
19756,18
19757,32
19760,18
19763,48
19764,7
19766,13
19767,5
19769,17
19770,44
19772,7
19773,8
19776,46
19779,14
19780,2
19782,31
19783,21
19785,3
19786,12
19788,17
19789,46
19792,15
19795,56
19796,13
19798,8
19799,4
19801,25
19802,32
19804,3
19805,14
19808,44
19811,9
19812,7
19814,29
19815,25
19817,4
19818,8
19820,11
19821,46
19824,12
19827,47
19828,10
19830,12
19831,6
19833,28
19834,29
19836,3
19837,11
19840,55
19843,8
19844,4
19846,30
19847,18
19849,7
19850,12
19852,12
19853,38
19856,13
19859,38
19860,10
19862,11
19863,7
19865,19
19866,39
19868,3
19869,3
19872,36
19875,4
19876,2
19878,31
19879,19
19881,6
19882,4
19884,11
19885,46
19888,19
19891,47
19892,13
19894,11
19895,3
19897,19
19898,35
19900,3
19901,8
19904,46
19907,12
19910,43
19911,25
19913,7
19914,4
19916,13
19917,45
19920,14
19923,38
19924,12
19926,10
19927,4
19929,14
19930,37
19932,3
19933,13
19936,41
19939,12
19942,42
19943,11
19945,4
19946,12
19948,12
19949,47
19952,19
19955,35
19956,11
19958,7
19959,4
19961,25
19962,36
19964,2
19965,8
19968,43
19971,11
19972,2
19974,39
19975,25
19977,3
19978,7
19980,10
19981,48
19984,23
19987,30
19988,9
19990,11
19991,6
19993,20
19994,34
19996,1
19997,10
20000,38
20003,10
20004,4
20006,30
20007,22
20009,6
20010,7
20012,13
20013,49
20016,19
20019,42
20020,16
20022,7
20023,7
20025,21
20026,34
20028,3
20029,7
20032,64
20035,10
20036,7
20038,29
20039,22
20041,5
20042,6
20044,11
20045,43
20048,11
20051,45
20052,8
20054,4
20055,3
20057,17
20058,32
20060,6
20061,7
20064,62
20067,10
20068,3
20070,29
20071,12
20073,9
20074,10
20076,12
20077,46
20080,13
20083,37
20084,11
20086,5
20087,7
20089,20
20090,37
20092,3
20093,7
20096,51
20099,10
20100,4
20102,27
20103,22
20105,4
20106,7
20108,9
20109,35
20112,14
20115,33
20116,6
20118,6
20119,5
20121,25
20122,22
20124,2
20125,11
20128,45
20131,13
20132,3
20134,28
20135,21
20137,4
20138,7
20140,11
20141,32
20144,12
20147,36
20148,16
20150,5
20151,5
20153,20
20154,32
20156,4
20157,14
20160,43
20163,7
20164,3
20166,38
20167,16
20169,7
20170,7
20172,10
20173,42
20176,15
20179,52
20180,10
20182,6
20183,4
20185,16
20186,25
20188,3
20189,9
20192,43
20195,15
20196,1
20198,32
20199,17
20201,9
20202,10
20204,12
20205,30
20208,21
20211,40
20212,7
20214,10
20215,5
20217,22
20218,33
20220,7
20221,8
20224,65
20227,11
20228,5
20230,25
20231,21
20233,3
20234,4
20236,9
20237,47
20240,12
20243,41
20244,9
20246,8
20247,7
20249,16
20250,26
20252,2
20253,8
20256,58
20259,14
20260,6
20262,31
20263,17
20265,4
20266,9
20268,6
20269,46
20272,8
20275,39
20276,13
20278,11
20279,5
20281,21
20282,23
20284,3
20285,15
20288,52
20291,17
20292,2
20294,20
20295,19
20297,5
20298,12
20300,6
20301,43
20304,13
20307,40
20308,5
20310,6
20311,5
20313,9
20314,31
20316,5
20317,11
20320,53
20323,9
20324,3
20326,30
20327,25
20329,5
20330,8
20332,8
20333,47
20336,6
20339,38
20340,12
20342,10
20343,6
20345,20
20346,36
20348,1
20349,11
20352,45
20355,18
20356,4
20358,30
20359,23
20361,5
20362,7
20364,11
20365,30
20368,10
20371,41
20372,7
20374,8
20375,5
20377,18
20378,39
20380,3
20381,13
20384,49
20387,16
20388,1
20390,30
20391,18
20393,4
20394,10
20396,9
20397,35
20400,15
20403,43
20404,2
20406,5
20407,4
20409,15
20410,24
20412,3
20413,13
20416,61
20419,14
20420,2
20422,37
20423,24
20425,1
20426,6
20428,9
20429,36
20432,5
20435,46
20436,14
20438,8
20439,14
20441,24
20442,28
20444,3
20445,11
20448,65
20451,21
20452,4
20454,35
20455,28
20457,6
20458,12
20460,6
20461,40
20464,19
20467,50
20468,9
20470,10
20471,7
20473,25
20474,35
20476,5
20477,12
20480,54
20483,8
20486,26
20487,24
20489,8
20490,12
20492,9
20493,45
20496,18
20499,40
20500,11
20502,9
20503,8
20505,28
20506,35
20508,1
20509,13
20512,53
20515,4
20516,2
20518,45
20519,28
20521,3
20522,10
20524,9
20525,47
20528,14
20531,48
20532,9
20534,12
20535,3
20537,21
20538,37
20540,1
20541,16
20544,53
20547,10
20548,2
20550,19
20551,28
20553,4
20554,8
20556,9
20557,41
20560,15
20563,49
20564,12
20566,7
20567,10
20569,21
20570,31
20572,3
20573,8
20576,42
20579,11
20580,3
20582,32
20583,19
20585,5
20586,15
20588,10
20589,37
20592,10
20595,49
20596,14
20598,9
20599,8
20601,19
20602,29
20604,4
20605,12
20608,58
20611,16
20612,5
20614,34
20615,18
20617,5
20618,12
20620,13
20621,48
20624,18
20627,42
20628,10
20630,9
20631,4
20633,22
20634,22
20636,1
20637,15
20640,47
20643,11
20644,2
20646,27
20647,14
20649,6
20650,9
20652,7
20653,40
20656,14
20659,43
20660,8
20662,7
20663,3
20665,12
20666,32
20668,4
20669,6
20672,51
20675,17
20676,1
20678,29
20679,25
20681,3
20682,8
20684,13
20685,46
20688,12
20691,45
20692,16
20694,6
20695,4
20697,24
20698,28
20700,2
20701,15
20704,47
20707,17
20710,30
20711,22
20713,8
20714,5
20716,7
20717,38
20720,12
20723,43
20724,11
20726,13
20727,4
20729,18
20730,36
20732,3
20733,11
20736,59
20739,7
20740,2
20742,28
20743,18
20745,6
20746,11
20748,8
20749,41
20752,13
20755,42
20756,9
20758,5
20759,6
20761,15
20762,37
20764,4
20765,7
20768,52
20771,13
20772,2
20774,27
20775,31
20777,7
20778,8
20780,13
20781,45
20784,17
20787,37
20788,9
20790,5
20791,7
20793,25
20794,23
20796,2
20797,14
20800,51
20803,9
20804,2
20806,34
20807,15
20809,7
20810,8
20812,8
20813,47
20816,16
20819,51
20820,9
20822,11
20823,7
20825,23
20826,32
20828,4
20829,9
20832,63
20835,7
20836,1
20838,44
20839,23
20841,5
20842,15
20844,10
20845,43
20848,14
20851,32
20852,16
20854,11
20855,9
20857,18
20858,34
20860,3
20861,7
20864,65
20867,8
20868,2
20870,32
20871,22
20873,10
20874,8
20876,10
20877,31
20880,9
20883,48
20884,15
20886,8
20887,11
20889,23
20890,37
20892,2
20893,12
20896,51
20899,10
20900,5
20902,25
20903,17
20905,7
20906,10
20908,12
20909,37
20912,14
20915,33
20916,10
20918,5
20919,4
20921,18
20922,30
20924,2
20925,8
20928,67
20931,7
20932,1
20934,27
20935,18
20937,6
20938,7
20940,18
20941,34
20944,13
20947,42
20948,10
20950,11
20951,3
20953,16
20954,32
20956,1
20957,14
20960,55
20963,9
20964,6
20966,38
20967,32
20969,5
20970,6
20972,10
20973,42
20976,14
20979,38
20980,14
20982,6
20983,8
20985,23
20986,29
20988,1
20989,10
20992,56
20995,18
20998,38
20999,22
21001,5
21002,7
21004,12
21005,46
21008,15
21011,49
21012,4
21014,4
21015,6
21017,26
21018,31
21020,5
21021,10
21024,55
21027,8
21028,8
21030,24
21031,22
21033,8
21034,3
21036,11
21037,43
21040,17
21043,36
21044,6
21046,7
21047,12
21049,21
21050,26
21052,3
21053,13
21056,49
21059,11
21060,3
21062,39
21063,19
21065,7
21066,6
21068,9
21069,41
21072,16
21075,39
21076,10
21078,9
21079,4
21081,25
21082,31
21085,13
21088,53
21091,9
21092,4
21094,30
21095,15
21097,6
21098,9
21100,19
21101,45
21104,17
21107,36
21108,13
21110,13
21111,7
21113,28
21114,23
21116,3
21117,15
21120,63
21123,12
21124,6
21126,32
21127,23
21129,4
21130,8
21132,8
21133,43
21136,13
21139,53
21140,9
21142,6
21143,13
21145,19
21146,36
21148,1
21149,14
21152,43
21155,9
21156,6
21158,35
21159,24
21161,6
21162,11
21164,17
21165,39
21168,11
21171,47
21172,11
21174,9
21175,8
21177,29
21178,31
21180,6
21181,7
21184,60
21187,12
21188,3
21190,37
21191,21
21193,5
21194,6
21196,13
21197,47
21200,15
21203,32
21204,6
21206,7
21207,5
21209,21
21210,34
21212,2
21213,17
21216,46
21219,11
21222,37
21223,22
21225,6
21226,13
21228,11
21229,47
21232,16
21235,35
21236,13
21238,7
21239,3
21241,20
21242,25
21244,3
21245,14
21248,65
21251,10
21252,4
21254,32
21255,19
21257,7
21258,14
21260,12
21261,43
21264,19
21267,38
21268,14
21270,11
21271,4
21273,19
21274,37
21276,1
21277,15
21280,58
21283,9
21284,2
21286,25
21287,26
21289,4
21290,8
21292,7
21293,42
21296,15
21299,33
21300,16
21302,11
21303,7
21305,18
21306,30
21308,1
21309,11
21312,52
21315,15
21316,6
21318,38
21319,19
21321,6
21322,14
21324,9
21325,50
21328,14
21331,42
21332,11
21334,17
21335,4
21337,16
21338,28
21340,7
21341,11
21344,56
21347,20
21348,2
21350,25
21351,19
21353,6
21354,6
21356,11
21357,41
21360,11
21363,40
21364,10
21366,12
21367,5
21369,19
21370,30
21372,2
21373,11
21376,55
21379,7
21380,2
21382,39
21383,26
21385,5
21386,11
21388,14
21389,54
21392,8
21395,46
21396,10
21398,7
21399,7
21401,21
21402,38
21404,2
21405,9
21408,58
21411,13
21412,3
21414,30
21415,21
21417,7
21418,11
21420,8
21421,34
21424,9
21427,44
21428,12
21430,11
21431,1
21433,15
21434,38
21437,9
21440,40
21443,13
21444,3
21446,37
21447,19
21449,8
21450,6
21452,12
21453,42
21456,12
21459,39
21460,6
21462,5
21463,7
21465,15
21466,30
21468,2
21469,16
21472,55
21475,4
21476,1
21478,34
21479,22
21481,7
21482,6
21484,10
21485,44
21488,19
21491,46
21492,10
21494,10
21495,4
21497,20
21498,27
21500,3
21501,16
21504,58
21507,9
21508,4
21510,33
21511,20
21513,7
21514,11
21516,11
21517,50
21520,15
21523,38
21524,15
21526,13
21527,7
21529,23
21530,34
21532,3
21533,13
21536,45
21539,12
21540,5
21542,39
21543,20
21545,5
21546,10
21548,12
21549,55
21552,14
21555,38
21556,12
21558,4
21559,5
21561,24
21562,25
21564,3
21565,20
21568,50
21571,9
21572,2
21574,29
21575,17
21577,6
21578,8
21580,14
21581,47
21584,11
21587,44
21588,15
21590,8
21591,3
21593,16
21594,35
21596,3
21597,10
21600,53
21603,9
21604,2
21606,34
21607,21
21609,6
21610,14
21612,8
21613,47
21616,24
21619,41
21620,11
21622,11
21623,4
21625,19
21626,27
21628,3
21629,7
21632,60
21635,18
21636,2
21638,37
21639,24
21641,5
21642,9
21644,18
21645,38
21648,20
21651,36
21652,10
21654,8
21655,10
21657,25
21658,30
21660,3
21661,13
21664,51
21667,9
21668,3
21670,28
21671,27
21673,5
21674,9
21676,15
21677,46
21680,13
21683,51
21684,14
21686,8
21687,8
21689,27
21690,31
21692,1
21693,7
21696,47
21699,21
21700,3
21702,28
21703,20
21705,6
21706,6
21708,7
21709,35
21712,20
21715,42
21716,10
21718,9
21719,7
21721,10
21722,30
21724,6
21725,12
21728,43
21731,13
21732,1
21734,32
21735,25
21737,4
21738,8
21740,4
21741,43
21744,17
21747,45
21748,14
21750,9
21751,8
21753,18
21754,31
21756,3
21757,16
21760,56
21763,7
21764,2
21766,21
21767,28
21769,6
21770,7
21772,7
21773,36
21776,9
21779,44
21780,14
21782,5
21783,3
21785,27
21786,17
21788,2
21789,9
21792,47
21795,22
21796,2
21798,24
21799,20
21801,6
21802,10
21804,9
21805,42
21808,18
21811,39
21812,10
21814,7
21815,5
21817,20
21818,34
21820,3
21821,14
21824,64
21827,12
21828,6
21830,22
21831,20
21833,4
21834,10
21836,14
21837,39
21840,15
21843,50
21844,8
21846,4
21847,5
21849,38
21850,34
21852,4
21853,10
21856,59
21859,11
21860,3
21862,31
21863,18
21865,5
21866,11
21868,8
21869,43
21872,16
21875,48
21876,15
21878,13
21879,2
21881,20
21882,31
21884,4
21885,16
21888,61
21891,14
21892,1
21894,40
21895,29
21897,9
21898,9
21900,9
21901,55
21904,16
21907,30
21908,12
21910,7
21911,6
21913,20
21914,23
21916,1
21917,11
21920,60
21923,16
21924,3
21926,31
21927,23
21929,6
21930,7
21932,4
21933,44
21936,15
21939,27
21940,8
21942,4
21943,8
21945,15
21946,22
21948,3
21949,9
21952,49
21955,9
21956,4
21958,30
21959,23
21961,4
21962,8
21964,4
21965,49
21968,18
21971,40
21972,7
21974,10
21975,11
21977,21
21978,45
21980,4
21981,8
21984,52
21987,9
21988,4
21990,25
21991,18
21993,3
21994,7
21996,11
21997,41
22000,12
22003,41
22004,5
22006,4
22007,8
22009,24
22010,22
22012,3
22013,11
22016,48
22019,15
22020,3
22022,39
22023,25
22025,4
22026,13
22028,15
22029,41
22032,18
22035,47
22036,7
22038,15
22039,4
22041,26
22042,32
22044,1
22045,7
22048,51
22051,16
22052,4
22054,26
22055,22
22057,7
22058,12
22060,7
22061,41
22064,18
22067,37
22068,10
22070,8
22071,4
22073,28
22074,24
22077,10
22080,59
22083,9
22084,1
22086,27
22087,10
22089,3
22090,9
22092,15
22093,27
22096,9
22099,45
22100,13
22102,11
22103,2
22105,25
22106,30
22108,1
22109,22
22112,48
22115,9
22116,2
22118,35
22119,14
22121,7
22122,9
22124,13
22125,43
22128,23
22131,40
22132,10
22134,9
22135,2
22137,12
22138,30
22140,1
22141,16
22144,54
22147,6
22148,5
22150,37
22151,13
22153,7
22154,11
22156,14
22157,49
22160,11
22163,43
22164,16
22166,7
22167,7
22169,31
22170,25
22172,1
22173,8
22176,62
22179,9
22180,5
22182,45
22183,16
22185,7
22186,7
22188,8
22189,41
22192,12
22195,66
22196,12
22198,11
22199,6
22201,9
22202,37
22204,5
22205,6
22208,49
22211,14
22212,3
22214,43
22215,14
22217,7
22218,7
22220,19
22221,39
22224,14
22227,50
22228,10
22230,5
22231,3
22233,19
22234,40
22236,6
22237,12
22240,59
22243,14
22244,5
22246,36
22247,26
22249,5
22250,10
22252,9
22253,35
22256,18
22259,45
22260,9
22262,8
22263,8
22265,22
22266,30
22268,1
22269,11
22272,58
22275,13
22276,2
22278,28
22279,26
22281,4
22282,8
22284,13
22285,45
22288,12
22291,49
22292,11
22294,11
22295,5
22297,19
22298,29
22300,1
22301,14
22304,53
22307,8
22308,5
22310,36
22311,23
22313,4
22314,10
22316,4
22317,37
22320,18
22323,47
22324,6
22326,7
22327,9
22329,29
22330,46
22332,3
22333,12
22336,60
22339,15
22340,3
22342,32
22343,23
22345,3
22346,7
22348,14
22349,45
22352,10
22355,40
22356,7
22358,11
22359,9
22361,22
22362,42
22365,9
22368,47
22371,11
22372,3
22374,27
22375,27
22377,4
22378,6
22380,9
22381,35
22384,11
22387,42
22388,10
22390,13
22391,7
22393,13
22394,23
22396,4
22397,7
22400,62
22403,14
22404,3
22406,23
22407,19
22409,3
22410,9
22412,15
22413,38
22416,14
22419,40
22420,12
22422,11
22423,6
22425,18
22426,40
22428,2
22429,7
22432,62
22435,14
22438,18
22439,17
22441,5
22442,8
22444,14
22445,32
22448,11
22451,43
22452,12
22454,11
22455,5
22457,22
22458,35
22460,2
22461,9
22464,48
22467,8
22468,2
22470,36
22471,25
22473,7
22474,8
22476,11
22477,43
22480,15
22483,36
22484,6
22486,10
22487,9
22489,27
22490,36
22492,2
22493,9
22496,48
22499,6
22502,34
22503,20
22505,5
22506,8
22508,13
22509,45
22512,17
22515,40
22516,11
22518,7
22519,6
22521,22
22522,29
22524,4
22525,10
22528,45
22531,11
22534,29
22535,14
22537,9
22538,12
22540,5
22541,39
22544,18
22547,46
22548,9
22550,7
22551,5
22553,23
22554,39
22556,9
22557,10
22560,50
22563,11
22564,3
22566,34
22567,18
22569,3
22570,5
22572,11
22573,34
22576,12
22579,45
22580,7
22582,10
22583,8
22585,24
22586,38
22588,1
22589,4
22592,55
22595,16
22596,3
22598,24
22599,24
22601,4
22602,9
22604,7
22605,45
22608,15
22611,40
22612,9
22614,13
22615,6
22617,33
22618,35
22620,4
22621,13
22624,54
22627,19
22628,3
22630,25
22631,24
22633,3
22634,8
22636,16
22637,41
22640,10
22643,51
22644,13
22646,8
22647,9
22649,26
22650,35
22652,4
22653,12
22656,43
22659,10
22660,1
22662,27
22663,19
22665,8
22666,3
22668,9
22669,34
22672,11
22675,31
22676,11
22678,5
22679,7
22681,19
22682,33
22684,2
22685,10
22688,53
22691,17
22694,33
22695,12
22697,2
22698,6
22700,17
22701,39
22704,7
22707,37
22708,10
22710,9
22711,7
22713,25
22714,42
22716,1
22717,12
22720,57
22723,7
22724,1
22726,31
22727,21
22729,3
22730,5
22732,7
22733,42
22736,15
22739,37
22740,17
22742,9
22743,9
22745,22
22746,30
22748,3
22749,8
22752,59
22755,8
22756,2
22758,30
22759,22
22761,10
22762,14
22764,15
22765,37
22768,16
22771,48
22772,8
22774,6
22775,6
22777,18
22778,38
22780,3
22781,12
22784,45
22787,7
22788,3
22790,36
22791,18
22793,3
22794,13
22796,8
22797,48
22800,17
22803,49
22804,11
22806,8
22807,3
22809,20
22810,41
22812,6
22813,18
22816,55
22819,10
22820,1
22822,26
22823,20
22825,2
22826,4
22828,15
22829,42
22832,19
22835,36
22836,10
22838,11
22839,5
22841,20
22842,31
22844,1
22845,11
22848,51
22851,10
22852,2
22854,32
22855,16
22857,3
22858,7
22860,7
22861,40
22864,12
22867,33
22868,6
22870,11
22871,7
22873,19
22874,33
22876,3
22877,16
22880,64
22883,15
22884,5
22886,35
22887,22
22889,5
22890,8
22892,15
22893,46
22896,15
22899,37
22900,7
22902,2
22903,9
22905,24
22906,33
22908,1
22909,14
22912,48
22915,5
22916,3
22918,34
22919,29
22921,6
22922,11
22924,6
22925,43
22928,23
22931,43
22932,17
22934,9
22935,5
22937,19
22938,27
22940,5
22941,5
22944,61
22947,16
22948,6
22950,31
22951,29
22953,7
22954,10
22956,12
22957,35
22960,18
22963,36
22964,9
22966,8
22967,8
22969,22
22970,21
22972,2
22973,10
22976,49
22979,7
22982,41
22983,22
22985,4
22986,5
22988,13
22989,43
22992,11
22995,43
22996,12
22998,8
22999,3
23001,20
23002,24
23004,1
23005,11
23008,66
23011,10
23014,27
23015,21
23017,6
23018,15
23020,13
23021,44
23024,8
23027,34
23028,14
23030,6
23031,7
23033,25
23034,41
23036,3
23037,14
23040,43
23043,11
23046,31
23047,22
23049,3
23050,6
23052,3
23053,40
23056,15
23059,40
23060,9
23062,7
23063,7
23065,25
23066,33
23068,3
23069,13
23072,61
23075,7
23076,3
23078,31
23079,24
23081,7
23082,10
23084,11
23085,35
23088,21
23091,38
23092,10
23094,7
23095,6
23097,20
23098,32
23100,5
23101,9
23104,53
23107,12
23108,1
23110,34
23111,21
23113,2
23114,6
23116,13
23117,40
23120,10
23123,54
23124,10
23126,12
23127,7
23129,21
23130,36
23132,3
23133,6
23136,61
23139,16
23140,5
23142,34
23143,25
23145,2
23146,9
23148,8
23149,48
23152,9
23155,42
23156,14
23158,10
23159,10
23161,19
23162,43
23164,2
23165,13
23168,65
23171,10
23172,1
23174,29
23175,23
23177,8
23178,12
23180,9
23181,49
23184,14
23187,37
23188,7
23190,2
23191,5
23193,28
23194,28
23196,3
23197,10
23200,44
23203,11
23204,1
23206,25
23207,22
23209,8
23210,14
23212,12
23213,50
23216,10
23219,45
23220,15
23222,7
23223,5
23225,26
23226,29
23228,2
23229,17
23232,45
23235,13
23236,1
23238,30
23239,24
23241,5
23242,4
23244,6
23245,53
23248,11
23251,50
23252,6
23254,11
23255,8
23257,28
23258,33
23260,4
23261,7
23264,60
23267,12
23268,1
23270,40
23271,16
23273,7
23274,9
23276,10
23277,51
23280,22
23283,40
23284,13
23286,3
23287,7
23289,22
23290,38
23292,5
23293,9
23296,70
23299,14
23300,2
23302,26
23303,22
23305,11
23306,7
23308,10
23309,29
23312,14
23315,41
23316,16
23318,17
23319,5
23321,16
23322,23
23324,4
23325,16
23328,50
23331,10
23332,4
23334,37
23335,13
23337,4
23338,8
23340,16
23341,45
23344,14
23347,43
23348,14
23350,6
23351,2
23353,23
23354,41
23357,10
23360,44
23363,7
23364,1
23366,29
23367,24
23369,7
23370,4
23372,15
23373,33
23376,13
23379,52
23380,11
23382,9
23383,9
23385,21
23386,37
23388,5
23389,3
23392,48
23395,7
23396,2
23398,21
23399,20
23401,4
23402,12
23404,16
23405,45
23408,20
23411,47
23412,10
23414,13
23415,6
23417,26
23418,30
23420,1
23421,9
23424,45
23427,4
23428,2
23430,32
23431,19
23433,3
23434,6
23436,9
23437,28
23440,15
23443,40
23444,16
23446,10
23447,11
23449,25
23450,38
23452,1
23453,11
23456,62
23459,10
23460,6
23462,44
23463,18
23465,8
23466,3
23468,11
23469,40
23472,15
23475,44
23476,12
23478,3
23479,3
23481,24
23482,32
23484,3
23485,14
23488,49
23491,11
23492,8
23494,22
23495,20
23497,6
23498,8
23500,8
23501,39
23504,8
23507,27
23508,11
23510,9
23511,4
23513,21
23514,21
23516,2
23517,12
23520,47
23523,12
23524,3
23526,39
23527,18
23529,4
23530,5
23532,12
23533,43
23536,7
23539,36
23540,7
23542,5
23543,1
23545,19
23546,31
23548,5
23549,5
23552,55
23555,13
23556,1
23558,32
23559,22
23561,5
23562,12
23564,14
23565,40
23568,9
23571,53
23572,10
23574,6
23575,3
23577,16
23578,43
23580,1
23581,12
23584,47
23587,16
23588,3
23590,37
23591,26
23593,7
23594,6
23596,6
23597,58
23600,17
23603,38
23604,7
23606,5
23607,7
23609,20
23610,47
23612,1
23613,14
23616,65
23619,9
23620,1
23622,25
23623,20
23625,8
23626,8
23628,12
23629,46
23632,18
23635,46
23636,8
23638,11
23639,2
23641,21
23642,30
23644,2
23645,12
23648,72
23651,10
23652,3
23654,44
23655,17
23657,9
23658,13
23660,12
23661,45
23664,16
23667,44
23668,11
23670,6
23671,7
23673,29
23674,40
23676,4
23677,8
23680,58
23683,11
23684,1
23686,24
23687,24
23689,4
23690,5
23692,11
23693,38
23696,16
23699,45
23700,8
23702,10
23703,7
23705,13
23706,30
23708,4
23709,10
23712,50
23715,4
23716,2
23718,34
23719,20
23721,10
23722,8
23724,14
23725,50
23728,12
23731,40
23732,11
23734,11
23735,9
23737,23
23738,34
23740,2
23741,9
23744,58
23747,6
23748,3
23750,24
23751,21
23753,8
23754,9
23756,12
23757,35
23760,16
23763,36
23764,7
23766,4
23767,5
23769,21
23770,30
23772,1
23773,19
23776,49
23779,11
23780,2
23782,24
23783,24
23785,4
23786,9
23788,16
23789,46
23792,11
23795,48
23796,11
23798,8
23799,6
23801,24
23802,28
23804,2
23805,15
23808,56
23811,15
23812,6
23814,25
23815,21
23817,6
23818,8
23820,9
23821,43
23824,16
23827,43
23828,6
23830,10
23831,5
23833,17
23834,28
23836,2
23837,15
23840,59
23843,9
23844,3
23846,22
23847,22
23849,5
23850,9
23852,9
23853,35
23856,9
23859,42
23860,6
23862,5
23863,6
23865,24
23866,35
23868,4
23869,7
23872,53
23875,9
23876,3
23878,34
23879,16
23881,9
23882,6
23884,15
23885,40
23888,13
23891,41
23892,7
23894,4
23895,3
23897,25
23898,37
23900,1
23901,11
23904,59
23907,5
23908,5
23910,37
23911,15
23913,5
23914,7
23916,5
23917,39
23920,17
23923,56
23924,13
23926,5
23927,7
23929,24
23930,31
23932,2
23933,12
23936,53
23939,13
23940,2
23942,28
23943,23
23945,7
23946,10
23948,11
23949,47
23952,15
23955,35
23956,10
23958,11
23959,8
23961,21
23962,39
23964,4
23965,10
23968,59
23971,21
23972,4
23974,41
23975,21
23977,6
23978,4
23980,7
23981,35
23984,18
23987,53
23988,13
23990,11
23991,3
23993,16
23994,34
23996,2
23997,10
24000,50
24003,9
24004,7
24006,24
24007,15
24009,2
24010,9
24012,6
24013,51
24016,13
24019,38
24020,12
24022,9
24023,7
24025,14
24026,31
24028,3
24029,12
24032,64
24035,11
24036,1
24038,35
24039,23
24041,5
24042,9
24044,4
24045,43
24048,9
24051,47
24052,10
24054,8
24055,5
24057,19
24058,42
24060,2
24061,13
24064,62
24067,12
24068,4
24070,26
24071,26
24073,1
24074,11
24076,6
24077,33
24080,10
24083,47
24084,8
24086,7
24087,7
24089,30
24090,41
24092,1
24093,8
24096,53
24099,17
24100,2
24102,32
24103,20
24105,6
24106,13
24108,11
24109,42
24112,10
24115,44
24116,6
24118,14
24119,3
24121,24
24122,31
24124,3
24125,6
24128,51
24131,7
24132,8
24134,31
24135,17
24137,4
24138,8
24140,6
24141,31
24144,14
24147,46
24148,8
24150,10
24151,1
24153,13
24154,22
24157,18
24160,57
24163,10
24164,4
24166,26
24167,14
24169,6
24170,12
24172,8
24173,36
24176,18
24179,37
24180,11
24182,9
24183,4
24185,22
24186,40
24188,6
24189,16
24192,55
24195,12
24196,3
24198,34
24199,13
24201,8
24202,9
24204,12
24205,34
24208,18
24211,53
24212,7
24214,9
24215,7
24217,23
24218,33
24221,11
24224,48
24227,16
24228,4
24230,33
24231,15
24233,4
24234,8
24236,16
24237,32
24240,17
24243,42
24244,6
24246,7
24247,4
24249,21
24250,29
24252,1
24253,11
24256,48
24259,16
24260,3
24262,32
24263,21
24265,6
24266,8
24268,12
24269,37
24272,19
24275,34
24276,6
24278,11
24279,7
24281,16
24282,31
24284,1
24285,7
24288,46
24291,7
24292,3
24294,27
24295,16
24297,4
24298,9
24300,15
24301,37
24304,14
24307,36
24308,6
24310,7
24311,8
24313,11
24314,20
24316,2
24317,9
24320,52
24323,13
24324,2
24326,33
24327,20
24329,5
24330,9
24332,11
24333,41
24336,17
24339,40
24340,12
24342,3
24343,4
24345,18
24346,32
24348,6
24349,12
24352,38
24355,11
24356,4
24358,30
24359,17
24361,6
24362,6
24364,9
24365,42
24368,10
24371,55
24372,5
24374,11
24375,5
24377,18
24378,34
24380,3
24381,6
24384,58
24387,10
24388,1
24390,20
24391,20
24393,8
24394,15
24396,8
24397,29
24400,18
24403,41
24404,6
24406,9
24407,5
24409,17
24410,30
24412,3
24413,14
24416,43
24419,14
24420,5
24422,24
24423,22
24425,5
24426,7
24428,15
24429,34
24432,12
24435,39
24436,7
24438,9
24439,4
24441,13
24442,26
24444,2
24445,8
24448,44
24451,10
24452,5
24454,29
24455,26
24457,9
24458,12
24460,3
24461,27
24464,8
24467,32
24468,14
24470,8
24471,7
24473,27
24474,32
24476,4
24477,12
24480,52
24483,12
24484,4
24486,26
24487,28
24489,4
24490,5
24492,18
24493,36
24496,10
24499,47
24500,15
24502,7
24503,5
24505,23
24506,36
24508,1
24509,10
24512,47
24515,10
24516,4
24518,48
24519,14
24521,3
24522,7
24524,16
24525,53
24528,10
24531,31
24532,6
24534,3
24535,4
24537,21
24538,31
24540,2
24541,6
24544,44
24547,10
24548,4
24550,21
24551,21
24553,6
24554,5
24556,10
24557,40
24560,14
24563,47
24564,7
24566,3
24567,4
24569,21
24570,32
24572,4
24573,8
24576,52
24579,7
24580,1
24582,41
24583,14
24585,4
24586,6
24588,15
24589,41
24592,8
24595,38
24596,8
24598,9
24599,9
24601,28
24602,31
24605,13
24608,41
24611,7
24612,1
24614,26
24615,18
24617,4
24618,10
24620,8
24621,33
24624,16
24627,42
24628,10
24630,8
24631,6
24633,22
24634,32
24636,2
24637,12
24640,57
24643,15
24644,2
24646,25
24647,24
24649,5
24650,9
24652,6
24653,43
24656,8
24659,46
24660,13
24662,8
24663,5
24665,17
24666,27
24668,4
24669,13
24672,52
24675,9
24678,33
24679,30
24681,5
24682,10
24684,12
24685,31
24688,16
24691,43
24692,6
24694,7
24695,3
24697,25
24698,34
24700,2
24701,14
24704,55
24707,6
24708,4
24710,19
24711,24
24713,2
24714,9
24716,12
24717,50
24720,14
24723,51
24724,6
24726,6
24727,5
24729,28
24730,30
24732,4
24733,12
24736,66
24739,8
24740,4
24742,30
24743,22
24745,5
24746,9
24748,10
24749,43
24752,18
24755,40
24756,8
24758,11
24759,7
24761,20
24762,38
24764,2
24765,5
24768,48
24771,16
24772,4
24774,30
24775,24
24777,7
24778,3
24780,10
24781,37
24784,9
24787,41
24788,8
24790,10
24791,5
24793,14
24794,26
24796,1
24797,16
24800,55
24803,9
24804,7
24806,31
24807,23
24809,7
24810,8
24812,5
24813,50
24816,22
24819,46
24820,10
24822,8
24823,5
24825,26
24826,25
24828,1
24829,15
24832,41
24835,10
24836,2
24838,28
24839,25
24841,3
24842,8
24844,11
24845,44
24848,16
24851,45
24852,13
24854,14
24855,3
24857,21
24858,18
24860,2
24861,11
24864,47
24867,11
24868,2
24870,45
24871,21
24873,7
24874,9
24876,10
24877,45
24880,11
24883,52
24884,7
24886,5
24887,7
24889,22
24890,28
24892,5
24893,13
24896,51
24899,15
24900,2
24902,23
24903,22
24905,7
24906,9
24908,13
24909,52
24912,14
24915,35
24916,10
24918,8
24919,8
24921,24
24922,31
24924,2
24925,18
24928,58
24931,8
24932,3
24934,22
24935,19
24937,9
24938,11
24940,11
24941,41
24944,11
24947,47
24948,10
24950,12
24951,4
24953,13
24954,32
24956,2
24957,10
24960,40
24963,11
24964,4
24966,25
24967,17
24969,8
24970,5
24972,6
24973,49
24976,16
24979,41
24980,12
24982,8
24983,6
24985,24
24986,31
24988,2
24989,9
24992,52
24995,4
24996,3
24998,26
24999,26
25001,3
25002,9
25004,19
25005,46
25008,23
25011,30
25012,8
25014,11
25015,4
25017,21
25018,37
25020,3
25021,6
25024,54
25027,10
25028,1
25030,29
25031,18
25033,7
25034,7
25036,6
25037,45
25040,21
25043,38
25044,12
25046,6
25047,11
25049,20
25050,25
25052,7
25053,17
25056,48
25059,13
25060,4
25062,30
25063,18
25065,7
25066,13
25068,15
25069,38
25072,26
25075,42
25076,12
25078,7
25079,12
25081,21
25082,33
25084,3
25085,17
25088,40
25091,15
25092,2
25094,32
25095,23
25097,6
25098,8
25100,7
25101,33
25104,12
25107,42
25108,9
25110,7
25111,8
25113,14
25114,28
25116,4
25117,9
25120,44
25123,9
25124,4
25126,25
25127,15
25129,6
25130,13
25132,10
25133,45
25136,12
25139,47
25140,6
25142,3
25143,2
25145,19
25146,30
25148,3
25149,8
25152,47
25155,5
25156,1
25158,27
25159,28
25161,2
25162,6
25164,6
25165,36
25168,7
25171,43
25172,7
25174,6
25175,3
25177,26
25178,21
25180,2
25181,11
25184,49
25187,12
25188,3
25190,40
25191,20
25193,3
25194,3
25196,10
25197,32
25200,12
25203,47
25204,7
25206,7
25207,3
25209,21
25210,23
25212,4
25213,12
25216,51
25219,16
25220,2
25222,27
25223,19
25225,6
25226,7
25228,7
25229,39
25232,12
25235,47
25236,7
25238,8
25239,7
25241,17
25242,32
25244,6
25245,11
25248,47
25251,15
25252,4
25254,27
25255,11
25257,3
25258,9
25260,9
25261,41
25264,5
25267,36
25268,13
25270,3
25271,8
25273,17
25274,32
25277,9
25280,45
25283,9
25284,4
25286,39
25287,28
25289,6
25290,7
25292,11
25293,41
25296,16
25299,35
25300,15
25302,12
25303,3
25305,14
25306,34
25308,4
25309,15
25312,42
25315,9
25318,24
25319,24
25321,3
25322,8
25324,7
25325,37
25328,13
25331,35
25332,8
25334,10
25335,6
25337,20
25338,32
25340,3
25341,15
25344,55
25347,10
25350,35
25351,18
25353,6
25354,7
25356,10
25357,48
25360,5
25363,43
25364,14
25366,9
25367,4
25369,21
25370,34
25372,2
25373,14
25376,44
25379,13
25380,4
25382,28
25383,23
25385,5
25386,9
25388,13
25389,43
25392,13
25395,41
25396,10
25398,16
25399,5
25401,17
25402,27
25404,1
25405,20
25408,51
25411,6
25412,1
25414,31
25415,24
25417,2
25418,7
25420,8
25421,35
25424,10
25427,33
25428,10
25430,11
25431,8
25433,15
25434,22
25436,3
25437,10
25440,59
25443,8
25444,2
25446,33
25447,30
25449,5
25450,7
25452,5
25453,37
25456,18
25459,31
25460,7
25462,10
25463,4
25465,23
25466,25
25468,1
25469,9
25472,52
25475,11
25476,3
25478,35
25479,20
25481,6
25482,6
25484,8
25485,39
25488,9
25491,37
25492,8
25494,4
25495,10
25497,27
25498,29
25500,1
25501,13
25504,48
25507,9
25508,2
25510,24
25511,19
25513,9
25514,9
25516,7
25517,32
25520,11
25523,46
25524,6
25526,6
25527,6
25529,14
25530,22
25533,12
25536,46
25539,10
25540,6
25542,36
25543,20
25545,4
25546,10
25548,11
25549,33
25552,10
25555,39
25556,12
25558,18
25559,5
25561,23
25562,32
25564,4
25565,9
25568,61
25571,11
25572,3
25574,33
25575,26
25577,11
25578,10
25580,4
25581,46
25584,19
25587,36
25588,6
25590,6
25591,7
25593,28
25594,28
25596,1
25597,16
25600,50
25603,17
25604,2
25606,19
25607,27
25609,14
25610,11
25612,11
25613,45
25616,16
25619,40
25620,11
25622,3
25623,2
25625,23
25626,25
25628,4
25629,11
25632,46
25635,9
25636,4
25638,25
25639,24
25641,5
25642,6
25644,8
25645,37
25648,14
25651,37
25652,14
25654,6
25655,2
25657,27
25658,35
25660,2
25661,11
25664,60
25667,12
25668,2
25670,24
25671,19
25673,6
25674,6
25676,9
25677,35
25680,16
25683,40
25684,13
25686,10
25687,4
25689,15
25690,33
25692,5
25693,15
25696,56
25699,10
25700,2
25702,24
25703,24
25705,4
25706,11
25708,12
25709,42
25712,13
25715,38
25716,4
25718,7
25719,5
25721,15
25722,22
25724,3
25725,12
25728,51
25731,11
25732,5
25734,28
25735,17
25737,2
25738,3
25740,14
25741,37
25744,10
25747,28
25748,9
25750,7
25751,10
25753,22
25754,35
25756,4
25757,12
25760,32
25763,15
25764,4
25766,37
25767,24
25769,4
25770,5
25772,13
25773,38
25776,14
25779,42
25780,7
25782,3
25783,8
25785,21
25786,25
25788,2
25789,2
25792,41
25795,9
25796,2
25798,24
25799,22
25801,3
25802,5
25804,8
25805,39
25808,15
25811,29
25812,11
25814,10
25815,1
25817,15
25818,29
25820,6
25821,11
25824,52
25827,11
25828,5
25830,31
25831,17
25833,4
25834,4
25836,8
25837,45
25840,16
25843,36
25844,13
25846,2
25847,1
25849,19
25850,28
25852,4
25853,12
25856,46
25859,9
25860,1
25862,32
25863,21
25865,6
25866,9
25868,13
25869,38
25872,15
25875,25
25876,8
25878,6
25879,6
25881,13
25882,28
25884,3
25885,11
25888,44
25891,11
25892,1
25894,22
25895,18
25897,6
25898,7
25900,9
25901,46
25904,19
25907,38
25908,8
25910,10
25911,2
25913,16
25914,31
25916,4
25917,12
25920,43
25923,11
25924,2
25926,29
25927,18
25929,6
25930,13
25932,13
25933,46
25936,13
25939,39
25940,3
25942,5
25943,3
25945,20
25946,31
25948,4
25949,7
25952,41
25955,9
25956,2
25958,25
25959,20
25961,6
25962,10
25964,12
25965,31
25968,12
25971,34
25972,11
25974,10
25975,5
25977,15
25978,21
25980,1
25981,7
25984,41
25987,12
25988,3
25990,25
25991,20
25993,8
25994,9
25996,7
25997,45
26000,12
26003,34
26004,10
26006,6
26007,3
26009,15
26010,27
26012,2
26013,9
26016,47
26019,19
26020,6
26022,23
26023,17
26025,2
26026,5
26028,9
26029,38
26032,12
26035,40
26036,9
26038,4
26039,3
26041,16
26042,22
26044,7
26045,10
26048,36
26051,6
26052,3
26054,31
26055,15
26057,4
26058,12
26060,12
26061,30
26064,11
26067,52
26068,9
26070,13
26071,7
26073,27
26074,21
26076,4
26077,15
26080,54
26083,8
26084,2
26086,26
26087,25
26089,9
26090,2
26092,7
26093,36
26096,19
26099,31
26100,2
26102,15
26103,5
26105,17
26106,16
26108,4
26109,13
26112,45
26115,13
26116,5
26118,32
26119,10
26121,5
26122,5
26124,7
26125,46
26128,9
26131,34
26132,15
26134,4
26135,3
26137,24
26138,30
26140,2
26141,10
26144,58
26147,10
26150,29
26151,23
26153,2
26154,9
26156,14
26157,30
26160,10
26163,37
26164,12
26166,3
26167,4
26169,16
26170,25
26172,1
26173,12
26176,43
26179,12
26180,1
26182,25
26183,15
26185,6
26186,6
26188,11
26189,44
26192,12
26195,55
26196,9
26198,9
26199,4
26201,15
26202,37
26204,1
26205,8
26208,59
26211,10
26212,1
26214,22
26215,18
26217,6
26218,12
26220,19
26221,49
26224,12
26227,33
26228,8
26230,7
26231,5
26233,21
26234,29
26236,1
26237,6
26240,55
26243,12
26244,3
26246,29
26247,25
26249,7
26250,6
26252,7
26253,44
26256,9
26259,32
26260,6
26262,6
26263,5
26265,14
26266,43
26268,3
26269,12
26272,43
26275,7
26276,3
26278,34
26279,20
26281,3
26282,8
26284,15
26285,24
26288,9
26291,34
26292,10
26294,6
26295,8
26297,15
26298,36
26300,1
26301,15
26304,38
26307,10
26308,1
26310,36
26311,12
26313,3
26314,9
26316,6
26317,41
26320,16
26323,37
26324,8
26326,5
26327,7
26329,15
26330,27
26332,1
26333,9
26336,50
26339,10
26340,3
26342,36
26343,20
26345,4
26346,7
26348,6
26349,47
26352,16
26355,40
26356,7
26358,7
26359,6
26361,15
26362,27
26364,3
26365,14
26368,52
26371,12
26372,2
26374,27
26375,16
26377,6
26378,11
26380,14
26381,45
26384,16
26387,35
26388,15
26390,13
26391,5
26393,23
26394,37
26396,4
26397,11
26400,47
26403,9
26404,2
26406,36
26407,19
26409,3
26410,6
26412,10
26413,39
26416,17
26419,40
26420,7
26422,11
26423,6
26425,21
26426,26
26429,11
26432,49
26435,15
26438,18
26439,20
26441,7
26442,14
26444,9
26445,33
26448,10
26451,43
26452,5
26454,8
26455,9
26457,18
26458,28
26460,3
26461,12
26464,43
26467,11
26468,2
26470,28
26471,21
26473,3
26474,17
26476,13
26477,51
26480,17
26483,48
26484,8
26486,8
26487,5
26489,23
26490,25
26492,2
26493,10
26496,50
26499,13
26500,2
26502,32
26503,18
26505,5
26506,5
26508,13
26509,41
26512,11
26515,42
26516,8
26518,14
26519,4
26521,16
26522,27
26524,2
26525,11
26528,50
26531,9
26532,2
26534,29
26535,24
26537,2
26538,8
26540,6
26541,30
26544,10
26547,37
26548,7
26550,7
26551,1
26553,17
26554,21
26557,6
26560,46
26563,12
26564,4
26566,33
26567,18
26569,9
26570,13
26572,10
26573,38
26576,8
26579,47
26580,12
26582,3
26583,4
26585,10
26586,30
26588,5
26589,13
26592,38
26595,5
26596,2
26598,35
26599,18
26601,6
26602,12
26604,10
26605,45
26608,15
26611,35
26612,10
26614,4
26615,5
26617,22
26618,26
26620,5
26621,7
26624,46
26627,9
26628,1
26630,34
26631,20
26633,7
26634,8
26636,9
26637,47
26640,13
26643,41
26644,11
26646,12
26647,6
26649,12
26650,30
26653,7
26656,55
26659,14
26660,3
26662,37
26663,13
26665,9
26666,5
26668,5
26669,41
26672,7
26675,42
26676,7
26678,6
26679,8
26681,14
26682,18
26684,2
26685,16
26688,46
26691,11
26692,4
26694,31
26695,7
26697,4
26698,4
26700,13
26701,32
26704,6
26707,39
26708,9
26710,12
26711,7
26713,21
26714,33
26716,4
26717,16
26720,43
26723,7
26724,1
26726,26
26727,18
26729,6
26730,7
26732,13
26733,36
26736,11
26739,37
26740,8
26742,10
26745,19
26746,33
26748,4
26749,7
26752,46
26755,10
26758,23
26759,11
26761,7
26762,5
26764,9
26765,38
26768,16
26771,37
26772,11
26774,9
26775,11
26777,16
26778,35
26780,3
26781,9
26784,61
26787,6
26788,2
26790,23
26791,35
26793,8
26794,7
26796,11
26797,28
26800,13
26803,35
26804,9
26806,10
26807,6
26809,13
26810,25
26812,2
26813,12
26816,48
26819,7
26820,2
26822,29
26823,19
26825,4
26826,7
26828,7
26829,35
26832,12
26835,40
26836,6
26838,9
26839,9
26841,18
26842,25
26844,4
26845,10
26848,40
26851,12
26852,1
26854,35
26855,21
26857,4
26858,10
26860,9
26861,39
26864,10
26867,48
26868,4
26870,8
26871,7
26873,14
26874,25
26876,2
26877,13
26880,55
26883,12
26884,3
26886,30
26887,12
26889,5
26890,7
26892,11
26893,25
26896,11
26899,38
26900,8
26902,4
26903,3
26905,14
26906,22
26908,4
26909,11
26912,53
26915,7
26916,1
26918,21
26919,15
26921,3
26922,8
26924,11
26925,41
26928,8
26931,46
26932,13
26934,6
26935,2
26937,17
26938,36
26940,1
26941,15
26944,55
26947,18
26948,1
26950,28
26951,17
26953,3
26954,7
26956,11
26957,39
26960,17
26963,30
26964,7
26966,11
26967,3
26969,19
26970,38
26972,5
26973,10
26976,38
26979,10
26980,2
26982,31
26983,15
26985,5
26986,7
26988,6
26989,40
26992,17
26995,44
26996,10
26998,3
26999,7
27001,17
27002,26
27004,5
27005,5
27008,39
27011,6
27012,1
27014,26
27015,18
27017,3
27018,4
27020,7
27021,44
27024,8
27027,30
27028,5
27030,5
27031,6
27033,15
27034,31
27036,6
27037,9
27040,38
27043,6
27044,6
27046,20
27047,24
27049,7
27050,10
27052,11
27053,37
27056,10
27059,43
27060,8
27062,5
27063,6
27065,15
27066,26
27068,2
27069,4
27072,53
27075,8
27076,4
27078,21
27079,20
27081,9
27082,3
27084,6
27085,20
27088,8
27091,41
27092,12
27094,9
27095,2
27097,16
27098,32
27100,3
27101,8
27104,38
27107,9
27108,4
27110,30
27111,21
27113,3
27114,7
27116,3
27117,34
27120,13
27123,33
27124,20
27126,5
27127,5
27129,23
27130,31
27132,1
27133,9
27136,60
27139,8
27140,1
27142,16
27143,17
27145,6
27146,6
27148,8
27149,38
27152,13
27155,41
27156,7
27158,15
27159,4
27161,14
27162,27
27164,3
27165,11
27168,39
27171,11
27172,1
27174,20
27175,15
27177,6
27178,8
27180,11
27181,46
27184,7
27187,30
27188,10
27190,6
27191,3
27193,21
27194,28
27196,2
27197,11
27200,36
27203,10
27204,2
27206,34
27207,15
27209,2
27210,7
27212,7
27213,28
27216,10
27219,45
27220,14
27222,9
27223,1
27225,23
27226,33
27229,8
27232,48
27235,7
27236,3
27238,28
27239,17
27241,3
27242,2
27244,8
27245,45
27248,16
27251,25
27252,10
27254,8
27255,2
27257,17
27258,28
27260,2
27261,9
27264,33
27267,15
27268,2
27270,29
27271,23
27273,6
27274,10
27276,9
27277,43
27280,12
27283,35
27284,10
27286,6
27287,6
27289,23
27290,26
27292,1
27293,9
27296,48
27299,13
27300,6
27302,27
27303,25
27305,5
27306,6
27308,6
27309,33
27312,8
27315,29
27316,14
27318,3
27319,4
27321,19
27322,21
27324,5
27325,9
27328,49
27331,7
27332,2
27334,27
27335,9
27337,3
27338,10
27340,6
27341,45
27344,15
27347,30
27348,10
27350,4
27351,6
27353,11
27354,23
27356,5
27357,11
27360,35
27363,12
27364,4
27366,27
27367,21
27369,3
27370,13
27372,7
27373,31
27376,11
27379,30
27380,12
27382,9
27383,3
27385,11
27386,29
27388,3
27389,8
27392,46
27395,8
27396,3
27398,27
27399,13
27401,3
27402,10
27404,12
27405,39
27408,10
27411,25
27412,10
27414,9
27415,4
27417,18
27418,36
27420,2
27421,13
27424,41
27427,12
27428,4
27430,28
27431,26
27433,6
27434,9
27436,8
27437,29
27440,9
27443,34
27444,6
27446,8
27447,6
27449,23
27450,23
27452,3
27453,8
27456,38
27459,10
27460,2
27462,16
27463,14
27465,6
27466,4
27468,6
27469,35
27472,13
27475,37
27476,7
27478,7
27479,4
27481,19
27482,18
27484,1
27485,10
27488,47
27491,10
27492,2
27494,25
27495,12
27497,6
27498,10
27500,11
27501,35
27504,13
27507,34
27508,11
27510,7
27511,4
27513,18
27514,20
27516,3
27517,9
27520,29
27523,8
27526,21
27527,18
27529,4
27530,6
27532,8
27533,24
27536,11
27539,31
27540,9
27542,5
27543,5
27545,17
27546,33
27548,2
27549,9
27552,37
27555,9
27558,21
27559,19
27561,5
27562,6
27564,16
27565,35
27568,13
27571,29
27572,8
27574,7
27575,6
27577,18
27578,19
27580,3
27581,10
27584,32
27587,5
27588,1
27590,36
27591,17
27593,1
27594,7
27596,11
27597,35
27600,13
27603,32
27604,5
27606,6
27607,2
27609,10
27610,16
27613,13
27616,46
27619,8
27620,1
27622,26
27623,13
27625,4
27626,5
27628,5
27629,32
27632,9
27635,43
27636,6
27638,6
27639,2
27641,16
27642,23
27644,5
27645,7
27648,41
27651,4
27652,2
27654,26
27655,12
27657,7
27658,2
27660,6
27661,37
27664,10
27667,31
27668,7
27670,7
27671,6
27673,12
27674,16
27676,1
27677,12
27680,47
27683,9
27684,2
27686,25
27687,18
27689,7
27690,4
27692,6
27693,41
27696,7
27699,34
27700,8
27702,7
27703,5
27705,15
27706,27
27709,11
27712,42
27715,13
27716,1
27718,19
27719,17
27721,4
27722,6
27724,12
27725,31
27728,11
27731,34
27732,6
27734,9
27735,4
27737,21
27738,23
27740,1
27741,13
27744,29
27747,5
27748,4
27750,25
27751,18
27753,11
27754,10
27756,9
27757,38
27760,4
27763,25
27764,10
27766,4
27767,5
27769,17
27770,30
27773,12
27776,41
27779,11
27780,2
27782,25
27783,19
27785,4
27786,5
27788,8
27789,38
27792,10
27795,36
27796,11
27798,11
27799,11
27801,23
27802,23
27804,2
27805,8
27808,44
27811,9
27812,4
27814,23
27815,17
27817,5
27818,6
27820,11
27821,41
27824,7
27827,39
27828,10
27830,7
27831,3
27833,25
27834,22
27837,10
27840,39
27843,11
27844,2
27846,30
27847,15
27849,4
27850,12
27852,10
27853,31
27856,6
27859,33
27860,9
27862,6
27863,9
27865,14
27866,30
27868,1
27869,10
27872,57
27875,7
27876,1
27878,16
27879,11
27881,5
27882,8
27884,8
27885,32
27888,13
27891,37
27892,10
27894,7
27895,4
27897,22
27898,30
27900,2
27901,10
27904,41
27907,7
27908,1
27910,28
27911,10
27913,8
27914,9
27916,8
27917,42
27920,10
27923,40
27924,5
27926,8
27927,4
27929,16
27930,28
27932,5
27933,12
27936,24
27939,9
27940,3
27942,31
27943,12
27945,2
27946,11
27948,5
27949,34
27952,7
27955,32
27956,11
27958,6
27959,5
27961,18
27962,22
27964,4
27965,10
27968,61
27971,6
27972,2
27974,21
27975,20
27977,4
27978,6
27980,8
27981,29
27984,11
27987,38
27988,5
27990,4
27991,4
27993,18
27994,22
27996,3
27997,6
28000,33
28003,8
28004,1
28006,27
28007,18
28009,10
28010,8
28012,6
28013,30
28016,11
28019,39
28020,14
28022,8
28023,6
28025,13
28026,29
28029,15
28032,38
28035,9
28036,3
28038,22
28039,13
28041,2
28042,5
28044,10
28045,31
28048,7
28051,36
28052,3
28054,8
28055,7
28057,19
28058,17
28061,9
28064,37
28067,12
28068,3
28070,20
28071,11
28073,9
28074,7
28076,4
28077,21
28080,6
28083,25
28084,7
28086,6
28087,4
28089,17
28090,24
28092,1
28093,12
28096,39
28099,11
28100,3
28102,27
28103,15
28105,4
28106,6
28108,6
28109,35
28112,15
28115,34
28116,3
28118,3
28119,4
28121,18
28122,16
28124,4
28125,8
28128,36
28131,5
28132,3
28134,35
28135,14
28137,4
28138,8
28140,8
28141,43
28144,10
28147,22
28148,11
28150,6
28151,1
28153,19
28154,14
28156,2
28157,9
28160,29
28163,5
28164,2
28166,18
28167,13
28169,2
28170,4
28172,4
28173,25
28176,11
28179,28
28180,14
28182,4
28183,4
28185,19
28186,24
28189,6
28192,32
28195,8
28198,32
28199,13
28201,6
28202,4
28204,5
28205,25
28208,10
28211,31
28212,14
28214,8
28215,3
28217,11
28218,26
28220,1
28221,11
28224,49
28227,6
28228,2
28230,20
28231,11
28233,3
28234,5
28236,8
28237,23
28240,10
28243,28
28244,5
28246,5
28247,5
28249,17
28250,15
28252,2
28253,4
28256,46
28259,18
28260,4
28262,16
28263,19
28265,4
28266,7
28268,9
28269,31
28272,9
28275,32
28276,4
28278,2
28279,1
28281,13
28282,22
28284,1
28285,2
28288,42
28291,5
28294,26
28295,15
28297,5
28298,7
28300,10
28301,25
28304,4
28307,26
28308,6
28310,2
28311,2
28313,16
28314,28
28316,1
28317,14
28320,35
28323,10
28324,1
28326,22
28327,15
28329,7
28330,8
28332,5
28333,22
28336,6
28339,24
28340,6
28342,5
28343,3
28345,10
28346,19
28348,2
28349,6
28352,29
28355,6
28356,3
28358,30
28359,19
28361,5
28362,2
28364,14
28365,35
28368,7
28371,26
28372,10
28374,9
28375,3
28377,7
28378,19
28380,1
28381,15
28384,37
28387,8
28388,3
28390,19
28391,9
28393,3
28394,5
28396,2
28397,26
28400,8
28403,20
28404,3
28406,5
28407,3
28409,14
28410,17
28412,2
28413,12
28416,33
28419,8
28422,21
28423,7
28425,2
28426,7
28428,8
28429,23
28432,10
28435,26
28436,7
28438,8
28439,2
28441,13
28442,14
28444,1
28445,13
28448,30
28451,8
28452,4
28454,13
28455,8
28457,3
28458,4
28460,8
28461,31
28464,11
28467,26
28468,7
28470,5
28471,3
28473,15
28474,16
28476,1
28477,4
28480,26
28483,9
28484,3
28486,28
28487,18
28489,4
28490,7
28492,10
28493,32
28496,15
28499,21
28502,1
28503,2
28505,9
28506,15
28508,1
28509,7
28512,28
28515,7
28516,1
28518,24
28519,15
28521,3
28522,3
28524,8
28525,29
28528,7
28531,23
28532,6
28534,5
28535,4
28537,15
28538,23
28540,2
28541,8
28544,42
28547,4
28548,1
28550,13
28551,16
28553,2
28554,5
28556,6
28557,26
28560,4
28563,26
28564,5
28566,3
28567,1
28569,5
28570,16
28573,8
28576,25
28579,8
28580,1
28582,17
28583,16
28585,6
28586,3
28588,3
28589,23
28592,8
28595,18
28596,9
28598,5
28599,2
28601,15
28602,16
28604,1
28605,5
28608,29
28611,6
28614,15
28615,22
28617,1
28618,4
28620,6
28621,26
28624,13
28627,27
28628,9
28630,5
28631,2
28633,16
28634,22
28636,3
28637,6
28640,31
28643,3
28644,1
28646,27
28647,10
28649,5
28650,5
28652,2
28653,31
28656,9
28659,24
28660,10
28662,3
28663,2
28665,12
28666,28
28668,1
28669,10
28672,32
28675,6
28678,20
28679,18
28681,2
28682,6
28684,3
28685,23
28688,9
28691,16
28692,3
28694,1
28695,1
28697,11
28698,16
28701,4
28704,28
28707,5
28708,2
28710,17
28711,12
28713,4
28714,8
28716,9
28717,25
28720,12
28723,25
28724,4
28726,2
28727,3
28729,17
28730,24
28732,2
28733,8
28736,27
28739,4
28740,1
28742,21
28743,7
28745,3
28746,8
28748,6
28749,25
28752,8
28755,19
28756,4
28758,8
28759,2
28761,14
28762,15
28764,2
28765,9
28768,33
28771,2
28772,2
28774,18
28775,11
28777,2
28778,7
28780,8
28781,29
28784,4
28787,24
28788,3
28790,3
28791,5
28793,13
28794,19
28797,6
28800,44
28803,4
28804,1
28806,20
28807,18
28809,1
28810,4
28812,5
28813,30
28816,12
28819,33
28820,4
28822,7
28823,2
28825,9
28826,20
28828,2
28829,4
28832,39
28835,9
28836,2
28838,14
28839,15
28841,4
28842,4
28844,6
28845,18
28848,4
28851,25
28852,6
28854,6
28855,4
28857,17
28858,15
28860,2
28861,9
28864,30
28867,7
28868,1
28870,11
28871,7
28873,2
28874,2
28876,9
28877,26
28880,9
28883,24
28884,5
28886,1
28887,3
28889,14
28890,18
28892,2
28893,6
28896,31
28899,7
28900,2
28902,11
28903,15
28905,4
28906,5
28908,5
28909,16
28912,8
28915,20
28916,9
28918,2
28919,5
28921,10
28922,18
28924,3
28925,7
28928,23
28931,9
28932,1
28934,20
28935,13
28937,8
28938,3
28940,5
28941,22
28944,8
28947,16
28948,6
28950,6
28951,6
28953,15
28954,15
28956,1
28957,10
28960,24
28963,4
28964,3
28966,17
28967,13
28969,3
28970,8
28972,10
28973,26
28976,5
28979,17
28980,6
28982,5
28983,3
28985,12
28986,13
28988,1
28989,4
28992,21
28995,5
28996,2
28998,12
28999,6
29001,3
29002,8
29004,7
29005,23
29008,7
29011,23
29012,6
29014,5
29015,6
29017,10
29018,24
29020,1
29021,10
29024,29
29027,7
29028,2
29030,12
29031,12
29033,1
29034,5
29036,9
29037,20
29040,4
29043,23
29044,5
29046,3
29047,1
29049,13
29050,16
29052,1
29053,7
29056,38
29059,6
29060,1
29062,14
29063,10
29065,1
29066,2
29068,4
29069,34
29072,6
29075,19
29076,3
29078,5
29079,3
29081,9
29082,13
29085,3
29088,15
29091,3
29092,2
29094,16
29095,11
29097,4
29098,2
29100,1
29101,18
29104,5
29107,17
29108,6
29110,5
29111,2
29113,11
29114,16
29116,2
29117,5
29120,18
29123,4
29124,1
29126,9
29127,15
29129,2
29130,5
29132,5
29133,21
29136,8
29139,23
29140,6
29142,8
29143,4
29145,2
29146,14
29148,1
29149,3
29152,23
29155,3
29156,4
29158,15
29159,13
29161,5
29162,3
29164,1
29165,20
29168,7
29171,17
29172,2
29174,5
29175,2
29177,9
29178,15
29180,1
29181,2
29184,30
29187,3
29190,14
29191,4
29193,3
29194,3
29196,5
29197,19
29200,4
29203,11
29204,7
29206,2
29207,4
29209,7
29210,13
29212,2
29213,2
29216,18
29219,2
29222,17
29223,9
29225,4
29226,9
29228,1
29229,16
29232,7
29235,24
29236,1
29238,3
29239,3
29241,10
29242,11
29244,1
29245,10
29248,30
29251,6
29252,2
29254,10
29255,7
29257,4
29258,5
29260,3
29261,14
29264,4
29267,20
29268,7
29270,7
29271,3
29273,11
29274,13
29276,2
29277,7
29280,22
29283,1
29284,1
29286,12
29287,8
29289,1
29290,3
29292,8
29293,18
29296,3
29299,20
29300,7
29302,3
29303,1
29305,4
29306,10
29308,2
29309,4
29312,17
29315,6
29316,2
29318,7
29319,11
29321,4
29322,6
29324,4
29325,16
29328,6
29331,17
29332,7
29334,1
29335,4
29337,6
29338,10
29340,1
29341,4
29344,26
29347,7
29348,2
29350,14
29351,8
29353,3
29354,2
29356,9
29357,29
29360,6
29363,25
29364,1
29367,2
29369,7
29370,16
29372,1
29373,1
29376,25
29379,10
29380,1
29382,13
29383,7
29385,1
29386,1
29388,3
29389,18
29392,3
29395,19
29396,2
29398,5
29399,5
29401,11
29402,9
29404,1
29405,6
29408,25
29411,3
29412,3
29414,10
29415,9
29417,1
29418,2
29420,3
29421,20
29424,3
29427,16
29428,2
29433,4
29434,14
29437,4
29440,19
29443,7
29444,1
29446,12
29447,7
29449,1
29450,2
29452,3
29453,19
29456,2
29459,14
29460,5
29462,1
29463,2
29465,10
29466,10
29469,3
29472,20
29475,5
29478,12
29479,5
29481,3
29482,3
29484,7
29485,22
29488,6
29491,11
29492,1
29494,4
29495,3
29497,12
29498,16
29500,3
29501,6
29504,15
29507,3
29508,3
29510,9
29511,9
29513,2
29514,5
29516,1
29517,16
29520,8
29523,23
29524,1
29526,3
29527,1
29529,3
29530,8
29532,1
29533,2
29536,17
29539,7
29540,1
29542,10
29543,5
29545,5
29546,6
29548,4
29549,18
29552,2
29555,11
29556,2
29558,2
29559,2
29561,9
29562,12
29565,6
29568,10
29571,3
29572,3
29574,14
29575,11
29577,3
29578,6
29580,4
29581,15
29584,7
29587,14
29588,3
29590,6
29591,3
29593,13
29594,13
29596,2
29597,5
29600,18
29603,7
29604,2
29606,13
29607,9
29609,4
29610,6
29613,16
29616,8
29619,13
29620,3
29622,1
29623,6
29625,5
29626,23
29629,5
29632,17
29635,3
29638,17
29639,7
29641,2
29642,4
29644,6
29645,20
29648,8
29651,13
29652,10
29654,6
29655,1
29657,8
29658,11
29660,1
29661,3
29664,17
29667,6
29668,2
29670,13
29671,5
29673,3
29674,2
29676,2
29677,18
29680,4
29683,21
29684,2
29687,1
29689,5
29690,10
29692,3
29693,3
29696,15
29699,3
29702,12
29703,8
29706,2
29708,3
29709,17
29712,9
29715,16
29716,3
29718,4
29719,2
29721,13
29722,13
29724,2
29725,3
29728,22
29731,2
29732,3
29734,6
29735,8
29737,5
29738,2
29740,3
29741,22
29744,4
29747,8
29748,1
29750,5
29751,1
29753,12
29754,7
29756,3
29757,8
29760,18
29763,6
29766,10
29767,7
29769,2
29770,2
29772,3
29773,12
29776,3
29779,23
29780,3
29782,5
29783,1
29785,5
29786,9
29788,1
29789,4
29792,19
29795,6
29796,1
29798,8
29799,5
29801,2
29802,1
29804,1
29805,8
29808,2
29811,13
29812,4
29814,2
29817,6
29818,8
29820,1
29821,1
29824,18
29827,2
29830,13
29831,7
29833,1
29834,3
29836,1
29837,16
29840,3
29843,14
29844,4
29846,1
29849,4
29850,7
29853,5
29856,19
29859,2
29860,2
29862,12
29863,7
29865,4
29866,4
29868,2
29869,20
29872,2
29875,17
29876,3
29878,5
29879,1
29881,7
29882,7
29884,3
29885,3
29888,11
29891,4
29894,7
29895,6
29898,3
29900,1
29901,15
29907,8
29908,3
29910,5
29911,2
29913,5
29914,6
29917,2
29920,13
29923,1
29926,7
29927,5
29929,3
29930,1
29932,3
29933,13
29936,2
29939,18
29940,3
29942,2
29943,1
29945,5
29946,8
29949,3
29952,19
29955,4
29956,1
29958,10
29959,7
29961,1
29962,2
29964,4
29965,7
29968,1
29971,11
29972,3
29974,4
29975,1
29977,4
29978,11
29981,4
29984,18
29987,4
29988,1
29990,7
29991,5
29994,3
29996,1
29997,15
30000,3
30003,9
30004,1
30006,2
30009,6
30010,6
30012,1
30013,2
30016,21
30019,2
30022,13
30023,6
30025,2
30026,1
30028,3
30029,19
30032,7
30035,13
30036,3
30038,1
30039,1
30041,8
30042,13
30044,1
30045,3
30048,16
30051,3
30052,2
30054,4
30055,4
30057,1
30058,3
30060,2
30061,18
30064,3
30067,8
30068,3
30070,3
30071,2
30073,5
30074,9
30076,1
30077,1
30080,23
30083,4
30084,1
30086,8
30087,5
30089,3
30090,1
30092,3
30093,13
30096,2
30099,13
30100,3
30102,3
30103,2
30105,5
30106,7
30109,3
30112,13
30115,4
30116,1
30118,9
30119,9
30121,2
30122,1
30124,2
30125,7
30128,4
30131,9
30134,1
30135,2
30137,4
30138,9
30140,1
30141,2
30144,9
30147,2
30148,1
30150,7
30151,5
30153,2
30154,1
30156,1
30157,6
30160,1
30163,8
30164,6
30166,1
30167,4
30169,2
30170,6
30172,2
30173,5
30176,8
30179,4
30180,2
30182,9
30183,2
30186,4
30188,5
30189,16
30192,3
30195,16
30196,3
30198,1
30199,2
30201,8
30202,10
30204,1
30205,2
30208,15
30211,1
30212,1
30214,9
30215,3
30217,1
30218,2
30220,1
30221,8
30224,4
30227,9
30228,5
30230,4
30234,6
30236,1
30237,5
30240,9
30243,3
30246,9
30247,10
30249,2
30250,1
30252,2
30253,13
30256,3
30259,10
30260,3
30263,2
30265,6
30266,5
30268,1
30269,3
30272,17
30275,3
30276,1
30278,6
30279,5
30282,1
30285,12
30288,1
30291,14
30292,5
30294,3
30297,1
30298,8
30300,1
30301,2
30304,16
30307,4
30310,5
30311,7
30313,1
30314,1
30316,2
30317,8
30320,5
30323,11
30324,2
30326,2
30329,6
30330,11
30332,2
30333,3
30336,11
30339,3
30340,1
30342,5
30343,10
30345,5
30346,1
30348,2
30349,13
30352,3
30355,9
30356,2
30358,2
30359,2
30361,4
30362,2
30365,2
30368,11
30371,4
30374,8
30375,4
30377,1
30380,1
30381,8
30384,3
30387,10
30388,2
30390,2
30391,1
30393,7
30394,9
30396,1
30397,1
30400,14
30403,3
30406,3
30407,3
30409,1
30410,2
30413,11
30416,2
30419,8
30420,4
30422,2
30423,2
30425,6
30426,6
30429,2
30432,14
30435,3
30438,6
30439,2
30441,2
30442,2
30444,2
30445,7
30448,2
30451,12
30452,3
30454,2
30455,1
30457,9
30458,7
30461,7
30464,7
30467,1
30470,8
30471,3
30473,1
30474,1
30476,4
30477,3
30480,2
30483,4
30484,4
30486,3
30487,3
30489,3
30490,7
30492,2
30493,4
30496,13
30499,5
30500,1
30502,5
30503,10
30505,1
30506,2
30508,1
30509,6
30512,2
30515,5
30516,2
30518,3
30519,1
30521,3
30522,8
30524,2
30528,11
30531,7
30534,7
30535,8
30540,2
30541,14
30544,3
30547,8
30548,3
30551,2
30553,5
30554,9
30557,2
30560,7
30563,4
30566,7
30567,3
30569,2
30572,1
30573,7
30576,1
30579,12
30580,5
30582,3
30583,1
30585,4
30586,6
30588,2
30589,2
30592,12
30595,1
30598,6
30599,1
30601,2
30602,3
30604,1
30605,10
30608,2
30611,5
30612,3
30615,2
30617,5
30618,4
30620,1
30621,5
30624,17
30627,2
30628,1
30630,7
30631,6
30633,3
30634,3
30636,1
30637,8
30640,4
30643,7
30644,3
30646,2
30649,6
30650,5
30656,14
30659,3
30662,6
30663,4
30665,2
30666,2
30668,2
30669,8
30672,4
30675,8
30676,1
30678,1
30681,7
30682,10
30685,4
30688,11
30691,4
30694,5
30695,4
30698,2
30700,3
30701,8
30704,2
30707,7
30710,2
30711,1
30713,6
30714,7
30717,2
30720,10
30723,1
30726,5
30727,6
30729,2
30730,1
30733,6
30736,5
30739,6
30740,1
30743,3
30745,5
30746,2
30748,2
30749,2
30752,11
30755,1
30756,1
30758,2
30759,4
30761,1
30762,2
30764,3
30765,10
30768,3
30771,9
30772,2
30774,1
30777,5
30778,4
30781,1
30784,7
30787,2
30790,7
30791,7
30793,2
30794,1
30796,1
30797,7
30800,4
30803,13
30804,1
30806,1
30807,1
30809,4
30810,6
30813,3
30816,8
30819,1
30822,3
30823,6
30825,1
30826,1
30828,2
30829,10
30832,3
30835,6
30838,2
30839,2
30841,3
30842,5
30845,3
30848,4
30851,1
30854,1
30855,4
30857,3
30858,1
30860,2
30861,1
30864,3
30867,3
30868,1
30870,2
30873,4
30874,4
30876,1
30877,3
30880,9
30883,1
30886,5
30887,7
30890,2
30893,8
30896,1
30899,6
30900,2
30902,1
30903,1
30905,3
30906,7
30909,1
30912,10
30915,2
30918,2
30921,3
30922,1
30924,1
30925,10
30931,8
30932,3
30934,1
30935,2
30937,3
30938,3
30940,3
30941,1
30944,5
30947,1
30948,1
30950,1
30951,3
30957,6
30960,2
30963,8
30964,3
30969,2
30970,2
30972,1
30973,1
30976,8
30979,1
30980,1
30982,7
30983,3
30985,1
30986,1
30988,1
30989,5
30992,2
30995,6
30996,3
30998,2
30999,1
31001,1
31002,2
31004,1
31005,2
31008,9
31011,4
31012,1
31014,5
31015,3
31017,2
31018,1
31020,2
31021,8
31024,2
31027,4
31028,1
31033,3
31034,1
31040,8
31043,2
31046,8
31047,4
31049,3
31050,1
31053,8
31056,1
31059,5
31060,2
31065,6
31066,6
31068,1
31069,2
31072,3
31078,1
31079,3
31085,9
31088,3
31091,7
31092,2
31094,3
31095,1
31097,1
31098,6
31100,1
31101,2
31104,8
31107,1
31108,2
31110,6
31111,2
31113,1
31114,1
31116,2
31117,7
31120,1
31123,3
31124,3
31126,1
31129,5
31130,3
31133,1
31136,9
31139,2
31140,1
31143,2
31148,2
31149,6
31155,9
31156,2
31161,4
31162,8
31164,1
31165,5
31168,7
31171,2
31174,7
31175,5
31177,2
31178,1
31180,2
31181,6
31184,1
31188,1
31190,2
31193,5
31194,5
31200,3
31203,2
31204,1
31206,3
31207,5
31209,1
31213,6
31216,3
31219,6
31220,3
31222,2
31223,1
31225,1
31226,3
31232,4
31235,3
31238,2
31239,2
31241,1
31242,1
31244,1
31245,3
31251,5
31254,2
31255,1
31257,1
31258,6
31261,3
31264,5
31267,1
31270,5
31276,1
31277,3
31280,3
31283,2
31284,3
31286,1
31289,1
31290,3
31296,8
31302,2
31303,3
31306,2
31308,2
31309,4
31312,2
31315,5
31316,2
31318,1
31321,4
31322,9
31328,4
31331,2
31334,3
31335,2
31338,2
31340,2
31341,4
31344,1
31347,7
31350,2
31351,1
31353,3
31354,5
31360,2
31363,2
31366,5
31367,2
31370,1
31372,2
31376,2
31379,2
31380,1
31382,1
31383,1
31385,1
31386,7
31389,2
31392,7
31398,1
31399,3
31401,2
31404,2
31405,3
31408,2
31411,4
31412,2
31417,2
31418,2
31421,2
31424,6
31427,1
31430,5
31431,3
31436,3
31437,9
31440,6
31443,7
31444,2
31447,1
31449,2
31450,3
31453,3
31456,7
31459,4
31460,1
31462,4
31463,3
31469,6
31472,4
31475,3
31478,1
31479,2
31481,7
31482,3
31485,2
31488,10
31491,2
31494,6
31495,4
31497,2
31498,1
31500,1
31501,3
31504,1
31507,4
31508,1
31510,1
31511,1
31513,4
31514,1
31517,1
31520,8
31523,5
31526,4
31527,2
31530,3
31533,4
31539,6
31540,1
31542,1
31545,1
31546,2
31552,6
31555,3
31556,2
31558,2
31559,6
31561,2
31562,2
31564,2
31565,5
31571,5
31572,1
31577,2
31578,4
31584,7
31587,1
31590,3
31591,1
31594,2
31597,4
31600,4
31603,2
31607,1
31609,5
31610,4
31616,4
31619,2
31622,2
31623,3
31625,1
31628,1
31629,3
31632,2
31635,6
31636,3
31641,3
31642,5
31644,1
31645,1
31648,5
31654,3
31655,5
31660,1
31661,5
31664,1
31667,6
31671,2
31673,1
31674,2
31676,1
31677,1
31680,8
31683,1
31686,1
31690,1
31693,1
31699,6
31700,2
31703,2
31705,4
31706,4
31712,8
31715,2
31718,2
31719,2
31722,1
31724,1
31725,4
31728,1
31731,4
31732,3
31734,1
31737,3
31738,2
31740,1
31744,9
31747,2
31750,4
31751,2
31756,1
31757,3
31760,2
31763,4
31764,1
31766,2
31769,5
31770,5
31773,2
31776,8
31779,2
31780,1
31782,5
31783,2
31788,2
31789,4
31792,1
31795,4
31796,1
31798,1
31799,1
31802,8
31804,1
31805,1
31808,4
31814,5
31815,1
31820,1
31821,6
31824,4
31827,4
31830,1
31833,3
31834,4
31840,3
31843,2
31846,7
31847,2
31849,1
31850,1
31852,2
31853,5
31856,4
31859,7
31862,1
31863,2
31865,3
31866,5
31869,2
31872,7
31875,1
31876,1
31878,3
31879,2
31884,1
31885,4
31888,1
31891,2
31894,1
31897,3
31898,3
31904,2
31907,2
31910,3
31911,2
31917,7
31920,2
31923,3
31924,1
31927,1
31929,1
31930,5
31932,1
31933,2
31936,6
31939,2
31940,1
31942,2
31945,1
31946,1
31949,3
31952,2
31955,3
31956,1
31958,1
31961,2
31962,2
31968,5
31972,1
31974,2
31975,5
31978,1
31980,2
31981,5
31984,1
31987,5
31991,1
31993,3
31994,1
32000,2
32003,1
32006,2
32007,2
32009,1
32013,4
32019,1
32025,4
32026,3
32032,2
32035,2
32036,2
32038,5
32039,2
32041,1
32045,1
32051,3
32052,1
32057,3
32064,1
32067,3
32068,1
32070,4
32071,1
32073,1
32074,3
32076,1
32077,2
32083,5
32086,2
32089,2
32090,2
32093,1
32096,5
32099,1
32100,1
32102,2
32105,2
32106,1
32109,2
32115,2
32116,2
32121,1
32122,2
32128,4
32131,2
32132,1
32134,1
32135,2
32137,1
32138,2
32140,1
32141,2
32144,1
32147,3
32153,1
32154,4
32160,6
32163,2
32166,2
32167,2
32173,2
32176,1
32179,6
32180,3
32182,2
32185,1
32186,1
32192,6
32198,2
32199,1
32202,1
32204,2
32205,2
32208,1
32211,6
32212,2
32214,1
32217,4
32224,6
32227,1
32228,1
32230,8
32234,2
32236,1
32237,3
32240,2
32243,4
32244,1
32246,1
32249,2
32250,5
32252,1
32256,2
32260,1
32263,1
32268,2
32269,5
32272,1
32275,2
32276,1
32278,1
32281,2
32282,2
32285,1
32288,3
32291,4
32292,1
32294,7
32295,1
32297,1
32300,2
32301,2
32304,1
32307,3
32308,1
32313,2
32314,5
32320,3
32323,2
32326,4
32327,1
32332,2
32333,7
32336,1
32339,4
32343,1
32345,1
32346,5
32349,1
32352,3
32355,1
32358,1
32359,1
32364,1
32365,3
32368,2
32371,1
32372,1
32377,4
32378,2
32381,1
32384,5
32387,1
32388,1
32390,4
32391,1
32396,2
32397,5
32403,3
32406,1
32410,2
32416,3
32422,3
32423,1
32428,1
32429,2
32435,5
32436,1
32441,2
32442,7
32451,1
32452,1
32454,5
32458,1
32461,5
32464,2
32467,1
32468,1
32471,1
32473,1
32474,3
32477,1
32480,1
32483,1
32484,1
32486,4
32487,1
32490,2
32493,4
32499,4
32500,1
32503,2
32505,1
32506,5
32512,4
32515,1
32519,5
32521,2
32525,3
32531,4
32534,2
32537,1
32538,5
32541,1
32544,3
32548,1
32551,1
32553,1
32556,1
32557,5
32560,2
32563,1
32564,1
32567,2
32569,2
32570,4
32573,1
32576,2
32580,1
32582,1
32583,3
32586,1
32589,1
32595,5
32596,1
32601,2
32602,1
32608,2
32612,1
32614,1
32617,1
32620,2
32621,2
32624,2
32627,1
32628,1
32630,1
32633,2
32634,1
32637,1
32640,1
32644,1
32646,1
32647,2
32649,1
32650,1
32653,3
32660,1
32662,1
32663,2
32666,1
32669,1
32672,2
32675,1
32678,4
32679,2
32685,1
32688,1
32691,2
32704,1
32710,3
32711,1
32716,1
32717,1
32720,3
32723,3
32724,1
32726,2
32729,2
32730,1
32733,2
32736,1
32739,1
32740,1
32742,3
32748,2
32749,3
32752,1
32756,1
32759,1
32761,1
32762,3
32764,1
32768,7
32771,2
32774,5
32775,1
32777,1
32780,1
32781,4
32784,2
32787,1
32791,1
32793,1
32794,2
32796,1
32806,4
32807,1
32809,2
32812,1
32813,4
32816,1
32819,2
32825,1
32826,1
32832,3
32835,1
32838,5
32839,1
32842,1
32844,1
32845,1
32851,3
32852,1
32857,2
32858,2
32861,1
32864,2
32871,1
32874,1
32876,1
32877,2
32883,1
32884,3
32887,3
32890,4
32893,5
32896,2
32899,2
32903,3
32906,1
32909,4
32915,4
32921,1
32922,1
32928,2
32934,3
32937,1
32938,2
32940,1
32941,2
32948,1
32950,1
32951,1
32953,1
32954,2
32957,1
32960,3
32964,1
32966,1
32967,2
32969,1
32973,2
32976,1
32979,3
32985,1
32986,1
32989,1
32992,2
32998,2
32999,1
33004,2
33005,2
33011,2
33014,1
33018,2
33020,1
33024,7
33027,2
33030,2
33036,1
33037,6
33040,1
33043,4
33053,1
33056,4
33062,1
33068,1
33069,4
33075,1
33081,2
33082,2
33088,2
33091,2
33094,1
33095,1
33097,1
33100,1
33101,2
33104,1
33107,2
33108,1
33111,1
33113,1
33120,3
33123,1
33126,1
33127,2
33136,3
33139,1
33145,1
33146,5
33152,1
33155,2
33159,1
33161,1
33162,2
33171,1
33177,1
33178,1
33181,1
33184,3
33190,1
33191,1
33193,1
33196,1
33197,1
33203,4
33204,1
33206,1
33209,1
33210,3
33216,3
33222,1
33228,1
33229,5
33235,3
33241,2
33242,1
33245,1
33248,3
33251,1
33255,1
33258,1
33267,1
33268,1
33270,1
33280,2
33286,1
33287,2
33293,3
33299,2
33306,2
33312,3
33319,2
33325,2
33328,1
33331,1
33332,1
33337,1
33338,1
33344,3
33350,1
33351,2
33357,3
33360,1
33363,1
33364,2
33366,1
33367,1
33373,1
33376,3
33379,1
33380,1
33382,4
33383,2
33385,1
33389,2
33392,1
33395,2
33396,1
33398,1
33401,1
33402,1
33408,2
33411,1
33414,3
33421,1
33424,1
33427,1
33433,2
33437,1
33440,1
33446,1
33450,3
33456,2
33459,3
33460,2
33462,1
33465,1
33466,1
33472,2
33476,1
33478,1
33479,3
33482,2
33485,2
33491,1
33492,1
33498,1
33504,1
33523,3
33526,1
33529,1
33530,1
33536,3
33540,1
33542,1
33543,1
33549,2
33555,1
33559,1
33561,1
33562,2
33565,1
33568,1
33575,1
33577,1
33580,1
33581,5
33584,1
33587,3
33591,1
33594,1
33600,3
33606,1
33609,1
33613,2
33616,1
33619,4
33626,2
33629,1
33632,1
33638,1
33641,1
33642,2
33648,1
33651,1
33657,1
33658,1
33661,2
33664,1
33671,1
33677,1
33683,3
33684,1
33686,1
33687,1
33690,2
33699,2
33703,2
33708,2
33709,2
33712,2
33715,1
33719,1
33722,1
33724,1
33728,4
33731,2
33734,1
33737,1
33740,1
33744,2
33747,1
33748,1
33751,2
33754,3
33756,1
33766,1
33773,2
33779,3
33782,1
33783,1
33785,1
33786,1
33792,2
33795,2
33799,1
33805,3
33808,2
33811,2
33814,1
33827,1
33828,1
33830,3
33837,1
33843,3
33849,1
33853,1
33856,1
33862,2
33868,1
33869,3
33875,2
33876,1
33878,1
33882,1
33885,2
33894,1
33895,1
33901,1
33907,3
33914,1
33920,6
33927,2
33933,3
33936,1
33939,1
33940,1
33946,1
33958,2
33964,1
33965,2
33968,1
33972,1
33977,2
33990,1
33991,2
33994,1
34003,1
34013,1
34016,1
34022,2
34026,2
34028,1
34029,2
34032,1
34035,2
34041,1
34045,1
34048,7
34054,1
34057,1
34061,1
34067,2
34068,1
34070,1
34074,1
34080,1
34087,1
34093,1
34102,1
34103,1
34105,3
34112,2
34119,1
34125,1
34131,1
34134,1
34135,1
34137,1
34138,1
34141,1
34144,2
34157,1
34163,1
34164,2
34169,2
34170,1
34173,2
34176,1
34189,1
34192,1
34195,1
34201,1
34208,4
34214,2
34221,2
34227,2
34228,1
34230,1
34233,2
34249,1
34253,3
34256,1
34259,1
34260,1
34265,1
34266,1
34284,1
34285,1
34291,2
34292,1
34297,1
34298,1
34310,1
34313,1
34323,5
34326,1
34329,1
34330,2
34336,1
34342,1
34346,1
34361,1
34368,1
34371,1
34374,2
34387,3
34394,1
34397,1
34406,2
34409,1
34413,1
34423,1
34429,2
34432,3
34438,1
34445,1
34451,2
34452,1
34454,1
34464,2
34470,3
34471,2
34480,1
34490,2
34496,2
34499,1
34500,1
34502,3
34505,1
34506,1
34509,1
34512,1
34516,2
34518,1
34522,1
34525,2
34528,2
34534,2
34535,2
34538,1
34540,1
34541,1
34548,1
34554,2
34557,1
34560,3
34564,1
34566,1
34567,3
34572,1
34573,1
34579,3
34589,1
34592,1
34599,1
34601,1
34604,2
34608,1
34611,1
34614,1
34621,1
34624,3
34634,1
34644,1
34649,1
34650,1
34652,1
34653,1
34656,4
34663,1
34666,1
34668,1
34669,3
34682,1
34691,1
34694,1
34695,1
34698,1
34701,2
34704,1
34707,1
34708,1
34713,1
34714,3
34717,1
34723,1
34726,1
34730,3
34733,1
34739,1
34742,1
34745,2
34749,1
34752,4
34755,1
34762,1
34771,1
34777,1
34790,1
34791,3
34797,1
34804,1
34810,1
34822,1
34823,1
34829,3
34836,1
34842,2
34844,1
34848,1
34854,3
34861,1
34868,1
34874,1
34877,1
34880,1
34886,3
34890,1
34893,2
34899,2
34905,1
34906,2
34912,1
34918,1
34919,2
34925,1
34934,1
34947,1
34951,3
34954,1
34957,2
34963,2
34964,1
34969,1
34976,2
34982,1
34983,2
34988,1
34989,1
34992,1
35001,1
35005,2
35008,1
35014,1
35015,1
35021,1
35027,1
35040,3
35046,1
35047,1
35052,1
35060,1
35065,1
35066,2
35069,1
35072,1
35075,2
35078,1
35088,1
35092,1
35098,1
35110,1
35111,2
35123,1
35124,1
35129,1
35136,2
35142,1
35168,1
35181,2
35187,2
35188,1
35191,1
35197,1
35200,1
35206,1
35220,2
35229,2
35232,2
35238,1
35251,1
35260,1
35261,2
35276,1
35277,1
35283,2
35290,1
35296,3
35303,2
35318,1
35321,1
35325,1
35328,1
35334,1
35335,1
35338,1
35340,1
35347,2
35353,1
35360,2
35363,1
35366,2
35373,2
35392,2
35399,2
35402,1
35408,2
35411,2
35417,2
35430,2
35434,1
35443,3
35456,2
35475,1
35482,1
35488,1
35501,2
35507,2
35508,1
35513,1
35517,1
35520,1
35523,1
35526,1
35532,1
35533,1
35536,1
35539,2
35548,1
35564,1
35565,1
35568,1
35584,2
35609,1
35616,1
35622,2
35623,1
35628,1
35629,3
35642,2
35654,3
35655,2
35667,1
35671,1
35673,2
35674,2
35683,1
35686,1
35687,1
35693,2
35699,1
35705,1
35718,2
35719,1
35722,2
35725,3
35728,1
35731,2
35738,1
35744,3
35747,1
35750,2
35763,1
35779,1
35782,1
35783,1
35785,1
35786,1
35802,1
35808,2
35811,1
35820,1
35837,1
35840,2
35843,1
35852,1
35853,3
35866,1
35872,1
35878,1
35879,1
35885,1
35891,1
35897,3
35904,1
35923,1
35930,2
35936,1
35942,1
35949,2
35952,1
35958,1
35961,2
35980,1
35996,1
35997,1
36000,1
36003,1
36006,2
36013,2
36032,1
36039,1
36045,1
36051,1
36057,1
36064,2
36068,1
36070,1
36076,1
36077,1
36080,2
36103,2
36109,1
36128,1
36135,1
36140,1
36141,1
36147,1
36153,1
36154,1
36173,2
36176,1
36192,1
36196,1
36205,3
36214,1
36215,1
36218,2
36224,2
36230,1
36231,2
36243,1
36244,1
36262,1
36269,1
36282,1
36288,1
36295,3
36301,1
36313,1
36320,1
36326,1
36346,1
36352,1
36365,1
36371,1
36384,2
36390,2
36394,1
36425,1
36429,1
36441,3
36448,2
36474,1
36483,1
36486,1
36487,1
36490,1
36496,1
36499,1
36502,1
36512,2
36515,1
36519,1
36528,1
36531,3
36532,1
36550,2
36551,1
36557,1
36560,1
36563,1
36570,1
36595,1
36608,1
36611,1
36614,1
36615,1
36620,2
36628,1
36633,1
36640,1
36646,1
36653,2
36659,1
36660,1
36666,1
36672,1
36679,2
36704,2
36710,1
36717,2
36720,1
36729,1
36730,1
36733,1
36736,3
36749,1
36752,1
36755,1
36762,1
36774,1
36780,1
36784,1
36787,3
36791,1
36794,1
36800,1
36806,1
36807,1
36819,1
36825,3
36826,1
36829,1
36839,2
36854,1
36855,1
36858,2
36864,1
36870,2
36871,1
36877,2
36893,1
36909,3
36948,1
36950,1
36960,2
36976,1
36979,2
36985,2
36992,1
37011,1
37012,1
37014,1
37018,1
37036,1
37043,2
37063,1
37068,2
37069,1
37088,1
37094,1
37100,1
37104,1
37114,1
37120,1
37133,1
37146,1
37152,4
37162,1
37165,1
37171,1
37175,1
37177,1
37178,1
37196,1
37197,1
37209,1
37219,1
37226,1
37229,2
37235,1
37244,1
37248,1
37255,2
37260,1
37261,1
37267,1
37268,1
37273,1
37277,1
37286,1
37293,1
37296,1
37299,1
37306,1
37325,1
37337,1
37344,1
37357,1
37363,1
37370,1
37382,1
37389,1
37392,1
37395,1
37404,1
37421,1
37427,2
37430,1
37447,1
37453,1
37459,1
37460,1
37497,1
37498,1
37500,1
37504,1
37517,1
37562,1
37568,1
37575,1
37590,1
37600,2
37616,1
37619,1
37625,1
37626,2
37632,1
37644,1
37652,2
37658,1
37670,1
37677,2
37696,1
37708,1
37709,2
37715,2
37747,1
37760,1
37785,1
37792,1
37799,1
37802,1
37811,2
37824,2
37830,1
37840,1
37843,1
37859,1
37878,1
37882,1
37917,1
37926,3
37933,2
37939,2
37945,2
37946,2
37955,1
37958,1
37959,1
37965,1
37971,1
37996,1
37997,3
38003,1
38004,1
38029,1
38048,1
38054,1
38058,1
38061,1
38067,1
38080,1
38090,1
38099,1
38112,3
38118,1
38125,1
38147,1
38157,1
38163,2
38170,1
38188,1
38195,1
38221,1
38240,1
38253,1
38256,1
38266,1
38278,1
38285,1
38314,1
38336,1
38345,1
38355,1
38380,1
38381,1
38387,1
38412,1
38432,3
38445,1
38451,1
38464,1
38483,2
38490,1
38496,1
38502,1
38509,2
38515,1
38540,1
38541,1
38547,1
38553,1
38576,1
38579,3
38585,1
38599,1
38624,2
38630,1
38662,1
38681,1
38688,1
38708,1
38714,2
38727,1
38736,1
38739,1
38740,1
38762,1
38765,1
38784,1
38797,1
38810,1
38819,1
38829,1
38841,1
38873,1
38874,1
38880,2
38886,1
38896,1
38905,1
38921,1
38938,1
38951,1
38964,1
38998,1
39008,2
39020,1
39024,1
39027,2
39046,1
39059,1
39079,1
39085,2
39091,1
39092,1
39097,1
39098,1
39104,1
39123,1
39130,1
39136,2
39149,2
39168,1
39174,1
39200,1
39213,1
39277,1
39296,1
39322,1
39367,1
39373,2
39392,1
39395,1
39401,1
39433,1
39436,1
39444,1
39462,1
39469,1
39475,1
39494,1
39533,1
39558,1
39574,1
39616,1
39648,1
39655,1
39667,1
39668,1
39696,1
39706,2
39719,1
39724,2
39782,1
39821,2
39827,1
39831,1
39837,1
39846,1
39866,1
39868,1
39878,1
39884,1
39891,1
39897,1
39911,1
39962,1
39981,2
40003,1
40006,1
40038,1
40077,1
40144,1
40147,1
40154,1
40179,1
40199,1
40201,1
40208,1
40265,1
40346,1
40365,1
40432,1
40435,1
40441,1
40442,1
40451,1
40487,1
40524,1
40538,1
40569,1
40582,1
40596,1
40640,1
40660,1
40685,1
40704,1
40733,1
40761,1
40774,1
40813,1
40937,1
40960,2
40980,1
41069,1
41085,1
41088,2
41145,1
41260,1
41376,1
41446,1
41498,1
41580,1
41632,1
41651,2
41804,1
41866,1
41981,1
42169,1
42196,1
42311,1
42349,1
42477,1
42547,1
42771,1
42797,1
42956,1
43076,1
43188,1
43200,1
43421,1
43488,1
43673,1
43814,1
43872,1
44064,1
44755,1
44780,1
44787,1
44973,1
45114,1
45286,1
45296,1
45478,1
45811,1
46388,1
46413,1
46714,1
47360,1
48090,1
48359,1
48793,1
48940,1
49453,1
49587,1
49703,1
49786,1
49827,1
50279,1
50361,1
50509,1
50925,1
51143,1
51340,1
51462,1
51558,1
51799,1
51853,1
51948,1
52281,1
52620,1
54150,1
54246,1
54560,1
55059,1
55562,1
55686,1
55943,1
56313,1
56647,1
56653,1
56813,1
57882,1
58003,1
58976,1
60083,1
60672,1
61696,1
63062,1
65158,1
65888,1
66477,1
66759,1
66797,1
68381,1
69094,1
71673,1
75507,1
76147,1
77389,1
77900,1
78560,1
78745,1
82365,1
88358,1
93184,1
97171,1
98537,1
102048,1
103808,1
105005,1
109587,1
115750,1
120192,1
120195,1
123155,1
134438,1
136135,1
143418,1
152966,1
153536,1
154925,1
157177,1
158918,1
164621,1
167430,1
168844,1
173280,1
174919,1
182141,1
182560,1
185107,1
194499,1
207600,1
212217,1
214541,1
215542,1
216531,1
216992,1
223478,1
239885,1
241274,1
241354,1
244986,1
285479,1
298621,1
315060,1
325152,1
326451,1
346336,1
371366,1
371715,1
375488,1
375872,1
397479,1
401559,1
402502,1
412736,1
437069,1
439034,1
455891,1
460813,1
476352,1
858691,1
1056748,1
1357888,1
1477975,1
1919130,1
3046061,1
3331815,1
5481081,1
5487795,1
5503283,1
5505357,1
5508186,1
5511884,1
5512511,1
5513292,1
5514841,1
5515401,1
5517407,1
5518156,1
5520880,1
5522073,1
5524864,1
5525280,1
5525350,1
5526854,1
5526976,1
5530368,1
5532223,1
5532800,1
5533273,1
5533283,1
5534611,1
5534963,1
5535455,1
5538931,1
5541760,1
5542790,1
5543526,1
5544019,1
5545932,1
5546656,1
5551392,1
5553334,1
5554483,1
5554797,1
5557433,1
5558652,1
5559744,1
5560013,1
5560025,1
5560595,1
5561562,1
5564038,1
5564672,1
5565740,1
5569511,1
5572774,1
5573190,1
5573267,1
5575104,1
5575549,1
5576620,1
5578451,1
5582071,1
5584384,1
5588691,1
5589600,1
5592544,1
5595987,1
5601863,1
5603629,1
5604921,1
5604953,1
5608250,1
5610848,1
5611680,1
5613767,1
5616448,1
5616858,1
5622195,1
5632381,1
5648563,1
5648710,1
5654813,1
5655347,1
5671680,1
5685983,1
5692691,1
5722051,1
5722707,1
5730970,1
5795075,1
5810221,1
5815036,1
5827245,1
5829804,1
5833881,1
5838880,1
5850656,1
