# Samples: 127938, Average: 11893.1 ns, StdDev: 4919.3 ns, Quartiles: 10883.0/11677.0/12547.0 ns
5619,1
5667,1
5677,1
5693,1
5699,1
5728,1
5732,1
5737,1
5750,1
5757,2
5766,1
5852,1
5875,1
5891,1
5901,1
6534,1
6550,1
6621,1
6819,1
9056,1
9252,1
9277,1
9335,1
9347,1
9354,1
9357,1
9383,1
9386,1
9392,2
9398,1
9405,1
9408,1
9411,1
9414,1
9415,1
9417,1
9424,2
9436,1
9437,1
9446,1
9453,1
9456,2
9462,1
9468,1
9469,1
9475,2
9481,1
9482,1
9485,2
9488,1
9494,1
9495,2
9501,4
9504,2
9507,2
9508,1
9510,1
9514,3
9517,1
9520,3
9523,2
9526,2
9530,2
9533,1
9536,2
9539,1
9540,1
9543,1
9546,2
9552,4
9558,6
9559,2
9562,1
9565,6
9568,2
9571,3
9574,1
9577,1
9578,2
9580,1
9581,2
9584,2
9587,1
9588,2
9590,2
9591,2
9593,2
9594,1
9597,9
9600,1
9603,2
9606,2
9607,1
9609,4
9610,4
9612,1
9613,1
9616,7
9619,2
9620,1
9622,3
9623,2
9626,4
9629,10
9632,4
9635,6
9638,4
9639,1
9641,6
9642,3
9644,2
9645,3
9648,9
9651,4
9652,2
9654,6
9655,4
9657,1
9658,1
9660,2
9661,8
9664,4
9667,7
9668,4
9670,4
9671,4
9673,2
9674,4
9676,1
9677,7
9680,14
9683,6
9684,2
9686,5
9687,5
9689,2
9690,5
9692,5
9693,12
9696,5
9699,13
9700,3
9702,1
9703,2
9705,7
9706,5
9708,1
9709,5
9712,9
9715,5
9716,4
9718,6
9719,2
9721,4
9722,4
9725,10
9728,4
9731,15
9732,2
9734,2
9735,5
9737,7
9738,9
9740,2
9741,6
9744,15
9747,5
9750,4
9751,9
9753,2
9754,8
9756,2
9757,8
9760,13
9763,12
9764,4
9766,8
9767,1
9769,7
9770,7
9773,13
9776,20
9779,6
9780,1
9782,18
9783,11
9785,6
9786,5
9788,1
9789,18
9792,15
9795,15
9796,4
9798,9
9799,6
9801,10
9802,15
9804,3
9805,11
9808,22
9811,3
9814,7
9815,6
9817,6
9818,4
9820,8
9821,11
9824,6
9827,16
9828,5
9830,3
9831,3
9833,9
9834,16
9837,8
9840,16
9843,11
9844,4
9846,12
9847,9
9849,7
9850,7
9852,7
9853,27
9856,16
9859,27
9860,4
9862,15
9863,9
9865,8
9866,17
9869,18
9872,33
9875,10
9876,3
9878,30
9879,17
9881,10
9882,7
9884,10
9885,40
9888,15
9891,28
9892,11
9894,10
9895,6
9897,17
9898,32
9900,9
9901,17
9904,37
9907,21
9908,2
9910,26
9911,12
9913,6
9914,16
9916,8
9917,31
9920,18
9923,38
9924,7
9926,5
9927,6
9929,23
9930,30
9932,6
9933,18
9936,47
9939,24
9940,5
9942,34
9943,20
9945,14
9946,14
9948,11
9949,37
9952,19
9955,48
9956,11
9958,16
9959,13
9961,27
9962,29
9964,8
9965,29
9968,47
9971,27
9972,3
9974,30
9975,26
9977,13
9978,15
9980,6
9981,48
9984,36
9987,54
9988,8
9990,21
9991,11
9993,22
9994,44
9996,4
9997,19
10000,61
10003,31
10004,10
10006,44
10007,30
10009,14
10010,28
10012,12
10013,60
10016,36
10019,65
10020,14
10022,24
10023,20
10025,30
10026,46
10028,5
10029,32
10032,69
10035,35
10036,4
10038,42
10039,35
10041,22
10042,34
10044,16
10045,61
10048,41
10051,52
10052,22
10054,25
10055,13
10057,32
10058,51
10060,8
10061,39
10064,91
10067,30
10068,11
10070,50
10071,32
10073,18
10074,26
10076,14
10077,89
10080,43
10083,72
10084,19
10086,33
10087,22
10089,36
10090,47
10092,10
10093,49
10096,110
10099,34
10100,11
10102,53
10103,29
10105,19
10106,37
10108,15
10109,92
10112,47
10115,86
10116,25
10118,35
10119,22
10121,34
10122,44
10124,12
10125,44
10128,98
10131,49
10132,13
10134,63
10135,38
10137,30
10138,38
10140,14
10141,92
10144,62
10147,85
10148,17
10150,31
10151,20
10153,49
10154,83
10156,11
10157,45
10160,111
10163,52
10164,15
10166,66
10167,41
10169,24
10170,34
10172,21
10173,91
10176,59
10179,98
10180,24
10182,41
10183,22
10185,49
10186,77
10188,12
10189,47
10192,116
10195,46
10196,12
10198,76
10199,42
10201,25
10202,35
10204,20
10205,91
10208,57
10211,111
10212,23
10214,47
10215,31
10217,43
10218,73
10220,13
10221,53
10224,118
10227,49
10228,13
10230,73
10231,49
10233,27
10234,37
10236,31
10237,104
10240,65
10243,102
10244,36
10246,39
10247,27
10249,47
10250,82
10252,7
10253,43
10256,134
10259,47
10260,13
10262,87
10263,60
10265,25
10266,45
10268,21
10269,109
10272,73
10275,95
10276,26
10278,31
10279,20
10281,58
10282,87
10284,10
10285,42
10288,149
10291,60
10292,14
10294,106
10295,45
10297,22
10298,37
10300,30
10301,105
10304,59
10307,114
10308,23
10310,41
10311,37
10313,46
10314,89
10316,12
10317,64
10320,136
10323,67
10324,15
10326,81
10327,64
10329,33
10330,49
10332,34
10333,112
10336,73
10339,119
10340,18
10342,40
10343,27
10345,59
10346,79
10348,10
10349,60
10352,151
10355,47
10356,27
10358,91
10359,64
10361,35
10362,47
10364,29
10365,113
10368,83
10371,135
10372,36
10374,54
10375,24
10377,60
10378,93
10380,11
10381,64
10384,167
10387,73
10388,16
10390,94
10391,57
10393,31
10394,41
10396,27
10397,120
10400,90
10403,108
10404,42
10406,39
10407,27
10409,69
10410,93
10412,18
10413,66
10416,151
10419,70
10420,11
10422,107
10423,69
10425,26
10426,50
10428,39
10429,135
10432,67
10435,127
10436,30
10438,65
10439,28
10441,63
10442,100
10444,14
10445,63
10448,167
10451,60
10452,12
10454,86
10455,58
10457,20
10458,42
10460,41
10461,124
10464,76
10467,123
10468,36
10470,54
10471,43
10473,62
10474,77
10476,17
10477,62
10480,149
10483,71
10484,18
10486,75
10487,68
10489,39
10490,44
10492,30
10493,135
10496,80
10499,135
10500,31
10502,66
10503,29
10505,58
10506,108
10508,18
10509,61
10512,156
10515,77
10516,12
10518,105
10519,68
10521,27
10522,46
10524,37
10525,119
10528,72
10531,133
10532,33
10534,54
10535,37
10537,65
10538,94
10540,14
10541,79
10544,130
10547,67
10548,15
10550,98
10551,61
10553,22
10554,38
10556,30
10557,134
10560,76
10563,120
10564,37
10566,51
10567,32
10569,74
10570,83
10572,14
10573,61
10576,163
10579,69
10580,12
10582,119
10583,65
10585,43
10586,46
10588,37
10589,127
10592,79
10595,118
10596,35
10598,43
10599,21
10601,70
10602,85
10604,18
10605,59
10608,160
10611,68
10612,19
10614,94
10615,59
10617,33
10618,50
10620,30
10621,106
10624,78
10627,119
10628,22
10630,38
10631,36
10633,66
10634,69
10636,17
10637,64
10640,157
10643,53
10644,9
10646,86
10647,57
10649,42
10650,49
10652,44
10653,110
10656,72
10659,106
10660,29
10662,40
10663,40
10665,64
10666,106
10668,14
10669,58
10672,175
10675,64
10676,20
10678,111
10679,64
10681,28
10682,46
10684,30
10685,127
10688,94
10691,115
10692,32
10694,46
10695,30
10697,57
10698,99
10700,12
10701,59
10704,163
10707,65
10708,23
10710,99
10711,62
10713,41
10714,45
10716,42
10717,159
10720,85
10723,123
10724,34
10726,55
10727,40
10729,65
10730,103
10732,9
10733,57
10736,141
10739,65
10740,18
10742,100
10743,62
10745,24
10746,43
10748,26
10749,139
10752,95
10755,130
10756,32
10758,58
10759,42
10761,74
10762,101
10764,17
10765,76
10768,172
10771,73
10772,13
10774,74
10775,51
10777,32
10778,51
10780,26
10781,140
10784,87
10787,139
10788,29
10790,53
10791,46
10793,73
10794,118
10796,17
10797,62
10800,145
10803,89
10804,16
10806,106
10807,65
10809,28
10810,52
10812,29
10813,133
10816,87
10819,131
10820,30
10822,60
10823,19
10825,78
10826,97
10828,16
10829,66
10832,162
10835,63
10836,13
10838,96
10839,52
10841,37
10842,61
10844,30
10845,140
10848,98
10851,121
10852,39
10854,51
10855,35
10857,69
10858,96
10860,16
10861,88
10864,181
10867,72
10868,16
10870,118
10871,62
10873,26
10874,54
10876,31
10877,120
10880,85
10883,126
10884,36
10886,48
10887,37
10889,66
10890,102
10892,14
10893,77
10896,163
10899,78
10900,20
10902,128
10903,74
10905,31
10906,51
10908,36
10909,128
10912,82
10915,166
10916,32
10918,49
10919,37
10921,66
10922,93
10924,17
10925,56
10928,171
10931,94
10932,13
10934,88
10935,68
10937,47
10938,49
10940,36
10941,140
10944,82
10947,122
10948,35
10950,38
10951,32
10953,57
10954,110
10956,22
10957,71
10960,167
10963,61
10964,13
10966,87
10967,75
10969,49
10970,39
10972,23
10973,127
10976,98
10979,128
10980,34
10982,52
10983,38
10985,61
10986,89
10988,14
10989,60
10992,166
10995,72
10996,14
10998,99
10999,59
11001,30
11002,54
11004,32
11005,127
11008,75
11011,111
11012,37
11014,41
11015,33
11017,65
11018,91
11020,12
11021,82
11024,160
11027,73
11028,8
11030,108
11031,59
11033,29
11034,59
11036,43
11037,131
11040,86
11043,122
11044,30
11046,54
11047,35
11049,65
11050,99
11052,15
11053,76
11056,169
11059,66
11060,17
11062,98
11063,69
11065,25
11066,42
11068,29
11069,145
11072,88
11075,129
11076,42
11078,40
11079,37
11081,64
11082,88
11084,18
11085,70
11088,175
11091,67
11092,24
11094,97
11095,69
11097,45
11098,48
11100,31
11101,136
11104,86
11107,157
11108,35
11110,50
11111,33
11113,56
11114,87
11116,14
11117,77
11120,154
11123,67
11124,10
11126,109
11127,61
11129,35
11130,39
11132,34
11133,132
11136,85
11139,115
11140,33
11142,45
11143,41
11145,47
11146,105
11148,11
11149,63
11152,171
11155,52
11156,12
11158,86
11159,71
11161,26
11162,47
11164,29
11165,135
11168,82
11171,140
11172,29
11174,47
11175,38
11177,61
11178,99
11180,14
11181,64
11184,142
11187,64
11188,18
11190,100
11191,70
11193,41
11194,50
11196,28
11197,122
11200,79
11203,113
11204,29
11206,51
11207,37
11209,75
11210,102
11212,13
11213,52
11216,147
11219,83
11220,14
11222,99
11223,59
11225,36
11226,39
11228,28
11229,128
11232,86
11235,142
11236,38
11238,42
11239,35
11241,69
11242,89
11244,20
11245,55
11248,145
11251,62
11252,16
11254,78
11255,58
11257,31
11258,39
11260,32
11261,134
11264,72
11267,150
11268,22
11270,45
11271,32
11273,68
11274,89
11276,23
11277,72
11280,176
11283,62
11284,15
11286,97
11287,72
11289,29
11290,48
11292,22
11293,146
11296,84
11299,142
11300,34
11302,47
11303,35
11305,76
11306,104
11308,22
11309,70
11312,176
11315,52
11316,16
11318,113
11319,68
11321,29
11322,58
11324,38
11325,142
11328,78
11331,157
11332,35
11334,45
11335,45
11337,75
11338,109
11340,19
11341,82
11344,175
11347,74
11348,19
11350,125
11351,81
11353,29
11354,53
11356,32
11357,138
11360,99
11363,143
11364,35
11366,56
11367,32
11369,71
11370,124
11372,24
11373,74
11376,170
11379,71
11380,19
11382,106
11383,75
11385,29
11386,54
11388,40
11389,142
11392,87
11395,135
11396,38
11398,58
11399,34
11401,66
11402,111
11404,24
11405,86
11408,174
11411,73
11412,21
11414,102
11415,78
11417,47
11418,52
11420,41
11421,147
11424,93
11427,162
11428,40
11430,62
11431,36
11433,68
11434,104
11436,18
11437,80
11440,175
11443,94
11444,17
11446,125
11447,73
11449,34
11450,66
11452,46
11453,127
11456,103
11459,153
11460,39
11462,57
11463,38
11465,71
11466,100
11468,17
11469,75
11472,169
11475,75
11476,22
11478,106
11479,71
11481,40
11482,65
11484,22
11485,132
11488,95
11491,141
11492,32
11494,47
11495,33
11497,69
11498,104
11500,21
11501,76
11504,161
11507,63
11508,18
11510,107
11511,92
11513,23
11514,54
11516,36
11517,127
11520,114
11523,156
11524,38
11526,42
11527,32
11529,79
11530,97
11532,17
11533,68
11536,161
11539,69
11540,10
11542,91
11543,52
11545,39
11546,53
11548,39
11549,176
11552,90
11555,142
11556,43
11558,50
11559,37
11561,80
11562,104
11564,22
11565,78
11568,150
11571,78
11572,26
11574,84
11575,69
11577,40
11578,49
11580,33
11581,141
11584,102
11587,149
11588,28
11590,43
11591,45
11593,63
11594,101
11596,23
11597,81
11600,174
11603,61
11604,25
11606,118
11607,67
11609,31
11610,54
11612,41
11613,150
11616,80
11619,147
11620,36
11622,45
11623,37
11625,78
11626,111
11628,22
11629,78
11632,189
11635,81
11636,17
11638,111
11639,60
11641,44
11642,47
11644,29
11645,151
11648,115
11651,111
11652,29
11654,51
11655,36
11657,70
11658,102
11660,17
11661,75
11664,182
11667,70
11668,26
11670,94
11671,89
11673,39
11674,43
11676,40
11677,128
11680,90
11683,161
11684,26
11686,66
11687,34
11689,55
11690,106
11692,18
11693,76
11696,161
11699,62
11700,14
11702,113
11703,74
11705,25
11706,60
11708,28
11709,126
11712,93
11715,151
11716,33
11718,45
11719,32
11721,82
11722,104
11724,9
11725,71
11728,159
11731,78
11732,13
11734,85
11735,69
11737,33
11738,54
11740,36
11741,140
11744,86
11747,130
11748,34
11750,53
11751,33
11753,63
11754,97
11756,19
11757,64
11760,202
11763,77
11764,25
11766,98
11767,66
11769,33
11770,55
11772,34
11773,140
11776,98
11779,155
11780,27
11782,46
11783,39
11785,59
11786,93
11788,18
11789,71
11792,190
11795,63
11796,25
11798,104
11799,76
11801,30
11802,52
11804,36
11805,154
11808,73
11811,121
11812,37
11814,53
11815,37
11817,60
11818,110
11820,20
11821,59
11824,157
11827,67
11828,16
11830,101
11831,75
11833,35
11834,48
11836,29
11837,128
11840,90
11843,153
11844,43
11846,46
11847,33
11849,71
11850,105
11852,15
11853,63
11856,165
11859,61
11860,18
11862,100
11863,61
11865,35
11866,52
11868,35
11869,136
11872,103
11875,144
11876,35
11878,44
11879,29
11881,70
11882,107
11884,12
11885,73
11888,178
11891,53
11892,12
11894,88
11895,71
11897,36
11898,55
11900,36
11901,105
11904,78
11907,153
11908,32
11910,51
11911,25
11913,70
11914,91
11916,19
11917,60
11920,190
11923,63
11924,16
11926,79
11927,79
11929,40
11930,44
11932,28
11933,117
11936,86
11939,139
11940,19
11942,55
11943,37
11945,60
11946,107
11948,14
11949,68
11952,171
11955,66
11956,17
11958,104
11959,65
11961,45
11962,62
11964,33
11965,125
11968,81
11971,119
11972,28
11974,51
11975,29
11977,69
11978,87
11980,5
11981,64
11984,153
11987,61
11988,25
11990,97
11991,61
11993,40
11994,42
11996,30
11997,129
12000,80
12003,130
12004,31
12006,45
12007,35
12009,58
12010,90
12012,16
12013,64
12016,160
12019,64
12020,15
12022,85
12023,71
12025,25
12026,43
12028,37
12029,117
12032,65
12035,125
12036,38
12038,43
12039,28
12041,56
12042,108
12044,18
12045,76
12048,155
12051,57
12052,13
12054,86
12055,59
12057,31
12058,54
12060,45
12061,116
12064,81
12067,128
12068,28
12070,60
12071,30
12073,66
12074,85
12076,16
12077,64
12080,153
12083,78
12084,27
12086,98
12087,58
12089,34
12090,59
12092,33
12093,122
12096,78
12099,118
12100,32
12102,51
12103,31
12105,68
12106,94
12108,17
12109,65
12112,149
12115,58
12116,18
12118,92
12119,71
12121,41
12122,43
12124,31
12125,136
12128,80
12131,124
12132,30
12134,55
12135,22
12137,59
12138,88
12140,14
12141,63
12144,140
12147,67
12148,19
12150,112
12151,58
12153,30
12154,37
12156,22
12157,128
12160,85
12163,106
12164,30
12166,38
12167,24
12169,74
12170,89
12172,11
12173,67
12176,150
12179,58
12180,20
12182,100
12183,65
12185,27
12186,50
12188,30
12189,134
12192,84
12195,114
12196,38
12198,35
12199,37
12201,71
12202,81
12204,13
12205,61
12208,139
12211,69
12212,12
12214,106
12215,61
12217,23
12218,42
12220,30
12221,121
12224,75
12227,148
12228,38
12230,64
12231,34
12233,55
12234,76
12236,22
12237,55
12240,137
12243,63
12244,15
12246,114
12247,75
12249,33
12250,51
12252,24
12253,153
12256,81
12259,113
12260,31
12262,42
12263,29
12265,53
12266,93
12268,18
12269,62
12272,167
12275,58
12276,14
12278,98
12279,56
12281,27
12282,46
12284,34
12285,109
12288,80
12291,142
12292,36
12294,37
12295,36
12297,60
12298,109
12300,15
12301,57
12304,160
12307,49
12308,17
12310,102
12311,52
12313,30
12314,52
12316,31
12317,120
12320,73
12323,106
12324,39
12326,46
12327,30
12329,71
12330,87
12332,13
12333,58
12336,150
12339,59
12340,10
12342,104
12343,62
12345,25
12346,50
12348,36
12349,121
12352,75
12355,128
12356,37
12358,67
12359,24
12361,54
12362,79
12364,19
12365,72
12368,169
12371,59
12372,15
12374,100
12375,67
12377,25
12378,41
12380,39
12381,131
12384,59
12387,112
12388,26
12390,41
12391,34
12393,48
12394,86
12396,15
12397,72
12400,145
12403,52
12404,19
12406,95
12407,62
12409,34
12410,40
12412,32
12413,115
12416,67
12419,139
12420,29
12422,34
12423,35
12425,56
12426,96
12428,17
12429,58
12432,133
12435,56
12436,17
12438,84
12439,48
12441,19
12442,38
12444,21
12445,123
12448,69
12451,109
12452,27
12454,43
12455,27
12457,58
12458,71
12460,12
12461,66
12464,140
12467,57
12468,4
12470,74
12471,51
12473,25
12474,36
12476,24
12477,113
12480,65
12483,110
12484,21
12486,49
12487,26
12489,53
12490,61
12492,8
12493,55
12496,131
12499,47
12500,12
12502,83
12503,48
12505,36
12506,42
12508,21
12509,96
12512,76
12515,105
12516,28
12518,39
12519,21
12521,38
12522,78
12524,18
12525,45
12528,120
12531,51
12532,15
12534,65
12535,45
12537,23
12538,40
12540,21
12541,109
12544,63
12547,100
12548,20
12550,20
12551,29
12553,42
12554,71
12556,20
12557,46
12560,118
12563,69
12564,15
12566,61
12567,36
12569,17
12570,31
12572,19
12573,89
12576,51
12579,88
12580,19
12582,31
12583,21
12585,42
12586,79
12588,9
12589,41
12592,131
12595,45
12596,12
12598,53
12599,37
12601,34
12602,34
12604,18
12605,94
12608,51
12611,89
12612,24
12614,40
12615,21
12617,54
12618,87
12620,9
12621,44
12624,133
12627,38
12628,13
12630,49
12631,48
12633,29
12634,34
12636,21
12637,101
12640,47
12643,99
12644,19
12646,33
12647,12
12649,47
12650,50
12652,6
12653,47
12656,100
12659,51
12660,11
12662,60
12663,35
12665,27
12666,33
12668,17
12669,79
12672,49
12675,99
12676,22
12678,30
12679,24
12681,47
12682,67
12684,13
12685,36
12688,109
12691,50
12692,10
12694,67
12695,45
12697,18
12698,31
12700,25
12701,81
12704,57
12707,92
12708,15
12710,25
12711,22
12713,33
12714,67
12716,5
12717,37
12720,111
12723,35
12724,9
12726,71
12727,34
12729,17
12730,18
12732,24
12733,78
12736,42
12739,80
12740,20
12742,31
12743,22
12745,39
12746,50
12748,12
12749,46
12752,118
12755,45
12756,9
12758,49
12759,46
12761,26
12762,38
12764,26
12765,85
12768,49
12771,71
12772,14
12774,25
12775,16
12777,37
12778,55
12780,16
12781,37
12784,89
12787,33
12788,8
12790,54
12791,38
12793,15
12794,36
12796,13
12797,73
12800,54
12803,89
12804,16
12806,37
12807,15
12809,40
12810,57
12812,4
12813,44
12816,96
12819,35
12820,9
12822,50
12823,39
12825,20
12826,30
12828,14
12829,73
12832,60
12835,86
12836,23
12838,31
12839,16
12841,46
12842,61
12844,13
12845,42
12848,85
12851,39
12852,19
12854,51
12855,31
12857,16
12858,29
12860,16
12861,64
12864,39
12867,67
12868,23
12870,31
12871,21
12873,38
12874,71
12876,6
12877,38
12880,87
12883,25
12884,11
12886,55
12887,47
12889,16
12890,25
12892,19
12893,52
12896,44
12899,56
12900,16
12902,30
12903,10
12905,33
12906,57
12908,2
12909,25
12912,83
12915,35
12916,8
12918,51
12919,37
12921,21
12922,39
12924,17
12925,76
12928,31
12931,69
12932,15
12934,29
12935,22
12937,36
12938,42
12940,10
12941,31
12944,69
12947,37
12948,6
12950,61
12951,37
12953,16
12954,19
12956,18
12957,83
12960,38
12963,74
12964,9
12966,21
12967,16
12969,37
12970,34
12972,8
12973,38
12976,109
12979,34
12980,4
12982,54
12983,44
12985,30
12986,22
12988,12
12989,77
12992,59
12995,64
12996,18
12998,22
12999,18
13001,32
13002,48
13004,7
13005,44
13008,76
13011,32
13012,10
13014,42
13015,29
13017,15
13018,20
13020,7
13021,61
13024,52
13027,72
13028,16
13030,27
13031,15
13033,34
13034,53
13036,4
13037,27
13040,78
13043,37
13044,9
13046,36
13047,41
13049,22
13050,24
13052,12
13053,61
13056,47
13059,62
13060,15
13062,28
13063,13
13065,29
13066,54
13068,7
13069,47
13072,77
13075,35
13076,8
13078,41
13079,30
13081,20
13082,16
13084,20
13085,68
13088,40
13091,83
13092,9
13094,28
13095,18
13097,29
13098,49
13100,8
13101,38
13104,77
13107,32
13108,8
13110,34
13111,36
13113,20
13114,35
13116,10
13117,65
13120,42
13123,58
13124,10
13126,20
13127,15
13129,33
13130,57
13132,11
13133,24
13136,86
13139,39
13140,9
13142,54
13143,28
13145,17
13146,28
13148,14
13149,57
13152,49
13155,61
13156,24
13158,18
13159,13
13161,36
13162,46
13164,8
13165,29
13168,88
13171,41
13172,8
13174,42
13175,26
13177,12
13178,31
13180,18
13181,70
13184,33
13187,63
13188,21
13190,18
13191,11
13193,29
13194,49
13196,9
13197,33
13200,80
13203,34
13204,10
13206,45
13207,43
13209,11
13210,28
13212,21
13213,50
13216,40
13219,58
13220,15
13222,41
13223,14
13225,35
13226,52
13228,5
13229,48
13232,71
13235,40
13236,12
13238,42
13239,30
13241,18
13242,24
13244,6
13245,46
13248,42
13251,65
13252,22
13254,27
13255,9
13257,24
13258,49
13260,7
13261,36
13264,86
13267,25
13268,8
13270,41
13271,40
13273,19
13274,26
13276,12
13277,49
13280,40
13283,59
13284,10
13286,12
13287,19
13289,33
13290,46
13292,16
13293,36
13296,62
13299,37
13300,6
13302,52
13303,18
13305,16
13306,20
13308,15
13309,55
13312,36
13315,57
13316,16
13318,21
13319,12
13321,30
13322,44
13324,5
13325,33
13328,81
13331,26
13332,6
13334,40
13335,27
13337,11
13338,34
13340,11
13341,54
13344,35
13347,65
13348,19
13350,14
13351,22
13353,26
13354,49
13356,11
13357,25
13360,55
13363,25
13364,9
13366,34
13367,35
13369,13
13370,32
13372,16
13373,49
13376,37
13379,62
13380,10
13382,20
13383,12
13385,28
13386,49
13388,8
13389,22
13392,85
13395,30
13396,10
13398,39
13399,34
13401,14
13402,16
13404,12
13405,50
13408,33
13411,45
13412,12
13414,22
13415,12
13417,26
13418,48
13420,14
13421,32
13424,59
13427,38
13428,4
13430,40
13431,30
13433,12
13434,18
13436,9
13437,59
13440,31
13443,65
13444,24
13446,20
13447,11
13449,34
13450,39
13452,6
13453,31
13456,66
13459,19
13460,7
13462,40
13463,29
13465,8
13466,19
13468,17
13469,58
13472,39
13475,52
13476,13
13478,14
13479,10
13481,29
13482,38
13484,6
13485,37
13488,64
13491,29
13492,4
13494,41
13495,24
13497,7
13498,18
13500,14
13501,52
13504,36
13507,54
13508,13
13510,18
13511,11
13513,29
13514,37
13516,9
13517,31
13520,81
13523,28
13524,4
13526,42
13527,26
13529,20
13530,12
13532,12
13533,43
13536,38
13539,52
13540,16
13542,20
13543,10
13545,36
13546,30
13548,4
13549,28
13552,65
13555,17
13556,4
13558,42
13559,29
13561,17
13562,17
13564,13
13565,45
13568,42
13571,52
13572,14
13574,24
13575,9
13577,17
13578,44
13580,2
13581,22
13584,56
13587,25
13588,5
13590,35
13591,23
13593,16
13594,22
13596,14
13597,48
13600,32
13603,42
13604,14
13606,20
13607,13
13609,20
13610,31
13612,5
13613,19
13616,52
13619,22
13620,5
13622,42
13623,27
13625,8
13626,12
13628,12
13629,41
13632,29
13635,39
13636,9
13638,22
13639,14
13641,24
13642,32
13644,5
13645,38
13648,68
13651,26
13652,3
13654,34
13655,19
13657,15
13658,13
13660,12
13661,48
13664,23
13667,35
13668,12
13670,21
13671,15
13673,29
13674,23
13676,6
13677,17
13680,58
13683,29
13684,8
13686,41
13687,35
13689,12
13690,16
13692,13
13693,50
13696,23
13699,44
13700,9
13702,12
13703,12
13705,30
13706,29
13708,1
13709,20
13712,48
13715,16
13716,6
13718,19
13719,13
13721,12
13722,17
13724,6
13725,42
13728,33
13731,41
13732,7
13734,14
13735,6
13737,23
13738,31
13740,5
13741,22
13744,52
13747,29
13748,5
13750,36
13751,23
13753,8
13754,14
13756,7
13757,39
13760,33
13763,41
13764,14
13766,17
13767,6
13769,18
13770,30
13772,6
13773,24
13776,42
13779,13
13780,3
13782,32
13783,16
13785,11
13786,15
13788,12
13789,39
13792,33
13795,36
13796,11
13798,15
13799,8
13801,16
13802,26
13804,6
13805,17
13808,49
13811,26
13812,2
13814,31
13815,16
13817,10
13818,15
13820,16
13821,37
13824,30
13827,38
13828,17
13830,13
13831,10
13833,19
13834,26
13836,3
13837,29
13840,47
13843,26
13844,4
13846,27
13847,11
13849,8
13850,9
13852,11
13853,30
13856,14
13859,36
13860,5
13862,18
13863,7
13865,21
13866,23
13868,6
13869,17
13872,44
13875,18
13876,2
13878,27
13879,14
13881,7
13882,11
13884,8
13885,24
13888,30
13891,33
13892,7
13894,11
13895,13
13897,15
13898,25
13900,6
13901,17
13904,32
13907,11
13908,4
13910,29
13911,19
13913,5
13914,10
13916,6
13917,22
13920,19
13923,27
13924,12
13926,12
13927,2
13929,22
13930,19
13932,2
13933,15
13936,32
13939,5
13940,3
13942,22
13943,14
13945,10
13946,8
13948,10
13949,31
13952,19
13955,34
13956,12
13958,15
13959,8
13961,12
13962,25
13964,6
13965,14
13968,30
13971,21
13972,5
13974,30
13975,11
13977,9
13978,17
13980,9
13981,36
13984,20
13987,18
13988,13
13990,10
13991,6
13993,9
13994,25
13996,3
13997,15
14000,38
14003,15
14004,3
14006,26
14007,17
14009,5
14010,15
14012,7
14013,29
14016,14
14019,21
14020,6
14022,6
14023,9
14025,8
14026,20
14028,4
14029,11
14032,28
14035,13
14036,5
14038,20
14039,12
14041,3
14042,11
14044,8
14045,20
14048,15
14051,29
14052,6
14054,8
14055,5
14057,13
14058,24
14060,10
14061,18
14064,32
14067,21
14068,6
14070,18
14071,9
14073,13
14074,10
14076,7
14077,19
14080,11
14083,29
14084,6
14086,12
14087,7
14089,7
14090,20
14092,6
14093,18
14096,27
14099,9
14100,3
14102,22
14103,8
14105,7
14106,8
14108,5
14109,22
14112,20
14115,22
14116,3
14118,4
14119,4
14121,5
14122,14
14124,4
14125,8
14128,23
14131,6
14132,3
14134,10
14135,13
14137,1
14138,7
14140,11
14141,22
14144,21
14147,13
14148,7
14150,12
14151,4
14153,7
14154,15
14156,1
14157,7
14160,23
14163,9
14164,3
14166,10
14167,13
14169,3
14170,5
14172,5
14173,12
14176,16
14179,24
14180,7
14182,7
14183,8
14185,10
14186,23
14188,2
14189,5
14192,23
14195,12
14196,5
14198,13
14199,6
14201,4
14202,9
14204,5
14205,13
14208,21
14211,13
14212,8
14214,8
14215,3
14217,9
14218,10
14220,1
14221,8
14224,16
14227,11
14228,3
14230,18
14231,8
14233,3
14234,8
14236,6
14237,16
14240,12
14243,20
14244,3
14246,5
14247,5
14249,11
14250,12
14253,8
14256,23
14259,8
14260,4
14262,16
14263,5
14265,4
14266,6
14268,4
14269,13
14272,15
14275,22
14276,7
14278,7
14279,2
14281,12
14282,11
14284,1
14285,2
14288,15
14291,11
14292,1
14294,15
14295,10
14297,4
14298,3
14300,1
14301,10
14304,11
14307,7
14308,3
14310,4
14311,5
14313,7
14314,14
14316,3
14317,10
14320,21
14323,6
14326,16
14327,5
14329,7
14330,8
14332,4
14333,15
14336,11
14339,20
14340,7
14342,6
14343,3
14345,10
14346,6
14348,3
14349,8
14352,20
14355,10
14356,2
14358,17
14359,10
14361,5
14362,10
14364,3
14365,19
14368,6
14371,16
14372,3
14374,12
14375,3
14377,5
14378,12
14380,1
14381,7
14384,21
14387,6
14388,4
14390,8
14391,7
14393,8
14394,6
14396,4
14397,22
14400,7
14403,15
14404,5
14406,3
14407,2
14409,10
14410,15
14412,1
14413,8
14416,18
14419,7
14420,4
14422,8
14423,11
14425,2
14426,5
14428,1
14429,20
14432,7
14435,10
14436,3
14438,3
14439,2
14441,13
14442,14
14444,1
14445,15
14448,11
14451,6
14452,2
14454,11
14455,7
14457,4
14458,8
14461,16
14464,16
14467,4
14468,5
14470,10
14471,5
14473,5
14474,12
14476,3
14477,4
14480,27
14483,10
14484,3
14486,11
14487,8
14489,2
14490,3
14492,7
14493,13
14496,8
14499,16
14500,3
14502,6
14503,6
14505,8
14506,8
14508,1
14509,9
14512,19
14515,4
14516,6
14518,7
14519,6
14521,4
14522,5
14524,1
14525,15
14528,8
14531,13
14532,3
14534,3
14535,3
14537,8
14538,13
14540,2
14541,6
14544,19
14547,10
14548,1
14550,13
14551,3
14553,3
14554,2
14556,4
14557,9
14560,9
14563,11
14564,5
14566,2
14567,2
14569,6
14570,9
14572,3
14573,6
14576,20
14579,4
14580,2
14582,12
14583,8
14585,2
14586,6
14588,2
14589,14
14592,5
14595,16
14596,2
14598,5
14601,5
14602,8
14604,2
14605,1
14608,16
14611,3
14612,4
14614,6
14615,5
14617,6
14618,6
14620,1
14621,14
14624,7
14627,8
14630,3
14631,4
14633,6
14634,6
14637,9
14640,13
14643,4
14646,5
14647,3
14649,5
14650,1
14652,6
14653,11
14656,10
14659,13
14660,3
14662,4
14663,3
14665,8
14666,9
14668,1
14669,7
14672,17
14675,6
14676,2
14678,11
14679,7
14681,5
14682,4
14684,1
14685,15
14688,3
14691,16
14692,5
14694,5
14695,4
14697,1
14698,4
14700,1
14701,2
14704,15
14707,4
14708,1
14710,8
14711,3
14713,2
14714,5
14716,2
14717,15
14720,6
14723,10
14724,3
14726,4
14727,3
14729,3
14730,10
14732,1
14733,5
14736,12
14739,4
14742,8
14743,9
14745,2
14746,8
14748,5
14749,15
14752,4
14755,7
14756,4
14758,5
14759,3
14761,7
14762,10
14764,2
14765,2
14768,9
14771,6
14774,6
14775,2
14777,1
14778,6
14780,3
14781,9
14784,6
14787,10
14790,1
14791,2
14793,5
14794,7
14797,3
14800,15
14803,7
14804,1
14806,6
14807,4
14809,5
14810,4
14812,2
14813,5
14816,10
14819,8
14820,1
14822,1
14823,2
14825,10
14826,6
14829,2
14832,9
14835,5
14838,7
14839,4
14841,3
14842,7
14844,2
14845,10
14848,4
14851,12
14852,1
14854,2
14855,1
14857,6
14858,6
14861,5
14864,12
14867,3
14868,3
14870,11
14871,5
14873,2
14874,4
14877,11
14880,2
14883,7
14884,4
14886,1
14887,2
14889,2
14890,9
14892,1
14893,3
14896,12
14899,4
14900,1
14902,6
14903,4
14905,2
14906,3
14908,2
14909,10
14912,5
14915,5
14918,3
14919,2
14921,3
14922,7
14924,2
14925,6
14928,10
14931,8
14934,6
14935,6
14937,1
14938,2
14940,2
14941,10
14944,6
14947,9
14948,3
14950,5
14951,2
14953,4
14954,8
14956,3
14957,5
14960,4
14963,1
14964,2
14966,7
14967,7
14969,1
14970,6
14972,1
14973,5
14976,2
14979,8
14980,1
14982,2
14983,1
14985,3
14986,3
14988,2
14989,5
14992,9
14995,3
14999,5
15001,2
15002,1
15004,2
15005,3
15008,3
15011,12
15014,6
15015,3
15017,6
15018,3
15020,3
15021,8
15024,5
15027,4
15028,2
15030,2
15031,2
15033,2
15034,3
15036,2
15037,6
15040,3
15043,3
15044,1
15046,4
15047,4
15049,3
15050,3
15052,1
15053,4
15056,8
15059,4
15060,1
15062,4
15063,3
15065,2
15066,4
15069,6
15072,5
15075,7
15078,5
15079,1
15081,2
15082,3
15085,4
15088,9
15091,4
15094,7
15097,1
15098,4
15100,3
15101,5
15104,6
15107,13
15110,3
15111,2
15113,3
15114,6
15117,5
15120,8
15123,4
15124,1
15126,5
15127,5
15129,2
15130,1
15133,6
15136,3
15139,8
15140,1
15142,2
15143,1
15145,4
15146,5
15148,1
15152,13
15155,2
15156,1
15158,10
15159,2
15161,1
15162,4
15164,3
15165,10
15168,2
15171,3
15174,5
15175,5
15177,2
15178,3
15181,3
15184,7
15187,2
15188,1
15190,7
15191,4
15193,3
15194,2
15196,3
15197,2
15200,1
15203,4
15204,1
15206,3
15207,1
15209,2
15210,3
15213,2
15216,5
15222,3
15223,3
15225,2
15226,1
15229,6
15232,7
15235,9
15236,1
15238,4
15239,2
15241,2
15244,2
15245,7
15248,6
15252,2
15254,2
15255,5
15257,3
15258,2
15260,2
15261,6
15264,10
15267,5
15268,1
15270,1
15271,1
15274,2
15276,2
15277,4
15280,6
15283,3
15284,1
15286,5
15287,1
15289,1
15290,1
15293,5
15296,8
15299,2
15300,1
15302,1
15303,1
15305,4
15306,3
15309,2
15312,7
15315,2
15318,4
15319,3
15321,1
15322,6
15325,6
15328,3
15331,3
15332,2
15334,1
15335,2
15338,3
15340,2
15341,3
15344,7
15347,1
15348,1
15350,6
15351,2
15353,3
15354,1
15356,2
15357,2
15360,2
15363,6
15364,1
15366,1
15367,1
15369,4
15370,3
15372,1
15373,1
15376,5
15379,1
15382,4
15383,2
15385,2
15388,1
15389,11
15392,5
15395,5
15398,1
15399,2
15401,1
15402,6
15404,1
15405,1
15408,2
15414,2
15418,2
15421,5
15424,2
15427,2
15430,1
15431,2
15433,4
15434,3
15437,2
15440,5
15443,2
15446,2
15447,1
15450,3
15453,8
15456,2
15459,3
15460,1
15465,2
15466,5
15468,2
15469,3
15472,3
15475,5
15476,1
15478,2
15479,3
15482,4
15484,1
15485,6
15488,6
15491,3
15492,2
15495,2
15497,3
15498,2
15501,2
15504,4
15507,2
15510,5
15514,1
15516,1
15517,5
15520,3
15523,6
15524,1
15526,4
15527,1
15529,3
15530,2
15536,5
15539,2
15542,2
15543,2
15545,1
15546,1
15549,5
15552,1
15555,5
15558,1
15559,2
15561,2
15562,2
15568,7
15571,4
15574,3
15575,3
15577,1
15578,2
15581,4
15584,2
15587,4
15590,1
15591,1
15593,3
15594,4
15597,3
15600,2
15603,4
15604,2
15609,1
15610,2
15612,1
15613,9
15616,3
15619,8
15622,2
15625,1
15626,3
15629,2
15632,6
15635,1
15638,1
15639,2
15641,1
15642,1
15645,4
15648,2
15651,1
15654,1
15655,1
15658,1
15661,2
15664,3
15667,1
15668,1
15670,1
15671,5
15673,1
15677,3
15680,1
15683,1
15686,1
15689,3
15690,3
15692,1
15696,5
15702,6
15705,1
15706,4
15709,6
15712,2
15715,4
15721,2
15722,3
15725,1
15728,2
15731,2
15737,1
15738,3
15741,1
15744,2
15747,7
15748,1
15751,2
15754,3
15756,1
15757,1
15760,4
15766,2
15773,1
15776,4
15779,3
15785,2
15786,4
15788,1
15795,1
15798,1
15799,1
15802,1
15805,2
15811,4
15814,1
15817,2
15818,5
15821,1
15824,2
15830,2
15834,3
15836,1
15837,2
15840,3
15843,2
15844,1
15846,1
15847,1
15849,1
15850,1
15852,1
15853,1
15856,9
15859,3
15862,2
15863,1
15865,1
15868,1
15869,3
15872,2
15875,3
15876,1
15878,2
15881,1
15882,3
15884,1
15885,2
15888,5
15891,1
15894,2
15895,2
15897,1
15900,1
15901,3
15907,6
15913,2
15920,5
15924,1
15926,1
15927,2
15930,2
15933,4
15936,1
15942,2
15945,1
15946,1
15949,2
15952,3
15955,2
15958,1
15959,3
15961,2
15962,1
15965,1
15971,1
15974,3
15975,2
15977,2
15978,1
15981,1
15984,3
15987,1
15990,1
15991,1
15996,1
15997,3
16000,1
16006,1
16010,2
16013,4
16016,2
16022,1
16028,1
16032,1
16035,2
16038,1
16042,1
16044,2
16045,1
16048,3
16051,1
16054,3
16057,1
16058,3
16061,3
16064,2
16067,1
16070,2
16071,1
16073,1
16074,1
16077,1
16080,5
16087,1
16089,1
16090,1
16093,2
16096,3
16099,2
16105,1
16112,2
16121,2
16122,1
16131,2
16134,1
16137,2
16138,1
16141,1
16144,3
16150,3
16151,1
16157,2
16164,2
16170,1
16176,1
16179,2
16182,2
16186,1
16188,1
16189,2
16192,1
16198,2
16201,1
16202,3
16204,1
16208,3
16211,3
16214,5
16221,2
16224,1
16227,6
16231,1
16233,2
16234,2
16240,1
16243,1
16247,2
16253,5
16259,1
16260,1
16262,1
16266,1
16272,5
16275,1
16278,1
16279,3
16282,5
16285,3
16288,2
16291,3
16294,1
16297,3
16298,3
16300,1
16301,1
16304,1
16310,1
16311,2
16313,1
16317,2
16323,3
16327,1
16329,2
16330,1
16336,4
16342,1
16343,1
16345,1
16346,1
16349,2
16355,3
16358,1
16362,2
16365,2
16368,4
16371,2
16372,1
16374,1
16377,1
16381,3
16384,1
16387,3
16394,4
16397,1
16403,1
16406,1
16410,3
16412,1
16413,3
16416,1
16419,2
16420,1
16422,2
16423,1
16426,2
16429,2
16432,5
16435,1
16436,2
16439,2
16441,1
16442,1
16445,1
16448,2
16451,2
16455,1
16457,2
16458,2
16464,2
16470,1
16474,1
16480,3
16484,1
16490,3
16493,2
16496,1
16499,1
16503,1
16506,1
16512,1
16515,1
16516,2
16521,1
16522,3
16525,1
16528,4
16534,1
16535,2
16538,1
16541,1
16544,1
16547,1
16550,1
16551,1
16554,1
16556,1
16560,2
16563,4
16567,1
16570,1
16572,2
16573,1
16576,1
16579,2
16582,2
16592,1
16595,2
16596,1
16598,1
16602,1
16604,1
16611,3
16612,1
16614,1
16618,1
16624,4
16630,1
16634,2
16637,1
16640,1
16643,1
16644,1
16646,1
16647,1
16649,3
16650,1
16652,1
16653,1
16656,3
16663,1
16668,2
16669,1
16672,2
16675,1
16679,1
16681,1
16685,1
16688,3
16691,1
16692,1
16694,1
16695,1
16698,1
16701,1
16708,1
16714,1
16717,1
16724,1
16727,1
16730,1
16732,1
16733,1
16739,1
16749,1
16752,3
16755,1
16758,2
16759,2
16765,2
16768,1
16771,1
16778,1
16790,1
16791,1
16793,1
16797,2
16803,1
16809,1
16816,2
16819,1
16832,1
16839,1
16841,1
16842,2
16848,2
16851,1
16858,1
16860,1
16861,2
16864,1
16874,1
16887,1
16896,1
16902,1
16908,1
16915,2
16919,1
16921,1
16931,1
16938,2
16941,2
16944,2
16950,3
16951,1
16957,1
16963,1
16966,1
16969,2
16970,1
16972,1
16973,1
16985,1
16988,1
16992,1
16995,2
16999,2
17004,1
17005,1
17008,1
17015,1
17018,1
17021,1
17024,1
17031,1
17033,1
17037,1
17040,2
17046,2
17047,1
17059,1
17069,1
17072,1
17075,1
17082,1
17088,2
17104,1
17110,2
17117,1
17120,1
17123,2
17126,1
17129,1
17132,1
17136,1
17148,1
17155,1
17164,1
17174,2
17175,1
17177,1
17178,1
17190,1
17193,1
17200,1
17210,1
17219,1
17226,1
17229,1
17232,3
17245,1
17251,1
17254,1
17255,1
17260,1
17261,1
17264,2
17274,1
17283,1
17290,1
17305,2
17308,1
17312,1
17315,1
17325,1
17331,1
17334,1
17340,1
17341,1
17344,1
17347,2
17351,1
17357,1
17360,1
17369,1
17372,2
17373,2
17383,1
17385,2
17386,1
17392,1
17399,1
17405,2
17408,2
17412,1
17450,2
17462,1
17463,1
17479,2
17491,1
17494,2
17504,1
17523,2
17527,1
17530,1
17533,1
17536,1
17539,2
17542,1
17546,1
17552,1
17577,1
17581,1
17584,1
17588,1
17590,4
17603,1
17610,2
17616,1
17628,2
17635,1
17636,3
17641,2
17645,1
17654,2
17664,2
17673,1
17674,1
17686,2
17687,1
17700,1
17705,2
17712,2
17715,1
17741,1
17747,2
17754,1
17757,1
17763,1
17767,2
17786,1
17795,2
17808,3
17812,1
17814,1
17818,1
17821,1
17824,1
17830,1
17846,1
17847,1
17849,1
17853,1
17859,1
17866,2
17868,1
17872,1
17875,1
17878,1
17885,2
17888,1
17891,1
17901,2
17904,2
17913,1
17923,1
17929,1
17936,1
17948,1
17961,1
17965,1
17975,1
17981,2
17997,1
18006,1
18013,2
18016,1
18026,1
18035,1
18039,1
18045,2
18054,1
18057,1
18061,1
18064,1
18070,1
18077,1
18096,1
18103,1
18115,1
18122,1
18128,1
18135,1
18137,1
18140,1
18185,1
18192,1
18195,1
18212,1
18218,1
18221,1
18231,1
18262,1
18275,1
18276,1
18288,1
18294,1
18365,2
18371,1
18391,1
18396,1
18403,2
18425,1
18435,1
18448,1
18455,1
18458,1
18460,1
18470,1
18489,1
18490,3
18492,1
18500,1
18505,1
18506,1
18512,1
18515,1
18531,1
18537,1
18554,1
18556,1
18560,2
18567,1
18570,1
18589,1
18633,1
18640,1
18643,1
18646,1
18659,1
18662,2
18665,1
18678,1
18681,1
18685,2
18688,1
18694,1
18704,1
18707,2
18717,1
18720,1
18736,3
18742,1
18761,1
18775,1
18777,1
18809,1
18835,1
18838,1
18839,1
18870,1
18884,1
18896,1
18909,1
18915,1
18925,1
18931,1
18941,1
18957,1
18960,1
18985,1
18989,1
18992,1
19005,1
19008,1
19011,4
19018,1
19024,1
19043,1
19052,1
19059,3
19062,1
19066,1
19069,1
19075,2
19104,2
19107,1
19110,1
19120,1
19123,1
19133,1
19140,1
19149,1
19152,1
19197,1
19203,1
19209,2
19210,1
19222,1
19223,1
19232,1
19241,1
19242,1
19248,1
19257,1
19258,1
19280,1
19305,1
19306,1
19325,1
19331,1
19344,1
19347,1
19364,1
19376,2
19392,1
19414,1
19427,1
19437,1
19446,1
19459,1
19460,2
19478,1
19485,1
19491,1
19492,2
19495,1
19507,2
19516,1
19530,1
19545,1
19546,1
19555,1
19559,1
19568,1
19606,1
19607,1
19632,2
19642,1
19651,1
19655,1
19671,2
19677,1
19683,1
19689,1
19700,1
19706,1
19709,1
19721,1
19741,1
19760,1
19767,1
19770,1
19792,1
19798,1
19811,2
19850,1
19862,1
19876,1
19882,2
19885,2
19898,1
19920,1
19933,1
19952,1
19984,1
19991,1
19994,1
20016,1
20019,1
20023,1
20029,2
20048,1
20077,1
20090,1
20099,1
20102,1
20105,1
20112,1
20125,1
20141,1
20163,1
20176,1
20182,3
20195,1
20221,1
20234,1
20304,1
20345,1
20349,3
20352,1
20393,1
20413,1
20420,1
20426,2
20438,1
20490,1
20509,1
20515,1
20516,1
20550,1
20592,1
20599,1
20650,1
20669,1
20681,1
20698,1
20711,1
20714,1
20717,1
20726,1
20761,1
20777,1
20787,1
20793,1
20800,1
20803,1
20822,1
20823,1
20838,1
20851,1
20852,1
20867,2
20874,1
20905,1
20909,1
20922,1
20925,1
20940,1
20957,1
20967,1
20969,1
20976,1
20995,1
21001,1
21020,1
21024,1
21053,2
21063,1
21113,1
21123,1
21136,1
21142,1
21171,1
21226,1
21239,1
21258,1
21261,1
21264,1
21280,1
21287,1
21296,1
21300,1
21312,2
21347,1
21350,1
21354,1
21360,1
21367,1
21373,1
21380,1
21405,1
21427,1
21459,1
21469,1
21492,1
21517,1
21603,1
21644,1
21661,1
21680,1
21686,1
21687,1
21716,1
21751,1
21770,1
21815,2
21859,1
21860,1
21881,1
21882,1
21898,1
22019,1
22029,1
22057,1
22077,1
22102,1
22147,1
22179,1
22205,1
22211,2
22243,1
22301,1
22384,1
22426,1
22487,1
22522,1
22537,1
22723,1
22749,1
22800,1
22819,1
22828,1
22921,1
22931,1
22960,1
23059,1
23216,1
23248,1
23273,1
23389,1
23395,1
23511,1
23536,1
23591,1
23812,1
24064,2
24423,1
24458,1
24707,1
24848,1
24874,1
24880,1
25065,1
25411,1
25443,1
25607,1
25840,2
26148,1
26435,1
26487,1
26736,1
26845,1
34231,1
97124,1
132986,1
154329,1
230812,1
319273,1
345332,1
422326,1
431981,1
440762,1
449181,1
508759,1
518627,1
651760,1
688649,1
710915,1
