# Samples: 38869, Average: 19827.4 ns, StdDev: 67688.3 ns, Quartiles: 15911.0/18822.0/21721.0 ns
11401,1
11456,1
11530,1
11571,2
11626,1
11629,1
11651,1
11654,1
11667,1
11680,1
11683,1
11686,1
11693,1
11696,1
11712,1
11731,1
11770,1
11780,1
11782,1
11795,1
11808,1
11840,1
11844,1
11847,1
11853,1
11856,1
11859,1
11863,1
11866,1
11872,2
11882,1
11888,2
11891,1
11892,1
11894,1
11907,1
11916,1
11923,2
11929,1
11936,1
11961,1
11965,1
11968,1
11975,1
11981,2
11997,1
12013,1
12016,1
12019,1
12025,1
12029,1
12032,2
12038,1
12048,1
12055,1
12057,1
12067,1
12073,1
12100,1
12103,1
12105,1
12112,1
12115,1
12147,1
12150,1
12157,1
12169,1
12172,2
12179,2
12182,2
12185,1
12188,1
12192,2
12195,1
12202,1
12215,1
12221,1
12224,1
12233,1
12240,1
12244,1
12256,1
12265,1
12266,1
12275,1
12278,1
12288,2
12291,1
12294,1
12295,1
12298,1
12301,2
12320,1
12339,1
12343,1
12352,1
12371,2
12378,1
12380,1
12384,3
12391,1
12396,1
12409,1
12428,1
12429,3
12432,1
12438,2
12439,1
12445,1
12448,1
12454,1
12455,1
12457,1
12458,1
12461,1
12464,1
12470,1
12473,1
12474,1
12483,1
12486,1
12487,3
12489,1
12490,2
12496,1
12499,1
12500,1
12505,1
12506,1
12509,2
12512,1
12518,1
12519,1
12528,2
12541,1
12544,2
12551,2
12560,1
12569,1
12579,2
12582,2
12583,2
12589,1
12596,1
12604,1
12608,1
12611,2
12618,1
12621,1
12630,1
12640,1
12644,1
12646,2
12649,1
12650,2
12653,1
12662,1
12665,1
12666,1
12672,2
12675,1
12679,1
12681,1
12684,1
12685,1
12691,3
12692,2
12700,1
12701,1
12707,1
12710,1
12711,1
12717,1
12720,1
12726,1
12730,1
12733,3
12736,2
12739,1
12745,2
12746,1
12749,3
12752,1
12756,1
12761,3
12762,3
12768,4
12771,2
12774,2
12775,1
12777,2
12781,2
12784,2
12787,3
12790,1
12794,1
12797,1
12800,2
12806,2
12807,1
12809,1
12812,2
12813,4
12816,2
12819,1
12820,1
12823,1
12825,2
12826,2
12829,1
12832,3
12835,1
12841,2
12842,2
12845,1
12851,1
12852,3
12861,1
12864,3
12868,1
12871,2
12877,6
12880,4
12883,2
12886,2
12889,3
12890,2
12893,1
12896,4
12899,2
12902,2
12903,1
12909,2
12912,1
12915,2
12916,2
12921,3
12922,2
12925,1
12928,6
12935,1
12937,1
12938,2
12940,1
12941,3
12944,2
12947,6
12948,1
12950,1
12951,2
12953,1
12954,2
12957,1
12960,2
12963,3
12964,1
12966,3
12967,2
12969,3
12970,2
12973,5
12976,1
12979,3
12982,1
12985,2
12986,2
12992,5
12995,1
12996,2
12998,3
13002,2
13005,5
13008,2
13011,7
13014,1
13017,3
13018,4
13021,5
13024,7
13027,1
13030,5
13031,1
13033,1
13034,3
13036,1
13040,5
13043,1
13046,4
13047,1
13050,5
13053,2
13056,9
13059,1
13062,1
13063,1
13065,2
13066,6
13068,2
13069,1
13075,3
13076,1
13078,1
13082,2
13085,2
13088,4
13094,3
13097,2
13098,1
13101,3
13104,2
13107,2
13113,2
13117,1
13120,3
13123,1
13126,1
13127,3
13133,5
13136,1
13139,6
13140,1
13143,1
13145,2
13146,5
13149,1
13152,5
13155,3
13156,1
13158,1
13159,1
13162,1
13164,1
13165,4
13168,3
13171,8
13172,1
13174,3
13175,1
13177,2
13178,5
13184,4
13187,2
13188,1
13190,2
13191,2
13193,1
13194,1
13196,2
13197,7
13204,1
13206,2
13207,2
13210,3
13216,8
13219,3
13222,3
13223,3
13225,2
13226,2
13228,1
13229,3
13232,2
13235,5
13238,1
13239,2
13241,2
13242,3
13245,5
13248,4
13251,3
13252,2
13254,2
13255,1
13257,2
13258,5
13260,1
13261,5
13264,4
13267,2
13270,7
13271,3
13273,2
13274,1
13280,3
13283,5
13286,5
13289,1
13290,3
13292,1
13293,9
13296,1
13299,7
13300,2
13302,2
13303,1
13305,4
13306,6
13308,2
13309,5
13312,6
13315,5
13316,1
13318,3
13319,5
13321,1
13322,2
13324,2
13325,4
13328,4
13331,10
13332,1
13334,6
13335,1
13337,2
13338,6
13340,1
13341,4
13344,8
13347,4
13348,2
13350,4
13351,2
13354,2
13356,1
13357,5
13360,3
13363,8
13364,4
13366,4
13367,2
13369,2
13370,4
13372,2
13373,4
13376,4
13379,4
13382,9
13383,5
13385,1
13386,3
13388,1
13389,2
13392,3
13395,5
13396,3
13398,2
13399,3
13401,1
13402,2
13404,1
13405,2
13408,6
13411,2
13412,1
13414,8
13417,2
13418,4
13420,3
13421,11
13424,7
13427,10
13428,1
13430,9
13431,1
13433,4
13434,8
13437,5
13440,13
13443,6
13446,4
13447,9
13449,3
13450,1
13452,2
13453,10
13456,4
13459,10
13460,2
13462,2
13463,1
13465,1
13466,7
13468,3
13469,7
13472,10
13475,3
13478,8
13479,2
13481,2
13482,3
13484,3
13485,5
13488,5
13491,18
13492,1
13494,3
13495,3
13497,5
13498,10
13500,1
13501,3
13504,14
13507,8
13508,3
13510,5
13511,5
13513,5
13514,6
13516,3
13517,7
13520,5
13523,8
13524,1
13526,4
13527,4
13529,7
13530,7
13532,2
13533,4
13536,16
13539,3
13542,4
13543,5
13545,2
13546,4
13548,4
13549,5
13552,3
13555,12
13556,2
13558,4
13559,3
13561,9
13562,5
13564,2
13565,12
13568,12
13571,5
13574,8
13575,4
13577,1
13578,5
13580,2
13581,9
13584,3
13587,10
13588,3
13590,10
13591,4
13593,5
13594,6
13596,1
13597,7
13600,12
13603,5
13604,2
13606,7
13607,8
13609,3
13610,7
13612,1
13613,15
13616,12
13619,13
13620,1
13622,3
13623,3
13625,3
13626,8
13628,2
13629,2
13632,14
13635,6
13638,6
13639,3
13641,4
13642,5
13645,9
13648,7
13651,11
13652,4
13654,7
13655,2
13657,4
13658,11
13660,1
13661,7
13664,6
13667,8
13670,7
13671,3
13673,2
13674,4
13676,3
13677,15
13680,8
13683,16
13684,2
13686,7
13687,8
13689,4
13690,8
13692,1
13693,7
13696,13
13699,3
13700,4
13702,6
13703,4
13705,6
13706,5
13708,1
13709,8
13712,7
13715,14
13716,1
13718,5
13719,8
13721,6
13722,9
13725,3
13728,13
13731,7
13732,2
13734,12
13735,5
13737,2
13738,5
13741,10
13744,5
13747,13
13748,1
13750,4
13751,1
13753,6
13754,14
13756,1
13757,3
13760,13
13763,1
13766,11
13767,5
13769,2
13770,3
13772,2
13773,16
13776,10
13779,15
13780,5
13782,4
13783,4
13785,11
13786,10
13788,3
13789,7
13792,14
13795,7
13796,1
13798,13
13799,7
13801,1
13802,5
13804,1
13805,18
13808,11
13811,14
13812,3
13814,4
13815,4
13817,6
13818,9
13820,1
13821,7
13824,11
13827,8
13830,10
13831,10
13833,1
13834,7
13836,3
13837,16
13840,6
13843,10
13844,1
13846,4
13847,11
13849,3
13850,8
13853,8
13856,11
13859,3
13860,1
13862,12
13863,8
13865,2
13866,6
13868,1
13869,12
13872,8
13875,9
13876,2
13878,3
13879,5
13881,4
13882,8
13884,3
13885,8
13888,19
13891,3
13894,9
13895,4
13897,2
13898,3
13900,7
13901,14
13904,15
13907,9
13908,3
13910,2
13911,2
13913,5
13914,6
13916,1
13917,8
13920,10
13923,7
13926,5
13927,9
13929,1
13930,7
13932,5
13933,13
13936,9
13939,13
13940,5
13942,5
13943,4
13945,9
13946,14
13948,1
13949,8
13952,12
13955,10
13956,3
13958,13
13959,6
13961,1
13962,1
13964,3
13965,12
13968,8
13971,12
13972,4
13974,7
13975,4
13977,3
13978,6
13980,1
13981,5
13984,23
13987,6
13988,1
13990,13
13991,6
13993,4
13994,5
13996,8
13997,13
14000,9
14003,13
14004,1
14006,3
14007,1
14009,2
14010,9
14013,11
14016,14
14019,10
14020,4
14022,13
14023,5
14025,7
14026,5
14028,8
14029,22
14032,10
14035,14
14038,9
14039,2
14041,9
14042,5
14044,2
14045,4
14048,14
14051,6
14052,1
14054,11
14055,5
14057,2
14058,5
14060,2
14061,7
14064,5
14067,8
14068,3
14070,3
14071,2
14073,4
14074,6
14076,2
14077,8
14080,21
14083,7
14084,2
14086,10
14087,7
14089,4
14090,6
14092,2
14093,6
14096,5
14099,7
14100,6
14102,7
14103,7
14105,3
14106,12
14108,2
14109,8
14112,16
14115,3
14118,6
14119,8
14121,3
14122,5
14125,12
14128,11
14131,10
14132,2
14134,2
14135,6
14137,3
14138,8
14140,2
14141,6
14144,24
14147,10
14150,9
14151,8
14153,1
14154,6
14156,4
14157,11
14160,11
14163,13
14164,1
14166,5
14167,1
14169,10
14170,13
14172,1
14173,5
14176,13
14179,11
14182,9
14183,6
14185,5
14186,9
14189,12
14192,8
14195,18
14196,4
14198,6
14199,7
14201,7
14202,5
14204,5
14205,11
14208,22
14211,4
14212,2
14214,10
14215,5
14217,7
14218,9
14220,4
14221,17
14224,12
14227,15
14228,4
14230,13
14233,2
14234,7
14236,3
14237,11
14240,21
14243,6
14244,2
14246,14
14247,5
14249,1
14250,11
14252,2
14253,11
14256,12
14259,17
14260,2
14262,2
14263,2
14265,8
14266,11
14268,1
14269,7
14272,23
14275,10
14276,2
14278,15
14279,5
14281,4
14282,5
14284,3
14285,9
14288,9
14291,12
14292,4
14294,5
14295,5
14297,4
14298,14
14301,10
14304,16
14307,6
14308,1
14310,13
14311,4
14313,5
14314,4
14316,3
14317,20
14320,14
14323,16
14324,2
14326,6
14327,4
14329,9
14330,7
14332,2
14333,8
14336,20
14339,7
14340,1
14342,10
14343,9
14345,5
14346,5
14348,2
14349,8
14352,11
14355,21
14356,3
14358,4
14359,5
14361,9
14362,7
14364,2
14365,5
14368,18
14371,13
14372,3
14374,13
14375,8
14377,3
14378,10
14380,5
14381,15
14384,8
14387,13
14388,2
14390,12
14393,8
14394,15
14396,1
14397,10
14400,15
14403,8
14404,2
14406,12
14407,13
14409,3
14410,8
14412,2
14413,13
14416,9
14419,16
14420,2
14422,7
14423,4
14425,4
14426,10
14428,2
14429,6
14432,10
14435,8
14436,3
14438,7
14439,6
14441,2
14442,9
14444,5
14445,13
14448,5
14451,13
14452,1
14454,4
14455,5
14457,8
14458,9
14460,1
14461,4
14464,15
14467,4
14468,3
14470,13
14471,6
14473,5
14474,12
14476,3
14477,13
14480,5
14483,16
14484,3
14486,6
14487,7
14489,6
14490,9
14492,2
14493,11
14496,16
14499,5
14500,3
14502,6
14503,5
14505,2
14506,9
14508,3
14509,15
14512,11
14515,15
14516,7
14518,9
14519,2
14521,8
14522,8
14524,4
14525,6
14528,15
14531,5
14532,2
14534,11
14535,13
14537,2
14538,4
14540,5
14541,11
14544,6
14547,9
14548,2
14550,1
14551,5
14553,3
14554,14
14556,2
14557,6
14560,19
14563,5
14564,2
14566,11
14567,5
14569,5
14570,5
14572,2
14573,11
14576,6
14579,8
14580,3
14582,6
14583,4
14585,5
14586,5
14589,8
14592,14
14595,5
14598,6
14599,7
14601,2
14602,7
14604,3
14605,17
14608,14
14611,5
14612,3
14614,2
14615,3
14617,8
14618,10
14621,7
14624,16
14627,5
14628,1
14630,8
14631,11
14633,3
14634,4
14636,2
14637,12
14640,13
14643,8
14644,5
14646,4
14647,4
14649,12
14650,3
14652,1
14653,12
14656,19
14659,6
14660,2
14662,4
14663,3
14665,1
14666,3
14668,3
14669,14
14672,7
14675,9
14676,1
14678,6
14679,3
14681,10
14682,9
14685,5
14688,18
14691,11
14692,4
14694,6
14695,4
14697,4
14698,8
14700,1
14701,14
14704,5
14707,9
14708,5
14710,6
14711,1
14713,5
14714,10
14716,5
14717,6
14720,9
14723,6
14724,1
14726,7
14727,6
14729,4
14730,4
14732,1
14733,16
14736,10
14739,9
14740,2
14742,4
14743,2
14745,7
14746,10
14748,1
14749,4
14752,16
14755,6
14758,5
14759,3
14762,9
14764,4
14765,19
14768,6
14771,8
14772,2
14774,2
14775,2
14777,6
14778,5
14780,2
14781,13
14784,15
14787,3
14788,2
14790,12
14791,4
14793,4
14794,3
14796,3
14797,11
14800,5
14803,16
14804,3
14806,4
14807,3
14809,7
14810,9
14812,4
14813,8
14816,13
14819,2
14820,1
14822,9
14823,5
14825,6
14826,1
14828,3
14829,19
14832,12
14835,8
14836,2
14838,3
14839,3
14841,6
14842,8
14844,1
14845,2
14848,15
14851,6
14852,1
14854,11
14855,6
14857,5
14858,3
14860,2
14861,9
14864,4
14867,9
14868,2
14870,3
14871,4
14873,2
14874,4
14876,2
14877,5
14880,11
14883,8
14884,4
14886,10
14887,7
14889,6
14890,7
14892,3
14893,8
14899,14
14900,6
14902,2
14903,4
14905,6
14906,9
14908,1
14909,9
14912,7
14915,7
14916,2
14918,7
14919,8
14921,4
14922,1
14924,4
14925,12
14928,11
14931,8
14932,1
14934,7
14935,2
14937,5
14938,7
14940,2
14941,4
14944,17
14947,3
14948,1
14950,4
14951,9
14953,2
14954,7
14956,3
14957,13
14960,6
14963,9
14964,3
14966,8
14967,3
14969,6
14970,6
14973,6
14976,18
14979,9
14980,1
14982,11
14983,8
14985,8
14986,2
14988,3
14989,13
14992,8
14995,10
14996,4
14998,5
14999,5
15001,7
15002,7
15005,1
15008,11
15011,1
15014,10
15015,8
15017,2
15018,4
15020,5
15021,9
15024,12
15027,8
15028,2
15030,3
15031,6
15033,3
15034,14
15036,2
15037,4
15040,18
15043,5
15044,1
15046,8
15047,3
15049,3
15050,5
15052,3
15053,10
15056,6
15059,13
15060,3
15062,5
15063,2
15065,5
15066,9
15068,2
15069,8
15072,18
15075,3
15076,2
15078,4
15079,5
15081,4
15082,5
15084,2
15085,14
15088,7
15091,10
15092,5
15094,6
15095,2
15097,4
15098,11
15101,9
15104,19
15107,9
15108,2
15110,4
15111,5
15113,2
15114,2
15116,7
15117,9
15120,8
15123,6
15124,3
15126,2
15127,1
15129,4
15130,13
15132,1
15133,4
15136,11
15139,12
15140,2
15142,7
15143,6
15145,1
15146,9
15148,3
15149,11
15152,4
15155,8
15156,3
15158,3
15159,4
15161,2
15162,2
15164,3
15165,6
15168,16
15171,8
15172,1
15174,8
15175,3
15177,2
15178,3
15181,16
15184,11
15187,10
15188,2
15190,4
15191,2
15193,8
15194,4
15196,1
15197,7
15200,12
15203,10
15206,3
15207,4
15209,4
15210,1
15213,11
15216,2
15219,10
15220,2
15222,7
15223,3
15225,3
15226,6
15228,1
15229,4
15232,18
15235,4
15236,1
15238,6
15239,5
15241,5
15242,2
15244,3
15245,9
15248,14
15251,11
15252,5
15254,3
15255,2
15257,3
15258,5
15261,4
15264,16
15267,6
15268,1
15270,4
15271,5
15273,3
15274,2
15276,4
15277,7
15280,8
15283,10
15284,10
15286,3
15287,2
15289,6
15290,8
15292,2
15293,12
15296,12
15299,7
15300,3
15302,9
15303,4
15305,3
15306,3
15308,3
15309,14
15312,12
15315,8
15316,1
15318,5
15319,7
15321,7
15322,7
15324,1
15325,4
15328,16
15331,7
15334,6
15335,5
15337,3
15338,9
15340,2
15341,8
15344,2
15347,10
15348,1
15350,4
15351,3
15353,5
15354,10
15356,1
15357,4
15360,17
15363,7
15364,1
15366,2
15367,2
15369,5
15370,7
15372,5
15373,9
15376,7
15379,12
15380,3
15382,7
15383,4
15385,6
15386,7
15388,1
15389,7
15392,17
15395,8
15396,3
15398,10
15399,7
15401,3
15402,4
15404,3
15405,12
15408,7
15411,16
15412,3
15414,7
15415,3
15417,8
15418,5
15420,3
15421,13
15424,16
15427,5
15428,2
15430,5
15431,2
15433,2
15434,6
15436,5
15437,11
15440,9
15443,11
15444,1
15446,6
15447,3
15449,3
15450,7
15452,2
15453,7
15456,15
15459,5
15462,11
15463,6
15465,4
15466,4
15468,3
15469,11
15472,10
15475,9
15476,1
15478,3
15479,3
15481,5
15482,8
15485,6
15488,10
15491,12
15494,10
15495,7
15497,3
15498,3
15500,1
15501,16
15504,11
15507,9
15508,1
15510,6
15511,2
15513,4
15514,13
15516,2
15517,4
15520,20
15523,6
15524,4
15526,9
15527,6
15529,5
15530,6
15532,2
15533,7
15536,7
15539,17
15540,4
15542,3
15543,2
15545,6
15546,13
15548,1
15549,5
15552,13
15555,7
15556,1
15558,12
15559,7
15561,3
15562,5
15564,5
15565,16
15568,8
15571,12
15572,3
15574,7
15575,8
15577,3
15578,4
15580,3
15581,5
15584,11
15587,2
15588,1
15590,9
15591,2
15593,2
15594,3
15596,2
15597,11
15600,7
15603,11
15604,1
15606,7
15607,1
15609,12
15610,12
15612,3
15613,7
15616,11
15619,3
15620,3
15622,9
15623,6
15625,4
15626,3
15629,8
15632,5
15635,15
15636,4
15638,3
15639,4
15641,7
15642,4
15644,2
15645,5
15648,19
15651,9
15652,1
15654,10
15655,4
15657,2
15658,3
15660,2
15661,12
15664,7
15667,8
15668,2
15670,4
15671,3
15673,8
15674,9
15676,1
15677,4
15680,11
15683,8
15684,5
15686,9
15687,4
15689,5
15690,5
15692,3
15693,9
15696,9
15699,11
15700,3
15702,4
15703,2
15705,5
15706,9
15709,6
15712,17
15715,4
15718,6
15719,6
15721,2
15722,6
15724,1
15725,10
15728,8
15731,14
15732,7
15734,2
15735,2
15737,8
15738,6
15741,4
15744,15
15747,9
15748,1
15750,6
15751,3
15753,7
15754,9
15756,1
15757,12
15760,10
15763,8
15764,1
15766,5
15767,1
15769,5
15770,9
15772,3
15773,7
15776,11
15779,14
15780,2
15782,11
15783,3
15785,4
15786,3
15788,6
15789,13
15792,16
15795,13
15796,4
15799,3
15801,6
15802,9
15804,1
15805,6
15808,17
15811,3
15812,1
15814,11
15815,5
15817,4
15818,4
15820,1
15821,4
15824,8
15827,11
15828,1
15830,6
15831,7
15833,6
15834,12
15836,4
15837,4
15840,12
15843,3
15844,4
15846,8
15847,7
15849,3
15850,2
15853,9
15856,7
15859,11
15860,3
15862,2
15863,1
15865,6
15866,7
15868,2
15869,4
15872,9
15875,9
15876,1
15878,5
15879,7
15881,3
15882,4
15885,8
15888,10
15891,9
15892,2
15894,4
15895,3
15897,7
15898,6
15900,1
15901,7
15904,8
15907,3
15910,6
15911,7
15914,5
15916,6
15917,12
15920,11
15923,14
15924,1
15926,5
15927,3
15929,4
15930,5
15933,3
15936,21
15939,6
15940,1
15942,8
15943,4
15945,3
15946,5
15948,1
15949,7
15952,10
15955,4
15956,2
15958,2
15959,2
15961,3
15962,8
15964,1
15965,9
15968,13
15971,6
15974,9
15975,6
15977,2
15978,5
15980,4
15981,9
15984,9
15987,6
15988,5
15990,2
15993,1
15994,5
15996,1
15997,5
16000,6
16003,6
16004,2
16006,5
16009,1
16010,4
16013,6
16016,10
16019,8
16020,3
16022,4
16023,3
16025,4
16026,7
16028,3
16029,6
16032,9
16035,5
16036,5
16038,5
16039,4
16041,2
16042,6
16044,1
16045,4
16048,10
16051,7
16052,1
16054,2
16055,2
16057,4
16058,5
16060,2
16061,6
16064,17
16067,7
16070,7
16071,8
16073,2
16074,2
16077,14
16080,2
16083,14
16084,1
16086,4
16087,2
16089,9
16090,9
16092,2
16093,6
16096,15
16099,5
16100,2
16102,3
16103,5
16105,4
16106,5
16108,2
16109,4
16112,7
16115,10
16116,4
16118,6
16119,3
16121,5
16122,6
16125,3
16128,10
16131,6
16132,1
16134,10
16135,5
16137,7
16138,4
16140,3
16141,6
16144,4
16147,8
16150,8
16151,2
16153,6
16154,6
16157,6
16160,13
16163,5
16164,2
16166,5
16167,2
16169,2
16170,6
16172,4
16173,7
16176,7
16179,13
16180,2
16182,6
16183,2
16185,4
16186,10
16188,3
16189,12
16192,13
16195,10
16198,8
16199,2
16201,3
16202,7
16204,3
16205,10
16208,6
16211,10
16212,5
16214,2
16215,1
16217,7
16218,10
16221,7
16224,15
16227,3
16228,2
16230,8
16231,5
16233,1
16234,6
16236,5
16237,5
16240,7
16243,12
16244,4
16246,8
16247,5
16249,9
16250,13
16252,1
16253,7
16256,13
16259,7
16260,1
16262,10
16263,4
16266,2
16268,3
16269,13
16272,7
16275,11
16276,1
16278,5
16279,1
16281,12
16282,6
16284,2
16285,3
16288,11
16291,4
16292,3
16294,7
16295,3
16297,3
16298,1
16300,1
16301,13
16304,5
16307,12
16308,3
16310,2
16311,5
16313,7
16314,8
16317,6
16320,21
16323,3
16324,5
16326,8
16327,9
16329,4
16330,6
16332,2
16333,5
16336,11
16339,20
16340,2
16342,3
16343,2
16346,11
16348,4
16349,8
16352,13
16355,9
16356,1
16358,5
16359,5
16361,4
16362,3
16364,1
16365,10
16368,2
16371,15
16372,2
16374,1
16375,3
16377,3
16378,7
16380,3
16381,8
16384,13
16387,2
16390,8
16391,4
16393,2
16394,3
16396,2
16397,18
16400,8
16403,10
16404,3
16406,3
16407,3
16409,6
16410,8
16412,2
16413,9
16416,16
16420,2
16422,13
16423,6
16425,6
16426,2
16428,4
16429,11
16432,8
16435,9
16436,6
16438,2
16439,2
16441,6
16442,8
16445,8
16448,19
16451,10
16454,7
16455,6
16457,2
16458,7
16460,3
16461,7
16464,12
16467,15
16468,2
16470,3
16471,2
16473,3
16474,7
16476,2
16477,8
16480,16
16483,4
16484,4
16486,10
16487,7
16489,5
16490,6
16492,4
16493,9
16496,3
16499,10
16502,2
16503,5
16505,6
16506,10
16508,1
16509,2
16512,13
16515,4
16516,3
16518,11
16519,9
16521,3
16522,5
16524,3
16525,16
16528,14
16531,11
16532,1
16534,6
16535,4
16537,7
16538,13
16540,1
16541,9
16544,14
16547,13
16548,2
16550,9
16551,11
16553,3
16554,5
16556,4
16557,14
16560,10
16563,10
16564,1
16566,6
16567,2
16569,10
16570,8
16572,3
16573,5
16576,23
16579,7
16580,1
16582,9
16583,3
16585,1
16586,8
16588,2
16589,8
16592,6
16595,11
16596,5
16598,4
16599,5
16601,4
16602,9
16604,2
16605,9
16608,10
16611,5
16614,10
16615,9
16617,2
16618,3
16620,1
16621,9
16624,10
16627,9
16628,2
16630,5
16631,3
16633,5
16634,10
16636,4
16637,7
16640,7
16643,7
16644,1
16646,14
16647,7
16649,6
16650,7
16652,2
16653,12
16656,9
16659,5
16660,3
16662,4
16663,2
16665,5
16666,7
16669,4
16672,18
16675,9
16676,3
16678,8
16679,3
16681,2
16682,4
16684,4
16685,12
16688,4
16691,11
16692,6
16694,4
16695,3
16697,5
16698,10
16700,1
16701,10
16704,13
16707,4
16708,1
16710,7
16711,10
16713,2
16714,5
16716,2
16717,14
16720,5
16723,10
16724,1
16726,5
16727,2
16729,6
16730,4
16732,2
16733,6
16736,11
16739,4
16742,10
16743,7
16745,2
16746,2
16748,3
16749,17
16752,3
16755,7
16756,2
16758,7
16759,1
16761,4
16762,6
16764,2
16765,4
16768,17
16771,10
16772,1
16774,9
16775,6
16777,1
16778,9
16780,1
16781,9
16784,7
16787,10
16788,2
16790,4
16791,7
16793,8
16794,8
16796,2
16797,7
16800,25
16803,4
16804,3
16806,5
16807,2
16809,4
16810,6
16812,1
16813,10
16816,5
16819,12
16820,6
16822,3
16823,1
16825,4
16826,6
16829,11
16832,14
16835,5
16836,2
16838,6
16839,11
16841,3
16842,5
16844,2
16845,10
16848,12
16851,22
16852,2
16854,8
16855,5
16857,6
16858,6
16860,2
16861,9
16864,13
16867,2
16870,4
16871,4
16873,6
16874,4
16876,4
16877,11
16880,5
16883,12
16884,3
16886,9
16887,3
16889,5
16890,11
16893,9
16896,21
16899,4
16900,1
16902,10
16903,4
16905,3
16906,3
16908,6
16909,12
16912,14
16915,11
16916,2
16918,6
16919,4
16921,4
16922,8
16924,1
16925,5
16928,19
16931,7
16932,1
16934,12
16935,7
16937,5
16938,9
16940,1
16941,14
16944,4
16947,10
16948,2
16950,6
16951,2
16953,8
16954,10
16956,2
16957,8
16960,12
16963,9
16964,3
16966,9
16967,4
16969,1
16970,4
16972,2
16973,14
16976,9
16979,9
16980,2
16982,4
16983,5
16985,10
16986,4
16988,1
16989,5
16992,11
16995,4
16996,1
16998,8
16999,9
17001,4
17002,7
17004,5
17005,9
17008,6
17011,16
17012,1
17014,6
17015,2
17017,5
17018,11
17020,3
17021,7
17024,18
17027,9
17030,9
17031,4
17033,7
17034,3
17036,2
17037,11
17040,11
17043,12
17044,1
17046,5
17049,8
17050,11
17052,2
17053,10
17056,9
17059,5
17060,2
17062,10
17063,9
17065,5
17066,6
17068,2
17069,9
17072,11
17075,13
17078,7
17079,3
17081,7
17082,5
17084,1
17085,6
17088,5
17091,4
17094,6
17095,4
17097,1
17098,4
17100,4
17101,17
17104,9
17107,12
17108,1
17110,6
17113,7
17114,11
17116,1
17117,5
17120,14
17123,5
17126,10
17127,6
17129,5
17130,5
17132,5
17133,12
17136,10
17139,12
17140,1
17142,2
17143,2
17145,7
17146,9
17148,2
17149,5
17152,9
17155,5
17156,1
17158,9
17159,4
17161,2
17162,3
17164,4
17165,5
17168,8
17171,10
17172,3
17174,6
17175,3
17177,3
17178,6
17180,1
17181,12
17184,13
17187,7
17188,4
17190,4
17191,9
17193,5
17194,7
17196,5
17197,13
17200,7
17203,9
17204,5
17206,6
17207,3
17209,8
17210,8
17212,5
17213,6
17216,18
17219,8
17222,7
17223,5
17226,4
17228,3
17229,18
17232,6
17235,14
17236,2
17238,2
17241,3
17242,8
17244,1
17245,9
17248,7
17251,6
17252,2
17254,6
17255,9
17257,4
17258,3
17260,4
17261,9
17264,8
17267,14
17268,1
17270,5
17271,3
17273,10
17274,7
17276,1
17277,3
17280,20
17283,9
17284,2
17286,12
17287,5
17289,2
17290,6
17292,2
17293,11
17296,5
17299,10
17300,4
17302,6
17303,2
17305,6
17306,6
17309,2
17312,12
17315,9
17316,1
17318,6
17319,6
17321,5
17322,8
17324,5
17325,8
17328,10
17331,10
17332,4
17334,2
17335,3
17337,5
17338,10
17340,3
17341,3
17344,15
17347,5
17348,2
17350,11
17351,5
17353,2
17354,1
17356,2
17357,8
17360,6
17363,14
17364,4
17366,2
17367,2
17369,8
17370,6
17372,3
17373,8
17376,10
17379,6
17382,8
17383,5
17385,4
17386,3
17388,4
17389,8
17392,10
17395,18
17396,3
17398,1
17399,2
17401,6
17402,10
17404,2
17405,7
17408,15
17411,7
17412,2
17414,7
17415,8
17417,5
17418,3
17420,5
17421,14
17424,9
17427,10
17428,4
17430,3
17431,1
17433,5
17434,10
17436,5
17437,8
17440,13
17443,6
17444,1
17446,19
17447,8
17449,3
17450,7
17452,2
17453,13
17456,10
17459,16
17460,4
17462,6
17463,3
17465,3
17466,13
17468,1
17469,3
17472,11
17475,4
17476,1
17478,7
17479,11
17481,4
17482,5
17484,3
17485,7
17488,10
17491,10
17492,6
17494,5
17497,9
17498,9
17500,1
17501,2
17504,11
17507,5
17508,1
17510,4
17511,4
17513,3
17514,6
17516,1
17517,6
17520,10
17523,4
17524,4
17526,4
17527,3
17529,3
17530,11
17532,2
17533,3
17536,16
17539,7
17540,1
17542,6
17543,8
17545,2
17546,5
17548,4
17549,11
17552,4
17555,8
17556,2
17558,2
17559,1
17561,6
17562,9
17564,6
17565,5
17568,15
17571,6
17572,1
17574,10
17575,6
17577,1
17578,3
17580,1
17581,15
17584,8
17587,11
17588,4
17590,4
17591,5
17593,5
17594,9
17596,4
17597,8
17600,10
17603,7
17604,3
17606,7
17607,5
17609,5
17610,5
17612,6
17613,20
17616,10
17619,11
17620,1
17622,5
17623,2
17625,5
17626,10
17629,7
17632,19
17635,11
17636,1
17638,5
17639,8
17641,4
17642,3
17644,1
17645,12
17648,12
17651,11
17652,2
17654,5
17655,1
17657,8
17658,16
17660,2
17661,7
17664,19
17667,5
17668,3
17670,10
17671,8
17673,6
17674,1
17676,4
17677,13
17680,10
17683,13
17684,1
17686,4
17687,5
17689,3
17690,6
17692,3
17693,4
17696,15
17699,6
17700,1
17702,7
17703,7
17705,1
17706,7
17708,1
17709,5
17712,8
17715,8
17716,5
17718,6
17719,3
17721,7
17722,17
17724,3
17725,10
17728,12
17731,6
17732,1
17734,4
17735,8
17737,3
17738,5
17740,2
17741,11
17744,5
17747,6
17748,4
17750,6
17751,2
17753,6
17754,11
17756,3
17757,4
17760,11
17763,11
17764,2
17766,5
17767,11
17770,4
17772,3
17773,7
17776,7
17779,13
17780,2
17782,3
17783,3
17785,9
17786,5
17788,1
17789,6
17792,14
17795,5
17796,3
17798,11
17799,2
17801,2
17802,8
17804,2
17805,15
17808,7
17811,11
17812,2
17814,6
17817,8
17818,9
17820,2
17821,9
17824,12
17827,5
17830,6
17831,4
17833,4
17834,4
17836,4
17837,14
17840,8
17843,11
17844,4
17847,1
17849,2
17850,8
17852,2
17853,6
17856,18
17859,16
17860,2
17862,7
17863,4
17865,5
17866,2
17868,4
17869,11
17872,10
17875,17
17878,5
17881,3
17882,10
17884,1
17885,6
17888,9
17891,3
17892,1
17894,16
17895,2
17897,1
17898,3
17900,3
17901,11
17904,8
17907,9
17908,3
17910,5
17911,2
17913,5
17914,8
17916,4
17917,1
17920,18
17923,5
17926,8
17927,9
17929,1
17930,4
17932,1
17933,16
17936,11
17939,7
17940,1
17942,4
17943,3
17945,7
17946,4
17949,2
17952,12
17955,9
17956,3
17958,11
17959,9
17961,3
17962,3
17964,1
17965,4
17968,7
17971,6
17972,4
17974,4
17975,2
17977,7
17978,10
17981,6
17984,8
17987,4
17988,2
17990,4
17991,7
17993,7
17994,3
17996,2
17997,13
18000,10
18003,13
18004,2
18006,4
18007,3
18009,6
18010,6
18012,3
18013,2
18016,20
18019,5
18020,2
18022,12
18023,5
18025,4
18026,1
18028,1
18029,19
18032,3
18035,10
18038,4
18039,4
18041,2
18042,2
18044,1
18045,9
18048,15
18051,9
18052,1
18054,6
18055,6
18057,3
18058,4
18060,2
18061,9
18064,16
18067,6
18068,5
18070,4
18071,4
18073,6
18074,5
18076,2
18077,5
18080,7
18083,5
18084,1
18086,6
18087,4
18089,4
18090,3
18092,2
18093,15
18096,8
18099,9
18100,4
18102,7
18103,3
18105,11
18106,5
18108,2
18109,8
18112,9
18115,8
18116,1
18118,11
18119,5
18121,2
18122,2
18124,3
18125,8
18128,10
18131,13
18134,5
18135,2
18137,6
18138,5
18140,2
18141,7
18144,16
18147,5
18148,2
18150,10
18151,8
18153,4
18154,5
18156,3
18157,5
18160,5
18163,17
18164,5
18166,2
18167,2
18169,5
18170,12
18172,6
18173,5
18176,12
18179,6
18182,8
18183,4
18185,3
18186,5
18188,1
18189,6
18192,9
18195,3
18196,3
18198,3
18199,1
18201,7
18202,8
18204,3
18205,4
18208,15
18211,5
18212,1
18214,12
18215,5
18217,3
18218,2
18220,1
18221,9
18224,8
18227,11
18228,1
18230,4
18231,3
18233,3
18234,8
18236,3
18237,8
18240,13
18243,12
18244,2
18246,7
18247,7
18249,1
18250,4
18252,1
18253,7
18256,5
18259,15
18260,6
18262,5
18263,3
18265,8
18266,11
18268,1
18269,8
18272,6
18275,12
18276,2
18278,6
18279,3
18281,7
18282,3
18284,2
18285,14
18288,4
18291,12
18292,6
18294,4
18295,1
18297,5
18298,9
18300,1
18301,5
18304,10
18307,7
18310,8
18311,6
18313,3
18314,5
18316,4
18317,15
18320,8
18323,8
18324,6
18326,7
18327,1
18329,12
18330,8
18333,4
18336,13
18339,8
18340,1
18342,8
18343,5
18345,4
18346,3
18348,1
18349,13
18352,8
18355,11
18356,6
18358,12
18359,1
18361,5
18362,6
18364,3
18365,9
18368,14
18371,10
18374,6
18375,4
18377,2
18378,5
18380,1
18381,6
18384,14
18387,16
18388,2
18390,5
18391,2
18393,7
18394,2
18396,1
18397,6
18400,14
18403,8
18404,1
18406,8
18407,4
18409,2
18410,8
18412,2
18413,15
18416,7
18419,17
18422,6
18423,4
18425,3
18426,8
18428,3
18429,7
18432,17
18435,6
18436,1
18438,10
18439,4
18441,2
18442,7
18444,3
18445,10
18448,14
18451,10
18452,2
18454,2
18455,2
18457,3
18458,4
18461,9
18464,12
18467,7
18468,1
18470,7
18471,3
18473,4
18474,1
18476,1
18477,14
18480,12
18483,12
18484,1
18486,7
18487,6
18489,2
18490,8
18492,2
18493,7
18496,7
18499,7
18500,1
18502,7
18503,6
18505,4
18506,2
18508,2
18509,9
18512,9
18515,3
18516,1
18518,5
18521,4
18522,6
18524,2
18525,4
18528,20
18531,9
18532,1
18534,9
18535,7
18537,3
18538,3
18541,15
18544,10
18547,8
18548,4
18550,6
18551,4
18553,5
18554,7
18556,1
18557,5
18560,14
18563,4
18564,2
18566,8
18567,8
18569,3
18570,7
18572,1
18573,5
18576,6
18579,12
18580,1
18582,3
18583,3
18585,7
18586,5
18589,8
18592,10
18595,6
18596,1
18598,9
18599,4
18601,2
18602,2
18604,3
18605,11
18608,4
18611,9
18612,2
18614,10
18615,3
18617,6
18618,8
18620,2
18621,5
18624,12
18627,7
18628,2
18630,7
18631,6
18633,3
18634,5
18636,1
18637,14
18640,11
18643,12
18644,2
18646,6
18647,5
18649,5
18650,9
18652,2
18653,6
18656,20
18659,7
18660,1
18662,6
18663,5
18665,5
18666,6
18668,2
18669,11
18672,11
18675,9
18676,3
18678,5
18679,8
18681,4
18682,7
18684,2
18685,3
18688,10
18691,8
18692,2
18694,6
18695,5
18697,3
18698,6
18700,6
18701,10
18704,5
18707,5
18708,2
18710,6
18711,1
18713,4
18714,2
18716,1
18717,7
18720,9
18723,8
18724,3
18726,13
18727,3
18729,2
18730,6
18732,2
18733,9
18736,6
18739,6
18740,2
18742,3
18743,1
18745,8
18746,10
18749,4
18752,13
18755,4
18758,7
18759,6
18761,5
18762,3
18764,3
18765,11
18768,8
18771,16
18772,6
18774,4
18775,6
18777,6
18778,12
18781,5
18784,11
18787,7
18788,1
18790,5
18791,4
18794,4
18796,3
18797,12
18800,8
18803,8
18804,4
18806,6
18807,1
18809,7
18810,9
18812,2
18813,9
18816,16
18819,4
18820,3
18822,7
18823,6
18825,7
18826,3
18829,11
18832,11
18835,6
18836,2
18838,5
18839,1
18841,7
18842,10
18844,1
18845,8
18848,13
18851,4
18854,3
18855,5
18857,5
18858,8
18860,4
18861,5
18864,4
18867,15
18868,8
18870,1
18871,2
18873,3
18874,4
18876,3
18877,7
18880,8
18883,5
18884,4
18886,5
18887,5
18889,3
18890,4
18892,2
18893,8
18896,7
18899,12
18900,4
18902,3
18903,3
18905,6
18906,10
18909,5
18912,9
18915,11
18916,2
18918,9
18919,6
18921,3
18922,8
18924,4
18925,16
18928,8
18931,10
18932,3
18934,3
18935,6
18937,8
18938,11
18940,2
18941,8
18944,13
18947,6
18950,5
18951,6
18953,4
18954,5
18956,5
18957,9
18960,7
18963,10
18964,4
18966,5
18967,3
18969,3
18970,13
18973,9
18976,10
18979,6
18980,4
18982,8
18983,5
18985,5
18986,4
18988,5
18989,13
18992,12
18995,8
18996,3
18998,6
18999,1
19001,3
19002,4
19004,3
19005,4
19008,12
19011,3
19012,1
19014,3
19015,6
19017,2
19018,6
19020,2
19021,12
19024,7
19027,8
19028,3
19030,3
19031,2
19033,4
19034,6
19036,2
19037,5
19040,13
19043,5
19044,1
19046,3
19047,5
19049,2
19050,7
19052,3
19053,5
19056,1
19059,15
19060,3
19062,3
19065,11
19066,9
19068,2
19069,6
19072,15
19075,4
19076,1
19078,11
19079,11
19081,2
19082,5
19084,3
19085,9
19088,14
19091,11
19092,3
19094,5
19097,4
19098,10
19100,2
19101,7
19104,18
19107,5
19108,3
19110,9
19111,4
19114,5
19116,2
19117,9
19120,5
19123,23
19124,3
19126,2
19127,4
19129,7
19130,8
19132,2
19133,4
19136,15
19139,3
19142,7
19143,6
19145,2
19146,12
19148,4
19149,9
19152,7
19155,10
19156,1
19158,3
19159,2
19161,7
19162,12
19164,2
19165,7
19168,7
19171,5
19172,1
19174,17
19177,3
19178,5
19180,3
19181,14
19184,12
19187,11
19188,5
19190,7
19191,4
19193,4
19194,5
19196,1
19197,8
19200,17
19203,7
19204,4
19206,9
19207,2
19209,3
19210,4
19212,2
19213,11
19216,6
19219,8
19220,1
19222,4
19223,5
19225,6
19226,6
19229,6
19232,19
19235,15
19236,5
19238,10
19239,8
19241,4
19242,6
19245,12
19248,7
19251,17
19252,7
19254,4
19255,3
19257,7
19258,7
19260,1
19261,7
19264,14
19267,10
19268,2
19270,8
19271,5
19273,1
19276,1
19277,9
19280,5
19283,17
19284,2
19286,1
19287,3
19289,7
19290,8
19292,3
19293,8
19296,8
19299,4
19300,3
19302,11
19303,8
19305,3
19306,4
19308,3
19309,8
19312,7
19315,16
19316,1
19318,2
19319,3
19321,7
19322,11
19324,1
19325,7
19328,14
19331,7
19332,3
19334,6
19335,4
19337,5
19338,8
19340,3
19341,9
19344,6
19347,9
19348,4
19350,5
19351,3
19353,5
19354,5
19356,2
19357,3
19360,18
19363,4
19366,9
19367,5
19369,1
19370,3
19372,5
19373,12
19376,10
19379,10
19380,1
19383,4
19385,6
19386,5
19388,5
19389,5
19392,11
19395,10
19398,8
19399,7
19401,4
19402,4
19404,2
19405,7
19408,9
19411,11
19412,4
19414,8
19415,1
19417,8
19418,13
19420,2
19421,4
19424,19
19427,4
19428,1
19430,3
19431,8
19433,1
19434,5
19436,5
19437,10
19440,6
19443,10
19444,4
19446,6
19449,4
19450,13
19452,1
19453,6
19456,10
19459,5
19460,2
19462,6
19463,8
19465,2
19466,6
19469,7
19472,6
19475,7
19476,5
19478,7
19479,4
19481,6
19482,4
19484,2
19485,5
19488,15
19491,5
19492,1
19494,8
19495,5
19497,6
19498,5
19500,1
19501,20
19504,7
19507,9
19510,4
19511,2
19513,6
19514,6
19516,1
19517,3
19520,9
19523,9
19524,2
19526,11
19527,8
19529,5
19530,4
19532,1
19533,11
19536,6
19539,8
19540,1
19542,5
19543,3
19545,1
19546,4
19548,1
19549,2
19552,11
19555,8
19556,2
19558,9
19559,2
19561,1
19562,3
19564,4
19565,15
19568,1
19571,7
19572,1
19574,3
19575,3
19577,4
19578,4
19581,9
19584,10
19587,5
19588,2
19590,8
19591,4
19593,5
19594,5
19596,4
19597,9
19600,10
19603,9
19604,2
19606,5
19607,3
19609,8
19610,5
19613,10
19616,12
19619,5
19620,2
19622,5
19623,9
19625,2
19626,4
19628,3
19629,9
19632,3
19635,8
19636,6
19638,5
19639,5
19641,6
19642,2
19644,1
19645,4
19648,14
19651,6
19654,3
19655,4
19657,4
19660,3
19661,4
19664,9
19667,9
19668,4
19670,1
19673,1
19674,11
19677,2
19680,11
19683,3
19686,8
19687,7
19689,5
19690,4
19692,2
19693,14
19696,7
19699,8
19700,3
19702,3
19703,4
19705,7
19706,7
19708,2
19709,8
19712,11
19715,9
19716,1
19718,11
19719,5
19721,2
19722,7
19724,3
19725,18
19728,12
19731,13
19732,4
19734,4
19735,3
19737,6
19738,6
19740,1
19741,8
19744,11
19747,4
19748,1
19750,5
19751,9
19753,2
19754,3
19756,2
19757,11
19760,5
19763,8
19764,1
19766,4
19767,8
19769,11
19770,9
19772,4
19773,11
19776,21
19779,6
19780,1
19782,10
19783,5
19785,3
19786,5
19788,3
19789,5
19792,8
19795,12
19796,3
19798,5
19799,4
19801,6
19802,11
19804,1
19805,5
19808,15
19811,5
19812,1
19814,5
19815,6
19817,3
19818,3
19820,5
19821,10
19824,11
19827,10
19828,1
19830,4
19831,1
19833,2
19834,6
19837,8
19840,13
19843,3
19844,1
19846,11
19847,10
19849,5
19850,5
19852,2
19853,12
19856,8
19859,14
19860,10
19862,4
19863,3
19865,12
19866,5
19868,2
19869,1
19872,16
19875,8
19876,3
19878,9
19879,6
19881,3
19882,3
19885,16
19888,8
19891,9
19892,2
19894,4
19895,4
19897,4
19898,5
19900,1
19901,6
19904,16
19907,8
19910,8
19911,3
19913,4
19914,2
19916,3
19917,11
19920,4
19923,17
19924,4
19926,1
19927,4
19929,9
19930,12
19933,8
19936,13
19939,8
19940,2
19942,7
19943,3
19945,7
19946,3
19948,2
19949,10
19952,6
19955,6
19956,5
19958,7
19959,3
19961,7
19962,7
19965,4
19968,21
19971,7
19972,2
19974,5
19975,10
19977,2
19978,7
19980,2
19981,10
19984,8
19987,12
19988,1
19990,6
19991,3
19993,1
19994,6
19996,1
19997,3
20000,14
20003,5
20004,2
20006,15
20007,9
20009,5
20010,3
20013,6
20016,15
20019,10
20020,2
20022,3
20023,3
20025,5
20026,7
20029,4
20032,10
20035,6
20036,1
20038,8
20039,4
20041,3
20042,6
20044,5
20045,9
20048,4
20051,14
20052,2
20054,4
20055,3
20057,10
20058,9
20060,2
20061,2
20064,12
20067,6
20068,1
20070,6
20071,1
20073,1
20074,5
20076,3
20077,12
20080,10
20083,5
20084,5
20086,6
20087,2
20089,7
20090,5
20092,1
20093,6
20096,14
20099,3
20102,3
20103,7
20105,1
20106,4
20109,13
20112,9
20115,10
20116,2
20118,3
20119,3
20121,9
20122,10
20124,2
20125,5
20128,12
20131,4
20132,2
20134,6
20135,5
20137,3
20138,5
20140,3
20141,10
20144,7
20147,13
20148,2
20150,2
20151,3
20153,7
20154,11
20156,2
20157,5
20160,13
20163,5
20166,14
20167,3
20169,8
20170,6
20172,2
20173,8
20176,11
20179,12
20180,5
20182,4
20183,4
20185,7
20186,10
20188,1
20189,6
20192,15
20195,8
20196,1
20198,2
20199,2
20201,5
20202,7
20204,1
20205,12
20208,15
20211,9
20212,3
20214,2
20215,2
20217,6
20218,7
20220,2
20221,7
20224,22
20227,5
20230,6
20231,4
20233,2
20234,2
20237,14
20240,7
20243,9
20244,6
20246,6
20247,8
20249,2
20250,8
20252,1
20253,5
20256,14
20259,6
20260,3
20262,7
20263,5
20265,3
20266,7
20269,12
20272,10
20275,15
20276,3
20278,4
20279,4
20281,5
20282,11
20284,2
20285,2
20288,15
20291,6
20292,1
20294,7
20295,6
20297,2
20298,4
20300,1
20301,10
20304,11
20307,12
20308,5
20310,4
20311,2
20313,4
20314,8
20317,4
20320,12
20323,5
20324,1
20326,10
20327,5
20329,3
20330,5
20332,3
20333,12
20336,1
20339,9
20340,3
20342,4
20343,3
20345,9
20346,9
20348,2
20349,7
20352,18
20355,5
20358,8
20359,4
20361,1
20362,6
20364,4
20365,10
20368,5
20371,7
20372,5
20374,5
20375,2
20377,3
20378,6
20380,2
20381,9
20384,16
20387,5
20388,2
20390,6
20391,12
20393,3
20394,4
20396,3
20397,8
20400,12
20403,15
20404,1
20406,3
20407,6
20409,5
20410,2
20412,2
20413,6
20416,10
20419,13
20420,1
20422,8
20423,8
20425,1
20426,3
20428,3
20429,8
20432,9
20435,9
20436,3
20438,3
20439,4
20441,5
20442,6
20445,7
20448,9
20451,7
20452,1
20454,6
20455,4
20458,3
20460,1
20461,14
20464,6
20467,14
20468,4
20470,3
20471,4
20473,3
20474,15
20476,2
20477,5
20480,15
20483,6
20484,1
20486,12
20487,7
20489,1
20490,4
20492,4
20493,10
20496,8
20499,14
20500,4
20502,6
20503,3
20505,10
20506,5
20508,2
20509,6
20512,17
20515,4
20516,1
20518,8
20519,5
20521,4
20522,3
20524,4
20525,6
20528,8
20531,11
20532,3
20534,2
20535,3
20537,3
20538,7
20541,6
20544,19
20547,9
20548,2
20550,10
20551,7
20553,5
20554,7
20556,3
20557,6
20560,12
20563,9
20564,3
20566,5
20567,4
20570,12
20572,6
20573,4
20576,19
20579,2
20580,1
20582,13
20583,3
20585,5
20586,8
20588,2
20589,14
20592,9
20595,12
20596,1
20598,5
20599,3
20601,7
20602,9
20605,9
20608,16
20611,8
20612,1
20614,4
20615,3
20617,1
20618,4
20620,1
20621,16
20624,9
20627,10
20628,5
20630,3
20631,7
20633,6
20634,12
20637,2
20640,14
20643,7
20644,4
20646,7
20647,6
20649,4
20650,7
20652,2
20653,12
20656,9
20659,18
20660,1
20662,2
20663,3
20665,3
20666,10
20668,3
20669,8
20672,12
20675,4
20678,9
20679,4
20682,4
20684,3
20685,8
20688,6
20691,13
20692,3
20694,2
20695,3
20697,5
20698,8
20701,5
20704,17
20707,4
20708,4
20710,4
20711,5
20713,4
20714,10
20716,5
20717,16
20720,8
20723,13
20724,4
20726,6
20727,2
20729,2
20730,11
20732,1
20733,8
20736,15
20739,9
20740,2
20742,13
20743,5
20745,4
20746,2
20748,2
20749,11
20752,10
20755,10
20756,4
20758,3
20759,5
20761,8
20762,5
20764,2
20765,4
20768,16
20771,10
20772,2
20774,11
20775,5
20777,6
20778,2
20780,2
20781,15
20784,8
20787,6
20788,2
20790,7
20791,3
20793,3
20794,5
20796,3
20797,6
20800,13
20803,6
20804,1
20806,8
20807,11
20809,3
20810,4
20812,2
20813,9
20816,6
20819,8
20822,6
20823,2
20825,5
20826,5
20828,2
20829,7
20832,12
20835,6
20836,1
20838,9
20839,7
20841,4
20842,2
20844,1
20845,13
20848,11
20851,16
20852,1
20854,5
20855,3
20857,5
20858,7
20860,2
20861,4
20864,17
20867,9
20868,1
20870,8
20871,5
20874,3
20876,2
20877,8
20880,7
20883,8
20884,3
20886,4
20887,3
20889,7
20890,6
20892,1
20893,3
20896,21
20899,11
20900,3
20902,4
20903,8
20905,4
20906,4
20908,5
20909,8
20912,6
20915,6
20916,1
20918,9
20919,2
20921,8
20922,8
20924,1
20925,3
20928,13
20931,6
20932,2
20934,5
20935,8
20937,2
20938,6
20940,2
20941,12
20944,14
20947,15
20948,1
20950,5
20951,4
20953,4
20954,10
20956,2
20957,6
20960,15
20963,6
20964,2
20966,9
20967,7
20969,1
20970,6
20972,3
20973,13
20976,2
20979,12
20980,3
20982,6
20983,1
20985,10
20986,4
20989,4
20992,9
20995,5
20996,3
20998,12
20999,8
21001,4
21002,4
21004,2
21005,6
21008,2
21011,10
21012,3
21014,5
21015,2
21017,2
21018,6
21021,13
21024,8
21027,5
21030,6
21031,6
21033,5
21034,6
21036,2
21037,14
21040,6
21043,4
21044,2
21046,3
21047,1
21049,4
21050,5
21052,6
21053,5
21056,18
21059,7
21060,1
21062,17
21063,6
21065,3
21066,6
21068,2
21069,10
21072,11
21075,9
21076,4
21078,3
21079,6
21081,5
21082,11
21085,9
21088,22
21091,9
21092,4
21094,11
21095,2
21097,4
21098,4
21100,3
21101,10
21104,8
21107,8
21108,2
21110,3
21111,3
21113,9
21114,9
21116,1
21117,8
21120,14
21123,9
21124,1
21126,7
21127,2
21129,3
21130,3
21132,3
21133,14
21136,6
21139,6
21140,2
21142,2
21143,4
21145,10
21146,12
21148,1
21149,7
21152,10
21155,3
21158,4
21159,4
21161,3
21162,5
21164,4
21165,14
21168,16
21171,13
21172,6
21174,3
21175,1
21177,7
21178,7
21180,2
21181,11
21184,15
21187,4
21188,1
21190,8
21191,9
21193,3
21194,5
21196,1
21197,9
21200,8
21203,12
21204,3
21206,10
21207,3
21209,9
21210,12
21212,3
21213,6
21216,14
21219,6
21220,1
21222,6
21223,5
21225,6
21226,2
21228,4
21229,9
21232,3
21235,13
21236,6
21238,5
21239,2
21241,4
21242,11
21245,5
21248,14
21251,8
21252,2
21254,12
21255,4
21257,1
21258,4
21261,13
21264,11
21267,12
21270,2
21271,3
21273,4
21274,4
21276,1
21277,7
21280,14
21283,8
21284,2
21286,7
21287,5
21289,3
21290,9
21292,4
21293,9
21296,9
21299,11
21300,1
21302,6
21303,1
21305,3
21306,6
21308,3
21309,5
21312,15
21315,6
21316,4
21318,5
21319,9
21321,5
21322,4
21324,2
21325,18
21328,9
21331,12
21332,4
21334,2
21335,7
21337,4
21338,12
21341,7
21344,16
21347,4
21348,2
21350,7
21351,4
21353,4
21354,6
21356,4
21357,19
21360,10
21363,12
21364,2
21366,4
21367,3
21369,4
21370,9
21373,6
21376,17
21379,6
21380,2
21382,13
21383,10
21385,3
21386,7
21388,3
21389,14
21392,9
21395,9
21396,6
21398,9
21399,2
21401,5
21402,5
21404,1
21405,9
21408,14
21411,11
21412,2
21414,11
21415,6
21417,2
21418,7
21420,7
21421,11
21424,7
21427,15
21428,1
21430,5
21431,5
21433,7
21434,13
21436,1
21437,5
21440,14
21443,8
21444,2
21446,5
21447,4
21449,6
21450,4
21452,1
21453,9
21456,7
21459,6
21460,3
21462,5
21463,2
21465,4
21466,6
21468,3
21469,7
21472,10
21475,2
21476,2
21478,11
21479,8
21481,1
21482,4
21484,5
21485,8
21488,5
21491,9
21492,2
21494,8
21495,7
21497,10
21498,10
21501,9
21504,13
21507,5
21510,17
21511,7
21514,5
21516,1
21517,11
21520,11
21523,12
21524,1
21526,9
21527,5
21529,3
21530,13
21532,5
21533,6
21536,14
21539,7
21540,4
21542,6
21543,8
21545,5
21546,3
21548,4
21549,11
21552,8
21555,8
21556,1
21558,2
21559,3
21561,5
21562,8
21564,2
21565,8
21568,10
21571,2
21574,7
21575,8
21577,5
21578,11
21580,1
21581,7
21584,6
21587,13
21588,2
21590,4
21591,5
21593,8
21594,9
21596,2
21597,8
21600,14
21603,5
21604,4
21606,7
21607,7
21609,4
21610,7
21612,7
21613,12
21616,4
21619,12
21620,3
21622,5
21623,6
21625,4
21626,9
21629,10
21632,9
21635,6
21636,7
21638,3
21639,8
21641,2
21642,8
21644,2
21645,11
21648,8
21651,9
21652,4
21654,5
21655,2
21657,8
21658,14
21660,2
21661,3
21664,11
21667,8
21668,1
21670,11
21671,6
21673,2
21674,4
21676,4
21677,6
21680,12
21683,6
21684,2
21686,8
21687,2
21689,2
21690,7
21693,3
21696,14
21699,6
21702,10
21703,5
21705,1
21706,3
21708,3
21709,10
21712,10
21715,8
21716,1
21718,6
21719,2
21721,5
21722,5
21724,4
21725,4
21728,11
21731,6
21732,3
21734,4
21735,3
21737,2
21738,3
21740,4
21741,8
21744,8
21747,11
21748,1
21750,6
21751,1
21753,5
21754,8
21756,1
21757,5
21760,17
21763,7
21766,5
21767,5
21770,7
21772,3
21773,10
21776,6
21779,16
21780,2
21782,3
21783,4
21785,5
21786,12
21788,1
21789,6
21792,15
21795,6
21798,11
21799,4
21801,2
21802,6
21804,4
21805,13
21808,11
21811,17
21812,1
21814,9
21815,6
21817,6
21818,12
21820,3
21821,6
21824,13
21827,10
21828,1
21830,4
21831,3
21833,4
21834,2
21836,3
21837,11
21840,8
21843,15
21844,2
21846,4
21849,4
21850,5
21852,2
21853,8
21856,9
21859,7
21860,2
21862,8
21863,4
21865,5
21866,2
21868,7
21869,5
21872,4
21875,12
21876,4
21878,6
21879,3
21881,2
21882,4
21885,4
21888,10
21891,5
21892,2
21894,2
21895,9
21897,2
21898,4
21900,4
21901,11
21904,8
21907,12
21908,1
21910,5
21911,1
21913,5
21914,8
21916,1
21917,4
21920,13
21923,2
21924,2
21926,14
21927,6
21929,1
21930,3
21932,2
21933,7
21936,5
21939,8
21940,7
21942,3
21943,2
21945,9
21946,11
21948,1
21949,7
21952,11
21955,11
21956,2
21958,11
21959,5
21961,5
21962,1
21964,3
21965,17
21968,11
21971,13
21972,1
21974,2
21975,1
21977,8
21978,13
21981,4
21984,14
21987,10
21988,2
21990,8
21991,4
21993,5
21994,4
21996,4
21997,8
22000,4
22003,9
22004,2
22006,7
22007,3
22009,2
22010,8
22012,1
22013,4
22016,12
22019,6
22020,2
22022,12
22023,2
22025,2
22026,4
22028,1
22029,8
22032,5
22035,12
22036,5
22038,4
22039,2
22041,9
22042,8
22044,4
22045,9
22048,9
22051,11
22054,9
22055,6
22057,3
22058,5
22060,2
22061,15
22064,10
22067,12
22070,5
22071,1
22073,3
22074,3
22076,1
22077,6
22080,13
22083,6
22084,2
22086,6
22087,2
22089,5
22090,6
22092,6
22093,15
22096,7
22099,13
22100,4
22102,7
22103,5
22105,1
22106,15
22108,2
22109,10
22112,17
22115,7
22116,1
22118,8
22119,7
22121,7
22122,3
22124,2
22125,11
22128,7
22131,9
22132,5
22134,2
22135,6
22137,3
22138,8
22140,1
22141,6
22144,21
22147,5
22148,2
22150,8
22151,9
22153,4
22154,3
22156,2
22157,9
22160,5
22163,10
22164,4
22166,2
22167,3
22169,6
22170,11
22173,7
22176,6
22179,3
22180,1
22182,6
22183,6
22185,2
22186,4
22188,6
22189,12
22192,9
22195,14
22196,4
22198,3
22199,7
22201,10
22202,4
22204,2
22205,7
22208,7
22211,4
22214,7
22215,9
22218,6
22220,2
22221,13
22224,1
22227,15
22228,4
22230,6
22231,2
22233,11
22234,10
22236,3
22237,10
22240,14
22243,4
22246,9
22247,5
22249,2
22250,4
22252,3
22253,8
22256,11
22259,14
22260,3
22262,2
22263,5
22265,6
22266,10
22268,1
22269,6
22272,23
22275,4
22276,2
22278,15
22279,9
22282,8
22284,7
22285,12
22288,4
22291,11
22292,3
22294,2
22295,4
22297,6
22298,7
22300,2
22301,9
22304,10
22307,8
22308,1
22310,7
22311,6
22313,5
22314,3
22316,5
22317,13
22320,3
22323,14
22326,3
22327,3
22329,9
22330,15
22332,3
22333,2
22336,11
22339,4
22340,1
22342,6
22343,7
22345,5
22346,5
22348,1
22349,14
22352,5
22355,9
22358,6
22359,4
22361,4
22362,7
22365,4
22368,18
22371,5
22372,1
22374,10
22375,6
22377,2
22378,6
22380,1
22381,8
22384,11
22387,11
22388,6
22390,3
22391,2
22393,5
22394,4
22396,1
22397,9
22400,15
22403,2
22404,1
22406,6
22407,4
22409,3
22410,4
22412,3
22413,10
22416,8
22419,16
22420,3
22422,6
22423,3
22425,6
22426,4
22428,1
22429,8
22432,12
22435,11
22436,3
22438,9
22439,6
22441,2
22442,5
22444,2
22445,6
22448,5
22451,10
22452,2
22454,8
22455,4
22457,6
22458,2
22460,5
22461,8
22464,16
22467,5
22468,1
22470,5
22471,5
22473,3
22474,3
22476,1
22477,16
22480,10
22483,11
22484,1
22486,5
22487,1
22489,5
22490,8
22492,2
22493,9
22496,15
22499,6
22500,1
22502,7
22503,8
22505,5
22506,1
22509,10
22512,4
22515,6
22516,1
22518,4
22519,3
22521,9
22522,6
22524,1
22525,3
22528,16
22531,10
22532,2
22534,7
22535,6
22537,4
22538,4
22540,7
22541,10
22544,3
22547,12
22548,1
22550,7
22551,5
22553,4
22554,7
22556,2
22557,7
22560,7
22563,3
22564,1
22566,12
22567,7
22569,4
22570,5
22572,2
22573,5
22576,10
22579,18
22580,1
22582,5
22583,3
22585,5
22586,5
22588,1
22589,12
22592,17
22595,6
22598,2
22599,3
22601,1
22602,5
22604,2
22605,8
22608,2
22611,16
22612,4
22614,3
22615,3
22617,5
22618,4
22620,2
22621,9
22624,15
22627,5
22628,2
22630,12
22631,7
22633,3
22634,1
22636,2
22637,14
22640,9
22643,11
22644,4
22646,4
22647,4
22649,6
22650,12
22653,8
22656,13
22659,5
22660,2
22662,6
22663,7
22665,4
22666,3
22668,6
22669,13
22672,11
22675,14
22676,4
22678,4
22679,2
22681,8
22682,6
22684,1
22685,10
22688,8
22691,6
22692,4
22694,9
22695,9
22697,1
22698,7
22700,1
22701,12
22704,8
22707,9
22708,3
22710,6
22711,6
22713,6
22714,10
22716,1
22717,7
22720,21
22723,1
22724,6
22726,8
22727,5
22729,2
22730,6
22732,3
22733,7
22736,7
22739,13
22740,1
22742,8
22743,5
22745,5
22746,6
22748,2
22749,2
22752,11
22755,2
22758,10
22759,5
22761,3
22762,9
22764,2
22765,13
22768,10
22771,12
22772,2
22774,4
22775,2
22777,6
22778,9
22780,2
22781,7
22784,10
22787,3
22788,4
22790,8
22791,7
22793,7
22794,2
22796,5
22797,6
22800,12
22803,11
22804,5
22806,8
22807,2
22809,6
22810,8
22812,2
22813,11
22816,23
22819,5
22820,3
22822,5
22823,9
22825,5
22826,7
22828,2
22829,9
22832,12
22835,8
22836,2
22838,7
22839,10
22841,7
22842,10
22844,3
22845,7
22848,19
22851,8
22852,2
22854,17
22855,6
22857,5
22858,7
22860,1
22861,8
22864,7
22867,13
22868,6
22870,6
22871,1
22873,5
22874,9
22876,3
22877,6
22880,8
22883,7
22886,15
22887,9
22889,3
22890,7
22892,1
22893,12
22896,11
22899,3
22900,1
22902,3
22903,5
22905,7
22906,7
22908,1
22909,5
22912,9
22915,1
22916,3
22918,8
22919,5
22922,6
22924,3
22925,9
22928,5
22931,13
22932,1
22934,6
22935,5
22937,3
22938,11
22940,1
22941,5
22944,13
22947,5
22948,1
22950,12
22951,10
22953,2
22954,11
22956,4
22957,12
22960,7
22963,9
22964,2
22966,4
22967,4
22969,9
22970,10
22972,1
22973,7
22976,21
22979,11
22980,2
22982,8
22983,6
22985,1
22986,3
22988,7
22989,8
22992,4
22995,11
22996,2
22998,1
22999,2
23001,3
23002,7
23004,1
23005,2
23008,11
23011,1
23012,2
23014,5
23015,5
23017,4
23018,2
23020,3
23021,12
23024,4
23027,10
23028,3
23030,7
23031,2
23033,5
23034,5
23036,2
23037,7
23040,8
23043,5
23046,9
23047,2
23049,4
23050,5
23052,2
23053,13
23056,12
23059,7
23060,3
23062,5
23063,2
23065,8
23066,12
23068,1
23069,7
23072,18
23075,6
23076,5
23078,11
23079,3
23081,2
23082,3
23084,2
23085,7
23088,5
23091,11
23092,2
23094,4
23095,1
23097,4
23098,7
23100,3
23101,7
23104,8
23107,4
23110,6
23111,4
23113,2
23114,4
23116,1
23117,10
23120,4
23123,18
23124,3
23126,3
23127,5
23129,7
23130,5
23132,1
23133,8
23136,11
23139,5
23140,2
23142,6
23143,6
23145,4
23148,4
23149,11
23152,7
23155,13
23156,2
23158,10
23159,2
23161,8
23162,7
23164,2
23165,6
23168,8
23171,3
23174,5
23175,8
23177,1
23178,5
23180,4
23181,9
23184,6
23187,18
23190,3
23191,1
23194,6
23196,1
23197,6
23200,9
23203,6
23204,1
23206,5
23207,6
23209,3
23210,4
23212,2
23213,11
23216,9
23219,10
23220,2
23222,7
23225,4
23226,12
23229,11
23232,16
23235,9
23236,2
23238,10
23239,7
23241,4
23242,3
23244,3
23245,6
23248,13
23251,9
23254,7
23255,3
23257,8
23258,8
23260,1
23261,5
23264,9
23267,11
23268,1
23270,3
23271,1
23273,3
23274,5
23276,4
23277,10
23280,7
23283,10
23284,2
23286,5
23287,2
23289,6
23290,9
23293,7
23296,9
23299,4
23302,7
23303,7
23305,2
23306,4
23308,2
23309,11
23312,8
23315,13
23316,5
23318,5
23319,4
23321,4
23322,6
23324,4
23325,6
23328,13
23331,7
23332,1
23334,7
23335,5
23337,4
23338,2
23340,1
23341,11
23344,9
23347,8
23348,3
23350,4
23353,6
23354,7
23357,9
23360,10
23363,4
23366,8
23367,9
23369,5
23370,5
23372,2
23373,12
23376,11
23379,17
23380,2
23382,6
23383,2
23385,5
23386,7
23388,3
23389,3
23392,17
23395,8
23396,1
23398,7
23399,3
23401,3
23402,4
23405,11
23408,10
23411,13
23412,4
23414,2
23415,2
23417,7
23418,11
23421,11
23424,11
23427,3
23430,5
23431,6
23433,1
23434,5
23436,1
23437,9
23440,8
23443,15
23444,4
23446,6
23447,3
23449,4
23450,6
23452,2
23453,8
23456,10
23459,11
23460,1
23462,6
23463,7
23465,4
23466,4
23468,4
23469,18
23472,5
23475,8
23476,1
23478,7
23479,2
23481,5
23482,10
23484,1
23485,15
23488,16
23491,4
23494,11
23495,8
23498,6
23500,6
23501,14
23504,7
23507,10
23508,6
23510,2
23511,1
23513,8
23514,7
23516,1
23517,6
23520,22
23523,9
23524,1
23526,8
23527,6
23529,1
23530,2
23532,4
23533,14
23536,5
23539,9
23540,5
23542,3
23543,2
23545,7
23546,6
23549,6
23552,13
23555,7
23556,1
23558,6
23559,3
23561,4
23562,3
23564,3
23565,8
23568,8
23571,10
23572,2
23574,8
23575,2
23577,4
23578,5
23580,4
23581,6
23584,11
23587,4
23588,1
23590,4
23591,3
23593,4
23594,3
23596,2
23597,7
23600,5
23603,11
23604,3
23606,2
23607,3
23609,8
23610,5
23612,2
23613,7
23616,5
23619,5
23622,5
23623,8
23625,4
23626,2
23628,4
23629,11
23632,5
23635,5
23638,5
23639,5
23641,3
23642,6
23644,1
23645,2
23648,11
23651,4
23652,1
23654,7
23655,8
23657,5
23658,4
23660,1
23661,10
23664,6
23667,10
23668,3
23670,9
23671,3
23673,3
23674,7
23677,6
23680,14
23683,6
23684,1
23686,13
23687,1
23689,3
23690,5
23692,5
23693,9
23696,8
23699,5
23700,3
23702,7
23703,5
23705,6
23706,8
23708,1
23709,8
23712,16
23715,5
23716,1
23718,11
23719,2
23721,1
23722,1
23724,4
23725,4
23728,6
23731,9
23732,3
23734,4
23735,5
23737,4
23738,8
23740,4
23741,5
23744,11
23747,4
23748,1
23750,3
23751,4
23753,4
23754,5
23756,3
23757,10
23760,7
23763,8
23764,5
23766,5
23767,1
23769,3
23770,7
23772,2
23773,5
23776,13
23779,4
23780,1
23782,5
23783,3
23785,4
23786,2
23788,1
23789,6
23792,5
23795,4
23796,1
23798,2
23801,7
23802,3
23804,3
23805,5
23808,9
23811,5
23812,1
23814,6
23815,5
23817,4
23818,5
23820,2
23821,9
23824,10
23827,10
23828,2
23830,1
23831,2
23833,6
23834,4
23836,3
23837,2
23840,8
23843,5
23844,1
23846,5
23847,9
23849,4
23850,4
23852,1
23853,10
23856,6
23859,8
23860,1
23862,2
23863,4
23865,3
23866,8
23868,1
23869,4
23872,8
23875,4
23876,1
23878,4
23879,3
23881,1
23882,3
23885,8
23888,5
23891,7
23892,3
23894,3
23895,1
23897,5
23898,11
23900,2
23901,4
23904,15
23907,5
23908,1
23910,7
23911,8
23913,2
23914,4
23917,7
23920,6
23923,11
23926,3
23927,4
23929,2
23930,4
23932,2
23933,8
23936,11
23939,3
23942,6
23943,4
23945,2
23946,5
23948,3
23949,7
23952,3
23955,8
23956,1
23958,3
23959,4
23961,3
23962,6
23965,8
23968,10
23971,3
23972,1
23974,7
23975,3
23977,5
23978,6
23980,8
23981,8
23984,3
23987,5
23988,2
23990,1
23991,3
23993,6
23994,7
23996,1
23997,4
24000,5
24003,3
24004,3
24006,6
24007,3
24009,2
24010,1
24012,1
24013,5
24016,4
24019,7
24020,2
24022,2
24025,3
24026,6
24028,1
24029,6
24032,8
24035,6
24036,3
24038,8
24039,4
24041,2
24042,1
24045,6
24048,5
24051,3
24054,2
24057,5
24058,2
24061,4
24064,10
24067,6
24068,1
24070,7
24071,5
24073,1
24074,1
24076,1
24077,8
24080,9
24083,6
24086,2
24087,1
24089,4
24090,10
24092,1
24093,3
24096,4
24099,2
24100,1
24102,5
24103,3
24105,2
24106,5
24109,6
24112,10
24115,8
24118,3
24119,3
24121,3
24122,5
24125,4
24128,8
24131,2
24132,2
24134,8
24135,4
24137,2
24138,3
24140,2
24141,8
24144,6
24147,13
24148,1
24150,3
24151,1
24153,3
24154,3
24157,2
24160,9
24163,6
24164,1
24169,3
24173,6
24176,6
24179,7
24182,2
24185,3
24186,3
24188,2
24189,3
24192,9
24195,6
24198,8
24199,3
24201,2
24202,5
24205,5
24208,4
24211,8
24212,7
24214,2
24215,2
24217,3
24218,3
24220,1
24221,3
24224,7
24227,1
24228,1
24230,6
24231,7
24233,1
24234,3
24237,6
24240,4
24243,2
24244,1
24246,2
24247,1
24249,4
24250,3
24253,1
24256,4
24259,3
24260,3
24262,5
24263,3
24265,2
24266,4
24269,2
24272,3
24275,1
24278,3
24279,2
24281,4
24282,4
24285,3
24288,6
24291,2
24294,5
24297,1
24298,1
24300,2
24301,4
24304,3
24307,7
24310,3
24311,1
24313,2
24314,3
24317,1
24320,12
24323,8
24324,1
24326,4
24330,3
24332,6
24333,2
24336,3
24339,4
24340,1
24342,1
24343,3
24345,5
24346,7
24349,1
24352,5
24355,6
24356,1
24358,4
24359,3
24361,1
24364,1
24365,4
24368,2
24371,6
24372,1
24374,3
24375,4
24377,3
24378,2
24384,8
24387,1
24388,2
24390,1
24391,2
24393,3
24394,2
24396,2
24397,3
24400,2
24403,3
24404,1
24406,2
24407,1
24410,8
24412,1
24413,2
24416,6
24419,4
24422,6
24423,3
24425,2
24426,1
24428,4
24429,7
24432,3
24435,3
24436,1
24438,1
24439,1
24441,2
24442,4
24445,2
24448,7
24451,3
24454,1
24455,1
24457,2
24458,2
24460,1
24461,5
24464,2
24467,5
24470,1
24471,1
24474,3
24480,2
24483,2
24486,1
24487,1
24489,2
24490,3
24493,7
24496,2
24499,7
24500,1
24502,2
24505,2
24506,3
24508,5
24509,1
24512,5
24515,5
24516,1
24518,5
24519,1
24521,3
24522,3
24524,1
24525,2
24528,2
24531,5
24532,1
24534,1
24535,1
24537,3
24538,1
24544,8
24547,3
24551,2
24554,1
24556,2
24557,2
24560,2
24563,3
24566,1
24569,2
24570,2
24572,1
24573,1
24576,4
24579,1
24582,3
24583,1
24585,2
24586,1
24588,1
24589,3
24592,2
24595,6
24598,2
24601,1
24602,2
24604,1
24605,1
24608,2
24611,2
24612,1
24614,7
24615,1
24617,1
24618,1
24621,2
24624,3
24627,1
24630,1
24631,2
24633,4
24637,3
24640,4
24643,1
24646,1
24647,2
24650,1
24653,2
24656,1
24659,1
24660,1
24662,1
24663,1
24665,1
24666,1
24669,3
24672,1
24678,6
24679,3
24682,1
24685,4
24688,3
24691,3
24694,2
24695,1
24698,6
24704,2
24707,2
24710,1
24711,1
24713,1
24714,1
24717,6
24720,3
24723,1
24727,1
24729,1
24733,2
24736,4
24739,2
24742,4
24743,2
24745,2
24746,2
24748,1
24749,2
24755,2
24756,1
24761,2
24762,6
24765,1
24768,4
24771,1
24774,1
24775,3
24778,1
24781,4
24784,1
24787,2
24790,2
24793,3
24794,3
24797,1
24800,1
24803,4
24806,3
24807,1
24809,1
24813,3
24819,2
24822,1
24823,2
24826,6
24828,1
24829,1
24832,5
24835,1
24838,2
24839,3
24841,1
24842,1
24845,4
24848,3
24851,2
24852,3
24855,1
24858,3
24864,3
24870,1
24876,2
24877,2
24880,2
24883,1
24884,1
24886,3
24887,1
24889,2
24890,3
24896,1
24902,1
24903,1
24909,3
24912,1
24915,4
24916,1
24922,2
24925,1
24928,2
24934,1
24935,2
24937,1
24940,1
24941,3
24944,3
24947,2
24950,1
24951,2
24953,2
24954,1
24957,2
24960,4
24966,3
24967,2
24969,1
24970,2
24973,4
24976,2
24979,2
24982,2
24983,1
24985,1
24986,3
24988,2
24992,2
24995,2
24996,1
24999,1
25001,1
25008,4
25011,1
25012,1
25014,1
25017,1
25018,3
25021,1
25024,3
25030,4
25033,2
25036,1
25037,1
25040,1
25043,2
25044,2
25046,1
25049,1
25053,2
25056,3
25065,3
25066,3
25069,1
25072,5
25075,1
25078,1
25081,1
25082,3
25085,1
25088,3
25091,1
25098,2
25101,3
25104,2
25107,2
25108,1
25110,1
25114,3
25120,1
25127,1
25129,2
25133,1
25139,3
25140,1
25143,1
25145,1
25146,2
25149,1
25155,1
25158,2
25159,1
25162,2
25165,1
25171,1
25172,1
25174,1
25177,1
25181,1
25184,1
25190,1
25194,1
25196,1
25200,2
25204,1
25206,2
25209,1
25210,1
25216,1
25222,1
25226,2
25229,2
25232,2
25235,2
25245,1
25248,4
25252,1
25254,1
25255,2
25258,1
25261,2
25264,4
25267,2
25270,1
25271,1
25273,2
25274,1
25277,2
25280,2
25283,1
25284,1
25286,1
25287,2
25290,2
25292,1
25293,3
25296,2
25302,1
25303,1
25306,1
25312,1
25315,1
25318,1
25319,2
25322,1
25325,2
25328,1
25331,2
25334,3
25335,1
25338,1
25341,2
25344,3
25347,2
25348,1
25350,1
25351,1
25353,1
25356,1
25357,2
25369,1
25370,1
25372,1
25376,2
25382,1
25383,3
25385,1
25389,3
25392,1
25395,2
25396,1
25398,1
25402,1
25405,1
25408,1
25414,3
25415,1
25417,1
25421,1
25427,1
25428,1
25430,1
25434,1
25437,2
25440,1
25446,1
25450,1
25453,4
25459,1
25460,1
25463,1
25465,2
25466,1
25468,1
25469,1
25472,2
25475,1
25478,3
25479,1
25481,1
25482,1
25485,2
25488,3
25491,1
25492,1
25497,1
25498,1
25501,4
25504,3
25513,2
25516,1
25523,1
25530,4
25542,1
25543,1
25546,1
25555,2
25558,1
25561,2
25562,1
25568,3
25571,2
25574,3
25575,1
25581,1
25584,1
25587,1
25588,1
25590,3
25591,1
25594,4
25600,2
25603,1
25607,1
25610,1
25612,1
25613,1
25619,1
25623,2
25625,3
25626,3
25629,1
25632,5
25638,2
25639,1
25641,1
25642,1
25644,1
25645,1
25648,1
25651,3
25655,1
25657,1
25661,1
25664,2
25667,1
25668,1
25670,2
25671,1
25677,1
25683,1
25684,1
25689,2
25690,1
25693,1
25696,2
25699,1
25709,1
25712,2
25715,2
25721,1
25722,1
25728,2
25731,2
25734,1
25735,1
25737,1
25741,3
25744,1
25747,1
25750,1
25760,4
25763,2
25773,2
25776,1
25779,4
25782,2
25786,1
25789,1
25792,3
25796,2
25798,2
25799,1
25802,2
25805,4
25808,1
25811,1
25815,1
25818,4
25821,1
25824,3
25830,2
25831,1
25837,2
25840,3
25843,3
25844,1
25856,2
25859,1
25862,4
25869,5
25875,2
25876,1
25878,1
25888,2
25901,1
25904,1
25907,1
25914,2
25917,2
25920,2
25923,2
25926,3
25927,1
25932,1
25936,1
25939,2
25940,1
25943,1
25949,2
25952,3
25955,1
25956,1
25958,3
25959,1
25961,1
25964,1
25971,2
25972,2
25974,1
25977,1
25978,2
25980,1
25981,2
25984,2
25991,1
25994,1
25997,3
26003,1
26006,1
26007,1
26009,1
26010,1
26013,1
26016,6
26022,1
26023,4
26025,2
26035,2
26038,1
26045,2
26051,3
26054,1
26055,1
26057,1
26058,1
26061,3
26064,1
26067,1
26074,3
26083,1
26087,2
26092,1
26096,2
26099,1
26103,1
26106,1
26108,1
26109,1
26112,2
26115,1
26118,2
26122,2
26124,2
26125,1
26128,1
26131,2
26134,1
26135,1
26137,3
26138,1
26140,1
26141,2
26144,2
26150,3
26156,1
26157,2
26160,3
26163,1
26170,1
26173,1
26176,2
26183,1
26188,1
26189,2
26192,1
26195,2
26201,2
26205,2
26208,1
26211,3
26215,1
26218,1
26221,2
26227,5
26228,1
26230,1
26234,1
26237,1
26243,1
26244,2
26246,2
26249,1
26253,2
26259,3
26262,1
26263,3
26266,3
26272,2
26275,2
26278,2
26279,1
26282,1
26284,1
26285,2
26288,1
26291,6
26298,2
26300,1
26301,1
26304,3
26307,2
26308,1
26310,2
26317,2
26323,2
26324,1
26326,2
26330,3
26332,1
26336,8
26339,2
26340,1
26342,3
26343,1
26348,1
26349,3
26352,3
26355,1
26362,3
26365,1
26368,3
26374,4
26375,1
26380,1
26384,2
26387,2
26393,1
26394,2
26400,2
26406,2
26407,1
26410,2
26416,2
26419,3
26422,1
26425,1
26432,1
26438,2
26439,1
26442,1
26445,1
26451,2
26452,1
26457,1
26458,1
26460,1
26470,2
26473,1
26474,2
26476,1
26477,1
26480,1
26483,4
26484,2
26490,2
26496,5
26499,2
26502,3
26503,1
26509,1
26515,2
26518,1
26519,1
26521,2
26522,1
26525,1
26531,2
26534,1
26535,2
26541,2
26544,1
26547,2
26554,2
26557,4
26566,1
26567,1
26572,1
26573,1
26579,1
26580,1
26582,1
26583,1
26586,1
26589,1
26601,1
26602,1
26605,2
26611,2
26612,1
26614,2
26615,1
26617,1
26624,1
26630,2
26633,2
26637,2
26643,2
26649,2
26650,2
26652,1
26660,1
26665,1
26666,1
26668,1
26669,1
26676,2
26681,1
26682,1
26688,1
26691,2
26695,1
26701,1
26707,2
26710,1
26711,1
26720,1
26724,1
26726,1
26727,1
26732,2
26733,1
26736,1
26739,3
26743,1
26746,3
26749,3
26752,3
26755,2
26759,1
26765,2
26768,1
26771,2
26772,1
26777,1
26781,1
26784,3
26787,1
26790,5
26796,1
26797,1
26803,2
26806,1
26809,1
26810,1
26813,1
26825,2
26829,1
26832,1
26835,1
26836,1
26839,1
26845,1
26848,2
26857,1
26860,1
26861,1
26867,1
26874,2
26880,1
26883,1
26886,2
26889,1
26890,1
26893,2
26905,1
26906,1
26912,2
26918,1
26919,1
26922,1
26937,1
26938,1
26944,1
26947,1
26950,2
26957,2
26960,2
26963,1
26966,1
26976,1
26982,2
26986,1
26996,1
27001,1
27027,1
27031,1
27046,1
27052,1
27060,1
27068,1
27085,1
27091,2
27095,1
27098,1
27101,1
27104,2
27107,1
27113,1
27116,2
27120,1
27124,1
27127,1
27129,2
27136,1
27142,1
27152,1
27155,1
27162,1
27165,2
27174,1
27175,2
27184,1
27193,1
27194,1
27207,1
27209,1
27213,1
27225,1
27238,1
27242,1
27245,1
27257,1
27264,2
27267,1
27271,1
27280,2
27299,1
27302,1
27309,1
27328,1
27332,1
27334,1
27367,1
27385,1
27398,2
27405,2
27411,1
27418,1
27431,1
27434,1
27447,1
27462,1
27469,1
27481,1
27482,1
27488,1
27494,1
27495,1
27501,1
27504,1
27529,1
27533,1
27542,1
27565,1
27568,1
27571,1
27572,1
27603,1
27629,1
27636,1
27645,1
27648,1
27667,1
27680,1
27686,1
27715,1
27725,1
27772,1
27776,1
27783,1
27785,1
27792,1
27802,1
27805,1
27817,1
27840,1
27847,1
27850,1
27884,1
27910,1
27917,1
27948,1
27955,1
27971,1
27981,2
28045,1
28096,1
28102,1
28154,1
28179,1
28240,1
28316,1
28528,1
28538,1
28659,1
28714,1
28825,1
29120,1
29139,1
29145,1
29172,1
29267,1
29379,1
29510,1
29606,1
29716,1
29737,1
29772,1
29956,1
29984,1
30006,1
30345,1
30361,1
30969,1
30983,1
31014,1
31017,1
31021,1
31254,1
31286,1
32262,1
32877,1
33430,1
34048,1
45882,1
51673,1
51933,1
67783,1
78096,1
79290,1
79469,1
80448,1
93069,1
97024,1
99923,1
102029,1
103286,1
114509,1
123718,1
173571,1
253772,1
290547,1
321037,1
384611,1
639783,1
651481,1
1424320,1
2789754,1
5782969,1
5787865,1
5795197,1
5798947,1
5805119,1
