# Samples: 7350, Average: 5077826.5 ns, StdDev: 4275731.1 ns, Quartiles: 719725.0/5776793.0/8450633.0 ns
341561,1
363235,1
363959,1
371539,1
375206,1
380355,1
385827,1
388900,1
391495,1
395542,1
395843,1
396567,1
397347,1
400326,1
403548,1
403859,1
408743,1
411792,1
417952,1
421155,1
423075,1
425302,1
429091,1
429225,1
429450,1
429667,1
430602,1
431888,1
432086,1
432262,1
432288,1
436163,1
436573,1
436995,1
437104,1
437283,1
437622,1
437859,1
438384,1
439891,1
440778,1
442406,1
442659,1
442896,1
443798,1
444013,1
444083,1
444490,1
444774,1
444861,1
445059,1
445162,1
445658,1
445844,1
446246,1
446736,1
446867,1
447587,1
448540,1
448720,1
451287,1
451303,1
452637,1
453655,1
453808,1
455062,1
455373,1
455412,1
456022,1
456582,1
457175,1
457433,1
457763,1
458224,1
458675,1
459037,1
459056,1
459600,1
460502,1
460560,1
460861,1
460900,1
461296,1
462438,1
462720,1
463744,1
464039,1
464611,1
466394,1
466403,1
467065,1
467766,1
467856,1
468381,1
469242,1
469328,1
469405,1
469933,1
470327,1
470762,1
471628,1
471692,1
471728,1
471760,1
472013,1
473181,1
473840,1
474038,1
474128,1
474202,1
474532,1
474736,1
474768,1
475116,1
475309,1
475936,1
476400,1
476428,1
476595,1
476752,1
476864,1
478387,1
478419,1
478935,1
479040,1
479322,1
480394,1
480400,1
480749,1
481936,1
482032,1
482109,1
482157,1
482253,1
482266,1
482464,1
482550,1
482794,1
482966,1
483587,1
483741,1
483859,1
484000,1
484176,1
484186,1
484592,1
484854,1
484932,1
485469,1
485622,1
485671,1
485789,1
486435,1
486900,1
487043,1
487197,1
487344,1
487661,1
488080,1
488132,1
488445,1
488733,1
488838,1
488992,1
489648,1
489846,1
490070,1
490387,1
490704,1
490922,1
491392,1
491417,1
491507,1
491645,1
491863,1
491879,1
491942,1
493885,1
494230,1
494672,1
495306,1
495383,1
495427,1
495792,1
495952,1
496099,1
496569,1
497098,1
497532,1
497737,1
497798,1
497942,1
498025,1
498140,1
498986,1
499267,1
499545,1
499818,1
500131,1
500272,1
500791,1
500989,1
501123,1
501271,1
501379,1
501424,1
501641,1
502320,1
502474,1
502522,1
502720,1
502794,1
502877,1
502928,1
503085,1
503427,1
503513,1
503965,1
504221,1
504253,1
504454,1
504528,1
504649,1
504694,1
504748,1
505136,1
505248,1
505251,1
505286,1
505360,1
505395,1
505476,1
505558,1
505802,1
505961,1
506275,1
506345,1
506359,1
506679,1
506707,1
506781,1
506921,1
506973,1
506989,1
506992,1
507209,1
507241,1
507261,1
507318,1
507667,1
507696,1
507741,1
507965,1
508020,1
508233,1
508483,1
508836,1
509335,1
509782,1
510141,1
510788,1
510922,1
511190,1
511223,1
511274,1
511287,1
511417,1
511469,1
511529,1
511545,1
512054,1
512118,1
512256,1
512342,1
512662,1
513431,1
514400,1
514467,1
514640,1
514985,1
515033,1
515050,1
515095,1
515129,1
515190,1
515232,1
515747,1
515773,1
515984,1
516006,1
516131,1
516240,1
516345,1
516458,1
516941,1
517111,1
517476,1
517520,1
517955,1
518041,1
518227,1
518326,1
518569,1
518627,1
518631,1
518890,1
519632,1
519645,1
520451,1
520554,1
520726,1
520912,1
521088,1
521113,1
521427,1
521472,1
521738,1
521789,1
521846,1
521961,1
521965,1
521990,1
522426,1
522448,1
522749,1
522957,1
523030,1
523335,1
523446,1
523555,1
523565,1
523882,1
524035,1
524234,1
524467,1
524499,1
524631,1
524643,1
524726,1
524739,1
524746,1
525578,1
525818,1
525917,1
526854,1
526880,1
526903,1
527264,1
527299,1
527692,1
528077,1
528259,1
528515,1
528550,1
528730,1
528883,1
528976,1
529049,1
529299,1
529440,1
529456,1
529488,1
529530,1
529612,1
529965,1
530308,1
530390,1
530570,1
530672,1
530832,1
530979,1
531034,1
531078,1
531254,1
531754,1
531901,1
532016,1
532042,1
532048,1
532163,1
532253,1
532419,1
532585,1
532640,1
532650,1
532832,1
532855,1
533116,1
533175,1
533408,1
533411,1
533712,1
534160,1
534227,1
534486,1
534487,1
534560,1
534621,1
534672,1
534758,1
534825,1
534864,1
535446,1
535664,1
535696,1
535863,1
536035,1
536166,1
537047,1
537136,1
537156,1
537392,1
537395,1
537431,1
537446,1
538096,1
538137,1
538195,1
538377,1
538400,1
538672,1
538694,1
538723,1
538851,1
538918,1
538934,1
538944,1
539005,1
539082,2
539587,1
540196,1
540211,1
540410,1
541174,1
541219,1
541373,1
541385,1
541616,1
541770,1
541846,1
541942,1
542685,1
542825,1
542858,1
542931,1
543018,1
543306,1
543491,1
543536,1
544330,1
544493,1
544538,1
544605,1
545705,1
545840,1
545852,1
546105,1
546125,1
546221,1
546281,1
546515,1
546710,1
546921,1
547168,1
547356,1
548007,1
548012,1
548048,1
548105,1
548205,1
548323,1
548333,1
548384,1
548787,1
548832,1
548931,1
549482,1
549495,1
549648,1
549750,1
549927,1
550166,1
550195,1
550320,1
550416,1
550505,1
550519,1
550557,1
550748,1
550976,1
551072,1
551360,1
552371,1
552534,1
552710,1
552727,1
552864,1
552925,1
552944,1
553155,1
553293,1
553348,1
553367,1
553411,1
553571,1
553709,2
554032,1
554141,1
554291,1
554490,1
554573,1
554755,1
554976,1
555568,1
555641,1
556250,1
556397,1
556566,1
556586,1
556746,1
556893,1
557110,1
557120,1
557155,1
557353,1
557354,1
557629,1
557769,1
557824,1
557924,1
558029,1
558144,1
558198,1
558243,1
558265,1
558294,1
558320,1
558442,1
558448,1
558550,1
558787,1
558956,1
559085,1
559171,1
559264,1
559305,1
559402,1
559517,1
559747,1
559754,1
559779,1
559805,1
559865,1
560019,1
560061,1
560083,1
560432,1
560480,1
560512,1
560515,1
560554,1
560624,1
560874,1
560995,1
561299,1
561348,1
561383,1
561718,1
562076,1
562231,1
562234,1
562429,1
562519,1
562749,1
562858,1
562861,1
563184,1
563373,1
563379,1
563408,1
563536,1
563612,1
563770,1
564080,1
564400,1
564515,1
564608,1
564653,1
564858,1
564867,1
565367,1
565731,1
565773,1
565789,1
566035,1
566185,1
566330,1
566352,1
566416,1
566809,1
566844,1
566986,1
567062,1
567152,1
567171,1
567238,1
567447,1
567507,1
567523,1
567683,1
567696,1
567811,1
567830,1
568080,1
568391,1
568438,1
568480,1
568563,1
568621,1
569056,1
569097,1
569104,1
569136,1
569443,1
569536,1
569815,1
570048,1
570106,1
570176,1
570212,1
570378,1
571068,1
571222,1
571248,1
571415,1
571517,1
571536,1
571600,1
571766,1
571836,1
572086,1
572163,1
572189,1
572265,1
572618,1
572723,1
572762,1
572867,1
573021,1
573078,1
573632,1
573667,1
573933,1
573946,1
574179,1
574455,1
574711,1
574839,1
574858,1
574947,1
575056,1
575216,1
575316,1
575523,1
575558,1
575677,1
575744,1
575830,1
576108,1
576285,1
576400,1
576480,1
576637,1
576730,1
577174,1
577226,1
577289,1
577357,1
577549,1
577789,1
577828,1
577977,1
578106,1
578748,1
579274,1
579305,1
579437,1
579469,1
579670,1
579805,1
579882,1
579965,1
580170,1
580340,1
580464,1
580540,1
580656,1
580915,1
581040,1
581149,1
581606,1
581719,1
581808,1
582212,1
582390,1
582573,1
582839,1
582934,1
583050,1
583293,1
583299,1
583370,1
583392,1
583648,1
583760,1
583862,1
584278,1
584375,1
584406,1
584695,1
584755,1
584918,1
584999,1
585047,1
585104,1
585392,1
585539,1
585542,1
585699,1
585732,1
585783,1
585875,1
585911,1
586022,1
586038,1
586100,1
586112,1
586249,1
586260,1
586429,1
586442,1
586621,1
586704,1
586749,1
586871,1
586935,1
587248,1
587318,1
587319,1
587418,1
587540,1
587555,1
587933,1
587958,1
588125,1
588839,1
588912,1
589079,1
589155,1
589194,1
589276,1
589542,1
589587,1
589795,1
590080,1
590176,1
590211,1
590410,1
590544,1
590688,1
590768,1
590970,1
591014,1
591024,1
591197,1
591491,1
591562,1
591763,1
591923,1
592020,1
592112,1
592598,1
593005,1
593082,1
593308,1
593386,1
593488,1
593594,1
593757,1
593891,1
594109,1
594231,1
594269,1
594307,1
594371,2
594394,1
594483,1
595024,1
595044,1
595322,1
595434,1
595645,1
595658,1
595799,1
595824,1
595971,1
596026,1
596188,1
596227,1
596445,1
596470,1
596701,1
596729,1
596816,1
596854,1
596899,2
596906,1
596931,1
597203,1
597523,1
597529,1
597670,1
597776,1
597821,1
597833,1
597920,1
598138,1
598208,1
598262,1
598281,1
598288,1
598710,1
598742,1
598794,1
598893,1
598935,1
599008,1
599210,1
599427,1
599449,1
599533,1
599769,1
599805,1
599972,1
600092,1
600112,1
600199,1
600224,1
600278,1
600361,1
600534,1
600551,1
600653,1
601053,1
601172,1
601181,1
601251,1
601303,1
601533,1
601584,1
601789,1
601917,1
602070,1
602160,1
602167,1
602316,1
602336,1
602404,1
602409,1
602464,1
602563,1
602573,1
602649,1
602679,1
602707,1
602810,1
602883,1
603005,1
603037,1
603062,1
603063,1
603095,1
603168,1
603248,1
603258,1
603709,1
603859,1
604019,1
604048,1
604176,1
604234,1
604592,1
604704,1
604768,1
604778,1
604822,1
604947,1
605008,1
605075,1
605206,1
605312,1
605514,1
605540,1
605847,1
605901,1
606128,1
606378,1
606490,1
606537,1
606742,1
606745,1
606883,1
607140,1
607533,1
607600,1
607661,1
607756,1
607766,1
607875,1
607888,1
607914,1
608016,1
608195,1
608352,1
608532,1
608547,1
608845,1
608892,1
608988,1
608999,1
609021,1
609050,1
609091,1
609117,1
609168,1
609229,1
609328,1
609424,1
609430,1
609468,1
609500,1
609584,1
609612,1
610252,1
610272,1
610307,1
610611,1
610832,1
610873,1
610890,1
610906,1
611142,1
611206,1
611303,1
611312,1
611370,1
611421,1
611517,1
611588,1
611603,1
611735,1
611763,1
611828,1
611892,1
611936,1
612163,1
612365,1
612618,1
612678,1
612867,1
612983,1
613062,1
613180,1
613181,1
613187,1
613459,1
613513,1
613802,1
613850,1
613904,1
614435,1
614672,1
614736,1
614787,1
614903,1
614960,1
615107,1
615465,1
615485,1
615562,1
615785,1
615808,1
615817,1
615844,1
615892,1
615911,1
616016,1
616112,1
616266,1
616298,1
616493,1
616710,1
617370,1
617405,1
617436,1
617565,1
617578,1
617616,1
617847,1
617853,1
617946,1
618013,1
618058,1
618134,1
618320,1
618464,1
618813,1
618822,1
619049,1
619056,1
619504,1
619613,1
619763,1
619869,1
619933,1
620240,1
620266,1
620349,1
620548,1
620630,1
620713,1
620720,1
620787,1
620893,1
620976,1
621081,1
621209,1
621616,1
621690,1
621696,1
621776,1
622100,1
622116,1
622215,1
622442,1
622512,1
622544,1
622663,1
622672,1
622839,1
622842,1
623116,1
623120,1
623164,1
623203,1
623248,1
623453,1
623600,1
623645,1
623689,1
623740,1
624151,1
624279,1
624288,1
624685,1
624925,1
625059,1
625124,1
625344,1
625645,1
625747,1
625811,1
625936,1
626013,1
626039,1
626148,1
626262,1
626294,1
626313,1
626352,1
626473,1
626477,1
626480,1
626489,1
626615,1
626643,1
626716,1
627005,1
627020,1
627204,1
627261,1
627338,1
627350,1
627401,1
627415,1
627491,1
627587,1
627626,1
627632,1
628006,1
628195,1
628260,1
628310,1
628461,1
628515,1
628628,1
628803,1
628838,1
629034,1
629037,1
629088,1
629098,1
629200,1
629386,1
629402,1
629667,1
629734,1
629901,1
629904,1
629933,1
629961,1
630026,1
630163,1
630199,1
630237,2
630332,1
630346,1
630403,1
630723,1
630755,1
630806,1
630826,1
631207,1
631283,1
631427,1
631724,1
631754,1
631760,1
631911,1
631968,1
632189,1
632214,1
632291,1
632298,1
632304,1
632323,1
632381,1
632384,1
632432,1
632698,1
632765,1
632829,1
633008,1
633120,1
633178,1
633354,1
633417,1
633865,1
634032,1
634070,1
634188,1
634326,1
634410,1
634435,1
634519,1
634596,1
634608,1
634764,1
634816,1
634828,1
635127,1
635302,1
635497,1
635575,1
635767,1
635773,1
635888,1
636096,1
636183,1
636313,1
636534,1
636548,1
636576,1
636580,1
636688,1
636701,1
636717,1
636873,1
636874,1
636944,1
636953,1
637334,1
637587,1
637619,1
637795,1
637818,2
637833,1
638134,1
638256,1
638288,2
638512,1
638538,1
638588,1
638678,1
638820,1
638852,1
638912,1
639001,1
639056,1
639069,1
639094,1
639127,1
639171,1
639325,1
639354,1
639369,1
639511,1
639686,1
639715,1
639772,1
639968,1
640212,1
640291,1
640361,1
640391,1
640502,1
640637,1
640873,1
640877,1
641111,1
641175,1
641251,1
641398,1
641577,1
641687,1
641882,1
641907,1
641990,1
642019,1
642032,1
642109,1
642115,1
642487,1
642525,1
642531,1
642563,1
642663,1
642918,1
642995,1
643132,1
643171,1
643290,1
643348,1
643498,1
643562,1
643808,1
643824,1
643939,1
644020,1
644093,1
644205,1
644265,1
644339,1
644512,1
644528,1
644732,1
645001,1
645101,1
645145,1
645232,1
645312,1
645340,1
645385,1
645609,1
645677,1
645712,1
645846,1
646125,1
646160,1
646227,1
646349,1
646458,1
646467,1
646576,1
646928,1
646986,1
647043,1
647101,1
647248,1
647290,1
647293,1
647578,1
647587,1
647600,1
647792,1
647881,2
648163,1
648169,1
648285,1
648291,1
648483,1
648790,1
648861,1
649124,1
649140,1
649651,1
649699,1
649773,1
649830,1
650000,1
650109,1
650263,1
650486,1
650563,1
651027,1
651415,1
651482,1
652028,1
652029,1
652080,1
652205,1
652224,1
652457,1
652618,1
652656,1
652877,1
653037,1
653136,1
653200,1
653216,1
653254,1
653277,1
653347,1
653436,1
653488,1
653657,1
653769,1
653827,1
653888,1
653907,1
653942,1
654215,1
654332,1
654547,1
654551,1
654659,1
654758,1
654864,1
654892,1
655261,1
655748,1
655824,1
656029,1
656150,1
656160,1
656419,1
656445,1
656701,1
656714,1
656806,1
656931,1
657098,1
657142,1
657283,1
657293,1
657299,1
657482,1
657488,1
657539,1
657565,1
657738,1
657792,1
657837,1
657840,1
657866,1
657920,1
658074,1
658128,1
658156,1
658397,1
658515,1
658851,1
659107,1
659143,1
659177,1
659296,1
659446,1
659460,1
659562,1
659692,1
659830,1
659866,1
659926,1
660080,1
660086,1
660160,1
660368,1
660528,1
660554,1
660720,1
660854,1
661306,1
661312,1
661334,1
661472,1
661600,1
661648,1
661658,1
661757,1
661776,1
662205,1
662275,1
662423,1
662656,1
662829,2
662890,1
663350,2
663402,1
663529,1
663562,1
663702,1
664087,1
664227,1
664240,1
664259,1
664326,1
664477,1
664547,1
664682,1
664813,1
664890,1
664941,1
665136,1
665187,1
665322,1
665325,1
665328,1
665364,1
665763,1
665849,1
666029,1
666067,1
666147,1
666183,1
666185,1
666409,1
666458,1
666598,1
666605,1
666832,1
666954,1
666979,1
667062,1
667338,1
667945,1
668061,1
668163,1
668432,1
668483,1
668650,1
668656,1
668915,1
668951,1
669258,1
669299,1
669366,1
669373,1
669411,1
669456,1
669462,1
669530,1
669808,1
669981,1
670035,1
670109,1
670211,1
670416,1
670461,1
670525,1
670640,1
670790,1
670819,1
670880,1
671101,1
671178,1
671248,1
671382,1
671444,1
671514,1
671561,1
671606,1
671613,1
671696,1
671894,1
672093,1
672103,1
672125,1
672128,1
672361,1
672477,1
672695,1
672809,1
673209,1
673252,1
673270,1
673318,1
673562,1
673715,1
673878,1
674275,1
674320,1
674567,1
674666,1
674925,1
675088,1
675235,1
675260,1
675642,1
676189,1
676365,1
676509,1
676579,1
676755,1
676797,1
676848,1
676995,1
677283,1
677335,1
677590,1
677782,1
677846,1
677923,1
678394,1
678413,1
678451,1
678608,1
678736,1
678858,1
678953,1
679065,1
679126,1
679193,1
679415,1
679510,1
679815,1
679879,1
679885,1
679952,1
680122,1
680218,1
680387,1
680611,1
680765,1
680867,1
680906,1
681104,1
681110,1
681194,1
681303,1
681718,1
681898,1
681949,1
682083,1
682167,1
682483,1
682519,1
682701,2
682749,2
682982,1
683120,1
683149,1
683168,1
683197,1
683638,1
683705,1
683795,1
684004,1
684029,1
684035,1
684048,1
684185,1
684237,1
684348,1
684560,1
684602,1
684804,1
684807,1
685449,1
685478,1
685629,1
685827,1
685888,1
685895,1
685956,1
686461,1
686496,1
686640,1
686999,1
687031,1
687261,1
687408,1
687417,1
687475,1
687645,1
687686,1
687763,1
687824,1
687862,1
687881,1
687955,1
688048,1
688451,1
688538,1
688713,1
688883,1
688884,1
689782,1
689882,1
689987,1
690019,1
690099,1
690141,1
690311,1
690656,1
691082,1
691091,1
691264,1
691596,1
691709,1
691831,1
691952,1
692073,1
692093,1
692103,1
692227,1
692374,1
692496,1
692701,1
692739,1
692832,1
693031,1
693277,1
693360,1
693699,1
693725,1
693872,1
693910,1
693913,1
694186,2
694762,1
694909,1
695037,1
695248,1
695395,1
695402,1
695469,1
696048,1
696105,1
696169,1
696329,1
696333,1
696499,1
696554,1
696720,1
696732,1
696739,1
696941,1
697011,1
697047,1
697158,1
697341,1
697367,1
697392,1
697501,1
697958,1
697978,1
698073,1
698224,1
698269,1
698515,1
698551,1
698563,1
698858,1
698880,1
698922,1
698986,1
699075,1
699082,1
699088,1
699431,1
699760,1
700048,1
700052,1
700157,1
700173,1
700272,1
700301,1
700541,1
700643,1
700742,1
700803,1
700868,1
700957,1
701142,1
701322,1
701411,1
701443,1
701702,1
702026,1
702141,1
702294,1
702304,1
702397,1
702480,1
702557,1
702620,1
702960,1
703024,1
703082,1
703136,1
703238,1
704093,1
704279,1
704439,1
704707,1
704739,1
704873,1
705005,1
705021,1
705172,1
705251,1
705309,1
705315,1
705693,1
705699,1
705700,1
705712,1
705792,1
706140,1
706588,1
706646,1
706761,1
707117,1
707344,1
707475,1
708269,1
708381,1
708528,1
708707,1
709162,1
709309,1
709731,1
709769,1
709872,1
709910,1
710134,1
710250,1
710269,1
710308,1
710624,1
710659,1
710947,1
711008,1
711235,1
711482,1
711677,1
711724,1
711750,1
712173,1
712233,1
712419,1
712554,1
712688,1
712764,1
712855,1
712903,1
712935,1
713046,1
713152,1
713284,1
713373,1
713933,1
714039,1
714154,1
714167,1
714640,1
714691,1
714771,1
715142,1
715321,1
715661,1
715670,1
715689,1
715811,1
715824,1
715837,1
715965,1
716164,1
716227,1
716515,1
716675,1
716711,1
716797,1
717008,1
717069,1
717126,1
717402,1
717513,1
717552,1
717587,1
717772,1
717933,1
717946,1
717994,1
718019,1
718630,1
718845,1
718944,1
718985,1
719194,1
719219,1
719318,1
719395,1
719658,1
719664,1
719725,1
719760,1
719767,1
720022,1
720067,1
720071,1
720710,1
720810,1
720893,1
720983,1
721034,1
721165,1
721187,1
721366,1
721408,1
721520,1
721610,1
722310,1
722339,1
722345,1
722544,1
723085,1
723203,1
723654,1
724249,1
724422,1
724599,1
724631,1
724707,1
725142,1
725175,1
725341,1
725789,1
725894,1
726208,1
726518,1
726595,1
726778,1
726934,1
727049,1
727056,1
727094,1
727164,1
727261,1
727568,1
728087,1
728092,1
728311,1
728730,1
728740,1
729146,1
729367,1
729584,1
729642,1
729661,1
729776,1
729853,1
730445,1
730455,1
730774,1
731047,1
731239,1
731443,1
731452,1
731491,1
731626,1
731700,1
731712,1
731920,1
732189,1
732230,1
732256,1
732291,1
732365,1
732839,1
732874,1
733210,1
733312,1
733399,1
733513,1
733565,1
733840,1
734160,1
734346,1
734410,1
734499,1
734666,1
734765,1
734886,1
734896,1
734903,1
735056,1
735187,1
735191,1
735315,1
735433,1
735434,1
735699,1
736009,1
736067,1
736694,1
736819,1
736912,1
737158,1
737267,1
737818,1
737834,1
737846,1
738276,1
738419,1
738570,1
738688,1
738839,1
739289,1
739318,1
739587,1
739782,1
740057,1
740080,1
740141,1
740195,1
740419,1
740540,1
740662,1
740698,1
740710,1
740896,1
741155,1
741204,1
741513,1
741552,1
741584,1
741642,1
741908,1
741910,1
741962,1
742428,1
742592,1
743181,1
743386,1
743434,1
743456,1
743514,1
743600,1
743728,1
743856,1
744026,1
744806,1
744960,1
744979,1
745104,1
745245,1
745287,1
745616,1
745865,1
746000,1
746368,1
746410,1
746637,1
746653,1
746967,1
747120,1
747366,1
747408,1
747606,1
747824,1
748061,1
748115,1
748214,1
748246,1
748410,1
748772,1
748803,1
749165,1
749801,1
749936,1
750029,1
750205,1
750343,1
750570,1
750640,1
750854,1
750893,1
750947,1
751027,1
751408,1
751472,1
751709,1
751754,1
752070,1
752090,1
752272,1
752442,1
752694,1
752912,1
753015,1
753408,1
753539,1
753712,1
753847,1
754100,1
754134,1
754813,1
755357,1
755420,1
755581,1
755830,1
756230,1
756233,1
756336,1
756368,1
756617,1
756822,1
756912,1
757117,1
757171,1
757379,1
757437,1
757510,1
757545,1
757785,1
758170,1
758602,1
758621,1
759440,1
759485,1
759548,1
759552,1
759575,1
759683,1
760419,1
761056,1
761331,1
761382,1
761408,1
761424,1
761821,1
761833,1
762192,1
762291,1
762464,1
762988,1
763228,1
763552,1
764080,1
764263,1
764643,1
764675,1
765113,1
765162,1
765226,1
765254,1
765468,1
765776,1
766156,1
766167,1
766368,1
766474,1
766608,1
766781,1
766989,1
767213,1
767363,1
767664,1
768244,1
768614,1
768688,1
768761,1
768816,1
768938,1
768944,1
768979,1
768995,1
769001,1
769245,1
769808,1
770486,1
770704,1
770804,1
771421,1
771894,1
771927,1
772042,1
772208,1
772531,1
772727,1
772804,1
772868,1
773219,1
773293,1
773340,1
773392,1
773475,1
773670,1
773936,1
774019,1
774032,1
774311,1
774326,1
774506,1
775098,1
775164,1
775177,1
775792,1
776743,1
776758,1
776816,1
776870,1
777072,1
777174,1
777347,1
777683,1
778231,1
778954,1
779257,1
779510,1
779639,1
779952,1
780266,1
780861,1
781180,1
781267,1
781412,1
781443,1
781668,1
781692,1
782259,1
782298,1
782374,1
782621,1
782710,1
782791,1
783085,1
783267,1
783452,1
783619,1
783690,1
783824,1
783831,1
784227,1
784349,1
784649,1
784874,1
785280,1
785370,1
785751,1
786012,1
786717,1
786774,1
786908,1
787145,1
787172,1
787209,1
787306,1
787360,1
787680,1
787721,1
787811,1
788092,1
788339,1
788477,1
788493,1
788758,1
788845,1
789452,1
789788,1
789827,1
789910,1
790234,1
790275,1
790522,1
790813,1
790871,1
790899,1
790967,1
791050,1
791229,1
791251,1
791673,1
791929,1
792080,1
792103,1
792266,1
792406,1
793002,1
793212,1
793322,1
793824,1
794077,1
794432,1
794601,1
794653,1
794928,1
795149,1
795337,1
795542,1
795561,1
795869,1
796214,1
796221,1
796406,1
796409,1
796758,1
797129,1
797181,1
797671,1
797853,1
798410,1
799108,1
799306,1
799939,1
800035,1
800522,1
801488,1
801667,1
801859,1
802077,1
802169,1
802432,1
802483,1
802675,1
802947,1
803005,1
803248,1
803332,1
803472,1
803510,1
804183,1
804618,1
804723,1
804739,1
805079,1
805117,1
805335,1
805443,1
805616,1
806151,1
806775,1
806777,1
807001,1
807191,1
807443,1
807478,1
807504,1
807530,1
808003,1
808426,1
808644,1
808873,1
809514,1
809597,1
809680,1
809808,1
810551,1
810736,1
810931,1
811273,1
811370,1
811427,1
811517,1
811772,1
811824,1
811913,1
812064,1
812224,1
812823,1
812828,1
812899,1
812970,1
813248,1
814416,1
814425,1
814672,1
814877,1
815050,1
815063,1
815200,1
815337,1
815670,1
815756,1
815984,1
816304,1
816544,1
816886,1
816921,1
816938,1
817161,1
817715,1
818269,1
818294,1
818669,1
818931,1
818953,1
819021,1
820105,1
820141,1
821178,1
821411,1
821773,1
821808,1
822423,1
822646,1
822723,1
822857,1
822864,1
823024,1
823162,1
823642,1
823645,1
824649,1
825030,1
825194,1
825200,1
825325,1
826099,1
826224,1
826320,1
826595,1
826759,1
826884,1
827241,1
827290,1
827369,1
827900,1
828055,1
828105,1
828224,1
828237,1
828329,1
828330,1
828490,1
828531,1
828720,1
828755,1
829396,1
829481,1
829513,1
829980,1
830851,1
831101,1
831216,1
831360,1
831440,1
831901,1
832003,1
832112,1
832275,1
832310,1
832404,1
832956,1
833034,1
833110,1
833568,1
834141,1
834204,1
834666,1
835113,1
835171,1
835398,1
835837,1
836224,1
836797,1
836957,1
837126,1
837194,1
837386,1
838845,1
839095,1
839897,1
840112,1
840428,1
840979,1
841104,1
841731,1
841974,1
842307,1
842371,1
842448,1
842797,1
843056,1
844124,1
844749,1
845212,1
846013,1
847792,1
848086,1
848330,1
848899,1
849059,1
849277,1
849507,1
849722,1
849814,1
850710,1
851133,1
852739,1
852771,1
852825,1
853737,1
854054,1
854119,1
854599,1
854861,1
854953,1
854995,1
855005,1
855645,1
856397,1
856925,2
857389,1
857641,1
858653,1
858864,1
859312,1
859437,1
859581,1
861206,1
861273,1
861296,1
861667,1
862672,1
862679,1
863763,1
863930,1
863974,1
864775,1
865079,1
865101,1
865274,1
865792,1
866458,1
867446,1
867565,1
867792,1
868131,1
868192,1
868329,1
868912,1
869271,1
869386,1
869671,1
870391,1
870403,1
870838,1
871056,1
871274,1
871280,1
871405,1
871808,1
872832,1
872915,1
872951,1
873171,1
873844,1
873872,1
875760,1
875885,1
876410,1
876970,1
877386,1
878048,1
878327,1
878621,1
878743,1
879018,1
879760,1
879907,1
879974,1
880308,1
880387,1
881418,1
881648,1
881916,1
882125,1
882518,1
882525,1
882647,1
883523,1
884797,1
885785,1
885926,1
885990,1
886122,1
886237,1
886365,1
886915,1
887139,1
887671,1
887686,1
887760,1
887776,1
888028,1
888333,1
888567,1
889987,1
890937,1
891607,1
891629,1
891805,1
891972,1
891978,1
892714,1
893539,1
893561,1
894179,1
895226,1
895901,1
896042,1
896269,1
896640,1
896989,1
897001,1
897139,1
897942,1
898371,1
898755,1
899062,1
899104,1
899235,1
900012,1
900016,1
900157,1
900413,1
900966,1
900973,1
901027,1
901239,1
901863,1
902039,1
902141,1
902537,1
902806,1
903283,1
903469,1
903895,1
904835,1
905174,1
905187,1
905380,1
905651,1
905692,1
906115,1
906404,1
906813,1
907331,1
907696,1
907914,1
908233,1
908739,1
909059,1
909159,1
909213,1
910064,1
910413,1
910704,1
910848,1
911350,1
912077,1
912483,1
913290,1
913395,1
913504,1
913596,1
913751,1
913917,1
915913,1
917309,1
917424,1
919056,1
919805,1
919831,1
920240,1
920419,1
921104,1
921136,1
922317,1
923021,1
924419,1
924989,1
925232,1
925958,1
925964,1
926352,1
926864,1
927261,1
928041,1
928470,1
929619,1
929872,1
930211,1
930634,1
930774,1
931565,1
932231,1
932268,1
933341,1
933559,1
933597,1
934278,1
935558,1
937152,1
937264,1
937526,1
938611,1
938742,1
938775,1
939101,1
939139,1
940474,1
940909,1
941143,1
942301,1
942957,1
942976,1
943456,1
943510,1
944019,1
944214,1
944234,1
944316,1
944650,1
945082,1
945635,1
946064,1
946467,1
947126,1
948860,1
949348,1
949411,1
949975,1
950048,1
950231,1
950730,1
951088,1
951485,1
951856,1
952131,1
953015,1
953459,1
953517,1
953670,1
954861,1
956349,1
956592,1
956957,1
957443,1
957548,1
957846,1
957971,1
958039,1
958567,1
959341,1
959613,1
959671,1
959872,1
959891,1
960204,1
960240,1
960989,1
962297,1
962954,1
963120,1
963184,1
963609,1
963901,1
963933,1
965194,1
965302,1
965808,1
966761,1
966868,1
967216,1
967315,1
967395,1
967434,1
968387,1
968541,1
968701,1
969158,1
969353,1
970154,1
970343,1
970618,1
971203,1
971552,1
972567,1
973546,1
975523,1
975594,1
977520,1
978573,1
980365,1
980739,1
980835,1
981117,1
981628,1
981878,1
982339,1
983930,1
984093,1
984512,1
984704,1
985015,1
985302,1
985357,1
985751,1
985828,1
985898,1
985911,1
986505,1
986627,1
986969,1
986985,1
987030,1
987328,1
987783,1
988948,1
988957,1
989828,1
990301,1
990557,1
992362,1
993123,1
994035,1
994147,1
994611,1
995044,1
997226,1
997331,1
997530,1
997875,1
998723,1
1000324,1
1001222,1
1002103,1
1003117,1
1003382,1
1003491,1
1005549,1
1006198,1
1007066,1
1007331,1
1010771,1
1010835,1
1011206,1
1011392,1
1011561,1
1012234,1
1013078,1
1013523,1
1013594,1
1013843,1
1013904,1
1014320,1
1015696,1
1015779,1
1016086,1
1016515,2
1016960,1
1017248,1
1017376,1
1018525,1
1018982,1
1019049,1
1019412,1
1020074,1
1021430,1
1023204,1
1023376,1
1023671,1
1024112,1
1027958,1
1028010,1
1028464,1
1028749,1
1028867,1
1029440,1
1029545,1
1029920,1
1029975,1
1030464,1
1030701,1
1032000,1
1034160,1
1034314,1
1035319,1
1035728,1
1035833,1
1036285,1
1036406,1
1037987,1
1039495,1
1040144,1
1043289,1
1043724,1
1044458,1
1044694,1
1045126,1
1045674,1
1046544,1
1046595,1
1046857,1
1048419,1
1049116,1
1051319,1
1052092,1
1052157,1
1052938,1
1053203,1
1053830,1
1054019,1
1054109,1
1055268,1
1055792,1
1056467,1
1056471,1
1056592,1
1057920,1
1058198,1
1058388,1
1058803,1
1059056,1
1060051,1
1060701,1
1061879,1
1062317,1
1062486,1
1063913,1
1065731,1
1067159,1
1067222,1
1067466,1
1068317,1
1068777,1
1069463,1
1070982,1
1071808,1
1072547,1
1072826,1
1073341,1
1073827,1
1075770,1
1075817,1
1076086,1
1076746,1
1078160,1
1078636,1
1079104,1
1079750,1
1080365,1
1080675,1
1081709,1
1082035,1
1082339,1
1084646,1
1085392,1
1085460,1
1087644,1
1088531,1
1088592,1
1091209,1
1092189,1
1093565,1
1094249,1
1094269,1
1095056,1
1095357,1
1095808,1
1095981,1
1096070,1
1096630,1
1096841,1
1098899,1
1101673,1
1103126,1
1103514,1
1104470,1
1105085,1
1105180,1
1106051,1
1106218,1
1106851,1
1106880,1
1106925,1
1107197,1
1107286,1
1108951,1
1109456,1
1110137,1
1110534,1
1110947,1
1111783,1
1111875,1
1112550,1
1113101,1
1115901,1
1116310,1
1116380,1
1116381,1
1116682,1
1117129,1
1117529,1
1117603,1
1119607,1
1121757,1
1121814,1
1122646,1
1122829,1
1122880,1
1123056,1
1123232,1
1123433,1
1124166,1
1124768,1
1126122,1
1127200,1
1127235,1
1128521,1
1129645,1
1129933,1
1129991,1
1130205,1
1130521,1
1130660,1
1131792,1
1132182,1
1132566,1
1132918,1
1133225,1
1133309,1
1133562,1
1133636,1
1133785,1
1134186,1
1134755,1
1134858,1
1135443,1
1136071,1
1136294,1
1136688,1
1139443,1
1140954,1
1141005,1
1141136,1
1142189,1
1144461,1
1144701,1
1144983,1
1145251,1
1145596,1
1145891,1
1146428,1
1146979,1
1147724,1
1148803,1
1149066,1
1149392,1
1149722,1
1150102,1
1151552,1
1152522,1
1153277,1
1154336,1
1154678,1
1155437,1
1155900,1
1156774,1
1157705,1
1158058,1
1158541,1
1159568,1
1160259,1
1160627,1
1161561,1
1161693,1
1162195,1
1162282,1
1163292,1
1164317,1
1166851,1
1167975,1
1167984,1
1168979,1
1169104,1
1170134,1
1171603,1
1172073,1
1173463,1
1173923,1
1174211,1
1174646,1
1175357,1
1176637,1
1176675,1
1177027,1
1177533,1
1180707,1
1181738,1
1182128,1
1183306,1
1183738,1
1186611,1
1187520,1
1188535,1
1189424,1
1190963,1
1191920,1
1192922,1
1193737,1
1196948,1
1197027,1
1198676,1
1199063,1
1199766,1
1200580,1
1201142,1
1201994,1
1202032,1
1202864,1
1204375,1
1204976,1
1208265,1
1210167,1
1210653,1
1210967,1
1212215,1
1217040,1
1221808,1
1222006,1
1222153,1
1224083,1
1224374,1
1225216,1
1226051,1
1231868,1
1232499,1
1232886,1
1233033,1
1234237,1
1234758,1
1236144,1
1237340,1
1237878,1
1238054,1
1238448,1
1238634,1
1240400,1
1240553,1
1240995,1
1241405,1
1241955,1
1242262,1
1243191,1
1243446,1
1243879,1
1244701,1
1245811,1
1246173,1
1249011,1
1249629,1
1250563,1
1251337,1
1252672,1
1252746,1
1252925,1
1254659,1
1259639,1
1259933,1
1260195,1
1260791,1
1261370,1
1265184,1
1267594,1
1267741,1
1269286,1
1270896,1
1271350,1
1272931,1
1275229,1
1276138,1
1278298,1
1279593,1
1282247,1
1283837,1
1284567,1
1284957,1
1284986,1
1286582,1
1286784,1
1288336,1
1289626,1
1291741,1
1294679,1
1294784,1
1295734,1
1296179,1
1296531,1
1302000,1
1302960,1
1302963,1
1307177,1
1308317,1
1309565,1
1309609,1
1312694,1
1317661,1
1318371,1
1318422,1
1319712,1
1320426,1
1320640,1
1322076,1
1323293,1
1325856,1
1327558,1
1338528,1
1348087,1
1348595,1
1351312,1
1355223,1
1355760,1
1365664,1
1366723,1
1380157,1
1398762,1
1399895,1
1401002,1
1402163,1
1410102,1
1411782,1
1424028,1
1427792,1
1428803,1
1435561,1
1437606,1
1442109,1
1444951,1
1445776,1
1451932,1
1453862,1
1456384,1
1460425,1
1465485,1
1465994,1
1466096,1
1472445,1
1480438,1
1486953,1
1491005,1
1498048,1
1504170,1
1505257,1
1513987,1
1517271,1
1517597,1
1519181,1
1521123,1
1521546,1
1523440,1
1525808,1
1529053,1
1534525,1
1535616,1
1541248,1
1548906,1
1558531,1
1562045,1
1566022,1
1568796,1
1569719,1
1583242,1
1587222,1
1588096,1
1591427,1
1591668,1
1592281,1
1597798,1
1601283,1
1612202,1
1620138,1
1627805,1
1629315,1
1633545,1
1636637,1
1640397,1
1644781,1
1648221,1
1651478,1
1658844,1
1661779,1
1663164,1
1669104,1
1683708,1
1684796,1
1687517,1
1693033,1
1704474,1
1704995,1
1706147,1
1708342,1
1711117,1
1714848,1
1718160,1
1729926,1
1733872,1
1741805,1
1741977,1
1747981,1
1751376,1
1751840,1
1754512,1
1756195,1
1760265,1
1766067,1
1773264,1
1775415,1
1787562,1
1801808,1
1804634,1
1811562,1
1814784,1
1814922,1
1817776,1
1823459,1
1824278,1
1834547,1
1839139,1
1844022,1
1852803,1
1853955,1
1854323,1
1856499,1
1876553,1
1877338,1
1884611,1
1887005,1
1908343,1
1927440,1
1942233,1
1946275,1
1948100,1
1963020,1
1965875,1
1967926,1
1974272,1
1980829,1
1989670,1
1992317,1
1993904,1
1995353,1
2010576,1
2012784,1
2015805,1
2031997,1
2051456,1
2066844,1
2069660,1
2101658,1
2105184,1
2120266,1
2181418,1
2211363,1
2218813,1
2219830,1
2223786,1
2231152,1
2254051,1
2256851,1
2261367,1
2277751,1
2281843,1
2303869,1
2322532,1
2329270,1
2336003,1
2339011,1
2341369,1
2344694,1
2348077,1
2364967,1
2372534,1
2385808,1
2388112,1
2402756,1
2406352,1
2410096,1
2413955,1
2425757,1
2432164,1
2435872,1
2441584,1
2453251,1
2454269,1
2456637,1
2458579,1
2460519,1
2461494,1
2461834,1
2465703,1
2473091,1
2486541,1
2490448,1
2493936,1
2501636,1
2506823,1
2519978,1
2524445,1
2544330,1
2558227,1
2564666,1
2574380,1
2576839,1
2577501,1
2586294,1
2589117,1
2613405,1
2613898,1
2617091,1
2624733,1
2635766,1
2658518,1
2659047,1
2672707,1
2673497,1
2674858,1
2679619,1
2696784,1
2721539,1
2730301,1
2733296,1
2752694,1
2765466,1
2786941,1
2787795,1
2788976,1
2815434,1
2817917,1
2823638,1
2827882,1
2831133,1
2834691,1
2834797,1
2845408,1
2848576,1
2850851,1
2856842,1
2863651,1
2865706,1
2874624,1
2880457,1
2898628,1
2906343,1
2908848,1
2914707,1
2926045,1
2933251,1
2937699,1
2938989,1
2956285,1
2984893,1
3002154,1
3010071,1
3020259,1
3036135,1
3058428,1
3058698,1
3077475,1
3077984,1
3097815,1
3098000,1
3100496,1
3110057,1
3116691,1
3175380,1
3193059,1
3220071,1
3221072,1
3258560,1
3279904,1
3292903,1
3312951,1
3335990,1
3363955,1
3374886,1
3377027,1
3380038,1
3398422,1
3401111,1
3402886,1
3404598,1
3405837,1
3417334,1
3437184,1
3449743,1
3451408,1
3455891,1
3457760,1
3467581,1
3490102,1
3493628,1
3495152,1
3513103,1
3542925,1
3560950,1
3563785,1
3586829,1
3623664,1
3624899,1
3717267,1
3798048,1
3886192,1
3886892,1
3891095,1
3892823,1
3911232,1
3914518,1
3934067,1
3941027,1
3946649,1
3950653,1
3954230,1
3957843,1
3964432,1
3978099,1
3981744,1
3982423,1
3983069,1
3983328,1
3991577,1
3992041,1
3993968,1
3994714,1
3995094,1
3995996,1
3997731,1
4001021,1
4007005,1
4007919,1
4013591,1
4019248,1
4027139,1
4029759,1
4085136,1
4089199,1
4103305,1
4143645,1
4175904,1
4195920,1
4215808,1
4242070,1
4244169,1
4246675,1
4356288,1
4394742,1
4408467,1
4412182,1
4428412,1
4447423,1
4448707,1
4455727,1
4468285,1
4472492,1
4481209,1
4483891,1
4490876,1
4497276,1
4515075,1
4517852,1
4518857,1
4526451,1
4529507,1
4538441,1
4545802,1
4550364,1
4552988,1
4561113,1
4568294,1
4575450,1
4591142,1
4615439,1
4634874,1
4636189,1
4636710,1
4638515,1
4651591,1
4657545,1
4673974,1
4676271,1
4691830,1
4692861,1
4695398,1
4705357,1
4705638,1
4724499,1
4743024,1
4754365,1
4788540,1
4805002,1
4807136,1
4819004,1
4859782,1
4864252,1
4869971,1
4879248,1
4925107,1
4926643,1
4931856,1
4944873,1
4957523,1
4963721,1
4969104,1
4969814,1
4973053,1
4973296,1
4975610,1
4975705,1
4975875,1
4977603,1
4986550,1
4988857,1
4991366,1
4991529,1
4991895,1
4995760,1
4997593,1
4998947,1
5006166,1
5020422,1
5024390,1
5031055,1
5035616,1
5043216,1
5050781,1
5051542,1
5061462,1
5063997,1
5084060,1
5102809,1
5110061,1
5120131,1
5127533,1
5137219,1
5145645,1
5146870,1
5153478,1
5164368,1
5167033,1
5169770,1
5175753,1
5178307,1
5181207,1
5181404,1
5188617,1
5188931,1
5192166,1
5192918,1
5196911,1
5199235,1
5209642,1
5212912,1
5216681,1
5221325,1
5221475,1
5227484,1
5227549,1
5228570,1
5230147,1
5233917,1
5244803,1
5247791,1
5248083,1
5256387,1
5263152,1
5263187,1
5270502,1
5282051,1
5301363,1
5312236,1
5313545,1
5314659,1
5315171,1
5323027,1
5345341,1
5348598,1
5351219,1
5356358,1
5362928,1
5379913,1
5396941,1
5426918,1
5435948,1
5443791,1
5449321,1
5453638,1
5457229,1
5467212,1
5469891,1
5474931,1
5483405,1
5485840,1
5497245,1
5504739,1
5505888,1
5508009,1
5511210,1
5513193,1
5514298,1
5517251,1
5528611,1
5529686,1
5535024,1
5566935,1
5596099,1
5601033,1
5611472,1
5613959,1
5627165,1
5642083,1
5647443,1
5647584,1
5696973,1
5703475,1
5729360,1
5739402,1
5742211,1
5754915,1
5760675,1
5763446,1
5767020,1
5767338,1
5768636,1
5771414,1
5774825,1
5775725,1
5776044,1
5776793,1
5777168,1
5779325,1
5783178,1
5784931,1
5786531,1
5788685,1
5789699,1
5790019,1
5792182,1
5797606,1
5799466,1
5800739,1
5800931,1
5805606,1
5806115,1
5813376,1
5813385,1
5813574,1
5817648,1
5821673,1
5823315,1
5828803,1
5830397,1
5830524,1
5830828,1
5831017,1
5832675,1
5832919,1
5833552,1
5836899,1
5837836,1
5838556,1
5840883,1
5841354,1
5844995,1
5846659,1
5847312,1
5852752,1
5853238,1
5854831,1
5856464,1
5857789,1
5858595,1
5860697,1
5860931,1
5861232,1
5863926,1
5876381,1
5876522,1
5876979,1
5877667,1
5878483,1
5879177,1
5880118,1
5883123,1
5885244,1
5885879,1
5888214,1
5889718,1
5897334,1
5906237,1
5908202,1
5911763,1
5911929,1
5918960,1
5930355,1
5933724,1
5935907,1
5936262,1
5937542,1
5939491,1
5942160,1
5963616,1
5965879,1
5969731,1
5971606,1
5981814,1
5985015,1
5987632,1
5990969,1
5999852,1
6003363,1
6003702,1
6003795,1
6008006,1
6008243,1
6011987,1
6047715,1
6054858,1
6066032,1
6066153,1
6086435,1
6093782,1
6104874,1
6115199,1
6135939,1
6152912,1
6155875,1
6165456,1
6201584,1
6210240,1
6236205,1
6252771,1
6255808,1
6284333,1
6286995,1
6304396,1
6316553,1
6319673,1
6346851,1
6348080,1
6356134,1
6364935,1
6370422,1
6372650,1
6372672,1
6377619,1
6388464,1
6391312,1
6395872,1
6401738,1
6402903,1
6418499,1
6419532,1
6422496,1
6428333,1
6431887,1
6432758,1
6439705,1
6440153,1
6443411,1
6449280,1
6451920,1
6453318,1
6453878,1
6458406,1
6459011,1
6461847,1
6462793,1
6462985,1
6463420,1
6463949,1
6467945,1
6469235,1
6469446,1
6469942,1
6474627,1
6474813,1
6475750,1
6478019,1
6481056,1
6482973,1
6484375,1
6486627,1
6487619,1
6488298,1
6488355,1
6489257,1
6491286,1
6491820,1
6493738,1
6494493,1
6494793,1
6495049,1
6497667,1
6498569,1
6502985,1
6504778,1
6505443,1
6506454,1
6506780,1
6506938,1
6510675,1
6513168,1
6518224,1
6518582,1
6519578,1
6521347,1
6522359,1
6525869,1
6526335,1
6530915,1
6533065,1
6534643,1
6534730,1
6535008,1
6538106,1
6539542,1
6539974,1
6542665,1
6544112,1
6545882,1
6549686,1
6551919,1
6558595,1
6558947,1
6558979,1
6560170,1
6562115,1
6563037,1
6564809,1
6565030,1
6565431,1
6566614,1
6570215,1
6571708,1
6571767,1
6576566,1
6579651,1
6580425,1
6581859,1
6589372,1
6589879,1
6593488,1
6593840,1
6596790,1
6596935,1
6597638,1
6598477,1
6601923,1
6602970,1
6605155,1
6619033,1
6620182,1
6628698,1
6636733,1
6641561,1
6642794,1
6645136,1
6647389,1
6648476,1
6651932,1
6654531,1
6666547,1
6673404,1
6675734,1
6679868,1
6680761,1
6685750,1
6687408,1
6696742,1
6698995,1
6706067,1
6710649,1
6711929,1
6713609,1
6716189,1
6717199,1
6721635,1
6724048,1
6724822,1
6725142,1
6728858,1
6729904,1
6730674,1
6732144,1
6742096,1
6749974,1
6750425,1
6751779,1
6752214,1
6756009,1
6756755,1
6766179,1
6766732,1
6769629,1
6776169,1
6777414,1
6780620,1
6787942,1
6809469,1
6812707,1
6814704,1
6817020,1
6822905,1
6826726,1
6839273,1
6865258,1
6873878,1
6877327,1
6878396,1
6878771,1
6886218,1
6911696,1
6913641,1
6918966,1
6946902,1
6949206,1
6962704,1
6963465,1
6975037,1
6985718,1
6985993,1
6986985,1
6989465,1
6992893,1
6993651,1
7001219,1
7005961,1
7007209,1
7008573,1
7010352,1
7012412,1
7016662,1
7018320,1
7022275,1
7024944,1
7028598,1
7038064,1
7038607,1
7043215,1
7047030,1
7053865,1
7059171,1
7072553,1
7090294,1
7093318,1
7096019,1
7100387,1
7105117,1
7111926,1
7115258,1
7117302,1
7124291,1
7125808,1
7132355,1
7139913,1
7147689,1
7150249,1
7155740,1
7160128,1
7160163,1
7163465,1
7166454,1
7169917,1
7174032,1
7174378,1
7174483,1
7175241,1
7175721,1
7176720,1
7180857,1
7184880,1
7186076,1
7186563,1
7197277,1
7197583,1
7200073,1
7201094,1
7201795,1
7202704,1
7203679,1
7210435,1
7213885,1
7215997,1
7222422,1
7224822,1
7227753,1
7228857,1
7229820,1
7241427,1
7243488,1
7245820,1
7254754,1
7256847,1
7258998,1
7262778,1
7265007,1
7282553,1
7286396,1
7301762,1
7314326,1
7322979,1
7325875,1
7329757,1
7331955,1
7335820,1
7345805,1
7346751,1
7355843,1
7366022,1
7378720,1
7389564,1
7389955,1
7393884,1
7400431,1
7409103,1
7409187,1
7422908,1
7423298,1
7467977,1
7469914,1
7470921,1
7471740,1
7479561,1
7490269,1
7493312,1
7498870,1
7512925,1
7518365,1
7531520,1
7531760,1
7536604,1
7540438,1
7545834,1
7549193,1
7552646,1
7567219,1
7568829,1
7572060,1
7577437,1
7580412,1
7584864,1
7586652,1
7589142,1
7589522,1
7593113,1
7594003,1
7597804,1
7599919,1
7601469,1
7605545,1
7607389,1
7608240,1
7612434,1
7615638,1
7615651,1
7622582,1
7622998,1
7623936,1
7625584,1
7626256,1
7628706,1
7630739,1
7640863,1
7651254,1
7652697,1
7653225,1
7655010,1
7660387,1
7667606,1
7669670,1
7670655,1
7673078,1
7673478,1
7679689,1
7681090,1
7684310,1
7684425,1
7684914,1
7685180,1
7689148,1
7690729,1
7691590,1
7691823,1
7692717,1
7693315,1
7694381,1
7701247,1
7701680,1
7705382,1
7706060,1
7707395,1
7707667,1
7708326,1
7709049,1
7709452,1
7709657,1
7710166,1
7711638,1
7713187,1
7713437,1
7714412,1
7714608,1
7714813,1
7715273,1
7716534,1
7717430,1
7717436,1
7718505,1
7718595,1
7718803,1
7719382,1
7720419,1
7723209,1
7724022,1
7725075,1
7725731,1
7725936,1
7726147,1
7727414,1
7728214,1
7728834,1
7729785,1
7730288,1
7730320,1
7731209,1
7731788,1
7731978,1
7734090,1
7734976,1
7735702,1
7735709,1
7736134,1
7737162,1
7737213,1
7737750,1
7739840,1
7739971,1
7740054,1
7740297,1
7740585,1
7741065,1
7741305,1
7742412,1
7743923,1
7744931,1
7745414,1
7746205,1
7746371,1
7746886,1
7747769,1
7748294,2
7748911,1
7749078,1
7749167,1
7749334,1
7749401,1
7750029,1
7750268,1
7750800,1
7751216,1
7751263,1
7751315,1
7751949,1
7753171,1
7754223,1
7754607,1
7754710,1
7755081,1
7755152,1
7756553,1
7757193,1
7757558,1
7758678,1
7759292,1
7760272,1
7760655,1
7760669,1
7760946,1
7761469,1
7761628,1
7761843,1
7762122,1
7762163,1
7762242,1
7762406,1
7762953,1
7763942,1
7764153,1
7764211,1
7764694,1
7764927,1
7765673,1
7766377,1
7766410,1
7766486,1
7766556,1
7767391,1
7767471,1
7767613,1
7767772,1
7767792,1
7768354,1
7768464,1
7769369,1
7770099,1
7770179,1
7770316,1
7770358,1
7770685,1
7771062,1
7771517,1
7773008,1
7773458,1
7773680,1
7773821,1
7774089,1
7774652,1
7775110,1
7775146,1
7775650,1
7776189,1
7776195,1
7776214,1
7776374,1
7776585,1
7777072,1
7777871,1
7778006,1
7779254,1
7780131,1
7780566,1
7780585,1
7781270,1
7781410,1
7781501,1
7781583,1
7781730,1
7781840,1
7782748,1
7782896,1
7782915,1
7782992,1
7783404,1
7783990,1
7784137,1
7784322,1
7784374,1
7785084,1
7785450,1
7786822,1
7786890,1
7786921,1
7787491,1
7787718,1
7787958,1
7787971,1
7788028,1
7788297,1
7788332,1
7789382,1
7789487,1
7789705,1
7789839,1
7790051,1
7790262,1
7790786,1
7790870,1
7790876,1
7791107,1
7791453,1
7791472,1
7791728,1
7791862,1
7791930,1
7792105,1
7792281,1
7792652,1
7792751,1
7792758,1
7793094,1
7793328,1
7793552,1
7794095,1
7794236,1
7794499,1
7794585,1
7795238,1
7795603,1
7796195,1
7796316,1
7797059,1
7797436,1
7797740,1
7797887,1
7798518,1
7798589,1
7798847,1
7799055,1
7799062,1
7799081,1
7799273,1
7799596,1
7799615,1
7799705,1
7800092,1
7800339,1
7800682,1
7800848,1
7801023,1
7801040,1
7801146,1
7801199,1
7801376,1
7801459,1
7801558,1
7802041,1
7802115,1
7802441,1
7803171,1
7803266,1
7803318,1
7803321,1
7804284,1
7804784,1
7804851,1
7804970,1
7805116,1
7805122,1
7805174,1
7805283,1
7805648,1
7805667,1
7806396,1
7806454,1
7806511,1
7807017,1
7807158,1
7807338,1
7807507,1
7807859,1
7807984,1
7808122,1
7809100,1
7809158,1
7809276,1
7809356,1
7810374,1
7810492,1
7810591,1
7810605,1
7811740,1
7811890,1
7812250,1
7812294,1
7812393,1
7812620,1
7813648,1
7813718,1
7813961,1
7815228,1
7815308,1
7815523,1
7815714,1
7816150,1
7816233,1
7816374,1
7816409,1
7816873,1
7817053,1
7817295,1
7817356,1
7817922,1
7817926,1
7818048,1
7818265,1
7819087,1
7819145,1
7819216,1
7819279,1
7819292,1
7819983,1
7820246,1
7820694,1
7820777,1
7820975,1
7821040,1
7821123,1
7821344,1
7821570,1
7821756,1
7822012,1
7822460,1
7822783,1
7823011,1
7823676,1
7823696,1
7823887,1
7824054,1
7824111,1
7824476,1
7824672,1
7824694,1
7824732,1
7825020,1
7825987,1
7826861,1
7827075,1
7827203,1
7827238,1
7827328,1
7827613,1
7828102,1
7828202,1
7828303,1
7828534,1
7828624,1
7828857,1
7828950,1
7829362,1
7829654,1
7830230,1
7830690,1
7830742,1
7831139,1
7831347,1
7831350,1
7831434,1
7831593,1
7831606,1
7831881,1
7832163,1
7832322,1
7832329,1
7832784,1
7832838,1
7833238,1
7833250,1
7833743,1
7833757,1
7834320,1
7834339,1
7834502,1
7834518,1
7835254,1
7835859,1
7837090,1
7837727,1
7837795,1
7837885,1
7838282,1
7838352,1
7838378,1
7839023,1
7839100,1
7839254,1
7839337,1
7839485,1
7839593,1
7840470,1
7840611,1
7841007,1
7841603,1
7841923,1
7841980,1
7842038,1
7842058,1
7842198,1
7842429,1
7842704,1
7843344,1
7843926,1
7843981,1
7844201,1
7844432,1
7844547,1
7845078,1
7845666,1
7845890,1
7846025,1
7846082,1
7846131,1
7846781,1
7847087,1
7847196,1
7847456,1
7847804,1
7847929,1
7848480,1
7848822,1
7849181,1
7849340,1
7850345,1
7850697,1
7850710,1
7850781,1
7851338,1
7851407,1
7851535,1
7851587,1
7851743,1
7851753,1
7852163,1
7852230,1
7852739,1
7853084,1
7853180,1
7853725,1
7854287,1
7854735,1
7855906,1
7856050,1
7856118,1
7856281,1
7856560,1
7856739,1
7856755,1
7857123,1
7857257,1
7857328,1
7857359,1
7857462,1
7857769,1
7858012,1
7858348,1
7858476,1
7858828,1
7859030,1
7859120,1
7859187,1
7859360,1
7859449,1
7859667,1
7859683,1
7860098,1
7860195,1
7860422,1
7860531,1
7861295,1
7861782,1
7861853,1
7862208,1
7862738,1
7862928,1
7862950,1
7863171,1
7863378,1
7863859,1
7864291,1
7864982,1
7865235,1
7865273,1
7865283,1
7865379,1
7865488,1
7865520,1
7865756,1
7866096,1
7866419,1
7866994,1
7867033,1
7867212,1
7867302,1
7867382,1
7867389,1
7867670,1
7868189,1
7868317,1
7868342,1
7868860,1
7869401,1
7869709,1
7870134,1
7870518,1
7870602,1
7870726,1
7870857,1
7871833,1
7872124,1
7872201,1
7872445,1
7872540,1
7872835,1
7872950,1
7872973,1
7873020,1
7873302,1
7873853,1
7874083,1
7874243,1
7874505,1
7874521,1
7874594,1
7874736,1
7874893,1
7874947,1
7875734,1
7876598,1
7877206,1
7877302,1
7877347,1
7877839,1
7877949,2
7878848,1
7879212,1
7879305,1
7879772,1
7879920,1
7880281,1
7880556,1
7881021,1
7881056,1
7881321,1
7881583,1
7882883,1
7883420,1
7883990,1
7884172,1
7884514,1
7884553,1
7884560,1
7884650,1
7884764,1
7884790,1
7884944,1
7885542,1
7885587,1
7885923,1
7886268,1
7886626,1
7887881,1
7888208,1
7888393,1
7888598,1
7890358,1
7891305,1
7891430,1
7892067,1
7892746,1
7892943,1
7893738,1
7893901,1
7894454,1
7894780,1
7894784,1
7895030,1
7895164,1
7895235,1
7895932,1
7896518,1
7896589,1
7897270,1
7897417,1
7898175,1
7898947,1
7899417,1
7899539,1
7899977,1
7900195,1
7900272,1
7901248,1
7901315,1
7901395,1
7901481,1
7902511,1
7902531,1
7902607,1
7905238,1
7905855,1
7906118,1
7906691,1
7908905,1
7909119,1
7909398,1
7909789,1
7909804,1
7909945,1
7910098,1
7910748,1
7912480,1
7912518,1
7912940,1
7912982,1
7913404,1
7913561,1
7913961,1
7914124,1
7915532,1
7915779,1
7916976,1
7917142,1
7917923,1
7920060,1
7920700,1
7921133,1
7922102,1
7922371,1
7923455,1
7923632,1
7924278,1
7924950,1
7925997,1
7927561,1
7927849,1
7928243,1
7928259,1
7929772,1
7929858,1
7930169,1
7932470,1
7932982,1
7933884,1
7933901,1
7934076,1
7934614,1
7935423,1
7935536,1
7936367,1
7936825,1
7940326,1
7940511,1
7942895,1
7942922,1
7944258,1
7944771,1
7944979,1
7945007,1
7949130,1
7951298,1
7954806,1
7954908,1
7956368,1
7956918,1
7957097,1
7958038,1
7965327,1
7967670,1
7969021,1
7969581,1
7969936,1
7973385,1
7973820,1
7974172,1
7976841,1
7977295,1
7979990,1
7980643,1
7982748,1
7990243,1
7995817,1
7995945,1
7997427,1
8002464,1
8002665,1
8008323,1
8008656,1
8013667,1
8017309,1
8020771,1
8022192,1
8042281,1
8043084,1
8044767,1
8046191,1
8047078,1
8053248,1
8060758,1
8066857,1
8069433,1
8071248,1
8074191,1
8075839,1
8083674,1
8083706,1
8084659,1
8090262,1
8092937,1
8094674,1
8096185,1
8099036,1
8106927,1
8111132,1
8112931,1
8114387,1
8122582,1
8126646,1
8135132,1
8140489,1
8140918,1
8142940,1
8144124,1
8151030,1
8154531,1
8159196,1
8161474,1
8166793,1
8174909,1
8180316,1
8180317,1
8180374,1
8181516,1
8184185,1
8185548,1
8187875,1
8189379,1
8195760,1
8200723,1
8203517,1
8204470,1
8207839,1
8219011,1
8224300,1
8225804,1
8227344,1
8228893,1
8233411,1
8233664,1
8234653,1
8235421,1
8235552,1
8236835,1
8237244,1
8243699,1
8244176,1
8249228,1
8250512,1
8253513,1
8255491,1
8257417,1
8258038,1
8258047,1
8258480,1
8259437,1
8260387,1
8261181,1
8262304,1
8263932,1
8267257,1
8270566,1
8276144,1
8276374,1
8276634,1
8276656,1
8278332,1
8280992,1
8281039,1
8281087,1
8281715,1
8284591,1
8285328,1
8285961,1
8287337,1
8287926,1
8288633,1
8289283,1
8289490,1
8290275,1
8290793,1
8291254,1
8291328,1
8292064,1
8292634,1
8293578,1
8295631,1
8296335,1
8296409,1
8297382,1
8298847,1
8300758,1
8301120,1
8301503,1
8303292,1
8303759,1
8305990,1
8306345,1
8306390,1
8306531,1
8306953,1
8307251,1
8307325,1
8307372,1
8307923,1
8308944,1
8309469,1
8309955,1
8310947,1
8311353,1
8312048,1
8312259,1
8312572,1
8312787,1
8313165,1
8313532,1
8313718,1
8313744,1
8314146,1
8315424,1
8315709,1
8315897,1
8316054,1
8316528,1
8316755,1
8317628,1
8317750,1
8317788,1
8318179,1
8318298,1
8318473,1
8318710,1
8318729,1
8319139,1
8319350,1
8319939,1
8319974,1
8320118,1
8321378,1
8321603,1
8321878,1
8322294,1
8323466,1
8323625,1
8323750,1
8323798,1
8324028,1
8324169,1
8324189,1
8324326,1
8324694,1
8324883,1
8325558,1
8325654,1
8325676,1
8326188,1
8326416,1
8326594,1
8326678,1
8327088,1
8327299,1
8327638,1
8328374,1
8328524,1
8328534,1
8328572,1
8328828,1
8328851,1
8328956,1
8329110,1
8329270,1
8329465,1
8330218,1
8330621,1
8330979,1
8330989,1
8331139,1
8331443,1
8331808,1
8332131,1
8332495,1
8333072,1
8333807,1
8334089,1
8334214,1
8334288,1
8334518,1
8334873,1
8334918,1
8335273,1
8335363,1
8335487,1
8335680,1
8336236,1
8336393,1
8336492,1
8337052,1
8337078,1
8337394,1
8337647,1
8337946,1
8338198,1
8338588,1
8339504,1
8339798,1
8340002,1
8340083,1
8340112,1
8340541,1
8341043,1
8341366,1
8341513,1
8341968,1
8342409,1
8342588,1
8342790,1
8343018,1
8343091,1
8343875,1
8344092,1
8344249,1
8344281,1
8344387,1
8344521,1
8344989,1
8345200,1
8345264,1
8345519,1
8345798,1
8346095,1
8346787,1
8347366,1
8347478,1
8347513,1
8347756,1
8347919,1
8347958,1
8347964,1
8348048,1
8348348,1
8348643,1
8348835,1
8348844,1
8348918,1
8349046,1
8349145,1
8349228,1
8349328,1
8349570,1
8349628,1
8349817,1
8350034,1
8350038,1
8350656,1
8351010,1
8351030,1
8351090,1
8351312,1
8351465,1
8351891,1
8352124,1
8352195,1
8352290,1
8352317,1
8352483,1
8352691,1
8352841,1
8353222,1
8353590,1
8353773,1
8353859,1
8354172,1
8354288,1
8355087,1
8355536,1
8355606,1
8355632,1
8355923,1
8356349,1
8356463,1
8357155,2
8357235,1
8357503,1
8358749,1
8358867,1
8358877,1
8359337,1
8359619,1
8360582,1
8360672,1
8361225,1
8361421,1
8361436,1
8361766,1
8362415,1
8362422,1
8362649,1
8363174,1
8363613,1
8363727,1
8363913,1
8364073,1
8364745,1
8365180,1
8365385,1
8365468,1
8365994,1
8366076,1
8366134,1
8366282,1
8366908,1
8367081,1
8367266,1
8367475,1
8367613,1
8367715,1
8367897,1
8368092,1
8368156,1
8368297,1
8368432,1
8368602,1
8368687,1
8368802,1
8368956,1
8368979,1
8369222,1
8369916,1
8370057,1
8370397,1
8370761,1
8370793,1
8370825,1
8371005,1
8371158,1
8371359,1
8371446,1
8371574,1
8371778,1
8371852,1
8371951,1
8371970,1
8371996,1
8372138,1
8372364,1
8372473,1
8372573,1
8372662,1
8372672,1
8372902,1
8373068,1
8373248,1
8373487,1
8373712,1
8373757,1
8373836,1
8373878,1
8374079,1
8374086,1
8374624,1
8374662,1
8375247,1
8375392,1
8375443,1
8375446,1
8375920,1
8376192,1
8376237,1
8376384,1
8376803,1
8377113,1
8377266,1
8377434,1
8377750,1
8377951,1
8378044,1
8378493,1
8378880,1
8378892,1
8379001,1
8379360,1
8379488,1
8379702,1
8380348,1
8380351,1
8380592,1
8380656,1
8380729,1
8380758,1
8380905,1
8380931,1
8381750,1
8381942,1
8382189,1
8382486,1
8382499,1
8382576,1
8383183,1
8383241,1
8383385,1
8384054,1
8384176,1
8384333,1
8385283,1
8385523,1
8386227,1
8386301,1
8386339,1
8386448,1
8386537,1
8386834,1
8386857,1
8386858,1
8386998,1
8387180,1
8387273,1
8387344,1
8387504,1
8387862,1
8388096,1
8388831,1
8388918,1
8389087,1
8389193,1
8389218,1
8389482,1
8389533,1
8389555,1
8389734,1
8389929,1
8390031,1
8390047,1
8390518,1
8390569,1
8390672,1
8391209,1
8391273,1
8391293,1
8391296,1
8391574,1
8391900,1
8392073,1
8392294,1
8392355,1
8392473,1
8392563,1
8392944,1
8393113,1
8393116,1
8393139,1
8393167,1
8393974,1
8394450,1
8394460,1
8394480,1
8394482,1
8394559,1
8395056,1
8395660,1
8395689,1
8396732,1
8397286,1
8397596,1
8397625,1
8397647,1
8397724,1
8397894,1
8397897,1
8398106,1
8398463,1
8398637,1
8398758,1
8399142,1
8399247,1
8399362,1
8399439,1
8399452,1
8399658,1
8399727,1
8399922,1
8400163,1
8400291,1
8400316,1
8400355,1
8400380,1
8401072,1
8401270,1
8401283,1
8401315,1
8401356,1
8401420,1
8401625,1
8401760,1
8401865,1
8402057,1
8402128,1
8402451,1
8402489,1
8402694,1
8402723,1
8403379,1
8404617,1
8404733,1
8404841,1
8404905,1
8404953,1
8405113,1
8405427,1
8405577,1
8405584,1
8405699,1
8406278,1
8406377,1
8406406,1
8406493,1
8406498,1
8406726,1
8406940,1
8407113,1
8407356,1
8407536,1
8407977,1
8408067,1
8408130,1
8408438,1
8409081,1
8409091,1
8409433,1
8409513,1
8409961,1
8409990,1
8410559,1
8410585,1
8410697,1
8410847,1
8411357,1
8411695,1
8412016,1
8412057,1
8412128,1
8412221,1
8412713,1
8412995,1
8413004,1
8413081,1
8413279,1
8413462,1
8413840,1
8414089,1
8414182,1
8414281,1
8414454,1
8414652,1
8414908,1
8415542,1
8415932,1
8416157,1
8416912,1
8417641,1
8417657,1
8417968,1
8418441,1
8418575,1
8418774,1
8418940,1
8419008,1
8419017,1
8419052,1
8419088,1
8419139,1
8419450,1
8420112,1
8420330,1
8420418,1
8420473,1
8420476,1
8420620,1
8420751,1
8421417,1
8421468,1
8421609,1
8421760,1
8422243,1
8422326,1
8422460,1
8422496,1
8422722,1
8422921,1
8423113,1
8423322,1
8423487,1
8423641,1
8423913,1
8424054,1
8424093,1
8424445,1
8424598,1
8424707,1
8424985,1
8425309,1
8425603,1
8425638,1
8426057,1
8426678,1
8426876,1
8426883,1
8427059,1
8427353,1
8427459,1
8427574,1
8427794,1
8427853,1
8427913,1
8428118,1
8428138,1
8428188,1
8428214,1
8428403,1
8428880,1
8428915,1
8429097,2
8429110,1
8429340,1
8429385,1
8429510,1
8429712,1
8430066,1
8430950,1
8430982,1
8431171,1
8431344,1
8431436,1
8431737,1
8431856,1
8432026,1
8432118,1
8432169,1
8432419,1
8432441,1
8432527,1
8432812,1
8432860,1
8433267,1
8434425,1
8434448,1
8434563,1
8435647,1
8436326,1
8436704,1
8436969,1
8437289,1
8438633,1
8438694,1
8438877,1
8439244,1
8439330,1
8439990,1
8440355,1
8441692,1
8442339,1
8442348,1
8442415,1
8442611,1
8443130,1
8443888,1
8443894,1
8443994,1
8444118,1
8445078,1
8445161,1
8445286,1
8445628,1
8446259,1
8446470,1
8446982,1
8447126,1
8447145,1
8447164,1
8449053,1
8449167,1
8449558,1
8450201,1
8450435,1
8450528,1
8450569,1
8450633,1
8450857,1
8451065,1
8451344,1
8451459,1
8451465,1
8451712,1
8451964,1
8452163,1
8452221,1
8452342,1
8452975,1
8453321,1
8453584,1
8454352,1
8454390,1
8454531,1
8454602,1
8455279,1
8456578,1
8456834,1
8457468,1
8458236,1
8459305,1
8459337,1
8459375,1
8459638,1
8459974,1
8460400,1
8461539,1
8461769,1
8462012,1
8462896,1
8463046,1
8463215,1
8464022,1
8464995,1
8465439,1
8465497,1
8465610,1
8465696,1
8465853,1
8466470,1
8467292,1
8467843,1
8467862,1
8467881,1
8467894,1
8468553,1
8469104,1
8469356,1
8469680,1
8469974,1
8470595,1
8471203,1
8472010,1
8472022,1
8472060,1
8472451,1
8472816,1
8473427,1
8473654,1
8473824,1
8473891,1
8474412,1
8474435,1
8474886,1
8475446,1
8475997,1
8476079,1
8476854,1
8477053,1
8478002,1
8478121,1
8479018,1
8479504,1
8479737,1
8480003,1
8480303,1
8481654,1
8481932,1
8482704,1
8482832,1
8482982,1
8485711,1
8486745,1
8486896,1
8487293,1
8487526,1
8487731,1
8488515,1
8489043,1
8489622,1
8489670,1
8489872,1
8490521,1
8490672,1
8491318,1
8491344,1
8492899,2
8493049,1
8493094,1
8494130,1
8494368,1
8494441,1
8494742,1
8495053,1
8495065,1
8495635,1
8495650,1
8496566,1
8496675,1
8496924,1
8497705,1
8498377,1
8499971,1
8500483,1
8500880,1
8501833,1
8503133,1
8503186,1
8503491,1
8503616,1
8504566,1
8505801,1
8506394,1
8506547,1
8506630,1
8507350,1
8508073,1
8508653,1
8508835,1
8510028,1
8510422,1
8512253,1
8513337,1
8514304,1
8514979,1
8515599,1
8517577,1
8517654,1
8518140,1
8518173,1
8518204,1
8520579,1
8520655,1
8521305,1
8521584,1
8521993,1
8522140,1
8523068,1
8523408,1
8523654,1
8525292,1
8525507,1
8525600,1
8525625,1
8526492,1
8526518,1
8527139,1
8529033,1
8529456,1
8529545,1
8529587,1
8530096,1
8530134,1
8531434,1
8531715,1
8533804,1
8534402,1
8535138,1
8535485,1
8535599,1
8536928,1
8537100,1
8538396,1
8538838,1
8540291,1
8541261,1
8541891,1
8543085,1
8544310,1
8544643,1
8546742,1
8546832,1
8551555,1
8552793,1
8553350,1
8555530,1
8556390,1
8557561,1
8558122,1
8565469,1
8567497,1
8567562,1
8568950,1
8570082,1
8570166,1
8572553,1
8573693,1
8574019,1
8574409,1
8574720,1
8575558,1
8576003,1
8580755,1
8581823,1
8582672,1
8585513,1
8586838,1
8586921,1
8589907,1
8590115,1
8590393,1
8592022,1
8594722,1
8596355,1
8597392,1
8598042,1
8600086,1
8600093,1
8601676,1
8604265,1
8608611,1
8609155,1
8609642,1
8611510,1
8612351,1
8613449,1
8614499,1
8614745,1
8616771,1
8617705,1
8618090,1
8618962,1
8619705,1
8622102,1
8625136,1
8626422,1
8634835,1
8635100,1
8635622,1
8636204,1
8636710,1
8640086,1
8640729,1
8641500,1
8645020,1
8647594,1
8650246,1
8655677,1
8660275,1
8665289,1
8671210,1
8673245,1
8674428,1
8674429,1
8675270,1
8681839,1
8682925,1
8683183,1
8686973,1
8693187,1
8694777,1
8696061,1
8698255,1
8698934,1
8700124,1
8700582,1
8700969,1
8701219,1
8706467,1
8711107,1
8712172,1
8712828,1
8715002,1
8716348,1
8719219,1
8720246,1
8721350,1
8721990,1
8722880,1
8723210,1
8723308,1
8723539,1
8723552,1
8724521,1
8735977,1
8737382,1
8740499,1
8742105,1
8748617,1
8750960,1
8752291,1
8752506,1
8753786,1
8757503,1
8758278,1
8759018,1
8760374,1
8760940,1
8764380,1
8765225,1
8768365,1
8771798,1
8772269,1
8773373,1
8773450,1
8780313,1
8780895,1
8782131,1
8783923,1
8786342,1
8786422,1
8786838,1
8787286,1
8791158,1
8792495,1
8792835,1
8792979,1
8793366,1
8795683,1
8796265,1
8797452,1
8800598,1
8801203,1
8802233,1
8804668,1
8804809,1
8805814,1
8811126,1
8813801,1
8814953,1
8817295,1
8819772,1
8822102,1
8825248,1
8828460,1
8831094,1
8831395,1
8831472,1
8832051,1
8832956,1
8835330,1
8837840,1
8839417,1
8844649,1
8846444,1
8848079,1
8848230,1
8848352,1
8851574,1
8853053,1
8855088,1
8855194,1
8856310,1
8856694,1
8856879,1
8861132,1
8861443,1
8863651,1
8865584,1
8866221,1
8870095,1
8870400,1
8870467,1
8872284,1
8873164,1
8874672,1
8874831,1
8876886,1
8877244,1
8878448,1
8878799,1
8879795,1
8880553,1
8881273,1
8881434,1
8882342,1
8883504,1
8885539,1
8886697,1
8886870,1
8888073,1
8888189,1
8888562,1
8889622,1
8889826,1
8892406,1
8892681,1
8894166,1
8894486,1
8894566,1
8895248,1
8896450,1
8896982,1
8897321,1
8897539,1
8897682,1
8897772,1
8898054,1
8898726,1
8898883,1
8899203,1
8899974,1
8899983,1
8900038,1
8900054,1
8900652,1
8901071,1
8901535,1
8901785,1
8902816,1
8903661,1
8904169,1
8904454,1
8904457,1
8904662,1
8905014,1
8905148,1
8905168,1
8905615,1
8905791,1
8905872,1
8906236,1
8906716,1
8906883,1
8907082,1
8907254,1
8908556,1
8908908,1
8909094,1
8909609,1
8909836,1
8910428,1
8910812,1
8910938,1
8911078,1
8911565,1
8912656,1
8912810,1
8913507,1
8913801,1
8914003,1
8914092,1
8914950,1
8915018,1
8915030,1
8915212,1
8915257,1
8915273,1
8915485,1
8915919,1
8916669,1
8918169,1
8918278,1
8918370,1
8918467,1
8918966,1
8920217,1
8920640,1
8920707,1
8920726,1
8921075,1
8921654,1
8921679,1
8922269,1
8922400,1
8923238,1
8923465,1
8923638,1
8924374,1
8925309,1
8926576,1
8927314,1
8928074,1
8928098,1
8928461,1
8928829,1
8929449,1
8929542,1
8930201,1
8930828,1
8931232,1
8931248,1
8931274,1
8931347,1
8931513,1
8932150,1
8932921,1
8933078,1
8933820,1
8934778,1
8935200,1
8935542,1
8935881,1
8936777,1
8936870,1
8937155,1
8937882,1
8938294,1
8938550,1
8938966,1
8939129,1
8939155,1
8939280,1
8939459,1
8939465,1
8939600,1
8939702,1
8939741,1
8940073,1
8940435,1
8940611,1
8940745,1
8940841,1
8941078,1
8941129,1
8941149,1
8941250,1
8941737,1
8941757,1
8941916,1
8941923,1
8941932,1
8942550,1
8942979,1
8942998,1
8944464,1
8944602,1
8945052,1
8945292,1
8946451,1
8946774,1
8947091,1
8947170,1
8947907,1
8947926,1
8948063,1
8948073,1
8948118,1
8948560,1
8948780,1
8949360,1
8949551,1
8949564,1
8950313,1
8950553,1
8951004,1
8951113,2
8951526,1
8951802,1
8952316,1
8952566,1
8952719,1
8952745,1
8952803,1
8953596,1
8954358,1
8954608,1
8954729,1
8955042,1
8955098,1
8955456,1
8955997,1
8956730,1
8956739,1
8957353,1
8957660,1
8958115,1
8958249,1
8958486,1
8958710,1
8959161,1
8959254,1
8959267,1
8959276,1
8959338,1
8960246,1
8960259,1
8960621,1
8961193,1
8961289,1
8961657,1
8961702,1
8962009,1
8962099,1
8963356,1
8964432,1
8964697,1
8965283,1
8965327,1
8965737,1
8966125,1
8966717,1
8966870,1
8966889,1
8966960,1
8967510,1
8967596,1
8968540,1
8968784,1
8970186,1
8970243,1
8970335,1
8970413,1
8970490,1
8970541,1
8970579,1
8970668,1
8970713,1
8971734,1
8971791,1
8971935,1
8972541,1
8973267,1
8973443,1
8973503,1
8973776,1
8973814,1
8973821,1
8974422,1
8974726,1
8974982,1
8975420,1
8975699,1
8975869,1
8976115,1
8976298,1
8976316,1
8976419,1
8976579,1
8977215,1
8977737,1
8977820,1
8977929,1
8978083,1
8978108,1
8978137,1
8978851,1
8980652,1
8981343,1
8981874,1
8981922,1
8982239,1
8982304,1
8982390,1
8982614,1
8983151,1
8983177,1
8983952,1
8984131,1
8984428,1
8984559,1
8984806,1
8985267,1
8985596,1
8985894,1
8985974,1
8986013,1
8986102,1
8986723,1
8986909,1
8987298,1
8987366,1
8988137,1
8988175,1
8988412,1
8988432,1
8989567,1
8989625,1
8989747,1
8990208,1
8990269,1
8990332,1
8990784,1
8991369,1
8991466,1
8991561,1
8991724,1
8991725,1
8991734,1
8991977,1
8992304,1
8992790,1
8994326,1
8994352,1
8994505,1
8994582,1
8995011,1
8995305,1
8996307,1
8996509,1
8996906,1
8997392,1
8998061,1
8998550,1
8998880,1
8999222,1
9000079,1
9000118,1
9000323,1
9000925,1
9000928,1
9001433,1
9001964,1
9002006,1
9002141,1
9002409,1
9003465,1
9003536,1
9005039,1
9005498,1
9005513,1
9005689,1
9005769,1
9006941,1
9007417,1
9007740,1
9007996,1
9008013,1
9008150,1
9008790,1
9009123,1
9009126,1
9009744,1
9009920,1
9010396,1
9011101,1
9011804,1
9011814,1
9012889,1
9013359,1
9013514,1
9013824,1
9013936,1
9014009,1
9014406,1
9014614,1
9014970,1
9016796,1
9017884,1
9018810,1
9019890,1
9021852,1
9023318,1
9024291,1
9025539,1
9026505,1
9027292,1
9027961,1
9028050,1
9028335,1
9028553,1
9030031,1
9030236,1
9030512,1
9031363,1
9031658,1
9032720,1
9034736,1
9034809,1
9035402,1
9035651,1
9035958,1
9037516,1
9037923,1
9040137,1
9040384,1
9040777,1
9041610,1
9041853,1
9042809,1
9043648,1
9044188,1
9044918,1
9045487,1
9046131,1
9047065,1
9048105,1
9048489,1
9051152,1
9051341,1
9052138,1
9056240,1
9056553,1
9056793,1
9057603,1
9057850,1
9063100,1
9065549,1
9065692,1
9065750,1
9066006,1
9070128,1
9071785,1
9072410,1
9072438,1
9073391,1
9074495,1
9075158,1
9078729,1
9079795,1
9080706,1
9080842,1
9081593,1
9085404,1
9086266,1
9087158,1
9089382,1
9089705,1
9090205,1
9090818,1
9091299,1
9091373,1
9092755,1
9095270,1
9095650,1
9095702,1
9096009,1
9099197,1
9099251,1
9099430,1
9101427,1
9101596,1
9101820,1
9102640,1
9105590,1
9107164,1
9108585,1
9115069,1
9116154,1
9117177,1
9117309,1
9124413,1
9126477,1
9126985,1
9128815,1
9133740,1
9133741,1
9134083,1
9134204,1
9134675,1
9135068,1
9143522,1
9148598,1
9149606,1
9155769,1
9155811,1
9159628,1
9161238,1
9163094,1
9164841,1
9165526,1
9167235,1
9167574,1
9167933,1
9168041,1
9168653,1
9169558,1
9170239,1
9175779,1
9177296,1
9181498,1
9183014,1
9184220,1
9186921,1
9188224,1
9189827,2
9190214,1
9191279,1
9192707,1
9195644,1
9196380,1
9196879,1
9197558,1
9198847,1
9199721,1
9200521,1
9200655,1
9203042,1
9203625,1
9204512,1
9206563,1
9206851,1
9207952,1
9208432,1
9209257,1
9211705,1
9212329,1
9215846,1
9216620,1
9220925,1
9222365,1
9222370,1
9224259,1
9226358,1
9227994,1
9233545,1
9233974,1
9235004,1
9235033,1
9235677,1
9237795,1
9238607,1
9239286,1
9240079,1
9243804,1
9244230,1
9244694,1
9244816,1
9245318,1
9245850,1
9248374,1
9248608,1
9248956,1
9252163,1
9257088,1
9257683,1
9262802,1
9264963,1
9267942,1
9267971,1
9268489,1
9269891,1
9272204,1
9274810,1
9274928,1
9275027,1
9278179,1
9278716,1
9278998,1
9279318,1
9280105,1
9280841,1
9281366,1
9289103,1
9291674,1
9293040,1
9293689,1
9295350,1
9298326,1
9299744,1
9299881,1
9302745,1
9302810,1
9302902,1
9303507,1
9304883,1
9305257,1
9306073,1
9308128,1
9311590,1
9311734,1
9312771,1
9313350,1
9313641,1
9314691,1
9316291,1
9319286,1
9321113,1
9323219,1
9324310,1
9327158,1
9329142,1
9332166,1
9334502,1
9335350,1
9336988,1
9340157,1
9343439,1
9345426,1
9345650,1
9346627,1
9347651,1
9348176,1
9354406,1
9356678,1
9357072,1
9357075,1
9359900,1
9363363,1
9363775,1
9365136,1
9367197,1
9367718,1
9368025,1
9368649,1
9369641,1
9372067,1
9374793,1
9376352,1
9377609,1
9377923,1
9379026,1
9384182,1
9385711,1
9388691,1
9391036,1
9392358,1
9393085,1
9393983,1
9401635,1
9406342,1
9408524,1
9414576,1
9420431,1
9421411,1
9423254,1
9426690,1
9429302,1
9430345,1
9430470,1
9430675,1
9432400,1
9436422,1
9438786,1
9440013,1
9442563,1
9450870,1
9462380,1
9463257,1
9463568,1
9465667,1
9466038,1
9468329,1
9469373,1
9470345,1
9478246,1
9478858,1
9479641,1
9479738,1
9485395,1
9492623,1
9497206,1
9497849,1
9502294,1
9510243,1
9510729,1
9510899,1
9511577,1
9511584,1
9517770,1
9518671,1
9521680,1
9523306,1
9535244,1
9536762,1
9539366,1
9541328,1
9549526,2
9549657,1
9559196,1
9560598,1
9560713,1
9564707,1
9567833,1
9574508,1
9575554,1
9582771,1
9583503,1
9597487,1
9604819,1
9606233,1
9607267,1
9607516,1
9610012,1
9610870,1
9614841,1
9615414,1
9623548,1
9628394,1
9629794,1
9637999,1
9650319,1
9660082,1
9660895,1
9662511,1
9676054,1
9676406,1
9700550,1
9703052,1
9715856,1
9721897,1
9723104,1
9724726,1
9736175,1
9742259,1
9745321,1
9745958,1
9746223,1
9762237,1
9774780,1
9797334,1
9809308,1
9814479,1
9840067,1
9864124,1
9866268,1
9882793,1
9899875,1
9932211,1
9934774,1
9950441,1
9955145,1
9956342,1
9967567,1
9967744,1
9968105,1
9972982,1
9977398,1
9978415,1
9980790,1
9988290,1
9992803,1
9994473,1
9998563,1
10016226,1
10020098,1
10020812,1
10031426,1
10033942,1
10037327,1
10037347,1
10040074,1
10041186,1
10049008,1
10055356,1
10062582,1
10063741,1
10069904,1
10070684,1
10072265,1
10072294,1
10075149,1
10083842,1
10090086,1
10090678,1
10093186,1
10102537,1
10108572,1
10111999,1
10112189,1
10114364,1
10119110,1
10133887,1
10135302,1
10137423,1
10144233,1
10144726,1
10152645,1
10156444,1
10156755,1
10159654,1
10162290,1
10168297,1
10180847,1
10187776,1
10208988,1
10218243,1
10223363,1
10226588,1
10228160,1
10238338,1
10250300,1
10256717,1
10261657,1
10262627,1
10265922,1
10267613,1
10272873,1
10273942,1
10278818,1
10286931,1
10293027,1
10299123,1
10300345,1
10302739,1
10303148,1
10303964,1
10322198,1
10344345,1
10350995,1
10358845,1
10384290,1
10392848,1
10394898,1
10410243,1
10413427,1
10418992,1
10419580,1
10423119,1
10424291,1
10429154,1
10459398,1
10460841,1
10470626,1
10486793,1
10498595,1
10527334,1
10538064,1
10540662,1
10550857,1
10554671,1
10556338,1
10558893,1
10586076,1
10587398,1
10601673,1
10618351,1
10638108,1
10650783,1
10659014,1
10659030,1
10667318,1
10683619,1
10687401,1
10689929,1
10700972,1
10702319,1
10731676,1
10736623,1
10739132,1
10741481,1
10748415,1
10749033,1
10750402,1
10763375,1
10775055,1
10779232,1
10780713,1
10781849,1
10784466,1
10797209,1
10806633,1
10806831,1
10815669,1
10819516,1
10821657,1
10839769,1
10842173,1
10860752,1
10876015,1
10878515,1
10886079,1
10888146,1
10895391,1
10911158,1
10918725,1
10940595,1
10944089,1
10953868,1
10954515,1
10956505,1
10970528,1
10984038,1
10987692,1
10990703,1
10992745,1
10993161,1
11031622,1
11034492,1
11037913,1
11043964,1
11057245,1
11063081,1
11067228,1
11068409,1
11086467,1
11094848,1
11101539,1
11102041,1
11104502,1
11110428,1
11113391,1
11125401,1
11136765,1
11137807,1
11150681,1
11156367,1
11163798,1
11167395,1
11170325,1
11174447,1
11177827,1
11178832,1
11185167,1
11204066,1
11206773,1
11207696,1
11210345,1
11219452,1
11233231,1
11236777,1
11237088,1
11244466,1
11245379,1
11269500,1
11273427,1
11277388,1
11282678,1
11295718,1
11297724,1
11302850,1
11304962,1
11314198,1
11331465,1
11333123,1
11341161,1
11342348,1
11346572,1
11351440,1
11355141,1
11357308,1
11360675,1
11384192,1
11385865,1
11391222,1
11395877,1
11396003,1
11399174,1
11407408,1
11410550,1
11421087,1
11422348,1
11425404,1
11443401,1
11451241,1
11451285,1
11451581,1
11461279,1
11463321,1
11466738,1
11467824,1
11472710,1
11486998,1
11500342,1
11507394,1
11512130,1
11520547,1
11520777,1
11532668,1
11534303,1
11537423,1
11540732,1
11544591,1
11558643,1
11570255,1
11570850,1
11577661,1
11580511,1
11585730,1
11588469,1
11589280,1
11594304,1
11621455,1
11621827,1
11646956,1
11659014,1
11660131,1
11670214,1
11670818,1
11675344,1
11677423,1
11685254,1
11709705,1
11723234,1
11724722,1
11729878,1
11733276,1
11738803,1
11742438,1
11751904,1
11759711,1
11762991,1
11766850,1
11782275,1
11785245,1
11794562,1
11796211,1
11806761,1
11807407,1
11807938,1
11812243,1
11820182,1
11831395,1
11837846,1
11839331,1
11840111,1
11848230,1
11866480,1
11869135,1
11871999,1
11873916,1
11886242,1
11889037,1
11890646,1
11890713,1
11892636,1
11919609,1
11925436,1
11956400,1
11958895,1
11962422,1
11963919,1
11966333,1
11968454,1
11969241,1
11976208,1
11977231,1
11978787,1
11987977,1
12003180,1
12003833,1
12006985,1
12008687,1
12008688,1
12009993,1
12013714,1
12016729,1
12023695,1
12023794,1
12037840,1
12039247,1
12040297,1
12043615,1
12043891,1
12055894,1
12056111,1
12056156,1
12059139,1
12063702,1
12064034,1
12071945,1
12076147,1
12077983,1
12081929,1
12082761,1
12085811,1
12087094,1
12098883,1
12099616,1
12100649,1
12101091,1
12113199,1
12116201,1
12117916,1
12125408,1
12126370,1
12136044,1
12138185,1
12142121,1
12143583,1
12145545,1
12153069,1
12157654,1
12164889,1
12180655,1
12182041,1
12189302,1
12197325,1
12211197,1
12211715,1
12213852,1
12217673,1
12220655,1
12220886,1
12238070,1
12238325,1
12260396,1
12262181,1
12268956,1
12271509,1
12274623,1
12281552,1
12286620,1
12295536,1
12316156,1
12330582,1
12342115,1
12342213,1
12360566,1
12364687,1
12367183,1
12367897,1
12368259,1
12368611,1
12372300,1
12373164,1
12384879,1
12398700,1
12411632,1
12418306,1
12421078,1
12424150,1
12425929,1
12429427,1
12468143,1
12471487,1
12483436,1
12495113,1
12495983,1
12515871,1
12520863,1
12526268,1
12531513,1
12534681,1
12550249,1
12553465,1
12578405,1
12594652,1
12602441,1
12608230,1
12614486,1
12629529,1
12636495,1
12649826,1
12651200,1
12651789,1
12659209,1
12664352,1
12668172,1
12672189,1
12688579,1
12699823,1
12747660,1
12760073,1
12766198,1
12770178,1
12776585,1
12782051,1
12790073,1
12796524,1
12803433,1
12818889,1
12829693,1
12846684,1
12858109,1
12876556,1
12888147,1
12894985,1
12902531,1
12909821,1
12932623,1
12935708,1
12936553,1
12938038,1
12941398,1
12947097,1
12956534,1
12957638,1
12963343,1
12971587,1
12980521,1
12982150,1
12989619,1
12990169,1
12994313,1
12999148,1
13005081,1
13005103,1
13013932,1
13019155,1
13021385,1
13023939,1
13024143,1
13046959,1
13047651,1
13048925,1
13053020,1
13053993,1
13054877,1
13068348,1
13068579,1
13081398,1
13086467,1
13095056,1
13097615,1
13103385,1
13107577,1
13128038,1
13132815,1
13141075,1
13147465,1
13154022,1
13168428,1
13169103,1
13176636,1
13185641,1
13186620,1
13190349,1
13192124,1
13194288,1
13194377,1
13204454,1
13210415,1
13221980,1
13223254,1
13240933,1
13257238,1
13259990,1
13286470,1
13288419,1
13294185,1
13295248,1
13312419,1
13313897,1
13332061,1
13339519,1
13357203,1
13359069,1
13390214,1
13401596,1
13402006,1
13412425,1
13440421,1
13445923,1
13456163,1
13461024,1
13461788,1
13463363,1
13466735,1
13474040,1
13476076,1
13518210,1
13526652,1
13530258,1
13540674,1
13557596,1
13561436,1
13568149,1
13569311,1
13574287,1
13578456,1
13585221,1
13605769,1
13609859,1
13629580,1
13631702,1
13641142,1
13643625,1
13645679,1
13650940,1
13655491,1
13659589,1
13662277,1
13667017,1
13681667,1
13682038,1
13687839,1
13691858,1
13714959,1
13726549,1
13745282,1
13769087,1
13779830,1
13784566,1
13790518,1
13797804,1
13806223,1
13807103,1
13880124,1
13894831,1
13915145,1
13934530,1
13943078,1
13944790,1
13945615,1
13952303,1
13964316,1
13973311,1
13978242,1
13984655,1
13986847,1
14018422,1
14029244,1
14034620,1
14044060,1
14045340,1
14056533,1
14056921,1
14064572,1
14069225,1
14070805,1
14083637,1
14086357,1
14089763,1
14090101,1
14091043,1
14097765,1
14098831,1
14100937,1
14102521,1
14116732,1
14121577,1
14142152,1
14150726,1
14151808,1
14172290,1
14173452,1
14177765,1
14188415,1
14194403,1
14196380,1
14198975,1
14203270,1
14214822,1
14221794,1
14228630,1
14230243,1
14241212,1
14245560,1
14248233,1
14259407,1
14261999,1
14279372,1
14286000,1
14289608,1
14300162,1
14301039,1
14305320,1
14310428,1
14314003,1
14323551,1
14332591,1
14333960,1
14351555,1
14359286,1
14359600,1
14359759,1
14364892,1
14369554,1
14399676,1
14408451,1
14413004,1
14416997,1
14429167,1
14433385,1
14450562,1
14480655,1
14489711,1
14502831,1
14505075,1
14506172,1
14510824,1
14511408,1
14541257,1
14541919,1
14574499,1
14579314,1
14597993,1
14599423,1
14618991,1
14628703,1
14638882,1
14650918,1
14674316,1
14682838,1
14687606,1
14687868,1
14700118,1
14703718,1
14746594,1
14749449,1
14766988,1
14781554,1
14792044,1
14800220,1
14812767,1
14813407,1
14814399,1
14821391,1
14825670,1
14827529,1
14827945,1
14830569,1
14872840,1
14886687,1
14907401,1
14913292,1
14917132,1
14920553,1
14922864,1
14934482,1
14935088,1
14943820,1
14954620,1
14956348,1
14968118,1
15017596,1
15031110,1
15031724,1
15035122,1
15039699,1
15041942,1
15047398,1
15048108,1
15061871,1
15066627,1
15075359,1
15077705,1
15079952,1
15081270,1
15088047,1
15098697,1
15100188,1
15101653,1
15118703,1
15129113,1
15147555,1
15150671,1
15152546,1
15159504,1
15166940,1
15167888,1
15168444,1
15177094,1
15180486,1
15185122,1
15188668,1
15198063,1
15230812,1
15244085,1
15258364,1
15258402,1
15274149,1
15289375,1
15291369,1
15295976,1
15308537,1
15309295,1
15310818,1
15763426,1
