# Samples: 32185, Average: 25461.7 ns, StdDev: 67835.6 ns, Quartiles: 22157.0/23709.0/25558.0 ns
12039,1
12365,1
14595,1
16352,1
16413,1
16457,1
16643,1
16653,1
16668,1
16685,1
16691,1
16745,1
16902,1
16954,1
16966,1
17040,1
17101,1
17132,1
17161,1
17175,1
17229,1
17238,1
17325,1
17351,1
17364,1
17376,1
17392,1
17399,1
17408,1
17450,1
17463,1
17485,1
17513,2
17520,1
17523,1
17526,1
17527,1
17546,1
17565,1
17590,1
17603,1
17606,1
17636,1
17641,1
17645,1
17648,3
17680,1
17725,1
17732,1
17744,1
17763,1
17766,1
17776,1
17786,1
17814,1
17821,1
17834,1
17837,1
17840,2
17859,1
17866,1
17888,1
17910,1
17916,1
17917,1
17923,1
17926,1
17955,1
17959,1
17962,2
17971,2
17975,1
18003,1
18016,1
18026,1
18032,1
18048,1
18055,1
18064,2
18080,1
18090,1
18109,1
18112,2
18135,1
18141,1
18164,1
18169,1
18182,1
18198,1
18215,1
18221,1
18224,1
18243,1
18253,1
18282,1
18285,1
18301,1
18304,1
18307,1
18311,1
18324,1
18349,1
18368,1
18371,1
18372,1
18378,1
18381,1
18390,1
18400,1
18407,1
18410,1
18413,1
18438,1
18442,1
18470,1
18480,1
18489,1
18502,1
18519,1
18525,1
18528,1
18534,1
18538,1
18547,1
18557,1
18564,2
18585,1
18589,2
18595,1
18598,1
18608,1
18611,1
18618,1
18624,1
18631,1
18634,1
18640,1
18647,1
18653,1
18656,1
18659,1
18665,1
18669,1
18691,1
18694,1
18697,2
18701,1
18713,1
18717,1
18723,1
18749,1
18755,1
18765,1
18774,1
18777,1
18781,1
18791,1
18793,1
18794,1
18800,1
18806,1
18826,1
18832,1
18838,1
18842,1
18845,1
18848,1
18867,1
18873,2
18877,2
18893,1
18909,1
18912,1
18915,1
18918,1
18934,1
18944,2
18950,1
18957,1
18966,1
18969,1
18985,1
18986,1
18989,1
18992,1
19008,1
19011,2
19018,1
19021,1
19024,1
19034,1
19040,2
19052,1
19056,1
19063,1
19065,1
19066,1
19069,1
19072,1
19078,2
19084,1
19088,2
19101,1
19104,1
19108,1
19114,1
19120,1
19126,2
19136,1
19145,1
19149,1
19152,1
19168,1
19171,1
19177,1
19180,1
19184,2
19190,1
19197,1
19203,1
19204,1
19209,1
19212,1
19213,1
19216,1
19225,3
19226,2
19228,1
19232,1
19235,1
19236,1
19242,1
19245,1
19251,1
19254,1
19257,1
19260,2
19261,2
19267,2
19273,1
19277,2
19280,1
19283,2
19292,1
19293,1
19303,1
19306,1
19312,3
19319,1
19328,3
19332,1
19337,1
19338,1
19344,1
19350,1
19357,3
19360,1
19363,1
19367,1
19370,1
19373,1
19376,1
19383,2
19386,2
19392,1
19401,1
19402,2
19420,3
19421,2
19430,1
19433,1
19434,2
19436,1
19440,2
19443,3
19444,3
19446,1
19447,2
19450,3
19453,2
19456,1
19459,1
19463,1
19465,1
19469,1
19478,1
19482,1
19488,2
19491,1
19492,2
19495,1
19497,1
19504,4
19507,2
19510,1
19513,1
19514,1
19517,3
19520,3
19526,2
19530,2
19533,1
19536,1
19543,1
19545,2
19548,1
19549,1
19552,1
19555,4
19558,2
19559,1
19561,2
19562,2
19565,1
19572,1
19574,3
19575,1
19581,1
19584,2
19587,3
19593,2
19594,5
19600,2
19603,1
19606,1
19607,1
19610,1
19613,4
19616,1
19632,9
19639,1
19641,1
19642,1
19645,1
19651,3
19652,1
19658,1
19661,1
19664,4
19670,3
19671,2
19677,5
19680,1
19683,1
19686,2
19687,1
19690,1
19693,1
19696,2
19699,2
19700,2
19702,2
19709,1
19712,2
19715,4
19716,1
19718,1
19721,1
19731,3
19734,2
19735,2
19740,1
19741,2
19744,3
19747,2
19748,1
19750,1
19751,1
19754,1
19757,1
19760,3
19763,1
19764,1
19769,2
19772,2
19773,3
19776,3
19779,1
19782,1
19785,2
19789,1
19792,2
19795,2
19796,1
19798,1
19802,4
19805,4
19812,1
19815,2
19817,1
19818,1
19821,2
19824,6
19827,1
19830,1
19831,1
19833,1
19837,6
19840,2
19843,3
19844,1
19846,3
19847,1
19850,3
19853,1
19856,3
19859,3
19860,1
19862,1
19863,1
19865,1
19868,1
19869,3
19872,4
19875,3
19876,2
19879,3
19881,1
19882,6
19884,1
19885,3
19888,5
19891,3
19892,1
19894,3
19895,2
19897,2
19898,1
19901,3
19904,2
19907,3
19908,1
19910,1
19911,1
19914,1
19917,1
19920,1
19923,2
19926,5
19927,3
19929,1
19930,2
19932,1
19933,3
19936,8
19939,2
19942,3
19946,2
19955,2
19958,2
19959,2
19961,2
19962,1
19964,2
19965,4
19971,1
19974,2
19978,3
19980,1
19981,2
19984,2
19987,4
19990,2
19991,5
19993,1
20000,3
20003,2
20004,1
20006,6
20009,6
20010,4
20013,1
20016,4
20019,4
20022,6
20023,1
20026,5
20029,3
20032,3
20035,3
20039,2
20041,1
20042,2
20045,2
20048,5
20051,2
20052,2
20054,2
20055,1
20057,1
20058,1
20061,1
20064,4
20067,5
20070,4
20071,2
20073,1
20074,2
20076,1
20080,6
20083,5
20086,1
20087,2
20090,3
20092,3
20093,5
20096,3
20099,6
20100,2
20102,3
20103,2
20105,2
20106,5
20109,1
20112,9
20115,2
20116,1
20118,5
20119,2
20121,1
20122,3
20125,1
20128,5
20131,5
20132,1
20134,1
20135,2
20138,5
20140,3
20141,4
20144,9
20147,2
20150,3
20151,2
20153,4
20154,1
20157,6
20160,3
20163,4
20169,4
20170,4
20172,1
20173,5
20176,3
20179,4
20182,4
20183,4
20185,1
20186,3
20188,1
20192,4
20195,4
20196,1
20198,3
20199,1
20201,3
20202,4
20205,1
20208,5
20211,4
20212,2
20214,2
20215,2
20217,3
20218,3
20220,1
20221,3
20224,4
20227,4
20228,1
20230,1
20231,4
20233,5
20234,2
20236,2
20237,4
20240,11
20243,7
20244,1
20246,7
20247,1
20249,1
20250,2
20253,2
20256,6
20259,4
20262,1
20263,5
20265,1
20266,4
20268,2
20269,2
20272,5
20275,4
20276,1
20278,3
20279,1
20281,1
20282,2
20284,2
20285,6
20288,2
20291,6
20294,1
20295,5
20297,1
20298,4
20300,2
20301,6
20304,6
20307,1
20308,1
20310,5
20311,1
20313,3
20314,3
20316,3
20317,6
20320,7
20323,2
20324,2
20326,6
20327,4
20329,7
20330,4
20332,1
20333,2
20336,11
20339,4
20340,1
20342,5
20343,3
20345,3
20346,3
20348,2
20349,6
20352,7
20355,6
20356,2
20358,2
20359,2
20361,4
20362,3
20365,3
20368,9
20374,9
20378,5
20381,7
20384,4
20387,10
20388,3
20390,4
20391,2
20393,3
20394,4
20396,1
20397,5
20400,8
20403,5
20404,2
20406,3
20407,2
20409,1
20410,5
20412,1
20413,10
20416,5
20419,10
20420,3
20422,1
20423,3
20425,1
20426,1
20429,2
20432,4
20435,8
20436,1
20438,5
20439,4
20441,2
20442,4
20444,2
20445,4
20448,4
20451,8
20452,2
20454,1
20455,2
20457,6
20458,4
20460,2
20461,6
20464,14
20467,6
20470,7
20471,5
20473,6
20474,2
20476,2
20477,6
20480,9
20483,13
20486,3
20487,1
20489,1
20490,6
20492,1
20493,5
20496,8
20499,6
20500,1
20502,5
20503,3
20505,3
20506,2
20508,6
20509,4
20512,8
20515,7
20518,5
20519,1
20521,5
20522,3
20525,2
20528,12
20531,7
20532,1
20534,3
20535,3
20537,2
20538,7
20541,8
20544,11
20547,4
20548,2
20550,4
20551,2
20553,5
20554,4
20557,4
20560,10
20563,6
20564,1
20566,6
20567,2
20569,2
20570,8
20572,4
20573,8
20576,9
20579,6
20580,1
20582,5
20583,2
20585,3
20586,3
20589,6
20592,8
20595,4
20596,2
20598,10
20599,3
20601,1
20602,5
20604,2
20605,6
20608,9
20611,12
20612,1
20614,7
20615,3
20617,3
20618,6
20621,6
20624,7
20627,12
20628,1
20630,4
20631,4
20633,2
20634,4
20637,11
20640,8
20643,10
20644,4
20646,7
20647,2
20649,1
20650,5
20653,6
20656,13
20659,5
20660,2
20662,5
20663,7
20665,6
20666,8
20669,5
20672,9
20675,7
20676,4
20678,3
20679,2
20681,7
20682,12
20684,2
20685,5
20688,11
20691,6
20692,2
20694,5
20695,5
20697,5
20698,1
20700,2
20701,7
20704,5
20707,8
20708,3
20710,8
20711,4
20713,1
20714,12
20716,1
20717,9
20720,13
20723,8
20724,1
20726,10
20727,3
20729,2
20730,3
20732,1
20733,13
20736,9
20739,5
20742,4
20743,5
20745,1
20746,2
20749,5
20752,15
20755,5
20758,5
20759,5
20761,3
20762,2
20764,3
20765,14
20768,9
20771,3
20772,1
20774,8
20775,6
20777,3
20778,4
20780,6
20781,8
20784,9
20787,5
20788,3
20790,6
20791,2
20793,3
20794,5
20796,2
20797,9
20800,9
20803,10
20804,3
20806,6
20807,2
20809,6
20810,5
20812,2
20813,9
20816,9
20819,6
20820,2
20822,5
20823,1
20825,5
20826,1
20828,2
20829,6
20832,9
20835,14
20836,1
20838,4
20839,5
20841,2
20842,14
20844,5
20845,6
20848,11
20851,2
20852,2
20854,6
20855,6
20857,2
20858,4
20860,1
20861,14
20864,9
20867,13
20868,3
20870,5
20871,3
20873,1
20874,6
20876,3
20877,5
20880,11
20883,5
20884,1
20886,6
20887,8
20889,4
20890,4
20892,3
20893,9
20896,5
20899,10
20902,5
20903,3
20905,4
20906,5
20908,3
20909,5
20912,11
20915,4
20916,1
20918,5
20919,3
20921,2
20922,2
20924,2
20925,3
20928,6
20931,10
20932,3
20934,1
20935,4
20937,4
20938,10
20940,2
20941,7
20944,11
20947,6
20948,2
20950,6
20951,3
20953,6
20954,3
20956,1
20957,8
20960,6
20963,7
20964,1
20966,6
20967,4
20969,9
20970,2
20973,6
20976,9
20979,6
20982,5
20983,7
20985,3
20986,3
20989,13
20992,12
20995,8
20996,2
20998,8
20999,4
21001,7
21002,8
21004,1
21005,5
21008,14
21011,4
21012,3
21014,11
21015,6
21017,2
21018,7
21020,3
21021,4
21024,11
21027,13
21028,2
21030,3
21031,4
21033,7
21034,8
21036,1
21037,3
21040,13
21043,1
21044,4
21046,4
21047,5
21049,7
21050,4
21052,2
21053,9
21056,11
21059,7
21060,3
21062,6
21063,3
21065,7
21066,9
21068,2
21069,7
21072,10
21075,9
21078,7
21079,10
21081,5
21082,5
21084,5
21085,11
21088,10
21091,12
21092,3
21094,4
21095,4
21097,3
21098,5
21100,6
21101,5
21104,8
21107,1
21110,7
21111,8
21113,8
21114,4
21116,1
21117,10
21120,10
21123,5
21124,3
21126,5
21127,5
21129,9
21130,9
21132,1
21133,10
21136,18
21139,9
21140,1
21142,7
21143,6
21145,1
21146,9
21148,2
21149,8
21152,12
21155,11
21156,5
21158,1
21159,4
21161,6
21162,9
21165,15
21168,18
21171,10
21172,2
21174,8
21175,5
21177,4
21178,6
21180,4
21181,13
21184,9
21187,10
21188,2
21190,6
21191,3
21193,5
21194,12
21197,8
21200,9
21203,2
21204,2
21206,5
21207,8
21209,4
21210,4
21212,4
21213,11
21216,8
21219,11
21220,5
21222,2
21223,5
21225,7
21226,7
21228,2
21229,12
21232,19
21235,9
21236,2
21238,9
21239,2
21241,3
21242,7
21244,2
21245,7
21248,11
21251,9
21252,2
21254,5
21255,3
21257,6
21258,8
21261,7
21264,21
21267,6
21268,3
21270,4
21271,5
21273,7
21274,4
21276,2
21277,8
21280,7
21283,17
21284,2
21286,9
21287,5
21289,5
21290,8
21292,1
21293,4
21296,10
21299,13
21300,6
21302,12
21303,7
21305,1
21306,11
21308,2
21309,14
21312,13
21315,19
21316,1
21318,6
21319,8
21321,6
21322,12
21325,8
21328,16
21331,3
21332,3
21334,12
21335,5
21337,3
21338,13
21340,4
21341,7
21344,13
21347,10
21348,1
21350,8
21351,3
21353,5
21354,9
21356,1
21357,11
21360,19
21363,9
21364,2
21366,9
21367,4
21369,4
21370,6
21372,6
21373,17
21376,10
21379,12
21380,2
21382,8
21383,4
21385,5
21386,9
21388,4
21389,7
21392,19
21395,10
21396,3
21398,6
21399,4
21401,4
21402,16
21404,3
21405,10
21408,13
21411,10
21412,3
21414,3
21415,5
21417,7
21418,12
21420,6
21421,8
21424,17
21427,5
21428,5
21430,10
21431,4
21433,2
21434,7
21436,4
21437,12
21440,11
21443,11
21444,3
21446,7
21447,3
21449,3
21450,8
21452,1
21453,7
21456,15
21459,9
21460,2
21462,7
21463,7
21465,2
21466,12
21468,4
21469,13
21472,8
21475,12
21476,3
21478,4
21479,3
21481,5
21482,14
21484,2
21485,12
21488,17
21491,8
21492,3
21494,11
21495,5
21497,4
21498,6
21500,1
21501,10
21504,21
21507,13
21508,2
21510,8
21511,4
21513,8
21514,8
21516,4
21517,10
21520,13
21523,10
21524,6
21526,13
21527,6
21529,1
21530,9
21532,2
21533,18
21536,14
21539,7
21540,5
21542,5
21543,3
21545,9
21546,19
21548,2
21549,11
21552,17
21555,9
21556,2
21558,14
21559,7
21561,11
21562,9
21564,3
21565,15
21568,13
21571,15
21572,4
21574,8
21575,5
21577,5
21578,13
21580,1
21581,9
21584,17
21587,15
21588,2
21590,7
21591,7
21593,8
21594,8
21596,2
21597,15
21600,16
21603,9
21604,1
21606,10
21607,4
21609,7
21610,10
21612,2
21613,9
21616,22
21619,10
21620,1
21622,9
21623,5
21625,2
21626,11
21628,3
21629,10
21632,17
21635,11
21636,6
21638,7
21639,7
21641,6
21642,7
21644,2
21645,4
21648,14
21651,12
21652,2
21654,10
21655,17
21657,1
21658,4
21660,5
21661,8
21664,17
21667,12
21668,4
21670,8
21671,8
21673,9
21674,4
21677,11
21680,16
21683,8
21684,1
21686,10
21687,8
21689,3
21690,7
21692,5
21693,13
21696,15
21699,14
21700,5
21702,6
21703,5
21705,6
21706,17
21708,2
21709,6
21712,19
21715,13
21716,4
21718,5
21719,9
21721,3
21722,7
21724,6
21725,22
21728,15
21731,14
21732,3
21734,9
21735,7
21737,6
21738,13
21740,2
21741,12
21744,16
21747,10
21748,2
21750,8
21751,4
21753,7
21754,8
21756,4
21757,12
21760,14
21763,13
21764,5
21766,8
21767,5
21769,3
21770,18
21772,1
21773,6
21776,12
21779,5
21780,3
21782,10
21783,9
21785,5
21786,4
21788,6
21789,14
21792,11
21795,18
21796,5
21798,9
21799,1
21801,9
21802,8
21805,10
21808,15
21811,9
21812,1
21814,10
21815,6
21817,4
21818,15
21820,2
21821,20
21824,8
21827,17
21828,4
21830,6
21831,6
21833,8
21834,4
21836,2
21837,6
21840,17
21843,18
21844,1
21846,9
21847,12
21849,10
21850,12
21852,1
21853,8
21856,16
21859,15
21860,6
21862,7
21863,1
21865,11
21866,8
21868,3
21869,10
21872,23
21875,2
21876,5
21878,9
21879,8
21881,4
21882,9
21884,1
21885,17
21888,15
21891,12
21892,3
21894,5
21895,7
21897,7
21898,10
21900,3
21901,15
21904,12
21907,8
21908,7
21910,11
21911,10
21913,5
21914,9
21916,4
21917,7
21920,7
21923,11
21924,2
21926,10
21927,5
21929,6
21930,9
21932,2
21933,10
21936,19
21939,15
21940,2
21942,10
21943,10
21945,1
21946,10
21948,3
21949,17
21952,10
21955,12
21956,6
21958,10
21959,8
21961,4
21962,14
21964,2
21965,12
21968,31
21971,11
21972,4
21974,11
21975,10
21977,6
21978,7
21980,3
21981,15
21984,11
21987,20
21988,4
21990,3
21991,4
21993,4
21994,6
21996,3
21997,13
22000,18
22003,9
22004,4
22006,8
22007,8
22009,5
22010,4
22012,8
22013,19
22016,17
22019,14
22020,7
22022,11
22023,6
22025,7
22026,10
22028,1
22029,15
22032,22
22035,15
22038,13
22039,8
22041,5
22042,8
22044,7
22045,16
22048,12
22051,6
22052,4
22054,11
22055,6
22057,7
22058,12
22060,3
22061,10
22064,19
22067,12
22068,1
22070,6
22071,8
22073,4
22074,8
22076,3
22077,12
22080,10
22083,20
22084,1
22086,14
22087,3
22089,6
22090,15
22092,2
22093,10
22096,21
22099,9
22100,2
22102,8
22103,9
22105,8
22106,8
22108,5
22109,13
22112,19
22115,11
22116,2
22118,5
22119,6
22121,7
22122,9
22124,1
22125,9
22128,21
22131,12
22132,4
22134,8
22135,7
22137,4
22138,5
22140,2
22141,16
22144,11
22147,10
22148,2
22150,15
22151,4
22153,11
22154,21
22156,2
22157,17
22160,29
22163,11
22164,6
22166,8
22167,7
22169,6
22170,14
22172,4
22173,9
22176,20
22179,11
22180,2
22182,10
22183,4
22185,5
22186,17
22188,1
22189,14
22192,23
22195,8
22196,1
22198,23
22199,10
22201,1
22202,7
22204,4
22205,14
22208,13
22211,11
22212,1
22214,7
22215,4
22217,3
22218,10
22220,2
22221,5
22224,24
22227,13
22228,3
22230,16
22231,2
22233,9
22234,12
22236,1
22237,17
22240,8
22243,15
22244,5
22246,14
22247,5
22249,7
22250,7
22252,4
22253,9
22256,28
22259,12
22260,2
22262,7
22263,20
22265,12
22266,12
22268,4
22269,9
22272,12
22275,16
22276,6
22278,9
22279,7
22281,7
22282,11
22284,3
22285,10
22288,17
22291,16
22292,3
22294,12
22295,6
22297,5
22298,10
22300,6
22301,16
22304,9
22307,11
22308,9
22310,10
22311,6
22313,11
22314,9
22316,3
22317,12
22320,24
22323,10
22324,1
22326,14
22327,11
22329,4
22330,9
22332,4
22333,10
22336,14
22339,11
22340,7
22342,7
22343,7
22345,8
22346,13
22348,8
22349,10
22352,27
22355,11
22356,3
22358,10
22359,7
22361,6
22362,6
22364,4
22365,14
22368,19
22371,19
22372,2
22374,6
22375,8
22377,5
22378,14
22380,3
22381,5
22384,14
22387,20
22390,11
22391,9
22393,1
22394,7
22396,3
22397,14
22400,17
22403,18
22404,1
22406,12
22407,5
22409,11
22410,13
22412,4
22413,12
22416,24
22419,11
22420,5
22422,9
22423,7
22425,4
22426,12
22428,1
22429,18
22432,21
22435,28
22436,4
22438,12
22439,8
22441,7
22442,12
22444,7
22445,13
22448,25
22451,16
22452,2
22454,11
22455,9
22457,6
22458,11
22460,6
22461,16
22464,12
22467,21
22468,4
22470,4
22471,7
22473,10
22474,17
22476,1
22477,12
22480,18
22483,9
22484,1
22486,10
22487,6
22489,8
22490,8
22492,3
22493,21
22496,20
22499,15
22500,3
22502,7
22503,5
22505,6
22506,13
22508,5
22509,15
22512,25
22515,14
22516,4
22518,19
22519,12
22521,6
22522,9
22524,4
22525,16
22528,13
22531,13
22532,5
22534,7
22535,2
22537,10
22538,11
22540,4
22541,8
22544,22
22547,13
22548,4
22550,9
22551,8
22553,5
22554,9
22556,6
22557,20
22560,17
22563,19
22564,5
22566,8
22567,3
22569,6
22570,18
22572,3
22573,14
22576,16
22579,11
22580,4
22582,15
22583,9
22585,5
22586,12
22588,5
22589,11
22592,8
22595,15
22596,6
22598,10
22599,6
22601,10
22602,17
22604,3
22605,13
22608,21
22611,13
22612,2
22614,13
22615,10
22617,11
22618,15
22620,2
22621,15
22624,12
22627,20
22628,2
22630,11
22631,9
22633,7
22634,14
22636,1
22637,11
22640,22
22643,13
22644,1
22646,11
22647,6
22649,7
22650,11
22652,5
22653,14
22656,13
22659,19
22660,4
22662,17
22663,5
22665,7
22666,13
22668,2
22669,15
22672,19
22675,10
22676,5
22678,12
22679,8
22681,6
22682,7
22684,4
22685,24
22688,14
22691,15
22692,1
22694,11
22695,10
22697,5
22698,9
22700,1
22701,11
22704,20
22707,12
22708,1
22710,8
22711,10
22713,5
22714,7
22716,5
22717,21
22720,24
22723,15
22724,5
22726,5
22727,12
22729,14
22730,8
22732,4
22733,10
22736,16
22739,10
22740,2
22742,6
22743,8
22745,7
22746,9
22748,3
22749,26
22752,13
22755,20
22756,9
22758,13
22759,6
22761,6
22762,13
22764,5
22765,6
22768,24
22771,16
22772,6
22774,16
22775,9
22777,9
22778,7
22780,6
22781,14
22784,18
22787,14
22788,5
22790,13
22791,7
22793,6
22794,13
22796,3
22797,11
22800,10
22803,14
22804,4
22806,15
22807,5
22809,10
22810,9
22812,1
22813,15
22816,14
22819,24
22820,4
22822,5
22823,8
22825,5
22826,13
22828,8
22829,15
22832,20
22835,8
22836,1
22838,12
22839,11
22841,9
22842,10
22844,7
22845,12
22848,14
22851,18
22852,1
22854,5
22855,6
22857,6
22858,13
22860,3
22861,5
22864,22
22867,8
22868,5
22870,16
22871,8
22873,1
22874,11
22876,3
22877,17
22880,11
22883,18
22884,3
22886,11
22887,5
22889,4
22890,20
22892,3
22893,10
22896,20
22899,10
22900,5
22902,7
22903,11
22905,6
22906,9
22908,2
22909,17
22912,12
22915,13
22916,7
22918,6
22919,6
22921,6
22922,8
22924,4
22925,5
22928,24
22931,19
22932,5
22934,13
22935,7
22937,6
22938,12
22940,5
22941,20
22944,14
22947,20
22948,4
22950,9
22951,5
22953,6
22954,8
22956,7
22957,6
22960,19
22963,15
22964,4
22966,15
22967,8
22969,5
22970,10
22972,3
22973,11
22976,9
22979,16
22980,2
22982,11
22983,7
22985,4
22986,14
22988,3
22989,25
22992,19
22995,12
22996,3
22998,12
22999,11
23001,3
23002,2
23004,4
23005,8
23008,15
23011,10
23012,4
23014,6
23015,5
23017,10
23018,9
23020,2
23021,7
23024,13
23027,8
23028,3
23030,10
23031,9
23033,4
23034,5
23036,5
23037,12
23040,13
23043,15
23044,4
23046,11
23047,6
23049,7
23050,8
23052,7
23053,16
23056,17
23059,12
23060,3
23062,17
23063,7
23065,3
23066,9
23068,8
23069,16
23072,12
23075,19
23076,8
23078,9
23079,7
23081,9
23082,13
23084,3
23085,11
23088,12
23091,8
23092,4
23094,12
23095,9
23097,6
23098,4
23100,3
23101,11
23104,16
23107,13
23108,5
23110,6
23111,2
23113,6
23114,10
23116,2
23117,16
23120,17
23123,16
23124,2
23126,14
23127,10
23129,6
23130,5
23132,8
23133,14
23136,18
23139,23
23140,4
23142,9
23143,5
23145,2
23146,10
23148,2
23149,9
23152,22
23155,8
23156,3
23158,11
23159,7
23161,3
23162,6
23164,2
23165,8
23168,16
23171,25
23172,3
23174,9
23175,3
23177,7
23178,10
23180,5
23181,8
23184,25
23187,8
23190,11
23191,11
23193,8
23194,7
23196,7
23197,19
23200,13
23203,15
23204,1
23206,8
23207,8
23209,7
23210,9
23212,2
23213,12
23216,15
23219,5
23220,3
23222,11
23223,7
23225,6
23226,10
23228,1
23229,19
23232,11
23235,19
23236,5
23238,7
23239,5
23241,5
23242,10
23244,4
23245,16
23248,19
23251,9
23252,3
23254,8
23255,6
23257,7
23258,8
23260,4
23261,17
23264,13
23267,16
23268,2
23270,7
23271,6
23273,6
23274,14
23276,3
23277,7
23280,19
23283,10
23284,2
23286,10
23287,7
23289,4
23290,8
23292,5
23293,12
23296,14
23299,13
23300,6
23302,8
23303,7
23305,5
23306,9
23308,2
23309,13
23312,22
23315,7
23316,2
23318,12
23319,9
23321,6
23322,5
23324,3
23325,23
23328,9
23331,20
23332,5
23334,5
23335,3
23337,5
23338,14
23340,2
23341,9
23344,11
23347,7
23348,1
23350,9
23351,4
23353,5
23354,11
23356,4
23357,12
23360,10
23363,8
23364,2
23366,7
23367,2
23369,5
23370,9
23373,8
23376,12
23379,4
23380,3
23382,8
23383,3
23385,6
23386,11
23388,1
23389,14
23392,15
23395,19
23396,3
23398,7
23399,6
23401,11
23402,6
23404,2
23405,11
23408,17
23411,13
23412,7
23414,9
23415,5
23417,7
23418,6
23420,2
23421,18
23424,10
23427,19
23428,2
23430,18
23431,5
23433,12
23434,16
23436,5
23437,11
23440,8
23443,7
23446,9
23447,10
23449,3
23450,8
23453,15
23456,8
23459,15
23460,5
23462,6
23463,4
23465,6
23466,10
23468,1
23469,13
23472,15
23475,11
23476,3
23478,13
23479,3
23481,6
23482,10
23484,3
23485,15
23488,14
23491,13
23494,7
23495,6
23497,6
23498,16
23500,3
23501,11
23504,16
23507,7
23508,1
23510,17
23511,2
23513,7
23514,6
23516,2
23517,15
23520,13
23523,11
23524,6
23526,8
23527,2
23529,8
23530,8
23532,3
23533,13
23536,23
23539,12
23540,5
23542,8
23543,5
23545,8
23546,8
23548,1
23549,19
23552,10
23555,12
23556,12
23558,7
23559,5
23561,8
23562,10
23564,4
23565,8
23568,17
23571,5
23572,2
23574,10
23575,5
23577,4
23578,9
23580,5
23581,17
23584,13
23587,15
23588,3
23590,4
23591,3
23593,6
23594,11
23596,1
23597,8
23600,17
23603,6
23604,2
23606,19
23607,3
23609,5
23610,5
23612,2
23613,15
23616,17
23619,15
23620,1
23622,4
23623,6
23625,5
23626,7
23628,4
23629,10
23632,12
23635,7
23636,3
23638,6
23639,3
23641,5
23642,12
23644,1
23645,24
23648,10
23651,13
23652,4
23654,3
23655,8
23657,7
23658,17
23660,2
23661,8
23664,20
23667,14
23668,1
23670,8
23671,5
23673,4
23674,10
23676,6
23677,12
23680,13
23683,11
23684,5
23686,7
23687,1
23689,11
23690,14
23693,5
23696,15
23699,7
23700,2
23702,6
23703,6
23705,3
23706,12
23708,4
23709,16
23712,23
23715,20
23716,5
23718,11
23719,8
23721,7
23722,11
23724,1
23725,13
23728,24
23731,6
23734,7
23735,5
23737,4
23738,6
23740,2
23741,23
23744,23
23747,13
23748,2
23750,4
23751,4
23753,7
23754,10
23756,2
23757,8
23760,18
23763,12
23764,1
23766,16
23767,11
23769,3
23770,9
23772,2
23773,16
23776,15
23779,13
23780,4
23782,14
23783,2
23785,6
23786,11
23788,4
23789,9
23792,15
23795,8
23796,5
23798,8
23799,8
23801,5
23802,10
23804,3
23805,8
23808,15
23811,17
23812,4
23814,5
23815,4
23817,11
23818,3
23820,5
23821,6
23824,17
23827,7
23828,2
23830,10
23831,4
23833,7
23834,12
23837,11
23840,14
23843,16
23844,5
23846,6
23847,6
23849,3
23850,13
23852,4
23853,13
23856,9
23859,8
23860,3
23862,14
23863,8
23865,1
23866,10
23868,2
23869,16
23872,13
23875,14
23876,2
23878,11
23879,6
23881,5
23882,22
23884,2
23885,8
23888,24
23891,9
23892,3
23894,10
23895,5
23897,6
23898,8
23900,3
23901,16
23904,8
23907,13
23908,5
23910,6
23911,3
23913,6
23914,10
23916,1
23917,10
23920,10
23923,11
23924,3
23926,7
23927,6
23929,2
23930,8
23932,3
23933,9
23936,5
23939,12
23940,1
23942,6
23943,5
23945,6
23946,9
23948,7
23949,11
23952,17
23955,6
23956,2
23958,8
23959,8
23961,5
23962,8
23964,4
23965,17
23968,11
23971,13
23974,7
23975,8
23977,6
23978,13
23980,3
23981,12
23984,13
23987,10
23988,6
23990,11
23991,6
23993,8
23994,8
23996,2
23997,15
24000,11
24003,19
24004,2
24006,6
24007,4
24009,6
24010,7
24012,3
24013,7
24016,23
24019,7
24020,3
24022,17
24023,8
24025,4
24026,2
24028,2
24029,13
24032,13
24035,15
24038,7
24039,5
24041,5
24042,9
24044,3
24045,8
24048,18
24051,6
24052,3
24054,11
24055,3
24057,2
24058,9
24060,7
24061,11
24064,19
24067,7
24068,3
24070,6
24071,1
24073,8
24074,7
24076,2
24077,8
24080,21
24083,12
24084,1
24086,11
24087,5
24089,8
24090,8
24092,1
24093,16
24096,8
24099,18
24100,4
24102,5
24103,2
24105,5
24106,9
24108,4
24109,12
24112,15
24115,10
24116,4
24118,6
24119,11
24121,3
24122,10
24124,1
24125,15
24128,7
24131,10
24132,2
24134,8
24135,6
24137,6
24138,17
24140,2
24141,15
24144,16
24147,14
24148,4
24150,13
24151,5
24153,2
24154,6
24156,3
24157,8
24160,11
24163,18
24164,2
24166,10
24167,8
24169,7
24170,6
24172,3
24173,8
24176,16
24179,9
24182,7
24183,4
24185,3
24186,4
24188,5
24189,15
24192,12
24195,12
24196,4
24198,4
24199,3
24201,10
24202,8
24204,1
24205,11
24208,11
24211,8
24212,1
24214,12
24215,5
24217,4
24218,9
24220,4
24221,20
24224,12
24227,12
24228,3
24230,7
24231,5
24233,4
24234,6
24236,2
24237,13
24240,19
24243,8
24244,3
24246,14
24247,9
24249,5
24250,6
24252,5
24253,12
24256,16
24259,13
24260,4
24262,5
24263,6
24265,3
24266,13
24268,7
24269,7
24272,19
24275,8
24276,1
24278,14
24279,10
24281,6
24282,4
24284,3
24285,8
24288,9
24291,15
24292,5
24294,6
24295,4
24297,5
24298,9
24300,1
24301,12
24304,12
24307,12
24308,2
24310,10
24311,4
24313,1
24314,7
24316,1
24317,19
24320,8
24323,11
24326,5
24327,5
24329,6
24330,6
24332,4
24333,12
24336,11
24339,6
24340,3
24342,10
24343,4
24345,4
24346,8
24348,5
24349,10
24352,17
24355,9
24358,8
24359,1
24361,11
24362,8
24364,1
24365,8
24368,15
24371,11
24372,3
24374,11
24375,10
24377,4
24378,6
24380,3
24381,12
24384,13
24387,7
24388,3
24390,9
24391,5
24393,6
24394,12
24396,2
24397,3
24400,16
24403,7
24404,5
24406,5
24407,7
24409,1
24410,7
24412,4
24413,6
24416,12
24419,17
24420,5
24422,4
24423,6
24425,3
24426,6
24428,1
24429,4
24432,16
24435,11
24438,7
24439,8
24441,3
24442,11
24444,5
24445,15
24448,6
24451,12
24452,4
24454,3
24455,5
24457,5
24458,8
24460,1
24461,11
24464,10
24467,7
24468,2
24470,15
24471,14
24473,6
24474,13
24476,3
24477,13
24480,4
24483,11
24484,2
24486,4
24487,3
24489,7
24490,13
24492,5
24493,13
24496,15
24499,11
24500,3
24502,8
24503,1
24505,3
24506,5
24508,1
24509,12
24512,9
24515,9
24516,2
24518,4
24519,9
24521,5
24522,6
24524,6
24525,8
24528,14
24531,6
24532,1
24534,11
24535,9
24537,6
24538,4
24540,5
24541,8
24544,11
24547,12
24548,3
24550,9
24551,9
24553,5
24554,9
24556,4
24557,11
24560,17
24563,17
24564,1
24566,5
24567,9
24569,5
24570,4
24572,2
24573,14
24576,21
24579,12
24580,4
24582,8
24583,3
24585,1
24586,11
24588,2
24589,8
24592,15
24595,17
24596,3
24598,11
24599,6
24601,6
24602,12
24604,2
24605,12
24608,11
24611,14
24614,8
24615,7
24617,9
24618,12
24620,5
24621,3
24624,7
24627,11
24628,3
24630,11
24631,6
24633,8
24634,3
24636,3
24637,18
24640,18
24643,10
24644,1
24646,6
24647,7
24649,6
24650,5
24652,1
24653,11
24656,18
24659,10
24662,10
24663,4
24665,5
24666,9
24668,4
24669,9
24672,8
24675,19
24676,4
24678,11
24679,5
24681,3
24682,10
24685,13
24688,9
24691,10
24692,2
24694,17
24695,9
24697,5
24698,7
24700,3
24701,11
24704,20
24707,8
24708,3
24710,5
24711,4
24713,6
24714,6
24716,2
24717,7
24720,12
24723,13
24724,4
24726,11
24727,10
24729,2
24730,4
24732,2
24733,8
24736,9
24739,12
24740,4
24742,8
24743,15
24745,10
24746,9
24748,1
24749,16
24752,15
24755,12
24756,1
24758,7
24759,8
24761,3
24762,2
24764,1
24765,12
24768,10
24771,17
24772,5
24774,4
24775,3
24777,8
24778,6
24781,8
24784,17
24787,4
24788,2
24790,7
24791,12
24793,7
24794,8
24796,4
24797,5
24800,12
24803,11
24804,4
24806,7
24807,4
24809,4
24810,7
24812,4
24813,12
24816,13
24819,7
24820,2
24822,9
24823,5
24825,3
24826,9
24828,4
24829,14
24832,12
24835,11
24836,2
24838,6
24839,7
24841,9
24842,9
24844,2
24845,15
24848,12
24851,7
24852,2
24854,7
24855,9
24857,2
24858,6
24860,3
24861,8
24864,12
24867,9
24868,2
24870,12
24871,5
24873,5
24874,8
24876,4
24877,8
24880,14
24883,13
24886,15
24887,7
24889,4
24890,7
24892,4
24893,16
24896,2
24899,17
24900,3
24902,8
24903,5
24905,8
24906,8
24908,2
24909,3
24912,10
24915,12
24918,4
24919,7
24921,4
24922,9
24924,2
24925,14
24928,5
24931,12
24932,3
24934,7
24935,2
24937,7
24938,9
24940,1
24941,8
24944,19
24947,7
24948,2
24950,7
24951,9
24953,7
24954,6
24956,2
24957,18
24960,15
24963,16
24964,6
24966,5
24967,1
24969,5
24970,12
24972,3
24973,12
24976,16
24979,12
24980,4
24982,11
24983,5
24985,6
24986,5
24988,6
24989,9
24992,10
24995,13
24996,4
24998,7
24999,1
25001,7
25002,12
25004,3
25005,9
25008,22
25011,9
25014,10
25015,6
25017,1
25018,6
25020,4
25021,12
25024,10
25027,13
25028,3
25030,8
25031,4
25033,5
25034,7
25037,14
25040,16
25043,14
25044,2
25046,5
25047,8
25049,6
25050,5
25052,1
25053,15
25056,13
25059,18
25060,4
25062,9
25063,3
25065,4
25066,7
25068,2
25069,8
25072,15
25075,10
25076,1
25078,10
25079,10
25081,4
25082,8
25084,3
25085,13
25088,7
25091,21
25092,2
25094,11
25095,4
25097,9
25098,9
25100,4
25101,6
25104,15
25107,7
25108,2
25110,8
25111,2
25113,4
25114,7
25116,6
25117,9
25120,5
25123,9
25124,4
25126,8
25127,5
25129,4
25130,14
25132,3
25133,9
25136,24
25139,12
25140,3
25142,10
25143,9
25145,3
25146,8
25148,4
25149,16
25152,11
25155,11
25156,4
25158,8
25159,5
25161,5
25162,14
25164,3
25165,9
25168,21
25171,8
25172,4
25174,8
25175,5
25177,6
25178,6
25180,2
25181,16
25184,6
25187,9
25190,5
25191,2
25193,5
25194,11
25196,8
25197,15
25200,14
25203,16
25204,2
25206,12
25207,8
25209,3
25210,4
25212,2
25213,11
25216,10
25219,13
25220,3
25222,5
25223,6
25225,8
25226,9
25228,2
25229,7
25232,14
25235,6
25236,1
25238,12
25239,5
25241,3
25242,5
25244,4
25245,8
25248,8
25251,12
25252,1
25254,7
25255,4
25257,9
25258,15
25260,2
25261,10
25264,15
25267,8
25270,13
25271,12
25273,7
25274,3
25276,6
25277,14
25280,18
25283,9
25284,5
25286,5
25287,5
25289,7
25290,6
25292,1
25293,12
25296,15
25299,15
25300,3
25302,4
25303,4
25305,6
25306,7
25308,5
25309,13
25312,8
25315,15
25316,3
25318,9
25319,4
25321,12
25322,10
25324,2
25325,9
25328,19
25331,7
25332,3
25334,8
25335,10
25337,5
25338,7
25340,3
25341,11
25344,11
25347,12
25348,4
25350,5
25351,1
25353,4
25354,16
25356,1
25357,14
25360,17
25363,11
25364,4
25366,5
25367,15
25369,4
25370,8
25372,2
25373,7
25376,14
25379,13
25380,4
25382,7
25383,8
25385,5
25386,13
25388,3
25389,5
25392,9
25395,8
25396,2
25398,10
25399,5
25401,10
25402,10
25404,4
25405,18
25408,18
25411,3
25412,4
25414,12
25415,8
25417,9
25418,15
25420,5
25421,20
25424,15
25427,6
25428,3
25430,14
25431,4
25433,5
25434,5
25437,22
25440,12
25443,19
25444,4
25446,8
25447,6
25449,2
25450,4
25452,2
25453,9
25456,14
25459,3
25460,4
25462,5
25463,4
25465,2
25466,10
25468,2
25469,19
25472,13
25475,14
25476,7
25478,4
25479,6
25481,9
25482,10
25484,4
25485,8
25488,16
25491,12
25492,1
25494,2
25495,6
25497,4
25498,2
25500,3
25501,10
25504,8
25507,8
25508,2
25510,6
25511,5
25513,4
25514,13
25516,1
25517,5
25520,14
25523,11
25524,2
25526,5
25527,13
25529,2
25530,7
25532,1
25533,11
25536,13
25539,11
25540,3
25542,3
25543,3
25545,6
25546,8
25549,5
25552,17
25555,20
25556,4
25558,8
25559,7
25561,4
25562,7
25564,2
25565,21
25568,12
25571,5
25572,1
25574,7
25577,5
25578,9
25580,4
25581,4
25584,15
25587,7
25590,12
25591,10
25593,2
25594,6
25596,3
25597,10
25600,17
25603,12
25604,6
25606,9
25607,5
25609,6
25610,11
25612,1
25613,6
25616,15
25619,10
25620,1
25622,8
25623,5
25625,5
25626,4
25628,6
25629,12
25632,6
25635,11
25636,5
25638,7
25639,3
25641,4
25642,16
25644,5
25645,10
25648,7
25651,4
25652,3
25654,7
25655,11
25657,4
25658,7
25660,5
25661,17
25664,12
25667,11
25668,6
25670,6
25671,5
25673,7
25674,7
25676,4
25677,7
25680,11
25683,11
25684,4
25686,13
25687,10
25689,7
25690,8
25692,6
25693,9
25696,14
25699,11
25700,1
25702,5
25703,3
25705,8
25706,9
25708,4
25709,10
25712,9
25715,7
25716,1
25718,13
25719,10
25721,3
25722,7
25724,5
25725,10
25728,14
25731,10
25734,6
25735,4
25737,2
25738,7
25740,2
25741,8
25744,13
25747,12
25748,2
25750,7
25751,7
25753,5
25754,8
25756,6
25757,14
25760,15
25763,8
25764,8
25766,6
25769,10
25770,13
25772,4
25773,9
25776,14
25779,12
25782,7
25783,9
25785,3
25786,7
25789,14
25792,6
25795,18
25796,1
25798,8
25799,3
25801,5
25802,13
25804,2
25805,11
25808,12
25811,11
25812,3
25814,10
25815,5
25817,4
25818,5
25820,6
25821,22
25824,10
25827,14
25828,1
25830,8
25831,9
25833,8
25834,10
25836,6
25837,7
25840,16
25843,8
25844,1
25846,7
25847,2
25849,9
25850,12
25852,1
25853,15
25856,11
25859,11
25860,1
25862,10
25865,8
25866,8
25868,1
25869,10
25872,13
25875,9
25876,1
25878,9
25879,6
25881,8
25882,6
25884,5
25885,12
25888,8
25891,9
25892,1
25894,14
25895,5
25897,10
25898,10
25900,1
25901,9
25904,22
25907,19
25908,1
25910,11
25911,3
25913,3
25914,6
25916,3
25917,14
25920,9
25923,10
25924,2
25926,4
25927,4
25929,7
25930,6
25932,2
25933,10
25936,16
25939,10
25940,3
25942,14
25943,5
25945,5
25946,3
25948,2
25949,20
25952,9
25955,9
25956,2
25958,7
25959,5
25961,2
25962,9
25964,4
25965,9
25968,15
25971,6
25972,2
25974,12
25975,6
25977,4
25978,8
25980,1
25981,17
25984,9
25987,15
25988,1
25990,7
25991,5
25993,7
25994,10
25997,7
26000,16
26003,9
26006,12
26007,7
26009,6
26010,8
26013,13
26016,13
26019,14
26020,6
26022,8
26023,2
26025,5
26026,9
26028,3
26029,6
26032,16
26035,12
26036,1
26038,6
26039,3
26041,2
26042,9
26045,13
26048,10
26051,10
26052,5
26054,10
26055,7
26057,3
26058,10
26060,2
26061,8
26064,7
26067,4
26068,2
26070,7
26071,8
26073,8
26074,7
26076,3
26077,7
26080,7
26083,21
26084,6
26086,8
26087,3
26089,4
26090,13
26092,2
26093,10
26096,18
26099,5
26100,1
26102,4
26103,4
26105,7
26106,7
26108,3
26109,13
26112,14
26115,15
26116,1
26118,9
26119,4
26121,6
26122,8
26124,3
26125,12
26128,16
26131,11
26132,2
26134,4
26135,9
26137,3
26138,6
26140,2
26141,12
26144,10
26147,11
26148,3
26150,6
26151,3
26153,3
26154,8
26156,5
26157,5
26160,19
26163,18
26164,2
26166,6
26167,8
26169,5
26170,4
26172,5
26173,19
26176,11
26179,11
26180,2
26182,8
26183,2
26185,14
26186,11
26188,1
26189,9
26192,16
26195,10
26198,6
26199,2
26201,3
26202,2
26204,4
26205,21
26208,13
26211,10
26212,2
26214,9
26215,3
26217,6
26218,15
26220,3
26221,6
26224,21
26227,5
26228,1
26230,10
26231,3
26233,7
26234,6
26236,1
26237,19
26240,5
26243,11
26244,4
26246,6
26247,5
26249,4
26250,8
26252,1
26253,11
26256,15
26259,4
26262,9
26263,10
26265,4
26266,7
26268,1
26269,8
26272,12
26275,16
26276,4
26278,7
26279,3
26281,8
26282,8
26284,3
26285,13
26288,11
26291,9
26292,4
26294,10
26295,9
26297,5
26298,6
26300,3
26301,10
26304,9
26307,11
26308,5
26310,1
26311,9
26313,7
26314,6
26316,1
26317,11
26320,10
26323,10
26324,2
26326,10
26327,2
26329,4
26330,6
26332,2
26333,14
26336,7
26339,8
26340,4
26342,11
26343,1
26345,8
26346,9
26348,2
26349,11
26352,10
26355,14
26356,1
26358,7
26359,9
26361,4
26362,7
26364,4
26365,6
26368,4
26371,10
26372,2
26374,8
26375,3
26377,6
26378,9
26380,1
26381,6
26384,7
26387,5
26390,13
26391,6
26393,2
26394,8
26396,2
26397,15
26400,7
26403,10
26404,2
26406,2
26407,7
26409,7
26410,11
26412,3
26413,4
26416,10
26419,10
26420,3
26422,11
26423,6
26425,4
26426,2
26428,5
26429,13
26432,9
26435,14
26436,4
26438,2
26439,2
26441,7
26442,8
26444,1
26445,8
26448,15
26451,6
26452,1
26454,9
26455,8
26457,1
26458,6
26460,6
26461,6
26464,10
26467,9
26468,5
26470,10
26471,2
26473,2
26474,6
26476,3
26477,7
26480,10
26483,9
26484,1
26486,4
26487,6
26489,4
26490,2
26492,5
26493,13
26496,8
26499,13
26500,2
26502,3
26503,2
26505,6
26506,5
26508,1
26509,13
26512,11
26515,7
26516,4
26518,5
26519,5
26521,4
26522,3
26524,3
26525,5
26528,12
26531,11
26532,2
26534,8
26535,2
26537,5
26538,6
26540,2
26541,7
26544,9
26547,4
26548,1
26550,12
26551,6
26553,5
26554,10
26556,1
26557,5
26560,7
26563,12
26566,7
26567,5
26569,7
26570,8
26573,7
26576,9
26579,10
26582,10
26583,4
26585,3
26586,6
26588,1
26589,13
26592,2
26595,11
26596,2
26598,7
26599,4
26601,4
26602,8
26604,4
26605,6
26608,19
26611,5
26612,2
26614,6
26615,9
26617,7
26618,5
26620,4
26621,10
26624,7
26627,9
26628,6
26630,6
26631,3
26633,1
26634,5
26636,2
26637,8
26640,12
26643,9
26644,3
26646,4
26647,3
26649,2
26650,3
26652,1
26653,10
26656,10
26659,10
26660,2
26662,2
26663,3
26665,3
26666,5
26668,2
26669,5
26672,10
26675,7
26676,3
26678,9
26679,6
26681,4
26682,5
26684,1
26685,7
26688,6
26691,10
26692,1
26694,5
26695,3
26697,4
26698,9
26700,1
26701,3
26704,6
26707,8
26710,2
26711,14
26713,1
26714,4
26716,3
26717,9
26720,4
26723,4
26724,2
26726,1
26727,3
26729,10
26730,6
26733,1
26736,10
26739,3
26740,3
26742,9
26743,2
26745,2
26746,8
26748,3
26749,7
26752,7
26755,5
26756,2
26758,5
26759,2
26761,2
26762,6
26765,4
26768,11
26771,13
26772,3
26774,5
26775,3
26777,5
26778,8
26780,2
26781,8
26784,9
26787,7
26788,3
26790,5
26791,3
26793,4
26794,5
26796,1
26797,6
26800,9
26803,13
26804,2
26806,5
26807,8
26809,4
26810,5
26812,2
26813,9
26816,5
26819,4
26820,2
26822,3
26823,1
26825,1
26826,6
26828,1
26829,7
26832,16
26835,6
26836,1
26838,4
26839,6
26841,2
26842,7
26844,3
26845,9
26848,5
26851,9
26852,3
26854,9
26855,1
26857,3
26858,8
26860,1
26861,7
26864,10
26867,7
26868,3
26870,5
26871,6
26873,2
26874,4
26876,5
26877,7
26880,3
26883,6
26884,1
26886,5
26887,3
26889,5
26890,10
26892,1
26893,6
26896,7
26899,9
26900,3
26902,4
26903,3
26905,2
26906,2
26908,7
26909,6
26912,8
26915,5
26916,3
26918,5
26919,1
26921,4
26922,2
26924,4
26925,4
26928,4
26931,3
26932,2
26934,10
26935,4
26937,2
26938,4
26940,4
26941,6
26944,9
26947,10
26948,1
26950,1
26951,2
26953,4
26954,5
26956,2
26957,10
26960,12
26963,3
26964,1
26966,7
26967,2
26969,4
26970,5
26972,2
26973,7
26976,7
26979,7
26980,1
26982,1
26983,4
26985,2
26986,5
26989,5
26992,12
26995,9
26998,3
26999,6
27001,3
27002,6
27004,1
27005,9
27008,5
27011,5
27014,4
27015,4
27017,2
27018,9
27020,1
27021,6
27024,5
27027,7
27028,1
27030,8
27031,7
27033,3
27034,3
27036,2
27037,6
27040,5
27043,6
27046,4
27047,1
27049,3
27050,3
27052,2
27053,4
27056,5
27059,7
27060,1
27062,6
27063,4
27068,2
27069,5
27072,5
27075,12
27076,3
27078,3
27081,1
27082,10
27084,1
27085,8
27088,7
27091,9
27092,1
27094,5
27095,1
27098,4
27100,3
27101,7
27104,8
27107,6
27110,5
27111,2
27113,1
27114,2
27117,4
27120,5
27123,5
27126,3
27127,5
27129,1
27130,6
27132,2
27133,6
27136,8
27139,4
27142,2
27143,3
27145,3
27146,2
27148,1
27149,4
27152,10
27155,7
27158,5
27159,3
27162,4
27164,1
27165,3
27168,5
27171,9
27172,2
27174,5
27175,3
27177,1
27178,6
27180,2
27181,5
27184,11
27187,5
27188,1
27191,1
27193,1
27194,1
27196,1
27197,3
27200,5
27203,13
27204,1
27206,2
27209,2
27210,3
27213,3
27216,10
27219,3
27222,1
27223,4
27225,2
27226,2
27228,2
27229,8
27232,15
27235,7
27236,1
27239,2
27241,3
27242,1
27244,2
27245,3
27248,8
27251,4
27254,2
27255,4
27257,1
27258,3
27260,2
27261,4
27264,2
27267,1
27268,1
27270,3
27271,1
27273,1
27274,3
27276,2
27277,4
27280,6
27283,5
27284,1
27286,7
27287,2
27289,2
27290,1
27292,1
27293,2
27296,3
27299,3
27300,1
27302,4
27303,1
27305,2
27306,5
27308,1
27309,2
27312,5
27315,3
27318,3
27319,4
27321,1
27322,3
27325,1
27328,2
27331,1
27332,1
27334,1
27335,2
27338,1
27341,5
27344,8
27347,5
27350,2
27351,1
27353,1
27354,2
27356,2
27357,4
27360,6
27363,3
27366,3
27367,3
27369,4
27370,4
27372,2
27373,6
27376,3
27379,2
27380,2
27382,5
27383,1
27386,2
27389,9
27392,7
27395,7
27398,1
27399,2
27401,3
27402,4
27404,1
27405,4
27408,2
27411,5
27412,1
27414,1
27415,2
27417,1
27418,4
27421,6
27424,1
27427,9
27430,2
27433,4
27434,2
27437,2
27440,7
27443,3
27444,1
27446,3
27450,2
27452,2
27453,2
27456,2
27459,4
27460,3
27462,2
27463,1
27465,3
27466,5
27469,1
27472,4
27475,2
27478,3
27479,4
27481,3
27482,1
27484,3
27485,2
27488,6
27491,7
27492,1
27494,1
27495,4
27497,2
27498,4
27500,3
27501,3
27504,4
27507,3
27508,1
27510,4
27511,2
27514,1
27516,3
27517,3
27520,3
27523,3
27526,3
27527,1
27529,3
27530,6
27532,2
27533,3
27536,5
27539,1
27542,2
27543,3
27545,2
27546,4
27548,2
27549,6
27552,8
27555,1
27558,5
27559,2
27561,2
27562,4
27564,1
27565,3
27568,4
27571,3
27574,1
27575,2
27577,2
27578,1
27581,5
27584,3
27587,4
27590,2
27591,2
27593,2
27594,4
27596,1
27597,1
27600,6
27603,1
27606,1
27607,2
27610,1
27613,4
27616,3
27619,4
27622,4
27625,1
27626,4
27628,2
27629,2
27632,5
27635,2
27636,1
27638,2
27639,2
27642,3
27644,1
27645,3
27648,4
27651,3
27654,5
27655,3
27658,2
27661,3
27664,4
27667,2
27668,1
27670,3
27673,2
27674,2
27677,4
27680,3
27683,4
27686,1
27689,2
27690,3
27693,4
27696,6
27699,1
27702,2
27703,2
27705,2
27706,2
27709,1
27712,3
27715,2
27718,1
27719,1
27721,1
27722,4
27725,5
27728,3
27731,2
27734,2
27735,2
27737,2
27740,2
27741,4
27744,1
27747,1
27748,1
27753,2
27757,5
27760,4
27763,2
27764,1
27766,2
27767,1
27770,1
27776,3
27779,3
27780,1
27782,2
27783,1
27785,1
27786,2
27789,2
27792,5
27795,4
27796,1
27798,3
27799,2
27801,1
27802,3
27804,1
27805,2
27808,2
27811,3
27814,1
27815,2
27817,1
27818,2
27820,1
27821,1
27824,1
27827,1
27831,2
27836,1
27837,6
27840,1
27843,2
27844,2
27846,2
27853,2
27856,2
27859,2
27862,1
27863,2
27865,1
27868,1
27869,2
27872,3
27875,1
27876,1
27878,3
27879,2
27882,2
27888,1
27894,1
27895,1
27897,1
27898,1
27901,3
27904,4
27907,5
27908,1
27910,1
27911,3
27913,1
27916,1
27917,4
27920,3
27923,2
27926,3
27929,1
27930,1
27932,1
27933,1
27936,1
27939,1
27940,1
27942,1
27943,2
27945,2
27946,1
27948,1
27949,2
27952,3
27958,1
27962,1
27968,2
27971,1
27974,2
27978,1
27981,1
27984,3
27987,1
27988,1
27993,1
27997,3
28000,6
28003,1
28010,1
28013,2
28016,1
28019,1
28022,2
28023,2
28025,1
28028,1
28029,2
28032,2
28035,3
28041,1
28042,4
28045,1
28048,7
28051,2
28054,1
28058,1
28060,2
28064,3
28067,3
28070,1
28074,4
28077,2
28080,2
28083,2
28086,1
28090,1
28092,1
28093,2
28099,5
28100,2
28103,2
28105,1
28106,1
28109,1
28112,4
28115,1
28119,1
28121,1
28122,1
28124,2
28131,2
28132,1
28134,1
28137,1
28138,2
28141,2
28144,7
28147,3
28148,1
28151,1
28153,2
28157,2
28160,2
28163,1
28164,2
28167,1
28169,3
28170,3
28172,1
28173,1
28176,2
28179,2
28182,2
28183,1
28186,2
28188,1
28189,6
28195,1
28196,1
28198,1
28199,1
28201,3
28202,1
28208,5
28211,5
28215,2
28217,2
28218,1
28220,1
28221,3
28224,3
28227,1
28228,2
28231,1
28234,2
28237,2
28240,1
28243,2
28252,1
28253,2
28256,4
28259,5
28262,1
28266,1
28272,2
28275,2
28278,2
28279,2
28281,3
28285,2
28288,1
28291,3
28294,1
28295,1
28297,2
28298,1
28301,2
28304,2
28307,1
28313,1
28314,1
28317,3
28320,4
28323,2
28324,1
28326,1
28330,1
28336,2
28342,1
28346,1
28349,3
28352,2
28355,3
28361,2
28365,1
28368,2
28371,1
28374,1
28375,1
28377,1
28378,3
28381,3
28384,2
28388,2
28390,2
28393,1
28394,1
28396,1
28400,1
28409,1
28410,1
28412,1
28413,4
28416,5
28419,2
28420,1
28423,1
28426,2
28435,2
28439,1
28442,1
28451,4
28455,1
28458,1
28464,1
28467,2
28468,1
28470,3
28471,1
28474,3
28483,2
28486,1
28490,1
28496,2
28499,1
28503,1
28505,1
28512,4
28515,1
28519,1
28521,1
28522,2
28524,1
28528,1
28531,1
28534,1
28538,2
28540,1
28541,2
28544,1
28547,1
28553,1
28554,3
28556,1
28557,2
28563,1
28567,2
28569,1
28570,2
28572,1
28579,1
28583,1
28586,1
28589,2
28598,2
28599,1
28602,2
28605,1
28611,1
28612,1
28614,1
28621,1
28624,3
28627,2
28633,1
28636,3
28637,1
28640,1
28643,1
28647,1
28652,1
28656,2
28659,1
28666,1
28668,1
28669,3
28672,3
28675,2
28678,1
28682,2
28685,2
28688,1
28691,1
28698,3
28700,1
28701,1
28720,2
28723,1
28726,3
28727,1
28733,3
28736,2
28739,1
28746,1
28749,1
28755,1
28758,1
28759,2
28764,1
28768,1
28777,1
28781,1
28784,1
28790,1
28794,1
28797,1
28803,6
28809,2
28810,1
28813,1
28816,2
28822,2
28829,4
28835,1
28841,2
28842,2
28848,1
28851,1
28854,1
28858,2
28864,1
28884,1
28886,2
28890,1
28892,1
28893,1
28896,3
28902,1
28905,1
28912,2
28918,1
28919,2
28921,1
28928,1
28938,1
28947,2
28950,1
28954,1
28956,1
28960,4
28967,2
28970,1
28972,1
28976,1
28980,1
29004,1
29005,1
29008,1
29014,1
29015,1
29018,2
29020,1
29021,1
29024,2
29028,1
29030,1
29031,1
29037,3
29040,1
29044,1
29046,1
29047,1
29053,3
29059,3
29065,1
29072,4
29078,2
29088,2
29095,1
29098,1
29114,1
29120,2
29130,1
29132,1
29139,1
29143,1
29145,1
29149,1
29155,1
29161,1
29162,1
29168,2
29175,1
29177,1
29178,2
29181,2
29184,1
29188,1
29190,1
29206,2
29216,1
29222,1
29223,1
29226,1
29232,1
29239,2
29251,2
29254,1
29258,1
29261,1
29268,2
29286,1
29290,1
29309,1
29315,1
29319,1
29334,1
29337,1
29338,1
29341,2
29344,1
29347,1
29356,1
29357,1
29360,1
29364,1
29373,1
29376,1
29379,4
29382,2
29389,1
29396,1
29398,3
29399,1
29402,1
29417,1
29424,2
29430,1
29431,1
29437,1
29440,2
29443,1
29450,1
29453,1
29456,1
29462,1
29466,1
29469,2
29475,1
29484,1
29488,3
29498,1
29500,1
29501,1
29510,1
29513,1
29514,1
29520,1
29524,1
29526,1
29527,1
29539,1
29545,1
29546,1
29558,2
29568,1
29571,2
29577,2
29581,1
29587,1
29593,1
29597,2
29600,2
29603,1
29604,1
29606,1
29607,1
29613,2
29616,1
29619,1
29620,2
29638,1
29642,1
29644,1
29648,1
29654,1
29661,2
29667,2
29671,1
29674,2
29680,3
29702,1
29708,1
29728,2
29747,1
29751,1
29757,1
29763,1
29776,1
29783,1
29786,2
29792,1
29795,1
29798,1
29805,1
29811,1
29821,1
29828,1
29843,1
29846,1
29847,1
29853,1
29859,1
29863,1
29879,2
29885,1
29891,1
29898,2
29913,1
29929,1
29942,1
29948,1
29959,1
29962,1
29965,2
29974,2
29980,1
29984,1
29988,1
29990,1
30000,1
30006,2
30013,1
30016,1
30032,1
30035,1
30038,1
30045,2
30048,1
30058,1
30071,1
30074,1
30077,1
30080,1
30083,2
30089,1
30096,2
30106,1
30112,1
30116,1
30128,1
30147,2
30150,1
30154,2
30157,2
30160,2
30163,1
30166,1
30173,1
30176,2
30179,1
30186,1
30189,1
30192,1
30195,1
30196,1
30208,1
30211,3
30224,1
30227,1
30230,1
30236,1
30237,2
30260,1
30263,1
30269,2
30272,1
30288,1
30291,1
30295,1
30298,1
30301,1
30304,2
30316,1
30317,1
30330,1
30336,1
30346,1
30349,1
30365,1
30381,1
30387,1
30397,1
30400,1
30413,1
30420,1
30429,2
30432,1
30442,1
30445,2
30458,1
30471,1
30473,1
30474,2
30480,1
30489,1
30493,2
30496,1
30499,1
30515,1
30519,1
30521,2
30522,2
30538,1
30544,1
30547,1
30557,1
30570,1
30576,2
30592,1
30605,2
30608,1
30614,1
30618,1
30621,1
30624,1
30627,1
30636,1
30637,1
30640,2
30646,1
30647,1
30650,1
30653,3
30660,1
30665,1
30672,1
30688,1
30697,1
30707,1
30717,1
30742,1
30756,1
30780,1
30781,1
30788,1
30793,1
30800,1
30807,1
30822,1
30825,1
30826,1
30839,2
30867,1
30870,1
30880,1
30883,2
30886,1
30896,1
30912,2
30918,2
30922,1
30934,1
30938,1
30957,1
30960,1
30973,2
30982,2
30999,2
31002,1
31004,1
31021,1
31024,1
31037,1
31046,1
31053,2
31056,1
31066,1
31085,1
31088,1
31094,1
31117,1
31133,1
31139,1
31152,2
31155,1
31165,1
31168,1
31177,1
31190,1
31203,2
31206,1
31219,1
31229,2
31235,1
31254,1
31260,1
31267,1
31273,1
31289,1
31293,3
31302,1
31309,1
31318,1
31328,1
31331,1
31338,2
31350,1
31369,1
31383,1
31385,2
31395,1
31411,2
31417,1
31421,2
31430,1
31431,1
31437,1
31443,1
31446,1
31449,1
31459,1
31460,1
31465,1
31472,2
31479,1
31488,1
31500,1
31507,1
31517,1
31520,2
31523,1
31536,1
31548,1
31558,1
31626,1
31632,1
31638,1
31642,1
31644,1
31645,1
31648,1
31661,1
31667,1
31673,1
31674,1
31680,1
31696,1
31709,1
31715,3
31722,2
31734,1
31747,2
31764,1
31780,1
31792,1
31799,1
31814,1
31817,1
31818,1
31820,1
31836,1
31863,1
31868,1
31879,1
31884,1
31888,1
31900,1
31917,2
31920,1
31927,1
31940,1
31949,1
31962,1
31974,1
31981,2
31997,1
32000,1
32003,2
32016,1
32048,1
32051,1
32055,1
32070,1
32073,1
32083,1
32096,1
32112,1
32118,1
32125,1
32137,2
32141,1
32144,1
32208,1
32221,1
32240,2
32262,1
32288,1
32292,2
32295,1
32298,1
32304,1
32316,1
32330,2
32349,1
32352,1
32368,3
32374,1
32397,1
32426,1
32436,1
32438,1
32477,1
32483,1
32515,1
32518,1
32528,1
32531,1
32550,1
32560,1
32573,1
32599,1
32608,1
32621,1
32630,1
32637,1
32643,2
32650,1
32656,1
32662,1
32684,1
32694,1
32717,1
32739,1
32752,1
32762,1
32771,1
32778,1
32788,1
32797,1
32800,2
32810,2
32857,1
32864,1
32877,1
32880,1
32889,1
32890,1
32892,1
32893,1
32896,1
32915,1
32922,1
32986,1
33008,1
33024,1
33040,1
33050,1
33059,1
33066,1
33072,1
33076,1
33107,1
33143,1
33149,1
33156,1
33165,1
33168,1
33174,1
33181,1
33210,1
33222,1
33223,1
33229,1
33251,1
33274,1
33277,1
33286,1
33328,1
33334,1
33341,2
33351,1
33360,1
33433,1
33456,2
33460,1
33469,1
33517,1
33523,1
33530,1
33539,1
33559,1
33568,1
33597,1
33610,1
33625,1
33667,3
33674,1
33683,1
33686,1
33705,1
33741,1
33744,1
33756,1
33760,1
33766,1
33785,1
33805,1
33814,1
33815,1
33817,1
33831,1
33856,1
33860,1
33911,1
33914,1
33939,1
33964,1
33975,1
34000,1
34016,1
34023,1
34058,1
34077,1
34083,1
34089,1
34128,1
34147,1
34154,1
34195,1
34202,1
34208,1
34237,1
34249,1
34263,1
34275,1
34284,1
34288,2
34304,1
34310,1
34327,1
34352,1
34355,1
34374,1
34409,1
34413,1
34416,1
34439,1
34448,1
34473,1
34477,1
34518,1
34521,1
34538,1
34563,1
34567,1
34569,1
34573,3
34589,1
34602,1
34604,1
34615,1
34624,1
34634,1
34688,1
34716,1
34743,1
34768,1
34794,1
34804,1
34812,1
34826,1
34845,1
34903,1
34941,1
34992,1
35014,1
35018,1
35037,1
35050,1
35079,1
35088,1
35117,1
35133,1
35187,1
35197,1
35210,1
35229,1
35241,1
35312,1
35325,1
35347,1
35353,1
35389,1
35411,1
35414,1
35427,1
35450,1
35459,1
35481,1
35492,1
35536,2
35552,1
35594,1
35607,1
35712,1
35734,1
35773,1
35798,1
35805,1
35811,1
35824,1
35831,1
35878,1
35952,1
35978,1
36004,1
36016,1
36022,1
36035,1
36073,1
36080,1
36100,1
36131,1
36157,1
36208,1
36211,1
36228,1
36246,1
36288,1
36326,1
36343,1
36454,1
36458,1
36464,1
36522,1
36557,1
36576,2
36582,1
36611,1
36631,1
36634,1
36682,1
36739,1
36823,1
36877,1
36947,1
36979,1
37002,2
37011,1
37082,1
37111,1
37216,1
37236,1
37260,1
37299,1
37312,1
37353,1
37360,1
37373,1
37405,1
37430,1
37431,1
37479,1
37533,1
37539,1
37613,1
37654,1
37686,1
37703,1
37706,1
37751,1
37796,1
37856,1
37898,1
37911,1
37923,1
37961,1
38019,1
38090,1
38132,1
38176,1
38214,1
38256,1
38426,1
38439,1
38563,1
38595,1
38810,1
38835,1
38874,1
38969,1
39254,1
39318,1
39331,1
39440,1
39465,1
39504,1
39580,1
39670,1
39769,1
39830,1
40061,1
40195,1
40221,1
40244,1
40304,1
40640,1
40787,1
41021,1
41110,1
41203,1
41498,1
41753,1
41872,1
42211,1
42364,1
43120,1
53815,1
65088,1
105082,1
116714,1
146973,1
149277,1
153366,1
175478,1
182746,1
184327,1
202250,1
668483,1
1449373,1
2903613,1
3082061,1
3133447,1
3165078,1
3182732,1
3187911,1
3228739,1
3251091,1
3254406,1
3266896,1
3321814,1
3324042,1
3539708,1
3547273,1
