# Samples: 514630, Average: 14918.2 ns, StdDev: 49595.9 ns, Quartiles: 12409.0/14311.0/16124.0 ns
8544,1
8602,2
8621,1
8707,1
8730,1
8736,1
8748,1
8752,1
8755,1
8765,1
8768,1
8784,1
8788,1
8800,1
8803,1
8806,1
8813,1
8820,1
8825,2
8826,1
8832,3
8839,1
8842,1
8844,2
8845,2
8851,1
8858,1
8867,1
8873,2
8876,1
8883,1
8893,1
8902,2
8903,2
8909,2
8912,2
8915,1
8918,3
8922,1
8925,2
8931,1
8934,2
8937,1
8938,1
8947,3
8948,1
8951,1
8953,3
8954,1
8957,1
8960,2
8963,1
8966,1
8967,1
8969,1
8970,1
8973,2
8979,5
8980,2
8982,2
8985,2
8986,4
8992,2
8995,2
8998,2
9004,5
9005,4
9008,2
9011,2
9012,1
9014,2
9017,1
9018,1
9020,2
9024,2
9028,1
9030,1
9031,5
9036,1
9037,7
9040,1
9043,6
9044,1
9047,1
9049,3
9050,3
9052,3
9053,2
9056,7
9062,1
9063,3
9065,1
9066,3
9069,8
9075,3
9076,3
9078,1
9079,1
9081,2
9082,3
9085,3
9088,3
9091,2
9094,3
9095,2
9100,2
9101,3
9104,1
9107,3
9110,2
9113,2
9114,5
9117,4
9120,5
9123,2
9124,1
9126,4
9127,2
9130,2
9132,1
9133,4
9136,2
9139,7
9142,2
9145,2
9146,4
9148,2
9149,1
9152,6
9155,4
9158,2
9159,2
9161,1
9164,1
9165,5
9168,3
9171,6
9174,1
9175,1
9177,2
9178,4
9180,1
9181,3
9184,6
9187,4
9190,4
9191,2
9193,2
9194,3
9197,8
9200,3
9203,5
9204,1
9209,2
9210,7
9213,2
9216,7
9219,1
9220,1
9222,8
9223,3
9225,1
9228,1
9229,8
9232,1
9235,7
9239,1
9241,3
9242,3
9245,3
9248,7
9251,7
9254,5
9255,2
9257,2
9258,4
9261,7
9264,5
9267,7
9268,1
9271,1
9273,3
9274,2
9277,2
9280,12
9283,3
9286,8
9287,6
9289,3
9290,2
9292,3
9293,7
9296,4
9299,5
9300,1
9302,3
9303,3
9305,4
9306,5
9309,2
9312,9
9315,1
9318,3
9319,2
9322,3
9324,3
9325,7
9328,3
9331,7
9332,2
9334,5
9335,1
9337,4
9338,6
9340,1
9341,3
9344,12
9347,4
9348,2
9350,8
9351,1
9353,3
9354,3
9356,2
9357,14
9360,4
9363,11
9364,4
9366,5
9369,5
9370,1
9373,3
9376,4
9379,7
9380,1
9382,9
9383,6
9385,2
9386,4
9388,2
9389,7
9392,5
9395,8
9396,1
9398,7
9399,2
9401,4
9402,3
9405,3
9408,13
9411,5
9414,4
9415,5
9417,4
9418,3
9420,1
9421,7
9424,6
9427,14
9428,3
9430,2
9431,2
9433,5
9434,10
9436,1
9437,6
9440,15
9443,1
9444,3
9446,7
9447,6
9450,2
9452,1
9453,6
9456,2
9459,12
9460,3
9462,2
9465,5
9466,5
9469,3
9472,15
9475,9
9476,1
9478,6
9479,6
9481,1
9482,1
9484,3
9485,10
9491,9
9492,2
9494,2
9495,3
9497,7
9498,14
9500,2
9501,5
9504,15
9507,1
9510,8
9511,5
9513,4
9514,7
9517,16
9520,7
9523,8
9524,3
9526,4
9527,3
9529,8
9530,7
9532,2
9533,5
9536,10
9539,5
9542,12
9543,4
9545,3
9546,3
9548,3
9549,10
9552,2
9555,13
9556,1
9558,4
9559,2
9561,3
9562,4
9565,3
9568,6
9571,2
9572,3
9574,14
9575,6
9577,2
9578,5
9580,1
9581,8
9584,6
9587,11
9588,6
9590,7
9591,2
9593,6
9594,6
9596,1
9597,3
9600,11
9603,2
9604,1
9606,6
9607,7
9609,1
9610,2
9612,3
9613,10
9616,4
9619,9
9620,2
9622,7
9623,3
9625,3
9626,11
9629,5
9632,14
9635,5
9636,1
9638,7
9639,9
9642,5
9644,3
9645,11
9648,2
9651,14
9652,7
9654,6
9655,4
9657,3
9658,6
9660,4
9661,3
9664,17
9667,1
9670,8
9671,5
9673,1
9674,1
9676,1
9677,13
9680,3
9683,16
9684,3
9686,1
9687,1
9689,3
9690,8
9692,1
9693,5
9696,14
9699,7
9700,2
9702,7
9703,7
9705,3
9706,1
9708,2
9709,9
9712,5
9715,12
9716,2
9718,4
9719,2
9721,7
9722,7
9724,2
9725,2
9728,13
9731,6
9732,1
9734,11
9735,3
9737,3
9738,1
9740,3
9741,11
9744,4
9747,10
9748,6
9750,4
9751,3
9753,8
9754,11
9757,1
9760,8
9763,4
9766,9
9767,8
9769,4
9770,6
9772,3
9773,15
9776,8
9779,10
9782,2
9783,3
9785,5
9786,6
9788,1
9789,7
9792,13
9795,1
9796,2
9798,10
9799,5
9801,3
9802,5
9804,5
9805,17
9808,3
9811,15
9814,2
9815,2
9817,7
9818,5
9820,2
9821,6
9824,19
9827,5
9828,2
9830,5
9831,5
9833,4
9834,2
9836,2
9837,10
9840,2
9843,10
9844,5
9846,2
9847,3
9849,5
9850,12
9853,2
9856,19
9859,5
9860,2
9862,18
9863,9
9865,1
9866,2
9868,3
9869,14
9872,4
9875,14
9876,5
9878,4
9879,4
9881,9
9882,11
9884,5
9885,6
9888,13
9891,2
9894,9
9895,1
9897,3
9898,2
9900,2
9901,11
9904,4
9907,15
9908,4
9910,4
9911,3
9913,13
9914,7
9916,1
9917,3
9920,8
9923,2
9926,12
9927,4
9929,2
9930,3
9932,4
9933,11
9936,10
9939,11
9940,7
9942,5
9943,2
9945,7
9946,10
9948,1
9949,5
9952,16
9955,13
9956,2
9958,15
9959,6
9961,1
9962,3
9964,1
9965,9
9968,7
9971,12
9972,8
9974,1
9975,2
9977,6
9978,7
9980,1
9981,5
9984,20
9987,8
9988,1
9990,7
9991,9
9993,7
9994,5
9996,4
9997,17
10000,4
10003,12
10004,2
10006,3
10007,2
10009,2
10010,15
10012,2
10013,4
10016,25
10019,1
10020,3
10022,10
10023,7
10025,5
10026,4
10028,2
10029,14
10032,2
10035,18
10036,4
10038,6
10041,6
10042,9
10045,1
10048,22
10051,2
10052,1
10054,10
10055,10
10057,2
10058,4
10060,4
10061,17
10064,6
10067,13
10068,4
10070,5
10071,2
10073,7
10074,16
10076,3
10077,4
10080,20
10083,7
10086,15
10087,15
10089,1
10090,3
10092,3
10093,15
10096,7
10099,11
10100,5
10102,6
10103,6
10105,4
10106,9
10108,3
10109,6
10112,21
10115,7
10116,3
10118,11
10119,13
10121,2
10122,1
10124,2
10125,12
10128,4
10131,14
10132,5
10134,6
10135,4
10137,13
10138,18
10140,3
10141,6
10144,22
10147,9
10150,12
10151,11
10153,5
10154,2
10156,6
10157,19
10160,11
10163,21
10164,5
10166,6
10167,5
10169,10
10170,21
10172,2
10173,6
10176,26
10179,9
10180,1
10182,20
10183,9
10185,7
10186,2
10188,7
10189,16
10192,13
10195,24
10196,5
10198,8
10199,6
10201,16
10202,14
10204,4
10205,5
10208,31
10211,9
10212,3
10214,18
10215,15
10217,4
10218,10
10220,7
10221,30
10224,21
10227,25
10228,4
10230,11
10231,5
10233,12
10234,24
10236,4
10237,7
10240,19
10243,9
10244,1
10246,18
10247,15
10249,7
10250,11
10252,5
10253,32
10256,19
10259,26
10260,10
10262,15
10263,6
10265,10
10266,17
10268,2
10269,12
10272,35
10275,19
10276,4
10278,21
10279,9
10281,3
10282,8
10284,9
10285,31
10288,19
10291,27
10292,3
10294,12
10295,7
10297,20
10298,21
10300,6
10301,14
10304,48
10307,16
10308,1
10310,22
10311,14
10313,10
10314,5
10316,12
10317,38
10320,14
10323,42
10324,9
10326,10
10327,3
10329,19
10330,35
10332,3
10333,18
10336,42
10339,10
10340,3
10342,30
10343,24
10345,4
10346,6
10348,10
10349,36
10352,14
10355,44
10356,12
10358,6
10359,6
10361,18
10362,34
10364,8
10365,13
10368,54
10371,8
10372,5
10374,31
10375,23
10377,7
10378,11
10380,10
10381,54
10384,22
10387,37
10388,11
10390,22
10391,12
10393,16
10394,28
10396,4
10397,14
10400,50
10403,24
10404,4
10406,38
10407,27
10409,8
10410,15
10412,16
10413,44
10416,24
10419,50
10420,11
10422,14
10423,8
10425,30
10426,40
10428,6
10429,24
10432,60
10435,24
10436,1
10438,41
10439,27
10441,11
10442,13
10444,18
10445,59
10448,26
10451,66
10452,13
10454,21
10455,10
10457,32
10458,40
10460,3
10461,24
10464,73
10467,28
10468,5
10470,48
10471,30
10473,16
10474,14
10476,21
10477,63
10480,24
10483,45
10484,16
10486,20
10487,12
10489,31
10490,56
10492,4
10493,35
10496,98
10499,29
10500,5
10502,64
10503,27
10505,11
10506,16
10508,11
10509,67
10512,39
10515,77
10516,24
10518,22
10519,9
10521,47
10522,51
10524,6
10525,26
10528,97
10531,24
10532,1
10534,58
10535,31
10537,9
10538,18
10540,26
10541,77
10544,44
10547,80
10548,19
10550,20
10551,19
10553,32
10554,53
10556,7
10557,29
10560,110
10563,28
10564,10
10566,67
10567,38
10569,15
10570,17
10572,17
10573,61
10576,28
10579,90
10580,19
10582,22
10583,22
10585,41
10586,70
10588,7
10589,35
10592,85
10595,41
10596,11
10598,65
10599,39
10601,18
10602,28
10604,20
10605,87
10608,35
10611,97
10612,16
10614,30
10615,18
10617,52
10618,89
10620,10
10621,26
10624,110
10627,27
10628,5
10630,75
10631,58
10633,19
10634,20
10636,18
10637,119
10640,49
10643,108
10644,25
10646,31
10647,12
10649,50
10650,85
10652,9
10653,42
10656,140
10659,44
10660,8
10662,60
10663,59
10665,16
10666,31
10668,38
10669,89
10672,51
10675,131
10676,23
10678,31
10679,22
10681,56
10682,89
10684,10
10685,43
10688,166
10691,52
10692,12
10694,85
10695,57
10697,28
10698,30
10700,35
10701,109
10704,52
10707,118
10708,41
10710,30
10711,22
10713,64
10714,101
10716,10
10717,48
10720,158
10723,53
10724,13
10726,92
10727,61
10729,17
10730,37
10732,33
10733,144
10736,57
10739,135
10740,32
10742,33
10743,28
10745,73
10746,100
10748,12
10749,47
10752,177
10755,50
10756,7
10758,97
10759,59
10761,22
10762,28
10764,39
10765,139
10768,56
10771,135
10772,22
10774,37
10775,30
10777,78
10778,106
10780,15
10781,62
10784,177
10787,61
10788,10
10790,104
10791,61
10793,26
10794,53
10796,33
10797,140
10800,82
10803,124
10804,36
10806,46
10807,39
10809,91
10810,101
10812,12
10813,51
10816,202
10819,70
10820,9
10822,123
10823,69
10825,27
10826,38
10828,44
10829,169
10832,61
10835,155
10836,49
10838,51
10839,24
10841,87
10842,110
10844,14
10845,47
10848,219
10851,58
10852,9
10854,119
10855,81
10857,24
10858,35
10860,43
10861,175
10864,89
10867,182
10868,55
10870,55
10871,26
10873,87
10874,119
10876,10
10877,59
10880,213
10883,62
10884,14
10886,134
10887,75
10889,38
10890,57
10892,58
10893,178
10896,76
10899,157
10900,35
10902,41
10903,31
10905,69
10906,124
10908,16
10909,86
10912,222
10915,64
10916,17
10918,140
10919,108
10921,31
10922,43
10924,45
10925,172
10928,102
10931,190
10932,64
10934,53
10935,33
10937,92
10938,130
10940,19
10941,80
10944,259
10947,73
10948,16
10950,130
10951,92
10953,28
10954,58
10956,45
10957,206
10960,112
10963,189
10964,36
10966,61
10967,41
10969,107
10970,133
10972,20
10973,88
10976,260
10979,83
10980,25
10982,164
10983,120
10985,32
10986,71
10988,62
10989,231
10992,98
10995,236
10996,49
10998,65
10999,42
11001,110
11002,155
11004,23
11005,88
11008,236
11011,73
11012,16
11014,157
11015,129
11017,41
11018,58
11020,60
11021,244
11024,102
11027,228
11028,54
11030,53
11031,42
11033,127
11034,161
11036,23
11037,82
11040,290
11043,82
11044,21
11046,162
11047,120
11049,49
11050,82
11052,72
11053,243
11056,118
11059,240
11060,62
11062,67
11063,44
11065,118
11066,183
11068,24
11069,90
11072,315
11075,83
11076,25
11078,188
11079,117
11081,57
11082,58
11084,51
11085,225
11088,106
11091,237
11092,56
11094,76
11095,52
11097,132
11098,171
11100,25
11101,93
11104,321
11107,90
11108,12
11110,179
11111,122
11113,46
11114,62
11116,73
11117,242
11120,107
11123,257
11124,72
11126,78
11127,48
11129,132
11130,218
11132,29
11133,113
11136,327
11139,92
11140,21
11142,218
11143,118
11145,41
11146,77
11148,81
11149,242
11152,149
11155,262
11156,62
11158,77
11159,37
11161,118
11162,193
11164,22
11165,93
11168,334
11171,103
11172,32
11174,217
11175,120
11177,46
11178,79
11180,58
11181,243
11184,149
11187,273
11188,73
11190,78
11191,57
11193,127
11194,206
11196,19
11197,96
11200,334
11203,103
11204,29
11206,200
11207,150
11209,52
11210,74
11212,58
11213,270
11216,128
11219,283
11220,56
11222,65
11223,54
11225,123
11226,213
11228,18
11229,101
11232,359
11235,94
11236,20
11238,202
11239,143
11241,65
11242,76
11244,65
11245,286
11248,131
11251,284
11252,70
11254,76
11255,61
11257,126
11258,217
11260,31
11261,99
11264,363
11267,111
11268,37
11270,213
11271,144
11273,46
11274,68
11276,82
11277,262
11280,143
11283,319
11284,75
11286,65
11287,54
11289,179
11290,204
11292,16
11293,114
11296,344
11299,97
11300,24
11302,247
11303,143
11305,62
11306,95
11308,63
11309,279
11312,146
11315,329
11316,80
11318,83
11319,51
11321,156
11322,208
11324,32
11325,111
11328,346
11331,91
11332,32
11334,226
11335,143
11337,58
11338,76
11340,74
11341,285
11344,119
11347,325
11348,59
11350,83
11351,51
11353,166
11354,218
11356,21
11357,108
11360,367
11363,110
11364,23
11366,230
11367,158
11369,38
11370,86
11372,69
11373,306
11376,134
11379,277
11380,79
11382,87
11383,46
11385,156
11386,218
11388,24
11389,105
11392,404
11395,102
11396,28
11398,219
11399,146
11401,73
11402,92
11404,77
11405,317
11408,127
11411,279
11412,76
11414,71
11415,60
11417,182
11418,220
11420,29
11421,95
11424,386
11427,134
11428,31
11430,235
11431,140
11433,56
11434,73
11436,79
11437,312
11440,143
11443,297
11444,94
11446,85
11447,58
11449,168
11450,221
11452,17
11453,86
11456,365
11459,126
11460,27
11462,269
11463,171
11465,54
11466,63
11468,66
11469,305
11472,142
11475,279
11476,82
11478,91
11479,69
11481,143
11482,186
11484,30
11485,110
11488,350
11491,122
11492,37
11494,216
11495,147
11497,44
11498,96
11500,81
11501,292
11504,137
11507,303
11508,75
11510,81
11511,47
11513,155
11514,240
11516,36
11517,105
11520,395
11523,103
11524,24
11526,241
11527,157
11529,56
11530,74
11532,72
11533,317
11536,164
11539,311
11540,79
11542,103
11543,47
11545,142
11546,232
11548,35
11549,108
11552,384
11555,124
11556,27
11558,214
11559,145
11561,66
11562,84
11564,90
11565,298
11568,154
11571,286
11572,83
11574,104
11575,57
11577,178
11578,234
11580,23
11581,113
11584,347
11587,91
11588,28
11590,239
11591,151
11593,49
11594,92
11596,66
11597,324
11600,120
11603,299
11604,59
11606,69
11607,46
11609,146
11610,242
11612,26
11613,112
11616,377
11619,115
11620,26
11622,255
11623,137
11625,53
11626,79
11628,67
11629,278
11632,150
11635,314
11636,58
11638,81
11639,48
11641,150
11642,221
11644,22
11645,102
11648,389
11651,123
11652,24
11654,222
11655,136
11657,69
11658,89
11660,73
11661,297
11664,136
11667,309
11668,68
11670,91
11671,49
11673,140
11674,198
11676,28
11677,100
11680,355
11683,117
11684,31
11686,194
11687,142
11689,41
11690,95
11692,71
11693,269
11696,120
11699,331
11700,78
11702,92
11703,57
11705,135
11706,227
11708,23
11709,120
11712,372
11715,102
11716,25
11718,217
11719,143
11721,59
11722,97
11724,87
11725,290
11728,128
11731,303
11732,56
11734,87
11735,51
11737,152
11738,228
11740,18
11741,96
11744,376
11747,94
11748,20
11750,213
11751,136
11753,53
11754,82
11756,58
11757,247
11760,129
11763,294
11764,78
11766,86
11767,48
11769,129
11770,218
11772,27
11773,114
11776,329
11779,117
11780,27
11782,205
11783,154
11785,54
11786,65
11788,73
11789,291
11792,131
11795,309
11796,85
11798,82
11799,43
11801,142
11802,216
11804,22
11805,95
11808,323
11811,115
11812,24
11814,217
11815,147
11817,64
11818,80
11820,75
11821,259
11824,127
11827,277
11828,81
11830,67
11831,52
11833,134
11834,208
11836,34
11837,100
11840,376
11843,102
11844,23
11846,191
11847,143
11849,49
11850,86
11852,62
11853,270
11856,117
11859,293
11860,60
11862,86
11863,51
11865,134
11866,204
11868,21
11869,106
11872,384
11875,86
11876,27
11878,234
11879,139
11881,53
11882,85
11884,70
11885,266
11888,118
11891,316
11892,66
11894,83
11895,36
11897,133
11898,216
11900,12
11901,97
11904,359
11907,112
11908,26
11910,223
11911,123
11913,55
11914,67
11916,65
11917,270
11920,106
11923,306
11924,76
11926,82
11927,45
11929,119
11930,173
11932,32
11933,97
11936,356
11939,102
11940,27
11942,216
11943,124
11945,58
11946,89
11948,71
11949,296
11952,140
11955,296
11956,63
11958,82
11959,39
11961,146
11962,197
11964,31
11965,86
11968,346
11971,104
11972,33
11974,182
11975,120
11977,45
11978,67
11980,71
11981,271
11984,153
11987,279
11988,85
11990,69
11991,50
11993,133
11994,205
11996,16
11997,116
12000,320
12003,106
12004,24
12006,204
12007,140
12009,58
12010,72
12012,58
12013,264
12016,105
12019,278
12020,73
12022,62
12023,41
12025,129
12026,197
12028,30
12029,121
12032,327
12035,74
12036,18
12038,211
12039,144
12041,56
12042,82
12044,57
12045,289
12048,107
12051,248
12052,69
12054,71
12055,59
12057,126
12058,187
12060,20
12061,113
12064,360
12067,117
12068,21
12070,194
12071,140
12073,45
12074,78
12076,74
12077,250
12080,145
12083,270
12084,63
12086,70
12087,52
12089,124
12090,194
12092,26
12093,118
12096,336
12099,98
12100,23
12102,191
12103,126
12105,59
12106,91
12108,70
12109,249
12112,125
12115,274
12116,62
12118,76
12119,51
12121,140
12122,220
12124,23
12125,94
12128,326
12131,106
12132,23
12134,192
12135,127
12137,34
12138,63
12140,54
12141,249
12144,108
12147,258
12148,54
12150,74
12151,51
12153,129
12154,179
12156,18
12157,105
12160,318
12163,97
12164,25
12166,182
12167,126
12169,44
12170,82
12172,62
12173,232
12176,109
12179,288
12180,60
12182,51
12183,52
12185,142
12186,213
12188,20
12189,91
12192,330
12195,100
12196,21
12198,205
12199,124
12201,36
12202,77
12204,61
12205,243
12208,115
12211,233
12212,57
12214,73
12215,48
12217,122
12218,186
12220,29
12221,91
12224,335
12227,103
12228,19
12230,182
12231,120
12233,44
12234,78
12236,79
12237,256
12240,120
12243,249
12244,52
12246,74
12247,38
12249,139
12250,199
12252,25
12253,127
12256,323
12259,94
12260,31
12262,193
12263,140
12265,57
12266,71
12268,68
12269,255
12272,119
12275,278
12276,57
12278,67
12279,47
12281,153
12282,189
12284,27
12285,111
12288,315
12291,106
12292,29
12294,162
12295,125
12297,48
12298,65
12300,57
12301,261
12304,107
12307,287
12308,57
12310,72
12311,44
12313,129
12314,169
12316,37
12317,87
12320,311
12323,88
12324,23
12326,189
12327,135
12329,34
12330,65
12332,63
12333,267
12336,127
12339,266
12340,66
12342,64
12343,46
12345,141
12346,184
12348,23
12349,87
12352,314
12355,98
12356,15
12358,175
12359,108
12361,61
12362,69
12364,64
12365,241
12368,112
12371,258
12372,67
12374,51
12375,38
12377,149
12378,187
12380,26
12381,85
12384,331
12387,79
12388,32
12390,184
12391,123
12393,44
12394,60
12396,64
12397,251
12400,133
12403,228
12404,74
12406,65
12407,42
12409,109
12410,183
12412,22
12413,93
12416,298
12419,99
12420,25
12422,171
12423,120
12425,59
12426,70
12428,70
12429,231
12432,111
12435,218
12436,47
12438,75
12439,45
12441,130
12442,164
12444,23
12445,95
12448,286
12451,117
12452,26
12454,164
12455,136
12457,41
12458,80
12460,60
12461,285
12464,116
12467,274
12468,55
12470,59
12471,52
12473,118
12474,178
12476,28
12477,103
12480,308
12483,91
12484,20
12486,203
12487,127
12489,55
12490,73
12492,70
12493,242
12496,124
12499,263
12500,70
12502,89
12503,47
12505,132
12506,203
12508,28
12509,89
12512,336
12515,110
12516,19
12518,179
12519,128
12521,41
12522,74
12524,57
12525,244
12528,88
12531,239
12532,52
12534,84
12535,45
12537,129
12538,203
12540,27
12541,92
12544,287
12547,75
12548,17
12550,169
12551,109
12553,51
12554,63
12556,65
12557,234
12560,124
12563,265
12564,62
12566,65
12567,52
12569,140
12570,204
12572,22
12573,96
12576,287
12579,88
12580,27
12582,176
12583,149
12585,46
12586,60
12588,52
12589,258
12592,128
12595,234
12596,68
12598,90
12599,37
12601,121
12602,185
12604,30
12605,90
12608,329
12611,92
12612,31
12614,176
12615,112
12617,40
12618,62
12620,61
12621,237
12624,113
12627,257
12628,62
12630,58
12631,50
12633,104
12634,202
12636,24
12637,87
12640,295
12643,74
12644,21
12646,200
12647,138
12649,43
12650,64
12652,63
12653,246
12656,117
12659,254
12660,63
12662,74
12663,53
12665,135
12666,173
12668,14
12669,77
12672,319
12675,81
12676,26
12678,175
12679,110
12681,47
12682,68
12684,65
12685,234
12688,119
12691,240
12692,65
12694,67
12695,52
12697,118
12698,184
12700,29
12701,78
12704,299
12707,101
12708,26
12710,186
12711,119
12713,47
12714,76
12716,63
12717,217
12720,95
12723,207
12724,47
12726,72
12727,37
12729,139
12730,164
12732,18
12733,86
12736,279
12739,86
12740,21
12742,203
12743,132
12745,50
12746,58
12748,60
12749,230
12752,115
12755,239
12756,66
12758,77
12759,36
12761,108
12762,203
12764,29
12765,90
12768,349
12771,108
12772,21
12774,181
12775,120
12777,42
12778,61
12780,48
12781,248
12784,116
12787,247
12788,51
12790,62
12791,39
12793,131
12794,185
12796,23
12797,81
12800,328
12803,108
12804,18
12806,186
12807,114
12809,41
12810,62
12812,69
12813,241
12816,113
12819,257
12820,62
12822,78
12823,37
12825,135
12826,166
12828,16
12829,89
12832,313
12835,101
12836,22
12838,173
12839,134
12841,48
12842,58
12844,55
12845,234
12848,128
12851,246
12852,53
12854,71
12855,38
12857,125
12858,164
12860,24
12861,92
12864,313
12867,87
12868,25
12870,176
12871,94
12873,56
12874,69
12876,69
12877,240
12880,116
12883,254
12884,67
12886,71
12887,43
12889,129
12890,160
12892,17
12893,93
12896,298
12899,82
12900,21
12902,173
12903,132
12905,44
12906,75
12908,54
12909,251
12912,126
12915,252
12916,66
12918,60
12919,56
12921,111
12922,189
12924,19
12925,89
12928,282
12931,88
12932,22
12934,210
12935,111
12937,43
12938,70
12940,67
12941,257
12944,116
12947,266
12948,64
12950,76
12951,40
12953,127
12954,200
12956,31
12957,83
12960,329
12963,96
12964,31
12966,177
12967,126
12969,41
12970,69
12972,67
12973,220
12976,98
12979,259
12980,59
12982,73
12983,57
12985,127
12986,222
12988,20
12989,95
12992,282
12995,107
12996,28
12998,187
12999,105
13001,45
13002,66
13004,64
13005,225
13008,113
13011,258
13012,57
13014,80
13015,43
13017,117
13018,194
13020,22
13021,103
13024,308
13027,82
13028,23
13030,206
13031,119
13033,39
13034,65
13036,45
13037,248
13040,114
13043,245
13044,62
13046,56
13047,44
13049,119
13050,187
13052,18
13053,96
13056,296
13059,78
13060,28
13062,190
13063,126
13065,46
13066,73
13068,58
13069,234
13072,114
13075,255
13076,66
13078,76
13079,38
13081,127
13082,181
13084,25
13085,87
13088,294
13091,86
13092,20
13094,174
13095,117
13097,38
13098,57
13100,60
13101,220
13104,127
13107,251
13108,61
13110,62
13111,47
13113,127
13114,185
13116,26
13117,73
13120,274
13123,85
13124,22
13126,172
13127,117
13129,33
13130,79
13132,64
13133,247
13136,100
13139,266
13140,53
13142,64
13143,52
13145,131
13146,192
13148,15
13149,92
13152,282
13155,88
13156,13
13158,176
13159,114
13161,39
13162,68
13164,61
13165,225
13168,110
13171,255
13172,52
13174,69
13175,41
13177,118
13178,194
13180,22
13181,85
13184,324
13187,91
13188,25
13190,198
13191,108
13193,50
13194,68
13196,65
13197,237
13200,102
13203,230
13204,79
13206,64
13207,33
13209,107
13210,188
13212,30
13213,92
13216,304
13219,84
13220,20
13222,175
13223,118
13225,46
13226,62
13228,53
13229,260
13232,98
13235,241
13236,50
13238,63
13239,44
13241,121
13242,185
13244,27
13245,75
13248,293
13251,88
13252,32
13254,179
13255,104
13257,35
13258,74
13260,47
13261,231
13264,99
13267,234
13268,54
13270,68
13271,56
13273,128
13274,187
13276,23
13277,89
13280,317
13283,92
13284,21
13286,185
13287,142
13289,47
13290,62
13292,73
13293,261
13296,143
13299,254
13300,68
13302,68
13303,47
13305,141
13306,220
13308,30
13309,76
13312,295
13315,85
13316,22
13318,163
13319,119
13321,41
13322,63
13324,60
13325,248
13328,129
13331,247
13332,58
13334,61
13335,37
13337,113
13338,159
13340,16
13341,97
13344,303
13347,74
13348,19
13350,196
13351,118
13353,58
13354,79
13356,66
13357,262
13360,118
13363,225
13364,54
13366,70
13367,42
13369,146
13370,167
13372,29
13373,98
13376,275
13379,94
13380,21
13382,202
13383,130
13385,47
13386,71
13388,71
13389,264
13392,118
13395,263
13396,61
13398,80
13399,50
13401,134
13402,169
13404,23
13405,91
13408,332
13411,88
13412,22
13414,192
13415,137
13417,48
13418,74
13420,48
13421,238
13424,120
13427,240
13428,68
13430,80
13431,39
13433,127
13434,189
13436,22
13437,103
13440,300
13443,90
13444,25
13446,193
13447,120
13449,40
13450,76
13452,52
13453,238
13456,128
13459,225
13460,46
13462,76
13463,43
13465,122
13466,194
13468,28
13469,99
13472,317
13475,104
13476,22
13478,167
13479,124
13481,34
13482,58
13484,61
13485,270
13488,121
13491,263
13492,75
13494,68
13495,41
13497,121
13498,178
13500,17
13501,92
13504,327
13507,94
13508,32
13510,212
13511,128
13513,41
13514,75
13516,48
13517,246
13520,112
13523,244
13524,58
13526,82
13527,49
13529,129
13530,172
13532,18
13533,98
13536,306
13539,87
13540,18
13542,202
13543,127
13545,44
13546,73
13548,60
13549,264
13552,95
13555,230
13556,66
13558,73
13559,56
13561,125
13562,183
13564,18
13565,107
13568,298
13571,97
13572,27
13574,197
13575,98
13577,47
13578,67
13580,52
13581,267
13584,102
13587,264
13588,50
13590,70
13591,51
13593,112
13594,160
13596,23
13597,88
13600,323
13603,120
13604,26
13606,189
13607,119
13609,41
13610,58
13612,57
13613,254
13616,116
13619,300
13620,58
13622,63
13623,43
13625,143
13626,182
13628,23
13629,93
13632,358
13635,90
13636,29
13638,190
13639,159
13641,35
13642,70
13644,72
13645,248
13648,111
13651,253
13652,64
13654,59
13655,42
13657,114
13658,182
13660,18
13661,92
13664,307
13667,85
13668,27
13670,168
13671,117
13673,57
13674,74
13676,64
13677,256
13680,116
13683,260
13684,58
13686,67
13687,38
13689,123
13690,184
13692,21
13693,93
13696,345
13699,85
13700,18
13702,188
13703,125
13705,44
13706,72
13708,58
13709,225
13712,124
13715,272
13716,62
13718,72
13719,54
13721,148
13722,206
13724,21
13725,105
13728,319
13731,91
13732,32
13734,204
13735,109
13737,60
13738,66
13740,57
13741,283
13744,115
13747,233
13748,50
13750,72
13751,45
13753,98
13754,189
13756,23
13757,91
13760,335
13763,94
13764,19
13766,201
13767,117
13769,58
13770,69
13772,57
13773,272
13776,116
13779,258
13780,60
13782,64
13783,45
13785,122
13786,207
13788,22
13789,97
13792,335
13795,93
13796,32
13798,181
13799,134
13801,54
13802,60
13804,63
13805,279
13808,104
13811,273
13812,59
13814,80
13815,46
13817,107
13818,178
13820,24
13821,82
13824,331
13827,110
13828,21
13830,180
13831,104
13833,45
13834,78
13836,71
13837,233
13840,141
13843,256
13844,60
13846,72
13847,43
13849,122
13850,202
13852,28
13853,103
13856,322
13859,110
13860,18
13862,194
13863,132
13865,40
13866,75
13868,57
13869,273
13872,118
13875,242
13876,58
13878,82
13879,41
13881,129
13882,199
13884,27
13885,96
13888,326
13891,96
13892,25
13894,192
13895,144
13897,56
13898,85
13900,71
13901,262
13904,115
13907,274
13908,59
13910,78
13911,51
13913,137
13914,232
13916,34
13917,96
13920,340
13923,92
13924,33
13926,198
13927,140
13929,59
13930,87
13932,69
13933,273
13936,126
13939,259
13940,65
13942,69
13943,48
13945,130
13946,191
13948,23
13949,82
13952,332
13955,91
13956,26
13958,201
13959,129
13961,66
13962,75
13964,69
13965,272
13968,116
13971,241
13972,63
13974,82
13975,50
13977,133
13978,201
13980,22
13981,108
13984,350
13987,102
13988,25
13990,202
13991,127
13993,49
13994,78
13996,63
13997,262
14000,128
14003,245
14004,71
14006,75
14007,50
14009,144
14010,174
14012,28
14013,86
14016,340
14019,106
14020,26
14022,202
14023,133
14025,56
14026,76
14028,57
14029,278
14032,129
14035,294
14036,65
14038,79
14039,56
14041,152
14042,213
14044,21
14045,112
14048,343
14051,103
14052,38
14054,198
14055,121
14057,51
14058,82
14060,59
14061,285
14064,151
14067,263
14068,65
14070,67
14071,40
14073,123
14074,181
14076,24
14077,105
14080,321
14083,95
14084,25
14086,191
14087,146
14089,45
14090,73
14092,68
14093,276
14096,112
14099,261
14100,73
14102,61
14103,46
14105,131
14106,212
14108,23
14109,100
14112,338
14115,102
14116,28
14118,193
14119,114
14121,49
14122,77
14124,76
14125,277
14128,152
14131,271
14132,62
14134,85
14135,57
14137,154
14138,190
14140,25
14141,95
14144,343
14147,96
14148,32
14150,199
14151,136
14153,47
14154,83
14156,70
14157,289
14160,147
14163,297
14164,62
14166,66
14167,51
14169,145
14170,211
14172,23
14173,102
14176,357
14179,103
14180,25
14182,184
14183,150
14185,45
14186,86
14188,63
14189,264
14192,130
14195,269
14196,61
14198,75
14199,61
14201,125
14202,206
14204,34
14205,103
14208,363
14211,95
14212,19
14214,185
14215,140
14217,38
14218,64
14220,79
14221,276
14224,126
14227,255
14228,59
14230,77
14231,50
14233,120
14234,193
14236,31
14237,103
14240,307
14243,77
14244,17
14246,211
14247,135
14249,40
14250,76
14252,74
14253,314
14256,127
14259,261
14260,69
14262,69
14263,44
14265,135
14266,235
14268,27
14269,111
14272,370
14275,89
14276,19
14278,189
14279,131
14281,49
14282,68
14284,76
14285,276
14288,134
14291,260
14292,72
14294,88
14295,37
14297,136
14298,192
14300,22
14301,103
14304,345
14307,90
14308,25
14310,194
14311,138
14313,45
14314,76
14316,62
14317,306
14320,127
14323,280
14324,67
14326,84
14327,53
14329,151
14330,194
14332,26
14333,114
14336,361
14339,101
14340,19
14342,206
14343,128
14345,61
14346,78
14348,63
14349,288
14352,124
14355,278
14356,81
14358,77
14359,58
14361,156
14362,203
14364,14
14365,88
14368,351
14371,114
14372,30
14374,228
14375,125
14377,72
14378,68
14380,81
14381,269
14384,143
14387,274
14388,77
14390,81
14391,54
14393,174
14394,187
14396,34
14397,99
14400,336
14403,111
14404,34
14406,187
14407,136
14409,52
14410,68
14412,69
14413,280
14416,114
14419,260
14420,62
14422,78
14423,41
14425,134
14426,189
14428,25
14429,101
14432,305
14435,106
14436,25
14438,189
14439,123
14441,44
14442,68
14444,57
14445,254
14448,149
14451,262
14452,83
14454,89
14455,53
14457,150
14458,210
14460,21
14461,99
14464,354
14467,105
14468,23
14470,215
14471,139
14473,55
14474,71
14476,76
14477,288
14480,128
14483,279
14484,78
14486,76
14487,50
14489,144
14490,206
14492,24
14493,93
14496,338
14499,104
14500,23
14502,209
14503,142
14505,52
14506,83
14508,72
14509,272
14512,118
14515,268
14516,71
14518,68
14519,42
14521,136
14522,187
14524,35
14525,119
14528,330
14531,98
14532,28
14534,213
14535,147
14537,61
14538,54
14540,64
14541,277
14544,132
14547,304
14548,78
14550,72
14551,46
14553,132
14554,208
14556,19
14557,120
14560,341
14563,118
14564,35
14566,204
14567,142
14569,44
14570,80
14572,62
14573,258
14576,134
14579,272
14580,66
14582,83
14583,48
14585,133
14586,218
14588,19
14589,101
14592,378
14595,95
14596,37
14598,213
14599,127
14601,51
14602,76
14604,80
14605,303
14608,106
14611,290
14612,64
14614,74
14615,60
14617,131
14618,227
14620,24
14621,99
14624,340
14627,100
14628,28
14630,191
14631,133
14633,76
14634,82
14636,71
14637,256
14640,132
14643,267
14644,78
14646,70
14647,46
14649,156
14650,193
14652,26
14653,120
14656,328
14659,86
14660,30
14662,199
14663,147
14665,50
14666,72
14668,75
14669,259
14672,116
14675,326
14676,94
14678,80
14679,41
14681,134
14682,188
14684,30
14685,89
14688,367
14691,96
14692,22
14694,219
14695,115
14697,47
14698,70
14700,83
14701,257
14704,134
14707,282
14708,75
14710,77
14711,57
14713,140
14714,185
14716,25
14717,98
14720,347
14723,100
14724,29
14726,193
14727,143
14729,45
14730,68
14732,76
14733,268
14736,122
14739,314
14740,68
14742,70
14743,35
14745,147
14746,188
14748,29
14749,107
14752,376
14755,87
14756,23
14758,192
14759,126
14761,51
14762,73
14764,76
14765,262
14768,144
14771,300
14772,62
14774,60
14775,57
14777,155
14778,197
14780,24
14781,110
14784,343
14787,92
14788,19
14790,214
14791,139
14793,55
14794,72
14796,67
14797,260
14800,134
14803,296
14804,71
14806,67
14807,46
14809,134
14810,194
14812,29
14813,103
14816,333
14819,108
14820,37
14822,203
14823,132
14825,44
14826,93
14828,53
14829,251
14832,118
14835,283
14836,64
14838,83
14839,51
14841,159
14842,193
14844,22
14845,103
14848,320
14851,82
14852,34
14854,207
14855,132
14857,56
14858,89
14860,70
14861,265
14864,127
14867,281
14868,70
14870,74
14871,58
14873,138
14874,203
14876,29
14877,103
14880,338
14883,87
14884,33
14886,199
14887,153
14889,44
14890,76
14892,63
14893,247
14896,105
14899,252
14900,67
14902,60
14903,39
14905,133
14906,216
14908,22
14909,102
14912,349
14915,109
14916,19
14918,203
14919,145
14921,39
14922,96
14924,71
14925,275
14928,130
14931,247
14932,58
14934,63
14935,54
14937,146
14938,221
14940,19
14941,98
14944,327
14947,93
14948,24
14950,206
14951,135
14953,43
14954,92
14956,77
14957,225
14960,133
14963,275
14964,56
14966,57
14967,63
14969,153
14970,211
14972,24
14973,86
14976,328
14979,104
14980,21
14982,173
14983,145
14985,35
14986,75
14988,71
14989,270
14992,134
14995,278
14996,79
14998,73
14999,43
15001,138
15002,179
15004,29
15005,97
15008,339
15011,94
15012,28
15014,186
15015,135
15017,39
15018,84
15020,64
15021,267
15024,111
15027,268
15028,76
15030,74
15031,66
15033,129
15034,224
15036,18
15037,97
15040,366
15043,105
15044,30
15046,198
15047,143
15049,59
15050,64
15052,69
15053,272
15056,113
15059,264
15060,85
15062,57
15063,42
15065,139
15066,196
15068,31
15069,100
15072,329
15075,104
15076,19
15078,213
15079,139
15081,47
15082,74
15084,57
15085,255
15088,107
15091,271
15092,60
15094,56
15095,47
15097,107
15098,202
15100,30
15101,101
15104,333
15107,90
15108,29
15110,214
15111,134
15113,39
15114,72
15116,81
15117,277
15120,121
15123,285
15124,69
15126,78
15127,50
15129,121
15130,202
15132,17
15133,117
15136,301
15139,98
15140,31
15142,195
15143,129
15145,46
15146,84
15148,66
15149,286
15152,140
15155,248
15156,62
15158,53
15159,40
15161,134
15162,199
15164,20
15165,108
15168,325
15171,86
15172,25
15174,176
15175,140
15177,40
15178,79
15180,63
15181,244
15184,138
15187,248
15188,55
15190,67
15191,48
15193,126
15194,205
15196,18
15197,110
15200,321
15203,103
15204,26
15206,209
15207,135
15209,36
15210,86
15212,62
15213,266
15216,122
15219,230
15220,54
15222,81
15223,47
15225,151
15226,195
15228,31
15229,80
15232,364
15235,122
15236,20
15238,186
15239,134
15241,37
15242,63
15244,65
15245,270
15248,130
15251,280
15252,61
15254,80
15255,42
15257,150
15258,211
15260,21
15261,88
15264,370
15267,104
15268,24
15270,198
15271,139
15273,55
15274,62
15276,58
15277,268
15280,104
15283,271
15284,70
15286,77
15287,46
15289,137
15290,202
15292,36
15293,89
15296,378
15299,108
15300,25
15302,212
15303,117
15305,47
15306,93
15308,59
15309,287
15312,119
15315,272
15316,64
15318,66
15319,46
15321,149
15322,212
15324,30
15325,90
15328,334
15331,110
15332,32
15334,176
15335,142
15337,49
15338,81
15340,70
15341,249
15344,124
15347,286
15348,46
15350,62
15351,35
15353,137
15354,175
15356,18
15357,97
15360,328
15363,115
15364,19
15366,173
15367,132
15369,39
15370,71
15372,71
15373,241
15376,112
15379,275
15380,80
15382,78
15383,48
15385,145
15386,206
15388,20
15389,109
15392,296
15395,101
15396,19
15398,195
15399,131
15401,53
15402,80
15404,79
15405,262
15408,143
15411,271
15412,78
15414,75
15415,59
15417,142
15418,208
15420,21
15421,104
15424,307
15427,73
15428,21
15430,193
15431,130
15433,56
15434,72
15436,65
15437,241
15440,129
15443,247
15444,51
15446,61
15447,28
15449,119
15450,200
15452,21
15453,93
15456,326
15459,98
15460,24
15462,202
15463,138
15465,42
15466,75
15468,62
15469,239
15472,118
15475,266
15476,60
15478,77
15479,36
15481,145
15482,196
15484,25
15485,78
15488,345
15491,91
15492,16
15494,190
15495,142
15497,46
15498,66
15500,64
15501,243
15504,116
15507,270
15508,61
15510,69
15511,48
15513,119
15514,179
15516,24
15517,100
15520,315
15523,91
15524,22
15526,194
15527,135
15529,43
15530,72
15532,49
15533,242
15536,114
15539,265
15540,74
15542,74
15543,44
15545,117
15546,206
15548,17
15549,72
15552,321
15555,100
15556,25
15558,193
15559,115
15561,52
15562,62
15564,68
15565,253
15568,123
15571,255
15572,56
15574,67
15575,41
15577,127
15578,192
15580,31
15581,94
15584,325
15587,93
15588,31
15590,222
15591,140
15593,45
15594,56
15596,65
15597,290
15600,117
15603,265
15604,56
15606,63
15607,41
15609,123
15610,193
15612,26
15613,111
15616,310
15619,92
15620,30
15622,196
15623,115
15625,36
15626,61
15628,68
15629,255
15632,115
15635,249
15636,75
15638,74
15639,68
15641,130
15642,185
15644,26
15645,99
15648,309
15651,98
15652,22
15654,187
15655,136
15657,55
15658,64
15660,77
15661,276
15664,114
15667,283
15668,63
15670,71
15671,41
15673,105
15674,210
15676,27
15677,86
15680,326
15683,101
15684,19
15686,168
15687,127
15689,46
15690,65
15692,65
15693,263
15696,107
15699,267
15700,64
15702,68
15703,48
15705,143
15706,165
15708,23
15709,105
15712,307
15715,105
15716,21
15718,195
15719,144
15721,44
15722,71
15724,62
15725,246
15728,118
15731,275
15732,73
15734,70
15735,47
15737,120
15738,199
15740,24
15741,90
15744,326
15747,105
15748,25
15750,188
15751,110
15753,48
15754,73
15756,61
15757,242
15760,114
15763,272
15764,62
15766,53
15767,54
15769,126
15770,183
15772,31
15773,91
15776,327
15779,105
15780,20
15782,205
15783,123
15785,56
15786,81
15788,58
15789,284
15792,129
15795,234
15796,52
15798,60
15799,35
15801,127
15802,186
15804,25
15805,86
15808,329
15811,109
15812,24
15814,183
15815,152
15817,44
15818,55
15820,55
15821,262
15824,109
15827,268
15828,67
15830,61
15831,44
15833,137
15834,182
15836,32
15837,91
15840,334
15843,111
15844,19
15846,191
15847,117
15849,49
15850,84
15852,65
15853,268
15856,112
15859,249
15860,66
15862,71
15863,38
15865,135
15866,166
15868,17
15869,87
15872,309
15875,99
15876,23
15878,204
15879,104
15881,47
15882,69
15884,50
15885,254
15888,134
15891,230
15892,71
15894,52
15895,41
15897,139
15898,174
15900,28
15901,108
15904,323
15907,104
15908,30
15910,190
15911,139
15913,51
15914,51
15916,58
15917,264
15920,105
15923,267
15924,68
15926,63
15927,53
15929,106
15930,186
15932,27
15933,109
15936,345
15939,102
15940,28
15942,203
15943,134
15945,57
15946,70
15948,62
15949,268
15952,138
15955,238
15956,58
15958,74
15959,60
15961,132
15962,179
15964,19
15965,105
15968,328
15971,98
15972,22
15974,176
15975,113
15977,47
15978,70
15980,64
15981,261
15984,113
15987,270
15988,70
15990,71
15991,39
15993,108
15994,183
15996,24
15997,99
16000,290
16003,107
16004,25
16006,237
16007,123
16009,36
16010,86
16012,48
16013,267
16016,103
16019,258
16020,58
16022,67
16023,46
16025,115
16026,182
16028,18
16029,109
16032,305
16035,90
16036,21
16038,188
16039,127
16041,57
16042,55
16044,70
16045,237
16048,129
16051,275
16052,63
16054,56
16055,55
16057,130
16058,187
16060,19
16061,99
16064,345
16067,75
16068,23
16070,200
16071,117
16073,67
16074,56
16076,62
16077,255
16080,139
16083,283
16084,65
16086,54
16087,59
16089,110
16090,173
16092,23
16093,98
16096,334
16099,109
16100,26
16102,202
16103,136
16105,44
16106,73
16108,65
16109,238
16112,113
16115,287
16116,72
16118,75
16119,68
16121,116
16122,184
16124,25
16125,94
16128,323
16131,102
16132,25
16134,179
16135,125
16137,46
16138,72
16140,80
16141,249
16144,132
16147,277
16148,66
16150,85
16151,48
16153,139
16154,199
16156,29
16157,91
16160,289
16163,105
16164,24
16166,194
16167,133
16169,40
16170,59
16172,63
16173,253
16176,123
16179,235
16180,67
16182,65
16183,58
16185,145
16186,212
16188,26
16189,90
16192,311
16195,85
16196,23
16198,208
16199,144
16201,53
16202,63
16204,54
16205,269
16208,112
16211,263
16212,54
16214,77
16215,38
16217,141
16218,204
16220,24
16221,105
16224,304
16227,82
16228,20
16230,181
16231,140
16233,58
16234,75
16236,71
16237,259
16240,105
16243,279
16244,51
16246,79
16247,51
16249,129
16250,177
16252,23
16253,80
16256,333
16259,87
16260,32
16262,170
16263,111
16265,38
16266,68
16268,52
16269,282
16272,113
16275,261
16276,64
16278,68
16279,34
16281,148
16282,169
16284,19
16285,90
16288,309
16291,100
16292,17
16294,199
16295,124
16297,46
16298,73
16300,55
16301,246
16304,107
16307,265
16308,61
16310,71
16311,48
16313,113
16314,206
16316,25
16317,93
16320,310
16323,94
16324,16
16326,196
16327,136
16329,36
16330,91
16332,74
16333,252
16336,123
16339,250
16340,70
16342,72
16343,39
16345,129
16346,194
16348,23
16349,114
16352,343
16355,103
16356,24
16358,203
16359,122
16361,44
16362,62
16364,58
16365,250
16368,133
16371,260
16372,64
16374,69
16375,48
16377,133
16378,194
16380,18
16381,108
16384,378
16387,89
16388,25
16390,192
16391,132
16393,48
16394,66
16396,50
16397,244
16400,118
16403,252
16404,72
16406,74
16407,43
16409,110
16410,173
16412,21
16413,103
16416,294
16419,97
16420,19
16422,207
16423,142
16425,36
16426,72
16428,64
16429,241
16432,115
16435,239
16436,71
16438,78
16439,45
16441,135
16442,186
16444,24
16445,75
16448,317
16451,91
16452,21
16454,193
16455,127
16457,42
16458,68
16460,61
16461,237
16464,122
16467,224
16468,58
16470,64
16471,41
16473,113
16474,199
16476,24
16477,95
16480,290
16483,96
16484,26
16486,202
16487,127
16489,46
16490,63
16492,67
16493,233
16496,117
16499,260
16500,63
16502,68
16503,52
16505,135
16506,154
16508,16
16509,99
16512,333
16515,80
16516,16
16518,167
16519,126
16521,53
16522,84
16524,55
16525,269
16528,112
16531,252
16532,72
16534,60
16535,60
16537,138
16538,187
16540,24
16541,106
16544,321
16547,95
16548,25
16550,210
16551,141
16553,58
16554,74
16556,77
16557,275
16560,139
16563,273
16564,65
16566,86
16567,48
16569,112
16570,186
16572,29
16573,93
16576,332
16579,111
16580,24
16582,211
16583,130
16585,66
16586,92
16588,74
16589,259
16592,110
16595,267
16596,66
16598,74
16599,42
16601,126
16602,179
16604,29
16605,87
16608,327
16611,96
16612,21
16614,188
16615,126
16617,52
16618,77
16620,61
16621,241
16624,103
16627,287
16628,73
16630,71
16631,51
16633,129
16634,206
16636,23
16637,111
16640,304
16643,90
16644,26
16646,220
16647,140
16649,45
16650,80
16652,62
16653,261
16656,116
16659,265
16660,64
16662,83
16663,44
16665,136
16666,180
16668,20
16669,105
16672,307
16675,91
16676,29
16678,206
16679,135
16681,53
16682,75
16684,89
16685,257
16688,125
16691,246
16692,75
16694,84
16695,46
16697,140
16698,180
16700,21
16701,96
16704,324
16707,86
16708,26
16710,200
16711,131
16713,52
16714,68
16716,67
16717,267
16720,120
16723,247
16724,70
16726,62
16727,46
16729,119
16730,190
16732,26
16733,93
16736,330
16739,85
16740,25
16742,182
16743,145
16745,37
16746,73
16748,45
16749,254
16752,131
16755,251
16756,63
16758,69
16759,40
16761,119
16762,206
16764,25
16765,98
16768,312
16771,104
16772,28
16774,172
16775,124
16777,52
16778,71
16780,71
16781,246
16784,120
16787,260
16788,75
16790,75
16791,51
16793,112
16794,195
16796,30
16797,87
16800,277
16803,99
16804,26
16806,163
16807,123
16809,48
16810,65
16812,57
16813,254
16816,122
16819,286
16820,58
16822,73
16823,48
16825,125
16826,178
16828,25
16829,79
16832,315
16835,99
16836,31
16838,176
16839,135
16841,50
16842,86
16844,61
16845,256
16848,117
16851,272
16852,58
16854,70
16855,35
16857,139
16858,174
16860,28
16861,94
16864,299
16867,90
16868,25
16870,192
16871,134
16873,57
16874,80
16876,73
16877,257
16880,114
16883,281
16884,58
16886,64
16887,42
16889,140
16890,171
16892,17
16893,110
16896,319
16899,108
16900,30
16902,201
16903,124
16905,48
16906,80
16908,60
16909,269
16912,133
16915,274
16916,74
16918,64
16919,59
16921,125
16922,187
16924,23
16925,86
16928,308
16931,83
16932,30
16934,187
16935,129
16937,48
16938,71
16940,60
16941,276
16944,111
16947,254
16948,41
16950,72
16951,57
16953,103
16954,209
16956,14
16957,84
16960,293
16963,96
16964,19
16966,182
16967,117
16969,39
16970,82
16972,68
16973,292
16976,98
16979,253
16980,61
16982,70
16983,49
16985,114
16986,209
16988,14
16989,94
16992,295
16995,95
16996,17
16998,181
16999,121
17001,62
17002,62
17004,56
17005,260
17008,134
17011,249
17012,67
17014,66
17015,58
17017,127
17018,198
17020,15
17021,87
17024,320
17027,106
17028,28
17030,181
17031,114
17033,51
17034,56
17036,65
17037,227
17040,115
17043,231
17044,70
17046,72
17047,41
17049,133
17050,179
17052,20
17053,97
17056,272
17059,98
17060,25
17062,178
17063,118
17065,49
17066,54
17068,66
17069,233
17072,96
17075,225
17076,55
17078,62
17079,45
17081,114
17082,210
17084,16
17085,86
17088,286
17091,86
17092,28
17094,168
17095,121
17097,48
17098,62
17100,58
17101,237
17104,102
17107,213
17108,55
17110,70
17111,49
17113,108
17114,194
17116,28
17117,99
17120,302
17123,88
17124,15
17126,170
17127,130
17129,41
17130,66
17132,53
17133,228
17136,105
17139,230
17140,58
17142,70
17143,45
17145,117
17146,183
17148,19
17149,87
17152,298
17155,99
17156,30
17158,174
17159,127
17161,45
17162,72
17164,53
17165,221
17168,95
17171,234
17172,70
17174,71
17175,43
17177,109
17178,178
17180,17
17181,86
17184,295
17187,86
17188,33
17190,180
17191,125
17193,49
17194,45
17196,57
17197,236
17200,109
17203,233
17204,70
17206,61
17207,47
17209,110
17210,163
17212,23
17213,81
17216,256
17219,78
17220,22
17222,181
17223,114
17225,40
17226,65
17228,51
17229,201
17232,102
17235,202
17236,47
17238,57
17239,46
17241,114
17242,163
17244,16
17245,77
17248,261
17251,83
17252,19
17254,166
17255,122
17257,43
17258,64
17260,58
17261,253
17264,113
17267,210
17268,75
17270,65
17271,40
17273,97
17274,159
17276,20
17277,87
17280,270
17283,84
17284,16
17286,157
17287,116
17289,51
17290,64
17292,62
17293,226
17296,94
17299,196
17300,49
17302,67
17303,43
17305,113
17306,171
17308,17
17309,57
17312,235
17315,59
17316,10
17318,135
17319,93
17321,31
17322,57
17324,48
17325,166
17328,96
17331,185
17332,56
17334,62
17335,33
17337,106
17338,127
17340,18
17341,61
17344,248
17347,80
17348,13
17350,157
17351,101
17353,34
17354,53
17356,46
17357,190
17360,87
17363,201
17364,37
17366,47
17367,53
17369,89
17370,134
17372,17
17373,69
17376,233
17379,71
17380,20
17382,132
17383,82
17385,37
17386,45
17388,44
17389,205
17392,79
17395,169
17396,42
17398,42
17399,35
17401,96
17402,132
17404,15
17405,63
17408,241
17411,59
17412,21
17414,118
17415,89
17417,29
17418,49
17420,45
17421,192
17424,93
17427,172
17428,37
17430,53
17431,28
17433,100
17434,130
17436,17
17437,67
17440,197
17443,75
17444,14
17446,142
17447,82
17449,35
17450,45
17452,45
17453,183
17456,93
17459,168
17460,49
17462,47
17463,32
17465,79
17466,126
17468,19
17469,64
17472,222
17475,56
17476,13
17478,117
17479,89
17481,34
17482,57
17484,49
17485,176
17488,75
17491,180
17492,49
17494,50
17495,36
17497,89
17498,130
17500,13
17501,70
17504,204
17507,56
17508,15
17510,114
17511,75
17513,29
17514,44
17516,43
17517,165
17520,55
17523,174
17524,46
17526,35
17527,28
17529,79
17530,114
17532,19
17533,66
17536,183
17539,52
17540,14
17542,119
17543,77
17545,25
17546,37
17548,34
17549,143
17552,73
17555,137
17556,42
17558,48
17559,31
17561,64
17562,113
17564,8
17565,65
17568,183
17571,64
17572,15
17574,107
17575,80
17577,35
17578,44
17580,36
17581,124
17584,68
17587,147
17588,34
17590,35
17591,29
17593,58
17594,86
17596,11
17597,58
17600,146
17603,47
17604,13
17606,104
17607,68
17609,24
17610,34
17612,39
17613,119
17616,71
17619,126
17620,21
17622,26
17623,21
17625,58
17626,101
17628,15
17629,35
17632,139
17635,37
17636,6
17638,97
17639,55
17641,20
17642,22
17644,24
17645,116
17648,54
17651,120
17652,32
17654,35
17655,21
17657,54
17658,85
17660,18
17661,37
17664,130
17667,32
17668,3
17670,87
17671,58
17673,25
17674,22
17676,30
17677,116
17680,51
17683,97
17684,32
17686,26
17687,19
17689,53
17690,88
17692,8
17693,45
17696,129
17699,29
17700,9
17702,77
17703,47
17705,20
17706,27
17708,30
17709,112
17712,38
17715,88
17716,30
17718,37
17719,22
17721,47
17722,75
17724,15
17725,46
17728,147
17731,42
17732,16
17734,66
17735,53
17737,20
17738,29
17740,27
17741,104
17744,56
17747,96
17748,29
17750,23
17751,27
17753,49
17754,70
17756,9
17757,42
17760,110
17763,33
17764,12
17766,69
17767,55
17769,15
17770,21
17772,20
17773,95
17776,36
17779,100
17780,25
17782,31
17783,14
17785,53
17786,62
17788,7
17789,38
17792,126
17795,32
17796,11
17798,70
17799,47
17801,20
17802,26
17804,25
17805,74
17808,28
17811,93
17812,20
17814,25
17815,15
17817,37
17818,72
17820,12
17821,29
17824,95
17827,38
17828,9
17830,60
17831,42
17833,22
17834,13
17836,11
17837,76
17840,42
17843,80
17844,23
17846,15
17847,21
17849,46
17850,47
17852,9
17853,27
17856,79
17859,26
17860,10
17862,56
17863,41
17865,12
17866,19
17868,15
17869,65
17872,28
17875,77
17876,15
17878,19
17879,14
17881,39
17882,51
17884,6
17885,28
17888,74
17891,26
17892,10
17894,49
17895,36
17897,12
17898,16
17900,20
17901,82
17904,26
17907,52
17908,11
17910,17
17911,14
17913,31
17914,52
17916,4
17917,21
17920,73
17923,14
17924,6
17926,38
17927,45
17929,11
17930,18
17932,11
17933,60
17936,26
17939,56
17940,14
17942,26
17943,8
17945,32
17946,40
17948,7
17949,35
17952,83
17955,34
17956,6
17958,50
17959,29
17961,4
17962,13
17964,10
17965,59
17968,28
17971,64
17972,13
17974,19
17975,13
17977,23
17978,46
17980,3
17981,16
17984,83
17987,31
17988,5
17990,56
17991,35
17993,17
17994,23
17996,10
17997,65
18000,33
18003,46
18004,12
18006,23
18007,11
18009,40
18010,40
18012,1
18013,20
18016,62
18019,24
18020,2
18022,34
18023,25
18025,6
18026,19
18028,17
18029,57
18032,20
18035,54
18036,15
18038,14
18039,10
18041,35
18042,45
18044,7
18045,16
18048,59
18051,14
18052,3
18054,29
18055,28
18057,12
18058,18
18060,13
18061,53
18064,23
18067,51
18068,15
18070,12
18071,7
18073,21
18074,33
18076,6
18077,20
18080,68
18083,17
18084,6
18086,42
18087,29
18089,6
18090,10
18092,13
18093,52
18096,22
18099,49
18100,9
18102,13
18103,3
18105,20
18106,33
18108,4
18109,9
18112,75
18115,13
18116,2
18118,44
18119,29
18121,12
18122,16
18124,10
18125,57
18128,18
18131,45
18132,11
18134,4
18135,9
18137,30
18138,46
18140,3
18141,12
18144,59
18147,13
18148,4
18150,39
18151,14
18153,12
18154,13
18156,9
18157,39
18160,17
18163,53
18164,11
18166,7
18167,8
18169,18
18170,38
18172,5
18173,16
18176,57
18179,19
18180,2
18182,27
18183,24
18185,16
18186,17
18188,12
18189,32
18192,21
18195,47
18196,9
18198,12
18199,7
18201,23
18202,31
18204,8
18205,21
18208,57
18211,17
18212,9
18214,33
18215,18
18217,8
18218,11
18220,14
18221,33
18224,17
18227,32
18228,8
18230,12
18231,3
18233,15
18234,30
18236,5
18237,11
18240,61
18243,17
18244,3
18246,25
18247,14
18249,7
18250,9
18252,10
18253,42
18256,17
18259,48
18260,12
18262,6
18263,5
18265,17
18266,25
18268,6
18269,20
18272,47
18275,13
18276,4
18278,30
18279,32
18281,9
18282,12
18284,12
18285,55
18288,19
18291,38
18292,5
18294,12
18295,5
18297,18
18298,30
18300,4
18301,12
18304,47
18307,12
18308,5
18310,23
18311,20
18313,5
18314,9
18316,11
18317,41
18320,12
18323,31
18324,13
18326,10
18327,10
18329,23
18330,23
18332,2
18333,15
18336,57
18339,16
18340,4
18342,34
18343,21
18345,13
18346,11
18348,11
18349,57
18352,18
18355,40
18356,6
18358,10
18359,6
18361,24
18362,29
18364,7
18365,13
18368,50
18371,17
18372,3
18374,32
18375,19
18377,7
18378,14
18380,11
18381,39
18384,19
18387,27
18388,15
18390,15
18391,3
18393,15
18394,28
18396,4
18397,14
18400,41
18403,15
18404,3
18406,23
18407,27
18409,6
18410,13
18412,12
18413,33
18416,19
18419,36
18420,17
18422,12
18423,4
18425,20
18426,17
18428,5
18429,19
18432,55
18435,18
18436,4
18438,24
18439,21
18441,8
18442,8
18444,10
18445,48
18448,13
18451,36
18452,5
18454,14
18455,12
18457,19
18458,28
18460,2
18461,9
18464,43
18467,13
18468,1
18470,28
18471,21
18473,9
18474,14
18476,9
18477,43
18480,8
18483,35
18484,7
18486,12
18487,6
18489,20
18490,23
18492,1
18493,14
18496,45
18499,13
18500,1
18502,37
18503,17
18505,7
18506,11
18508,4
18509,37
18512,13
18515,32
18516,9
18518,10
18519,11
18521,18
18522,34
18524,9
18525,17
18528,45
18531,9
18532,4
18534,38
18535,16
18537,7
18538,5
18540,10
18541,36
18544,15
18547,40
18548,4
18550,5
18551,4
18553,25
18554,33
18556,5
18557,13
18560,54
18563,13
18564,9
18566,25
18567,8
18569,5
18570,9
18572,9
18573,37
18576,17
18579,34
18580,6
18582,5
18583,2
18585,19
18586,24
18588,3
18589,16
18592,44
18595,11
18596,3
18598,25
18599,19
18601,9
18602,10
18604,13
18605,30
18608,13
18611,37
18612,8
18614,7
18615,8
18617,19
18618,38
18620,7
18621,10
18624,48
18627,15
18628,5
18630,23
18631,17
18633,11
18634,6
18636,5
18637,37
18640,14
18643,45
18644,11
18646,12
18647,5
18649,15
18650,24
18652,2
18653,10
18656,38
18659,18
18660,4
18662,25
18663,24
18665,7
18666,12
18668,8
18669,34
18672,17
18675,37
18676,10
18678,16
18679,6
18681,16
18682,29
18684,4
18685,16
18688,38
18691,13
18692,2
18694,21
18695,17
18697,8
18698,16
18700,6
18701,32
18704,21
18707,29
18708,11
18710,12
18711,8
18713,18
18714,31
18716,2
18717,11
18720,49
18723,15
18724,1
18726,45
18727,20
18729,6
18730,8
18732,12
18733,37
18736,15
18739,31
18740,16
18742,6
18743,8
18745,13
18746,23
18748,4
18749,16
18752,43
18755,9
18756,7
18758,37
18759,17
18761,7
18762,6
18764,9
18765,29
18768,15
18771,31
18772,8
18774,6
18775,6
18777,20
18778,28
18780,6
18781,11
18784,46
18787,13
18790,17
18791,13
18793,7
18794,8
18796,9
18797,37
18800,24
18803,39
18804,6
18806,11
18807,6
18809,17
18810,22
18812,5
18813,12
18816,55
18819,7
18820,4
18822,18
18823,15
18825,5
18826,10
18828,6
18829,31
18832,17
18835,35
18836,11
18838,5
18839,3
18841,11
18842,29
18844,3
18845,7
18848,41
18851,11
18852,3
18854,21
18855,19
18857,10
18858,10
18860,12
18861,35
18864,14
18867,36
18868,8
18870,13
18871,13
18873,18
18874,28
18876,3
18877,10
18880,39
18883,17
18884,1
18886,30
18887,20
18889,5
18890,8
18892,7
18893,42
18896,19
18899,44
18900,7
18902,9
18903,5
18905,24
18906,22
18908,5
18909,15
18912,43
18915,15
18916,4
18918,17
18919,16
18921,9
18922,13
18924,6
18925,34
18928,13
18931,35
18932,11
18934,15
18935,8
18937,21
18938,33
18940,3
18941,12
18944,51
18947,6
18948,3
18950,27
18951,16
18953,3
18954,9
18956,11
18957,34
18960,10
18963,28
18964,8
18966,17
18967,5
18969,20
18970,21
18972,1
18973,12
18976,37
18979,13
18980,1
18982,32
18983,13
18985,6
18986,10
18988,11
18989,35
18992,17
18995,31
18996,6
18998,14
18999,6
19001,21
19002,28
19004,2
19005,19
19008,44
19011,8
19012,1
19014,23
19015,17
19017,3
19018,10
19020,10
19021,33
19024,20
19027,48
19028,9
19030,8
19031,3
19033,17
19034,18
19036,4
19037,16
19040,43
19043,13
19044,3
19046,23
19047,17
19049,5
19050,8
19052,13
19053,37
19056,18
19059,24
19060,8
19062,15
19063,8
19065,18
19066,22
19068,6
19069,12
19072,45
19075,14
19076,7
19078,29
19079,14
19081,6
19082,18
19084,4
19085,40
19088,13
19091,28
19092,10
19094,12
19095,2
19097,21
19098,22
19100,3
19101,15
19104,41
19107,17
19108,1
19110,27
19111,19
19113,10
19114,8
19116,5
19117,37
19120,18
19123,29
19124,8
19126,8
19127,9
19129,21
19130,24
19132,5
19133,12
19136,37
19139,10
19140,2
19142,29
19143,15
19145,3
19146,9
19148,10
19149,42
19152,31
19155,28
19156,10
19158,8
19159,8
19161,13
19162,16
19164,2
19165,12
19168,35
19171,18
19172,2
19174,26
19175,20
19177,4
19178,16
19180,7
19181,35
19184,9
19187,33
19188,13
19190,8
19191,7
19193,19
19194,20
19196,2
19197,17
19200,40
19203,15
19204,2
19206,22
19207,15
19209,6
19210,11
19212,5
19213,31
19216,22
19219,48
19220,7
19222,12
19223,7
19225,16
19226,24
19228,4
19229,16
19232,36
19235,12
19238,18
19239,14
19241,9
19242,12
19244,12
19245,33
19248,19
19251,29
19252,14
19254,19
19255,10
19257,13
19258,31
19260,3
19261,15
19264,55
19267,11
19268,2
19270,30
19271,14
19273,10
19274,8
19276,10
19277,37
19280,19
19283,33
19284,7
19286,7
19287,5
19289,10
19290,27
19292,3
19293,12
19296,37
19299,13
19300,3
19302,28
19303,26
19305,1
19306,11
19308,11
19309,32
19312,15
19315,42
19316,10
19318,8
19319,6
19321,12
19322,28
19324,3
19325,10
19328,46
19331,11
19332,5
19334,30
19335,13
19337,6
19338,7
19340,6
19341,36
19344,9
19347,32
19348,4
19350,4
19351,10
19353,23
19354,31
19356,2
19357,12
19360,48
19363,14
19364,3
19366,18
19367,12
19369,4
19370,17
19372,11
19373,38
19376,17
19379,39
19380,10
19382,9
19383,10
19385,13
19386,34
19388,3
19389,10
19392,47
19395,13
19396,3
19398,26
19399,23
19401,6
19402,14
19404,8
19405,31
19408,16
19411,38
19412,10
19414,7
19415,8
19417,17
19418,25
19420,3
19421,7
19424,46
19427,7
19428,7
19430,27
19431,17
19433,5
19434,8
19436,6
19437,36
19440,15
19443,30
19444,4
19446,8
19447,6
19449,16
19450,29
19452,7
19453,11
19456,54
19459,9
19460,1
19462,32
19463,27
19465,7
19466,11
19468,10
19469,38
19472,20
19475,31
19476,6
19478,15
19479,6
19481,20
19482,23
19484,4
19485,12
19488,33
19491,11
19494,34
19495,23
19497,6
19498,13
19500,8
19501,44
19504,13
19507,33
19508,10
19510,10
19511,4
19513,15
19514,25
19516,2
19517,11
19520,51
19523,15
19524,2
19526,15
19527,17
19529,7
19530,7
19532,12
19533,36
19536,21
19539,37
19540,7
19542,13
19543,6
19545,20
19546,25
19548,4
19549,15
19552,39
19555,13
19556,4
19558,21
19559,13
19561,4
19562,13
19564,6
19565,34
19568,15
19571,43
19572,5
19574,6
19575,4
19577,18
19578,20
19580,4
19581,16
19584,41
19587,15
19588,3
19590,24
19591,17
19593,6
19594,11
19596,10
19597,34
19600,17
19603,32
19604,10
19606,7
19607,6
19609,18
19610,29
19612,5
19613,19
19616,46
19619,11
19620,3
19622,27
19623,19
19625,5
19626,9
19628,6
19629,43
19632,17
19635,37
19636,7
19638,14
19639,7
19641,14
19642,27
19644,4
19645,11
19648,28
19651,15
19652,7
19654,19
19655,15
19657,5
19658,9
19660,15
19661,32
19664,15
19667,37
19668,9
19670,15
19671,9
19673,11
19674,23
19676,3
19677,13
19680,37
19683,12
19686,24
19687,16
19689,9
19690,9
19692,3
19693,31
19696,24
19699,40
19700,7
19702,10
19703,8
19705,18
19706,34
19708,2
19709,14
19712,30
19715,13
19716,2
19718,32
19719,20
19721,4
19722,13
19724,6
19725,31
19728,17
19731,26
19732,6
19734,4
19735,9
19737,18
19738,35
19740,3
19741,13
19744,36
19747,13
19748,4
19750,20
19751,22
19753,5
19754,8
19756,6
19757,35
19760,14
19763,31
19764,10
19766,8
19767,8
19769,19
19770,18
19772,1
19773,11
19776,46
19779,13
19780,4
19782,26
19783,17
19785,3
19786,11
19788,10
19789,38
19792,10
19795,30
19796,5
19798,11
19799,6
19801,13
19802,26
19804,5
19805,8
19808,44
19811,8
19812,2
19814,20
19815,18
19817,5
19818,5
19820,9
19821,49
19824,16
19827,36
19828,14
19830,12
19831,7
19833,20
19834,24
19836,2
19837,14
19840,41
19843,14
19844,3
19846,22
19847,24
19849,8
19850,5
19852,9
19853,48
19856,9
19859,28
19860,10
19862,9
19863,3
19865,20
19866,25
19868,2
19869,21
19872,53
19875,11
19876,2
19878,21
19879,16
19881,6
19882,13
19884,9
19885,37
19888,12
19891,39
19892,7
19894,11
19895,5
19897,25
19898,26
19900,5
19901,10
19904,56
19907,13
19908,4
19910,23
19911,19
19913,6
19914,10
19916,7
19917,24
19920,23
19923,29
19924,6
19926,14
19927,11
19929,26
19930,29
19932,7
19933,17
19936,40
19939,9
19940,2
19942,18
19943,31
19945,7
19946,6
19948,11
19949,32
19952,20
19955,31
19956,10
19958,8
19959,7
19961,14
19962,19
19964,4
19965,11
19968,48
19971,11
19972,7
19974,32
19975,18
19977,8
19978,11
19980,7
19981,34
19984,14
19987,25
19988,6
19990,11
19991,6
19993,18
19994,22
19996,4
19997,8
20000,38
20003,12
20004,1
20006,31
20007,14
20009,6
20010,8
20012,9
20013,31
20016,11
20019,34
20020,8
20022,9
20023,6
20025,13
20026,29
20028,3
20029,13
20032,50
20035,10
20036,4
20038,24
20039,10
20041,7
20042,14
20044,5
20045,33
20048,20
20051,30
20052,9
20054,7
20055,6
20057,20
20058,24
20060,5
20061,11
20064,43
20067,9
20068,2
20070,24
20071,25
20073,5
20074,10
20076,7
20077,31
20080,16
20083,36
20084,6
20086,13
20087,10
20089,20
20090,30
20092,2
20093,9
20096,26
20099,16
20100,1
20102,20
20103,20
20105,1
20106,9
20108,9
20109,32
20112,17
20115,27
20116,8
20118,9
20119,7
20121,19
20122,31
20124,7
20125,21
20128,31
20131,14
20132,1
20134,31
20135,12
20137,7
20138,7
20140,10
20141,38
20144,10
20147,35
20148,10
20150,4
20151,6
20153,20
20154,22
20157,9
20160,37
20163,10
20164,4
20166,28
20167,15
20169,5
20170,4
20172,7
20173,22
20176,10
20179,23
20180,7
20182,7
20183,5
20185,19
20186,24
20188,3
20189,12
20192,41
20195,9
20196,2
20198,23
20199,17
20201,5
20202,12
20204,7
20205,27
20208,13
20211,29
20212,10
20214,6
20215,4
20217,25
20218,16
20220,3
20221,11
20224,30
20227,8
20228,2
20230,22
20231,9
20233,4
20234,12
20236,8
20237,29
20240,11
20243,33
20244,7
20246,5
20247,6
20249,12
20250,15
20252,3
20253,23
20256,38
20259,6
20260,3
20262,17
20263,16
20265,4
20266,5
20268,3
20269,26
20272,11
20275,26
20276,7
20278,9
20279,4
20281,12
20282,18
20284,7
20285,10
20288,25
20291,12
20292,1
20294,25
20295,11
20297,7
20298,10
20300,11
20301,22
20304,10
20307,23
20308,6
20310,5
20311,3
20313,20
20314,16
20316,1
20317,9
20320,26
20323,10
20324,3
20326,15
20327,10
20329,3
20330,6
20332,11
20333,33
20336,9
20339,41
20340,2
20342,7
20343,5
20345,10
20346,12
20348,2
20349,9
20352,17
20355,18
20356,4
20358,15
20359,10
20361,7
20362,5
20364,7
20365,32
20368,10
20371,25
20372,5
20374,4
20375,4
20377,7
20378,15
20380,1
20381,9
20384,34
20387,8
20388,1
20390,21
20391,18
20393,4
20394,6
20396,2
20397,17
20400,10
20403,26
20404,8
20406,4
20407,6
20409,13
20410,14
20412,1
20413,10
20416,28
20419,13
20420,2
20422,24
20423,13
20425,5
20426,8
20428,9
20429,23
20432,6
20435,32
20436,7
20438,6
20439,8
20441,14
20442,20
20444,2
20445,9
20448,19
20451,6
20452,3
20454,22
20455,7
20457,5
20458,1
20460,5
20461,29
20464,9
20467,21
20468,4
20470,3
20471,4
20473,7
20474,18
20476,1
20477,11
20480,27
20483,10
20486,16
20487,15
20489,4
20490,7
20492,5
20493,25
20496,11
20499,14
20500,3
20502,5
20503,3
20505,9
20506,18
20508,1
20509,5
20512,24
20515,6
20516,4
20518,13
20519,7
20521,6
20522,4
20524,4
20525,27
20528,8
20531,22
20532,4
20534,4
20535,5
20537,2
20538,17
20540,1
20541,4
20544,31
20547,4
20548,4
20550,17
20551,15
20553,3
20554,9
20556,3
20557,16
20560,11
20563,15
20564,5
20566,5
20567,3
20569,6
20570,10
20573,5
20576,28
20579,5
20580,1
20582,10
20583,6
20585,7
20586,4
20588,4
20589,12
20592,5
20595,22
20596,5
20598,1
20599,4
20601,9
20602,7
20604,3
20605,5
20608,9
20611,9
20612,4
20614,11
20615,9
20617,3
20618,5
20621,20
20624,10
20627,16
20628,8
20630,6
20631,3
20633,5
20634,17
20637,3
20640,19
20643,3
20646,9
20647,6
20649,2
20650,7
20652,3
20653,10
20656,3
20659,17
20660,4
20662,4
20663,2
20665,8
20666,12
20668,1
20669,1
20672,18
20675,5
20676,1
20678,14
20679,6
20681,1
20682,3
20684,1
20685,9
20688,10
20691,10
20692,2
20694,3
20695,4
20697,7
20698,9
20700,3
20701,6
20704,17
20707,5
20710,10
20711,11
20713,1
20714,4
20716,3
20717,20
20720,7
20723,16
20724,2
20726,4
20727,2
20729,6
20730,11
20732,1
20733,1
20736,24
20739,4
20740,2
20742,8
20743,5
20745,2
20746,4
20748,6
20749,17
20752,10
20755,8
20756,3
20758,3
20759,3
20761,8
20762,12
20764,4
20765,8
20768,14
20771,4
20772,3
20774,6
20775,9
20777,3
20778,3
20780,1
20781,11
20784,3
20787,7
20790,1
20791,1
20793,2
20794,14
20797,4
20800,8
20803,6
20804,1
20806,10
20807,8
20809,1
20810,6
20812,2
20813,17
20816,5
20819,12
20822,2
20823,1
20825,1
20826,11
20828,1
20829,5
20832,8
20835,6
20836,2
20838,7
20839,2
20842,2
20844,3
20845,17
20848,1
20851,5
20854,1
20857,5
20858,6
20860,1
20861,5
20864,10
20870,7
20871,6
20874,1
20877,10
20880,1
20883,10
20884,3
20886,4
20889,4
20890,7
20892,1
20893,4
20896,10
20899,1
20902,6
20903,3
20905,1
20908,4
20909,5
20912,3
20915,7
20916,1
20918,1
20919,1
20921,4
20922,8
20925,3
20928,10
20931,2
20932,1
20934,7
20935,1
20937,1
20938,2
20940,5
20941,8
20944,1
20947,4
20948,1
20950,5
20951,1
20953,3
20954,3
20956,2
20957,2
20960,12
20966,5
20967,2
20972,1
20973,3
20976,3
20979,12
20980,2
20983,3
20985,2
20986,6
20988,1
20989,2
20992,10
20995,1
20998,1
20999,3
21004,1
21005,9
21008,5
21011,4
21012,1
21014,1
21015,1
21018,4
21021,3
21024,1
21027,3
21028,1
21030,5
21031,1
21033,1
21034,1
21036,3
21037,7
21040,1
21043,4
21046,1
21049,1
21050,4
21053,1
21056,4
21059,1
21060,2
21062,1
21063,3
21065,1
21066,1
21068,2
21069,5
21072,6
21075,5
21079,2
21081,2
21082,8
21088,6
21091,1
21094,6
21095,2
21098,1
21100,1
21101,4
21104,1
21107,2
21108,2
21110,5
21111,1
21113,2
21114,3
21117,4
21120,2
21123,2
21124,1
21126,4
21127,3
21129,1
21132,3
21133,3
21136,1
21139,4
21140,3
21143,2
21145,3
21148,1
21152,1
21155,2
21158,2
21159,3
21161,3
21164,3
21165,4
21168,3
21171,7
21172,1
21175,2
21177,5
21178,7
21180,1
21184,3
21187,2
21190,6
21191,2
21193,1
21194,1
21197,5
21203,3
21209,1
21210,2
21213,1
21216,7
21222,2
21223,3
21229,2
21232,3
21235,3
21239,1
21241,2
21242,2
21248,4
21251,1
21254,2
21257,1
21261,2
21264,2
21267,2
21270,1
21271,2
21273,1
21274,2
21276,1
21277,2
21280,4
21283,2
21286,1
21287,2
21289,2
21290,1
21292,1
21293,2
21296,3
21299,1
21300,1
21302,1
21303,2
21305,2
21309,2
21312,3
21316,1
21318,1
21319,1
21325,4
21328,2
21331,1
21337,2
21338,1
21341,2
21344,4
21347,2
21348,1
21350,4
21351,2
21354,3
21357,2
21360,1
21363,2
21366,4
21369,1
21373,2
21376,4
21379,1
21382,2
21388,2
21389,5
21392,2
21401,4
21402,1
21404,1
21405,3
21408,5
21411,2
21415,1
21417,1
21421,2
21424,2
21427,2
21434,5
21440,1
21444,2
21446,3
21447,2
21450,1
21452,1
21453,3
21459,1
21463,1
21465,3
21466,1
21469,1
21472,5
21478,2
21479,1
21481,2
21482,1
21485,4
21491,3
21492,1
21494,1
21497,2
21498,1
21500,2
21504,2
21508,1
21510,1
21513,1
21514,2
21517,2
21520,1
21523,1
21526,1
21529,2
21530,1
21536,4
21542,3
21545,1
21546,2
21552,1
21555,4
21561,1
21562,3
21564,1
21568,6
21571,3
21572,1
21574,1
21575,1
21577,2
21578,1
21581,2
21584,1
21587,1
21588,2
21593,1
21594,4
21597,1
21600,1
21603,2
21606,1
21607,1
21612,1
21613,1
21616,1
21619,4
21625,1
21626,1
21632,6
21638,1
21639,1
21642,1
21644,1
21645,2
21648,1
21651,2
21654,1
21655,1
21658,3
21661,1
21664,5
21667,1
21670,2
21673,1
21677,2
21683,3
21686,1
21689,3
21690,1
21692,1
21696,3
21700,2
21709,1
21712,3
21715,2
21716,1
21721,3
21722,1
21728,5
21734,1
21735,3
21737,1
21740,1
21741,1
21744,2
21747,3
21748,2
21750,1
21754,2
21756,1
21757,2
21760,6
21773,6
21779,7
21785,1
21786,2
21789,2
21792,1
21798,3
21805,1
21808,1
21811,1
21818,1
21821,1
21824,2
21827,2
21830,2
21831,2
21833,2
21843,2
21844,1
21846,1
21847,1
21849,1
21850,2
21856,2
21859,2
21862,3
21863,1
21869,1
21872,3
21875,2
21878,1
21881,1
21882,2
21884,1
21885,1
21894,1
21901,2
21907,2
21910,1
21911,1
21913,1
21917,1
21920,4
21923,2
21927,2
21933,3
21936,1
21939,2
21940,2
21942,1
21945,2
21946,1
21952,2
21955,1
21956,1
21958,2
21959,1
21965,1
21971,2
21978,1
21984,3
21987,1
21990,1
21991,1
21996,1
21997,1
22003,2
22004,1
22006,1
22009,1
22010,4
22012,2
22016,3
22019,1
22022,1
22023,2
22026,1
22029,2
22032,1
22035,1
22036,1
22038,1
22042,2
22048,2
22054,1
22057,2
22058,1
22060,1
22061,2
22067,2
22073,3
22074,1
22076,1
22077,3
22080,2
22087,1
22093,4
22100,1
22105,1
22106,2
22112,3
22118,2
22125,3
22128,1
22131,2
22137,1
22138,1
22144,4
22147,1
22150,3
22153,1
22154,1
22157,4
22160,1
22163,1
22164,1
22169,1
22176,1
22179,1
22186,2
22188,1
22189,4
22195,1
22196,1
22198,1
22201,1
22202,2
22205,2
22208,3
22211,1
22215,2
22217,2
22218,1
22221,3
22227,2
22234,1
22237,1
22240,3
22243,1
22246,1
22252,1
22253,1
22259,2
22269,4
22272,3
22279,1
22285,1
22291,3
22294,1
22298,2
22304,4
22310,2
22314,2
22317,2
22320,2
22324,2
22329,3
22330,3
22336,1
22342,1
22349,1
22352,3
22355,2
22362,1
22364,1
22365,1
22368,5
22371,1
22374,2
22381,1
22390,1
22394,1
22397,1
22400,2
22425,1
22432,1
22438,1
22439,2
22445,2
22448,1
22451,3
22452,1
22457,3
22458,1
22464,4
22470,2
22473,1
22474,2
22480,2
22483,2
22484,1
22489,1
22493,1
22496,4
22503,2
22509,1
22515,2
22518,1
22521,2
22522,1
22525,1
22528,1
22534,1
22540,1
22541,2
22547,1
22550,1
22553,1
22557,2
22560,2
22563,1
22566,1
22572,1
22573,1
22576,1
22579,1
22580,1
22586,1
22592,1
22598,2
22599,1
22602,1
22604,1
22605,1
22608,1
22611,1
22618,1
22627,1
22633,1
22637,2
22643,1
22646,1
22649,1
22659,1
22662,1
22672,2
22675,1
22682,1
22685,1
22691,1
22695,1
22701,1
22704,1
22707,1
22710,1
22714,1
22720,2
22739,1
22742,1
22746,1
22752,2
22758,1
22762,1
22765,1
22768,1
22771,2
22784,4
22791,1
22794,1
22796,1
22797,1
22800,1
22806,1
22810,1
22816,2
22828,2
22829,3
22832,1
22842,1
22851,2
22855,1
22858,1
22861,1
22867,1
22873,1
22880,3
22889,1
22893,2
22899,1
22900,1
22906,2
22912,1
22915,1
22918,1
22922,1
22925,2
22928,2
22938,1
22941,1
22950,3
22954,1
22957,2
22960,1
22966,1
22969,1
22970,1
22973,1
22976,1
22982,1
22983,1
22989,1
22995,2
23002,1
23011,1
23014,2
23015,1
23018,1
23021,2
23027,1
23040,1
23049,1
23052,2
23056,2
23059,1
23066,1
23069,1
23072,1
23085,1
23088,1
23091,1
23094,1
23095,1
23107,1
23110,1
23117,1
23123,1
23129,1
23136,1
23142,2
23143,1
23149,1
23155,2
23177,1
23181,2
23188,1
23190,1
23200,2
23204,1
23219,2
23222,1
23226,1
23229,1
23235,1
23238,1
23244,2
23245,1
23251,1
23258,1
23261,1
23268,1
23270,1
23276,1
23280,1
23283,1
23290,1
23296,1
23305,1
23306,1
23315,1
23318,2
23328,2
23334,1
23347,2
23350,2
23353,1
23366,2
23373,1
23379,1
23383,1
23386,2
23392,1
23398,1
23411,1
23427,2
23437,1
23440,1
23453,1
23456,2
23460,1
23466,1
23472,1
23475,3
23478,1
23482,1
23488,2
23500,1
23501,1
23504,2
23507,2
23514,1
23520,1
23526,1
23529,1
23536,1
23545,1
23552,2
23558,1
23565,1
23571,2
23577,1
23584,3
23590,1
23597,1
23603,1
23606,1
23644,1
23651,1
23661,1
23668,1
23676,1
23696,1
23702,1
23706,1
23712,2
23715,1
23721,1
23728,1
23738,2
23744,1
23747,2
23760,1
23763,1
23769,1
23783,1
23788,1
23789,1
23802,1
23815,1
23834,1
23846,1
23847,1
23856,1
23878,1
23879,2
23885,1
23891,1
23898,1
23907,1
23911,1
23914,1
23917,1
23920,1
23930,1
23943,1
23946,1
23959,1
23965,1
23971,1
23974,1
23975,1
23994,1
24013,1
24019,1
24020,1
24026,1
24038,1
24054,2
24058,1
24064,1
24067,1
24093,1
24099,1
24102,3
24109,1
24115,1
24118,1
24122,1
24131,1
24141,1
24147,1
24148,1
24163,1
24172,1
24173,1
24179,1
24186,1
24205,1
24208,1
24217,1
24237,1
24243,1
24260,1
24282,1
24292,1
24301,1
24339,2
24361,1
24362,1
24365,1
24377,1
24378,1
24381,1
24387,1
24388,1
24390,1
24413,1
24422,1
24429,1
24436,1
24441,1
24451,1
24480,1
24486,1
24493,1
24505,1
24506,1
24512,2
24525,1
24557,1
24563,2
24570,1
24573,1
24576,1
24582,1
24588,1
24595,1
24608,1
24640,1
24672,1
24682,2
24685,1
24688,1
24691,2
24697,2
24720,1
24730,1
24733,1
24736,1
24755,1
24756,1
24768,1
24781,1
24807,1
24816,1
24823,1
24829,1
24832,1
24835,2
24851,1
24876,1
24896,1
24922,1
24941,1
24967,1
24973,2
24992,1
25011,1
25014,1
25027,1
25030,1
25043,1
25053,1
25072,2
25113,2
25120,1
25123,1
25124,1
25175,1
25177,1
25184,1
25197,1
25216,1
25235,2
25241,1
25248,1
25257,1
25267,1
25276,1
25280,1
25300,1
25305,2
25318,1
25319,1
25340,1
25344,1
25408,2
25431,1
25510,1
25511,1
25524,1
25530,1
25559,1
25664,1
25702,1
25734,1
25747,1
25802,1
25926,1
25927,1
25945,1
25971,1
26061,1
26096,1
26157,1
26183,1
26195,1
26432,1
26676,1
26832,1
26835,1
26873,1
27271,2
27293,1
27661,1
27782,1
28230,1
28436,1
28454,1
28512,1
28829,1
28918,1
29011,1
29536,1
31280,1
33043,1
33113,1
33335,1
34445,1
34790,1
36186,1
36307,1
36403,1
36608,1
39456,1
40445,1
40966,1
41133,1
43239,1
44467,1
46388,1
47399,1
48560,1
49907,1
52442,1
54025,1
54403,1
59814,1
62860,1
64279,1
64717,1
65357,1
65478,1
66752,1
67645,1
69920,1
70310,1
71104,1
73932,1
75190,1
75558,1
75994,1
77031,1
77645,1
80813,1
81379,1
82567,1
90845,1
93107,1
96211,1
97786,1
173331,1
1091164,1
1117178,1
1153382,1
1436729,1
1641389,1
1646147,1
4538124,1
4538252,1
4539943,1
4541657,1
4548819,1
4551523,1
4554297,1
4556282,1
4557996,1
4559392,1
4560767,1
4561738,1
4563002,1
4565094,1
4565798,1
4568623,1
4569766,1
4569872,1
4570234,1
4570707,1
4572752,1
4575034,1
4578611,1
4582541,1
4583386,1
4583551,1
4584922,1
4585024,1
4585767,1
4591712,1
4593901,1
4594336,1
4594656,1
4595277,1
4595478,1
4595590,1
4595795,1
4597459,1
4599193,1
4600899,1
4601683,1
4606035,1
4633520,1
4634335,1
4650067,1
4653372,1
4653472,1
4659766,1
4661753,1
4669043,1
4676128,1
4677158,1
4684812,1
4688061,1
4692531,1
4699481,1
4716742,1
4725043,1
5600918,1
