# Samples: 138806, Average: 32863.2 ns, StdDev: 85200.9 ns, Quartiles: 22205.0/33728.0/35712.0 ns
10316,1
10515,1
10649,1
11056,1
11220,1
11718,1
11719,1
11731,1
11734,1
11763,1
11779,1
11789,1
11792,1
11796,1
11799,1
11817,1
11824,1
11833,1
11837,1
11840,2
11853,1
11856,1
11859,2
11862,1
11865,2
11868,1
11872,1
11876,1
11891,1
11892,1
11898,1
11904,1
11907,1
11910,2
11911,1
11914,1
11916,1
11920,3
11923,1
11924,2
11926,1
11927,1
11929,1
11930,3
11933,4
11936,1
11939,2
11942,2
11949,1
11952,6
11955,1
11956,1
11958,2
11961,1
11968,4
11974,1
11975,1
11977,4
11981,2
11984,1
11987,4
11988,1
11990,1
11991,1
11994,4
11997,1
12000,4
12003,1
12004,2
12006,2
12007,2
12009,1
12013,2
12016,1
12019,5
12020,2
12022,1
12023,2
12025,1
12026,2
12029,1
12032,7
12035,3
12036,2
12038,3
12039,1
12042,3
12045,6
12048,2
12051,5
12052,2
12054,3
12055,1
12057,4
12058,4
12061,1
12064,8
12067,2
12070,3
12071,2
12074,2
12076,1
12077,5
12080,1
12083,6
12084,3
12086,3
12087,1
12089,1
12090,3
12092,1
12093,2
12096,7
12099,3
12103,5
12105,1
12108,1
12109,7
12112,4
12115,6
12116,2
12118,2
12121,2
12122,2
12124,1
12125,3
12128,5
12131,3
12132,1
12134,3
12135,2
12137,3
12138,3
12140,4
12141,3
12144,3
12147,4
12148,2
12150,2
12153,4
12154,4
12156,1
12157,2
12160,8
12163,2
12164,1
12166,4
12167,6
12169,1
12170,5
12172,1
12173,5
12176,4
12179,4
12180,2
12182,2
12183,2
12185,5
12186,4
12189,5
12192,3
12195,6
12196,2
12198,7
12201,2
12202,4
12204,3
12205,9
12208,7
12211,8
12212,4
12214,3
12215,2
12217,4
12218,2
12221,4
12224,10
12227,5
12228,2
12230,9
12231,4
12233,2
12234,3
12236,1
12237,9
12240,5
12243,11
12244,1
12246,1
12247,3
12249,1
12250,10
12252,1
12253,1
12256,14
12259,5
12260,1
12262,8
12263,4
12265,4
12266,4
12268,3
12269,8
12272,8
12275,7
12276,1
12278,5
12279,3
12281,5
12282,5
12284,3
12285,4
12288,13
12291,7
12292,1
12294,6
12295,4
12297,2
12298,3
12300,3
12301,9
12304,9
12307,15
12308,3
12310,2
12311,3
12313,6
12314,8
12316,2
12317,7
12320,10
12323,11
12324,1
12326,9
12327,7
12329,3
12330,4
12332,2
12333,10
12336,8
12339,9
12340,5
12342,4
12343,2
12345,6
12346,3
12348,2
12349,8
12352,14
12355,10
12356,1
12358,8
12359,5
12361,4
12362,1
12364,2
12365,16
12368,11
12371,12
12372,4
12374,3
12375,4
12377,5
12378,9
12380,2
12381,9
12384,17
12387,8
12388,4
12390,10
12391,6
12393,5
12394,6
12396,2
12397,12
12400,15
12403,13
12404,2
12406,8
12407,4
12409,5
12410,10
12413,12
12416,24
12419,9
12420,1
12422,5
12423,5
12425,5
12426,6
12428,3
12429,13
12432,15
12435,8
12436,4
12438,11
12439,1
12441,10
12442,12
12444,3
12445,8
12448,17
12451,11
12452,1
12454,12
12455,6
12457,2
12458,10
12460,1
12461,14
12464,12
12467,23
12468,3
12470,4
12471,5
12473,9
12474,12
12476,4
12477,2
12480,24
12483,4
12484,1
12486,12
12487,7
12489,6
12490,5
12492,4
12493,16
12496,15
12499,14
12500,6
12502,7
12503,2
12505,10
12506,10
12508,3
12509,12
12512,30
12515,6
12516,3
12518,14
12519,8
12521,4
12522,5
12524,5
12525,24
12528,8
12531,23
12532,5
12534,12
12535,7
12537,10
12538,22
12540,1
12541,13
12544,24
12547,13
12548,7
12550,17
12551,10
12553,10
12554,8
12556,4
12557,19
12560,9
12563,23
12564,10
12566,3
12567,9
12569,13
12570,19
12572,2
12573,8
12576,33
12579,12
12580,7
12582,14
12583,11
12585,8
12586,8
12588,12
12589,24
12592,16
12595,26
12596,6
12598,9
12599,6
12601,12
12602,13
12604,2
12605,12
12608,37
12611,12
12612,3
12614,18
12615,13
12617,9
12618,9
12620,9
12621,19
12624,21
12627,25
12628,2
12630,4
12631,7
12633,15
12634,25
12636,2
12637,11
12640,34
12643,15
12644,4
12646,19
12647,10
12649,7
12650,9
12652,6
12653,24
12656,24
12659,19
12660,5
12662,14
12663,7
12665,12
12666,20
12668,4
12669,11
12672,32
12675,9
12676,2
12678,24
12679,8
12681,6
12682,7
12684,8
12685,26
12688,18
12691,32
12692,5
12694,15
12695,14
12697,15
12698,20
12700,3
12701,17
12704,29
12707,19
12708,4
12710,29
12711,15
12713,5
12714,7
12716,5
12717,21
12720,22
12723,26
12724,13
12726,8
12727,5
12729,18
12730,21
12732,5
12733,21
12736,36
12739,20
12740,4
12742,20
12743,19
12745,4
12746,8
12748,10
12749,39
12752,25
12755,31
12756,7
12758,11
12759,7
12761,18
12762,18
12764,2
12765,9
12768,34
12771,13
12772,6
12774,31
12775,16
12777,7
12778,7
12780,6
12781,28
12784,20
12787,33
12788,8
12790,15
12791,6
12793,23
12794,24
12796,4
12797,22
12800,34
12803,12
12804,3
12806,28
12807,19
12809,11
12810,6
12812,12
12813,36
12816,16
12819,28
12820,8
12822,14
12823,5
12825,16
12826,31
12828,3
12829,22
12832,40
12835,23
12836,3
12838,26
12839,11
12841,7
12842,19
12844,10
12845,31
12848,19
12851,25
12852,5
12854,13
12855,8
12857,15
12858,30
12860,5
12861,17
12864,38
12867,19
12868,3
12870,28
12871,13
12873,10
12874,16
12876,11
12877,35
12880,27
12883,43
12884,9
12886,17
12887,11
12889,27
12890,34
12892,8
12893,19
12896,33
12899,22
12900,7
12902,25
12903,20
12905,14
12906,11
12908,9
12909,51
12912,18
12915,42
12916,13
12918,16
12919,9
12921,18
12922,20
12924,6
12925,14
12928,49
12931,17
12932,2
12934,33
12935,22
12937,5
12938,10
12940,8
12941,33
12944,18
12947,33
12948,8
12950,14
12951,9
12953,21
12954,21
12956,1
12957,18
12960,46
12963,17
12964,5
12966,20
12967,18
12969,8
12970,11
12972,6
12973,32
12976,23
12979,35
12980,9
12982,12
12983,12
12985,17
12986,32
12988,7
12989,19
12992,35
12995,14
12996,4
12998,26
12999,15
13001,9
13002,15
13004,10
13005,41
13008,34
13011,26
13012,9
13014,13
13015,11
13017,18
13018,31
13020,3
13021,24
13024,44
13027,20
13028,3
13030,24
13031,15
13033,9
13034,14
13036,10
13037,42
13040,24
13043,48
13044,10
13046,15
13047,9
13049,22
13050,28
13052,5
13053,21
13056,56
13059,17
13060,8
13062,31
13063,8
13065,6
13066,11
13068,15
13069,43
13072,32
13075,34
13076,15
13078,10
13079,10
13081,16
13082,31
13084,5
13085,27
13088,39
13091,20
13092,5
13094,28
13095,19
13097,6
13098,13
13100,6
13101,43
13104,25
13107,40
13108,6
13110,16
13111,8
13113,17
13114,16
13116,8
13117,16
13120,51
13123,23
13124,4
13126,24
13127,19
13129,10
13130,13
13132,9
13133,36
13136,20
13139,42
13140,6
13142,22
13143,9
13145,13
13146,26
13148,9
13149,19
13152,40
13155,16
13156,3
13158,22
13159,15
13161,8
13162,15
13164,11
13165,38
13168,22
13171,33
13172,6
13174,6
13175,4
13177,16
13178,24
13180,3
13181,13
13184,57
13187,12
13188,5
13190,30
13191,20
13193,3
13194,14
13196,5
13197,27
13200,22
13203,35
13204,8
13206,16
13207,9
13209,23
13210,29
13212,3
13213,20
13216,34
13219,24
13220,2
13222,29
13223,22
13225,13
13226,23
13228,11
13229,34
13232,30
13235,40
13236,8
13238,18
13239,9
13241,22
13242,26
13244,3
13245,16
13248,45
13251,27
13252,5
13254,23
13255,21
13257,6
13258,14
13260,11
13261,28
13264,21
13267,50
13268,9
13270,15
13271,10
13273,22
13274,22
13276,9
13277,17
13280,54
13283,29
13284,5
13286,25
13287,26
13289,7
13290,15
13292,4
13293,43
13296,26
13299,39
13300,7
13302,10
13303,5
13305,27
13306,25
13308,6
13309,11
13312,37
13315,28
13316,5
13318,29
13319,22
13321,7
13322,15
13324,6
13325,33
13328,24
13331,29
13332,13
13334,10
13335,12
13337,13
13338,30
13340,5
13341,18
13344,37
13347,14
13348,3
13350,19
13351,21
13353,13
13354,12
13356,6
13357,36
13360,16
13363,36
13364,6
13366,11
13367,13
13369,17
13370,29
13372,5
13373,13
13376,48
13379,16
13380,4
13382,28
13383,17
13385,12
13386,15
13388,5
13389,37
13392,25
13395,33
13396,6
13398,18
13399,9
13401,20
13402,14
13404,5
13405,15
13408,52
13411,20
13412,7
13414,27
13415,14
13417,9
13418,11
13420,9
13421,42
13424,27
13427,43
13428,6
13430,15
13431,7
13433,19
13434,28
13436,2
13437,20
13440,46
13443,12
13444,6
13446,25
13447,16
13449,7
13450,13
13452,10
13453,42
13456,22
13459,34
13460,3
13462,15
13463,6
13465,18
13466,23
13468,9
13469,15
13472,43
13475,10
13476,5
13478,29
13479,14
13481,10
13482,10
13484,9
13485,30
13488,24
13491,20
13492,4
13494,16
13495,13
13497,11
13498,19
13500,3
13501,11
13504,44
13507,14
13508,6
13510,26
13511,18
13513,9
13514,16
13516,5
13517,25
13520,22
13523,25
13524,8
13526,15
13527,5
13529,16
13530,26
13532,2
13533,18
13536,41
13539,16
13540,5
13542,22
13543,7
13545,5
13546,15
13548,5
13549,36
13552,22
13555,30
13556,5
13558,14
13559,10
13561,17
13562,22
13564,5
13565,19
13568,42
13571,8
13572,1
13574,23
13575,7
13577,15
13578,6
13580,9
13581,39
13584,15
13587,27
13588,3
13590,20
13591,5
13593,15
13594,26
13597,19
13600,38
13603,10
13604,5
13606,25
13607,18
13609,7
13610,13
13612,7
13613,27
13616,25
13619,28
13620,8
13622,18
13623,8
13625,16
13626,23
13628,3
13629,14
13632,39
13635,11
13636,5
13638,17
13639,19
13641,11
13642,10
13644,8
13645,24
13648,24
13651,23
13652,3
13654,14
13655,12
13657,15
13658,17
13660,4
13661,14
13664,36
13667,17
13668,2
13670,22
13671,10
13673,4
13674,14
13676,5
13677,25
13680,13
13683,23
13684,5
13686,7
13687,6
13689,13
13690,14
13692,1
13693,18
13696,34
13699,13
13700,3
13702,15
13703,16
13705,4
13706,7
13708,4
13709,27
13712,15
13715,30
13716,6
13718,9
13719,10
13721,9
13722,15
13724,5
13725,12
13728,34
13731,17
13732,2
13734,20
13735,17
13737,5
13738,7
13740,5
13741,27
13744,13
13747,35
13748,6
13750,12
13751,9
13753,14
13754,18
13756,2
13757,12
13760,26
13763,17
13764,5
13766,24
13767,15
13769,7
13770,19
13772,1
13773,16
13776,20
13779,25
13780,8
13782,14
13783,7
13785,12
13786,17
13788,5
13789,9
13792,23
13795,10
13796,2
13798,18
13799,14
13801,3
13802,8
13804,6
13805,19
13808,16
13811,19
13812,4
13814,9
13815,1
13817,7
13818,13
13820,3
13821,11
13824,19
13827,7
13828,2
13830,20
13831,10
13833,5
13834,9
13836,1
13837,18
13840,11
13843,16
13844,8
13846,9
13847,2
13849,5
13850,4
13853,6
13856,21
13859,13
13860,3
13862,10
13863,9
13865,7
13866,4
13868,12
13869,19
13872,15
13875,20
13876,7
13878,7
13879,4
13881,7
13882,20
13884,1
13885,6
13888,26
13891,11
13892,1
13894,9
13895,10
13897,8
13898,11
13900,7
13901,19
13904,12
13907,24
13908,4
13910,10
13911,6
13913,8
13914,19
13916,4
13917,9
13920,22
13923,9
13924,6
13926,12
13927,9
13929,3
13930,6
13932,3
13933,21
13936,20
13939,27
13940,2
13942,7
13943,6
13945,13
13946,9
13948,1
13949,7
13952,28
13955,11
13956,2
13958,15
13959,11
13961,9
13962,6
13964,7
13965,15
13968,10
13971,21
13972,5
13974,3
13975,5
13977,8
13978,11
13980,2
13981,5
13984,24
13987,7
13990,16
13991,5
13993,4
13994,5
13996,7
13997,19
14000,17
14003,16
14004,4
14006,4
14007,3
14009,8
14010,14
14012,3
14013,13
14016,17
14019,9
14020,1
14022,8
14023,8
14025,8
14026,5
14028,2
14029,13
14032,11
14035,10
14036,4
14038,4
14039,5
14041,6
14042,11
14044,1
14045,8
14048,22
14051,11
14052,2
14054,15
14055,6
14057,2
14058,4
14060,3
14061,13
14064,8
14067,13
14068,2
14070,8
14071,6
14073,6
14074,12
14076,1
14077,8
14080,25
14083,8
14084,2
14086,7
14087,3
14089,3
14090,8
14092,2
14093,12
14096,10
14099,17
14100,5
14102,4
14103,2
14105,8
14106,6
14108,2
14109,5
14112,22
14115,11
14116,1
14118,13
14119,4
14121,6
14122,6
14124,1
14125,14
14128,13
14131,14
14132,4
14134,8
14137,8
14138,8
14140,2
14141,3
14144,23
14147,11
14150,8
14151,8
14153,3
14154,4
14156,1
14157,10
14160,10
14163,11
14164,2
14166,6
14167,1
14169,11
14170,8
14172,3
14173,7
14176,21
14179,8
14180,3
14182,8
14183,4
14185,5
14186,4
14188,1
14189,14
14192,9
14195,9
14196,4
14198,6
14199,3
14201,9
14202,6
14204,2
14205,6
14208,13
14211,5
14212,1
14214,14
14215,6
14217,7
14218,4
14220,2
14221,10
14224,12
14227,15
14228,4
14230,3
14231,9
14233,9
14234,15
14236,1
14237,7
14240,19
14243,12
14244,1
14246,9
14247,4
14249,4
14250,2
14252,1
14253,18
14256,10
14259,20
14260,6
14262,10
14265,6
14266,16
14268,2
14269,5
14272,16
14275,2
14278,11
14279,8
14281,2
14282,3
14284,3
14285,16
14288,4
14291,9
14292,2
14294,5
14295,3
14297,7
14298,10
14300,4
14301,7
14304,19
14307,10
14308,2
14310,13
14311,1
14313,3
14314,7
14316,2
14317,8
14320,11
14323,12
14324,2
14326,4
14327,2
14329,8
14330,8
14332,3
14333,6
14336,12
14339,8
14340,2
14342,7
14343,10
14345,6
14346,3
14348,1
14349,17
14352,8
14355,8
14356,3
14358,1
14361,8
14362,8
14364,2
14365,8
14368,12
14371,6
14372,1
14374,8
14375,3
14377,3
14378,9
14380,2
14381,12
14384,6
14387,15
14390,6
14391,6
14393,5
14394,10
14397,6
14400,9
14403,5
14404,3
14406,7
14407,7
14409,3
14410,1
14412,2
14413,10
14416,7
14419,8
14420,5
14422,7
14423,3
14425,11
14426,5
14429,4
14432,18
14435,2
14438,6
14439,10
14441,2
14442,3
14444,6
14445,13
14448,5
14451,13
14452,6
14454,5
14455,6
14457,4
14458,4
14460,1
14461,7
14464,10
14467,6
14468,3
14470,8
14471,6
14473,2
14474,3
14476,7
14477,7
14480,11
14483,8
14484,3
14486,3
14487,3
14489,5
14490,5
14492,2
14493,8
14496,15
14499,4
14502,7
14503,6
14505,4
14506,6
14508,2
14509,7
14512,5
14515,8
14516,4
14518,6
14519,2
14521,2
14522,2
14524,2
14525,9
14528,7
14531,2
14532,2
14534,11
14535,5
14537,7
14538,4
14540,2
14541,8
14544,5
14547,14
14548,4
14550,7
14551,2
14553,4
14554,9
14556,1
14557,5
14560,11
14563,4
14564,1
14566,11
14567,4
14569,4
14570,2
14572,2
14573,17
14576,8
14579,8
14582,6
14583,4
14585,3
14586,8
14589,6
14592,22
14595,7
14596,2
14598,9
14599,5
14601,3
14602,5
14604,2
14605,13
14608,12
14611,12
14612,2
14614,4
14615,6
14617,6
14618,13
14621,10
14624,14
14627,14
14628,4
14630,11
14631,7
14633,2
14634,7
14636,1
14637,13
14640,5
14643,13
14644,1
14646,1
14647,6
14649,6
14650,10
14653,4
14656,15
14659,7
14662,9
14663,4
14665,3
14666,3
14668,1
14669,9
14672,1
14675,8
14676,1
14678,1
14679,3
14681,2
14682,6
14684,2
14685,11
14688,15
14691,4
14694,9
14695,5
14697,1
14698,2
14700,1
14701,15
14704,5
14707,15
14708,3
14710,7
14711,5
14713,5
14714,6
14717,7
14720,14
14723,6
14724,2
14726,13
14727,8
14729,3
14730,5
14732,7
14733,9
14736,4
14739,20
14742,4
14743,1
14745,3
14746,11
14749,8
14752,11
14755,4
14756,3
14758,11
14759,6
14761,2
14762,3
14764,2
14765,13
14768,11
14771,12
14772,2
14774,2
14775,5
14777,4
14778,6
14781,10
14784,17
14787,8
14788,2
14790,7
14791,4
14793,5
14794,5
14796,2
14797,13
14800,11
14803,14
14806,6
14807,2
14809,1
14810,8
14812,3
14813,5
14816,24
14819,3
14820,1
14822,9
14823,6
14825,2
14826,2
14828,5
14829,16
14832,6
14835,8
14836,3
14838,2
14839,1
14841,5
14842,11
14845,11
14848,19
14851,8
14852,2
14854,9
14855,6
14857,3
14858,5
14860,5
14861,11
14864,4
14867,6
14868,2
14870,4
14871,2
14873,4
14874,5
14876,2
14877,6
14880,16
14883,9
14884,3
14886,9
14887,12
14889,4
14890,5
14892,2
14893,17
14896,6
14899,11
14900,4
14902,3
14903,5
14905,6
14906,8
14908,4
14909,9
14912,11
14915,9
14916,2
14918,12
14919,6
14921,3
14922,7
14924,4
14925,7
14928,7
14931,19
14932,3
14934,3
14935,3
14937,3
14938,15
14940,3
14941,11
14944,19
14947,12
14948,1
14950,3
14951,4
14953,3
14954,6
14956,1
14957,10
14960,10
14963,20
14964,3
14966,4
14967,4
14969,7
14970,9
14972,1
14973,13
14976,15
14979,6
14980,1
14982,13
14983,4
14985,4
14986,6
14988,2
14989,16
14992,7
14995,13
14996,6
14998,5
14999,8
15001,8
15002,10
15004,2
15005,9
15008,18
15011,7
15012,2
15014,15
15015,6
15017,3
15018,3
15020,1
15021,16
15024,9
15027,14
15028,9
15030,6
15031,2
15033,8
15034,9
15036,5
15037,8
15040,10
15043,7
15044,1
15046,4
15047,6
15049,5
15050,5
15052,5
15053,19
15056,12
15059,12
15060,3
15062,4
15063,2
15065,5
15066,16
15068,2
15069,8
15072,24
15075,5
15076,2
15078,13
15079,12
15081,2
15082,7
15084,2
15085,15
15088,12
15091,19
15092,1
15094,7
15095,3
15097,8
15098,21
15100,2
15101,5
15104,24
15107,8
15110,7
15111,11
15113,2
15114,7
15116,7
15117,17
15120,10
15123,13
15124,9
15126,9
15127,4
15129,10
15130,14
15132,4
15133,7
15136,17
15139,11
15140,1
15142,14
15143,5
15145,3
15146,7
15148,1
15149,21
15152,16
15155,15
15156,7
15158,7
15159,3
15161,8
15162,9
15164,2
15165,8
15168,19
15171,9
15172,2
15174,8
15175,3
15177,1
15178,5
15180,4
15181,13
15184,10
15187,14
15188,8
15190,3
15191,3
15193,7
15194,16
15196,1
15197,9
15200,22
15203,8
15204,2
15206,15
15207,8
15209,5
15210,11
15212,4
15213,9
15216,8
15219,11
15220,6
15222,10
15223,2
15225,7
15226,9
15228,1
15229,8
15232,29
15235,9
15236,2
15238,13
15239,9
15241,8
15242,9
15244,2
15245,16
15248,9
15251,15
15252,3
15254,4
15255,7
15257,10
15258,25
15260,2
15261,10
15264,33
15267,7
15270,8
15271,6
15273,7
15274,6
15276,5
15277,18
15280,10
15283,12
15284,5
15286,4
15287,2
15289,8
15290,9
15292,1
15293,11
15296,19
15299,9
15300,2
15302,15
15303,7
15305,5
15306,8
15308,6
15309,19
15312,14
15315,17
15316,7
15318,9
15319,3
15321,8
15322,9
15324,2
15325,10
15328,20
15331,8
15332,1
15334,12
15335,8
15337,4
15338,7
15340,5
15341,20
15344,18
15347,15
15348,4
15350,2
15351,3
15353,8
15354,17
15356,4
15357,11
15360,37
15363,8
15364,2
15366,21
15367,6
15369,3
15370,10
15372,1
15373,25
15376,19
15379,17
15380,5
15382,11
15383,4
15385,13
15386,15
15388,2
15389,14
15392,17
15395,9
15396,5
15398,16
15399,8
15401,3
15402,5
15404,5
15405,12
15408,18
15411,11
15412,2
15414,10
15415,5
15417,9
15418,10
15420,2
15421,9
15424,17
15427,9
15428,1
15430,15
15431,11
15433,3
15434,10
15436,6
15437,18
15440,12
15443,20
15444,2
15446,5
15447,5
15449,3
15450,11
15452,1
15453,5
15456,24
15459,9
15460,3
15462,15
15463,12
15465,6
15466,9
15468,4
15469,17
15472,12
15475,20
15476,4
15478,7
15479,5
15481,9
15482,14
15484,3
15485,14
15488,32
15491,2
15492,2
15494,18
15495,9
15497,3
15498,5
15500,5
15501,12
15504,10
15507,23
15508,3
15510,7
15511,5
15513,2
15514,9
15516,4
15517,8
15520,19
15523,11
15524,6
15526,18
15527,7
15529,3
15530,4
15532,3
15533,22
15536,10
15539,22
15540,4
15542,7
15543,3
15545,7
15546,8
15548,1
15549,10
15552,28
15555,12
15556,4
15558,23
15559,10
15561,6
15562,6
15564,2
15565,22
15568,11
15571,29
15572,2
15574,6
15575,7
15577,6
15578,14
15580,2
15581,8
15584,24
15587,8
15588,1
15590,13
15591,14
15593,7
15594,8
15596,5
15597,21
15600,9
15603,24
15604,3
15606,7
15607,7
15609,9
15610,13
15612,3
15613,6
15616,27
15619,15
15620,2
15622,13
15623,11
15625,11
15626,4
15628,6
15629,15
15632,16
15635,13
15636,2
15638,5
15639,8
15641,10
15642,13
15644,2
15645,10
15648,25
15651,15
15652,5
15654,17
15655,10
15657,8
15658,2
15660,3
15661,11
15664,17
15667,14
15668,6
15670,7
15671,3
15673,13
15674,16
15676,3
15677,13
15680,21
15683,11
15684,2
15686,20
15687,6
15689,6
15690,5
15692,2
15693,22
15696,12
15699,18
15700,2
15702,5
15703,6
15705,12
15706,9
15708,6
15709,15
15712,19
15715,3
15716,5
15718,18
15719,7
15721,5
15722,9
15724,6
15725,22
15728,11
15731,13
15732,6
15734,11
15735,4
15737,6
15738,15
15740,4
15741,14
15744,25
15747,15
15748,6
15750,20
15751,14
15753,6
15754,4
15756,2
15757,15
15760,8
15763,17
15764,10
15766,5
15767,4
15769,12
15770,15
15772,5
15773,6
15776,25
15779,13
15782,12
15783,11
15785,5
15786,5
15788,4
15789,19
15792,12
15795,32
15796,9
15798,10
15799,7
15801,11
15802,16
15804,1
15805,10
15808,19
15811,10
15812,2
15814,14
15815,8
15817,9
15818,7
15820,3
15821,26
15824,12
15827,13
15828,9
15830,7
15831,5
15833,13
15834,22
15836,3
15837,13
15840,32
15843,8
15844,5
15846,17
15847,13
15849,2
15850,10
15852,8
15853,20
15856,4
15859,23
15860,6
15862,9
15863,5
15865,8
15866,14
15868,1
15869,10
15872,18
15875,12
15876,4
15878,13
15879,8
15881,6
15882,4
15884,6
15885,28
15888,15
15891,21
15892,3
15894,6
15895,7
15897,9
15898,17
15900,2
15901,8
15904,25
15907,13
15908,4
15910,24
15911,16
15913,3
15914,6
15916,3
15917,9
15920,15
15923,21
15924,9
15926,15
15927,4
15929,12
15930,15
15932,2
15933,9
15936,30
15939,12
15940,4
15942,13
15943,8
15945,5
15946,5
15948,2
15949,18
15952,17
15955,18
15956,7
15958,2
15959,6
15961,11
15962,13
15964,3
15965,11
15968,25
15971,11
15972,5
15974,18
15975,9
15977,5
15978,4
15980,7
15981,26
15984,18
15987,23
15988,4
15990,8
15991,7
15993,11
15994,13
15996,4
15997,19
16000,29
16003,6
16004,4
16006,18
16007,9
16009,1
16010,5
16013,17
16016,13
16019,17
16020,6
16022,7
16023,9
16025,12
16026,16
16028,6
16029,14
16032,26
16035,10
16036,3
16038,16
16039,7
16041,4
16042,12
16044,4
16045,21
16048,18
16051,18
16052,4
16054,8
16055,3
16057,8
16058,19
16060,3
16061,14
16064,19
16067,9
16068,2
16070,12
16071,4
16073,2
16074,10
16076,3
16077,15
16080,15
16083,20
16084,7
16086,3
16087,5
16089,7
16090,22
16092,1
16093,10
16096,17
16099,8
16100,4
16102,13
16103,13
16105,3
16106,9
16108,4
16109,14
16112,17
16115,15
16116,4
16118,14
16119,6
16121,14
16122,14
16124,1
16125,3
16128,30
16131,11
16132,2
16134,13
16135,9
16137,3
16138,9
16140,2
16141,18
16144,12
16147,15
16148,3
16150,2
16151,3
16153,8
16154,16
16156,5
16157,13
16160,27
16163,8
16164,1
16166,14
16167,10
16169,7
16170,4
16172,4
16173,26
16176,15
16179,19
16180,5
16182,8
16183,8
16185,6
16186,20
16188,4
16189,9
16192,16
16195,8
16196,2
16198,16
16199,8
16201,3
16202,6
16204,4
16205,10
16208,16
16211,18
16212,4
16214,7
16215,6
16217,8
16218,15
16220,1
16221,9
16224,19
16227,7
16228,3
16230,21
16231,8
16233,7
16234,7
16236,5
16237,24
16240,8
16243,11
16244,8
16246,11
16247,6
16249,9
16250,10
16252,1
16253,15
16256,31
16259,13
16260,2
16262,14
16263,11
16265,5
16266,10
16268,6
16269,13
16272,13
16275,16
16276,3
16278,9
16279,4
16281,5
16282,14
16284,2
16285,5
16288,34
16291,8
16292,2
16294,21
16295,12
16297,5
16298,8
16300,5
16301,25
16304,8
16307,14
16308,5
16310,8
16311,5
16313,7
16314,13
16317,10
16320,21
16323,11
16326,19
16327,8
16329,10
16330,5
16332,5
16333,25
16336,18
16339,21
16340,3
16342,4
16343,4
16345,5
16346,11
16349,13
16352,18
16355,9
16356,2
16358,11
16359,10
16361,7
16362,5
16364,1
16365,12
16368,5
16371,21
16372,6
16374,11
16375,5
16377,13
16378,18
16380,1
16381,11
16384,22
16387,8
16390,18
16391,12
16393,5
16394,10
16396,5
16397,15
16400,10
16403,7
16404,5
16406,8
16407,4
16409,8
16410,13
16412,5
16413,8
16416,21
16419,13
16420,3
16422,13
16423,5
16425,2
16426,6
16428,2
16429,12
16432,11
16435,16
16436,3
16438,8
16439,4
16441,5
16442,12
16444,2
16445,10
16448,22
16451,12
16452,2
16454,5
16455,8
16457,4
16458,10
16460,2
16461,15
16464,15
16467,20
16468,2
16470,7
16471,5
16473,10
16474,10
16476,1
16477,7
16480,21
16483,13
16484,1
16486,16
16487,7
16489,2
16490,7
16492,3
16493,18
16496,12
16499,10
16500,3
16502,4
16503,4
16505,7
16506,20
16508,3
16509,15
16512,17
16515,7
16518,15
16519,7
16521,6
16522,5
16524,4
16525,15
16528,9
16531,15
16532,9
16534,7
16535,4
16537,4
16538,18
16540,2
16541,10
16544,21
16547,9
16548,1
16550,18
16551,7
16553,2
16554,11
16556,5
16557,24
16560,10
16563,13
16564,3
16566,11
16567,3
16569,3
16570,14
16572,3
16573,10
16576,20
16579,10
16580,5
16582,11
16583,7
16585,7
16586,7
16588,7
16589,11
16592,5
16595,6
16596,4
16598,5
16599,2
16601,12
16602,16
16604,2
16605,6
16608,25
16611,6
16612,5
16614,12
16615,11
16617,5
16618,9
16620,1
16621,13
16624,6
16627,15
16628,8
16630,5
16631,5
16633,11
16634,14
16636,4
16637,5
16640,12
16643,6
16644,6
16646,11
16647,9
16649,5
16650,11
16652,3
16653,13
16656,11
16659,15
16660,4
16662,8
16663,3
16665,12
16666,19
16669,8
16672,22
16675,6
16676,2
16678,13
16679,7
16681,3
16682,4
16684,3
16685,19
16688,13
16691,19
16692,5
16694,8
16695,1
16697,9
16698,11
16700,2
16701,8
16704,19
16707,7
16708,4
16710,8
16711,7
16713,4
16714,5
16716,2
16717,18
16720,10
16723,6
16724,8
16726,11
16727,6
16729,13
16730,16
16732,1
16733,7
16736,26
16739,9
16740,3
16742,14
16743,10
16745,4
16746,5
16748,4
16749,16
16752,6
16755,18
16756,6
16758,5
16759,2
16761,2
16762,9
16764,2
16765,8
16768,25
16771,5
16772,1
16774,11
16775,2
16777,6
16778,5
16780,7
16781,6
16784,13
16787,14
16788,1
16790,7
16791,3
16793,7
16794,11
16797,10
16800,17
16803,11
16804,1
16806,4
16807,3
16809,2
16810,8
16812,5
16813,17
16816,9
16819,13
16820,5
16822,6
16823,1
16825,14
16826,10
16828,3
16829,6
16832,12
16835,6
16836,1
16838,8
16839,4
16841,3
16842,5
16844,2
16845,14
16848,9
16851,11
16852,1
16854,8
16855,4
16857,9
16858,11
16861,9
16864,21
16867,6
16868,6
16870,4
16871,7
16873,5
16874,3
16876,2
16877,16
16880,8
16883,12
16884,4
16886,7
16887,5
16889,10
16890,9
16892,2
16893,5
16896,17
16899,9
16900,1
16902,16
16903,11
16905,2
16906,3
16908,3
16909,13
16912,6
16915,8
16916,4
16918,7
16919,1
16921,5
16922,7
16924,2
16925,8
16928,15
16931,12
16932,1
16934,8
16935,4
16937,2
16938,6
16940,2
16941,19
16944,15
16947,7
16948,3
16950,6
16951,2
16953,7
16954,11
16956,1
16957,8
16960,25
16963,7
16964,1
16966,8
16967,3
16969,6
16970,5
16972,3
16973,12
16976,11
16979,13
16980,5
16982,7
16983,4
16985,12
16986,12
16988,1
16989,7
16992,19
16995,7
16996,3
16998,7
16999,4
17001,2
17002,4
17004,5
17005,10
17008,12
17011,11
17012,3
17014,2
17015,6
17017,8
17018,9
17020,5
17021,4
17024,16
17027,5
17030,9
17031,5
17033,7
17034,2
17036,3
17037,14
17040,7
17043,9
17044,3
17046,1
17047,3
17049,4
17050,11
17052,1
17053,1
17056,12
17059,4
17060,4
17062,9
17063,10
17065,3
17066,8
17068,3
17069,14
17072,10
17075,8
17076,3
17078,3
17079,4
17081,5
17082,8
17084,4
17085,5
17088,17
17091,6
17092,2
17094,10
17095,6
17097,4
17098,2
17100,3
17101,18
17104,7
17107,14
17108,1
17110,5
17111,5
17113,4
17114,9
17116,4
17117,5
17120,15
17123,7
17124,2
17126,9
17127,13
17129,1
17130,5
17132,2
17133,10
17136,9
17139,17
17140,3
17142,9
17143,3
17145,3
17146,4
17148,1
17149,10
17152,16
17155,9
17156,1
17158,12
17159,5
17161,7
17162,4
17164,4
17165,20
17168,12
17171,11
17172,4
17174,3
17175,4
17177,7
17178,7
17180,3
17181,4
17184,14
17187,4
17188,3
17190,3
17191,9
17193,5
17194,5
17196,1
17197,10
17200,10
17203,9
17204,4
17206,7
17207,2
17209,6
17210,9
17212,2
17213,8
17216,9
17219,4
17220,4
17222,10
17223,7
17225,3
17226,7
17228,4
17229,11
17232,7
17235,11
17236,3
17238,1
17239,5
17241,8
17242,8
17244,3
17245,7
17248,14
17251,6
17252,1
17254,5
17255,7
17257,3
17258,4
17261,10
17264,5
17267,8
17268,4
17270,1
17273,4
17274,7
17276,2
17277,6
17280,13
17283,4
17286,3
17287,9
17289,2
17290,4
17292,3
17293,14
17296,6
17299,4
17300,5
17302,3
17303,5
17305,5
17306,9
17309,7
17312,13
17315,10
17316,2
17318,9
17319,6
17321,2
17324,3
17325,12
17328,5
17331,9
17332,3
17334,3
17335,6
17337,4
17338,5
17340,3
17341,4
17344,14
17347,7
17348,3
17350,10
17351,4
17353,3
17354,2
17356,2
17357,18
17360,3
17363,9
17364,3
17366,7
17367,4
17369,4
17370,6
17372,1
17373,6
17376,13
17379,4
17380,2
17382,8
17383,6
17385,1
17386,5
17388,2
17389,6
17392,10
17395,9
17396,5
17398,4
17399,1
17401,5
17402,9
17404,2
17405,5
17408,11
17411,2
17412,1
17414,5
17415,2
17417,4
17418,2
17420,3
17421,7
17424,5
17427,7
17428,2
17430,9
17431,4
17433,3
17434,11
17437,7
17440,18
17443,8
17444,2
17446,8
17447,6
17449,2
17450,5
17452,3
17453,12
17456,6
17459,9
17460,3
17462,4
17463,6
17465,6
17466,9
17468,1
17469,4
17472,11
17475,6
17476,1
17478,10
17479,7
17481,1
17482,3
17484,4
17485,7
17488,8
17491,11
17492,2
17495,2
17497,4
17498,8
17500,3
17501,4
17504,9
17507,7
17510,8
17511,4
17513,2
17514,4
17516,1
17517,10
17520,5
17523,10
17524,2
17526,5
17527,4
17529,4
17530,6
17533,8
17536,7
17539,5
17540,1
17542,8
17543,9
17545,3
17546,4
17548,3
17549,12
17552,7
17555,3
17556,1
17559,3
17561,3
17562,8
17565,3
17568,8
17571,3
17574,7
17575,5
17577,1
17578,3
17580,2
17581,13
17584,11
17587,4
17588,1
17590,2
17591,3
17593,6
17594,10
17596,1
17597,9
17600,8
17603,2
17604,2
17606,6
17607,2
17609,3
17612,2
17613,7
17616,4
17619,10
17620,4
17622,3
17623,4
17625,3
17626,5
17628,2
17629,4
17632,11
17635,3
17636,1
17638,6
17639,5
17641,2
17642,2
17644,1
17645,7
17648,3
17651,6
17654,3
17655,5
17657,3
17658,3
17661,1
17664,9
17667,3
17670,3
17671,4
17673,3
17674,3
17676,1
17677,9
17680,5
17683,7
17684,4
17686,4
17687,5
17689,6
17690,7
17692,1
17693,6
17696,10
17699,5
17700,2
17702,5
17703,4
17705,3
17706,1
17708,2
17709,9
17712,5
17715,6
17716,2
17718,4
17719,1
17721,1
17722,5
17724,2
17725,5
17728,7
17731,2
17734,6
17735,4
17737,3
17740,3
17741,7
17744,2
17747,6
17750,6
17751,2
17753,1
17754,7
17756,1
17757,6
17760,14
17763,2
17764,1
17766,5
17767,6
17769,1
17770,3
17772,2
17773,9
17776,3
17779,3
17780,1
17782,4
17783,1
17785,4
17786,6
17788,2
17789,4
17792,5
17795,1
17798,3
17799,7
17801,3
17802,1
17804,1
17805,8
17808,3
17811,5
17812,1
17814,2
17815,4
17817,4
17818,7
17820,1
17821,8
17824,13
17827,5
17828,2
17830,1
17831,2
17833,3
17834,1
17836,1
17837,3
17840,4
17843,8
17844,1
17846,3
17847,2
17849,2
17850,3
17852,1
17853,5
17856,4
17859,2
17860,3
17862,3
17863,3
17865,1
17866,2
17869,10
17872,7
17875,3
17876,1
17878,5
17879,1
17881,3
17882,6
17885,3
17888,4
17891,1
17892,2
17894,5
17895,4
17897,1
17900,1
17901,8
17907,9
17910,2
17911,2
17913,2
17914,2
17916,1
17917,2
17920,8
17923,2
17924,3
17926,7
17927,5
17929,2
17930,3
17932,2
17933,2
17936,1
17939,2
17940,2
17942,1
17945,5
17946,5
17948,1
17949,5
17952,9
17955,8
17958,3
17959,4
17961,6
17962,1
17965,4
17968,3
17971,12
17974,5
17975,1
17977,2
17978,2
17980,2
17981,1
17984,7
17987,2
17988,1
17990,3
17991,2
17993,1
17994,3
17996,1
17997,5
18000,8
18003,6
18004,2
18007,2
18009,3
18010,2
18013,3
18016,12
18019,1
18022,4
18025,1
18026,1
18028,1
18029,4
18032,4
18035,5
18036,1
18038,1
18039,5
18041,2
18042,7
18044,1
18045,3
18048,3
18051,1
18052,1
18054,4
18055,2
18060,2
18061,4
18064,8
18067,2
18068,2
18070,3
18073,4
18074,1
18077,1
18080,6
18083,1
18084,2
18086,1
18087,2
18089,1
18090,1
18093,5
18096,2
18099,4
18100,2
18102,1
18103,1
18105,4
18106,2
18108,3
18109,1
18112,6
18115,2
18116,1
18118,2
18119,4
18121,1
18122,1
18125,3
18128,4
18131,7
18132,2
18134,1
18135,2
18137,4
18138,1
18141,5
18144,6
18147,3
18150,7
18151,2
18153,1
18157,8
18160,2
18163,4
18164,2
18166,1
18167,1
18169,2
18170,6
18173,2
18179,4
18180,1
18182,5
18183,4
18185,1
18186,1
18189,1
18192,2
18195,7
18196,2
18199,1
18201,6
18202,4
18205,1
18208,8
18211,1
18214,2
18215,1
18217,1
18218,3
18220,2
18221,4
18224,4
18227,8
18228,1
18230,1
18231,1
18233,3
18234,4
18236,1
18237,3
18240,3
18243,3
18246,1
18247,3
18252,3
18253,1
18256,3
18259,3
18260,1
18262,1
18263,1
18265,1
18266,4
18268,1
18269,5
18272,5
18275,9
18278,5
18281,1
18285,4
18288,5
18291,4
18294,1
18297,1
18298,3
18301,4
18304,8
18307,1
18310,2
18311,1
18314,2
18317,3
18320,3
18323,2
18326,2
18327,1
18329,3
18330,5
18332,2
18333,3
18336,4
18339,4
18342,2
18343,1
18345,2
18346,1
18348,1
18349,3
18352,2
18355,4
18358,1
18361,1
18362,3
18364,1
18365,1
18368,5
18371,4
18374,3
18375,1
18377,1
18378,2
18381,5
18384,2
18387,7
18393,3
18394,3
18397,6
18400,4
18406,1
18407,1
18409,1
18412,2
18413,4
18416,2
18419,2
18420,2
18422,1
18423,1
18425,1
18426,3
18428,2
18429,2
18432,4
18435,1
18436,2
18438,3
18439,1
18441,2
18442,3
18445,8
18451,1
18455,4
18457,4
18458,1
18461,1
18464,4
18467,1
18470,2
18471,1
18474,1
18476,2
18477,5
18480,2
18483,5
18484,1
18486,1
18489,4
18490,3
18492,2
18493,1
18496,3
18499,2
18502,1
18503,1
18505,1
18506,3
18509,5
18512,2
18515,2
18516,2
18518,1
18519,1
18521,1
18522,3
18524,1
18525,2
18528,7
18531,3
18534,2
18535,1
18538,1
18541,1
18544,1
18547,4
18548,1
18553,1
18554,1
18556,1
18557,4
18560,3
18563,2
18567,2
18569,2
18570,2
18572,3
18573,1
18576,5
18579,4
18582,2
18583,1
18585,2
18586,2
18589,2
18592,4
18595,1
18599,1
18601,2
18602,2
18604,1
18605,2
18608,2
18611,1
18612,3
18614,2
18615,2
18618,2
18621,2
18624,5
18627,1
18628,1
18630,2
18633,1
18634,1
18636,1
18637,5
18640,1
18643,3
18644,1
18649,3
18653,2
18656,5
18660,1
18662,1
18663,1
18668,2
18669,5
18672,2
18675,7
18678,1
18682,1
18685,2
18688,4
18691,2
18694,1
18695,2
18697,1
18698,2
18700,1
18701,4
18707,3
18708,1
18710,2
18711,1
18713,2
18717,2
18720,4
18723,2
18727,1
18729,1
18730,1
18732,1
18733,1
18739,2
18740,1
18743,2
18745,1
18746,4
18749,1
18752,4
18755,1
18758,5
18759,1
18761,1
18762,1
18764,1
18765,4
18768,2
18771,6
18772,1
18774,1
18775,1
18777,1
18781,2
18784,2
18790,4
18791,2
18796,1
18797,5
18800,5
18803,1
18804,1
18806,3
18810,1
18812,2
18813,2
18816,8
18819,2
18820,1
18822,1
18823,2
18829,1
18835,4
18839,1
18842,1
18848,5
18851,2
18854,2
18857,1
18858,1
18861,2
18864,7
18867,2
18868,2
18870,1
18873,1
18874,1
18877,2
18880,4
18883,2
18886,2
18887,2
18890,3
18892,1
18893,2
18899,1
18900,1
18902,1
18903,2
18905,1
18906,5
18909,3
18912,4
18915,2
18916,1
18918,2
18919,1
18921,2
18925,2
18928,3
18931,1
18935,2
18937,1
18938,1
18941,3
18944,4
18947,1
18951,2
18953,1
18954,1
18956,2
18957,2
18960,5
18963,1
18964,1
18969,2
18970,2
18976,4
18983,1
18985,1
18986,3
18989,1
18992,3
18995,4
18996,1
18998,1
19001,1
19002,1
19005,1
19008,4
19011,1
19014,5
19015,2
19018,1
19021,4
19024,2
19027,3
19030,2
19033,1
19034,2
19040,6
19043,1
19046,3
19050,4
19052,1
19053,3
19059,3
19060,2
19063,1
19065,1
19068,1
19069,2
19072,4
19078,2
19079,1
19081,1
19082,2
19085,2
19091,2
19092,1
19094,2
19097,2
19098,1
19100,1
19101,2
19104,4
19110,3
19111,1
19113,1
19114,4
19116,1
19117,5
19120,1
19123,3
19126,3
19129,2
19130,2
19132,1
19133,1
19136,3
19143,2
19149,6
19155,4
19156,1
19158,2
19161,1
19162,3
19165,1
19168,3
19171,1
19174,1
19177,1
19187,1
19188,1
19190,1
19194,3
19200,6
19203,1
19206,6
19207,3
19209,2
19210,2
19212,2
19213,3
19216,2
19219,1
19222,2
19223,3
19225,1
19229,2
19232,3
19235,2
19241,1
19245,4
19248,1
19251,2
19252,1
19254,1
19258,3
19260,1
19261,1
19264,6
19270,1
19276,1
19277,3
19280,3
19283,1
19286,2
19290,2
19293,1
19296,6
19302,2
19303,2
19305,2
19306,1
19309,2
19312,2
19315,7
19316,1
19321,1
19322,3
19324,1
19325,1
19328,1
19331,1
19334,2
19338,1
19341,1
19344,1
19347,2
19351,1
19354,1
19357,2
19360,2
19364,1
19366,3
19367,3
19369,1
19370,1
19373,7
19376,1
19379,2
19382,1
19385,1
19389,4
19392,2
19396,2
19398,2
19399,2
19402,3
19404,1
19405,4
19408,2
19411,4
19414,2
19417,1
19418,5
19420,3
19424,3
19427,1
19430,1
19431,1
19433,1
19434,2
19437,3
19440,1
19443,2
19446,1
19447,1
19450,1
19452,1
19456,2
19459,2
19462,1
19463,1
19465,1
19466,2
19469,4
19472,4
19475,4
19476,1
19478,1
19479,2
19482,1
19485,3
19488,4
19491,3
19495,1
19497,1
19500,1
19501,6
19504,1
19507,4
19508,1
19510,1
19511,2
19513,1
19514,3
19517,1
19523,1
19524,1
19527,3
19530,2
19532,1
19533,2
19536,2
19539,3
19540,1
19542,1
19543,1
19545,3
19546,1
19549,2
19552,1
19558,2
19568,1
19571,5
19572,1
19574,1
19575,1
19577,3
19578,1
19581,2
19584,2
19587,2
19590,2
19591,1
19593,1
19594,1
19596,2
19597,1
19600,4
19603,3
19606,1
19607,1
19609,1
19610,4
19613,1
19616,3
19619,2
19620,1
19622,1
19625,2
19626,1
19628,1
19629,2
19635,1
19636,1
19641,3
19645,1
19648,3
19651,1
19654,1
19655,2
19657,2
19658,3
19661,5
19664,2
19667,2
19670,3
19671,3
19673,2
19674,1
19677,3
19680,3
19686,4
19689,1
19690,1
19692,1
19693,2
19696,3
19699,6
19700,1
19702,1
19705,3
19706,1
19708,2
19712,3
19715,1
19716,1
19718,1
19719,2
19722,2
19724,2
19725,5
19731,8
19732,2
19734,2
19735,2
19737,2
19738,2
19741,2
19744,3
19747,1
19750,5
19751,2
19753,1
19757,2
19763,2
19766,2
19769,1
19770,3
19773,1
19776,5
19779,1
19782,1
19786,4
19788,1
19789,2
19792,2
19795,1
19796,1
19798,1
19802,2
19804,2
19805,2
19808,4
19814,1
19815,1
19817,1
19818,2
19821,6
19827,1
19833,2
19834,2
19837,3
19840,4
19843,7
19846,1
19847,1
19849,1
19853,3
19856,1
19859,8
19862,2
19865,1
19866,1
19869,2
19872,2
19875,1
19876,1
19878,4
19879,1
19881,3
19882,1
19885,4
19888,3
19891,5
19892,1
19895,2
19897,1
19900,1
19904,1
19907,1
19908,2
19910,2
19911,2
19913,1
19914,2
19916,1
19917,4
19920,3
19923,2
19924,2
19929,2
19932,1
19933,1
19936,3
19939,1
19943,1
19946,2
19948,1
19949,3
19952,6
19955,6
19956,1
19958,2
19959,1
19961,1
19962,4
19964,1
19965,2
19968,4
19971,1
19974,1
19975,2
19977,3
19984,3
19987,2
19988,1
19990,1
19994,3
19997,2
20000,2
20003,1
20006,1
20007,1
20009,1
20010,1
20013,3
20016,3
20019,1
20020,1
20022,1
20025,1
20026,1
20029,1
20032,2
20035,4
20036,1
20038,1
20039,4
20044,2
20045,4
20048,3
20051,6
20054,3
20055,2
20057,2
20058,4
20064,7
20067,1
20070,2
20073,2
20074,3
20076,1
20077,4
20080,2
20083,1
20086,3
20089,3
20090,1
20093,3
20096,5
20099,1
20103,2
20106,3
20108,3
20109,4
20112,2
20115,1
20116,1
20118,1
20119,1
20121,1
20122,2
20128,2
20131,1
20134,4
20135,4
20137,1
20138,3
20141,5
20144,3
20147,9
20150,1
20153,1
20154,1
20157,2
20160,2
20163,1
20166,4
20167,5
20170,2
20173,2
20176,4
20179,1
20185,1
20186,1
20189,2
20192,4
20198,2
20199,1
20204,1
20205,5
20208,3
20211,1
20218,4
20221,3
20224,1
20227,1
20230,5
20231,5
20233,2
20234,3
20237,6
20240,3
20243,5
20246,2
20247,1
20249,1
20250,2
20253,3
20256,1
20259,3
20262,1
20263,1
20266,1
20269,3
20272,1
20275,2
20276,1
20278,4
20279,3
20282,1
20285,2
20288,5
20291,1
20292,1
20294,4
20295,1
20298,1
20301,5
20304,2
20307,1
20308,1
20310,2
20313,1
20314,2
20317,4
20320,5
20323,2
20324,2
20326,5
20327,1
20329,1
20333,3
20336,2
20346,1
20348,2
20349,1
20352,7
20355,1
20358,2
20359,2
20362,2
20364,4
20365,2
20368,2
20371,3
20374,1
20375,1
20378,2
20380,1
20384,2
20390,1
20391,2
20394,1
20397,2
20400,1
20403,1
20409,1
20410,1
20416,9
20419,1
20425,1
20426,2
20432,2
20435,2
20436,2
20438,2
20439,1
20441,2
20442,1
20445,1
20448,3
20451,2
20460,2
20461,1
20464,1
20467,5
20468,1
20470,2
20473,3
20474,4
20477,1
20480,4
20484,2
20486,2
20487,2
20489,1
20490,1
20492,1
20493,2
20496,2
20499,3
20502,1
20505,2
20509,1
20512,4
20515,2
20518,2
20519,2
20522,1
20524,1
20525,5
20528,2
20531,4
20534,1
20535,1
20537,2
20538,1
20541,3
20544,6
20547,2
20550,2
20553,1
20554,1
20560,1
20563,1
20564,1
20566,1
20569,1
20570,2
20573,1
20576,1
20582,5
20583,1
20589,2
20592,2
20595,3
20596,1
20601,1
20602,4
20608,1
20611,1
20614,3
20615,1
20617,4
20618,1
20624,1
20627,4
20628,1
20630,1
20637,4
20640,3
20643,1
20647,1
20650,1
20652,1
20653,3
20656,2
20659,1
20663,1
20665,3
20666,3
20669,3
20672,1
20675,2
20678,2
20679,2
20682,1
20684,1
20685,3
20688,2
20691,3
20695,1
20698,2
20704,5
20707,4
20708,1
20710,2
20711,1
20714,1
20717,1
20727,1
20736,2
20739,2
20740,2
20743,1
20749,1
20752,2
20755,2
20765,2
20768,5
20771,3
20774,3
20775,2
20777,2
20778,1
20780,2
20784,2
20787,4
20797,1
20800,4
20803,1
20804,1
20806,1
20807,3
20813,2
20816,1
20819,3
20820,1
20823,1
20825,2
20826,2
20829,1
20832,2
20835,3
20838,1
20839,3
20842,2
20845,2
20848,2
20851,4
20852,1
20854,1
20858,2
20861,4
20864,2
20867,1
20870,4
20871,1
20874,1
20877,2
20880,2
20883,1
20884,1
20887,1
20890,3
20893,1
20896,6
20899,1
20902,3
20905,1
20906,1
20909,2
20912,2
20915,2
20918,2
20919,1
20921,1
20925,1
20928,1
20934,2
20935,1
20937,1
20938,1
20940,2
20941,1
20944,2
20947,4
20950,1
20953,2
20954,2
20963,1
20964,1
20967,1
20969,1
20970,1
20972,1
20973,2
20976,1
20980,2
20985,2
20986,1
20989,3
20992,4
20996,1
20999,2
21002,1
21004,1
21005,1
21011,1
21012,1
21014,1
21015,1
21017,2
21018,1
21020,1
21021,1
21024,1
21031,2
21037,1
21043,6
21050,1
21053,1
21056,4
21063,1
21065,1
21068,1
21069,1
21075,1
21076,1
21079,1
21082,3
21084,1
21085,2
21091,3
21092,1
21094,2
21095,1
21097,2
21098,1
21101,3
21104,2
21107,2
21114,1
21117,1
21120,2
21126,2
21130,1
21132,1
21133,1
21136,1
21139,2
21145,1
21146,5
21148,1
21149,1
21152,1
21155,2
21162,1
21164,1
21165,3
21168,2
21171,3
21172,1
21174,3
21175,3
21178,2
21181,1
21190,2
21197,1
21200,1
21203,1
21204,1
21209,1
21210,3
21213,3
21216,1
21219,1
21225,1
21229,1
21232,1
21236,2
21242,1
21245,1
21248,4
21251,1
21252,1
21254,1
21255,1
21258,1
21261,4
21264,1
21267,4
21268,1
21270,1
21273,1
21274,1
21280,2
21283,1
21289,1
21293,2
21296,1
21299,2
21300,2
21303,1
21306,2
21312,2
21315,1
21318,1
21319,3
21322,1
21325,2
21328,3
21331,2
21337,1
21338,1
21340,1
21341,1
21347,1
21350,1
21351,1
21356,1
21357,1
21360,1
21363,3
21366,1
21367,1
21370,1
21373,1
21376,2
21380,2
21382,2
21385,1
21395,2
21398,1
21402,4
21404,1
21408,2
21414,1
21415,1
21421,2
21433,1
21434,3
21440,1
21443,4
21447,3
21450,1
21453,2
21459,2
21466,1
21468,1
21472,2
21478,2
21479,2
21481,1
21482,1
21485,3
21494,1
21497,2
21498,1
21501,1
21504,2
21507,1
21510,1
21514,1
21520,2
21523,2
21527,1
21529,1
21540,1
21542,1
21545,1
21549,1
21552,2
21555,2
21556,1
21561,1
21562,1
21564,1
21565,1
21568,2
21571,1
21574,1
21577,1
21578,1
21584,1
21587,2
21588,1
21593,2
21594,2
21597,1
21600,3
21603,1
21606,1
21607,1
21613,4
21616,1
21619,2
21622,2
21629,1
21632,3
21635,1
21638,1
21641,1
21642,1
21654,1
21658,1
21667,1
21670,1
21677,3
21680,1
21683,1
21684,1
21689,3
21690,1
21693,2
21696,1
21702,1
21703,1
21712,2
21715,1
21716,1
21719,1
21731,2
21734,2
21735,1
21737,1
21740,2
21747,2
21750,1
21753,2
21754,1
21757,2
21760,1
21763,1
21764,1
21766,1
21767,1
21769,1
21770,1
21772,1
21776,1
21779,1
21782,1
21786,1
21792,1
21795,1
21796,1
21804,2
21805,1
21808,1
21811,2
21818,3
21824,1
21827,1
21828,1
21830,1
21833,2
21846,1
21847,1
21856,3
21863,1
21865,1
21868,1
21869,2
21872,1
21882,1
21885,1
21888,2
21895,1
21901,2
21904,1
21910,1
21913,1
21916,1
21926,3
21927,1
21930,1
21933,1
21936,2
21939,1
21945,1
21946,2
21952,1
21965,1
21971,3
21978,1
21984,2
21990,1
21993,1
21994,1
21997,1
22016,2
22029,2
22036,1
22042,3
22048,2
22051,1
22055,1
22058,1
22067,1
22068,1
22070,2
22073,1
22074,1
22077,1
22080,1
22083,2
22089,3
22092,1
22093,2
22096,2
22099,1
22112,1
22118,2
22119,1
22122,2
22125,1
22131,3
22134,1
22138,2
22144,2
22153,1
22154,1
22157,1
22163,2
22166,1
22169,1
22172,1
22182,1
22189,2
22195,1
22196,1
22199,1
22202,3
22205,1
22211,1
22214,1
22217,1
22224,2
22227,1
22230,1
22233,1
22234,1
22240,2
22243,1
22244,1
22246,1
22256,1
22265,1
22275,1
22278,1
22279,1
22281,1
22282,2
22284,1
22285,1
22298,2
22304,1
22307,1
22310,1
22314,1
22317,2
22320,2
22326,1
22330,1
22332,1
22336,3
22349,1
22355,1
22358,1
22359,1
22365,1
22368,2
22375,1
22384,2
22387,3
22393,1
22394,1
22397,1
22400,1
22407,1
22429,1
22432,1
22435,1
22438,1
22451,1
22454,1
22461,2
22464,1
22467,1
22470,2
22474,1
22477,1
22480,1
22493,1
22506,1
22515,2
22525,1
22528,1
22534,1
22547,1
22550,1
22566,1
22573,2
22579,1
22586,1
22589,1
22598,1
22599,1
22605,1
22608,1
22611,1
22618,1
22621,1
22624,3
22631,1
22643,1
22656,1
22666,1
22678,1
22679,1
22681,1
22682,1
22697,1
22698,1
22707,1
22713,1
22726,1
22739,1
22743,1
22752,1
22756,1
22758,1
22765,2
22768,2
22777,1
22784,2
22790,1
22797,2
22800,1
22803,1
22809,1
22816,2
22819,1
22823,2
22825,1
22832,1
22835,1
22836,1
22877,1
22880,2
22883,1
22899,3
22902,1
22903,1
22912,2
22928,1
22931,1
22941,1
22951,1
22957,1
22963,1
22970,2
22973,1
22995,1
23001,1
23002,1
23008,3
23021,1
23024,1
23034,1
23046,1
23047,1
23053,1
23059,1
23060,1
23072,1
23078,1
23085,2
23088,1
23101,1
23108,1
23110,1
23114,1
23123,1
23136,2
23139,1
23142,2
23149,1
23152,1
23155,1
23159,1
23162,1
23174,1
23184,2
23191,1
23200,1
23206,2
23219,1
23226,1
23239,2
23242,1
23245,1
23248,1
23264,1
23271,1
23277,1
23309,1
23328,1
23331,2
23337,1
23360,1
23372,1
23379,1
23412,1
23420,1
23421,1
23431,1
23437,1
23443,1
23456,1
23463,1
23472,1
23476,1
23485,2
23494,1
23498,1
23510,1
23545,1
23559,1
23568,2
23574,1
23584,1
23594,2
23609,1
23610,1
23622,1
23632,1
23648,1
23664,1
23667,1
23680,1
23696,1
23699,1
23722,1
23724,1
23731,1
23748,1
23769,1
23779,1
23782,1
23788,1
23814,1
23827,1
23833,1
23834,2
23850,1
23859,1
23898,1
23917,1
23942,3
23965,1
23987,1
23991,1
24003,1
24023,1
24025,1
24032,1
24070,1
24074,1
24093,1
24109,1
24140,1
24157,1
24160,1
24185,1
24192,1
24221,1
24234,1
24246,1
24256,1
24269,1
24279,1
24301,1
24339,1
24361,1
24375,1
24384,1
24400,1
24403,1
24409,1
24410,1
24419,1
24435,1
24490,2
24512,1
24528,1
24573,1
24624,1
24707,1
24781,1
24800,1
24835,1
24876,1
24902,1
24998,1
25190,1
25248,1
25283,1
25289,1
25357,1
25389,1
25587,1
25654,1
25766,1
25767,1
25808,1
25811,1
25844,1
25993,1
26045,1
26051,1
26167,1
26173,1
26343,1
26387,1
26416,1
26468,1
26656,1
26663,1
27014,1
27142,1
27353,1
27430,1
27622,1
27628,1
27725,1
27798,1
27859,1
27878,1
27942,1
28320,1
28359,1
28662,1
28736,1
28781,1
29037,1
29398,1
29427,1
29572,1
29648,1
29651,1
30099,1
30192,1
30454,1
30525,1
30752,1
31172,1
31187,1
31392,1
31526,1
31552,1
31584,1
31609,1
31613,2
31616,2
31622,1
31639,1
31645,1
31661,1
31667,1
31671,1
31676,1
31680,1
31683,2
31686,3
31690,2
31692,1
31693,1
31696,2
31699,2
31700,1
31703,1
31705,1
31706,1
31708,1
31709,1
31712,4
31715,1
31718,2
31719,2
31721,2
31722,1
31725,3
31731,2
31732,1
31734,1
31737,1
31744,5
31747,1
31750,4
31753,3
31756,2
31757,3
31760,2
31763,5
31766,4
31769,3
31770,2
31773,3
31776,7
31779,1
31782,2
31783,2
31786,1
31789,2
31792,1
31795,6
31796,1
31798,3
31801,4
31802,6
31805,5
31808,5
31811,1
31812,1
31814,9
31815,2
31818,3
31821,5
31824,4
31827,8
31828,1
31830,4
31834,6
31836,1
31837,1
31840,8
31843,3
31844,1
31846,4
31847,2
31849,1
31850,1
31852,1
31853,8
31856,1
31859,5
31860,1
31862,2
31863,2
31865,3
31866,5
31869,5
31872,9
31875,4
31876,2
31878,4
31879,5
31881,1
31882,1
31884,2
31885,9
31888,2
31891,5
31892,1
31894,4
31897,1
31898,10
31901,5
31904,12
31907,6
31908,3
31910,8
31911,6
31913,1
31914,3
31916,2
31917,9
31920,5
31923,11
31924,5
31926,3
31927,2
31929,6
31930,5
31932,3
31933,7
31936,13
31939,5
31940,1
31942,7
31943,8
31945,3
31946,12
31948,1
31949,15
31952,9
31955,14
31956,1
31958,4
31959,4
31961,8
31962,8
31964,3
31965,2
31968,13
31971,13
31974,12
31975,7
31977,3
31978,6
31980,1
31981,11
31984,10
31987,14
31988,3
31990,3
31991,4
31993,7
31994,10
31996,3
31997,8
32000,23
32003,6
32004,2
32006,8
32007,8
32009,5
32010,10
32012,2
32013,18
32016,10
32019,23
32020,8
32022,8
32023,4
32025,9
32026,15
32028,1
32029,10
32032,29
32035,9
32038,15
32039,7
32041,1
32042,10
32044,6
32045,23
32048,15
32051,24
32052,6
32054,6
32055,5
32057,6
32058,12
32060,4
32061,10
32064,23
32067,10
32070,13
32071,9
32073,6
32074,11
32076,5
32077,21
32080,9
32083,19
32084,5
32086,12
32087,8
32089,12
32090,29
32092,1
32093,4
32096,27
32099,14
32100,2
32102,17
32103,16
32105,3
32106,15
32108,9
32109,22
32112,16
32115,25
32116,7
32118,14
32119,9
32121,13
32122,21
32124,4
32125,12
32128,28
32131,11
32132,2
32134,15
32135,7
32137,5
32138,9
32140,6
32141,29
32144,22
32147,35
32148,8
32150,15
32151,7
32153,9
32154,14
32156,2
32157,13
32160,38
32163,6
32164,4
32166,24
32167,11
32169,6
32170,14
32172,3
32173,30
32176,20
32179,27
32180,6
32182,11
32183,14
32185,11
32186,18
32188,7
32189,10
32192,34
32195,22
32196,5
32198,21
32199,18
32201,10
32202,14
32204,5
32205,30
32208,19
32211,37
32212,8
32214,14
32215,8
32217,17
32218,25
32220,4
32221,21
32224,39
32227,18
32228,2
32230,26
32231,21
32233,11
32234,12
32236,6
32237,35
32240,19
32243,29
32244,9
32246,21
32247,5
32249,17
32250,25
32252,3
32253,9
32256,32
32259,17
32260,5
32262,32
32263,17
32265,9
32266,15
32268,5
32269,25
32272,24
32275,30
32276,8
32278,19
32279,5
32281,24
32282,25
32284,2
32285,19
32288,59
32291,28
32292,3
32294,23
32295,25
32297,12
32298,12
32300,20
32301,42
32304,27
32307,39
32308,16
32310,17
32311,12
32313,24
32314,30
32316,8
32317,21
32320,50
32323,20
32324,7
32326,29
32327,33
32329,16
32330,18
32332,13
32333,52
32336,31
32339,49
32340,5
32342,17
32343,15
32345,16
32346,48
32348,7
32349,21
32352,51
32355,22
32356,11
32358,45
32359,30
32361,12
32362,15
32364,10
32365,50
32368,29
32371,41
32372,9
32374,15
32375,16
32377,24
32378,43
32380,6
32381,21
32384,48
32387,24
32388,6
32390,26
32391,21
32393,13
32394,16
32396,9
32397,50
32400,27
32403,54
32404,21
32406,21
32407,19
32409,21
32410,42
32412,10
32413,27
32416,66
32419,30
32420,8
32422,36
32423,28
32425,12
32426,23
32428,9
32429,55
32432,39
32435,36
32436,11
32438,11
32439,24
32441,24
32442,45
32444,4
32445,35
32448,64
32451,32
32452,11
32454,43
32455,26
32457,16
32458,25
32460,9
32461,49
32464,34
32467,50
32468,13
32470,16
32471,18
32473,22
32474,44
32476,6
32477,25
32480,76
32483,31
32484,9
32486,53
32487,34
32489,19
32490,19
32492,14
32493,63
32496,41
32499,61
32500,12
32502,20
32503,20
32505,31
32506,49
32508,11
32509,32
32512,76
32515,40
32516,10
32518,57
32519,26
32521,21
32522,28
32524,17
32525,53
32528,46
32531,79
32532,18
32534,17
32535,16
32537,32
32538,48
32540,8
32541,37
32544,72
32547,33
32548,7
32550,59
32551,32
32553,28
32554,19
32556,15
32557,56
32560,33
32563,62
32564,18
32566,32
32567,19
32569,29
32570,48
32572,8
32573,41
32576,76
32579,25
32580,8
32582,51
32583,38
32585,10
32586,28
32588,21
32589,61
32592,45
32595,81
32596,17
32598,24
32599,14
32601,35
32602,34
32604,6
32605,28
32608,82
32611,35
32612,8
32614,51
32615,44
32617,13
32618,29
32620,22
32621,68
32624,46
32627,74
32628,19
32630,26
32631,21
32633,35
32634,50
32636,7
32637,38
32640,74
32643,28
32644,4
32646,43
32647,35
32649,23
32650,26
32652,21
32653,75
32656,60
32659,58
32660,12
32662,33
32663,22
32665,40
32666,67
32668,9
32669,40
32672,96
32675,38
32676,9
32678,72
32679,39
32681,32
32682,29
32684,22
32685,83
32688,37
32691,76
32692,25
32694,25
32695,8
32697,38
32698,75
32700,11
32701,36
32704,104
32707,40
32708,7
32710,62
32711,48
32713,20
32714,25
32716,21
32717,82
32720,50
32723,73
32724,13
32726,25
32727,18
32729,38
32730,53
32732,15
32733,58
32736,97
32739,42
32740,14
32742,46
32743,36
32745,23
32746,27
32748,19
32749,60
32752,54
32755,68
32756,27
32758,27
32759,12
32761,44
32762,64
32764,13
32765,49
32768,99
32771,41
32772,10
32774,58
32775,31
32777,23
32778,30
32780,19
32781,80
32784,62
32787,63
32788,22
32790,39
32791,19
32793,41
32794,59
32796,11
32797,53
32800,86
32803,41
32804,10
32806,53
32807,29
32809,16
32810,26
32812,24
32813,75
32816,58
32819,86
32820,12
32822,34
32823,21
32825,45
32826,76
32828,9
32829,42
32832,94
32835,48
32836,9
32838,64
32839,41
32841,22
32842,31
32844,20
32845,96
32848,59
32851,84
32852,17
32854,34
32855,17
32857,52
32858,65
32860,10
32861,43
32864,100
32867,46
32868,15
32870,54
32871,42
32873,22
32874,31
32876,23
32877,103
32880,57
32883,85
32884,22
32886,36
32887,31
32889,42
32890,72
32892,9
32893,58
32896,110
32899,45
32900,12
32902,68
32903,48
32905,24
32906,42
32908,20
32909,80
32912,53
32915,76
32916,27
32918,22
32919,23
32921,37
32922,60
32924,13
32925,55
32928,99
32931,50
32932,17
32934,72
32935,43
32937,27
32938,27
32940,17
32941,76
32944,56
32947,89
32948,27
32950,34
32951,20
32953,53
32954,49
32956,14
32957,32
32960,104
32963,44
32964,15
32966,79
32967,50
32969,27
32970,29
32972,17
32973,81
32976,56
32979,83
32980,20
32982,26
32983,22
32985,46
32986,62
32988,12
32989,63
32992,100
32995,47
32996,21
32998,68
32999,46
33001,27
33002,42
33004,22
33005,78
33008,60
33011,99
33012,22
33014,21
33015,17
33017,46
33018,67
33020,5
33021,55
33024,105
33027,47
33028,9
33030,60
33031,38
33033,24
33034,32
33036,22
33037,95
33040,52
33043,86
33044,16
33046,41
33047,27
33049,47
33050,76
33052,14
33053,39
33056,108
33059,51
33060,9
33062,81
33063,39
33065,19
33066,32
33068,27
33069,87
33072,66
33075,80
33076,25
33078,23
33079,22
33081,43
33082,71
33084,9
33085,49
33088,98
33091,44
33092,8
33094,67
33095,40
33097,21
33098,26
33100,26
33101,108
33104,58
33107,69
33108,26
33110,41
33111,24
33113,54
33114,67
33116,6
33117,35
33120,103
33123,33
33124,12
33126,54
33127,35
33129,22
33130,27
33132,17
33133,84
33136,52
33139,81
33140,25
33142,29
33143,22
33145,48
33146,61
33148,10
33149,36
33152,120
33155,36
33156,9
33158,60
33159,37
33161,19
33162,36
33164,17
33165,80
33168,64
33171,84
33172,13
33174,36
33175,30
33177,40
33178,63
33180,17
33181,42
33184,100
33187,57
33188,10
33190,70
33191,41
33193,27
33194,43
33196,17
33197,79
33200,60
33203,90
33204,29
33206,35
33207,29
33209,34
33210,68
33212,9
33213,33
33216,103
33219,33
33220,10
33222,72
33223,42
33225,20
33226,42
33228,15
33229,82
33232,63
33235,79
33236,18
33238,26
33239,25
33241,61
33242,61
33244,15
33245,45
33248,96
33251,51
33252,6
33254,60
33255,49
33257,28
33258,37
33260,21
33261,96
33264,60
33267,83
33268,20
33270,38
33271,18
33273,41
33274,59
33276,7
33277,42
33280,95
33283,37
33284,9
33286,53
33287,41
33289,22
33290,25
33292,15
33293,78
33296,50
33299,78
33300,21
33302,37
33303,11
33305,36
33306,52
33308,8
33309,41
33312,105
33315,52
33316,13
33318,63
33319,37
33321,25
33322,30
33324,30
33325,80
33328,46
33331,96
33332,18
33334,29
33335,23
33337,36
33338,45
33340,16
33341,42
33344,110
33347,43
33348,11
33350,61
33351,36
33353,21
33354,39
33356,25
33357,93
33360,62
33363,84
33364,18
33366,31
33367,28
33369,42
33370,61
33372,6
33373,50
33376,93
33379,42
33380,14
33382,62
33383,31
33385,24
33386,30
33388,23
33389,87
33392,49
33395,65
33396,16
33398,31
33399,20
33401,48
33402,62
33404,5
33405,52
33408,102
33411,35
33412,11
33414,53
33415,40
33417,22
33418,35
33420,23
33421,71
33424,52
33427,86
33428,12
33430,40
33431,18
33433,42
33434,42
33436,15
33437,37
33440,92
33443,41
33444,10
33446,37
33447,35
33449,24
33450,36
33452,17
33453,72
33456,42
33459,80
33460,25
33462,24
33463,16
33465,35
33466,50
33468,9
33469,39
33472,105
33475,33
33476,10
33478,54
33479,33
33481,18
33482,24
33484,17
33485,56
33488,51
33491,57
33492,20
33494,22
33495,17
33497,39
33498,53
33500,10
33501,31
33504,99
33507,40
33508,7
33510,50
33511,47
33513,12
33514,34
33516,17
33517,91
33520,53
33523,72
33524,16
33526,25
33527,27
33529,37
33530,61
33532,9
33533,35
33536,83
33539,41
33540,5
33542,52
33543,27
33545,24
33546,31
33548,24
33549,63
33552,51
33555,60
33556,18
33558,25
33559,19
33561,45
33562,60
33564,6
33565,46
33568,78
33571,36
33572,12
33574,49
33575,31
33577,19
33578,28
33580,19
33581,75
33584,37
33587,60
33588,22
33590,25
33591,29
33593,36
33594,58
33596,7
33597,39
33600,89
33603,41
33604,7
33606,56
33607,29
33609,19
33610,25
33612,15
33613,66
33616,46
33619,60
33620,16
33622,22
33623,24
33625,27
33626,46
33628,5
33629,41
33632,82
33635,39
33636,7
33638,44
33639,22
33641,21
33642,23
33644,16
33645,54
33648,36
33651,56
33652,21
33654,28
33655,16
33657,46
33658,57
33660,10
33661,33
33664,65
33667,38
33668,6
33670,52
33671,37
33673,25
33674,29
33676,23
33677,67
33680,52
33683,61
33684,16
33686,23
33687,13
33689,31
33690,51
33692,10
33693,31
33696,78
33699,33
33700,7
33702,38
33703,41
33705,16
33706,19
33708,14
33709,77
33712,39
33715,65
33716,15
33718,28
33719,23
33721,41
33722,45
33724,7
33725,38
33728,83
33731,28
33732,13
33734,39
33735,32
33737,15
33738,23
33740,11
33741,60
33744,39
33747,58
33748,21
33750,22
33751,17
33753,30
33754,48
33756,4
33757,38
33760,81
33763,34
33764,3
33766,44
33767,31
33769,25
33770,17
33772,10
33773,51
33776,49
33779,51
33780,11
33782,12
33783,18
33785,31
33786,45
33788,20
33789,31
33792,68
33795,31
33796,6
33798,40
33799,29
33801,14
33802,25
33804,9
33805,66
33808,37
33811,59
33812,11
33814,25
33815,16
33817,35
33818,41
33820,6
33821,33
33824,85
33827,33
33828,7
33830,47
33831,32
33833,14
33834,22
33836,15
33837,45
33840,37
33843,70
33844,9
33846,27
33847,14
33849,25
33850,43
33852,7
33853,34
33856,85
33859,28
33860,9
33862,55
33863,27
33865,12
33866,17
33868,15
33869,43
33872,44
33875,57
33876,12
33878,17
33879,14
33881,24
33882,42
33884,9
33885,37
33888,69
33891,39
33892,4
33894,40
33895,29
33897,17
33898,16
33900,15
33901,70
33904,36
33907,56
33908,12
33910,25
33911,18
33913,29
33914,40
33916,10
33917,28
33920,78
33923,33
33924,6
33926,45
33927,17
33929,16
33930,24
33932,15
33933,59
33936,31
33939,48
33940,11
33942,21
33943,12
33945,32
33946,43
33948,4
33949,32
33952,64
33955,35
33956,5
33958,45
33959,26
33961,11
33962,22
33964,22
33965,60
33968,45
33971,59
33972,13
33974,23
33975,17
33977,29
33978,46
33980,8
33981,37
33984,67
33987,34
33988,6
33990,25
33991,23
33993,14
33994,17
33996,13
33997,54
34000,24
34003,66
34004,18
34006,22
34007,10
34009,30
34010,39
34012,5
34013,30
34016,74
34019,34
34020,7
34022,25
34023,22
34025,17
34026,21
34028,9
34029,46
34032,44
34035,46
34036,17
34038,16
34039,16
34041,24
34042,47
34044,6
34045,27
34048,59
34051,25
34052,6
34054,43
34055,16
34057,17
34058,20
34060,14
34061,43
34064,34
34067,54
34068,10
34070,21
34071,13
34073,18
34074,50
34076,11
34077,27
34080,59
34083,22
34084,6
34086,35
34087,23
34089,17
34090,22
34092,10
34093,40
34096,37
34099,60
34100,16
34102,21
34103,11
34105,30
34106,31
34108,4
34109,27
34112,58
34115,22
34116,7
34118,42
34119,24
34121,8
34122,18
34124,9
34125,63
34128,26
34131,51
34132,13
34134,24
34135,11
34137,18
34138,44
34140,5
34141,31
34144,52
34147,32
34148,2
34150,27
34151,17
34153,10
34154,31
34156,8
34157,57
34160,35
34163,38
34164,11
34166,15
34167,16
34169,26
34170,45
34172,3
34173,30
34176,61
34179,27
34180,9
34182,31
34183,29
34185,13
34186,28
34188,17
34189,40
34192,31
34195,52
34196,6
34198,17
34199,18
34201,23
34202,38
34204,8
34205,24
34208,41
34211,25
34212,6
34214,45
34215,28
34217,10
34218,17
34220,11
34221,49
34224,35
34227,47
34228,13
34230,13
34231,9
34233,28
34234,28
34236,4
34237,32
34240,53
34243,23
34244,9
34246,46
34247,21
34249,8
34250,12
34252,15
34253,33
34256,37
34259,45
34260,10
34262,17
34263,16
34265,26
34266,45
34268,7
34269,24
34272,55
34275,23
34276,6
34278,31
34279,28
34281,10
34282,14
34284,10
34285,39
34288,26
34291,46
34292,9
34294,16
34295,19
34297,30
34298,34
34300,4
34301,25
34304,59
34307,23
34308,8
34310,28
34311,24
34313,10
34314,19
34316,14
34317,47
34320,25
34323,33
34324,11
34326,18
34327,12
34329,25
34330,38
34332,6
34333,22
34336,62
34339,21
34340,6
34342,35
34343,26
34345,12
34346,17
34348,10
34349,51
34352,30
34355,43
34356,10
34358,16
34359,9
34361,23
34362,37
34364,7
34365,24
34368,62
34371,33
34372,5
34374,29
34375,20
34377,9
34378,22
34380,10
34381,49
34384,38
34387,47
34388,17
34390,25
34391,14
34393,25
34394,39
34396,4
34397,32
34400,55
34403,22
34404,7
34406,29
34407,25
34409,13
34410,16
34412,12
34413,43
34416,32
34419,48
34420,13
34422,16
34423,8
34425,25
34426,29
34428,5
34429,27
34432,45
34435,17
34436,5
34438,27
34439,25
34441,10
34442,15
34444,9
34445,50
34448,30
34451,40
34452,14
34454,19
34455,10
34457,21
34458,47
34460,1
34461,20
34464,47
34467,23
34468,10
34470,38
34471,21
34473,10
34474,12
34476,14
34477,54
34480,29
34483,42
34484,13
34486,18
34487,13
34489,31
34490,42
34492,7
34493,28
34496,67
34499,23
34500,3
34502,35
34503,24
34505,13
34506,18
34508,10
34509,60
34512,37
34515,59
34516,15
34518,26
34519,19
34521,27
34522,42
34524,4
34525,23
34528,58
34531,21
34532,9
34534,36
34535,23
34537,16
34538,17
34540,13
34541,46
34544,34
34547,50
34548,11
34550,17
34551,14
34553,23
34554,34
34556,6
34557,20
34560,71
34563,24
34564,3
34566,44
34567,30
34569,14
34570,27
34572,11
34573,50
34576,29
34579,60
34580,12
34582,31
34583,15
34585,24
34586,42
34588,7
34589,25
34592,65
34595,22
34596,5
34598,40
34599,30
34601,16
34602,20
34604,16
34605,52
34608,33
34611,50
34612,9
34614,22
34615,12
34617,24
34618,39
34620,4
34621,23
34624,60
34627,25
34628,7
34630,49
34631,29
34633,8
34634,19
34636,17
34637,46
34640,25
34643,57
34644,9
34646,22
34647,11
34649,23
34650,43
34652,3
34653,23
34656,43
34659,30
34660,7
34662,37
34663,27
34665,12
34666,16
34668,10
34669,52
34672,46
34675,50
34676,9
34678,16
34679,19
34681,28
34682,43
34684,9
34685,31
34688,73
34691,27
34692,9
34694,37
34695,25
34697,11
34698,13
34700,18
34701,48
34704,26
34707,56
34708,13
34710,19
34711,11
34713,32
34714,41
34716,9
34717,26
34720,79
34723,25
34724,10
34726,39
34727,20
34729,10
34730,24
34732,19
34733,59
34736,40
34739,62
34740,12
34742,26
34743,17
34745,26
34746,52
34748,11
34749,30
34752,92
34755,22
34756,6
34758,35
34759,20
34761,13
34762,26
34764,13
34765,53
34768,38
34771,46
34772,17
34774,32
34775,12
34777,37
34778,44
34780,6
34781,25
34784,66
34787,31
34788,4
34790,35
34791,27
34793,13
34794,23
34796,13
34797,52
34800,45
34803,58
34804,14
34806,27
34807,5
34809,30
34810,33
34812,8
34813,32
34816,63
34819,25
34820,11
34822,49
34823,43
34825,17
34826,14
34828,11
34829,65
34832,42
34835,56
34836,16
34838,23
34839,21
34841,27
34842,35
34844,9
34845,31
34848,78
34851,32
34852,9
34854,47
34855,25
34857,11
34858,22
34860,14
34861,53
34864,40
34867,66
34868,14
34870,27
34871,7
34873,27
34874,45
34876,8
34877,21
34880,90
34883,29
34884,7
34886,51
34887,32
34889,19
34890,21
34892,6
34893,71
34896,35
34899,58
34900,10
34902,26
34903,20
34905,30
34906,44
34908,9
34909,27
34912,65
34915,29
34916,10
34918,44
34919,36
34921,9
34922,35
34924,15
34925,75
34928,26
34931,60
34932,13
34934,21
34935,10
34937,36
34938,53
34940,7
34941,28
34944,73
34947,33
34948,12
34950,51
34951,23
34953,15
34954,24
34956,15
34957,57
34960,33
34963,59
34964,15
34966,21
34967,15
34969,29
34970,48
34972,8
34973,40
34976,66
34979,30
34980,9
34982,36
34983,26
34985,14
34986,27
34988,11
34989,63
34992,48
34995,51
34996,14
34998,29
34999,12
35001,26
35002,50
35004,8
35005,36
35008,69
35011,30
35012,9
35014,26
35015,37
35017,11
35018,19
35020,20
35021,70
35024,42
35027,72
35028,20
35030,31
35031,17
35033,34
35034,46
35036,6
35037,22
35040,87
35043,39
35044,11
35046,38
35047,35
35049,20
35050,21
35052,20
35053,60
35056,51
35059,62
35060,29
35062,28
35063,16
35065,30
35066,50
35068,7
35069,37
35072,91
35075,36
35076,13
35078,38
35079,40
35081,14
35082,25
35084,19
35085,82
35088,51
35091,63
35092,19
35094,38
35095,12
35097,33
35098,51
35100,8
35101,23
35104,95
35107,33
35108,3
35110,38
35111,42
35113,24
35114,28
35116,15
35117,60
35120,43
35123,59
35124,17
35126,17
35127,22
35129,32
35130,46
35132,9
35133,25
35136,68
35139,22
35140,14
35142,37
35143,38
35145,17
35146,23
35148,21
35149,72
35152,48
35155,65
35156,11
35158,41
35159,25
35161,36
35162,62
35164,14
35165,36
35168,78
35171,41
35172,8
35174,47
35175,26
35177,18
35178,24
35180,15
35181,64
35184,40
35187,73
35188,23
35190,31
35191,20
35193,36
35194,43
35196,7
35197,34
35200,82
35203,43
35204,11
35206,52
35207,33
35209,22
35210,23
35212,23
35213,66
35216,48
35219,69
35220,12
35222,31
35223,22
35225,29
35226,54
35228,11
35229,45
35232,92
35235,39
35236,15
35238,51
35239,33
35241,18
35242,29
35244,22
35245,66
35248,51
35251,63
35252,14
35254,33
35255,20
35257,28
35258,55
35260,10
35261,29
35264,105
35267,34
35268,9
35270,55
35271,34
35273,29
35274,24
35276,20
35277,62
35280,37
35283,68
35284,19
35286,34
35287,16
35289,34
35290,45
35292,9
35293,41
35296,80
35299,25
35300,8
35302,50
35303,40
35305,18
35306,22
35308,15
35309,58
35312,61
35315,59
35316,23
35318,25
35319,18
35321,33
35322,42
35324,9
35325,41
35328,109
35331,33
35332,8
35334,49
35335,30
35337,19
35338,24
35340,18
35341,58
35344,51
35347,87
35348,19
35350,26
35351,22
35353,22
35354,53
35356,12
35357,32
35360,78
35363,32
35364,9
35366,30
35367,42
35369,18
35370,35
35372,19
35373,53
35376,50
35379,73
35380,27
35382,25
35383,14
35385,31
35386,51
35388,13
35389,35
35392,76
35395,30
35396,13
35398,44
35399,35
35401,21
35402,45
35404,17
35405,77
35408,41
35411,75
35412,14
35414,34
35415,17
35417,40
35418,59
35420,9
35421,31
35424,82
35427,40
35428,11
35430,52
35431,39
35433,17
35434,25
35436,17
35437,76
35440,55
35443,69
35444,23
35446,24
35447,13
35449,32
35450,52
35452,8
35453,34
35456,88
35459,40
35460,4
35462,60
35463,41
35465,10
35466,30
35468,19
35469,72
35472,58
35475,64
35476,13
35478,35
35479,24
35481,28
35482,52
35484,9
35485,35
35488,96
35491,37
35492,13
35494,50
35495,24
35497,20
35498,28
35500,23
35501,67
35504,47
35507,86
35508,17
35510,31
35511,17
35513,36
35514,62
35516,11
35517,36
35520,97
35523,42
35524,7
35526,68
35527,29
35529,15
35530,21
35532,12
35533,64
35536,35
35539,64
35540,21
35542,43
35543,24
35545,34
35546,55
35548,10
35549,44
35552,103
35555,39
35556,6
35558,47
35559,32
35561,25
35562,22
35564,13
35565,76
35568,55
35571,71
35572,25
35574,25
35575,18
35577,30
35578,48
35580,9
35581,32
35584,104
35587,30
35588,8
35590,60
35591,37
35593,21
35594,29
35596,17
35597,71
35600,58
35603,79
35604,14
35606,28
35607,24
35609,33
35610,59
35612,13
35613,57
35616,97
35619,33
35620,10
35622,49
35623,32
35625,19
35626,27
35628,17
35629,69
35632,48
35635,63
35636,20
35638,39
35639,25
35641,29
35642,41
35644,8
35645,31
35648,79
35651,37
35652,8
35654,55
35655,34
35657,23
35658,29
35660,15
35661,64
35664,36
35667,67
35668,16
35670,23
35671,21
35673,30
35674,37
35676,9
35677,44
35680,76
35683,37
35684,9
35686,61
35687,36
35689,22
35690,28
35692,16
35693,69
35696,45
35699,74
35700,16
35702,27
35703,19
35705,33
35706,50
35708,10
35709,27
35712,87
35715,53
35716,12
35718,52
35719,44
35721,16
35722,29
35724,16
35725,58
35728,45
35731,54
35732,18
35734,28
35735,23
35737,30
35738,46
35740,7
35741,29
35744,81
35747,37
35748,2
35750,50
35751,30
35753,15
35754,24
35756,9
35757,72
35760,44
35763,69
35764,13
35766,27
35767,17
35769,37
35770,51
35772,8
35773,34
35776,100
35779,32
35780,7
35782,58
35783,34
35785,16
35786,21
35788,19
35789,69
35792,44
35795,73
35796,17
35798,30
35799,19
35801,35
35802,51
35804,6
35805,39
35808,73
35811,39
35812,8
35814,53
35815,42
35817,23
35818,27
35820,9
35821,73
35824,50
35827,68
35828,26
35830,25
35831,14
35833,19
35834,46
35836,9
35837,25
35840,79
35843,38
35844,10
35846,58
35847,33
35849,21
35850,22
35852,24
35853,66
35856,45
35859,55
35860,22
35862,14
35863,13
35865,25
35866,53
35868,10
35869,37
35872,89
35875,30
35876,12
35878,62
35879,41
35881,19
35882,35
35884,19
35885,59
35888,50
35891,67
35892,15
35894,29
35895,18
35897,35
35898,59
35900,11
35901,33
35904,73
35907,31
35908,6
35910,58
35911,36
35913,21
35914,27
35916,13
35917,73
35920,40
35923,65
35924,15
35926,22
35927,18
35929,27
35930,42
35932,10
35933,47
35936,83
35939,39
35940,9
35942,56
35943,30
35945,22
35946,22
35948,21
35949,74
35952,42
35955,67
35956,14
35958,27
35959,11
35961,31
35962,49
35964,11
35965,31
35968,72
35971,25
35972,7
35974,50
35975,35
35977,20
35978,24
35980,20
35981,58
35984,47
35987,61
35988,9
35990,35
35991,25
35993,28
35994,49
35996,10
35997,42
36000,86
36003,32
36004,13
36006,53
36007,26
36009,12
36010,28
36012,17
36013,78
36016,49
36019,64
36020,23
36022,23
36023,20
36025,24
36026,52
36028,8
36029,46
36032,78
36035,38
36036,10
36038,53
36039,44
36041,14
36042,22
36044,20
36045,56
36048,42
36051,55
36052,15
36054,23
36055,24
36057,27
36058,39
36060,5
36061,26
36064,84
36067,36
36068,9
36070,50
36071,25
36073,18
36074,33
36076,23
36077,47
36080,36
36083,61
36084,11
36086,25
36087,21
36089,30
36090,56
36092,8
36093,23
36096,73
36099,37
36100,8
36102,48
36103,41
36105,16
36106,30
36108,24
36109,54
36112,29
36115,55
36116,14
36118,28
36119,20
36121,20
36122,43
36124,10
36125,33
36128,80
36131,26
36132,6
36134,40
36135,36
36137,25
36138,29
36140,11
36141,51
36144,33
36147,65
36148,19
36150,21
36151,15
36153,25
36154,48
36156,9
36157,30
36160,75
36163,26
36164,12
36166,47
36167,38
36169,7
36170,19
36172,23
36173,62
36176,35
36179,54
36180,13
36182,32
36183,19
36185,28
36186,47
36188,10
36189,29
36192,57
36195,38
36196,4
36198,63
36199,39
36201,19
36202,19
36204,17
36205,64
36208,37
36211,57
36212,20
36214,26
36215,12
36217,22
36218,32
36220,9
36221,35
36224,69
36227,28
36228,8
36230,48
36231,27
36233,13
36234,20
36236,11
36237,61
36240,39
36243,68
36244,15
36246,18
36247,11
36249,16
36250,45
36252,5
36253,32
36256,73
36259,29
36260,12
36262,50
36263,39
36265,16
36266,20
36268,12
36269,62
36272,38
36275,59
36276,17
36278,28
36279,12
36281,25
36282,32
36284,7
36285,28
36288,70
36291,36
36292,7
36294,49
36295,22
36297,17
36298,27
36300,8
36301,62
36304,43
36307,59
36308,14
36310,30
36311,22
36313,29
36314,37
36316,6
36317,26
36320,76
36323,23
36324,3
36326,36
36327,24
36329,14
36330,22
36332,13
36333,47
36336,29
36339,53
36340,13
36342,27
36343,19
36345,28
36346,30
36348,8
36349,30
36352,65
36355,23
36356,5
36358,36
36359,25
36361,10
36362,22
36364,15
36365,73
36368,42
36371,49
36372,7
36374,22
36375,13
36377,29
36378,35
36380,9
36381,35
36384,60
36387,21
36388,5
36390,32
36391,32
36393,11
36394,20
36396,11
36397,55
36400,35
36403,54
36404,12
36406,25
36407,15
36409,23
36410,28
36412,3
36413,32
36416,85
36419,27
36420,4
36422,40
36423,16
36425,11
36426,15
36428,13
36429,49
36432,37
36435,62
36436,9
36438,15
36439,13
36441,20
36442,29
36444,10
36445,20
36448,74
36451,31
36452,10
36454,40
36455,29
36457,20
36458,12
36460,13
36461,52
36464,29
36467,36
36468,16
36470,20
36471,17
36473,24
36474,34
36476,6
36477,22
36480,70
36483,20
36484,5
36486,42
36487,22
36489,14
36490,17
36492,7
36493,41
36496,30
36499,52
36500,6
36502,23
36503,7
36505,22
36506,38
36508,10
36509,25
36512,67
36515,24
36516,10
36518,46
36519,25
36521,12
36522,14
36524,12
36525,54
36528,33
36531,44
36532,17
36534,24
36535,13
36537,28
36538,27
36540,5
36541,23
36544,53
36547,21
36548,6
36550,40
36551,23
36553,7
36554,14
36556,12
36557,51
36560,30
36563,45
36564,6
36566,21
36567,14
36569,32
36570,34
36572,7
36573,20
36576,60
36579,36
36580,3
36582,33
36583,23
36585,14
36586,14
36588,17
36589,41
36592,27
36595,49
36596,9
36598,18
36599,8
36601,20
36602,37
36605,36
36608,50
36611,22
36612,12
36614,38
36615,18
36617,10
36618,24
36620,10
36621,49
36624,29
36627,35
36628,7
36630,16
36631,15
36633,20
36634,31
36636,10
36637,21
36640,56
36643,19
36644,4
36646,39
36647,22
36649,13
36650,16
36652,11
36653,38
36656,21
36659,48
36660,12
36662,23
36663,12
36665,33
36666,26
36668,8
36669,21
36672,54
36675,24
36676,2
36678,25
36679,20
36681,10
36682,17
36684,5
36685,33
36688,26
36691,42
36692,13
36694,19
36695,9
36697,20
36698,28
36700,1
36701,26
36704,47
36707,15
36708,6
36710,37
36711,25
36713,10
36714,14
36716,9
36717,33
36720,30
36723,35
36724,7
36726,19
36727,13
36729,14
36730,29
36732,2
36733,22
36736,42
36739,22
36740,6
36742,23
36743,15
36745,13
36746,15
36748,9
36749,44
36752,23
36755,35
36756,8
36758,24
36759,15
36761,21
36762,29
36764,2
36765,27
36768,53
36771,18
36772,5
36774,32
36775,21
36777,12
36778,18
36780,14
36781,41
36784,20
36787,39
36788,10
36790,8
36791,9
36793,15
36794,22
36796,5
36797,23
36800,58
36803,20
36804,5
36806,29
36807,25
36809,13
36810,16
36812,7
36813,29
36816,31
36819,32
36820,10
36822,13
36823,12
36825,12
36826,22
36828,4
36829,30
36832,46
36835,11
36836,4
36838,29
36839,12
36841,14
36842,11
36844,6
36845,29
36848,17
36851,48
36852,11
36854,15
36855,9
36857,20
36858,37
36860,7
36861,20
36864,46
36867,15
36868,7
36870,36
36871,13
36873,13
36874,15
36876,9
36877,38
36880,25
36883,31
36884,9
36886,9
36887,9
36889,15
36890,35
36892,4
36893,20
36896,47
36899,22
36900,8
36902,21
36903,16
36905,8
36906,20
36908,4
36909,35
36912,28
36915,37
36916,8
36918,18
36919,7
36921,12
36922,23
36924,4
36925,15
36928,33
36931,14
36932,7
36934,30
36935,24
36937,16
36938,16
36940,6
36941,40
36944,23
36947,42
36948,5
36950,14
36951,8
36953,15
36954,23
36956,5
36957,17
36960,43
36963,12
36966,28
36967,22
36969,10
36970,19
36972,5
36973,45
36976,26
36979,22
36980,6
36982,12
36983,13
36985,17
36986,24
36988,4
36989,13
36992,48
36995,19
36996,3
36998,19
36999,12
37001,6
37002,11
37004,10
37005,40
37008,18
37011,31
37012,6
37014,15
37015,10
37017,8
37018,20
37020,5
37021,20
37024,42
37027,17
37028,4
37030,27
37031,14
37033,5
37034,11
37036,12
37037,30
37040,23
37043,31
37044,9
37046,16
37047,6
37049,17
37050,27
37052,1
37053,20
37056,46
37059,13
37060,4
37062,29
37063,6
37065,11
37066,17
37068,4
37069,31
37072,17
37075,39
37076,8
37078,13
37079,13
37081,17
37082,22
37084,4
37085,15
37088,45
37091,10
37092,10
37094,17
37095,8
37097,10
37098,6
37100,10
37101,34
37104,17
37107,32
37108,4
37110,14
37111,8
37113,12
37114,18
37116,4
37117,15
37120,38
37123,15
37124,4
37126,17
37127,21
37129,4
37130,11
37132,5
37133,32
37136,18
37139,28
37140,4
37142,13
37143,9
37145,10
37146,22
37148,3
37149,20
37152,34
37155,24
37156,1
37158,15
37159,13
37161,2
37162,9
37164,8
37165,15
37168,15
37171,22
37172,8
37174,12
37175,11
37177,10
37178,19
37180,10
37181,16
37184,31
37187,11
37188,1
37190,23
37191,18
37193,5
37194,12
37196,5
37197,23
37200,23
37203,26
37204,7
37206,14
37207,10
37209,15
37210,31
37212,6
37213,13
37216,43
37219,16
37220,5
37222,20
37223,14
37225,10
37226,9
37228,12
37229,31
37232,9
37235,28
37236,5
37238,6
37239,3
37241,18
37242,19
37244,1
37245,13
37248,32
37251,18
37252,3
37254,20
37255,16
37257,10
37258,11
37260,8
37261,23
37264,20
37267,28
37268,6
37270,11
37271,8
37273,16
37274,25
37276,3
37277,27
37280,27
37283,9
37284,4
37286,16
37287,8
37289,7
37290,11
37292,5
37293,30
37296,17
37299,19
37300,7
37302,12
37303,1
37305,12
37306,24
37309,11
37312,17
37315,7
37316,1
37318,14
37319,6
37321,4
37322,7
37324,4
37325,30
37328,11
37331,22
37332,2
37334,10
37335,4
37337,15
37338,19
37340,3
37341,22
37344,34
37347,11
37348,2
37350,17
37351,13
37353,4
37354,9
37356,5
37357,29
37360,23
37363,19
37364,10
37366,12
37367,7
37369,10
37370,24
37372,3
37373,15
37376,26
37379,14
37380,6
37382,17
37383,8
37385,3
37386,12
37388,4
37389,17
37392,11
37395,33
37396,3
37398,8
37399,10
37401,14
37402,16
37404,2
37405,11
37408,26
37411,14
37412,1
37414,22
37415,13
37417,5
37418,9
37420,4
37421,19
37424,10
37427,22
37428,6
37430,8
37431,12
37433,8
37434,11
37436,2
37437,10
37440,25
37443,11
37444,2
37446,21
37447,13
37449,5
37450,8
37452,5
37453,25
37456,12
37459,20
37460,1
37462,6
37463,9
37465,5
37466,11
37468,2
37469,15
37472,27
37475,9
37476,1
37478,13
37479,11
37481,7
37482,6
37484,4
37485,20
37488,19
37491,23
37492,3
37494,9
37495,11
37497,15
37498,12
37500,3
37501,9
37504,26
37507,6
37508,3
37510,18
37511,12
37513,5
37514,6
37516,6
37517,13
37520,22
37523,12
37524,2
37526,9
37527,4
37529,10
37530,17
37532,2
37533,10
37536,18
37539,8
37540,3
37542,15
37543,9
37545,9
37546,12
37548,3
37549,12
37552,11
37555,14
37556,8
37558,9
37559,6
37561,12
37562,13
37564,4
37565,7
37568,33
37571,8
37572,3
37574,9
37575,12
37577,6
37578,9
37580,3
37581,29
37584,10
37587,23
37588,6
37590,8
37591,2
37593,13
37594,15
37596,5
37597,10
37600,24
37603,13
37604,2
37606,12
37607,10
37609,6
37610,10
37612,6
37613,19
37616,9
37619,21
37620,5
37622,7
37623,2
37625,2
37626,11
37628,2
37629,10
37632,10
37635,16
37638,9
37639,10
37641,5
37642,12
37644,3
37645,23
37648,13
37651,19
37652,5
37654,1
37655,6
37657,6
37658,17
37660,4
37661,11
37664,18
37667,7
37668,2
37670,10
37671,13
37673,3
37674,12
37676,1
37677,15
37680,15
37683,21
37684,5
37686,6
37687,3
37689,3
37690,10
37692,4
37693,10
37696,19
37699,8
37700,2
37702,10
37703,11
37705,5
37706,7
37708,5
37709,19
37712,9
37715,18
37716,6
37718,8
37721,16
37722,10
37725,9
37728,20
37731,7
37732,4
37734,8
37735,8
37737,5
37738,7
37740,4
37741,16
37744,9
37747,10
37748,4
37750,8
37751,7
37753,9
37754,14
37756,1
37757,12
37760,18
37763,10
37764,1
37766,13
37767,15
37769,6
37770,6
37772,7
37773,5
37776,15
37779,9
37780,2
37782,5
37783,6
37785,7
37786,11
37788,2
37789,12
37792,17
37795,8
37796,1
37798,10
37799,5
37802,8
37804,3
37805,18
37808,3
37811,15
37812,6
37814,4
37815,6
37817,9
37818,14
37820,1
37821,6
37824,18
37827,6
37830,11
37831,11
37833,4
37834,9
37836,1
37837,13
37840,12
37843,14
37844,3
37846,9
37847,4
37849,3
37850,18
37852,2
37853,8
37856,10
37859,7
37860,2
37862,10
37863,7
37865,4
37866,9
37868,5
37869,20
37872,8
37875,13
37876,5
37878,8
37879,2
37881,3
37882,6
37884,2
37885,6
37888,9
37891,6
37892,2
37894,11
37895,6
37897,2
37898,5
37900,4
37901,14
37904,8
37907,13
37908,2
37910,6
37911,7
37913,2
37914,9
37916,5
37917,11
37920,18
37923,7
37924,1
37926,8
37927,5
37929,3
37930,8
37932,3
37933,14
37936,8
37939,23
37940,5
37942,6
37943,4
37945,7
37946,10
37948,1
37949,9
37952,14
37955,9
37956,2
37958,12
37959,7
37961,5
37962,1
37964,3
37965,12
37968,7
37971,15
37972,1
37974,5
37975,4
37977,6
37978,7
37980,4
37981,7
37984,7
37987,5
37988,1
37990,9
37991,8
37993,3
37994,4
37996,2
37997,13
38000,5
38003,14
38004,1
38006,1
38007,2
38009,9
38010,6
38013,6
38016,10
38019,8
38020,2
38022,5
38023,3
38025,2
38026,5
38028,2
38029,8
38032,7
38035,13
38036,3
38038,1
38039,2
38041,7
38042,8
38045,9
38048,8
38051,8
38052,1
38054,8
38055,5
38057,2
38058,3
38060,4
38061,11
38064,9
38067,10
38068,5
38070,3
38071,4
38073,5
38074,7
38077,6
38080,13
38083,2
38084,2
38086,10
38087,4
38089,2
38090,2
38092,1
38093,10
38096,6
38099,13
38100,2
38102,5
38105,3
38106,11
38108,1
38109,10
38112,16
38115,7
38116,1
38118,9
38119,7
38121,4
38122,4
38124,4
38125,10
38128,5
38131,12
38134,5
38135,1
38137,3
38138,9
38140,1
38141,5
38144,9
38147,4
38150,7
38151,6
38153,2
38154,2
38157,9
38160,9
38163,16
38164,2
38166,4
38169,6
38170,13
38173,6
38176,18
38179,6
38180,1
38182,9
38183,6
38185,3
38186,3
38188,1
38189,15
38192,10
38195,6
38196,2
38198,1
38199,2
38201,5
38202,8
38205,2
38208,20
38211,9
38212,1
38214,8
38215,2
38217,5
38220,3
38221,16
38224,5
38227,7
38228,1
38230,4
38231,5
38233,7
38234,8
38236,3
38237,5
38240,14
38243,9
38246,9
38247,7
38249,3
38250,4
38253,17
38256,4
38259,12
38260,2
38262,5
38263,8
38265,5
38266,8
38268,2
38269,6
38272,12
38275,7
38276,1
38278,8
38279,4
38281,2
38282,3
38284,2
38285,11
38288,2
38291,9
38294,6
38295,1
38297,6
38298,7
38300,1
38301,6
38304,12
38307,5
38310,6
38311,7
38313,3
38314,1
38316,3
38317,7
38320,6
38323,11
38324,2
38326,3
38327,3
38329,4
38330,9
38333,4
38336,10
38339,7
38342,2
38343,2
38345,3
38346,4
38348,4
38349,10
38352,9
38355,10
38356,1
38358,3
38359,2
38361,5
38362,7
38364,1
38365,8
38368,5
38371,6
38374,9
38375,1
38377,2
38378,7
38380,1
38381,10
38384,4
38387,13
38388,1
38390,7
38391,4
38393,6
38394,8
38397,2
38400,19
38403,5
38406,8
38407,3
38409,2
38410,1
38412,4
38413,13
38416,10
38419,13
38422,4
38423,2
38425,5
38426,2
38428,1
38429,4
38432,10
38435,10
38436,1
38438,6
38439,2
38441,5
38442,2
38444,2
38445,8
38448,9
38451,7
38452,4
38454,4
38455,5
38457,6
38458,8
38461,6
38464,16
38467,8
38470,12
38471,2
38473,4
38474,5
38477,12
38480,6
38483,7
38484,5
38486,2
38487,3
38489,5
38490,11
38492,2
38493,1
38496,12
38500,1
38502,6
38503,8
38505,2
38506,6
38508,2
38509,13
38512,6
38515,10
38516,4
38518,1
38519,1
38521,7
38522,8
38524,2
38525,5
38528,9
38531,3
38532,1
38534,6
38535,3
38537,7
38538,4
38541,11
38544,2
38547,5
38548,1
38551,1
38553,5
38554,6
38557,1
38560,11
38563,6
38564,1
38566,10
38567,5
38569,4
38570,4
38572,2
38573,10
38576,10
38579,11
38580,3
38582,6
38583,1
38585,4
38586,10
38588,2
38589,5
38592,9
38595,5
38596,1
38598,6
38599,5
38602,1
38604,4
38605,19
38608,8
38611,5
38612,1
38614,4
38615,4
38617,5
38618,4
38620,3
38621,3
38624,10
38627,5
38630,6
38631,8
38633,3
38634,1
38636,1
38637,8
38640,8
38643,6
38644,1
38646,5
38647,3
38649,7
38650,7
38652,1
38653,5
38656,7
38659,6
38660,2
38662,2
38663,1
38665,4
38666,1
38668,2
38669,13
38672,3
38675,5
38676,1
38678,2
38679,2
38681,2
38682,6
38684,2
38685,2
38688,13
38691,2
38692,3
38694,5
38695,3
38697,3
38698,3
38700,1
38701,11
38704,5
38707,10
38708,2
38710,1
38711,3
38713,4
38714,6
38720,16
38723,3
38724,1
38726,8
38727,7
38729,2
38730,2
38732,1
38733,8
38736,6
38739,18
38740,3
38742,5
38743,3
38745,2
38746,6
38748,4
38749,1
38752,11
38755,4
38756,2
38758,5
38759,2
38761,3
38762,5
38764,3
38765,8
38768,7
38771,13
38772,4
38774,1
38775,1
38777,5
38778,9
38780,1
38781,3
38784,11
38787,6
38788,1
38790,9
38791,7
38793,4
38794,6
38796,4
38797,9
38800,9
38803,3
38804,2
38806,5
38807,1
38809,6
38810,6
38812,3
38813,10
38816,21
38819,3
38820,1
38822,8
38823,2
38826,3
38828,2
38829,15
38832,7
38835,5
38836,2
38838,6
38839,6
38841,3
38842,10
38845,3
38848,17
38851,2
38852,2
38854,6
38855,5
38858,3
38860,2
38861,9
38864,8
38867,9
38868,1
38870,2
38871,3
38873,5
38874,3
38876,2
38877,3
38880,14
38883,4
38884,2
38886,6
38887,1
38889,3
38890,6
38892,1
38893,13
38896,13
38899,17
38900,2
38902,3
38903,2
38905,4
38906,12
38908,3
38909,4
38912,10
38915,9
38916,1
38918,2
38919,3
38922,2
38924,1
38925,8
38928,8
38931,6
38932,2
38934,5
38935,3
38937,7
38938,9
38940,1
38941,5
38944,12
38947,2
38948,2
38950,5
38951,7
38953,1
38954,4
38956,4
38957,10
38960,2
38963,7
38964,4
38966,5
38969,4
38970,6
38972,2
38973,9
38976,10
38979,3
38980,1
38982,8
38983,8
38986,5
38988,1
38989,11
38992,6
38995,14
38998,4
38999,2
39001,5
39002,4
39004,1
39005,7
39008,14
39011,5
39012,1
39014,7
39015,5
39018,4
39021,8
39024,12
39027,5
39028,1
39030,1
39031,2
39033,4
39034,9
39037,2
39040,9
39043,6
39044,2
39046,5
39047,5
39049,1
39050,4
39052,4
39053,8
39056,7
39059,5
39060,1
39062,5
39063,6
39065,6
39066,2
39068,1
39069,6
39072,10
39075,4
39076,1
39078,10
39079,7
39081,4
39082,2
39084,1
39085,9
39088,7
39091,11
39092,4
39094,2
39095,1
39097,5
39098,11
39100,1
39101,6
39104,13
39107,4
39108,2
39110,4
39111,6
39114,5
39116,3
39117,17
39120,5
39123,14
39126,9
39129,2
39130,5
39132,3
39133,4
39136,18
39139,5
39140,3
39142,5
39143,2
39145,2
39146,1
39149,10
39152,2
39155,10
39156,3
39158,2
39159,2
39161,2
39162,7
39164,1
39165,6
39168,7
39171,7
39174,6
39175,5
39177,4
39178,3
39180,3
39181,12
39184,9
39187,5
39188,2
39190,2
39191,2
39193,8
39194,8
39196,1
39197,8
39200,5
39203,6
39204,1
39206,7
39207,3
39209,5
39210,4
39212,2
39213,8
39216,3
39219,10
39222,6
39223,1
39225,4
39226,7
39228,1
39229,4
39232,8
39235,2
39238,5
39239,5
39241,2
39242,3
39244,3
39245,6
39248,7
39251,7
39252,5
39254,2
39255,4
39257,5
39258,8
39260,1
39261,2
39264,9
39267,2
39270,10
39271,4
39273,1
39274,5
39276,1
39277,13
39280,2
39283,11
39284,5
39286,3
39287,1
39289,8
39290,8
39292,2
39293,2
39296,8
39299,4
39300,1
39302,7
39303,5
39305,2
39306,4
39308,1
39309,7
39312,4
39315,14
39316,3
39318,4
39319,2
39321,5
39322,3
39324,1
39325,3
39328,9
39331,6
39332,2
39334,8
39335,7
39337,1
39338,2
39340,1
39341,8
39344,3
39347,4
39348,1
39350,3
39351,2
39353,3
39354,3
39356,1
39357,5
39360,9
39363,7
39366,6
39367,5
39369,5
39370,2
39372,2
39373,16
39376,3
39379,12
39380,1
39382,4
39383,1
39385,2
39386,6
39388,4
39389,6
39392,10
39395,1
39396,2
39398,6
39399,3
39401,2
39402,5
39404,2
39405,9
39408,5
39411,8
39415,1
39417,3
39418,5
39420,1
39421,2
39424,16
39427,3
39428,4
39430,4
39431,4
39433,3
39434,4
39436,2
39437,9
39440,2
39443,5
39444,2
39446,8
39447,4
39449,5
39450,5
39453,6
39456,10
39459,5
39460,1
39462,12
39463,4
39465,2
39466,4
39468,4
39469,5
39472,7
39475,9
39476,2
39478,5
39479,1
39481,4
39482,3
39484,1
39485,4
39488,4
39491,8
39494,4
39495,2
39497,3
39498,6
39500,1
39501,8
39504,7
39507,11
39508,2
39510,5
39511,3
39514,3
39516,1
39517,3
39520,10
39523,5
39524,4
39526,5
39529,2
39532,1
39533,9
39536,6
39539,8
39540,1
39542,3
39543,4
39545,3
39546,4
39549,4
39552,15
39555,6
39556,1
39558,2
39559,4
39561,1
39565,8
39568,4
39571,11
39572,1
39574,5
39575,2
39577,1
39578,4
39580,2
39581,6
39584,12
39587,1
39588,1
39590,5
39591,1
39593,1
39596,3
39597,11
39600,3
39603,8
39604,4
39606,5
39607,2
39609,5
39610,5
39612,1
39613,6
39616,9
39619,2
39620,1
39622,2
39623,4
39625,2
39626,3
39628,4
39629,5
39632,4
39635,9
39636,1
39638,4
39639,2
39641,6
39642,2
39645,6
39648,9
39651,5
39654,7
39655,3
39657,2
39658,1
39660,4
39661,5
39664,7
39667,6
39668,1
39671,3
39673,3
39674,7
39677,1
39680,6
39683,4
39686,4
39687,1
39689,2
39690,2
39692,2
39693,3
39696,6
39699,4
39700,2
39702,2
39703,2
39705,3
39706,5
39709,4
39712,10
39715,4
39716,1
39718,9
39719,5
39721,2
39722,5
39724,2
39725,5
39728,2
39731,3
39732,3
39734,2
39735,1
39737,2
39738,6
39740,1
39741,5
39744,5
39747,2
39748,3
39750,1
39751,1
39753,1
39754,3
39756,3
39757,6
39760,6
39763,6
39764,2
39766,3
39769,1
39770,3
39776,6
39779,7
39780,1
39782,2
39783,5
39788,1
39789,8
39792,3
39795,4
39796,3
39798,5
39799,1
39801,3
39802,6
39804,2
39805,2
39808,6
39811,4
39812,2
39814,4
39815,4
39817,2
39818,2
39820,2
39821,9
39824,7
39827,12
39828,3
39831,2
39833,4
39834,7
39837,2
39840,13
39843,1
39844,1
39846,5
39847,3
39849,2
39850,3
39852,1
39853,9
39856,3
39859,6
39860,3
39862,4
39863,1
39865,1
39866,1
39868,2
39869,5
39872,7
39875,1
39876,1
39878,9
39881,1
39882,3
39885,8
39888,3
39891,1
39894,1
39895,1
39897,5
39898,6
39900,1
39901,1
39904,8
39907,2
39908,1
39910,4
39911,3
39913,1
39914,3
39916,5
39917,5
39920,2
39923,5
39924,3
39926,4
39929,1
39930,7
39932,2
39933,1
39936,8
39939,3
39942,5
39943,2
39945,1
39946,3
39948,2
39949,9
39952,4
39955,6
39958,3
39961,1
39962,2
39964,1
39965,1
39968,6
39971,2
39974,8
39975,3
39977,3
39978,1
39980,1
39981,1
39984,3
39987,2
39988,2
39990,4
39991,5
39993,1
39994,5
39996,2
39997,1
40000,7
40003,2
40004,2
40006,7
40007,2
40009,2
40010,1
40012,1
40013,4
40016,5
40019,5
40020,1
40022,5
40023,1
40025,3
40026,1
40029,2
40032,9
40035,1
40038,1
40039,2
40041,4
40042,6
40045,3
40048,2
40051,4
40052,1
40054,3
40055,1
40057,3
40058,8
40060,1
40061,1
40064,3
40067,2
40068,1
40070,4
40071,4
40073,1
40074,3
40076,1
40077,5
40080,6
40083,5
40084,1
40086,4
40087,1
40089,1
40090,1
40093,1
40096,6
40099,3
40102,6
40103,3
40106,1
40108,2
40109,2
40112,3
40115,4
40116,4
40118,1
40119,3
40121,2
40122,3
40124,1
40125,2
40128,5
40131,3
40132,3
40134,2
40140,2
40141,11
40144,1
40147,6
40150,1
40151,2
40153,1
40154,2
40157,3
40160,10
40163,4
40166,7
40167,2
40169,1
40170,2
40172,1
40173,3
40176,2
40179,2
40180,1
40183,1
40185,2
40186,1
40189,3
40192,2
40195,2
40196,2
40198,1
40199,3
40202,3
40204,1
40205,2
40208,3
40211,4
40214,1
40215,1
40217,1
40218,3
40221,2
40224,8
40227,3
40228,1
40230,1
40231,2
40234,2
40236,3
40237,3
40240,2
40243,5
40244,1
40246,1
40249,1
40250,2
40252,1
40253,1
40256,3
40259,1
40260,1
40265,1
40268,2
40269,4
40272,7
40275,5
40276,1
40278,3
40281,3
40282,2
40284,1
40285,2
40288,10
40291,3
40294,4
40297,2
40298,1
40300,2
40301,7
40304,1
40307,1
40308,3
40313,4
40314,3
40317,3
40320,8
40323,1
40326,4
40327,3
40330,2
40333,3
40336,4
40339,2
40342,1
40343,2
40345,2
40346,4
40348,1
40349,5
40352,9
40355,1
40356,1
40358,2
40359,2
40365,2
40368,6
40371,6
40372,1
40375,1
40377,5
40378,4
40380,2
40381,5
40384,6
40387,2
40390,1
40393,1
40396,1
40397,5
40400,5
40403,5
40404,1
40406,3
40409,1
40410,6
40413,4
40416,4
40419,5
40420,2
40422,3
40423,2
40425,1
40426,1
40428,2
40429,3
40432,1
40435,3
40436,2
40438,2
40439,1
40441,2
40442,4
40445,6
40448,9
40451,3
40452,1
40454,1
40458,1
40460,1
40461,4
40464,4
40467,6
40470,1
40471,3
40473,2
40474,1
40477,6
40480,7
40483,3
40486,6
40487,1
40489,2
40493,7
40496,3
40499,5
40500,1
40505,3
40506,2
40508,1
40512,3
40515,1
40518,2
40519,2
40522,2
40525,2
40528,5
40531,10
40532,1
40535,2
40537,3
40538,7
40540,1
40541,1
40544,6
40547,1
40548,1
40550,2
40551,1
40557,2
40560,2
40563,5
40564,1
40566,1
40567,1
40569,3
40570,5
40573,1
40576,6
40579,5
40582,2
40583,2
40588,2
40589,4
40592,4
40595,3
40596,2
40598,1
40601,2
40602,2
40605,4
40608,11
40611,2
40612,1
40614,5
40615,1
40617,1
40621,4
40624,1
40627,1
40630,2
40633,3
40634,7
40637,1
40640,5
40643,2
40644,1
40646,1
40647,2
40649,2
40650,1
40652,2
40653,2
40656,1
40660,1
40662,3
40663,2
40665,2
40666,1
40672,5
40675,2
40678,3
40679,1
40681,1
40682,1
40684,1
40685,3
40688,5
40691,5
40692,2
40694,1
40695,1
40697,4
40701,4
40704,6
40707,4
40710,7
40711,3
40713,2
40717,4
40720,2
40723,2
40724,1
40727,1
40729,5
40730,6
40733,2
40736,3
40742,1
40743,1
40746,1
40749,5
40752,2
40755,5
40759,1
40761,2
40762,5
40765,4
40768,10
40771,1
40774,2
40775,3
40777,1
40778,3
40781,4
40784,2
40787,8
40788,1
40791,3
40793,2
40794,4
40797,3
40800,7
40803,2
40806,2
40807,1
40809,2
40810,2
40812,1
40813,5
40816,3
40819,2
40820,1
40822,2
40825,2
40826,3
40832,6
40835,3
40838,4
40839,2
40841,2
40845,5
40848,1
40852,1
40854,1
40855,1
40857,2
40858,2
40861,1
40864,6
40867,5
40870,5
40871,2
40873,1
40874,2
40876,1
40877,6
40880,1
40883,2
40884,4
40887,1
40889,2
40890,2
40893,1
40896,3
40899,1
40902,3
40903,3
40905,1
40906,1
40909,5
40912,4
40915,1
40916,1
40919,1
40921,2
40922,4
40925,3
40928,7
40931,5
40932,1
40934,4
40935,3
40937,2
40938,1
40944,1
40947,5
40948,3
40950,2
40951,1
40953,2
40954,2
40956,2
40957,3
40960,4
40963,4
40964,2
40966,3
40967,2
40970,1
40973,5
40976,2
40979,7
40980,2
40982,5
40983,1
40985,1
40986,6
40989,4
40992,7
40995,3
40998,8
40999,3
41004,1
41005,2
41008,2
41011,4
41015,1
41017,1
41018,5
41021,1
41024,6
41027,1
41030,3
41031,2
41034,1
41037,7
41040,2
41043,5
41046,1
41053,3
41056,5
41059,1
41062,5
41063,1
41065,2
41066,3
41068,3
41069,6
41072,5
41075,2
41078,1
41081,1
41082,2
41085,1
41088,5
41091,3
41094,2
41095,2
41097,1
41098,1
41101,6
41104,1
41107,8
41113,2
41114,4
41116,1
41117,3
41120,4
41126,4
41127,1
41129,2
41130,2
41132,1
41133,4
41139,2
41140,1
41142,5
41143,1
41145,2
41146,2
41149,1
41152,7
41155,3
41158,5
41159,2
41162,1
41164,1
41165,8
41168,2
41171,3
41172,1
41174,2
41178,4
41181,2
41184,3
41187,1
41190,6
41191,2
41193,1
41197,6
41200,5
41203,5
41204,1
41209,3
41210,2
41213,1
41216,2
41219,1
41222,6
41226,2
41228,1
41229,2
41232,3
41235,5
41239,1
41241,2
41242,6
41245,2
41248,2
41251,1
41254,4
41258,1
41260,1
41261,7
41264,3
41267,3
41268,1
41270,3
41271,2
41273,2
41274,1
41276,1
41277,2
41280,3
41283,4
41286,2
41289,2
41290,2
41293,4
41296,2
41299,1
41302,2
41306,4
41309,2
41312,8
41316,2
41318,3
41319,1
41321,1
41322,1
41325,4
41328,4
41331,6
41332,1
41334,1
41335,1
41337,1
41338,4
41341,1
41344,4
41347,2
41348,1
41350,1
41351,1
41357,3
41360,5
41363,5
41364,2
41366,2
41369,2
41370,2
41379,2
41383,3
41386,1
41392,1
41395,4
41398,2
41399,1
41401,1
41402,2
41408,1
41411,3
41412,1
41414,3
41415,1
41417,1
41418,1
41420,1
41424,3
41427,1
41428,1
41430,3
41431,1
41434,2
41436,1
41437,2
41440,6
41444,1
41446,2
41447,1
41449,1
41452,1
41453,4
41456,5
41459,6
41460,1
41463,1
41466,4
41469,1
41472,3
41475,1
41478,1
41479,3
41481,1
41482,3
41484,1
41485,2
41488,2
41491,2
41492,2
41494,3
41497,2
41498,3
41501,1
41504,3
41507,4
41510,2
41517,2
41520,2
41523,2
41526,1
41527,1
41529,1
41530,2
41533,1
41536,4
41539,1
41542,2
41543,1
41545,1
41546,2
41548,2
41549,5
41552,2
41555,3
41558,1
41559,2
41561,5
41562,2
41565,1
41568,2
41571,1
41574,2
41577,1
41578,4
41581,5
41584,1
41587,3
41590,2
41591,2
41593,1
41594,3
41597,1
41600,2
41603,3
41604,1
41606,1
41609,2
41612,2
41613,5
41616,5
41620,1
41622,1
41623,1
41626,2
41629,2
41632,3
41635,1
41638,3
41639,2
41641,1
41642,1
41645,4
41648,2
41651,1
41658,3
41660,1
41661,1
41664,8
41670,1
41671,1
41673,7
41674,1
41677,2
41680,4
41683,3
41686,1
41690,1
41692,2
41693,1
41696,4
41699,2
41700,1
41702,4
41705,1
41715,3
41718,2
41722,1
41725,3
41728,7
41734,2
41735,2
41737,1
41741,3
41747,2
41748,1
41754,4
41757,1
41760,2
41763,1
41770,3
41773,5
41776,1
41779,4
41782,1
41783,1
41786,1
41789,1
41792,2
41795,1
41801,1
41805,3
41808,1
41811,3
41817,1
41818,4
41821,1
41824,3
41827,1
41830,2
41831,1
41833,1
41837,2
41843,1
41844,1
41846,2
41849,2
41850,1
41852,1
41853,1
41856,4
41859,1
41863,2
41865,2
41866,1
41868,1
41869,3
41872,2
41875,2
41878,1
41881,2
41882,3
41885,1
41888,2
41891,2
41892,1
41894,2
41897,1
41901,2
41904,1
41907,2
41910,1
41913,1
41917,1
41920,1
41929,1
41930,3
41933,3
41939,2
41940,2
41946,1
41948,1
41952,2
41956,1
41958,1
41959,1
41962,1
41964,1
41965,4
41975,1
41984,2
41987,1
41990,3
41991,1
41993,1
41997,1
42000,1
42003,2
42004,1
42010,1
42016,2
42022,1
42023,2
42026,1
42029,1
42032,1
42042,2
42045,1
42048,2
42051,2
42054,3
42060,1
42061,1
42064,2
42067,2
42070,1
42086,1
42089,1
42090,1
42099,3
42103,1
42105,1
42106,2
42108,1
42115,1
42116,1
42118,1
42119,1
42121,2
42124,2
42125,3
42131,1
42132,1
42138,1
42140,2
42144,3
42147,1
42148,2
42153,1
42157,1
42160,1
42163,3
42166,1
42169,2
42170,1
42173,2
42176,1
42182,4
42189,1
42195,1
42199,1
42208,1
42218,1
42220,1
42221,1
42224,2
42228,1
42231,1
42240,4
42243,1
42246,1
42250,1
42259,3
42263,1
42265,2
42272,1
42278,1
42279,1
42282,1
42288,2
42291,2
42292,1
42294,1
42295,1
42298,2
42301,1
42310,1
42311,1
42317,2
42320,2
42323,1
42333,1
42336,2
42339,1
42346,1
42352,1
42355,4
42361,1
42365,1
42368,1
42374,2
42384,1
42390,1
42394,1
42397,1
42406,1
42410,1
42422,1
42425,1
42426,1
42432,2
42435,1
42438,1
42445,1
42448,1
42455,1
42460,1
42464,1
42467,1
42470,2
42476,1
42480,2
42483,3
42490,1
42493,1
42496,1
42502,2
42506,1
42509,2
42512,2
42515,1
42522,1
42525,1
42528,1
42535,1
42538,1
42541,4
42544,2
42556,1
42566,1
42576,1
42582,1
42586,2
42592,2
42596,1
42598,1
42599,1
42601,2
42618,1
42620,1
42624,2
42630,1
42640,1
42653,1
42656,5
42663,2
42665,3
42669,1
42675,1
42678,1
42682,1
42688,2
42691,1
42692,1
42697,1
42707,1
42714,1
42727,1
42736,1
42749,2
42755,1
42762,1
42790,3
42800,1
42803,1
42810,1
42816,1
42819,2
42828,1
42841,1
42848,1
42854,1
42860,1
42861,1
42867,1
42886,1
42892,1
42893,2
42896,1
42902,1
42912,1
42915,1
42918,1
42921,1
42925,2
42941,1
42944,1
42950,1
42957,1
42973,1
42976,1
42979,1
43004,1
43008,1
43015,1
43024,1
43031,1
43036,1
43040,1
43056,1
43059,1
43072,1
43101,1
43110,1
43120,1
43136,1
43152,1
43162,2
43168,1
43177,1
43184,1
43190,1
43194,1
43207,1
43213,2
43235,1
43254,1
43264,1
43287,1
43296,1
43315,1
43354,2
43357,1
43360,1
43367,1
43373,1
43376,1
43388,1
43424,1
43427,1
43430,1
43434,1
43437,1
43440,1
43443,1
43456,1
43504,1
43558,1
43575,1
43593,1
43642,1
43652,1
43667,1
43668,1
43674,1
43680,1
43683,1
43686,1
43700,1
43706,1
43725,1
43757,1
43772,1
43789,1
43827,1
43836,1
43840,1
43904,1
43926,1
43936,1
43975,1
43984,1
43993,1
44003,1
44009,1
44016,1
44064,1
44144,1
44150,1
44170,1
44179,1
44186,1
44218,1
44243,1
44291,1
44378,1
44409,1
44445,1
44531,1
44569,1
44714,1
44774,1
44899,1
45152,1
45171,1
45187,1
45200,1
45344,1
45363,1
45427,1
45465,1
45482,1
45510,1
45587,1
45639,1
45747,1
45824,1
45830,1
45933,1
45977,1
46074,1
46093,1
46102,1
46132,1
46330,1
46458,1
46483,1
46490,1
46509,1
46627,1
46681,1
46768,1
46823,1
46848,1
46909,1
47334,1
47338,1
47369,1
47376,1
47783,1
48352,1
48515,1
49082,1
49414,1
49447,1
49680,1
49792,1
49821,1
49860,1
49936,1
50061,1
50080,1
50266,1
50269,1
50301,1
50342,1
51104,1
51328,1
51392,1
51645,1
51805,1
52134,1
52934,1
53190,1
53747,1
53840,1
54035,1
54426,1
54515,1
54963,1
55181,1
55574,1
56266,1
56493,1
56832,1
57251,1
57654,1
58035,1
58036,1
58064,1
58262,1
58439,1
59693,1
60506,1
60576,1
60714,1
61501,1
61565,1
61590,1
61801,1
61917,1
62489,1
62928,1
63706,1
64211,1
64953,1
65095,1
65107,1
66064,1
67303,1
67561,1
67590,1
68352,1
68461,1
68665,1
69312,1
69511,1
69718,1
70119,1
70237,1
70413,1
70707,1
70713,1
71488,1
71738,1
72572,1
72684,1
72836,1
72937,1
74067,1
74470,1
75008,1
75763,1
76720,1
76752,1
76806,1
76816,1
77440,1
77958,1
78352,1
79520,1
80720,1
82458,1
82483,1
82707,1
82976,1
82979,1
84976,1
85129,1
85876,1
86035,1
86256,1
86259,1
86406,1
87184,1
87469,1
87626,1
88135,1
88378,1
88634,1
89559,1
89600,1
89744,1
90137,1
91700,1
91747,1
91773,1
92499,1
92736,1
93216,1
93357,1
93421,1
94260,1
94621,1
95069,1
95111,1
95526,1
96343,1
96707,1
97012,1
97222,1
97450,1
97481,1
97805,1
98231,1
98464,1
98528,1
98694,1
99123,1
99184,1
99232,1
99894,1
101066,1
102131,1
102381,1
102726,1
102954,1
103052,1
103082,1
103616,1
104118,1
104730,1
104765,1
105651,1
105827,1
106624,1
106742,1
106784,1
107145,1
108410,1
108470,1
108602,1
108970,1
109050,1
109220,1
109536,1
109856,1
110285,1
111699,1
113236,1
115846,1
115939,1
116419,1
116678,1
116889,1
117510,1
118521,1
118820,1
119116,1
122359,1
123168,1
123404,1
123500,1
124365,1
125040,1
128121,1
128442,1
129722,1
129955,1
130291,1
131699,1
132259,1
133024,1
133478,1
133510,1
133594,1
133735,1
133798,1
135270,1
135955,1
136787,1
137696,1
139536,1
139757,1
141114,1
141671,1
141715,1
141882,1
143693,1
144172,1
144967,1
145674,1
145689,1
146749,1
146816,1
147011,1
147168,1
149616,1
150224,1
152704,1
153056,1
155674,1
156256,1
159232,1
160537,1
162867,1
163043,1
163244,1
163828,1
164403,1
164931,1
165561,1
165860,1
166099,1
166336,1
166589,1
168649,1
170505,1
171181,1
172058,1
172589,1
175011,1
175494,1
175744,1
176173,1
177421,1
181274,1
182496,1
182963,1
183161,1
183948,1
186087,1
187430,1
188077,1
189002,1
189760,1
194518,1
195328,1
200807,1
205130,1
206429,1
207661,1
207798,1
210618,1
211107,1
211226,1
211398,1
212324,1
212442,1
213683,1
214932,1
216653,1
218976,1
220429,1
223232,1
224134,1
224884,1
228656,1
234336,1
235831,1
236608,1
236682,1
237728,1
238189,1
239209,1
240077,1
241082,1
241766,1
241977,1
243994,1
244809,1
245632,1
249683,1
250630,1
251092,1
252454,1
252602,1
253831,1
254502,1
255644,1
255958,1
257539,1
263802,1
264016,1
264153,1
265622,1
265958,1
266172,1
268601,1
268973,1
271945,1
272915,1
273312,1
274384,1
275485,1
278554,1
279993,1
282087,1
287520,1
287968,1
288425,1
290541,1
291184,1
293223,1
294249,1
295673,1
295724,1
296947,1
298810,1
300800,1
302791,1
302902,1
305223,1
306109,1
307408,1
308310,1
310119,1
310336,1
312768,1
316781,1
320147,1
320787,1
333895,1
337011,1
340199,1
340256,1
342662,1
351478,1
352023,1
356941,1
357020,1
358406,1
360855,1
369328,1
377792,1
379868,1
380758,1
386445,1
388499,1
392375,1
396666,1
397085,1
399386,1
400986,1
402906,1
406445,1
411718,1
414848,1
415661,1
415959,1
417207,1
417779,1
422272,1
423801,1
424832,1
430470,1
435001,1
439232,1
439479,1
444096,1
445958,1
447404,1
451716,1
454643,1
456730,1
464135,1
464310,1
465773,1
470119,1
470362,1
474806,1
477414,1
483142,1
483946,1
486880,1
488326,1
496598,1
500627,1
504160,1
506323,1
506477,1
511693,1
518320,1
519962,1
521491,1
523446,1
524243,1
524684,1
525113,1
525606,1
527437,1
531129,1
531302,1
532755,1
547712,1
551901,1
553699,1
553927,1
554349,1
570953,1
575136,1
578880,1
584237,1
585012,1
589849,1
612387,1
645190,1
653415,1
661248,1
674330,1
722656,1
735606,1
736550,1
741949,1
748169,1
748339,1
761856,1
763235,1
766746,1
779501,1
794093,1
799738,1
806640,1
811862,1
827069,1
829747,1
837805,1
846615,1
853312,1
856452,1
857818,1
873735,1
876301,1
883715,1
895773,1
913286,1
951085,1
986841,1
997443,1
1008016,1
1020019,1
1025113,1
1055014,1
1096147,1
1166006,1
1203571,1
1213216,1
1222989,1
1226135,1
1234877,1
1243312,1
1259466,1
1292522,1
1312000,1
1314928,1
1346950,1
1383197,1
1392199,1
1459366,1
1489482,1
1543188,1
1576614,1
1580739,1
1621143,1
1676013,1
1676858,1
1687888,1
1689434,1
1718659,1
1721760,1
1743421,1
1793689,1
1855961,1
1856538,1
1858669,1
1859360,1
1878643,1
1900281,1
1901513,1
1903079,1
1908240,1
1925082,1
1930931,1
1955412,1
1959750,1
1966400,1
1966835,1
1975075,1
1975488,1
1978464,1
1983514,1
1993235,1
1997299,1
2017747,1
2032483,1
2051712,1
2099398,1
2104192,1
2111129,1
2129747,1
2144006,1
2259814,1
2287360,1
2309284,1
2320915,1
2325392,1
2384230,1
2418816,1
2516227,1
2529113,1
2615232,1
2686189,1
2691437,1
2752285,1
2754372,1
2820964,1
2844691,1
2902023,1
2913168,1
2935840,1
2981620,1
2981716,1
3011904,1
3015145,1
3023459,1
3041516,1
3148557,1
3153091,1
3164157,1
3372506,1
3389014,1
3453683,1
3596982,1
3683309,1
3703049,1
3823369,1
3855469,1
3865894,1
3875846,1
3889606,1
3990636,1
4013907,1
4034499,1
4040761,1
4238397,1
4256672,1
4356812,1
4370451,1
4497785,1
4626342,1
4636678,1
4692595,1
5063162,1
5257421,1
5547670,1
5653907,1
6080601,1
7430390,1
