# Samples: 31095, Average: 56257.5 ns, StdDev: 82592.8 ns, Quartiles: 50151.0/53780.0/58208.0 ns
40297,1
41165,1
41203,1
41277,1
41347,1
41657,1
41738,1
41783,1
41926,1
42000,1
42048,1
42058,1
42060,1
42096,1
42112,1
42140,1
42144,1
42179,1
42215,1
42220,1
42221,2
42233,1
42323,1
42336,1
42361,1
42368,1
42406,1
42422,1
42426,1
42483,1
42490,1
42505,1
42512,1
42515,1
42560,1
42579,1
42592,1
42605,1
42611,1
42615,1
42631,1
42659,1
42663,1
42682,1
42732,1
42755,1
42759,2
42784,1
42787,1
42820,1
42829,1
42832,1
42848,1
42861,1
42867,1
42906,3
42931,1
42941,1
42964,1
42970,1
42976,3
42983,1
42985,1
43002,1
43017,1
43021,1
43033,1
43034,1
43056,1
43065,1
43076,1
43085,1
43091,2
43098,1
43104,1
43136,3
43145,1
43149,2
43155,1
43165,1
43168,1
43175,1
43197,1
43200,1
43226,1
43238,1
43245,1
43257,1
43280,1
43283,1
43296,1
43312,1
43319,1
43340,1
43341,2
43347,1
43354,1
43379,1
43389,1
43398,2
43408,1
43414,1
43427,1
43431,1
43437,1
43456,1
43462,1
43465,1
43466,1
43468,1
43469,2
43472,1
43485,1
43494,2
43507,2
43520,2
43526,1
43552,2
43556,2
43558,1
43564,1
43571,2
43574,1
43584,1
43587,1
43591,1
43597,1
43603,1
43606,1
43609,1
43612,1
43623,1
43632,1
43635,1
43639,1
43641,1
43642,2
43661,1
43683,1
43687,1
43689,1
43693,1
43699,1
43715,1
43725,2
43735,1
43738,1
43741,1
43744,3
43747,1
43748,1
43764,1
43769,1
43776,1
43789,2
43792,1
43798,1
43802,1
43811,1
43818,1
43824,1
43827,2
43828,2
43831,1
43843,2
43847,1
43852,1
43853,2
43860,1
43866,2
43869,1
43872,2
43882,1
43898,1
43904,1
43907,1
43920,1
43923,1
43927,1
43942,1
43945,1
43952,1
43955,1
43958,1
43965,2
43974,2
43981,1
43987,1
43988,1
44000,1
44012,2
44016,1
44019,1
44020,1
44025,1
44029,1
44032,2
44038,2
44039,1
44044,1
44045,1
44051,1
44061,1
44064,3
44077,1
44080,1
44083,1
44096,2
44109,1
44112,1
44115,1
44116,1
44121,2
44125,1
44135,1
44137,1
44138,1
44141,2
44144,1
44153,1
44154,1
44157,1
44166,1
44169,2
44170,1
44173,1
44176,1
44179,1
44189,1
44195,1
44198,1
44208,1
44211,6
44217,2
44224,5
44231,2
44236,2
44240,1
44243,2
44250,1
44253,1
44256,4
44260,2
44272,1
44275,1
44279,1
44282,2
44285,2
44288,1
44295,1
44300,1
44301,1
44307,1
44308,1
44313,1
44314,2
44320,1
44326,1
44339,2
44359,2
44374,1
44375,1
44377,2
44378,2
44381,1
44384,1
44390,1
44391,3
44394,1
44403,3
44409,2
44412,1
44413,1
44416,5
44419,2
44422,1
44425,1
44429,1
44435,2
44438,1
44442,1
44445,1
44452,1
44461,3
44467,3
44474,3
44477,1
44480,1
44486,1
44493,2
44499,1
44500,2
44502,1
44506,2
44512,1
44518,1
44522,1
44525,1
44534,1
44535,1
44537,1
44544,1
44550,2
44554,1
44556,1
44557,1
44560,1
44566,2
44567,1
44570,2
44573,1
44576,2
44579,1
44582,1
44586,1
44592,1
44598,1
44604,1
44605,1
44608,3
44615,1
44620,1
44621,5
44627,1
44634,1
44640,4
44646,2
44647,1
44653,2
44656,1
44659,1
44662,2
44665,1
44666,1
44668,1
44672,2
44678,1
44679,1
44685,1
44691,2
44692,1
44697,1
44700,1
44701,1
44704,3
44707,3
44710,3
44714,1
44717,2
44723,4
44729,1
44730,2
44733,1
44736,1
44742,1
44749,1
44752,1
44762,3
44768,2
44771,1
44774,1
44781,2
44787,1
44788,1
44790,2
44800,1
44806,4
44807,1
44813,1
44816,1
44819,1
44820,1
44825,1
44836,1
44838,1
44844,1
44845,4
44848,1
44851,1
44852,1
44858,1
44861,1
44864,6
44867,2
44870,1
44876,2
44880,1
44884,1
44889,1
44896,4
44899,2
44905,1
44908,1
44909,1
44912,2
44915,1
44918,1
44921,2
44922,1
44925,1
44932,1
44935,1
44941,3
44944,3
44947,3
44950,1
44951,1
44953,1
44954,1
44957,1
44963,2
44966,3
44969,1
44976,2
44979,1
44980,2
44982,1
44986,3
44992,2
44995,1
44998,2
44999,1
45004,1
45005,1
45008,1
45011,4
45014,1
45017,1
45018,2
45021,1
45024,3
45027,2
45028,1
45030,2
45033,1
45037,1
45043,2
45044,1
45046,1
45049,1
45053,1
45056,4
45062,1
45063,1
45069,2
45075,2
45076,1
45078,1
45079,1
45081,1
45082,2
45088,5
45091,1
45092,1
45094,3
45097,1
45098,1
45100,1
45101,3
45104,3
45107,2
45108,2
45113,3
45114,1
45117,1
45120,2
45123,1
45126,6
45127,3
45129,1
45130,1
45139,1
45145,1
45146,1
45152,3
45158,1
45165,3
45168,4
45171,1
45177,1
45181,1
45184,2
45188,1
45190,1
45191,2
45193,2
45194,1
45197,2
45200,2
45203,1
45204,2
45210,1
45213,1
45216,3
45219,1
45222,2
45223,1
45229,2
45232,2
45235,1
45238,2
45241,2
45242,2
45248,4
45251,1
45252,2
45254,3
45255,1
45258,2
45261,3
45264,2
45267,2
45268,2
45270,2
45274,1
45280,2
45283,1
45284,1
45286,1
45287,1
45290,3
45292,1
45293,2
45299,4
45300,1
45303,1
45305,1
45306,1
45308,1
45312,2
45316,1
45319,2
45322,1
45325,2
45331,2
45332,1
45334,2
45337,2
45338,3
45347,1
45350,2
45351,1
45354,1
45357,4
45360,1
45363,3
45364,1
45366,2
45370,2
45372,1
45376,4
45379,1
45382,1
45388,2
45392,3
45396,1
45398,2
45401,1
45402,2
45405,1
45408,7
45411,1
45414,4
45415,3
45418,1
45421,3
45424,4
45428,1
45430,1
45431,1
45433,1
45434,4
45437,3
45440,2
45446,2
45447,2
45452,1
45456,4
45459,1
45465,1
45472,1
45478,1
45479,1
45481,1
45485,2
45491,4
45494,1
45500,1
45501,1
45504,4
45510,2
45511,4
45513,1
45516,1
45517,1
45520,1
45523,2
45530,1
45532,1
45533,3
45536,2
45539,1
45542,1
45543,1
45545,1
45546,1
45549,1
45552,1
45555,3
45556,1
45558,1
45562,4
45571,1
45572,1
45578,2
45580,1
45581,3
45584,3
45587,3
45588,1
45590,1
45591,1
45593,2
45594,2
45596,1
45597,1
45600,3
45603,1
45606,3
45607,1
45612,1
45613,2
45616,3
45619,1
45620,1
45622,1
45625,1
45626,1
45629,2
45632,5
45635,1
45638,1
45642,1
45645,3
45648,1
45651,2
45652,1
45658,1
45661,3
45664,2
45670,1
45674,6
45676,1
45677,5
45680,3
45683,2
45686,1
45687,1
45689,3
45690,4
45693,1
45696,5
45699,1
45702,2
45703,2
45706,2
45708,1
45709,1
45712,3
45715,3
45718,3
45719,2
45721,1
45722,1
45728,4
45731,3
45734,1
45735,2
45737,2
45738,1
45740,1
45741,3
45744,3
45747,2
45748,3
45750,4
45751,1
45754,1
45757,1
45760,3
45766,2
45767,2
45770,1
45772,3
45773,4
45776,3
45779,4
45783,1
45785,2
45786,1
45792,2
45795,1
45796,2
45798,2
45799,2
45802,1
45804,2
45805,3
45808,2
45811,4
45812,1
45815,1
45817,4
45824,1
45827,1
45828,1
45830,2
45831,2
45834,4
45837,5
45840,3
45843,2
45846,1
45847,3
45849,1
45850,2
45853,2
45856,6
45859,2
45862,1
45863,3
45866,1
45869,4
45872,1
45875,3
45876,2
45878,1
45879,1
45881,2
45885,1
45888,2
45891,5
45894,2
45895,3
45897,1
45898,2
45901,2
45904,1
45907,2
45908,1
45910,1
45911,2
45914,1
45920,1
45924,2
45926,1
45927,2
45929,2
45933,3
45936,2
45939,6
45942,2
45943,1
45945,3
45946,2
45948,1
45949,2
45952,4
45955,1
45956,1
45958,3
45961,1
45962,2
45964,1
45965,4
45971,3
45972,1
45974,1
45978,4
45981,2
45984,5
45987,1
45990,3
45991,1
45993,1
45994,2
45997,7
46000,1
46003,6
46006,1
46007,2
46009,3
46010,1
46013,1
46016,3
46019,1
46020,3
46022,5
46026,1
46028,1
46029,3
46032,1
46035,3
46036,1
46038,4
46039,2
46042,2
46048,4
46052,2
46054,1
46055,2
46060,2
46061,4
46064,1
46067,4
46068,1
46070,1
46071,1
46073,1
46074,1
46080,4
46086,3
46087,2
46089,2
46090,4
46093,3
46096,1
46099,3
46105,2
46106,2
46108,1
46109,4
46112,5
46115,3
46118,2
46119,1
46121,2
46124,1
46125,2
46128,2
46131,4
46134,1
46135,1
46138,3
46140,1
46141,4
46144,6
46147,1
46150,5
46151,1
46153,1
46154,1
46156,1
46157,6
46163,2
46164,1
46166,2
46169,2
46170,4
46176,8
46179,1
46182,1
46185,1
46189,4
46195,2
46196,1
46198,2
46199,1
46201,3
46202,3
46205,3
46208,7
46211,4
46214,4
46215,5
46217,2
46218,2
46221,4
46224,1
46227,3
46228,1
46230,1
46231,3
46233,2
46234,2
46237,1
46240,5
46244,1
46246,5
46247,1
46250,1
46252,2
46253,3
46256,1
46259,4
46260,2
46262,2
46265,2
46266,1
46269,1
46272,3
46275,2
46278,7
46279,1
46282,2
46284,1
46285,2
46288,3
46291,3
46292,2
46294,2
46297,1
46301,1
46304,4
46307,2
46310,2
46311,1
46317,5
46320,1
46327,1
46329,2
46330,1
46332,1
46333,3
46336,5
46339,1
46340,1
46342,3
46343,1
46348,1
46349,3
46352,1
46355,3
46358,1
46361,3
46362,3
46364,1
46365,1
46368,5
46371,1
46372,1
46375,4
46377,1
46378,1
46381,5
46384,6
46387,4
46390,1
46391,1
46393,5
46394,2
46397,2
46400,8
46403,2
46407,2
46410,1
46412,1
46413,4
46419,4
46425,2
46426,3
46432,2
46438,1
46439,3
46442,2
46444,2
46445,6
46448,3
46451,2
46454,3
46457,1
46458,2
46460,1
46461,1
46464,2
46468,1
46470,4
46471,1
46473,2
46474,1
46476,4
46477,8
46480,4
46483,5
46486,1
46487,1
46489,2
46490,3
46493,3
46496,7
46499,5
46502,1
46503,2
46508,1
46509,2
46512,1
46515,3
46518,2
46519,2
46521,2
46522,2
46524,2
46525,1
46528,4
46531,1
46532,2
46534,1
46535,3
46538,2
46541,3
46547,3
46551,1
46553,3
46554,4
46557,5
46560,7
46566,4
46567,5
46570,3
46572,2
46573,5
46576,2
46580,1
46582,1
46585,3
46586,3
46589,2
46592,3
46595,1
46598,8
46599,3
46601,2
46604,1
46605,2
46608,3
46611,2
46612,1
46617,3
46618,3
46620,1
46621,2
46624,2
46627,2
46628,1
46631,3
46633,2
46634,4
46637,4
46640,2
46643,3
46646,1
46649,3
46650,6
46656,6
46659,1
46660,1
46662,1
46663,1
46666,1
46668,2
46669,2
46672,2
46675,2
46678,2
46679,1
46681,2
46682,2
46685,1
46688,7
46691,4
46694,2
46695,2
46698,3
46701,4
46704,2
46707,4
46713,1
46714,1
46716,1
46717,1
46720,2
46723,3
46726,6
46727,2
46729,2
46730,2
46733,5
46736,1
46739,3
46740,4
46742,1
46743,3
46745,4
46746,5
46749,2
46752,5
46755,1
46758,2
46759,4
46762,1
46764,1
46765,3
46768,2
46771,4
46774,2
46775,2
46777,2
46778,3
46781,4
46784,10
46787,1
46788,1
46790,1
46793,1
46797,3
46800,1
46803,2
46806,2
46809,3
46810,4
46812,1
46816,5
46819,1
46822,2
46823,2
46825,1
46826,1
46828,1
46829,1
46832,6
46835,4
46836,3
46838,1
46839,2
46841,3
46842,6
46845,3
46848,4
46851,1
46854,4
46855,1
46857,1
46861,3
46864,7
46867,1
46871,2
46873,1
46874,6
46877,2
46880,5
46883,3
46884,2
46886,2
46887,2
46889,1
46890,2
46893,4
46896,5
46899,7
46900,1
46902,1
46903,1
46905,1
46906,1
46908,1
46912,5
46915,1
46918,4
46919,3
46921,2
46925,2
46928,1
46931,7
46934,1
46937,1
46938,2
46941,7
46944,3
46947,1
46948,1
46950,3
46951,2
46954,2
46956,2
46957,6
46960,2
46963,6
46964,2
46966,3
46969,3
46970,4
46973,1
46976,7
46979,2
46982,3
46983,4
46985,2
46986,3
46989,6
46992,2
46995,1
46998,2
47001,1
47002,2
47004,2
47005,1
47008,4
47011,1
47014,2
47015,3
47017,1
47018,1
47020,2
47021,4
47024,2
47027,2
47030,2
47033,2
47034,3
47037,1
47040,4
47043,4
47046,3
47047,2
47049,2
47050,1
47052,1
47053,5
47056,3
47059,5
47060,2
47063,2
47065,2
47066,2
47069,2
47072,8
47075,1
47078,3
47079,3
47081,1
47082,2
47085,9
47088,2
47091,5
47092,1
47095,1
47097,1
47098,4
47100,1
47101,2
47104,3
47107,2
47110,2
47111,3
47113,2
47114,3
47116,5
47117,3
47120,1
47123,5
47124,1
47127,1
47129,2
47130,4
47133,1
47136,3
47139,2
47142,2
47143,2
47145,1
47146,2
47148,1
47149,3
47152,4
47155,7
47156,1
47158,1
47161,1
47162,2
47164,1
47165,4
47168,5
47171,1
47174,3
47175,3
47178,4
47180,1
47181,3
47184,2
47187,5
47190,2
47191,1
47193,2
47194,3
47196,1
47197,6
47200,7
47206,5
47207,3
47209,1
47210,2
47212,1
47213,9
47216,4
47219,8
47220,1
47222,1
47223,2
47225,2
47226,1
47228,3
47229,1
47232,1
47235,1
47238,4
47239,2
47241,2
47242,1
47245,7
47248,5
47251,1
47252,1
47254,2
47257,3
47258,3
47260,1
47264,7
47267,2
47268,1
47270,3
47271,2
47273,3
47274,1
47276,1
47277,3
47280,1
47283,3
47284,1
47286,2
47287,3
47289,3
47290,4
47293,1
47296,4
47299,2
47300,2
47302,11
47303,3
47305,3
47306,4
47308,1
47309,9
47312,2
47315,8
47316,1
47318,1
47321,1
47322,3
47325,2
47328,8
47331,1
47332,3
47334,4
47335,3
47338,1
47340,1
47341,2
47344,2
47347,2
47348,2
47350,2
47351,3
47353,1
47354,3
47356,1
47357,5
47360,3
47366,6
47367,4
47369,2
47373,10
47379,6
47383,3
47385,2
47386,4
47388,1
47389,2
47392,8
47395,2
47396,3
47398,3
47399,3
47404,1
47405,6
47408,3
47411,6
47412,1
47414,1
47415,1
47417,3
47418,3
47421,1
47424,3
47427,1
47430,3
47431,2
47433,1
47434,3
47437,4
47440,3
47443,3
47446,3
47449,3
47450,4
47456,10
47459,3
47460,1
47462,3
47463,2
47465,2
47466,1
47469,3
47472,4
47475,3
47476,1
47478,2
47479,1
47481,1
47482,1
47485,1
47488,7
47491,3
47494,5
47495,2
47497,1
47498,1
47500,1
47501,6
47504,3
47507,13
47508,2
47510,1
47511,1
47513,4
47517,2
47520,6
47523,1
47524,1
47526,5
47527,4
47529,1
47530,1
47532,2
47533,11
47536,4
47539,7
47542,1
47543,1
47545,4
47546,4
47548,1
47549,3
47552,9
47555,5
47558,6
47559,4
47561,2
47562,3
47564,1
47565,5
47568,1
47571,4
47572,2
47575,1
47577,3
47578,2
47584,6
47590,3
47591,3
47593,2
47594,2
47596,2
47597,8
47600,5
47603,6
47604,1
47609,3
47610,10
47612,1
47613,3
47616,7
47620,1
47622,3
47625,2
47626,1
47628,2
47629,7
47632,4
47635,8
47636,3
47638,2
47639,2
47641,1
47642,5
47645,2
47648,5
47651,1
47654,7
47655,6
47657,2
47658,1
47660,3
47661,9
47664,5
47667,4
47668,2
47670,1
47671,1
47674,4
47677,2
47680,6
47683,4
47686,5
47687,1
47689,3
47690,2
47692,1
47693,5
47696,5
47699,8
47700,3
47702,2
47703,2
47705,3
47706,6
47709,3
47712,6
47715,1
47718,3
47719,3
47721,1
47722,2
47724,1
47725,4
47728,6
47731,4
47732,1
47734,3
47737,3
47738,2
47740,1
47741,2
47744,9
47747,5
47750,2
47751,2
47753,1
47754,4
47756,1
47757,2
47760,2
47763,5
47766,1
47767,2
47769,4
47770,7
47776,8
47779,4
47782,3
47783,1
47785,1
47788,1
47789,5
47792,4
47795,2
47796,1
47799,1
47801,1
47802,4
47805,2
47808,7
47811,1
47812,4
47814,3
47815,1
47818,5
47820,1
47821,6
47824,2
47827,10
47828,1
47830,2
47831,1
47833,1
47834,3
47837,1
47840,11
47843,5
47846,7
47847,5
47849,2
47850,1
47852,2
47853,7
47856,4
47859,8
47860,2
47862,1
47863,2
47865,4
47866,6
47869,5
47872,8
47875,2
47878,4
47879,3
47881,3
47882,2
47884,1
47885,7
47888,5
47891,4
47892,2
47894,4
47895,1
47897,3
47898,2
47901,1
47904,10
47907,1
47910,5
47911,4
47913,1
47914,2
47916,2
47917,4
47920,3
47923,6
47924,2
47926,1
47929,4
47930,9
47933,3
47936,6
47939,5
47940,1
47942,2
47943,5
47945,2
47946,2
47948,1
47949,6
47952,7
47955,9
47956,3
47958,4
47959,4
47961,2
47962,6
47965,2
47968,7
47971,3
47972,4
47974,5
47975,3
47977,2
47978,1
47980,1
47981,6
47984,1
47987,3
47990,3
47991,1
47994,6
47997,2
48000,4
48003,4
48006,4
48009,3
48010,4
48012,1
48013,6
48016,7
48019,7
48020,2
48022,3
48023,1
48025,3
48026,8
48029,2
48032,5
48035,1
48036,2
48038,1
48039,2
48041,2
48045,8
48048,1
48051,5
48054,3
48055,1
48057,2
48058,7
48061,6
48064,12
48067,4
48068,2
48070,4
48071,4
48073,3
48074,3
48077,8
48080,3
48083,6
48084,2
48086,2
48087,4
48089,4
48090,1
48092,2
48093,4
48096,12
48099,1
48100,2
48102,5
48103,2
48105,2
48106,3
48109,5
48112,11
48115,9
48118,1
48119,1
48121,6
48122,2
48125,2
48128,5
48131,3
48134,9
48135,2
48138,2
48140,1
48141,11
48144,1
48147,5
48148,2
48151,1
48153,1
48154,3
48157,3
48160,7
48163,5
48164,1
48166,3
48167,3
48169,1
48170,6
48173,3
48176,2
48179,5
48180,1
48182,2
48183,1
48185,3
48186,7
48189,2
48192,1
48195,3
48196,2
48198,3
48199,2
48201,1
48202,3
48205,6
48208,3
48211,7
48212,3
48214,2
48215,4
48217,2
48218,5
48224,4
48230,4
48231,2
48234,2
48236,2
48237,5
48240,3
48243,7
48244,1
48246,7
48247,1
48249,2
48250,4
48252,1
48256,8
48259,2
48260,1
48262,3
48263,3
48266,1
48268,2
48269,5
48272,4
48275,10
48276,4
48278,1
48281,4
48282,4
48285,1
48288,11
48291,3
48292,1
48294,8
48295,3
48297,1
48298,3
48300,1
48301,5
48304,4
48307,7
48308,1
48310,1
48311,1
48313,3
48314,5
48316,1
48317,2
48320,9
48323,3
48324,2
48326,9
48327,1
48332,2
48333,9
48336,9
48339,5
48343,3
48345,2
48346,7
48349,2
48352,6
48356,1
48358,5
48359,5
48361,1
48364,1
48365,8
48368,1
48371,9
48372,1
48374,1
48375,1
48377,2
48378,3
48384,9
48387,2
48388,1
48390,5
48391,1
48393,1
48394,3
48397,12
48400,4
48403,11
48404,1
48406,2
48407,1
48410,7
48412,2
48413,2
48416,6
48419,2
48420,1
48422,5
48423,2
48426,4
48428,2
48429,8
48432,6
48435,6
48436,4
48438,4
48439,2
48441,7
48442,3
48445,1
48448,3
48451,6
48454,3
48455,2
48457,1
48458,1
48461,4
48464,7
48467,6
48468,1
48471,2
48473,3
48474,2
48476,2
48477,3
48480,11
48483,3
48486,5
48487,3
48492,1
48493,8
48496,2
48499,7
48500,1
48502,3
48503,4
48505,7
48506,3
48509,4
48512,7
48515,1
48518,8
48519,2
48521,2
48522,3
48524,3
48525,6
48528,2
48531,8
48532,1
48534,1
48535,3
48537,5
48538,1
48540,1
48541,3
48544,6
48547,4
48548,2
48550,3
48551,6
48553,1
48554,5
48556,4
48557,7
48560,2
48563,4
48564,2
48566,2
48567,4
48569,4
48570,9
48573,2
48576,10
48579,3
48580,1
48582,3
48583,3
48586,1
48589,6
48592,3
48595,12
48596,1
48599,1
48601,5
48602,3
48604,1
48605,1
48608,11
48611,2
48612,1
48614,10
48615,3
48617,1
48621,6
48624,4
48627,6
48628,1
48631,4
48633,4
48634,6
48636,2
48637,3
48640,11
48643,2
48644,1
48646,4
48647,5
48649,1
48650,3
48652,2
48653,9
48656,3
48659,3
48660,5
48662,3
48663,2
48665,3
48666,9
48668,3
48669,9
48672,10
48675,2
48678,6
48679,3
48681,3
48682,2
48684,1
48688,1
48691,10
48692,2
48694,3
48695,2
48697,3
48698,3
48701,4
48704,6
48707,1
48708,1
48710,6
48711,1
48714,3
48716,2
48717,5
48720,3
48723,6
48724,1
48726,1
48727,4
48729,3
48730,8
48732,1
48733,3
48736,11
48739,4
48742,5
48743,1
48745,1
48746,3
48748,2
48749,5
48752,3
48755,6
48758,1
48759,3
48761,5
48762,2
48765,3
48768,4
48771,4
48774,2
48775,2
48777,1
48778,2
48780,3
48781,6
48784,2
48787,4
48788,1
48790,3
48793,4
48794,7
48797,1
48800,8
48803,3
48804,2
48806,3
48807,6
48809,3
48810,2
48812,3
48813,11
48816,4
48819,8
48820,1
48822,3
48823,2
48825,2
48826,7
48828,1
48829,5
48832,11
48835,4
48836,1
48838,4
48839,4
48842,2
48844,1
48845,5
48848,5
48851,4
48852,2
48854,2
48855,3
48857,5
48858,10
48861,6
48864,5
48867,2
48870,7
48871,4
48873,1
48874,5
48876,2
48877,2
48883,7
48884,1
48886,2
48887,1
48889,5
48890,5
48893,2
48896,6
48899,4
48902,7
48903,2
48905,2
48906,2
48908,3
48909,3
48912,7
48915,5
48916,1
48918,1
48919,2
48921,3
48922,5
48924,1
48925,2
48928,6
48931,4
48932,2
48934,5
48935,6
48937,1
48940,3
48941,9
48944,3
48947,10
48948,4
48950,2
48951,1
48953,2
48954,4
48957,1
48960,3
48963,1
48964,1
48966,6
48967,4
48969,2
48970,4
48972,1
48973,8
48976,2
48979,8
48980,1
48982,3
48983,4
48985,6
48986,3
48988,1
48989,3
48992,9
48995,4
48998,6
48999,2
49001,1
49002,1
49004,4
49005,8
49008,2
49011,10
49012,1
49014,4
49015,1
49017,4
49018,7
49020,2
49021,1
49024,11
49030,5
49031,4
49033,1
49034,2
49036,2
49037,11
49040,3
49043,5
49044,1
49046,4
49049,7
49050,7
49053,5
49056,6
49059,4
49060,1
49062,3
49063,6
49065,2
49066,2
49069,8
49072,3
49075,3
49079,8
49081,2
49082,10
49085,2
49088,8
49091,3
49094,2
49095,4
49097,1
49098,1
49100,1
49101,3
49104,4
49107,4
49108,1
49110,3
49111,1
49113,4
49114,4
49116,2
49117,3
49120,12
49123,1
49126,5
49127,2
49129,2
49130,2
49132,1
49133,11
49136,2
49139,8
49140,2
49142,3
49143,1
49145,4
49146,13
49148,2
49149,1
49152,4
49155,1
49156,1
49158,9
49159,7
49162,2
49164,2
49165,3
49168,4
49171,9
49172,1
49174,1
49175,4
49177,3
49178,6
49181,5
49184,8
49187,2
49190,3
49191,6
49193,2
49194,1
49196,2
49197,4
49200,4
49203,7
49204,4
49206,3
49207,2
49209,1
49210,3
49212,1
49213,2
49216,2
49219,2
49222,6
49223,4
49225,3
49226,2
49228,2
49229,6
49232,3
49235,4
49238,2
49239,2
49242,5
49244,1
49245,3
49248,10
49251,2
49254,4
49255,1
49257,1
49258,5
49260,1
49261,3
49264,6
49267,8
49268,2
49270,3
49273,6
49274,3
49276,1
49277,2
49280,6
49283,3
49286,7
49287,2
49289,1
49290,4
49293,7
49296,3
49299,5
49300,5
49302,1
49303,1
49305,6
49306,7
49308,1
49309,2
49312,6
49316,2
49318,4
49319,2
49321,1
49322,5
49325,5
49328,4
49331,8
49332,1
49337,2
49338,5
49340,1
49344,6
49347,3
49348,1
49350,10
49351,2
49353,2
49354,4
49356,2
49357,5
49360,3
49363,5
49364,3
49366,3
49367,2
49369,5
49370,6
49373,3
49376,12
49379,3
49382,5
49383,1
49385,2
49388,1
49389,6
49392,5
49395,2
49396,1
49398,3
49401,1
49402,8
49405,2
49408,8
49411,2
49412,1
49414,3
49415,7
49417,1
49418,2
49420,2
49421,8
49424,4
49427,6
49428,1
49430,1
49431,3
49433,3
49434,2
49437,3
49440,4
49443,3
49446,6
49449,2
49450,5
49452,2
49453,5
49459,11
49460,3
49462,2
49463,2
49465,3
49466,5
49469,3
49472,7
49475,1
49478,3
49479,6
49481,2
49482,2
49484,1
49485,6
49488,3
49491,9
49492,1
49494,3
49495,1
49497,2
49498,6
49500,1
49501,2
49504,7
49507,1
49510,4
49511,1
49513,3
49514,2
49516,2
49517,11
49520,3
49523,7
49524,1
49526,1
49527,4
49529,4
49530,2
49533,3
49536,13
49539,2
49540,4
49542,9
49543,3
49545,3
49546,4
49549,2
49552,5
49555,11
49556,5
49559,1
49561,4
49562,6
49564,1
49565,3
49568,9
49571,6
49572,1
49574,5
49575,6
49578,1
49580,1
49581,4
49584,5
49587,8
49588,5
49590,3
49593,1
49594,6
49596,1
49597,4
49600,3
49603,2
49606,11
49607,1
49609,2
49610,2
49613,10
49616,3
49619,2
49620,2
49622,2
49623,1
49625,5
49626,7
49629,3
49632,12
49635,2
49638,6
49639,7
49641,1
49642,2
49645,9
49648,1
49651,5
49654,4
49655,1
49657,3
49658,2
49661,2
49664,17
49667,2
49670,4
49671,4
49673,1
49674,1
49676,3
49677,12
49680,4
49683,8
49684,1
49686,1
49687,2
49689,1
49690,10
49693,3
49696,7
49699,4
49700,1
49702,8
49703,4
49705,4
49706,2
49708,1
49709,11
49712,6
49715,5
49716,3
49721,3
49722,2
49725,4
49728,12
49731,3
49732,1
49734,7
49735,5
49737,2
49740,1
49741,4
49744,1
49747,9
49748,1
49751,1
49753,4
49754,4
49757,1
49760,11
49763,5
49764,1
49766,6
49767,4
49769,5
49770,1
49772,1
49773,11
49776,7
49779,4
49780,1
49782,3
49783,3
49785,2
49786,1
49788,1
49789,3
49792,3
49796,2
49798,6
49799,4
49801,2
49802,1
49804,3
49805,4
49808,4
49811,10
49814,4
49815,1
49817,6
49818,1
49820,2
49821,2
49824,8
49827,5
49828,1
49830,10
49831,4
49834,1
49836,1
49837,5
49840,3
49843,9
49844,1
49846,2
49847,2
49849,10
49850,8
49852,4
49853,2
49856,7
49859,1
49862,4
49863,3
49865,3
49866,5
49868,2
49869,10
49872,3
49875,3
49876,2
49878,4
49879,2
49881,1
49882,4
49884,1
49885,3
49888,11
49891,3
49894,9
49895,3
49897,4
49898,1
49901,5
49904,2
49907,9
49908,1
49910,1
49911,2
49913,2
49914,10
49916,1
49917,4
49920,6
49923,3
49924,1
49926,4
49927,2
49929,1
49930,1
49933,7
49936,1
49939,5
49940,1
49942,3
49943,4
49945,4
49946,1
49948,1
49949,5
49952,11
49955,3
49958,7
49959,3
49961,2
49962,2
49965,7
49968,4
49971,7
49972,1
49977,3
49978,4
49980,1
49981,3
49984,6
49987,5
49990,2
49991,4
49993,1
49994,1
49996,1
49997,8
50000,4
50003,11
50004,2
50006,3
50009,2
50010,3
50012,1
50013,1
50016,13
50019,7
50020,2
50022,4
50023,4
50025,4
50028,1
50029,6
50032,4
50035,10
50036,1
50038,1
50039,2
50042,8
50045,4
50048,6
50051,1
50054,6
50055,3
50057,1
50058,1
50060,2
50061,5
50064,3
50067,12
50068,3
50070,1
50071,3
50074,3
50076,2
50077,3
50080,7
50083,2
50084,1
50086,4
50087,3
50089,1
50090,4
50092,1
50093,7
50096,2
50099,9
50100,2
50102,4
50103,2
50105,6
50106,1
50108,1
50109,1
50112,4
50115,3
50116,1
50118,4
50119,4
50121,1
50122,2
50124,2
50125,7
50128,2
50131,8
50134,1
50135,1
50137,5
50138,7
50144,11
50147,1
50148,1
50150,3
50151,3
50153,3
50154,3
50157,6
50160,5
50163,3
50164,2
50166,2
50169,5
50170,5
50173,5
50176,14
50179,1
50180,1
50182,10
50183,7
50185,1
50186,2
50188,2
50189,8
50192,2
50195,8
50196,2
50198,3
50199,1
50201,2
50202,6
50205,4
50208,11
50211,5
50212,1
50214,2
50215,2
50217,3
50218,3
50220,2
50221,8
50224,4
50227,7
50228,2
50230,2
50231,7
50233,8
50234,1
50236,2
50237,2
50240,12
50243,2
50244,1
50246,7
50247,7
50249,6
50250,4
50252,1
50253,8
50256,2
50259,6
50260,2
50262,2
50263,1
50265,4
50266,7
50268,2
50269,3
50272,11
50275,4
50276,3
50278,5
50279,6
50282,1
50284,1
50285,6
50288,3
50291,4
50292,2
50295,1
50297,6
50298,10
50300,4
50301,2
50304,11
50307,2
50308,1
50310,7
50311,2
50313,2
50314,1
50316,2
50317,8
50320,4
50323,12
50324,1
50326,2
50327,2
50329,6
50330,5
50332,1
50333,4
50336,9
50339,3
50342,4
50343,4
50345,1
50346,2
50348,5
50349,7
50352,3
50355,8
50356,2
50358,4
50361,4
50362,7
50364,1
50365,3
50368,6
50371,4
50372,2
50374,4
50375,4
50378,2
50380,3
50381,4
50384,6
50387,5
50388,1
50390,2
50393,5
50394,6
50397,5
50400,10
50403,3
50404,2
50406,5
50407,3
50409,3
50410,3
50412,2
50413,6
50416,3
50419,10
50420,1
50422,3
50423,1
50425,3
50426,6
50428,1
50429,3
50432,9
50435,3
50438,3
50439,3
50441,1
50442,2
50444,3
50445,5
50448,3
50451,9
50452,3
50454,1
50457,1
50458,5
50460,3
50461,4
50464,10
50467,5
50468,4
50470,3
50471,2
50473,1
50474,1
50476,4
50477,9
50480,3
50483,11
50484,2
50487,2
50489,2
50490,7
50492,1
50493,3
50496,11
50499,7
50502,6
50503,4
50505,4
50506,7
50508,2
50509,9
50512,5
50515,8
50516,2
50518,4
50519,1
50521,2
50522,7
50524,2
50525,3
50528,12
50531,2
50532,1
50534,9
50535,3
50538,1
50540,1
50541,8
50544,3
50547,7
50548,2
50550,1
50551,2
50553,6
50554,3
50556,2
50557,4
50560,8
50563,3
50566,7
50567,3
50570,5
50572,2
50573,8
50576,2
50579,11
50580,1
50583,3
50585,5
50586,4
50588,1
50589,5
50592,8
50595,2
50596,2
50598,5
50599,1
50602,3
50604,1
50605,9
50608,3
50611,8
50612,1
50614,3
50615,2
50617,5
50618,3
50620,1
50621,7
50624,8
50627,3
50630,6
50631,3
50633,3
50634,3
50636,3
50637,13
50640,4
50643,7
50644,1
50646,4
50649,6
50650,10
50652,1
50653,5
50656,13
50659,5
50660,2
50662,7
50663,3
50665,3
50666,3
50668,3
50669,6
50672,1
50675,6
50676,3
50678,2
50679,2
50681,4
50682,8
50685,2
50688,6
50691,3
50692,1
50694,5
50695,2
50698,3
50700,1
50701,3
50704,5
50707,8
50708,2
50713,2
50714,2
50717,5
50720,9
50723,2
50726,11
50727,2
50729,4
50730,1
50732,1
50733,5
50736,10
50739,9
50740,1
50742,2
50743,2
50745,3
50746,3
50749,6
50752,10
50755,3
50758,2
50759,2
50761,1
50762,1
50764,2
50765,6
50768,6
50771,6
50772,2
50774,2
50775,2
50777,4
50778,2
50781,1
50784,10
50787,4
50788,1
50790,4
50791,3
50793,1
50794,2
50796,4
50797,9
50800,5
50803,11
50804,4
50806,1
50807,2
50809,4
50810,2
50812,3
50813,1
50816,10
50819,5
50820,2
50822,8
50823,2
50825,2
50826,2
50828,2
50829,7
50832,4
50835,9
50836,4
50838,5
50839,3
50841,3
50842,11
50845,4
50848,8
50852,1
50854,3
50855,3
50857,3
50858,2
50860,1
50861,7
50864,3
50867,7
50868,2
50870,4
50871,1
50873,1
50874,6
50876,1
50877,3
50880,6
50883,4
50884,1
50886,5
50887,6
50889,3
50890,2
50892,3
50893,9
50896,8
50899,5
50903,3
50905,6
50906,5
50909,5
50912,12
50915,2
50916,1
50918,5
50919,3
50921,1
50925,10
50931,11
50932,3
50934,5
50935,1
50937,5
50938,2
50941,1
50944,10
50947,3
50950,7
50951,5
50953,1
50954,1
50956,3
50957,3
50960,5
50963,9
50966,3
50967,3
50969,2
50970,3
50972,1
50973,4
50976,14
50979,3
50982,2
50983,6
50985,4
50986,3
50988,3
50989,9
50992,1
50995,7
50996,4
50998,3
51001,7
51002,10
51005,3
51008,10
51011,3
51012,1
51014,2
51015,4
51017,1
51018,4
51020,1
51021,12
51024,4
51027,9
51028,1
51030,5
51031,3
51033,2
51034,7
51037,5
51040,10
51043,5
51046,1
51047,4
51049,1
51050,7
51052,1
51053,6
51056,4
51059,9
51060,2
51062,2
51066,8
51068,1
51069,2
51072,8
51075,2
51076,2
51078,8
51079,6
51081,3
51082,4
51084,4
51085,8
51088,4
51091,2
51092,1
51094,2
51095,2
51097,4
51098,8
51100,1
51101,2
51104,4
51107,1
51108,2
51110,5
51111,8
51113,2
51114,4
51117,7
51120,6
51123,5
51126,2
51127,2
51129,4
51130,4
51133,2
51136,10
51139,5
51140,1
51142,6
51143,3
51145,4
51146,3
51148,4
51149,9
51152,6
51155,9
51156,1
51159,2
51161,4
51162,4
51164,1
51165,4
51168,11
51171,1
51174,5
51175,3
51177,2
51178,1
51180,1
51181,6
51184,4
51187,7
51188,2
51190,2
51191,3
51193,5
51194,6
51196,1
51197,3
51200,6
51203,5
51204,1
51206,3
51207,2
51209,2
51210,4
51212,1
51213,2
51216,2
51219,9
51222,3
51223,1
51225,3
51226,4
51228,4
51229,3
51232,13
51235,2
51236,4
51238,7
51239,4
51242,3
51244,3
51245,8
51248,5
51251,12
51252,3
51254,6
51255,2
51257,4
51258,6
51261,2
51264,16
51267,5
51268,3
51270,3
51271,3
51274,1
51276,2
51277,6
51283,6
51284,1
51286,3
51287,2
51289,2
51290,7
51293,3
51296,10
51299,4
51300,2
51302,6
51303,7
51305,1
51306,2
51308,1
51309,4
51315,6
51318,2
51319,2
51321,4
51322,9
51325,3
51328,8
51331,4
51334,6
51335,4
51337,2
51338,1
51340,3
51341,12
51344,5
51347,5
51348,5
51350,1
51351,2
51353,5
51354,9
51356,1
51357,1
51360,13
51363,4
51364,2
51366,5
51367,7
51369,2
51370,1
51372,1
51373,6
51376,2
51379,5
51380,1
51382,2
51385,3
51386,7
51388,2
51389,3
51392,18
51395,1
51398,6
51399,2
51401,1
51402,4
51404,2
51405,8
51408,4
51411,10
51412,2
51414,3
51415,2
51417,5
51418,3
51420,1
51421,1
51424,8
51427,2
51428,2
51430,5
51431,5
51433,5
51434,3
51436,1
51437,8
51440,4
51443,9
51444,3
51446,3
51447,5
51449,3
51450,6
51453,3
51456,11
51459,3
51462,9
51465,2
51466,3
51468,2
51469,8
51472,6
51475,6
51478,4
51479,1
51481,2
51482,4
51484,2
51485,4
51488,9
51491,3
51494,7
51495,4
51497,1
51498,1
51500,3
51501,5
51504,3
51507,4
51508,2
51510,4
51511,2
51513,7
51514,3
51516,1
51517,3
51520,12
51523,4
51524,1
51526,7
51527,1
51529,1
51530,3
51532,3
51533,6
51536,2
51539,5
51540,2
51542,2
51543,2
51545,6
51546,3
51549,1
51552,8
51555,3
51556,1
51558,3
51559,7
51564,1
51565,10
51568,3
51571,4
51572,2
51574,2
51575,2
51577,7
51578,11
51581,6
51584,7
51588,2
51590,6
51591,1
51593,1
51594,6
51596,2
51597,3
51600,7
51603,10
51606,2
51609,4
51610,6
51613,3
51616,14
51619,2
51620,1
51622,2
51623,3
51625,1
51626,4
51629,10
51632,2
51635,2
51636,5
51638,3
51639,1
51641,4
51642,8
51645,1
51648,12
51651,2
51652,2
51654,9
51655,4
51657,3
51658,1
51660,2
51661,12
51664,4
51667,5
51668,2
51670,4
51671,1
51673,5
51674,4
51680,8
51683,4
51684,1
51686,4
51687,6
51689,1
51690,2
51692,2
51693,4
51696,2
51699,3
51700,2
51702,5
51705,6
51706,5
51709,4
51712,10
51715,3
51718,10
51719,7
51721,2
51722,2
51725,3
51728,3
51731,4
51732,3
51734,5
51735,5
51737,4
51738,6
51740,1
51741,1
51744,6
51747,2
51750,3
51751,6
51753,2
51754,5
51756,1
51757,8
51760,3
51763,6
51766,4
51769,5
51770,6
51772,1
51773,4
51776,21
51779,1
51780,1
51782,7
51783,3
51785,1
51786,2
51788,2
51789,11
51792,2
51795,7
51796,2
51798,3
51799,7
51801,6
51802,3
51805,3
51808,11
51811,3
51814,1
51815,4
51817,4
51818,4
51820,3
51821,2
51824,3
51827,9
51828,4
51830,2
51833,4
51834,3
51836,1
51840,10
51843,3
51846,4
51847,1
51849,1
51850,5
51852,2
51853,8
51856,4
51859,9
51860,2
51862,2
51863,2
51865,4
51866,4
51869,3
51872,9
51875,4
51878,6
51879,2
51881,1
51884,3
51885,4
51888,3
51891,11
51892,3
51897,5
51898,5
51901,3
51904,15
51907,2
51908,2
51910,7
51911,3
51914,1
51916,1
51917,8
51920,5
51923,10
51924,2
51926,1
51927,3
51929,3
51930,5
51932,4
51933,3
51936,6
51939,4
51942,5
51943,2
51945,3
51946,3
51948,1
51949,5
51952,3
51955,7
51956,2
51958,1
51959,2
51961,1
51962,5
51965,3
51968,11
51971,1
51974,6
51975,5
51977,2
51978,3
51980,1
51981,7
51984,3
51987,6
51988,1
51990,4
51991,5
51993,6
51994,5
51996,1
51997,1
52000,11
52003,3
52004,1
52006,10
52007,2
52010,2
52012,5
52013,10
52016,3
52019,4
52020,2
52022,2
52023,1
52025,3
52026,7
52029,8
52032,10
52035,4
52038,3
52039,3
52041,3
52044,2
52045,7
52048,4
52051,3
52052,2
52054,1
52057,3
52058,6
52060,1
52061,1
52064,6
52067,6
52068,1
52070,4
52071,4
52073,1
52074,3
52076,3
52077,9
52080,3
52083,7
52084,1
52087,1
52089,4
52090,13
52093,4
52096,11
52099,2
52102,6
52103,4
52105,1
52106,1
52108,2
52109,17
52112,2
52115,8
52118,7
52119,1
52121,2
52122,8
52124,1
52125,1
52128,8
52131,3
52134,10
52135,2
52137,3
52138,2
52140,4
52141,3
52144,1
52147,12
52148,2
52150,3
52151,4
52153,2
52154,5
52157,4
52160,9
52163,3
52166,6
52167,3
52169,1
52170,2
52172,1
52173,7
52176,6
52179,8
52182,1
52183,2
52185,5
52186,6
52189,1
52192,10
52195,6
52198,6
52199,3
52201,2
52202,1
52204,2
52205,5
52208,4
52211,9
52212,3
52214,2
52215,1
52217,2
52218,5
52220,1
52221,3
52224,5
52227,4
52228,3
52230,4
52234,1
52236,3
52237,5
52240,7
52243,5
52244,1
52246,3
52247,2
52249,4
52250,4
52252,1
52253,4
52256,8
52259,4
52260,1
52262,3
52263,5
52265,2
52266,3
52268,4
52269,7
52272,6
52275,5
52278,1
52279,2
52281,3
52282,4
52284,1
52285,1
52288,10
52291,3
52294,8
52295,3
52297,1
52298,5
52301,10
52304,2
52307,10
52308,1
52310,2
52313,2
52314,5
52316,1
52317,2
52320,15
52323,4
52324,1
52326,4
52327,5
52329,3
52330,2
52332,2
52333,11
52336,2
52339,10
52342,1
52345,4
52346,5
52348,2
52349,2
52352,13
52355,3
52358,6
52359,6
52361,3
52362,4
52364,1
52365,5
52368,2
52371,8
52372,1
52374,3
52375,1
52377,6
52378,4
52380,3
52381,2
52384,8
52387,2
52388,3
52390,6
52391,2
52394,2
52396,3
52397,6
52400,3
52403,9
52404,4
52406,4
52407,2
52409,6
52410,7
52413,4
52416,5
52419,5
52422,8
52423,8
52425,3
52426,6
52428,2
52429,12
52432,6
52435,9
52436,1
52438,1
52441,1
52442,6
52445,1
52448,13
52451,2
52452,1
52454,8
52455,7
52457,3
52458,1
52460,1
52461,5
52464,6
52467,12
52468,2
52470,3
52471,3
52473,5
52474,9
52477,4
52480,12
52483,4
52484,1
52486,5
52487,1
52490,3
52492,2
52493,8
52496,5
52499,7
52500,5
52505,1
52506,9
52509,3
52512,12
52515,3
52516,2
52518,3
52519,5
52524,3
52525,6
52528,5
52531,8
52532,4
52534,1
52535,1
52537,6
52538,3
52544,6
52547,5
52548,2
52550,6
52551,4
52553,1
52554,4
52556,3
52557,9
52560,8
52563,5
52564,2
52566,8
52567,2
52569,5
52570,6
52573,3
52576,8
52579,3
52580,1
52582,7
52583,4
52586,3
52588,4
52589,11
52592,5
52595,12
52596,3
52598,4
52599,1
52601,3
52602,9
52604,1
52608,12
52611,4
52614,9
52615,4
52617,2
52618,1
52620,5
52621,10
52624,3
52627,6
52628,5
52630,1
52631,2
52633,4
52634,4
52636,1
52637,2
52640,14
52643,6
52644,2
52646,3
52647,6
52649,1
52650,3
52652,1
52653,7
52656,3
52659,7
52660,3
52662,1
52665,3
52666,5
52668,1
52669,4
52672,9
52675,3
52676,1
52678,3
52679,1
52681,2
52682,3
52684,2
52685,11
52688,6
52691,5
52692,3
52694,1
52697,3
52698,8
52700,1
52701,3
52704,11
52707,2
52708,2
52710,5
52711,3
52713,1
52714,3
52716,1
52717,9
52720,7
52723,6
52724,2
52726,4
52727,3
52729,2
52730,2
52732,2
52733,1
52736,11
52739,4
52740,2
52742,3
52743,4
52745,1
52746,6
52748,3
52749,9
52752,7
52755,11
52758,5
52759,1
52761,5
52762,8
52764,1
52765,1
52768,13
52771,1
52772,1
52774,5
52775,4
52778,1
52780,2
52781,9
52784,7
52787,15
52788,1
52790,1
52793,8
52794,9
52797,4
52800,13
52803,4
52806,5
52807,2
52809,2
52810,2
52812,1
52813,11
52816,3
52819,4
52820,1
52822,2
52823,3
52825,9
52826,9
52829,3
52832,16
52835,5
52838,7
52839,6
52842,1
52844,3
52845,9
52848,6
52851,5
52852,2
52855,2
52857,3
52858,3
52861,2
52864,8
52867,7
52868,2
52870,3
52873,1
52874,1
52876,2
52877,7
52880,6
52883,7
52884,5
52886,5
52887,4
52889,4
52890,5
52892,1
52893,4
52896,14
52899,3
52900,2
52902,7
52903,5
52905,2
52906,3
52908,4
52909,7
52912,4
52915,9
52916,1
52918,1
52919,1
52921,3
52922,7
52925,7
52928,13
52931,4
52934,8
52935,5
52937,2
52940,2
52941,9
52944,7
52947,15
52948,4
52950,2
52951,6
52953,9
52954,2
52956,2
52957,2
52960,12
52963,6
52964,1
52966,5
52967,5
52969,3
52970,3
52972,1
52973,11
52976,4
52979,7
52980,3
52982,4
52983,2
52985,8
52986,3
52988,1
52989,2
52992,8
52995,2
52996,3
52998,4
52999,4
53001,2
53002,2
53004,3
53005,8
53008,6
53011,12
53012,4
53014,1
53015,2
53017,3
53018,8
53020,3
53021,3
53024,12
53027,5
53030,6
53031,3
53033,3
53034,2
53036,4
53037,10
53040,4
53043,7
53044,3
53046,1
53047,2
53050,7
53052,1
53053,1
53056,10
53059,1
53062,5
53063,7
53065,3
53066,2
53069,6
53072,4
53075,6
53076,2
53078,2
53079,2
53081,1
53082,7
53085,2
53088,8
53091,3
53094,6
53095,3
53097,2
53098,5
53100,1
53101,12
53104,2
53107,5
53108,1
53110,4
53111,3
53113,4
53114,6
53116,1
53117,2
53120,13
53123,3
53124,1
53126,9
53127,1
53130,1
53132,4
53133,7
53136,6
53139,9
53143,2
53145,4
53146,4
53148,2
53149,5
53152,7
53155,1
53156,2
53158,3
53159,2
53161,2
53164,1
53165,7
53168,5
53171,14
53172,1
53174,1
53177,2
53178,5
53181,1
53184,15
53187,2
53190,6
53191,7
53193,3
53194,1
53196,2
53197,17
53200,2
53203,4
53206,1
53209,4
53210,3
53212,2
53213,5
53216,6
53219,5
53220,1
53222,6
53223,3
53225,4
53226,1
53228,2
53229,8
53232,5
53235,7
53239,1
53241,3
53242,2
53245,7
53248,12
53251,2
53254,6
53255,4
53257,1
53258,1
53260,1
53261,9
53264,3
53267,8
53268,3
53270,5
53271,3
53273,6
53274,6
53276,2
53277,3
53280,11
53283,4
53284,2
53286,8
53287,6
53289,4
53290,4
53293,14
53296,7
53299,11
53300,1
53302,1
53303,4
53305,2
53306,5
53309,4
53312,9
53315,2
53316,2
53318,5
53319,5
53322,1
53324,3
53325,13
53328,4
53331,11
53332,1
53334,2
53335,1
53337,5
53338,6
53340,1
53341,3
53344,13
53347,2
53348,2
53350,4
53351,3
53353,1
53354,1
53356,3
53357,5
53360,6
53363,8
53364,2
53366,4
53367,3
53369,12
53370,6
53372,1
53373,5
53376,11
53379,6
53382,6
53383,4
53385,1
53386,6
53388,3
53389,5
53392,4
53395,4
53396,2
53398,2
53399,2
53401,2
53402,6
53404,1
53405,4
53408,6
53411,2
53414,5
53415,9
53417,1
53418,2
53420,3
53421,12
53424,3
53427,7
53428,2
53430,3
53433,1
53434,3
53436,1
53437,1
53440,7
53443,6
53446,9
53447,4
53449,2
53450,2
53452,4
53453,11
53456,5
53459,7
53460,1
53462,4
53463,5
53465,4
53466,7
53469,1
53472,10
53475,1
53476,1
53478,4
53479,6
53481,2
53482,4
53484,2
53485,8
53491,11
53492,4
53494,1
53497,3
53498,5
53501,4
53504,10
53507,3
53510,7
53511,6
53514,1
53516,4
53517,6
53520,2
53523,7
53524,1
53526,2
53529,2
53530,2
53533,7
53536,6
53539,4
53540,2
53542,7
53543,3
53545,3
53546,2
53548,3
53549,7
53552,3
53555,9
53556,3
53558,4
53561,6
53562,6
53564,1
53565,1
53568,8
53574,4
53575,4
53577,1
53578,3
53580,2
53581,14
53584,5
53587,4
53588,1
53590,3
53591,3
53593,2
53594,8
53596,3
53597,3
53600,5
53603,4
53604,1
53606,10
53607,3
53610,4
53612,2
53613,6
53616,1
53619,7
53620,4
53622,2
53623,1
53625,2
53626,6
53628,4
53629,2
53632,7
53635,3
53638,4
53639,4
53642,2
53644,2
53645,5
53648,5
53651,10
53652,1
53654,2
53655,2
53657,6
53658,7
53661,1
53664,10
53667,1
53668,2
53670,5
53671,3
53673,1
53674,2
53676,1
53677,6
53680,5
53683,9
53684,3
53686,1
53687,1
53689,3
53690,8
53692,1
53693,6
53696,6
53699,2
53700,1
53702,5
53703,7
53705,3
53706,3
53709,11
53715,9
53716,1
53718,1
53719,1
53721,2
53722,5
53725,4
53728,7
53731,3
53732,1
53734,2
53735,2
53738,4
53740,2
53741,11
53744,4
53747,8
53748,2
53750,1
53751,4
53753,4
53754,1
53757,1
53760,16
53763,2
53764,1
53766,6
53767,2
53769,1
53770,2
53772,1
53773,2
53776,3
53779,3
53780,6
53782,4
53783,2
53785,4
53786,5
53788,1
53789,3
53792,6
53795,9
53798,6
53799,11
53801,1
53802,2
53804,1
53805,12
53808,5
53811,13
53812,2
53814,2
53815,1
53817,3
53818,5
53824,8
53827,2
53828,1
53830,3
53831,3
53833,1
53834,3
53836,4
53837,8
53840,10
53843,4
53844,1
53846,3
53847,1
53849,7
53850,9
53852,1
53853,3
53856,8
53859,6
53860,2
53862,6
53863,7
53865,1
53866,2
53868,1
53869,4
53872,8
53875,9
53876,3
53881,2
53882,3
53884,2
53885,4
53888,10
53891,4
53892,1
53894,6
53895,8
53897,2
53898,3
53900,1
53901,8
53904,4
53907,5
53908,1
53910,1
53913,4
53914,6
53916,4
53917,2
53920,8
53923,5
53926,5
53927,2
53929,4
53930,2
53932,2
53933,8
53936,2
53939,12
53940,4
53942,1
53945,3
53946,2
53948,1
53949,2
53952,11
53955,6
53956,1
53958,4
53959,5
53962,1
53964,1
53965,9
53968,5
53971,10
53972,4
53974,4
53975,1
53977,6
53978,6
53981,7
53984,6
53987,3
53988,1
53990,1
53991,3
53993,2
53996,2
53997,4
54000,1
54003,5
54004,1
54006,1
54007,2
54009,5
54010,3
54012,1
54013,4
54016,12
54019,6
54020,1
54022,6
54023,5
54025,2
54026,4
54028,3
54029,10
54032,5
54035,4
54038,3
54041,4
54042,5
54045,2
54048,8
54051,3
54052,1
54054,2
54055,4
54057,1
54058,5
54060,1
54061,4
54064,9
54067,7
54068,2
54070,3
54071,1
54073,2
54074,4
54076,2
54080,14
54083,1
54084,1
54086,4
54087,5
54089,3
54090,4
54093,8
54096,4
54099,10
54100,3
54102,4
54105,4
54106,13
54109,2
54112,12
54118,6
54119,1
54121,3
54124,1
54125,7
54128,6
54131,8
54132,1
54134,1
54135,2
54137,5
54138,5
54141,1
54144,9
54147,3
54150,3
54151,2
54153,1
54154,2
54156,1
54157,5
54160,4
54163,8
54164,1
54166,5
54167,1
54169,3
54170,6
54173,4
54176,7
54179,3
54180,1
54182,5
54183,1
54185,4
54186,2
54188,1
54189,5
54192,6
54195,4
54196,2
54198,3
54199,3
54201,2
54202,3
54204,4
54205,3
54208,5
54211,3
54214,7
54215,2
54217,2
54218,2
54220,4
54221,7
54224,3
54227,8
54228,1
54230,3
54231,2
54233,5
54234,8
54236,2
54237,2
54240,11
54243,2
54244,2
54246,4
54247,2
54250,3
54252,2
54253,9
54256,3
54259,14
54260,1
54263,3
54265,4
54266,6
54269,3
54272,12
54275,6
54276,1
54278,6
54279,3
54282,2
54285,5
54288,5
54291,11
54292,4
54294,1
54295,3
54297,5
54298,11
54300,2
54301,3
54304,14
54307,3
54308,1
54310,7
54311,1
54313,1
54314,3
54317,3
54320,2
54323,7
54324,2
54327,2
54329,6
54330,3
54332,2
54333,6
54336,10
54339,2
54340,1
54342,3
54343,1
54345,2
54346,4
54348,2
54349,11
54352,1
54355,6
54358,3
54359,1
54361,1
54362,3
54365,3
54368,14
54371,5
54374,8
54375,8
54377,3
54378,2
54380,2
54381,3
54384,5
54387,5
54388,3
54390,2
54391,3
54393,1
54394,4
54396,1
54397,2
54400,13
54403,3
54406,10
54407,1
54410,3
54412,3
54413,5
54416,5
54419,2
54420,5
54422,1
54423,3
54426,4
54429,3
54432,12
54435,5
54438,9
54439,6
54441,2
54442,5
54444,1
54445,6
54448,5
54451,12
54452,1
54457,2
54458,5
54461,5
54464,10
54467,3
54468,1
54470,6
54471,5
54473,1
54474,5
54476,1
54477,8
54480,2
54483,7
54484,4
54486,4
54487,1
54489,4
54490,2
54493,3
54496,12
54499,6
54502,6
54503,8
54505,1
54506,1
54508,2
54509,12
54515,9
54516,3
54518,3
54519,2
54521,1
54522,4
54524,1
54525,3
54528,12
54531,2
54534,5
54535,2
54537,1
54538,2
54541,7
54544,5
54547,5
54548,1
54550,2
54551,1
54553,2
54554,8
54557,5
54560,16
54563,4
54566,7
54567,3
54569,2
54570,3
54572,2
54573,10
54576,4
54579,5
54580,1
54582,3
54583,3
54585,3
54586,12
54589,5
54592,7
54595,4
54598,6
54599,2
54602,1
54604,1
54605,5
54608,2
54611,3
54614,4
54615,4
54617,3
54618,7
54621,9
54624,7
54627,2
54630,5
54631,4
54633,1
54637,7
54640,1
54643,3
54644,3
54646,4
54647,3
54649,1
54650,1
54653,7
54656,13
54659,5
54662,4
54663,3
54666,3
54668,1
54669,7
54672,1
54675,9
54678,6
54679,2
54681,1
54682,2
54684,2
54685,3
54688,13
54691,4
54692,2
54694,1
54695,3
54697,2
54698,1
54701,10
54704,3
54707,7
54710,1
54713,4
54714,9
54717,1
54720,9
54723,6
54726,9
54727,5
54729,2
54730,1
54732,1
54733,3
54736,3
54739,8
54740,4
54743,1
54745,1
54746,7
54749,5
54752,13
54756,3
54758,4
54759,2
54761,4
54762,2
54764,3
54765,4
54768,3
54771,5
54772,2
54774,3
54775,1
54777,4
54778,9
54781,3
54784,5
54787,6
54788,1
54790,3
54791,3
54794,3
54796,3
54797,10
54800,5
54803,7
54804,2
54806,5
54807,2
54809,2
54810,6
54812,1
54813,2
54816,7
54819,2
54820,1
54822,4
54823,5
54825,4
54826,4
54828,1
54829,8
54832,1
54835,8
54836,4
54839,2
54841,2
54842,7
54845,3
54848,12
54851,3
54854,7
54855,5
54857,1
54858,3
54860,2
54861,9
54864,6
54867,8
54868,2
54870,3
54871,2
54873,1
54874,4
54876,1
54877,3
54880,12
54883,4
54884,2
54886,3
54887,2
54889,1
54890,3
54892,1
54893,2
54896,4
54899,11
54902,3
54903,3
54905,5
54906,12
54909,3
54912,6
54915,6
54916,2
54918,4
54919,4
54921,2
54922,2
54925,3
54928,8
54931,7
54932,4
54934,1
54935,1
54937,6
54938,3
54941,1
54944,11
54947,8
54950,3
54951,1
54953,2
54954,2
54956,1
54957,11
54960,3
54963,8
54964,2
54966,2
54967,1
54969,3
54970,9
54973,5
54976,8
54979,4
54980,1
54982,4
54983,5
54985,1
54986,2
54989,4
54992,2
54995,5
54996,1
54998,2
55001,6
55002,6
55005,7
55008,11
55011,4
55012,1
55014,5
55015,2
55017,2
55018,2
55021,8
55024,3
55027,8
55028,3
55030,2
55031,2
55033,4
55034,5
55036,1
55037,4
55040,9
55043,2
55046,7
55047,3
55049,1
55050,2
55052,2
55053,6
55056,4
55059,9
55060,2
55062,3
55063,2
55065,4
55066,3
55069,1
55072,9
55075,4
55078,2
55079,7
55082,2
55084,1
55085,12
55088,8
55091,6
55094,3
55095,1
55097,2
55098,5
55101,2
55104,7
55107,4
55108,3
55110,7
55111,3
55114,3
55116,2
55117,5
55120,7
55123,5
55124,3
55126,5
55129,3
55130,2
55133,4
55136,8
55139,6
55142,5
55143,3
55145,3
55146,2
55148,2
55149,6
55152,2
55155,3
55156,2
55158,1
55161,2
55162,6
55164,1
55165,5
55168,9
55171,4
55172,1
55174,6
55175,6
55177,2
55178,2
55181,1
55184,5
55187,10
55188,2
55190,3
55191,1
55193,1
55194,4
55197,7
55200,7
55203,3
55206,7
55207,5
55209,3
55210,3
55212,2
55213,5
55216,2
55219,7
55220,3
55222,4
55223,2
55225,3
55226,6
55232,11
55235,4
55238,2
55239,4
55241,1
55244,1
55245,7
55248,5
55251,6
55252,3
55254,2
55255,3
55257,4
55258,4
55261,5
55264,8
55267,2
55270,8
55271,5
55273,2
55274,2
55276,2
55277,6
55280,6
55283,5
55284,2
55286,3
55287,4
55289,6
55290,7
55292,2
55293,1
55296,15
55299,4
55302,2
55303,3
55305,2
55306,2
55308,2
55309,5
55312,8
55315,3
55316,4
55318,5
55319,2
55322,11
55325,3
55328,8
55332,1
55334,2
55335,4
55337,1
55340,3
55341,6
55344,3
55347,10
55348,3
55350,3
55351,3
55353,1
55354,2
55356,1
55357,2
55360,10
55363,5
55364,2
55366,7
55367,5
55369,2
55370,3
55372,1
55373,6
55376,4
55379,2
55382,3
55385,4
55386,9
55389,1
55392,6
55395,6
55396,1
55398,6
55399,3
55401,1
55402,1
55404,1
55405,12
55408,5
55411,9
55414,2
55417,5
55418,3
55420,1
55421,4
55424,4
55427,3
55428,1
55430,5
55431,2
55434,3
55436,3
55437,7
55440,2
55443,3
55444,2
55446,4
55447,3
55449,6
55450,7
55452,2
55453,3
55456,13
55459,3
55460,1
55462,4
55463,6
55465,2
55466,2
55468,1
55469,5
55472,6
55475,6
55478,4
55479,3
55481,6
55482,4
55485,4
55488,12
55491,2
55494,6
55495,1
55497,2
55498,1
55500,2
55501,5
55504,1
55507,8
55508,3
55511,1
55513,2
55514,7
55517,3
55520,5
55523,5
55526,9
55527,4
55529,1
55530,2
55532,2
55533,8
55536,4
55539,6
55540,1
55542,1
55545,3
55546,3
55549,4
55552,8
55555,1
55556,1
55558,2
55559,4
55561,2
55564,2
55565,6
55568,5
55571,8
55572,1
55574,4
55575,2
55577,6
55578,8
55581,5
55584,5
55587,4
55588,1
55590,4
55591,2
55593,1
55594,3
55596,2
55597,5
55600,3
55603,6
55604,3
55606,2
55607,3
55609,5
55612,1
55613,2
55616,11
55619,3
55620,3
55622,5
55623,7
55625,1
55626,1
55628,1
55629,5
55632,2
55635,5
55636,2
55638,3
55639,2
55641,1
55642,5
55644,1
55645,3
55648,13
55651,4
55654,5
55655,2
55657,1
55658,1
55660,1
55661,4
55664,2
55667,7
55670,3
55671,2
55673,3
55674,3
55676,2
55677,6
55680,8
55683,2
55684,1
55686,6
55687,1
55689,1
55690,1
55692,2
55693,6
55696,3
55699,5
55700,3
55702,1
55703,1
55705,1
55706,6
55708,1
55709,5
55712,7
55715,2
55716,1
55718,6
55719,4
55721,3
55722,2
55724,1
55725,9
55728,5
55731,13
55732,4
55734,3
55735,3
55737,5
55738,2
55741,2
55744,11
55747,3
55750,4
55751,2
55753,2
55754,1
55756,2
55757,5
55760,1
55763,10
55766,3
55769,3
55770,8
55773,1
55776,12
55779,2
55780,1
55782,4
55783,2
55785,4
55786,1
55788,3
55789,8
55792,6
55795,5
55796,2
55798,1
55799,2
55801,6
55802,3
55805,3
55808,9
55811,1
55814,4
55815,5
55817,3
55820,1
55821,4
55824,5
55827,6
55828,2
55830,2
55833,3
55834,6
55837,5
55840,10
55843,1
55846,6
55847,6
55849,1
55850,2
55852,3
55853,4
55856,3
55859,12
55860,1
55862,2
55863,1
55865,9
55866,5
55869,4
55872,12
55875,4
55876,2
55878,6
55879,6
55882,5
55884,3
55885,4
55888,1
55891,7
55892,2
55894,1
55897,5
55898,4
55900,1
55901,1
55904,12
55907,2
55908,1
55910,3
55911,4
55914,5
55916,5
55917,6
55920,4
55923,4
55924,1
55926,1
55927,2
55929,3
55930,5
55933,3
55936,8
55939,3
55942,3
55943,4
55946,2
55949,4
55952,1
55955,7
55956,2
55958,1
55959,1
55961,6
55962,5
55965,3
55968,7
55971,5
55974,3
55975,2
55978,2
55980,1
55981,4
55984,3
55987,7
55988,2
55990,2
55991,1
55993,1
55994,4
55996,2
56000,8
56003,2
56004,1
56006,2
56007,3
56009,1
56010,4
56012,3
56013,9
56016,2
56019,8
56022,2
56025,4
56026,2
56028,1
56029,2
56032,6
56035,4
56036,1
56038,5
56039,4
56041,1
56042,2
56044,1
56045,6
56048,5
56051,8
56052,4
56054,1
56057,7
56058,5
56060,1
56061,3
56064,11
56067,1
56070,7
56071,3
56073,1
56074,5
56076,2
56077,8
56080,3
56083,3
56086,2
56087,1
56089,2
56093,1
56096,6
56099,1
56100,1
56102,5
56103,2
56106,1
56108,3
56109,9
56112,4
56115,9
56116,1
56118,1
56121,3
56122,11
56125,2
56128,5
56131,1
56132,3
56134,3
56135,3
56140,1
56141,7
56144,4
56147,6
56148,4
56150,2
56151,1
56153,2
56154,6
56156,2
56157,3
56160,4
56163,6
56166,10
56167,2
56169,1
56170,2
56172,3
56173,8
56176,2
56179,2
56180,2
56182,1
56183,2
56185,4
56186,2
56192,3
56195,4
56196,2
56198,3
56199,5
56201,2
56202,4
56205,5
56211,5
56212,2
56214,1
56215,2
56217,3
56218,4
56221,3
56224,8
56227,2
56228,1
56230,8
56231,2
56233,2
56234,1
56236,1
56237,5
56240,3
56243,6
56244,1
56246,3
56247,1
56249,2
56250,6
56253,1
56256,3
56259,1
56262,5
56263,1
56265,1
56266,2
56268,3
56269,6
56272,4
56275,3
56276,3
56278,1
56281,3
56282,3
56285,1
56288,7
56291,2
56294,7
56295,6
56298,1
56300,2
56301,4
56304,5
56307,3
56308,4
56310,2
56311,2
56313,4
56314,4
56317,5
56320,11
56324,3
56326,3
56327,3
56329,1
56330,1
56333,5
56336,4
56339,8
56340,1
56342,4
56345,3
56346,5
56348,5
56349,4
56352,12
56358,3
56359,4
56361,1
56362,3
56364,1
56365,2
56368,4
56371,7
56372,2
56374,1
56377,2
56378,5
56381,3
56384,7
56387,5
56388,1
56390,3
56391,4
56393,1
56396,2
56397,3
56400,1
56403,5
56404,2
56406,2
56409,3
56410,3
56413,1
56416,5
56419,2
56422,6
56423,4
56426,1
56428,2
56429,4
56435,8
56438,1
56439,1
56441,1
56442,10
56444,1
56445,3
56448,9
56451,2
56454,6
56455,4
56457,3
56458,1
56460,1
56461,5
56464,2
56467,9
56470,3
56471,2
56473,5
56474,5
56477,1
56480,2
56483,3
56484,2
56486,6
56487,4
56490,6
56492,2
56493,8
56496,1
56499,7
56500,1
56502,2
56503,2
56505,4
56506,8
56508,1
56509,2
56512,8
56515,2
56516,2
56518,5
56519,3
56522,1
56525,8
56528,1
56531,5
56532,2
56534,3
56535,5
56537,5
56538,5
56541,2
56544,6
56547,2
56548,2
56550,2
56551,5
56553,1
56557,10
56560,3
56563,11
56564,1
56566,1
56569,3
56570,3
56572,1
56573,3
56576,7
56579,5
56582,5
56583,2
56585,2
56586,2
56588,2
56589,11
56592,4
56595,2
56596,1
56599,2
56601,3
56602,3
56605,1
56608,9
56611,3
56614,4
56615,6
56618,4
56621,3
56624,2
56627,3
56628,1
56630,1
56631,2
56633,3
56634,2
56636,2
56637,2
56640,5
56643,5
56646,5
56647,2
56649,1
56650,3
56653,6
56656,1
56659,7
56660,1
56662,2
56663,1
56665,2
56666,3
56669,1
56672,9
56675,3
56678,1
56679,5
56681,3
56682,2
56685,4
56688,4
56691,8
56692,1
56694,3
56695,1
56697,5
56698,6
56701,1
56704,2
56707,3
56708,2
56710,2
56711,3
56714,2
56716,1
56717,8
56720,6
56723,9
56724,1
56726,1
56727,3
56729,4
56730,2
56733,3
56736,8
56739,3
56740,1
56742,4
56743,2
56745,2
56746,4
56748,1
56749,3
56752,2
56755,7
56756,1
56758,3
56761,2
56762,2
56765,3
56768,8
56771,1
56774,6
56775,2
56777,3
56778,1
56780,3
56781,6
56784,5
56787,4
56788,2
56790,2
56793,2
56794,5
56796,1
56797,1
56800,10
56803,2
56804,1
56806,4
56807,1
56810,2
56812,1
56813,5
56816,1
56819,2
56822,3
56823,1
56825,5
56826,6
56828,2
56829,3
56832,7
56835,2
56838,10
56839,3
56842,2
56844,2
56845,4
56848,3
56851,6
56852,2
56854,2
56857,1
56858,4
56864,11
56867,2
56868,2
56870,7
56871,3
56873,3
56874,1
56876,3
56877,6
56880,2
56883,5
56884,2
56887,1
56889,2
56890,7
56892,1
56893,1
56896,12
56899,2
56902,2
56903,8
56905,1
56906,2
56908,1
56909,7
56912,2
56915,5
56918,4
56919,2
56922,7
56925,5
56928,10
56931,1
56932,1
56934,4
56937,1
56941,4
56944,4
56947,3
56948,1
56950,1
56951,2
56953,5
56954,4
56956,1
56957,1
56960,5
56963,3
56964,1
56966,7
56967,3
56970,1
56972,1
56973,9
56976,4
56979,5
56980,3
56982,1
56983,1
56985,4
56986,6
56988,1
56989,2
56992,10
56995,3
56996,1
56998,4
56999,4
57002,1
57004,1
57005,6
57008,3
57011,8
57012,5
57014,1
57015,2
57017,3
57018,4
57020,1
57021,3
57024,12
57027,1
57030,6
57031,1
57033,1
57034,3
57036,1
57037,5
57040,3
57043,10
57044,2
57046,2
57049,1
57050,2
57052,1
57053,1
57056,9
57059,1
57062,7
57063,3
57066,1
57068,1
57069,3
57072,1
57075,4
57076,1
57078,1
57079,1
57081,4
57082,3
57088,5
57091,1
57092,1
57094,7
57095,2
57098,1
57100,1
57101,5
57104,3
57107,6
57108,2
57110,4
57111,2
57113,4
57114,1
57116,1
57117,1
57120,9
57123,2
57126,5
57127,3
57129,1
57130,3
57132,1
57133,6
57136,5
57139,2
57140,1
57145,3
57146,2
57152,3
57155,4
57156,1
57158,6
57159,1
57161,1
57162,1
57165,8
57168,3
57171,6
57172,3
57174,1
57175,2
57177,1
57178,6
57181,1
57184,10
57187,1
57190,2
57191,1
57194,1
57196,3
57197,13
57200,2
57203,3
57204,3
57206,2
57209,3
57210,1
57213,4
57216,4
57219,1
57222,2
57223,5
57226,1
57228,1
57229,6
57232,1
57235,4
57236,1
57238,3
57239,1
57241,4
57242,4
57245,4
57248,7
57251,2
57254,4
57255,5
57257,2
57258,2
57260,1
57261,10
57264,3
57267,7
57270,2
57273,5
57274,2
57277,1
57280,4
57283,2
57286,3
57287,2
57289,4
57290,1
57292,1
57293,9
57296,5
57299,4
57300,1
57302,2
57303,1
57305,2
57306,5
57309,1
57312,5
57318,4
57319,2
57322,2
57324,1
57325,5
57328,4
57331,6
57334,1
57337,2
57338,7
57340,1
57341,2
57344,5
57347,2
57350,6
57351,3
57353,1
57354,2
57356,1
57357,7
57360,4
57363,4
57366,3
57367,1
57369,2
57370,5
57372,2
57373,1
57376,3
57379,1
57383,2
57385,4
57388,1
57389,7
57392,1
57395,6
57396,2
57398,2
57399,1
57402,3
57408,8
57411,1
57414,4
57415,1
57418,4
57420,1
57421,4
57424,1
57427,3
57428,2
57430,3
57431,1
57433,2
57434,8
57437,1
57440,7
57443,1
57446,4
57449,2
57452,6
57453,4
57456,1
57459,1
57462,1
57466,5
57469,1
57472,5
57475,2
57478,5
57479,3
57482,2
57484,1
57485,4
57488,3
57491,7
57495,1
57497,2
57498,4
57504,10
57507,4
57510,6
57511,5
57513,1
57514,5
57516,5
57517,6
57520,1
57523,8
57524,1
57526,1
57529,4
57530,3
57533,3
57536,5
57539,1
57542,10
57543,1
57546,2
57548,1
57549,8
57552,3
57555,5
57556,3
57558,1
57561,3
57562,5
57564,1
57565,2
57568,8
57571,4
57572,1
57574,7
57575,3
57577,2
57578,2
57581,10
57584,4
57587,3
57588,6
57590,2
57593,4
57594,5
57600,5
57606,3
57607,2
57610,4
57612,1
57613,9
57616,3
57619,5
57620,2
57622,2
57623,4
57625,2
57626,6
57632,10
57635,2
57636,1
57638,4
57639,3
57641,2
57642,1
57644,1
57645,2
57648,2
57651,3
57652,1
57654,1
57657,1
57658,2
57660,1
57661,2
57664,2
57667,2
57668,2
57670,5
57671,1
57677,9
57680,2
57683,6
57686,1
57687,2
57689,3
57690,5
57692,1
57693,1
57696,1
57699,2
57702,5
57703,4
57706,3
57708,1
57709,6
57712,3
57715,3
57719,1
57721,2
57722,5
57728,9
57731,2
57734,4
57735,3
57737,1
57740,2
57741,12
57744,1
57747,3
57748,1
57751,1
57754,5
57756,1
57757,1
57760,2
57763,1
57766,3
57767,8
57769,2
57770,1
57772,1
57773,9
57776,5
57779,6
57780,1
57782,1
57783,3
57785,2
57786,4
57788,1
57789,3
57792,7
57795,1
57796,1
57798,6
57799,1
57802,4
57804,1
57805,2
57808,4
57811,8
57812,2
57814,2
57815,2
57817,4
57818,4
57820,2
57821,2
57824,10
57827,2
57828,2
57830,1
57831,2
57833,3
57834,1
57836,1
57837,2
57840,4
57843,6
57844,1
57846,1
57847,2
57849,6
57850,6
57853,2
57856,8
57859,2
57860,1
57862,2
57863,4
57865,1
57868,3
57869,6
57872,4
57875,7
57876,1
57878,1
57879,1
57881,1
57882,3
57885,2
57888,2
57891,2
57894,3
57895,1
57897,3
57898,5
57900,1
57901,5
57904,1
57907,4
57908,1
57910,1
57913,3
57914,3
57917,3
57920,8
57926,4
57927,2
57929,2
57930,1
57932,2
57933,5
57936,1
57939,6
57940,1
57942,2
57945,1
57946,1
57949,1
57952,8
57955,1
57958,8
57959,3
57961,1
57962,2
57964,1
57965,6
57968,1
57971,2
57974,1
57977,3
57978,2
57981,1
57984,3
57987,1
57990,3
57991,5
57997,6
58000,3
58003,7
58004,1
58007,2
58009,1
58010,8
58016,5
58019,3
58022,3
58023,3
58026,2
58029,6
58032,8
58035,6
58036,2
58038,1
58039,1
58041,5
58042,3
58048,7
58051,3
58054,2
58055,1
58057,1
58060,1
58061,8
58064,1
58067,4
58068,2
58070,2
58071,1
58073,5
58074,6
58077,2
58080,8
58083,1
58084,1
58086,4
58087,2
58089,1
58090,3
58092,1
58093,5
58096,2
58099,2
58100,2
58106,6
58108,1
58109,2
58112,3
58115,2
58116,1
58118,3
58119,4
58122,1
58124,1
58125,2
58128,1
58131,3
58132,2
58135,1
58137,1
58138,4
58140,1
58141,2
58144,5
58147,1
58148,1
58150,4
58153,1
58154,2
58157,6
58160,3
58163,5
58164,1
58169,3
58170,3
58173,2
58176,8
58179,1
58180,1
58182,2
58183,1
58186,1
58189,8
58192,1
58195,5
58198,2
58199,2
58201,2
58202,2
58205,1
58208,8
58211,4
58214,4
58218,1
58220,1
58221,1
58224,2
58227,4
58228,2
58230,1
58231,1
58234,1
58237,2
58240,6
58244,2
58246,3
58247,1
58249,1
58250,2
58253,5
58256,3
58259,5
58260,1
58263,3
58265,2
58266,7
58268,1
58269,2
58272,7
58278,3
58279,5
58281,1
58282,2
58284,2
58285,5
58288,5
58291,5
58292,1
58294,2
58295,1
58297,4
58298,2
58300,2
58304,2
58307,4
58310,2
58311,1
58313,1
58314,2
58316,3
58317,6
58320,4
58323,5
58326,4
58330,9
58333,2
58336,5
58339,1
58340,1
58342,2
58343,4
58348,2
58349,6
58352,7
58355,1
58356,3
58358,2
58359,1
58361,4
58362,6
58365,2
58368,8
58371,1
58372,1
58374,1
58375,2
58378,2
58380,4
58381,5
58384,1
58387,8
58388,1
58390,1
58391,1
58393,5
58394,5
58396,1
58397,1
58400,4
58403,1
58406,3
58407,4
58409,1
58413,6
58416,3
58419,7
58420,3
58422,2
58425,5
58426,1
58429,1
58432,4
58438,5
58439,4
58441,1
58444,1
58445,5
58448,3
58451,4
58454,1
58455,3
58458,3
58461,2
58464,2
58467,4
58471,1
58473,1
58474,1
58477,3
58483,8
58484,1
58486,2
58489,3
58490,3
58492,1
58493,2
58496,9
58499,1
58500,1
58502,5
58503,2
58505,1
58506,1
58508,2
58509,4
58512,3
58515,4
58518,3
58519,1
58522,2
58528,7
58531,2
58534,4
58535,3
58537,2
58538,1
58540,2
58541,4
58544,1
58547,4
58548,1
58550,2
58551,2
58553,1
58554,3
58556,2
58557,3
58560,6
58563,4
58566,3
58567,2
58569,3
58570,2
58573,1
58576,2
58579,5
58580,2
58582,2
58585,3
58586,4
58589,1
58592,3
58595,3
58598,5
58602,1
58604,1
58605,4
58608,3
58611,8
58614,1
58615,1
58617,1
58618,5
58621,2
58624,4
58627,4
58630,3
58631,3
58634,1
58636,1
58637,4
58643,7
58644,4
58646,1
58647,1
58650,4
58653,4
58656,4
58659,1
58660,1
58662,3
58663,6
58666,2
58668,4
58669,3
58675,3
58676,1
58681,2
58682,7
58684,1
58688,9
58692,1
58694,5
58695,2
58698,2
58700,2
58701,6
58704,2
58707,3
58708,2
58711,1
58713,2
58714,3
58717,4
58720,6
58723,1
58726,4
58727,1
58730,1
58733,4
58736,2
58739,5
58740,1
58742,1
58745,2
58746,6
58749,2
58756,1
58759,1
58761,1
58762,1
58764,2
58765,6
58768,5
58771,3
58772,1
58774,1
58775,1
58777,5
58778,3
58780,1
58781,1
58784,7
58787,2
58790,1
58791,1
58794,3
58797,3
58800,3
58803,8
58806,3
58807,1
58809,2
58810,2
58812,2
58813,2
58816,2
58819,1
58820,1
58822,1
58823,2
58825,1
58826,4
58828,2
58829,1
58832,1
58835,4
58836,2
58838,1
58839,1
58841,1
58842,3
58848,6
58851,2
58854,5
58855,2
58860,3
58861,5
58864,4
58867,4
58868,1
58870,3
58873,2
58874,6
58877,3
58880,9
58883,1
58884,1
58886,1
58887,2
58890,2
58892,1
58893,4
58896,5
58899,8
58903,1
58906,5
58908,1
58909,1
58912,6
58915,1
58916,1
58919,2
58922,3
58924,2
58925,4
58928,2
58931,3
58932,2
58934,4
58935,2
58937,2
58938,1
58940,2
58941,3
58944,6
58947,1
58948,2
58950,5
58951,2
58956,2
58957,4
58960,1
58963,8
58964,1
58967,1
58969,1
58973,4
58976,4
58979,1
58980,2
58982,2
58983,1
58986,1
58989,4
58992,1
58995,6
58996,1
58998,1
59001,4
59002,2
59005,1
59008,8
59011,2
59015,3
59018,3
59021,6
59027,6
59028,1
59031,4
59034,5
59040,3
59043,4
59046,2
59047,2
59049,1
59050,1
59053,4
59056,1
59059,4
59060,1
59062,3
59063,2
59065,1
59066,3
59069,1
59072,3
59075,1
59078,2
59079,1
59084,1
59085,7
59088,3
59091,7
59092,1
59094,2
59095,1
59097,1
59098,3
59100,1
59104,7
59107,1
59111,1
59113,3
59114,2
59116,2
59117,5
59120,3
59123,6
59126,2
59129,1
59130,3
59133,1
59136,9
59139,1
59140,1
59142,3
59143,1
59146,2
59148,1
59149,6
59152,2
59155,1
59156,1
59158,2
59161,1
59162,1
59164,1
59165,2
59168,6
59171,1
59174,1
59175,2
59177,2
59178,3
59180,1
59181,2
59187,4
59190,1
59194,6
59196,2
59197,1
59200,4
59206,3
59207,1
59209,1
59210,2
59212,2
59213,4
59216,2
59219,7
59222,1
59223,1
59225,1
59226,1
59229,4
59232,8
59235,1
59236,2
59238,1
59239,2
59241,1
59245,7
59248,3
59251,6
59252,1
59255,1
59257,2
59258,5
59260,1
59261,1
59264,6
59267,3
59270,2
59274,1
59277,7
59280,4
59283,3
59284,3
59286,1
59287,1
59290,4
59292,1
59293,3
59296,4
59299,2
59302,4
59303,4
59306,2
59308,1
59309,5
59312,3
59315,7
59316,1
59318,1
59319,1
59321,1
59322,4
59324,1
59325,1
59328,2
59331,3
59334,1
59335,1
59337,2
59340,2
59341,5
59344,2
59347,2
59350,1
59351,1
59353,1
59354,3
59356,1
59360,4
59363,2
59367,3
59369,2
59370,2
59373,2
59376,3
59379,2
59380,1
59382,2
59385,1
59386,3
59389,1
59392,6
59398,2
59399,3
59401,1
59402,1
59405,4
59408,3
59411,1
59412,1
59414,1
59417,4
59418,5
59420,1
59421,3
59424,8
59427,5
59428,1
59430,4
59431,3
59434,1
59437,5
59443,5
59444,1
59446,2
59447,1
59449,3
59450,3
59452,1
59453,1
59456,5
59459,2
59463,1
59466,2
59469,4
59472,4
59475,5
59476,1
59478,3
59479,2
59481,2
59482,4
59484,1
59485,1
59488,4
59491,2
59494,4
59498,2
59501,5
59504,1
59507,1
59510,4
59511,2
59513,2
59514,4
59517,2
59520,4
59523,4
59526,8
59527,3
59529,1
59530,2
59532,2
59533,6
59536,2
59539,7
59540,2
59542,1
59543,1
59545,1
59546,3
59548,3
59552,3
59555,2
59558,3
59559,1
59562,1
59564,2
59565,3
59568,3
59571,2
59572,2
59574,1
59575,3
59577,1
59578,5
59581,4
59584,3
59587,5
59590,1
59591,2
59593,2
59594,2
59596,1
59597,6
59600,2
59603,3
59604,1
59606,2
59607,3
59609,1
59610,1
59612,1
59616,8
59619,2
59622,3
59625,1
59626,2
59628,2
59629,5
59635,3
59636,1
59639,1
59641,1
59642,1
59645,1
59648,4
59654,3
59655,2
59658,2
59660,1
59661,6
59664,1
59667,3
59668,1
59670,1
59673,5
59674,5
59676,1
59677,4
59680,3
59683,2
59686,6
59689,1
59690,2
59693,5
59696,1
59699,3
59702,1
59703,2
59705,2
59706,6
59709,2
59712,6
59715,2
59718,4
59719,1
59722,1
59724,1
59725,2
59728,6
59731,3
59734,4
59738,2
59744,5
59747,2
59750,4
59751,3
59753,1
59754,2
59760,2
59763,2
59766,1
59769,2
59770,3
59773,1
59776,2
59779,2
59780,2
59782,5
59783,3
59786,1
59788,2
59789,4
59792,3
59795,2
59798,2
59799,1
59801,1
59802,6
59808,3
59811,1
59814,3
59818,2
59821,3
59827,4
59830,1
59831,1
59833,1
59834,2
59837,1
59840,4
59843,3
59846,4
59847,1
59850,3
59856,4
59859,7
59860,2
59862,2
59863,2
59869,3
59872,4
59875,1
59878,2
59879,6
59881,1
59884,3
59885,9
59891,6
59897,2
59898,3
59901,1
59904,2
59907,1
59908,3
59910,4
59911,1
59914,2
59916,1
59917,5
59920,4
59923,5
59924,3
59926,2
59929,2
59930,5
59933,3
59936,8
59939,2
59942,4
59943,2
59945,1
59946,5
59949,2
59952,4
59955,5
59958,1
59959,2
59961,3
59962,3
59965,4
59968,3
59971,2
59974,3
59975,5
59978,2
59981,3
59984,1
59987,1
59988,2
59991,1
59994,1
59997,1
60000,3
60003,1
60006,3
60007,1
60009,1
60010,1
60013,5
60016,3
60019,4
60020,1
60022,3
60025,2
60026,2
60029,2
60032,4
60035,3
60036,1
60038,3
60039,4
60041,1
60044,2
60045,5
60051,3
60057,2
60064,5
60067,2
60068,2
60070,2
60071,1
60073,1
60074,1
60076,1
60077,2
60080,3
60083,2
60084,1
60086,2
60089,2
60090,3
60093,3
60096,5
60099,3
60100,1
60102,1
60103,3
60109,4
60112,1
60115,7
60118,1
60119,1
60121,2
60122,2
60125,2
60128,2
60131,2
60134,3
60135,2
60138,2
60141,3
60144,2
60147,5
60148,1
60150,1
60151,1
60153,1
60154,1
60157,2
60160,4
60163,3
60166,5
60167,3
60170,1
60172,2
60173,2
60176,2
60179,4
60180,2
60182,1
60183,3
60185,1
60186,3
60192,4
60195,3
60196,1
60198,4
60199,3
60201,1
60204,3
60205,6
60211,5
60214,2
60215,2
60217,1
60218,1
60221,3
60224,2
60227,2
60228,2
60230,2
60236,2
60237,2
60240,1
60243,3
60247,1
60249,1
60250,2
60253,1
60256,4
60262,2
60263,2
60265,1
60268,2
60269,4
60272,1
60278,2
60279,1
60281,1
60282,5
60285,2
60288,6
60291,3
60292,1
60294,3
60295,2
60297,1
60298,1
60300,1
60301,2
60304,3
60307,1
60310,1
60311,1
60313,4
60314,2
60316,1
60317,3
60320,6
60323,1
60324,1
60326,2
60327,1
60329,2
60333,4
60336,2
60339,4
60342,1
60343,2
60345,2
60346,2
60349,1
60352,3
60355,1
60358,3
60359,1
60362,2
60365,1
60368,1
60371,3
60372,3
60375,1
60377,1
60381,3
60384,4
60387,2
60388,1
60390,3
60391,1
60394,1
60397,1
60400,3
60403,3
60404,1
60406,1
60409,1
60410,9
60413,1
60416,3
60419,4
60422,6
60423,4
60425,1
60426,1
60428,1
60429,1
60435,2
60436,1
60438,2
60441,2
60442,1
60448,1
60451,1
60454,3
60455,2
60457,1
60458,3
60460,1
60461,5
60464,2
60467,2
60470,1
60473,1
60474,5
60480,3
60486,3
60487,1
60489,2
60490,1
60492,2
60493,8
60496,2
60499,1
60502,1
60503,2
60506,1
60509,1
60512,3
60515,1
60518,2
60519,1
60522,2
60524,1
60525,5
60528,2
60531,1
60532,1
60538,4
60540,2
60541,1
60544,3
60550,4
60551,1
60553,2
60554,1
60556,1
60557,3
60560,3
60563,2
60564,1
60566,1
60567,3
60570,4
60573,3
60576,1
60582,5
60583,1
60585,2
60586,1
60588,1
60589,4
60592,3
60595,2
60598,1
60602,1
60605,2
60608,3
60611,3
60612,3
60614,2
60615,1
60617,1
60620,1
60621,4
60624,3
60627,5
60628,2
60633,4
60634,2
60637,2
60640,4
60643,2
60646,2
60647,1
60650,3
60652,1
60653,5
60659,2
60660,1
60662,1
60663,1
60665,1
60666,2
60669,2
60672,5
60675,3
60678,3
60679,2
60681,3
60682,1
60684,2
60685,4
60691,7
60697,2
60698,1
60700,2
60701,2
60704,6
60707,1
60710,2
60711,1
60713,1
60714,1
60717,3
60723,2
60724,1
60727,1
60729,2
60730,2
60732,3
60733,3
60736,3
60740,1
60742,3
60743,2
60749,5
60752,2
60755,4
60759,1
60761,3
60762,2
60765,1
60768,5
60771,3
60774,1
60775,2
60777,1
60778,1
60781,2
60787,1
60788,1
60790,1
60793,3
60794,2
60800,5
60803,1
60806,4
60812,1
60813,2
60816,4
60819,4
60822,1
60823,1
60825,1
60826,1
60832,8
60835,3
60838,3
60839,1
60841,1
60844,1
60845,5
60848,5
60851,5
60852,1
60855,1
60858,4
60864,5
60867,2
60870,1
60871,1
60874,3
60877,4
60880,4
60883,2
60884,1
60886,2
60889,4
60890,2
60896,3
60899,1
60900,1
60903,2
60905,1
60906,1
60908,1
60909,3
60912,2
60915,1
60918,2
60919,2
60924,1
60925,1
60928,4
60934,1
60935,2
60938,1
60940,1
60941,3
60944,2
60947,2
60948,1
60953,2
60954,1
60960,5
60963,3
60966,2
60967,2
60972,1
60973,1
60979,3
60980,2
60982,1
60985,2
60986,4
60989,1
60992,4
60995,3
60998,2
61002,1
61004,2
61005,2
61008,1
61011,2
61012,1
61015,1
61018,1
61021,2
61024,3
61027,2
61030,3
61033,1
61034,3
61036,1
61040,1
61043,2
61046,1
61050,2
61053,2
61056,3
61062,2
61063,1
61065,1
61069,7
61072,2
61075,3
61078,1
61079,1
61081,2
61082,1
61085,2
61088,3
61091,3
61094,3
61095,1
61097,2
61098,2
61101,2
61104,1
61107,4
61108,2
61110,1
61111,1
61113,2
61114,1
61116,1
61117,1
61120,4
61123,2
61126,1
61127,1
61129,3
61132,2
61133,3
61136,1
61139,2
61140,2
61145,1
61146,2
61152,7
61155,2
61158,4
61159,1
61161,2
61165,3
61168,2
61171,5
61174,1
61177,3
61178,2
61181,2
61184,7
61190,3
61191,1
61194,1
61197,3
61200,3
61203,2
61204,1
61206,1
61210,3
61213,2
61216,4
61220,1
61222,3
61226,1
61229,1
61232,2
61235,3
61238,2
61239,1
61241,3
61242,2
61245,3
61248,4
61251,1
61252,1
61255,3
61257,1
61258,2
61260,2
61261,1
61267,1
61268,1
61270,2
61273,1
61274,2
61277,3
61280,2
61283,1
61284,1
61286,1
61289,1
61290,1
61292,1
61293,3
61296,7
61299,3
61302,1
61303,1
61305,3
61306,2
61309,2
61312,3
61315,1
61318,5
61319,5
61321,1
61322,2
61324,1
61325,4
61331,3
61332,1
61334,1
61335,1
61337,4
61338,2
61340,1
61341,1
61344,4
61347,2
61350,2
61351,2
61353,2
61357,5
61360,4
61363,2
61364,1
61366,1
61369,1
61370,3
61373,2
61376,2
61379,1
61382,3
61383,2
61386,2
61389,3
61392,2
61395,5
61398,1
61401,2
61402,2
61405,3
61408,5
61411,3
61412,2
61414,1
61415,2
61418,2
61420,1
61421,4
61424,1
61427,5
61433,2
61434,1
61437,1
61440,4
61449,1
61450,1
61452,1
61453,3
61456,3
61459,3
61460,2
61465,3
61469,1
61472,4
61475,1
61478,1
61479,2
61481,1
61482,1
61485,2
61488,1
61491,5
61492,2
61495,1
61497,2
61498,1
61500,1
61501,1
61504,4
61507,2
61513,1
61514,1
61517,2
61520,3
61523,1
61524,1
61527,1
61530,2
61532,1
61533,3
61536,5
61540,1
61542,3
61543,1
61545,1
61549,5
61552,1
61555,2
61556,2
61558,1
61561,3
61562,2
61564,1
61568,3
61571,3
61572,1
61574,4
61575,2
61578,1
61580,2
61584,1
61587,3
61591,1
61593,1
61594,2
61596,1
61597,2
61600,5
61603,1
61606,3
61607,1
61610,1
61612,2
61619,5
61622,1
61623,2
61625,2
61626,2
61629,1
61632,4
61635,3
61638,1
61639,3
61641,1
61645,2
61648,1
61651,3
61652,1
61657,3
61658,3
61660,2
61661,1
61664,1
61667,3
61670,2
61671,2
61673,3
61674,1
61676,2
61677,3
61680,2
61683,4
61689,3
61690,4
61696,5
61699,2
61702,1
61703,3
61705,1
61706,1
61709,2
61715,5
61716,1
61718,1
61721,1
61722,1
61725,1
61728,4
61731,1
61734,4
61735,2
61737,1
61740,2
61741,2
61744,1
61747,1
61750,1
61751,1
61753,2
61754,1
61757,1
61760,1
61763,3
61766,1
61767,3
61770,1
61773,2
61776,2
61779,1
61785,1
61786,1
61789,1
61792,4
61795,4
61798,1
61799,2
61801,1
61804,2
61805,1
61808,3
61811,4
61812,2
61814,1
61815,2
61817,2
61818,1
61821,3
61824,1
61827,1
61830,3
61831,3
61833,3
61834,1
61836,1
61837,3
61840,2
61843,1
61846,2
61849,3
61856,7
61859,3
61862,3
61863,1
61869,1
61872,1
61875,5
61878,1
61881,3
61882,2
61884,2
61885,1
61888,4
61891,1
61894,1
61895,1
61898,1
61900,1
61901,3
61904,2
61907,2
61908,1
61914,3
61916,2
61917,2
61920,3
61923,2
61926,5
61927,4
61929,1
61930,2
61933,1
61936,1
61939,2
61942,1
61943,1
61945,2
61946,3
61949,5
61952,4
61955,1
61958,2
61959,1
61961,2
61962,2
61965,2
61968,1
61971,4
61972,1
61974,2
61975,1
61977,1
61978,1
61980,1
61984,2
61987,2
61990,3
61991,2
61993,3
61996,1
61997,1
62000,3
62003,2
62004,2
62007,1
62009,1
62010,3
62012,1
62013,1
62016,4
62019,1
62020,1
62022,1
62023,4
62025,1
62026,2
62029,2
62032,1
62035,2
62038,1
62042,2
62048,4
62054,3
62055,2
62058,1
62060,1
62061,3
62064,2
62067,4
62068,1
62071,1
62076,1
62080,8
62083,3
62086,3
62087,2
62093,2
62096,1
62099,1
62100,1
62103,1
62105,5
62106,1
62109,2
62112,5
62115,1
62116,1
62118,2
62122,1
62125,2
62128,1
62131,1
62137,2
62138,2
62140,1
62141,1
62144,6
62147,2
62150,5
62153,1
62154,1
62156,1
62157,4
62160,2
62163,2
62166,2
62167,2
62169,4
62170,3
62176,6
62179,3
62180,2
62182,3
62183,4
62185,1
62186,1
62188,1
62189,4
62195,2
62199,1
62201,1
62202,1
62205,1
62208,3
62211,3
62214,1
62215,2
62217,2
62220,1
62221,3
62224,1
62227,4
62234,2
62237,1
62240,4
62246,1
62250,2
62253,5
62256,1
62259,5
62260,1
62262,1
62265,4
62266,4
62272,2
62275,2
62278,1
62279,1
62281,1
62285,2
62288,3
62291,2
62292,1
62294,2
62295,2
62297,1
62298,2
62300,1
62304,7
62307,1
62310,1
62314,2
62317,5
62320,1
62323,1
62326,1
62330,1
62333,1
62336,3
62339,1
62342,3
62343,2
62346,1
62348,2
62349,1
62352,4
62355,2
62359,1
62361,3
62362,1
62368,8
62374,1
62375,3
62380,3
62381,3
62384,2
62387,2
62388,1
62390,1
62391,1
62393,3
62394,3
62397,1
62400,1
62406,1
62407,4
62410,1
62413,2
62419,2
62426,2
62432,3
62435,2
62436,2
62438,1
62439,1
62441,1
62442,2
62444,1
62445,2
62448,2
62451,3
62452,1
62457,1
62458,2
62461,2
62464,2
62477,1
62480,3
62483,1
62484,1
62487,1
62489,3
62490,3
62492,1
62496,4
62500,1
62506,3
62509,3
62515,3
62516,1
62518,1
62521,1
62522,3
62525,1
62528,5
62531,2
62532,1
62534,1
62535,1
62538,3
62541,3
62547,8
62548,1
62554,1
62557,1
62563,2
62573,3
62576,1
62579,1
62580,1
62585,2
62586,4
62592,3
62595,1
62598,3
62599,2
62601,1
62602,2
62605,1
62608,1
62611,4
62614,2
62615,2
62617,2
62618,2
62620,1
62621,2
62624,2
62627,1
62630,1
62631,1
62633,1
62634,2
62637,4
62640,1
62643,1
62644,1
62650,3
62653,1
62656,2
62659,2
62660,1
62662,3
62663,3
62665,1
62666,2
62669,4
62675,4
62679,1
62681,2
62685,1
62688,3
62691,2
62694,5
62698,2
62700,1
62701,4
62704,1
62707,3
62708,2
62713,1
62717,1
62720,8
62724,1
62727,2
62729,3
62730,1
62732,1
62733,5
62736,2
62739,5
62745,1
62746,3
62748,2
62749,1
62752,3
62755,2
62759,1
62764,2
62765,2
62768,2
62771,5
62778,1
62781,2
62784,1
62790,1
62797,3
62800,1
62803,6
62806,2
62810,1
62813,2
62816,4
62819,1
62823,3
62825,1
62828,1
62829,2
62835,1
62836,2
62838,1
62841,1
62842,2
62848,5
62851,3
62852,1
62854,4
62855,2
62858,2
62861,2
62864,2
62867,3
62868,1
62870,1
62871,1
62874,1
62876,1
62877,1
62880,4
62883,3
62884,1
62886,2
62889,2
62893,1
62896,5
62899,4
62900,3
62902,2
62905,1
62906,1
62912,5
62915,1
62918,1
62919,1
62924,1
62925,2
62932,1
62934,2
62938,4
62941,1
62944,2
62948,1
62950,1
62956,1
62957,1
62963,5
62964,1
62966,1
62969,3
62970,3
62973,2
62976,2
62979,1
62980,2
62982,1
62983,1
62986,1
62989,1
62992,2
62995,2
63001,1
63002,2
63005,2
63014,2
63015,1
63017,1
63018,1
63020,1
63021,2
63024,2
63027,4
63030,1
63040,2
63043,2
63046,3
63052,1
63053,1
63056,1
63065,1
63066,2
63072,5
63075,1
63078,1
63079,3
63081,1
63082,2
63085,4
63092,1
63097,1
63100,1
63101,2
63104,3
63107,2
63111,3
63114,1
63116,1
63117,2
63120,3
63123,3
63126,2
63130,3
63136,3
63140,1
63142,1
63145,1
63146,1
63149,2
63155,2
63161,1
63162,1
63168,1
63174,3
63181,2
63184,2
63187,4
63188,1
63193,3
63194,1
63196,1
63200,3
63206,2
63207,4
63209,1
63210,2
63212,1
63213,3
63216,2
63219,1
63220,1
63225,2
63226,3
63232,1
63235,1
63236,1
63238,2
63239,1
63241,2
63245,2
63251,4
63254,2
63255,1
63258,2
63264,4
63270,1
63271,1
63277,2
63280,2
63283,2
63286,1
63290,7
63293,1
63296,3
63299,1
63303,2
63305,1
63306,2
63309,1
63312,1
63318,1
63319,1
63321,4
63322,2
63328,3
63331,2
63335,1
63338,1
63340,2
63344,1
63347,5
63350,1
63351,1
63353,1
63360,3
63366,3
63367,1
63370,2
63373,3
63376,1
63379,3
63385,1
63386,1
63388,1
63395,1
63398,3
63404,1
63405,1
63408,4
63411,6
63417,1
63420,1
63424,3
63430,1
63431,1
63433,2
63437,4
63443,5
63446,1
63450,1
63452,1
63456,2
63459,1
63462,1
63465,1
63468,1
63469,3
63475,3
63476,2
63479,1
63481,1
63482,1
63485,3
63488,3
63491,2
63494,2
63497,1
63501,3
63504,1
63507,1
63510,1
63520,3
63526,2
63530,1
63533,5
63536,2
63539,1
63542,4
63545,1
63549,1
63552,1
63555,1
63558,2
63559,1
63564,1
63565,1
63568,2
63571,2
63572,1
63575,2
63578,3
63581,1
63588,1
63590,3
63591,2
63597,1
63600,1
63603,3
63606,2
63607,1
63609,1
63613,1
63616,3
63619,1
63622,2
63623,3
63626,1
63629,4
63632,1
63635,2
63639,1
63641,1
63648,4
63660,2
63664,2
63667,2
63673,1
63674,2
63677,1
63680,1
63683,1
63686,1
63687,2
63692,2
63693,4
63696,1
63699,4
63702,1
63703,1
63705,3
63706,1
63709,3
63712,2
63715,2
63718,2
63721,1
63722,2
63724,1
63725,5
63728,2
63731,1
63734,1
63738,4
63740,1
63741,3
63744,1
63748,1
63750,2
63753,1
63757,2
63763,4
63769,1
63773,3
63776,3
63789,3
63792,1
63795,4
63796,1
63798,1
63801,1
63802,1
63805,1
63811,2
63812,1
63814,2
63815,3
63818,1
63820,1
63821,2
63827,2
63830,2
63834,4
63837,1
63840,1
63847,1
63850,2
63853,1
63856,2
63859,1
63863,1
63865,2
63866,1
63872,4
63875,1
63885,4
63888,1
63891,2
63897,1
63898,4
63904,2
63907,1
63910,1
63911,1
63914,2
63916,1
63917,4
63920,4
63923,2
63927,1
63933,1
63936,1
63942,1
63943,2
63948,1
63949,3
63955,4
63958,1
63964,2
63968,2
63974,2
63977,1
63980,1
63984,2
63987,1
63990,1
63993,1
63994,1
64000,1
64003,2
64006,3
64013,2
64016,1
64019,1
64022,1
64026,4
64029,1
64032,2
64035,1
64036,1
64038,2
64039,1
64044,1
64045,3
64048,1
64051,2
64054,1
64058,2
64061,1
64067,1
64070,4
64071,2
64074,2
64077,3
64083,2
64089,2
64090,1
64096,4
64100,1
64102,3
64103,1
64105,1
64108,1
64109,4
64115,3
64116,1
64121,1
64125,2
64128,2
64131,1
64134,1
64140,3
64141,2
64147,2
64150,1
64151,2
64154,1
64160,2
64163,1
64166,2
64170,1
64172,1
64173,1
64176,1
64179,1
64180,2
64183,1
64192,1
64201,1
64204,2
64208,1
64214,1
64218,3
64224,1
64227,1
64230,1
64231,1
64233,1
64234,1
64237,3
64240,1
64246,2
64249,1
64250,1
64256,3
64262,1
64263,1
64269,1
64272,1
64275,2
64279,1
64281,2
64282,2
64284,1
64285,3
64288,4
64291,1
64294,1
64297,1
64298,2
64300,1
64301,3
64304,1
64307,1
64311,2
64313,2
64314,1
64317,1
64320,2
64323,1
64326,1
64327,2
64329,1
64330,1
64333,3
64336,1
64339,2
64342,1
64346,1
64349,1
64352,4
64358,2
64359,2
64362,1
64365,4
64368,4
64371,3
64372,1
64375,1
64377,4
64380,1
64384,2
64390,1
64391,2
64394,2
64400,1
64403,2
64409,2
64410,1
64413,2
64416,1
64419,2
64422,3
64426,1
64428,1
64429,2
64432,2
64435,1
64438,2
64441,1
64442,2
64444,1
64445,1
64448,4
64451,2
64454,2
64455,3
64461,1
64467,3
64473,1
64474,4
64480,4
64483,2
64486,1
64487,2
64490,1
64492,1
64493,1
64496,1
64499,2
64500,1
64506,2
64509,2
64512,6
64515,1
64518,2
64525,1
64528,1
64531,3
64534,1
64537,1
64538,3
64541,1
64544,2
64550,1
64551,3
64557,2
64563,1
64567,1
64569,1
64570,1
64576,2
64579,2
64582,4
64583,1
64585,1
64589,3
64592,1
64595,4
64596,1
64602,2
64608,3
64611,1
64614,1
64618,1
64620,1
64621,2
64624,2
64627,2
64630,1
64633,1
64634,2
64637,2
64640,3
64643,1
64646,2
64647,1
64650,1
64653,1
64656,1
64659,2
64660,2
64665,1
64669,1
64672,4
64675,2
64678,3
64679,1
64685,3
64688,4
64691,1
64692,1
64697,1
64700,1
64701,2
64704,5
64707,1
64710,1
64714,1
64717,1
64720,1
64723,4
64727,1
64729,2
64730,3
64733,3
64736,6
64742,2
64743,1
64748,1
64749,1
64752,1
64762,2
64768,2
64771,1
64775,2
64787,4
64790,2
64800,2
64803,1
64807,3
64810,1
64812,2
64813,1
64816,1
64819,2
64822,1
64825,2
64826,4
64829,1
64832,4
64835,1
64838,2
64839,3
64851,1
64854,1
64857,5
64858,4
64864,1
64870,1
64871,1
64873,1
64877,1
64880,1
64883,2
64884,1
64886,1
64896,2
64902,1
64903,1
64905,1
64906,1
64909,2
64915,3
64916,2
64921,1
64922,2
64931,1
64938,1
64941,4
64944,1
64947,1
64950,1
64953,1
64957,1
64960,2
64963,1
64966,1
64967,1
64973,3
64976,3
64979,2
64986,3
64992,2
64995,1
64998,1
64999,1
65001,1
65005,1
65008,2
65011,4
65015,1
65017,1
65018,2
65021,2
65024,3
65030,1
65034,2
65043,2
65046,1
65049,2
65053,1
65056,1
65059,1
65063,1
65068,1
65072,1
65075,2
65082,1
65088,2
65091,1
65094,1
65095,1
65098,1
65100,1
65101,1
65104,1
65107,2
65108,1
65110,2
65111,1
65113,1
65114,1
65117,1
65120,3
65123,1
65129,1
65130,1
65133,3
65136,1
65142,1
65145,1
65146,3
65155,2
65158,1
65159,1
65162,1
65164,1
65165,3
65168,4
65171,1
65174,1
65175,1
65177,1
65178,2
65180,1
65181,2
65184,1
65187,1
65188,1
65190,2
65191,2
65193,1
65197,2
65203,4
65207,1
65209,1
65210,1
65216,2
65219,1
65220,1
65222,1
65223,1
65235,3
65241,1
65242,1
65251,1
65254,2
65255,3
65258,1
65264,1
65268,1
65271,1
65273,2
65274,1
65277,2
65280,2
65283,1
65286,2
65287,1
65290,1
65292,1
65293,1
65296,1
65299,1
65302,1
65305,4
65309,1
65312,3
65315,1
65325,2
65328,1
65331,1
65332,1
65338,1
65341,1
65344,1
65350,1
65351,1
65353,1
65354,2
65357,1
65363,1
65364,1
65370,1
65376,2
65379,2
65382,1
65383,1
65386,2
65395,2
65398,2
65401,1
65402,1
65408,1
65415,2
65417,2
65420,2
65421,2
65427,1
65434,3
65437,1
65440,3
65443,2
65446,1
65450,1
65452,1
65453,2
65466,1
65469,1
65472,4
65485,3
65488,1
65494,2
65497,1
65498,1
65504,2
65511,1
65513,1
65517,2
65524,1
65526,2
65530,1
65532,1
65536,1
65539,2
65542,1
65545,1
65546,1
65555,1
65558,1
65562,2
65568,3
65581,1
65584,1
65588,2
65593,1
65594,2
65606,2
65607,1
65613,1
65619,1
65625,1
65626,1
65629,2
65632,1
65635,2
65639,2
65642,1
65645,1
65648,1
65651,1
65658,1
65664,2
65667,1
65670,1
65671,2
65677,1
65683,4
65689,2
65693,2
65699,2
65703,1
65709,1
65712,1
65715,1
65716,1
65718,1
65719,1
65721,1
65722,2
65728,2
65731,1
65738,1
65741,1
65748,1
65753,1
65760,2
65766,1
65767,1
65770,1
65773,2
65779,5
65782,1
65789,2
65792,3
65795,1
65798,4
65805,1
65808,2
65811,2
65818,1
65821,2
65824,4
65827,1
65828,1
65830,3
65831,2
65833,1
65837,1
65840,1
65843,1
65846,1
65847,1
65850,1
65853,2
65856,2
65863,2
65869,2
65875,3
65878,2
65881,2
65885,1
65888,1
65891,1
65895,2
65897,1
65900,1
65901,1
65904,1
65908,1
65910,1
65914,1
65917,2
65920,1
65923,2
65926,1
65927,1
65933,1
65939,3
65942,1
65943,1
65945,3
65952,1
65955,1
65965,1
65971,3
65972,2
65974,1
65977,2
65978,1
65981,1
65991,1
65994,2
65996,2
65997,4
66000,1
66003,1
66010,2
66012,1
66016,2
66022,1
66023,1
66028,1
66029,3
66032,2
66035,3
66041,1
66045,1
66048,2
66051,1
66061,3
66067,2
66070,1
66071,1
66073,1
66077,1
66080,2
66083,1
66086,1
66087,4
66093,2
66099,1
66102,1
66103,1
66106,2
66112,2
66121,1
66122,2
66124,2
66125,3
66131,1
66144,2
66150,3
66154,1
66163,1
66164,1
66166,1
66169,1
66170,2
66176,3
66179,1
66182,1
66183,1
66189,3
66192,1
66195,3
66201,3
66205,1
66208,1
66214,1
66215,1
66221,1
66233,1
66234,3
66237,1
66240,1
66246,3
66253,2
66259,3
66260,1
66265,2
66266,1
66272,3
66275,2
66278,1
66285,1
66291,2
66304,1
66307,2
66310,1
66313,2
66314,1
66317,2
66323,1
66326,1
66329,1
66330,2
66336,2
66339,1
66343,1
66345,1
66355,1
66356,4
66368,3
66371,1
66374,1
66378,3
66380,1
66381,2
66387,1
66393,1
66397,1
66406,4
66409,1
66412,1
66416,1
66422,1
66426,1
66429,1
66432,1
66435,1
66438,1
66439,1
66451,1
66452,1
66454,1
66458,2
66460,1
66461,1
66464,3
66468,1
66470,3
66477,2
66480,1
66483,1
66484,1
66486,1
66487,1
66490,1
66496,1
66503,4
66506,1
66508,1
66509,2
66515,1
66522,1
66525,1
66528,3
66537,1
66538,2
66540,1
66541,1
66544,1
66548,1
66553,1
66560,1
66566,1
66569,1
66580,1
66585,1
66586,1
66592,1
66595,1
66598,3
66605,3
66617,2
66621,1
66624,2
66630,2
66636,1
66637,1
66643,1
66647,1
66653,1
66656,1
66659,1
66669,2
66675,1
66681,2
66682,4
66688,1
66700,1
66701,1
66704,1
66708,1
66710,1
66711,1
66713,2
66714,2
66717,1
66720,1
66723,1
66727,1
66729,1
66733,2
66742,1
66745,2
66746,2
66749,1
66752,1
66759,1
66772,2
66778,2
66787,1
66790,1
66791,1
66797,1
66804,1
66810,3
66823,1
66825,1
66836,1
66841,1
66842,1
66845,2
66854,2
66855,1
66861,1
66864,1
66867,1
66873,1
66874,1
66880,2
66883,2
66887,1
66890,1
66892,1
66893,2
66902,1
66905,1
66906,1
66909,1
66918,1
66922,1
66931,2
66944,1
66950,3
66957,1
66969,1
66970,1
66973,1
66976,1
66982,1
66983,1
66985,2
66992,2
66995,1
67001,1
67002,3
67005,1
67008,1
67018,1
67021,3
67024,1
67027,2
67033,1
67034,1
67040,2
67053,1
67059,2
67066,2
67072,4
67075,1
67076,1
67078,1
67082,1
67085,1
67091,2
67104,2
67110,2
67111,1
67114,2
67117,3
67120,1
67126,2
67130,1
67136,1
67142,1
67146,2
67149,2
67155,1
67158,1
67168,2
67171,1
67174,1
67175,3
67177,1
67178,1
67184,1
67190,1
67194,1
67197,1
67212,2
67213,1
67216,1
67219,1
67220,1
67222,2
67238,1
67241,1
67245,1
67254,1
67255,1
67258,1
67260,1
67270,1
67273,1
67274,1
67277,1
67280,1
67283,2
67289,2
67290,2
67296,2
67299,2
67302,1
67303,1
67305,1
67306,1
67315,4
67318,1
67322,1
67324,1
67325,2
67328,2
67331,1
67334,1
67335,1
67340,1
67347,3
67351,1
67354,2
67357,1
67367,1
67370,2
67379,2
67385,1
67386,3
67389,1
67396,1
67399,1
67402,1
67405,1
67408,1
67412,1
67418,1
67424,1
67427,1
67430,1
67434,1
67437,1
67443,2
67446,2
67447,1
67453,1
67456,3
67462,1
67463,1
67481,1
67488,1
67501,2
67507,1
67510,1
67513,1
67520,2
67523,1
67524,1
67526,2
67527,2
67533,1
67540,1
67546,2
67549,1
67552,3
67559,1
67565,2
67568,1
67571,1
67577,1
67578,2
67581,1
67584,2
67590,1
67591,1
67603,1
67604,2
67609,1
67610,1
67613,1
67616,1
67622,2
67632,1
67635,2
67642,1
67645,1
67651,1
67654,2
67657,1
67658,1
67661,1
67674,1
67680,2
67683,2
67684,1
67690,2
67693,2
67696,1
67700,1
67706,1
67712,1
67715,1
67718,1
67731,2
67732,1
67750,1
67757,1
67763,1
67770,1
67776,5
67780,1
67782,1
67785,1
67788,1
67792,2
67804,1
67805,1
67811,1
67814,1
67828,1
67836,1
67840,1
67843,1
67846,1
67847,1
67853,2
67856,1
67859,1
67869,1
67878,1
67885,2
67888,2
67891,2
67892,1
67895,1
67897,1
67901,1
67908,1
67911,1
67914,1
67917,1
67920,1
67923,1
67929,1
67936,2
67939,2
67943,1
67948,1
67949,2
67959,1
67962,3
67965,1
67974,1
67977,1
67981,1
67987,1
68003,1
68006,1
68013,1
68016,1
68022,1
68025,1
68026,2
68029,1
68032,1
68035,1
68045,3
68052,1
68054,1
68058,2
68060,1
68064,2
68070,1
68074,1
68077,1
68080,1
68083,2
68084,1
68093,2
68102,2
68108,1
68109,1
68115,1
68116,1
68118,1
68122,1
68128,1
68134,1
68144,1
68147,1
68157,1
68160,2
68164,1
68176,1
68192,1
68198,1
68202,1
68205,2
68211,1
68217,1
68218,1
68224,1
68227,1
68228,1
68230,1
68237,2
68243,4
68244,1
68250,1
68256,2
68269,2
68275,1
68276,1
68278,1
68288,1
68291,1
68301,1
68307,1
68323,3
68332,1
68333,1
68345,1
68352,1
68355,2
68358,1
68359,1
68365,1
68378,2
68380,1
68390,1
68397,1
68403,1
68409,2
68410,1
68413,1
68416,1
68419,1
68426,1
68429,1
68432,1
68435,1
68438,1
68457,2
68467,2
68473,1
68474,1
68486,1
68493,2
68516,1
68532,2
68544,1
68550,1
68557,1
68564,1
68569,1
68570,1
68576,3
68586,1
68595,3
68598,1
68608,2
68614,1
68615,2
68634,3
68637,2
68640,1
68650,1
68652,1
68659,1
68669,1
68672,1
68678,3
68691,2
68698,2
68701,1
68704,1
68723,2
68736,3
68749,1
68759,1
68768,1
68771,1
68774,1
68777,1
68781,1
68790,1
68793,1
68820,1
68832,1
68835,1
68838,1
68842,2
68851,1
68857,2
68861,1
68867,1
68870,1
68873,1
68877,1
68883,1
68886,2
68890,1
68893,1
68896,1
68912,1
68915,1
68924,1
68934,1
68941,2
68944,3
68948,1
68956,1
68967,1
68970,1
68972,1
68979,2
68989,1
68996,1
68998,1
68999,1
69002,1
69005,2
69011,2
69017,1
69020,1
69021,1
69033,1
69037,3
69043,1
69056,1
69063,1
69069,1
69072,2
69081,1
69085,1
69101,2
69104,1
69107,1
69113,1
69114,2
69126,2
69129,1
69130,1
69136,1
69145,1
69146,2
69149,1
69155,1
69158,1
69162,1
69165,1
69171,1
69172,1
69178,1
69187,1
69190,1
69191,2
69197,2
69209,1
69210,1
69216,3
69222,1
69229,3
69235,5
69242,1
69245,1
69248,1
69254,1
69258,1
69267,2
69273,2
69283,1
69289,1
69302,1
69303,1
69312,2
69315,1
69328,1
69331,1
69337,1
69338,1
69341,1
69347,1
69350,1
69363,1
69370,1
69395,1
69396,1
69401,1
69402,1
69408,2
69415,1
69427,2
69431,1
69443,1
69447,1
69449,1
69450,1
69452,1
69456,1
69462,1
69478,1
69479,1
69488,2
69498,1
69510,1
69511,2
69517,1
69533,1
69542,1
69543,1
69545,1
69546,1
69562,2
69574,1
69584,1
69600,1
69603,1
69609,1
69620,1
69622,1
69626,1
69632,3
69651,1
69660,1
69664,1
69676,1
69692,1
69696,2
69699,2
69702,1
69703,1
69718,1
69719,1
69731,1
69738,1
69754,1
69766,2
69786,1
69792,2
69795,1
69798,1
69805,1
69821,1
69824,1
69837,1
69843,2
69849,1
69869,1
69894,1
69901,1
69907,1
69910,1
69926,1
69936,1
69952,2
69959,1
69965,3
69971,1
69984,1
69990,1
69996,1
70000,1
70006,1
70010,1
70013,2
70020,1
70022,2
70029,1
70032,1
70041,1
70042,1
70054,1
70057,1
70061,1
70068,1
70071,1
70080,1
70090,2
70099,1
70105,1
70108,1
70109,1
70112,1
70118,1
70131,1
70144,1
70151,1
70154,1
70157,1
70170,2
70173,1
70179,1
70192,1
70195,2
70202,1
70224,1
70228,1
70233,1
70234,1
70240,1
70243,1
70252,1
70256,1
70268,1
70269,1
70272,1
70275,1
70284,1
70288,1
70291,1
70304,1
70320,1
70336,2
70339,1
70345,1
70355,1
70362,1
70432,2
70448,1
70451,2
70458,1
70464,1
70468,1
70480,1
70483,1
70490,2
70508,1
70509,2
70531,1
70535,1
70563,1
70570,1
70579,3
70586,1
70592,2
70618,2
70624,1
70630,1
70649,1
70653,1
70669,1
70672,1
70688,2
70707,1
70714,1
70739,2
70746,1
70752,1
70759,1
70771,1
70807,1
70809,1
70835,1
70854,1
70873,1
70874,1
70880,1
70893,1
70899,1
70905,1
70906,1
70912,1
70915,1
70919,1
70925,1
70937,1
70944,1
70957,1
70963,1
70970,1
70985,1
70995,1
71002,2
71008,1
71020,1
71021,1
71027,1
71040,2
71059,1
71072,1
71076,1
71079,1
71088,1
71091,1
71101,1
71136,1
71149,2
71168,1
71180,1
71187,1
71193,1
71196,1
71209,1
71210,1
71219,1
71252,1
71258,1
71283,1
71293,1
71309,1
71315,1
71319,1
71325,1
71328,1
71357,1
71360,1
71373,1
71395,1
71411,1
71421,1
71443,1
71446,1
71449,1
71453,1
71456,1
71475,1
71478,1
71494,1
71495,1
71504,1
71507,1
71517,1
71523,1
71527,2
71552,2
71565,1
71574,1
71578,1
71581,1
71596,1
71622,1
71638,1
71651,1
71658,1
71660,1
71664,1
71667,1
71673,1
71686,1
71706,1
71715,1
71728,1
71737,1
71763,1
71776,1
71783,1
71814,1
71824,1
71831,1
71846,1
71856,1
71868,1
71878,1
71901,1
71945,1
71946,1
71956,1
71961,1
71981,1
71987,1
72000,2
72007,1
72019,2
72032,1
72051,1
72071,1
72080,1
72086,1
72099,1
72115,1
72195,1
72198,1
72202,1
72205,1
72208,1
72224,2
72227,1
72256,1
72275,1
72276,1
72304,1
72307,1
72314,1
72329,1
72330,1
72336,1
72339,1
72378,1
72390,1
72397,1
72410,1
72419,1
72422,1
72423,1
72429,1
72442,1
72445,1
72454,1
72477,1
72492,1
72496,1
72499,1
72512,1
72544,1
72563,1
72570,2
72608,1
72630,1
72647,1
72653,1
72659,1
72672,1
72678,2
72691,1
72717,1
72727,1
72736,1
72746,1
72748,1
72749,1
72755,2
72758,1
72807,1
72819,1
72825,1
72828,1
72845,1
72861,1
72896,1
72921,1
72934,1
72935,1
72941,2
72953,1
72954,1
72985,3
73014,1
73050,1
73053,2
73084,1
73095,1
73120,1
73145,1
73146,1
73149,1
73152,3
73162,1
73244,1
73267,1
73306,1
73315,1
73380,1
73392,1
73398,1
73414,1
73440,1
73444,1
73453,1
73501,1
73504,1
73562,1
73568,1
73574,1
73600,1
73626,1
73645,1
73654,1
73670,1
73677,2
73689,1
73696,1
73719,1
73744,1
73805,2
73888,2
73897,1
73920,1
73927,1
73959,1
73987,1
74007,1
74010,1
74028,1
74042,1
74052,1
74058,1
74061,1
74106,1
74112,1
74124,1
74131,1
74138,1
74141,1
74160,2
74182,2
74227,1
74262,1
74265,1
74297,1
74336,1
74342,1
74380,1
74403,1
74451,1
74476,1
74483,1
74490,1
74547,1
74554,1
74566,1
74573,1
74579,1
74599,1
74618,1
74637,1
74656,1
74708,1
74720,1
74823,2
74842,1
74845,1
74963,1
75027,1
75062,1
75085,1
75146,1
75175,1
75203,1
75223,1
75229,1
75315,1
75318,1
75335,1
75421,1
75449,1
75485,1
75495,1
75497,1
75507,1
75526,2
75549,1
75622,1
75686,1
75705,1
75770,1
76038,1
76119,1
76185,1
76227,1
76301,1
76374,1
76432,1
76486,1
76560,1
76640,1
76723,1
76775,1
76794,1
76813,1
76852,1
76868,1
76896,1
76915,1
77107,1
77421,1
77462,1
77495,1
77517,1
77562,1
77574,1
77715,1
77741,1
77773,1
78048,1
78074,1
78077,1
78112,1
78278,1
78282,2
78333,1
78419,1
78484,1
78492,1
78576,1
78755,1
78794,1
78906,1
78960,1
78999,1
79219,1
79315,1
79408,1
79411,1
80064,1
80109,1
80154,1
80269,1
80467,1
80566,1
80653,1
80986,1
81543,1
81702,1
81837,1
82144,1
82256,1
82839,1
82931,1
84675,1
84982,1
87284,1
87913,1
88333,1
89078,1
89117,1
90071,1
93229,1
93616,1
95165,1
97600,1
97632,1
99244,1
100055,1
101395,1
101517,1
101597,1
101667,1
102780,1
102791,1
105248,1
105287,1
107270,1
107367,1
109162,1
109827,1
111348,1
112208,1
112893,1
113152,1
114083,1
115110,1
116179,1
117376,1
117379,1
117385,1
119222,1
121658,1
127616,1
128333,1
128377,1
128484,1
129504,1
131156,1
131904,1
132329,1
132487,1
132637,1
133120,1
133702,1
134948,1
135335,1
137059,1
138336,1
139447,1
141031,1
141536,1
141600,1
141881,1
142009,1
142224,1
142285,1
143459,1
144346,1
145018,1
145529,1
147341,1
151261,1
159610,1
161690,1
161932,1
163882,1
165875,1
167347,1
168806,1
170887,1
171680,1
177366,1
179130,1
180800,1
182317,1
183741,1
184570,1
191648,1
193146,1
194489,1
197484,1
197991,1
198381,1
201811,1
205677,1
208675,1
209024,1
209082,1
211958,1
212570,1
214003,1
222057,1
224720,1
233744,1
234663,1
235152,1
241095,1
241293,1
242051,1
244884,1
245308,1
249638,1
252851,1
256963,1
275088,1
298746,1
300627,1
308247,1
333245,1
354282,1
391565,1
424797,1
424871,1
428096,1
432432,1
437494,1
442489,1
561558,1
673446,1
969306,1
5896444,1
5905875,1
5911517,1
5917206,1
5919645,1
6014218,1
