# Samples: 54529, Average: 5394.6 ns, StdDev: 4624.7 ns, Quartiles: 5107.0/5222.0/5427.0 ns
4868,1
4877,1
4884,2
4886,1
4887,1
4889,1
4896,6
4899,3
4902,4
4903,3
4905,1
4906,2
4908,3
4909,9
4912,6
4915,17
4916,2
4918,6
4919,9
4921,8
4922,18
4924,3
4925,14
4928,36
4931,13
4932,5
4934,18
4935,21
4937,13
4938,12
4940,20
4941,54
4944,37
4947,54
4948,12
4950,22
4951,13
4953,39
4954,47
4956,12
4957,37
4960,109
4963,38
4964,10
4966,71
4967,36
4969,28
4970,39
4972,16
4973,89
4976,60
4979,117
4980,23
4982,35
4983,32
4985,49
4986,77
4988,17
4989,58
4992,139
4995,54
4996,16
4998,88
4999,55
5001,19
5002,42
5004,34
5005,134
5008,75
5011,137
5012,36
5014,49
5015,35
5017,92
5018,126
5020,15
5021,99
5024,287
5027,119
5028,27
5030,194
5031,128
5033,61
5034,88
5036,61
5037,323
5040,218
5043,350
5044,71
5046,137
5047,80
5049,209
5050,304
5052,54
5053,193
5056,563
5059,223
5060,50
5062,351
5063,251
5065,126
5066,162
5068,113
5069,530
5072,323
5075,622
5076,140
5078,184
5079,148
5081,275
5082,426
5084,61
5085,275
5088,710
5091,258
5092,61
5094,402
5095,291
5097,118
5098,213
5100,111
5101,558
5104,323
5107,523
5108,145
5110,178
5111,130
5113,258
5114,399
5116,51
5117,225
5120,682
5123,216
5124,45
5126,370
5127,255
5129,97
5130,144
5132,110
5133,505
5136,277
5139,479
5140,123
5142,180
5143,93
5145,226
5146,339
5148,40
5149,210
5152,513
5155,192
5156,61
5158,350
5159,222
5161,88
5162,169
5164,98
5165,429
5168,228
5171,380
5172,98
5174,129
5175,79
5177,187
5178,283
5180,38
5181,193
5184,460
5187,144
5188,37
5190,248
5191,160
5193,62
5194,112
5196,91
5197,369
5200,164
5203,357
5204,95
5206,100
5207,72
5209,174
5210,235
5212,37
5213,141
5216,390
5219,135
5220,37
5222,234
5223,167
5225,62
5226,111
5228,69
5229,306
5232,165
5235,312
5236,58
5238,97
5239,77
5241,132
5242,254
5244,28
5245,131
5248,358
5251,121
5252,39
5254,197
5255,140
5257,64
5258,103
5260,67
5261,300
5264,156
5267,270
5268,66
5270,71
5271,57
5273,131
5274,222
5276,36
5277,112
5280,324
5283,117
5284,30
5286,177
5287,113
5289,68
5290,82
5292,58
5293,228
5296,152
5299,245
5300,49
5302,72
5303,58
5305,126
5306,162
5308,20
5309,115
5312,276
5315,111
5316,26
5318,169
5319,134
5321,63
5322,83
5324,59
5325,246
5328,158
5331,231
5332,47
5334,86
5335,63
5337,95
5338,173
5340,25
5341,82
5344,295
5347,93
5348,21
5350,162
5351,102
5353,59
5354,68
5356,55
5357,194
5360,129
5363,207
5364,47
5366,72
5367,52
5369,109
5370,168
5372,30
5373,92
5376,244
5379,73
5380,21
5382,152
5383,102
5385,40
5386,66
5388,64
5389,176
5392,116
5395,198
5396,41
5398,73
5399,35
5401,84
5402,153
5404,19
5405,79
5408,214
5411,72
5412,23
5414,117
5415,86
5417,47
5418,53
5420,49
5421,143
5424,95
5427,166
5428,40
5430,49
5431,32
5433,70
5434,110
5436,27
5437,82
5440,169
5443,64
5444,16
5446,123
5447,60
5449,29
5450,50
5452,41
5453,160
5456,103
5459,135
5460,36
5462,55
5463,47
5465,53
5466,109
5468,20
5469,96
5472,190
5475,80
5476,29
5478,111
5479,70
5481,34
5482,46
5484,50
5485,144
5488,82
5491,131
5492,33
5494,54
5495,28
5497,82
5498,92
5500,19
5501,75
5504,163
5507,64
5508,17
5510,106
5511,62
5513,31
5514,54
5516,36
5517,130
5520,94
5523,135
5524,38
5526,34
5527,22
5529,69
5530,119
5532,18
5533,49
5536,140
5539,75
5540,16
5542,100
5543,58
5545,36
5546,46
5548,29
5549,122
5552,77
5555,139
5556,31
5558,48
5559,32
5561,65
5562,87
5564,13
5565,61
5568,164
5571,57
5572,12
5574,105
5575,61
5577,31
5578,42
5580,37
5581,147
5584,60
5587,107
5588,31
5590,40
5591,29
5593,55
5594,86
5596,12
5597,46
5600,148
5603,50
5604,18
5606,73
5607,52
5609,29
5610,24
5612,30
5613,92
5616,39
5619,98
5620,25
5622,33
5623,22
5625,38
5626,53
5628,11
5629,44
5632,113
5635,47
5636,12
5638,60
5639,36
5641,17
5642,34
5644,22
5645,103
5648,40
5651,66
5652,22
5654,23
5655,26
5657,40
5658,47
5660,5
5661,36
5664,79
5667,30
5668,14
5670,51
5671,28
5673,26
5674,31
5676,9
5677,57
5680,38
5683,62
5684,12
5686,20
5687,16
5689,27
5690,44
5692,12
5693,26
5696,69
5699,23
5700,5
5702,42
5703,22
5705,8
5706,18
5708,17
5709,53
5712,34
5715,60
5716,18
5718,13
5719,7
5721,27
5722,36
5724,1
5725,24
5728,60
5731,27
5732,7
5734,45
5735,33
5737,12
5738,20
5740,13
5741,46
5744,22
5747,42
5748,12
5750,18
5751,12
5753,29
5754,43
5756,2
5757,26
5760,55
5763,23
5764,5
5766,29
5767,22
5769,8
5770,10
5772,7
5773,36
5776,22
5779,47
5780,6
5782,9
5783,10
5785,27
5786,33
5788,7
5789,17
5792,44
5795,14
5796,1
5798,26
5799,14
5801,3
5802,17
5804,9
5805,28
5808,19
5811,33
5812,9
5814,12
5815,7
5817,10
5818,28
5820,1
5821,25
5824,51
5827,18
5828,2
5830,21
5831,18
5833,10
5834,10
5836,10
5837,30
5840,13
5843,27
5844,5
5846,6
5847,8
5849,18
5850,24
5852,2
5853,11
5856,41
5859,13
5860,1
5862,16
5863,8
5865,5
5866,10
5868,8
5869,41
5872,16
5875,25
5876,7
5878,14
5879,9
5881,16
5882,20
5885,17
5888,25
5891,15
5892,5
5894,17
5895,14
5897,8
5898,11
5900,7
5901,27
5904,17
5907,34
5908,7
5910,13
5911,5
5913,14
5914,23
5916,2
5917,19
5920,31
5923,14
5924,5
5926,19
5927,16
5929,4
5930,6
5932,12
5933,33
5936,13
5939,25
5940,5
5942,7
5943,7
5945,9
5946,13
5949,9
5952,33
5955,14
5956,3
5958,17
5959,10
5961,6
5962,8
5964,4
5965,22
5968,19
5971,18
5972,5
5974,8
5975,4
5977,13
5978,10
5980,5
5981,17
5984,27
5987,6
5988,1
5990,14
5991,8
5993,6
5994,5
5996,6
5997,16
6000,14
6003,17
6004,5
6006,5
6007,4
6009,11
6010,13
6012,2
6013,8
6016,20
6019,7
6020,1
6022,6
6023,8
6025,6
6026,6
6028,2
6029,13
6032,13
6035,10
6036,1
6038,4
6039,4
6041,6
6042,9
6044,4
6045,5
6048,14
6051,13
6052,3
6054,15
6055,5
6057,4
6058,7
6060,1
6061,8
6064,8
6067,10
6068,3
6070,3
6073,3
6074,8
6077,5
6080,14
6083,1
6086,1
6087,5
6089,1
6090,1
6092,2
6093,14
6096,7
6099,10
6100,7
6102,5
6103,5
6105,4
6106,4
6108,2
6109,2
6112,11
6115,2
6118,2
6119,2
6121,1
6122,2
6124,1
6125,8
6128,4
6131,10
6132,4
6134,2
6135,2
6137,3
6138,7
6140,1
6141,1
6144,8
6147,5
6148,2
6150,7
6151,2
6153,1
6154,1
6156,5
6157,2
6160,4
6163,6
6164,1
6166,4
6169,2
6170,6
6173,7
6176,3
6179,1
6182,5
6183,2
6185,1
6188,1
6189,6
6192,1
6195,4
6199,4
6201,1
6202,4
6205,2
6208,8
6211,1
6214,1
6215,4
6217,1
6220,2
6221,4
6224,3
6227,2
6231,2
6233,2
6234,1
6237,1
6240,2
6246,1
6253,3
6262,2
6266,2
6272,2
6278,2
6284,2
6285,3
6288,1
6291,3
6292,1
6294,1
6297,1
6298,1
6301,1
6304,5
6307,2
6308,1
6310,1
6313,1
6314,1
6320,2
6323,2
6326,2
6329,1
6330,1
6333,2
6336,2
6339,1
6340,1
6348,2
6349,1
6355,5
6362,1
6364,1
6365,1
6368,1
6371,1
6374,2
6375,2
6384,1
6388,1
6390,1
6400,1
6412,1
6416,1
6419,1
6432,1
6435,2
6436,1
6438,2
6439,1
6442,2
6445,1
6454,2
6455,1
6457,1
6458,1
6461,1
6471,1
6480,1
6483,2
6487,1
6489,1
6490,3
6492,1
6493,1
6502,2
6509,1
6515,1
6516,1
6518,1
6522,2
6541,2
6547,2
6548,1
6553,1
6554,1
6569,1
6570,1
6573,1
6576,1
6579,1
6582,2
6585,1
6586,1
6602,1
6605,1
6614,1
6617,1
6618,2
6630,2
6637,2
6643,3
6646,1
6649,1
6653,1
6659,1
6662,2
6663,1
6666,1
6669,1
6672,1
6675,2
6682,1
6697,1
6701,1
6704,2
6707,1
6720,1
6729,1
6733,1
6736,1
6746,1
6752,3
6758,1
6759,1
6762,1
6772,1
6777,1
6778,1
6790,1
6796,2
6800,2
6803,2
6807,1
6810,4
6816,2
6822,1
6826,1
6829,2
6835,1
6836,1
6852,1
6855,1
6857,1
6861,2
6864,1
6867,2
6868,1
6874,1
6880,4
6887,1
6892,1
6893,2
6896,1
6899,1
6906,1
6925,1
6928,1
6935,1
6944,2
6947,1
6951,1
6964,1
6969,1
6976,1
6979,2
6982,1
6986,1
6995,2
6998,1
7005,1
7008,1
7014,2
7015,1
7018,1
7027,1
7028,1
7031,1
7034,3
7037,1
7040,1
7060,2
7069,1
7072,1
7085,1
7088,1
7097,1
7104,1
7108,1
7114,1
7117,1
7124,1
7129,3
7140,1
7161,1
7168,2
7187,1
7190,1
7194,1
7203,1
7207,1
7212,1
7216,1
7226,1
7236,1
7238,1
7245,1
7257,1
7258,1
7264,1
7273,1
7277,3
7287,1
7289,1
7290,3
7296,3
7309,2
7321,1
7328,2
7337,1
7341,1
7347,1
7348,1
7350,1
7360,2
7366,1
7372,1
7376,1
7379,1
7383,1
7385,1
7386,1
7396,1
7398,1
7405,3
7411,1
7417,1
7418,1
7431,1
7437,1
7446,1
7449,1
7450,1
7453,1
7456,1
7466,2
7468,1
7472,1
7475,1
7481,1
7488,2
7495,1
7501,1
7504,1
7511,1
7514,1
7520,2
7523,2
7526,1
7527,1
7530,1
7533,3
7545,2
7546,3
7555,1
7558,1
7565,2
7572,2
7574,3
7577,1
7578,3
7581,2
7584,1
7587,1
7588,1
7590,1
7591,2
7593,1
7594,2
7597,1
7603,2
7607,2
7610,1
7616,1
7619,1
7622,4
7625,1
7626,2
7629,2
7635,4
7636,2
7639,2
7642,3
7645,3
7648,6
7651,2
7654,1
7655,1
7657,1
7661,4
7664,4
7667,5
7668,2
7671,1
7674,1
7676,1
7677,1
7680,5
7683,2
7686,3
7687,5
7689,1
7690,1
7693,4
7696,1
7699,2
7702,5
7703,1
7705,1
7706,5
7709,1
7712,7
7715,2
7718,3
7722,1
7724,2
7725,1
7728,1
7731,2
7732,1
7738,5
7741,4
7744,5
7750,2
7751,1
7754,1
7756,2
7757,6
7760,2
7763,5
7764,1
7766,1
7769,2
7770,2
7772,1
7773,2
7776,3
7779,1
7782,2
7783,1
7786,2
7788,2
7789,5
7792,1
7795,6
7796,2
7799,1
7801,1
7802,4
7804,1
7805,1
7808,4
7811,2
7814,6
7815,2
7818,2
7821,2
7827,5
7828,2
7831,1
7833,5
7834,3
7836,1
7837,2
7840,1
7846,2
7847,1
7849,1
7850,1
7853,2
7856,2
7859,2
7862,1
7865,1
7866,2
7868,1
7869,2
7872,1
7875,1
7876,1
7885,1
7888,1
7891,2
7894,2
7897,1
7898,3
7901,3
7904,5
7907,2
7908,1
7910,6
7911,3
7913,1
7914,1
7917,2
7920,1
7923,3
7926,1
7929,1
7930,3
7932,1
7933,2
7936,4
7939,2
7943,1
7945,1
7949,2
7955,4
7958,1
7961,2
7962,5
7964,1
7968,2
7971,1
7974,1
7978,2
7981,5
7990,2
7993,4
8000,4
8006,3
8012,1
8013,2
8016,1
8019,4
8022,1
8023,1
8032,3
8038,1
8039,3
8041,1
8044,1
8048,2
8051,4
8052,1
8054,1
8058,1
8061,1
8064,4
8070,3
8071,2
8074,1
8077,2
8087,1
8090,1
8093,1
8096,2
8099,2
8102,4
8103,1
8108,1
8109,1
8112,2
8115,3
8116,1
8118,2
8122,1
8134,2
8135,2
8138,1
8141,1
8147,5
8148,1
8160,5
8166,3
8167,1
8176,1
8179,3
8186,1
8192,2
8195,1
8198,1
8204,1
8205,2
8208,1
8211,1
8214,2
8218,1
8220,1
8221,2
8224,2
8230,2
8234,1
8236,1
8240,1
8247,1
8256,2
8259,1
8262,1
8269,1
8275,1
8282,1
8288,1
8291,1
8301,2
8310,3
8316,1
8323,1
8324,1
8329,1
8336,2
8339,1
8343,1
8345,1
8349,1
8355,1
8362,2
8365,1
8378,1
8387,1
8394,2
8403,3
8409,1
8410,2
8413,2
8416,1
8428,1
8429,1
8435,1
8438,1
8441,1
8445,1
8448,2
8467,1
8468,1
8474,1
8477,1
8480,2
8483,2
8500,1
8503,1
8506,2
8515,2
8521,1
8531,1
8547,1
8548,1
8563,2
8570,1
8583,1
8589,1
8595,2
8602,1
8611,1
8620,1
8650,1
8652,1
8665,1
8672,1
8679,1
8684,1
8691,2
8695,2
8700,1
8707,1
8713,1
8730,1
8733,1
8736,1
8740,1
8745,1
8761,1
8775,1
8794,1
8796,1
8800,2
8813,1
8826,2
8832,2
8841,1
8854,1
8867,1
8890,2
8902,1
8970,1
8985,1
8986,1
8988,1
9011,1
9056,1
9062,1
9110,1
9113,1
9126,1
9127,1
9132,1
9133,1
9164,1
9184,2
9187,1
9190,1
9193,1
9229,1
9236,1
9261,3
9267,1
9289,1
9312,1
9324,1
9334,1
9337,1
9344,1
9376,1
9396,1
9408,2
9434,1
9437,1
9444,1
9450,1
9459,1
9472,1
9488,1
9491,1
9507,1
9513,1
9520,1
9543,1
9548,1
9561,1
9568,2
9572,1
9580,1
9600,1
9613,1
9626,1
9658,1
9660,1
9671,1
9673,1
9676,1
9696,1
9702,1
9716,1
9728,1
9732,1
9734,3
9754,1
9773,1
9796,1
9798,1
9815,1
9824,2
9827,1
9840,1
9844,1
9856,3
9869,1
9872,1
9881,1
9894,1
9904,1
9927,1
9933,1
9936,1
9939,1
9952,2
9958,1
9965,1
9977,1
10003,2
10016,1
10020,1
10022,3
10025,1
10029,1
10048,1
10058,1
10067,1
10073,1
10105,1
10144,2
10151,1
10160,1
10195,1
10214,1
10221,1
10240,1
10256,1
10259,1
10265,1
10278,1
10284,1
10285,1
10295,1
10329,1
10330,2
10339,1
10349,1
10355,2
10375,1
10378,1
10407,1
10409,1
10425,1
10439,2
10451,1
10483,1
10528,1
10547,1
10550,1
10563,1
10566,1
10573,1
10582,1
10586,1
10650,1
10660,1
10675,1
10711,1
10713,1
10740,1
10758,1
10854,1
11001,1
11052,1
11104,1
11161,1
11190,1
11261,1
11367,1
11424,1
11664,1
11776,1
11843,1
11980,1
12000,1
12070,1
12147,1
12336,1
12428,1
12438,1
12592,1
12602,1
12710,1
12714,1
12947,1
13136,1
13312,1
13495,1
13671,1
13971,1
111718,1
139578,1
184435,1
223216,1
229209,1
400928,1
430355,1
434572,1
488851,1
494739,1
