# Samples: 28927, Average: 20695.5 ns, StdDev: 5771.2 ns, Quartiles: 18650.0/19882.0/21818.0 ns
5078,1
5165,1
5190,1
5299,1
5994,1
14659,1
14698,1
14762,1
14816,1
14835,1
14867,1
14877,1
14944,1
15011,1
15177,1
15206,1
15220,1
15222,1
15251,1
15261,1
15315,1
15316,1
15354,2
15370,1
15414,1
15418,2
15420,1
15430,2
15440,1
15472,1
15494,1
15510,1
15526,1
15536,1
15548,1
15552,1
15559,1
15587,1
15591,2
15600,1
15610,1
15623,1
15645,1
15658,1
15661,1
15667,1
15671,1
15677,1
15680,1
15693,1
15696,1
15699,3
15712,1
15715,1
15728,2
15747,1
15748,1
15757,1
15763,1
15764,1
15769,1
15773,1
15776,1
15782,1
15785,1
15795,1
15799,3
15808,1
15815,2
15820,1
15827,1
15828,1
15833,1
15843,1
15846,1
15856,2
15859,2
15860,1
15862,1
15866,2
15868,1
15876,1
15878,1
15885,2
15888,1
15894,1
15895,1
15904,2
15914,1
15917,2
15920,1
15929,1
15930,1
15936,1
15949,1
15955,3
15956,1
15958,1
15959,1
15961,1
15962,3
15965,2
15968,2
15971,1
15974,1
15977,3
15980,1
15981,1
15984,1
15991,3
15993,1
15997,1
16006,2
16009,1
16013,1
16029,1
16038,1
16041,1
16044,1
16045,3
16048,2
16051,1
16055,1
16057,2
16060,1
16061,4
16064,1
16077,1
16080,2
16083,2
16087,1
16089,1
16090,1
16093,2
16096,3
16099,3
16102,2
16103,1
16106,2
16109,1
16112,1
16115,1
16121,1
16125,1
16128,4
16131,2
16132,1
16134,1
16135,1
16137,2
16141,1
16144,2
16147,2
16148,1
16151,2
16153,1
16156,1
16157,1
16163,2
16166,3
16170,1
16173,3
16176,2
16180,1
16183,1
16186,1
16188,1
16189,1
16192,1
16199,1
16202,2
16204,1
16205,3
16208,1
16211,2
16212,1
16214,2
16217,2
16218,2
16220,1
16224,1
16227,2
16230,1
16233,1
16234,2
16237,2
16240,1
16243,3
16244,1
16246,2
16249,1
16250,1
16256,1
16259,1
16265,1
16266,1
16268,1
16269,1
16272,1
16278,2
16281,1
16282,3
16285,1
16288,1
16291,1
16292,1
16294,2
16301,3
16304,1
16307,2
16310,1
16317,4
16320,2
16323,3
16324,1
16326,1
16329,1
16330,1
16332,1
16333,2
16336,2
16340,2
16343,2
16345,2
16346,1
16349,1
16352,2
16355,5
16358,4
16359,2
16365,1
16368,5
16371,2
16374,2
16375,3
16377,2
16378,2
16380,1
16381,1
16384,4
16387,2
16388,1
16390,3
16391,1
16400,4
16404,2
16406,2
16407,2
16409,3
16413,3
16416,2
16419,1
16422,3
16423,1
16426,2
16432,1
16435,2
16439,1
16441,3
16442,2
16444,1
16445,2
16448,4
16451,1
16452,1
16454,3
16455,1
16458,1
16461,4
16464,1
16467,5
16470,2
16473,2
16474,4
16480,5
16483,2
16486,1
16487,3
16489,5
16490,1
16492,1
16493,2
16496,4
16499,3
16502,2
16505,1
16509,1
16512,1
16515,4
16518,4
16519,1
16524,1
16525,1
16528,2
16531,5
16532,1
16534,1
16538,3
16541,2
16544,3
16547,2
16550,2
16557,4
16560,3
16563,3
16564,1
16566,1
16567,1
16569,1
16570,1
16573,1
16576,3
16579,5
16582,6
16583,1
16585,2
16586,2
16589,1
16592,3
16595,1
16596,1
16598,3
16599,1
16602,1
16604,1
16605,2
16608,4
16611,2
16612,1
16614,4
16615,1
16617,2
16618,1
16621,2
16624,3
16628,1
16630,1
16631,1
16633,4
16634,1
16637,4
16640,3
16643,2
16646,2
16647,4
16650,2
16653,2
16656,3
16659,5
16662,1
16665,2
16666,1
16669,1
16672,5
16675,3
16676,1
16678,6
16679,1
16681,1
16682,5
16685,2
16688,5
16691,3
16694,2
16695,3
16697,1
16698,6
16700,2
16701,5
16704,1
16710,5
16711,1
16713,2
16717,3
16720,2
16723,4
16724,2
16726,2
16727,4
16729,2
16730,1
16733,6
16736,3
16739,4
16743,1
16745,4
16746,4
16748,1
16749,5
16752,3
16755,6
16761,3
16762,1
16765,5
16768,7
16771,4
16774,6
16777,1
16778,5
16780,1
16781,2
16784,2
16787,3
16790,2
16791,1
16793,1
16794,1
16796,1
16797,4
16800,2
16803,3
16806,2
16810,2
16812,2
16813,3
16816,5
16819,2
16822,1
16823,2
16825,1
16826,1
16828,1
16829,6
16832,5
16835,2
16836,2
16838,4
16839,2
16841,1
16842,1
16845,4
16848,3
16851,5
16852,1
16854,4
16857,4
16858,2
16860,1
16861,2
16864,2
16867,4
16870,2
16871,3
16873,1
16874,1
16877,3
16880,1
16883,4
16884,1
16886,6
16887,4
16889,1
16890,1
16893,8
16896,3
16899,1
16900,1
16902,1
16903,1
16905,2
16906,1
16908,3
16909,7
16912,6
16915,7
16916,2
16922,4
16924,3
16925,1
16928,4
16931,2
16934,1
16938,4
16940,2
16941,3
16944,5
16947,4
16948,1
16953,2
16954,6
16956,1
16957,5
16960,1
16963,9
16964,1
16966,4
16967,2
16969,1
16970,1
16973,3
16976,6
16979,2
16980,3
16982,2
16983,4
16985,1
16986,3
16989,4
16992,6
16995,10
16996,4
16998,5
16999,2
17001,3
17002,5
17005,3
17008,2
17011,1
17012,1
17014,3
17015,1
17017,5
17018,6
17020,1
17021,6
17024,6
17027,3
17030,3
17031,4
17034,2
17036,1
17037,4
17040,5
17043,8
17044,1
17046,8
17047,5
17049,5
17050,4
17052,1
17053,3
17056,6
17059,4
17062,1
17063,5
17065,1
17066,1
17068,1
17069,6
17072,4
17075,2
17078,3
17079,2
17082,2
17084,2
17085,3
17088,4
17091,3
17092,1
17094,1
17095,2
17097,2
17098,3
17100,1
17101,7
17104,5
17107,10
17108,1
17111,2
17113,5
17114,1
17116,1
17117,3
17120,9
17123,5
17124,1
17126,7
17127,1
17129,1
17130,3
17132,1
17133,6
17136,3
17139,6
17140,2
17142,4
17143,2
17145,5
17146,2
17148,3
17149,6
17152,8
17155,4
17156,1
17158,6
17159,3
17161,1
17162,3
17165,2
17168,4
17171,2
17172,5
17174,5
17175,3
17177,4
17178,5
17180,1
17181,7
17184,7
17187,6
17190,2
17191,2
17193,2
17194,8
17197,7
17200,6
17203,5
17204,1
17206,5
17207,2
17209,4
17210,5
17212,1
17213,7
17216,4
17219,7
17220,1
17222,7
17223,2
17225,3
17226,5
17229,6
17232,8
17235,8
17236,1
17238,1
17239,5
17241,2
17242,3
17244,4
17245,6
17248,5
17251,4
17252,3
17254,7
17255,3
17257,2
17258,4
17260,2
17261,6
17264,7
17267,6
17268,1
17270,5
17271,2
17273,1
17274,3
17276,3
17277,6
17280,7
17283,6
17286,3
17287,1
17290,5
17292,1
17293,4
17296,10
17299,9
17300,4
17302,4
17303,6
17306,2
17308,1
17309,5
17312,5
17315,5
17316,1
17318,3
17319,3
17321,5
17322,2
17324,2
17325,4
17328,6
17331,7
17334,8
17337,6
17338,4
17340,3
17341,8
17344,6
17347,10
17348,3
17350,4
17351,5
17353,3
17354,1
17357,4
17360,13
17363,8
17364,2
17366,2
17367,1
17369,6
17370,2
17372,1
17373,12
17376,11
17379,8
17382,7
17383,4
17385,5
17386,7
17388,1
17389,8
17392,7
17395,5
17396,3
17398,5
17399,1
17401,1
17402,3
17404,1
17405,6
17408,12
17411,6
17412,6
17414,6
17415,2
17417,2
17418,2
17420,2
17421,12
17424,13
17427,10
17428,3
17430,2
17431,4
17433,1
17434,4
17436,2
17437,5
17440,6
17443,8
17444,3
17446,4
17447,1
17449,2
17450,5
17452,1
17453,9
17456,8
17459,8
17460,3
17462,9
17463,4
17466,4
17469,6
17472,4
17475,8
17476,2
17478,5
17479,3
17481,3
17482,7
17484,2
17485,11
17488,8
17491,4
17492,2
17494,10
17495,5
17497,2
17498,2
17501,4
17504,11
17507,6
17510,8
17511,2
17513,5
17514,5
17516,3
17517,10
17520,8
17523,10
17526,7
17527,4
17530,3
17532,2
17533,8
17536,5
17539,10
17540,3
17542,5
17543,2
17545,3
17546,8
17548,1
17549,3
17552,7
17555,8
17556,1
17558,3
17559,2
17561,4
17562,8
17564,1
17565,4
17568,6
17571,5
17572,2
17574,6
17575,6
17577,7
17578,5
17580,1
17581,11
17584,10
17587,13
17588,1
17590,2
17591,6
17593,3
17594,6
17596,3
17597,9
17600,13
17603,7
17604,2
17606,4
17607,1
17609,1
17610,4
17613,3
17616,8
17619,5
17620,4
17622,3
17623,4
17625,2
17626,5
17628,2
17629,9
17632,10
17635,6
17636,1
17638,3
17639,4
17641,2
17642,6
17644,1
17645,12
17648,11
17651,9
17652,3
17654,4
17655,5
17657,2
17658,1
17660,2
17661,6
17664,11
17667,4
17668,1
17670,9
17671,6
17673,3
17674,5
17676,1
17677,14
17680,11
17683,11
17684,4
17686,8
17687,3
17689,4
17690,2
17692,1
17693,5
17696,9
17699,11
17700,2
17702,5
17703,5
17705,5
17706,4
17709,10
17712,8
17715,3
17716,2
17718,5
17719,5
17721,2
17722,3
17724,2
17725,12
17728,9
17731,6
17732,1
17734,10
17735,8
17737,1
17738,3
17740,1
17741,5
17744,6
17747,10
17748,2
17750,3
17751,6
17753,5
17754,12
17756,3
17757,10
17760,14
17763,5
17766,7
17767,6
17769,7
17770,3
17772,2
17773,9
17776,12
17779,12
17780,1
17782,8
17783,3
17785,6
17786,12
17788,2
17789,6
17792,12
17795,8
17796,3
17798,8
17799,1
17801,5
17802,2
17804,2
17805,16
17808,10
17811,8
17812,3
17814,4
17815,5
17817,4
17818,4
17820,3
17821,8
17824,5
17827,8
17828,1
17830,3
17831,8
17833,6
17834,4
17836,5
17837,12
17840,11
17843,8
17846,9
17847,6
17849,6
17850,8
17852,2
17853,10
17856,13
17859,7
17860,4
17862,10
17863,5
17865,2
17866,5
17868,2
17869,17
17872,18
17875,6
17876,1
17878,9
17879,5
17882,7
17885,9
17888,18
17891,10
17892,1
17894,8
17895,5
17897,5
17898,9
17900,2
17901,10
17904,16
17907,15
17908,2
17910,7
17911,4
17913,9
17914,9
17916,2
17917,13
17920,18
17923,23
17924,3
17926,9
17927,3
17929,5
17930,8
17932,5
17933,8
17936,8
17939,17
17940,3
17942,9
17943,1
17945,10
17946,9
17948,3
17949,8
17952,13
17955,10
17956,1
17958,5
17959,7
17961,5
17962,11
17964,4
17965,9
17968,15
17971,13
17972,2
17974,3
17975,10
17977,3
17978,7
17980,3
17981,4
17984,7
17987,11
17988,5
17990,10
17991,3
17993,11
17994,1
17996,3
17997,6
18000,9
18003,12
18004,5
18006,10
18007,3
18009,6
18010,13
18012,3
18013,7
18016,14
18019,16
18022,6
18023,12
18026,7
18028,4
18029,14
18032,9
18035,13
18036,3
18038,5
18039,5
18041,4
18042,15
18044,4
18045,11
18048,14
18051,13
18052,3
18054,10
18055,6
18057,4
18058,7
18060,2
18061,10
18064,13
18067,9
18068,4
18070,5
18071,4
18073,12
18074,14
18076,5
18077,13
18080,13
18083,9
18084,4
18086,12
18089,5
18090,11
18092,3
18093,13
18096,17
18099,20
18100,3
18102,6
18103,10
18105,7
18106,7
18108,3
18109,8
18112,19
18115,7
18116,2
18118,6
18119,5
18121,7
18122,12
18124,1
18125,13
18128,17
18131,20
18132,2
18134,16
18135,10
18137,3
18138,9
18141,13
18144,15
18147,13
18148,1
18150,15
18151,6
18153,11
18154,10
18156,4
18157,9
18160,11
18163,10
18164,3
18166,10
18167,6
18169,6
18170,8
18172,3
18173,8
18176,19
18179,8
18180,3
18182,8
18183,5
18185,5
18186,8
18188,7
18189,15
18192,18
18195,13
18196,1
18198,7
18199,7
18201,7
18202,11
18204,4
18205,9
18208,22
18211,10
18212,2
18214,16
18215,10
18217,7
18218,9
18220,6
18221,17
18224,16
18227,16
18228,2
18230,11
18231,4
18233,11
18234,10
18236,7
18237,19
18240,20
18243,13
18244,5
18246,10
18247,5
18249,9
18250,6
18252,1
18253,21
18256,17
18259,16
18260,5
18262,8
18263,1
18265,5
18266,5
18268,1
18269,5
18272,16
18275,13
18276,3
18278,13
18279,7
18281,5
18282,14
18284,4
18285,14
18288,13
18291,10
18292,4
18294,10
18295,8
18297,8
18298,12
18300,2
18301,11
18304,15
18307,20
18308,4
18310,14
18311,7
18313,9
18314,9
18317,9
18320,18
18323,12
18324,5
18326,8
18327,4
18329,9
18330,7
18332,1
18333,23
18336,23
18339,9
18340,1
18342,16
18343,8
18345,8
18346,11
18348,2
18349,19
18352,15
18355,14
18356,4
18358,14
18359,4
18361,9
18362,11
18364,6
18365,15
18368,22
18371,10
18372,5
18374,6
18375,2
18377,9
18378,7
18380,2
18381,10
18384,11
18387,15
18388,2
18390,7
18391,5
18393,8
18394,5
18396,2
18397,12
18400,24
18403,10
18404,5
18406,7
18407,9
18409,8
18410,7
18412,3
18413,19
18416,12
18419,22
18420,4
18422,12
18423,7
18425,10
18426,8
18428,4
18429,5
18432,12
18435,12
18436,4
18438,11
18439,5
18441,7
18442,8
18444,5
18445,14
18448,19
18451,13
18452,4
18454,11
18455,9
18457,7
18458,11
18460,4
18461,11
18464,15
18467,20
18468,4
18470,8
18471,10
18473,5
18474,10
18476,2
18477,20
18480,18
18483,14
18484,4
18486,13
18487,10
18489,5
18490,9
18492,5
18493,15
18496,21
18499,13
18500,5
18502,13
18503,5
18505,9
18506,14
18508,4
18509,17
18512,17
18515,19
18516,6
18518,11
18519,8
18521,9
18522,6
18524,3
18525,10
18528,24
18531,10
18532,6
18534,10
18535,9
18537,7
18538,16
18540,2
18541,15
18544,8
18547,14
18548,7
18550,9
18551,4
18553,6
18554,12
18556,4
18557,10
18560,13
18563,15
18564,5
18566,8
18567,6
18569,8
18570,12
18572,2
18573,13
18576,20
18579,17
18580,3
18582,8
18583,13
18585,10
18586,11
18588,5
18589,11
18592,19
18595,19
18596,3
18598,9
18599,8
18601,8
18602,11
18604,5
18605,20
18608,18
18611,14
18612,3
18614,7
18615,6
18617,8
18618,14
18620,4
18621,12
18624,21
18627,12
18628,6
18630,6
18631,6
18633,11
18634,14
18636,6
18637,13
18640,15
18643,19
18644,8
18646,5
18647,9
18649,7
18650,17
18652,6
18653,6
18656,16
18659,20
18662,9
18663,9
18665,5
18666,6
18668,5
18669,17
18672,11
18675,14
18676,3
18678,11
18679,5
18681,8
18682,10
18684,1
18685,11
18688,21
18691,6
18692,4
18694,9
18695,10
18697,8
18698,11
18700,3
18701,16
18704,19
18707,23
18708,3
18710,10
18711,11
18713,10
18714,9
18716,2
18717,23
18720,15
18723,10
18724,3
18726,12
18727,7
18729,8
18730,11
18732,2
18733,17
18736,19
18739,16
18740,6
18742,12
18743,8
18745,6
18746,13
18748,1
18749,15
18752,21
18755,18
18756,2
18758,13
18759,9
18761,5
18762,5
18764,3
18765,12
18768,16
18771,19
18772,4
18774,11
18775,6
18777,6
18778,8
18780,2
18781,15
18784,20
18787,16
18788,1
18790,11
18791,7
18793,5
18794,7
18796,2
18797,15
18800,21
18803,17
18804,5
18806,10
18807,8
18809,10
18810,12
18812,3
18813,15
18816,21
18819,18
18820,3
18822,14
18823,10
18825,6
18826,12
18828,1
18829,15
18832,17
18835,17
18836,3
18838,13
18839,6
18841,8
18842,7
18844,3
18845,13
18848,11
18851,13
18852,4
18854,13
18855,8
18857,10
18858,13
18860,11
18861,18
18864,20
18867,6
18868,2
18870,7
18871,5
18873,6
18874,9
18876,3
18877,18
18880,22
18883,8
18884,2
18886,13
18887,9
18889,4
18890,8
18892,4
18893,22
18896,11
18899,20
18900,2
18902,16
18903,2
18905,4
18906,12
18908,9
18909,14
18912,24
18915,14
18916,6
18918,13
18919,7
18921,9
18922,8
18924,6
18925,12
18928,13
18931,17
18932,3
18934,12
18935,5
18937,10
18938,8
18940,4
18941,23
18944,25
18947,14
18948,5
18950,8
18951,4
18953,8
18954,11
18956,5
18957,12
18960,23
18963,20
18964,5
18966,13
18967,8
18969,13
18970,9
18972,2
18973,16
18976,30
18979,9
18982,14
18983,6
18985,3
18986,7
18988,3
18989,24
18992,13
18995,15
18996,5
18998,8
18999,7
19001,14
19002,17
19004,7
19005,12
19008,23
19011,17
19012,4
19014,13
19015,5
19017,5
19018,8
19020,4
19021,14
19024,17
19027,24
19028,2
19030,10
19031,3
19033,10
19034,13
19036,3
19037,17
19040,22
19043,13
19044,5
19046,10
19047,16
19049,8
19050,8
19052,6
19053,19
19056,20
19059,17
19060,2
19062,13
19063,7
19065,11
19066,9
19068,5
19069,10
19072,22
19075,14
19076,2
19078,11
19079,8
19081,13
19082,12
19084,3
19085,17
19088,18
19091,23
19092,7
19094,7
19095,8
19097,5
19098,13
19100,3
19101,18
19104,17
19107,12
19108,3
19110,10
19111,3
19113,4
19114,8
19116,5
19117,21
19120,16
19123,17
19124,6
19126,16
19127,7
19129,8
19130,14
19132,3
19133,14
19136,16
19139,19
19140,7
19142,14
19143,12
19145,9
19146,8
19148,2
19149,10
19152,24
19155,23
19156,3
19158,14
19159,6
19161,12
19162,15
19164,5
19165,12
19168,22
19171,15
19172,2
19174,13
19175,8
19177,5
19178,8
19180,6
19181,23
19184,15
19187,24
19188,2
19190,14
19191,9
19193,6
19194,10
19196,1
19197,9
19200,17
19203,18
19204,3
19206,15
19207,5
19209,7
19210,11
19212,3
19213,20
19216,22
19219,20
19220,2
19222,14
19223,6
19225,9
19226,11
19228,6
19229,17
19232,20
19235,22
19236,2
19238,15
19239,12
19241,6
19242,15
19244,5
19245,20
19248,20
19251,12
19252,3
19254,6
19255,9
19257,9
19258,17
19260,3
19261,13
19264,20
19267,18
19268,2
19270,11
19271,5
19273,7
19274,12
19276,4
19277,14
19280,17
19283,20
19284,4
19286,15
19287,5
19289,13
19290,15
19292,4
19293,16
19296,25
19299,13
19300,2
19302,16
19303,12
19305,7
19306,13
19308,9
19309,18
19312,9
19315,18
19316,3
19318,9
19319,5
19321,9
19322,15
19324,5
19325,15
19328,21
19331,11
19332,4
19334,13
19335,10
19337,12
19338,12
19340,8
19341,18
19344,18
19347,11
19348,7
19350,9
19351,3
19353,8
19354,10
19356,1
19357,11
19360,15
19363,14
19364,6
19366,19
19367,7
19369,7
19370,7
19372,5
19373,19
19376,23
19379,17
19380,4
19382,6
19383,10
19385,10
19386,14
19388,4
19389,12
19392,13
19395,20
19396,1
19398,12
19399,8
19401,8
19402,9
19404,3
19405,14
19408,21
19411,18
19412,3
19414,8
19415,3
19417,6
19418,7
19420,5
19421,9
19424,18
19427,15
19428,2
19430,13
19431,8
19433,6
19434,14
19436,5
19437,21
19440,18
19443,12
19444,5
19446,13
19447,8
19449,6
19450,8
19452,2
19453,13
19456,26
19459,8
19460,4
19462,11
19463,13
19465,11
19466,5
19468,3
19469,9
19472,12
19475,11
19476,2
19478,16
19479,9
19481,7
19482,13
19484,7
19485,11
19488,21
19491,13
19492,4
19494,9
19495,9
19497,5
19498,9
19500,6
19501,26
19504,16
19507,24
19508,3
19510,9
19511,10
19513,9
19514,13
19516,1
19517,14
19520,18
19523,10
19524,7
19526,11
19527,6
19529,7
19530,9
19532,3
19533,25
19536,16
19539,14
19540,3
19542,8
19543,8
19545,7
19546,8
19548,1
19549,8
19552,24
19555,12
19556,6
19558,15
19559,13
19561,7
19562,8
19564,5
19565,11
19568,13
19571,15
19572,6
19574,10
19575,8
19577,10
19578,13
19580,2
19581,11
19584,18
19587,15
19588,5
19590,12
19591,12
19593,7
19594,15
19596,1
19597,18
19600,21
19603,15
19604,4
19606,10
19607,9
19609,5
19610,16
19612,2
19613,18
19616,20
19619,19
19620,4
19622,11
19623,3
19625,3
19626,7
19628,3
19629,16
19632,14
19635,20
19636,3
19638,15
19639,6
19641,14
19642,12
19644,4
19645,13
19648,17
19651,17
19652,2
19654,18
19655,8
19657,9
19658,7
19660,1
19661,16
19664,18
19667,13
19668,3
19670,15
19671,6
19673,10
19674,11
19676,4
19677,9
19680,18
19683,11
19684,1
19686,10
19687,7
19689,7
19690,11
19692,7
19693,13
19696,15
19699,12
19700,4
19702,10
19703,8
19705,11
19706,11
19708,1
19709,9
19712,23
19715,18
19716,5
19718,17
19719,7
19721,5
19722,7
19724,6
19725,10
19728,8
19731,19
19732,1
19734,9
19735,6
19737,6
19738,14
19740,4
19741,14
19744,26
19747,11
19748,3
19750,10
19751,7
19753,7
19754,8
19756,3
19757,15
19760,24
19763,14
19764,6
19766,13
19767,4
19769,9
19770,13
19772,4
19773,13
19776,16
19779,21
19780,2
19782,14
19783,5
19785,6
19786,6
19788,1
19789,14
19792,14
19795,19
19796,3
19798,14
19799,6
19801,7
19802,8
19804,2
19805,15
19808,22
19811,20
19812,3
19814,10
19815,9
19817,3
19818,4
19820,4
19821,21
19824,6
19827,9
19828,5
19830,16
19831,6
19833,7
19834,15
19836,3
19837,13
19840,22
19843,22
19844,3
19846,6
19847,5
19849,8
19850,11
19852,2
19853,14
19856,17
19859,8
19860,5
19862,12
19863,10
19865,7
19866,15
19868,5
19869,9
19872,20
19875,6
19876,4
19878,12
19879,11
19881,5
19882,10
19884,5
19885,18
19888,24
19891,13
19892,2
19894,14
19895,4
19897,7
19898,12
19901,13
19904,16
19907,16
19908,1
19910,14
19911,9
19913,6
19914,11
19916,4
19917,19
19920,16
19923,20
19924,2
19926,15
19927,7
19929,7
19930,14
19932,2
19933,8
19936,18
19939,18
19940,6
19942,10
19943,9
19945,3
19946,9
19948,1
19949,13
19952,13
19955,18
19956,4
19958,11
19959,14
19961,10
19962,10
19964,1
19965,11
19968,9
19971,13
19972,2
19974,11
19975,8
19977,11
19978,9
19980,3
19981,7
19984,19
19987,17
19988,1
19990,11
19991,6
19993,7
19994,10
19996,6
19997,12
20000,28
20003,11
20004,1
20006,10
20007,6
20009,2
20010,10
20012,7
20013,18
20016,16
20019,12
20020,6
20022,8
20023,9
20025,12
20026,13
20028,5
20029,17
20032,11
20035,17
20036,5
20038,5
20039,7
20041,6
20042,8
20044,3
20045,13
20048,10
20051,11
20052,2
20054,12
20055,11
20057,5
20058,10
20060,3
20061,6
20064,26
20067,15
20068,4
20070,11
20071,7
20073,3
20074,19
20076,2
20077,18
20080,8
20083,12
20084,2
20086,12
20087,8
20089,6
20090,14
20092,2
20093,14
20096,13
20099,15
20100,1
20102,14
20103,4
20105,10
20106,8
20109,14
20112,21
20115,19
20118,12
20119,5
20121,5
20122,5
20124,8
20125,10
20128,10
20131,9
20132,1
20134,13
20135,6
20137,5
20138,2
20140,4
20141,10
20144,20
20147,21
20148,5
20150,15
20151,2
20153,7
20154,11
20156,2
20157,14
20160,12
20163,14
20164,4
20166,12
20167,10
20169,3
20170,3
20172,7
20173,15
20176,10
20179,14
20180,1
20182,6
20183,5
20185,6
20186,10
20188,3
20189,10
20192,23
20195,14
20196,2
20198,5
20199,2
20201,5
20202,11
20205,18
20208,12
20211,10
20212,2
20214,9
20215,9
20217,8
20218,13
20220,1
20221,13
20224,10
20227,4
20228,5
20230,9
20231,5
20233,4
20234,3
20236,3
20237,10
20240,7
20243,11
20244,4
20246,7
20247,4
20249,8
20250,10
20252,2
20253,13
20256,17
20259,13
20260,8
20262,11
20263,6
20265,8
20266,12
20268,4
20269,6
20272,22
20275,11
20276,7
20278,10
20279,4
20281,3
20282,8
20284,2
20285,17
20288,12
20291,8
20292,2
20294,8
20295,4
20297,7
20298,3
20300,3
20301,6
20304,9
20307,7
20308,3
20310,6
20311,3
20313,6
20314,10
20316,3
20317,11
20320,12
20323,12
20324,1
20326,8
20327,6
20329,6
20330,5
20332,3
20333,7
20336,17
20339,12
20340,3
20342,10
20343,11
20345,11
20346,10
20348,3
20349,10
20352,16
20355,14
20356,4
20358,6
20359,10
20361,5
20362,11
20364,4
20365,11
20368,15
20371,8
20372,1
20374,4
20375,1
20377,4
20378,8
20381,10
20384,15
20387,10
20388,3
20390,13
20391,8
20393,4
20394,8
20396,6
20397,12
20400,15
20403,16
20404,3
20406,12
20407,4
20409,5
20410,13
20412,5
20413,13
20416,13
20419,4
20420,3
20422,11
20423,4
20425,3
20426,14
20428,4
20429,11
20432,17
20435,6
20436,10
20438,7
20439,8
20441,5
20442,8
20444,4
20445,12
20448,21
20451,13
20452,5
20454,3
20455,6
20457,9
20458,12
20460,4
20461,17
20464,10
20467,12
20468,1
20470,6
20473,6
20474,12
20476,4
20477,13
20480,12
20483,9
20484,4
20486,7
20487,3
20489,7
20490,6
20492,3
20493,12
20496,10
20499,20
20500,2
20502,5
20503,4
20505,7
20506,16
20508,4
20509,15
20512,11
20515,7
20516,3
20518,10
20519,6
20521,4
20522,8
20524,2
20525,14
20528,14
20531,12
20532,3
20534,10
20535,4
20537,6
20538,5
20540,3
20541,13
20544,18
20547,5
20548,5
20550,5
20551,9
20553,1
20554,5
20556,3
20557,18
20560,11
20563,14
20564,2
20566,6
20567,4
20569,10
20570,9
20572,2
20573,8
20576,11
20579,11
20582,8
20583,3
20585,5
20586,7
20588,2
20589,12
20592,10
20595,11
20596,1
20598,5
20599,3
20601,5
20602,9
20604,2
20605,9
20608,19
20611,7
20612,4
20614,4
20615,4
20617,7
20618,9
20620,7
20621,13
20624,8
20627,13
20628,2
20630,9
20631,4
20633,6
20634,8
20636,2
20637,10
20640,10
20643,6
20644,3
20646,9
20647,8
20649,5
20650,8
20652,2
20653,16
20656,9
20659,10
20660,3
20662,10
20663,6
20665,4
20666,7
20668,1
20669,8
20672,9
20675,7
20676,1
20678,9
20679,7
20681,4
20682,4
20684,3
20685,13
20688,9
20691,6
20692,2
20694,4
20695,2
20697,3
20698,7
20700,3
20701,10
20704,12
20707,4
20708,2
20710,6
20711,5
20713,6
20714,8
20716,5
20717,10
20720,10
20723,10
20724,2
20726,6
20727,2
20729,6
20730,4
20732,1
20733,11
20736,17
20739,12
20740,6
20742,6
20743,5
20745,3
20746,4
20748,3
20749,8
20752,7
20755,10
20756,5
20758,9
20759,3
20761,6
20762,9
20764,2
20765,11
20768,7
20771,10
20772,1
20774,7
20775,5
20777,6
20778,12
20780,1
20781,16
20784,10
20787,4
20788,3
20790,6
20791,3
20793,5
20794,9
20796,2
20797,9
20800,16
20803,5
20804,4
20806,10
20807,3
20809,1
20810,8
20812,3
20813,11
20816,19
20819,9
20820,8
20822,6
20823,5
20825,6
20826,11
20828,3
20829,9
20832,8
20835,6
20836,2
20838,4
20839,4
20841,1
20842,6
20844,4
20845,13
20848,9
20851,10
20852,3
20854,6
20855,6
20857,6
20858,13
20860,5
20861,5
20864,13
20867,7
20868,1
20870,8
20871,5
20873,3
20874,3
20876,1
20877,7
20880,8
20883,11
20886,3
20887,5
20889,10
20890,3
20892,1
20893,7
20896,14
20899,8
20900,3
20902,4
20903,8
20905,1
20906,5
20908,5
20909,11
20912,9
20915,11
20916,1
20918,8
20919,8
20921,4
20922,5
20924,2
20925,8
20928,14
20931,3
20932,5
20934,10
20935,7
20937,6
20938,4
20940,2
20941,11
20944,15
20947,6
20950,8
20951,3
20953,7
20954,7
20956,4
20957,7
20960,8
20963,7
20964,1
20966,7
20967,2
20969,4
20970,5
20973,13
20976,16
20979,10
20980,2
20982,5
20983,5
20985,2
20986,6
20988,1
20989,12
20992,10
20995,9
20996,3
20998,7
20999,3
21001,3
21002,5
21004,2
21005,9
21008,11
21011,9
21012,2
21014,6
21015,5
21017,8
21018,6
21021,9
21024,17
21027,12
21028,1
21030,4
21031,7
21033,3
21034,5
21036,2
21037,9
21040,9
21043,9
21044,1
21046,3
21047,4
21049,3
21050,3
21052,1
21053,6
21056,9
21059,9
21060,2
21062,7
21063,8
21065,6
21066,4
21068,3
21069,9
21072,11
21075,7
21076,3
21078,2
21079,5
21081,3
21082,9
21084,2
21085,7
21088,6
21091,4
21092,5
21094,10
21095,5
21097,4
21098,3
21100,2
21101,12
21104,7
21107,8
21110,10
21111,4
21113,5
21114,8
21116,2
21117,5
21120,10
21123,5
21124,2
21126,2
21127,4
21129,5
21130,7
21132,3
21133,8
21136,8
21139,11
21140,2
21142,6
21143,4
21145,2
21146,6
21148,5
21149,7
21152,14
21155,6
21156,1
21158,3
21159,3
21161,4
21162,5
21164,2
21165,8
21168,10
21171,5
21172,1
21174,6
21175,6
21177,2
21178,8
21181,6
21184,15
21187,11
21188,1
21190,9
21191,8
21193,4
21194,5
21196,4
21197,11
21200,11
21203,3
21204,4
21206,3
21207,2
21209,5
21210,4
21212,2
21213,5
21216,15
21219,11
21220,1
21222,13
21223,4
21225,6
21226,6
21228,2
21229,4
21232,9
21235,12
21236,1
21238,2
21239,2
21241,6
21242,10
21245,13
21248,5
21251,4
21252,2
21254,6
21255,3
21257,7
21258,5
21261,4
21264,11
21267,10
21268,2
21270,8
21273,3
21274,4
21276,2
21277,6
21280,6
21283,9
21284,1
21286,7
21287,2
21289,3
21290,6
21292,2
21293,8
21296,7
21299,2
21300,3
21302,7
21303,4
21305,4
21306,8
21309,8
21312,14
21315,3
21316,3
21318,6
21319,5
21321,2
21322,3
21324,2
21325,8
21328,8
21331,4
21334,5
21335,5
21337,3
21338,4
21340,1
21341,7
21344,13
21347,8
21348,3
21350,8
21351,3
21353,3
21354,10
21356,2
21357,7
21360,5
21363,5
21364,1
21366,1
21367,5
21369,2
21370,4
21372,1
21373,9
21376,12
21379,7
21382,8
21383,1
21385,2
21386,1
21388,2
21389,4
21392,9
21395,6
21396,1
21398,5
21399,3
21401,3
21402,9
21404,2
21405,9
21408,8
21411,4
21412,2
21414,5
21415,3
21417,6
21418,5
21420,2
21421,10
21424,6
21427,5
21428,2
21430,6
21431,4
21433,4
21434,7
21436,2
21437,8
21440,9
21443,3
21444,1
21446,2
21447,2
21449,3
21450,5
21452,3
21453,9
21456,7
21459,6
21460,3
21462,3
21463,2
21465,3
21466,8
21468,1
21469,9
21472,12
21475,9
21476,5
21478,7
21479,3
21481,1
21482,7
21484,2
21485,4
21488,7
21491,8
21492,1
21494,8
21495,4
21497,7
21498,10
21500,3
21501,2
21504,9
21507,5
21510,5
21511,3
21513,4
21514,4
21516,1
21517,8
21520,9
21523,6
21526,7
21527,5
21529,5
21530,3
21532,1
21533,9
21536,13
21539,2
21540,1
21542,5
21543,5
21545,2
21546,4
21549,7
21552,3
21555,7
21556,2
21558,4
21559,3
21561,2
21562,6
21564,3
21565,4
21568,8
21571,9
21574,9
21575,1
21577,2
21578,4
21580,2
21581,7
21584,10
21587,8
21588,2
21590,8
21591,2
21593,3
21594,7
21596,2
21597,4
21600,11
21603,2
21604,3
21606,3
21607,4
21609,4
21610,5
21612,2
21613,5
21616,7
21619,6
21620,2
21622,3
21623,2
21625,3
21626,5
21628,2
21629,13
21632,11
21635,11
21638,9
21639,5
21641,5
21642,5
21644,2
21645,6
21648,8
21651,7
21652,1
21654,5
21655,2
21657,2
21658,6
21660,3
21661,7
21664,6
21667,10
21668,2
21670,10
21671,4
21673,2
21674,2
21676,3
21677,8
21680,10
21683,7
21684,1
21686,3
21687,2
21689,7
21690,4
21693,4
21696,11
21699,7
21702,5
21703,4
21705,2
21706,8
21708,2
21709,9
21712,3
21715,12
21716,1
21718,6
21719,5
21721,4
21722,8
21724,2
21725,7
21728,9
21731,5
21732,2
21734,6
21735,4
21737,5
21738,2
21740,1
21741,7
21744,7
21747,6
21748,4
21750,6
21751,3
21753,2
21754,4
21756,1
21757,6
21760,11
21763,4
21764,2
21766,7
21767,2
21769,4
21770,2
21772,3
21773,10
21776,8
21779,6
21780,1
21782,7
21783,5
21785,1
21786,4
21788,4
21789,10
21792,10
21795,2
21796,3
21798,8
21799,4
21801,4
21802,7
21804,5
21805,5
21808,9
21811,8
21812,2
21814,4
21815,1
21817,4
21818,8
21820,1
21821,10
21824,5
21827,4
21830,6
21831,4
21833,6
21834,6
21836,1
21837,6
21840,8
21843,6
21844,3
21846,4
21849,3
21850,6
21853,3
21856,6
21859,2
21860,2
21862,4
21863,5
21865,3
21866,4
21868,4
21869,7
21872,5
21875,4
21876,1
21878,7
21879,4
21881,3
21882,8
21884,2
21885,4
21888,14
21891,4
21894,6
21895,4
21897,2
21898,2
21900,1
21901,8
21904,5
21907,10
21908,2
21910,4
21911,4
21913,5
21914,4
21916,1
21917,4
21920,9
21923,5
21926,5
21927,8
21929,2
21930,2
21932,3
21933,5
21936,6
21939,8
21940,2
21942,6
21943,5
21945,2
21946,3
21949,7
21952,5
21955,2
21956,1
21958,8
21959,4
21961,4
21962,3
21964,1
21965,11
21968,5
21971,6
21972,5
21974,3
21975,4
21977,1
21978,6
21980,1
21981,12
21984,7
21987,9
21988,2
21990,4
21991,4
21993,1
21994,1
21996,1
21997,7
22000,5
22003,3
22004,6
22006,4
22007,5
22009,2
22010,5
22013,5
22016,9
22019,5
22020,2
22022,3
22023,2
22025,3
22026,3
22028,3
22029,6
22032,3
22035,10
22036,2
22038,2
22039,3
22041,2
22042,3
22044,2
22045,5
22048,11
22051,8
22052,3
22054,9
22055,5
22057,5
22058,4
22060,1
22061,3
22064,6
22067,7
22068,2
22070,8
22071,3
22074,3
22077,7
22080,13
22083,7
22084,1
22086,9
22087,5
22089,2
22090,6
22092,1
22093,5
22096,7
22099,5
22100,1
22102,3
22103,3
22105,4
22106,9
22108,1
22109,3
22112,14
22115,2
22116,2
22118,2
22119,4
22121,5
22122,4
22124,1
22125,5
22128,8
22131,4
22132,6
22134,5
22135,3
22137,4
22138,4
22140,3
22141,8
22144,7
22147,2
22148,1
22150,4
22151,2
22154,6
22156,2
22157,8
22160,6
22163,6
22164,2
22166,7
22167,5
22169,2
22170,3
22172,1
22173,5
22176,6
22180,2
22182,3
22183,4
22185,2
22186,2
22188,3
22189,8
22192,6
22195,12
22198,3
22199,1
22201,4
22202,6
22204,1
22205,2
22208,4
22211,7
22212,2
22214,10
22215,6
22217,1
22218,4
22220,1
22221,4
22224,4
22227,5
22228,2
22230,4
22231,3
22236,2
22237,3
22240,11
22243,10
22246,2
22247,5
22249,3
22250,5
22252,4
22253,7
22256,7
22259,8
22260,2
22262,1
22263,2
22265,6
22266,5
22268,1
22269,4
22272,10
22275,7
22276,2
22278,6
22279,2
22281,2
22282,4
22284,3
22285,10
22288,4
22291,3
22294,3
22295,3
22297,2
22298,3
22300,2
22301,4
22304,10
22307,8
22310,3
22311,2
22314,6
22316,2
22317,6
22320,6
22323,5
22324,1
22326,1
22327,2
22329,6
22330,8
22332,2
22333,6
22336,7
22339,4
22340,2
22342,3
22343,2
22345,2
22346,7
22348,2
22349,10
22352,6
22355,5
22356,3
22358,2
22361,6
22362,4
22364,1
22365,7
22368,5
22371,1
22372,3
22374,8
22375,4
22377,3
22378,6
22380,2
22381,9
22384,6
22387,7
22388,4
22390,4
22391,1
22393,4
22394,3
22396,3
22397,7
22400,8
22403,3
22404,3
22406,2
22407,4
22409,2
22410,2
22412,1
22413,8
22416,6
22419,3
22420,2
22422,2
22425,3
22426,3
22429,2
22432,6
22435,4
22438,10
22439,5
22441,6
22442,3
22444,1
22445,5
22448,8
22451,1
22454,6
22455,2
22457,3
22458,8
22460,1
22461,9
22464,15
22467,6
22468,3
22470,2
22471,2
22473,4
22474,3
22476,2
22477,3
22480,1
22483,6
22486,2
22487,3
22489,2
22490,1
22492,2
22493,6
22496,6
22499,3
22502,2
22503,5
22505,3
22506,5
22508,2
22509,6
22512,7
22515,7
22516,1
22518,8
22519,2
22521,1
22522,1
22524,2
22525,5
22528,5
22531,4
22532,2
22534,3
22535,3
22537,2
22538,2
22540,2
22541,7
22544,6
22547,6
22551,1
22553,2
22554,5
22556,1
22557,3
22560,9
22563,4
22564,1
22566,6
22567,2
22569,2
22570,2
22572,1
22573,5
22576,10
22579,5
22582,6
22583,3
22585,3
22586,4
22588,1
22589,2
22592,8
22595,6
22596,1
22598,2
22599,1
22601,4
22602,1
22604,2
22605,8
22608,5
22611,5
22612,1
22614,8
22615,2
22617,4
22618,2
22620,1
22621,4
22624,9
22627,7
22628,1
22630,6
22631,1
22633,2
22634,6
22637,6
22640,7
22643,2
22644,2
22646,1
22647,6
22649,2
22650,5
22652,3
22653,6
22656,6
22659,6
22660,3
22662,7
22663,4
22665,1
22666,2
22669,5
22672,5
22675,8
22676,1
22678,2
22679,5
22681,4
22682,3
22684,2
22685,6
22688,8
22691,5
22694,6
22695,4
22697,1
22700,3
22701,3
22704,8
22707,6
22708,2
22710,3
22711,1
22713,2
22714,5
22716,1
22717,6
22720,6
22723,5
22724,4
22726,3
22727,3
22729,5
22730,2
22732,2
22733,6
22736,8
22739,5
22740,4
22742,5
22743,2
22746,4
22748,1
22749,2
22752,3
22755,5
22756,3
22758,5
22759,3
22762,2
22764,1
22765,5
22768,4
22771,8
22774,1
22777,4
22778,4
22780,3
22781,5
22784,4
22787,3
22788,2
22790,9
22791,3
22793,5
22794,1
22796,1
22797,6
22800,7
22803,3
22804,3
22806,2
22807,2
22809,6
22810,6
22813,4
22816,5
22819,6
22822,3
22823,3
22825,1
22826,2
22828,6
22829,4
22832,2
22835,5
22836,1
22839,2
22842,3
22844,3
22845,6
22848,9
22851,3
22854,3
22855,5
22857,2
22858,5
22860,1
22861,3
22864,8
22867,7
22868,1
22870,4
22871,2
22873,1
22874,1
22876,1
22877,5
22880,4
22883,6
22884,1
22886,7
22887,2
22889,5
22890,1
22892,1
22893,3
22896,4
22899,7
22900,1
22902,4
22903,3
22905,1
22906,2
22908,4
22909,11
22912,1
22915,5
22916,1
22918,4
22919,5
22921,4
22922,7
22924,1
22925,5
22928,3
22931,4
22932,1
22934,2
22935,7
22937,1
22938,3
22940,2
22941,4
22944,5
22947,6
22950,5
22951,1
22953,1
22954,6
22956,1
22957,10
22960,4
22963,5
22964,4
22966,3
22967,2
22969,1
22970,7
22973,3
22976,5
22979,7
22982,5
22983,2
22985,2
22986,2
22989,5
22992,1
22995,4
22996,2
22998,6
22999,2
23001,1
23002,4
23004,1
23005,8
23008,10
23011,3
23012,2
23014,2
23015,1
23017,5
23018,2
23020,1
23021,4
23024,6
23027,5
23028,1
23031,1
23033,2
23034,4
23037,3
23040,6
23043,5
23046,1
23047,3
23049,1
23050,2
23052,1
23053,4
23056,9
23059,5
23062,4
23065,7
23066,1
23068,1
23069,4
23072,5
23075,6
23076,1
23078,4
23079,2
23081,3
23082,5
23085,1
23088,5
23091,8
23092,3
23094,3
23095,1
23097,6
23098,4
23101,4
23104,8
23107,3
23108,1
23110,6
23111,1
23113,2
23114,2
23116,1
23117,7
23120,5
23123,4
23124,1
23126,6
23127,2
23130,4
23132,1
23133,3
23136,5
23139,6
23140,2
23142,2
23143,2
23145,1
23146,4
23149,4
23152,5
23155,5
23156,1
23158,2
23159,4
23161,2
23162,3
23164,1
23165,7
23168,7
23171,3
23172,1
23174,4
23175,2
23177,2
23178,2
23180,2
23181,6
23184,4
23187,3
23188,1
23190,4
23191,1
23193,1
23194,4
23196,2
23197,7
23200,5
23203,2
23204,1
23207,3
23209,5
23210,4
23212,2
23213,6
23216,1
23219,5
23222,4
23223,1
23225,1
23226,3
23228,2
23229,3
23232,9
23235,2
23236,1
23238,5
23239,1
23241,1
23242,2
23244,1
23245,8
23248,3
23251,5
23252,2
23254,3
23255,3
23258,7
23260,2
23261,1
23264,4
23267,7
23268,3
23270,3
23271,3
23273,1
23274,3
23277,2
23280,6
23283,1
23286,1
23287,1
23290,4
23292,2
23293,3
23296,8
23299,2
23302,1
23303,3
23305,3
23308,3
23309,5
23312,4
23315,3
23316,1
23318,6
23319,1
23321,2
23322,4
23324,1
23325,4
23328,5
23331,1
23335,1
23337,4
23338,2
23340,1
23341,5
23344,5
23347,3
23348,2
23350,5
23351,3
23353,2
23354,4
23357,1
23360,3
23363,4
23366,1
23367,2
23370,1
23372,1
23373,4
23376,3
23379,2
23380,1
23382,4
23383,2
23385,4
23386,4
23388,1
23389,5
23392,3
23395,5
23398,1
23399,5
23401,1
23402,4
23404,3
23405,3
23408,6
23411,10
23414,3
23417,3
23418,2
23421,4
23424,6
23427,1
23431,1
23433,3
23434,5
23437,4
23440,7
23443,2
23444,1
23446,2
23447,4
23449,1
23450,6
23453,2
23456,11
23459,4
23462,2
23463,1
23466,5
23468,1
23469,7
23472,4
23475,8
23476,2
23478,3
23479,2
23481,2
23482,1
23484,1
23485,2
23488,6
23491,2
23494,1
23495,4
23498,2
23500,3
23501,2
23504,5
23507,1
23508,1
23510,1
23511,1
23513,4
23514,2
23520,9
23523,2
23524,1
23526,5
23530,2
23533,3
23536,2
23539,2
23542,1
23543,1
23545,1
23546,2
23552,12
23555,8
23556,1
23558,3
23559,3
23561,2
23562,2
23565,3
23568,5
23571,4
23574,2
23575,2
23577,2
23578,4
23580,2
23581,1
23584,5
23587,2
23590,2
23591,2
23593,3
23600,2
23603,3
23606,2
23607,2
23609,3
23610,6
23613,1
23616,9
23619,5
23620,1
23622,3
23623,4
23625,2
23626,2
23628,3
23629,2
23632,4
23635,4
23636,1
23638,2
23639,3
23642,3
23644,3
23645,8
23648,5
23651,5
23654,3
23655,4
23657,1
23658,2
23660,2
23661,5
23664,2
23667,5
23670,1
23671,1
23673,2
23674,4
23676,1
23677,2
23680,10
23683,6
23686,1
23687,4
23690,3
23692,1
23693,2
23696,2
23699,4
23703,1
23705,3
23706,7
23708,2
23709,4
23712,4
23715,3
23716,1
23718,1
23721,3
23722,2
23724,4
23725,4
23728,5
23731,2
23732,3
23734,2
23735,1
23738,1
23741,1
23744,6
23747,1
23750,1
23753,1
23754,5
23756,1
23757,1
23760,3
23763,2
23767,2
23769,3
23770,2
23773,1
23776,5
23779,4
23780,2
23782,2
23783,3
23785,1
23786,1
23789,3
23792,1
23795,2
23798,2
23799,3
23801,2
23802,2
23804,1
23805,2
23808,3
23811,3
23814,2
23815,2
23818,4
23820,2
23821,5
23824,1
23827,3
23828,1
23830,3
23831,1
23833,4
23834,3
23836,1
23837,2
23840,3
23843,1
23844,1
23846,8
23847,3
23849,1
23850,2
23852,2
23853,4
23856,1
23859,4
23862,2
23863,1
23865,1
23866,2
23868,1
23869,3
23872,5
23875,6
23876,1
23878,1
23879,3
23881,3
23882,2
23884,1
23885,3
23888,7
23891,3
23895,2
23897,1
23898,5
23900,2
23901,2
23904,11
23907,3
23908,1
23910,3
23911,2
23913,2
23914,2
23916,2
23917,4
23920,4
23923,1
23926,5
23927,1
23930,4
23932,1
23933,2
23936,3
23939,3
23940,1
23942,3
23943,1
23945,3
23946,1
23948,1
23949,4
23952,2
23955,2
23958,4
23959,1
23962,4
23964,2
23965,3
23968,4
23971,1
23972,2
23974,3
23975,3
23978,4
23981,1
23984,2
23987,2
23990,2
23991,1
23994,4
23996,2
23997,2
24000,7
24003,4
24004,1
24006,2
24007,1
24009,2
24010,5
24013,3
24016,3
24019,4
24022,4
24023,2
24029,4
24032,6
24035,5
24036,2
24038,1
24041,2
24042,1
24045,4
24048,3
24051,4
24052,2
24054,3
24055,2
24057,1
24058,3
24061,6
24064,3
24067,5
24068,1
24070,1
24073,6
24074,1
24077,4
24080,4
24083,4
24084,2
24086,2
24087,2
24090,1
24093,2
24096,4
24099,2
24100,1
24102,2
24103,3
24105,2
24106,6
24108,1
24109,7
24112,2
24115,7
24116,1
24118,1
24119,3
24121,3
24122,1
24125,3
24128,3
24131,5
24132,1
24135,3
24137,1
24140,1
24141,6
24144,2
24147,2
24148,3
24150,4
24151,1
24153,1
24154,4
24156,1
24157,3
24160,1
24163,3
24166,4
24167,3
24169,1
24170,5
24173,4
24176,5
24179,3
24182,1
24185,2
24186,3
24189,6
24192,2
24195,2
24198,4
24199,1
24202,1
24204,3
24205,2
24208,1
24211,3
24214,3
24215,1
24217,2
24218,2
24221,4
24224,5
24227,2
24230,1
24231,2
24233,1
24240,6
24243,2
24246,2
24247,1
24249,3
24250,1
24252,1
24253,2
24256,4
24259,1
24262,2
24263,2
24266,2
24269,5
24272,3
24275,3
24276,2
24282,1
24285,3
24288,3
24291,5
24294,1
24295,1
24297,3
24298,1
24300,1
24301,1
24304,6
24307,3
24310,1
24313,1
24314,4
24317,3
24320,6
24323,3
24324,1
24326,1
24327,2
24333,5
24336,3
24339,4
24340,1
24342,3
24343,2
24345,2
24346,1
24348,2
24349,3
24352,3
24355,4
24356,1
24358,2
24359,2
24361,3
24362,2
24365,4
24368,4
24371,1
24372,1
24375,1
24377,3
24378,6
24380,2
24384,1
24387,5
24390,7
24396,2
24397,2
24400,2
24403,2
24404,2
24406,3
24409,2
24410,1
24412,2
24413,2
24419,1
24422,3
24425,2
24426,2
24428,1
24429,1
24432,7
24435,3
24436,1
24438,2
24439,3
24442,2
24445,4
24448,3
24451,2
24455,2
24457,1
24460,1
24461,1
24467,2
24470,2
24473,1
24474,2
24476,2
24477,2
24480,5
24483,3
24484,1
24486,5
24487,1
24492,1
24493,3
24496,1
24499,1
24500,1
24502,3
24503,2
24506,1
24508,2
24509,1
24512,9
24515,2
24516,2
24518,3
24519,2
24521,1
24522,1
24524,1
24525,3
24528,4
24531,2
24532,1
24534,1
24537,3
24540,2
24541,2
24544,2
24547,1
24548,1
24551,2
24554,2
24556,2
24557,1
24560,2
24563,5
24564,1
24566,1
24569,1
24570,3
24572,1
24573,4
24576,4
24579,1
24582,4
24583,1
24585,1
24586,2
24589,5
24592,3
24596,2
24598,2
24601,2
24602,1
24605,2
24608,2
24614,3
24615,1
24617,1
24618,1
24621,1
24624,4
24627,2
24628,1
24630,1
24631,1
24637,2
24640,1
24643,2
24646,4
24647,4
24649,2
24650,1
24653,1
24656,2
24662,1
24665,2
24666,1
24668,1
24672,3
24675,2
24676,1
24678,2
24681,1
24684,1
24685,2
24688,1
24691,5
24694,1
24695,1
24697,2
24698,2
24704,1
24707,4
24708,1
24710,2
24716,1
24720,1
24723,2
24726,4
24727,1
24736,3
24739,1
24740,1
24742,2
24743,1
24745,1
24746,1
24749,4
24752,2
24755,4
24758,2
24759,2
24761,2
24762,2
24764,2
24765,1
24768,1
24771,1
24775,2
24778,2
24781,3
24784,2
24787,8
24790,4
24791,1
24793,1
24797,1
24800,3
24806,2
24807,2
24810,1
24813,3
24816,2
24819,5
24822,3
24823,1
24825,5
24826,3
24829,4
24832,5
24835,3
24838,1
24842,2
24844,2
24845,4
24848,3
24851,2
24852,1
24854,3
24855,2
24857,1
24858,2
24861,3
24864,4
24867,1
24870,4
24871,2
24873,1
24876,2
24877,3
24880,3
24883,2
24886,2
24890,4
24899,2
24902,2
24905,2
24906,2
24908,1
24909,3
24912,2
24915,5
24916,1
24918,1
24921,1
24922,1
24924,1
24925,1
24928,1
24931,1
24932,3
24934,4
24940,2
24944,2
24947,2
24950,1
24951,1
24954,1
24960,4
24963,2
24964,1
24966,1
24970,1
24973,6
24976,2
24979,2
24982,3
24983,1
24989,2
24992,3
24995,2
24998,1
24999,1
25002,3
25005,5
25011,1
25012,2
25014,2
25017,1
25018,2
25024,2
25027,3
25030,1
25031,1
25033,3
25034,1
25036,1
25037,1
25040,2
25043,1
25046,2
25047,2
25049,1
25052,1
25053,1
25056,3
25059,1
25062,1
25066,3
25069,2
25072,1
25075,2
25078,1
25079,1
25081,1
25082,2
25085,3
25088,1
25091,1
25094,2
25095,6
25097,1
25098,1
25101,3
25104,2
25107,1
25110,2
25113,3
25114,1
25117,3
25120,1
25123,1
25126,1
25127,1
25129,1
25130,3
25133,4
25136,4
25139,2
25142,1
25143,1
25149,1
25152,3
25156,1
25158,1
25161,1
25162,1
25168,1
25171,3
25174,1
25175,2
25177,1
25184,5
25187,4
25190,2
25191,1
25200,2
25203,5
25209,2
25210,2
25213,3
25216,2
25219,3
25220,1
25226,1
25228,1
25229,1
25232,1
25235,2
25238,3
25241,1
25242,1
25245,1
25248,5
25254,1
25258,2
25261,2
25264,4
25267,1
25270,1
25273,1
25274,1
25277,2
25283,3
25286,4
25287,1
25289,2
25290,3
25292,1
25293,2
25296,2
25299,2
25305,1
25308,1
25309,4
25315,1
25319,1
25322,1
25325,4
25328,3
25332,1
25334,1
25337,1
25340,1
25341,4
25344,2
25351,2
25353,3
25356,1
25357,3
25360,1
25363,1
25364,2
25367,1
25369,1
25370,2
25376,2
25379,1
25389,3
25392,4
25395,2
25398,1
25399,2
25401,1
25402,1
25408,2
25411,2
25414,1
25415,2
25417,2
25418,1
25421,2
25424,3
25427,1
25428,1
25430,1
25433,1
25434,3
25437,1
25440,2
25443,2
25446,5
25449,2
25450,1
25453,1
25456,3
25459,1
25460,1
25462,2
25463,3
25465,1
25468,2
25472,1
25475,2
25476,1
25478,2
25479,1
25485,1
25491,6
25492,1
25498,1
25500,2
25501,1
25504,2
25507,2
25513,1
25514,1
25517,1
25520,2
25527,1
25529,1
25532,1
25533,1
25536,2
25545,1
25552,3
25556,2
25558,3
25561,1
25565,4
25571,1
25572,1
25577,1
25578,2
25581,4
25591,2
25594,1
25596,1
25597,1
25600,2
25603,1
25606,4
25607,2
25612,1
25613,1
25616,1
25619,2
25623,1
25625,1
25626,1
25632,3
25635,2
25642,1
25645,3
25648,2
25651,6
25652,1
25654,3
25657,1
25661,1
25664,3
25667,1
25668,1
25670,2
25671,1
25673,1
25677,5
25680,1
25683,1
25684,1
25686,1
25690,3
25693,2
25696,1
25703,1
25706,2
25709,4
25715,1
25719,1
25725,2
25728,2
25731,2
25732,1
25734,2
25735,1
25737,1
25741,2
25744,1
25747,1
25750,4
25751,1
25753,1
25757,2
25760,5
25766,3
25769,1
25772,1
25773,1
25776,1
25779,1
25782,3
25785,3
25786,2
25789,1
25792,2
25798,3
25799,2
25805,1
25808,4
25812,1
25815,1
25818,1
25820,1
25821,2
25824,3
25827,1
25828,1
25830,2
25833,1
25834,3
25837,2
25840,1
25843,5
25846,1
25847,2
25849,1
25850,1
25853,1
25856,6
25868,1
25872,2
25875,1
25878,1
25879,1
25881,1
25882,1
25885,1
25888,1
25894,2
25895,1
25897,1
25901,2
25904,2
25907,1
25908,1
25910,2
25911,1
25914,1
25916,1
25917,1
25920,1
25923,2
25926,1
25927,2
25929,1
25930,1
25933,1
25936,4
25939,1
25942,1
25945,1
25946,2
25949,2
25952,2
25955,1
25959,2
25961,1
25962,2
25965,4
25968,2
25971,1
25974,2
25975,1
25981,1
25984,3
25987,1
25990,1
25994,1
25997,2
26000,4
26003,2
26004,1
26007,1
26010,2
26013,1
26016,1
26019,1
26023,2
26026,1
26028,1
26035,5
26038,1
26041,1
26042,2
26048,4
26051,2
26054,3
26055,1
26058,2
26061,1
26073,1
26074,1
26080,1
26086,2
26087,2
26089,1
26090,2
26093,3
26096,3
26105,1
26106,1
26112,2
26115,1
26118,1
26122,1
26124,1
26128,3
26131,1
26132,1
26134,1
26137,1
26138,1
26144,1
26147,3
26153,2
26157,3
26160,4
26163,2
26164,1
26172,1
26176,4
26182,1
26185,3
26189,3
26195,2
26198,1
26202,1
26204,1
26205,1
26208,2
26215,1
26221,1
26224,2
26227,2
26234,1
26236,2
26237,1
26240,2
26249,4
26252,1
26256,1
26259,3
26260,1
26262,3
26263,2
26265,1
26269,1
26272,2
26275,1
26278,2
26279,1
26285,2
26288,2
26297,1
26301,2
26304,1
26310,1
26313,1
26317,1
26320,4
26323,2
26326,1
26329,2
26330,2
26333,1
26336,3
26342,1
26345,1
26346,2
26349,2
26352,1
26355,2
26358,1
26362,1
26364,1
26365,1
26368,2
26371,2
26378,1
26381,3
26384,1
26390,2
26391,1
26397,1
26406,1
26409,2
26413,1
26416,1
26429,2
26432,1
26435,2
26436,1
26444,1
26445,2
26448,1
26451,1
26452,1
26455,1
26464,1
26467,1
26470,2
26473,1
26476,1
26477,2
26480,1
26484,1
26486,3
26487,2
26490,1
26493,1
26496,2
26505,1
26509,1
26515,1
26521,2
26522,1
26524,1
26525,1
26528,1
26531,2
26535,1
26538,2
26540,1
26541,1
26547,1
26551,1
26554,1
26560,3
26563,4
26566,1
26567,2
26573,1
26579,1
26582,1
26585,1
26588,1
26589,1
26592,1
26595,1
26598,2
26599,1
26608,1
26618,2
26624,1
26627,1
26628,1
26630,1
26634,1
26637,2
26640,1
26643,2
26644,2
26650,1
26652,1
26662,1
26663,1
26669,2
26672,1
26675,2
26678,1
26679,1
26681,2
26685,1
26691,1
26694,1
26695,1
26698,1
26701,1
26704,2
26707,3
26713,1
26717,2
26720,2
26726,2
26727,2
26730,1
26732,2
26739,1
26740,1
26743,2
26755,1
26758,3
26759,1
26765,1
26774,1
26777,1
26778,1
26781,2
26784,1
26787,1
26790,1
26796,2
26800,3
26803,1
26804,1
26809,1
26816,1
26819,1
26822,1
26825,2
26826,1
26832,2
26839,1
26841,1
26842,2
26844,1
26845,1
26852,1
26855,1
26857,2
26858,1
26861,1
26864,2
26868,1
26870,2
26871,1
26874,2
26877,1
26880,2
26883,2
26886,1
26887,2
26890,1
26893,2
26896,1
26903,1
26906,1
26909,1
26915,1
26921,1
26922,3
26928,2
26934,1
26937,2
26938,1
26941,1
26948,1
26950,3
26951,1
26954,2
26957,2
26960,1
26963,1
26964,1
26969,1
26970,1
26976,1
26980,1
26989,1
26995,2
26999,1
27001,2
27002,1
27008,1
27011,1
27012,1
27014,1
27015,1
27017,1
27018,1
27021,1
27024,2
27027,1
27031,1
27033,2
27036,1
27043,1
27046,1
27047,4
27049,1
27050,1
27053,1
27059,3
27069,2
27075,1
27085,1
27088,3
27091,1
27092,1
27095,1
27107,1
27113,1
27114,1
27120,1
27123,2
27127,1
27129,1
27130,2
27133,1
27142,3
27143,2
27148,1
27149,1
27152,1
27155,1
27162,1
27165,2
27168,1
27171,1
27172,1
27177,3
27181,3
27193,1
27194,1
27206,2
27209,2
27213,1
27219,1
27226,1
27229,1
27242,1
27244,1
27254,2
27255,1
27261,1
27267,3
27270,2
27271,1
27274,1
27284,1
27286,1
27287,1
27289,1
27292,1
27293,1
27296,2
27299,1
27300,1
27305,1
27309,1
27312,1
27315,1
27319,1
27322,1
27328,2
27331,1
27338,1
27340,1
27344,1
27350,1
27351,1
27363,1
27366,1
27367,1
27376,1
27379,1
27382,1
27383,1
27385,1
27386,2
27392,1
27398,1
27402,1
27411,2
27414,2
27417,1
27418,2
27421,2
27433,2
27437,1
27444,1
27450,1
27456,1
27459,1
27460,1
27462,2
27463,1
27466,1
27469,1
27475,2
27482,1
27488,2
27492,1
27495,2
27498,1
27501,1
27504,1
27507,1
27513,1
27514,1
27542,1
27555,1
27562,1
27571,2
27572,1
27574,2
27578,1
27581,1
27584,1
27588,1
27590,1
27591,1
27597,1
27607,1
27613,1
27616,1
27619,1
27626,2
27629,1
27632,1
27638,1
27641,1
27648,1
27655,1
27660,1
27664,1
27667,1
27670,1
27673,1
27674,2
27680,2
27683,3
27690,1
27692,1
27696,1
27702,1
27705,1
27709,2
27712,2
27715,1
27722,1
27732,1
27735,1
27747,1
27750,2
27757,1
27760,3
27763,1
27766,3
27767,1
27770,1
27772,1
27792,2
27798,1
27802,1
27811,1
27818,1
27820,2
27821,2
27824,1
27827,1
27834,1
27837,1
27840,1
27847,1
27853,1
27856,1
27862,1
27872,2
27875,1
27876,1
27891,1
27894,1
27904,1
27908,1
27910,1
27914,1
27917,2
27929,2
27932,1
27933,1
27940,2
27945,1
27949,2
27955,2
27958,1
27959,1
27961,2
27962,1
27968,1
27971,1
27975,1
27978,3
27980,1
27993,2
28006,1
28010,1
28012,1
28016,1
28019,1
28022,1
28025,1
28028,1
28029,1
28035,1
28057,1
28070,1
28074,1
28077,2
28086,2
28089,2
28090,1
28092,1
28096,1
28106,1
28109,1
28112,2
28119,3
28122,1
28125,2
28128,2
28134,3
28137,1
28138,1
28140,1
28141,2
28147,1
28151,1
28153,2
28154,1
28160,1
28164,1
28179,1
28201,1
28202,1
28204,1
28212,1
28224,1
28237,1
28249,1
28256,1
28272,1
28275,3
28282,2
28301,1
28320,1
28333,2
28346,1
28358,2
28359,1
28365,2
28371,1
28374,1
28375,1
28377,1
28387,2
28394,1
28397,1
28413,1
28416,1
28425,1
28429,1
28432,1
28442,2
28448,2
28451,1
28452,1
28468,1
28473,1
28480,1
28486,1
28490,1
28493,1
28499,2
28505,1
28518,1
28525,1
28532,1
28537,1
28538,1
28541,1
28544,1
28547,1
28576,1
28583,2
28588,1
28592,1
28605,1
28621,2
28627,1
28630,1
28631,1
28634,1
28646,1
28678,1
28685,1
28698,1
28701,1
28704,2
28707,1
28711,1
28720,1
28726,1
28730,2
28733,1
28739,1
28745,1
28746,2
28761,1
28762,1
28788,1
28790,1
28797,1
28823,1
28848,1
28852,1
28854,1
28860,1
28867,1
28871,1
28874,1
28880,1
28889,1
28896,1
28906,1
28916,1
28925,1
28928,1
28954,1
28960,2
28973,1
28976,3
28986,2
28999,1
29005,3
29014,1
29027,1
29031,1
29040,1
29050,1
29053,1
29056,3
29065,1
29072,1
29079,1
29098,1
29101,1
29113,1
29120,1
29127,1
29149,1
29152,1
29164,2
29175,1
29194,1
29197,1
29200,1
29204,1
29206,1
29216,1
29225,1
29232,2
29235,1
29248,1
29270,1
29274,1
29277,2
29280,1
29283,1
29284,1
29289,1
29293,1
29302,1
29306,1
29319,1
29334,1
29347,1
29360,1
29364,1
29366,1
29372,1
29376,1
29383,2
29386,1
29395,1
29405,1
29408,3
29415,1
29430,1
29431,2
29433,1
29446,1
29450,1
29462,2
29466,1
29469,1
29476,1
29488,1
29494,1
29508,1
29513,1
29516,1
29523,1
29530,1
29533,1
29543,1
29545,1
29549,1
29552,1
29568,1
29572,1
29580,1
29584,1
29591,1
29613,1
29616,1
29619,2
29623,1
29642,1
29648,1
29667,1
29673,1
29683,1
29693,1
29696,2
29706,1
29709,2
29716,1
29728,1
29734,1
29744,1
29766,1
29769,1
29773,1
29786,1
29789,1
29795,2
29811,1
29817,1
29827,1
29831,1
29834,1
29843,1
29849,2
29856,1
29862,1
29863,1
29875,1
29888,1
29904,1
29913,1
29920,1
29927,1
29936,1
29939,1
29949,2
29974,1
29977,1
29978,1
29980,1
29984,1
29987,1
29994,1
29997,1
30000,1
30003,1
30022,1
30029,1
30048,1
30061,1
30064,1
30084,1
30099,1
30109,1
30115,1
30138,1
30144,1
30157,1
30163,1
30179,1
30188,1
30189,1
30192,1
30204,1
30227,1
30237,2
30243,1
30246,2
30253,1
30272,1
30301,1
30304,1
30314,1
30323,1
30342,1
30346,1
30355,1
30358,1
30365,1
30368,1
30375,1
30393,1
30400,1
30403,2
30425,1
30426,1
30438,1
30441,1
30445,1
30448,4
30454,1
30458,1
30460,1
30473,1
30483,1
30490,1
30493,1
30496,1
30505,1
30508,1
30509,1
30525,2
30538,1
30548,1
30550,1
30554,1
30556,1
30557,1
30580,1
30589,1
30592,1
30599,1
30608,1
30611,2
30618,1
30624,1
30627,1
30633,1
30649,1
30650,1
30653,2
30660,1
30662,2
30666,2
30669,1
30672,1
30691,1
30707,2
30710,2
30711,1
30713,1
30726,1
30730,1
30733,2
30748,1
30762,1
30784,1
30787,1
30800,1
30803,1
30819,1
30826,1
30838,1
30854,1
30873,1
30874,1
30883,1
30896,1
30903,1
30906,1
30909,1
30922,1
30928,1
30931,1
30947,2
30953,1
30954,1
30969,1
30973,1
30988,1
31001,1
31011,1
31017,1
31018,1
31036,1
31062,1
31069,1
31091,1
31104,1
31117,1
31123,1
31126,2
31133,1
31136,1
31152,1
31168,1
31181,1
31191,1
31193,1
31197,1
31203,1
31232,1
31235,1
31258,1
31261,1
31274,1
31318,1
31334,1
31357,1
31396,1
31399,1
31434,1
31452,1
31459,1
31504,1
31523,1
31526,2
31529,1
31533,2
31536,1
31571,1
31590,1
31603,2
31622,1
31648,1
31686,1
31699,1
31706,1
31709,2
31734,1
31735,1
31738,1
31744,3
31748,1
31751,1
31753,1
31757,1
31764,1
31783,1
31808,1
31827,1
31868,1
31875,1
31885,1
31888,1
31895,1
31898,1
31920,1
31924,1
31926,2
31952,1
31959,1
31987,1
31993,1
32003,1
32006,2
32009,1
32026,1
32054,1
32064,2
32067,2
32109,2
32125,1
32163,1
32166,1
32173,1
32180,1
32182,1
32186,1
32189,1
32192,2
32195,1
32204,1
32297,1
32304,1
32317,1
32336,2
32343,1
32345,1
32352,1
32355,1
32365,1
32381,1
32400,2
32407,1
32442,1
32448,1
32470,1
32486,1
32487,1
32502,1
32509,1
32512,1
32531,1
32534,2
32553,1
32567,1
32595,2
32608,1
32634,1
32652,1
32653,1
32656,2
32659,1
32682,1
32701,1
32707,1
32714,1
32726,1
32729,2
32730,1
32732,1
32742,3
32749,1
32755,1
32758,1
32762,1
32775,1
32781,1
32796,1
32813,1
32822,1
32825,1
32832,1
32838,1
32848,1
32873,1
32886,1
32893,1
32896,1
32909,2
32922,1
32934,1
32982,2
32996,1
33140,1
33152,2
33197,1
33222,2
33229,1
33257,1
33292,1
33293,1
33303,1
33316,1
33325,1
33328,1
33351,1
33354,2
33357,1
33399,1
33408,1
33412,1
33453,1
33459,1
33491,1
33500,1
33501,1
33510,1
33511,1
33539,1
33552,1
33564,1
33600,1
33626,1
33661,1
33719,1
33760,1
33763,1
33795,1
33914,1
33920,1
33968,1
33984,1
34006,1
34036,1
34041,1
34042,1
34064,1
34093,1
34106,1
34154,1
34163,1
34188,1
34195,1
34208,1
34221,1
34253,1
34284,1
34285,1
34298,1
34307,1
34342,1
34349,1
34374,1
34375,1
34413,1
34422,1
34445,1
34454,1
34484,1
34502,1
34540,2
34579,1
34582,1
34682,1
34688,1
34720,1
34733,1
34739,1
34742,1
34800,1
34819,1
34845,1
34944,1
34960,1
34982,1
34995,2
35020,1
35043,1
35056,1
35063,1
35065,1
35101,1
35117,1
35187,1
35206,1
35216,1
35219,1
35223,1
35232,1
35235,1
35296,1
35309,1
35318,1
35341,1
35437,1
35449,1
35450,1
35453,1
35465,1
35482,1
35516,1
35529,1
35558,2
35574,1
35613,1
35616,2
35622,1
35670,1
35699,1
35738,2
35757,1
35786,1
35846,1
35872,1
35876,1
35888,1
35894,1
35897,1
35920,1
35955,1
35990,1
36000,1
36019,1
36032,1
36045,1
36077,1
36083,1
36108,1
36144,1
36205,1
36218,2
36345,2
36377,1
36387,1
36457,1
36458,1
36486,1
36541,1
36551,1
36579,1
36598,1
36669,1
36685,1
36720,1
36729,1
36752,1
36787,1
36800,1
36822,1
36826,1
36877,1
36909,1
36972,1
37085,1
37097,1
37101,1
37107,1
37120,1
37140,1
37142,1
37145,1
37196,1
37344,1
37376,1
37379,1
37392,1
37402,1
37472,1
37488,1
37600,1
37606,1
37658,1
37664,1
37722,1
37725,1
37754,1
37859,1
37872,1
37949,1
38150,1
38304,1
38339,1
38428,1
38451,1
38458,1
38464,1
38525,1
38538,1
38742,1
38790,1
38803,1
38880,1
38909,1
38912,1
38992,2
39216,1
39344,1
39401,1
39414,1
39495,1
39623,1
39795,1
39834,1
39865,1
39952,1
39974,1
40083,1
40134,1
40371,1
40397,1
40429,1
40532,1
40583,1
40745,1
40748,1
40790,1
40825,1
40935,1
41049,1
41085,1
41127,1
41193,1
41194,1
41209,2
41255,1
41462,1
41636,1
41849,1
41882,1
41977,1
41978,1
42048,1
42246,1
42468,1
42506,1
42557,1
42611,1
42656,1
42662,1
43017,1
43078,1
43139,1
43241,1
43318,1
43453,1
44093,1
45149,1
45360,1
45514,1
46106,1
46173,1
46204,1
46544,1
46621,1
46733,1
46851,1
47017,1
47066,1
47216,1
47974,1
48278,1
48531,1
48778,1
49452,1
51821,1
60499,1
85123,1
85926,1
591452,1
594528,1
