# Samples: 41569, Average: 26553.5 ns, StdDev: 5419.8 ns, Quartiles: 24474.0/26269.0/28208.0 ns
18266,1
18819,1
18835,1
18941,1
19052,1
19149,1
19219,1
19283,2
19334,1
19411,1
19536,1
19555,1
19575,1
19619,1
19623,1
19654,1
19661,1
19693,1
19696,1
19703,1
19725,1
19750,1
19785,1
19789,1
19792,1
19818,1
19847,1
19853,1
19856,2
19862,1
19869,1
19898,1
19901,1
19904,1
19914,2
19917,2
19924,1
19936,1
19942,1
19946,2
19955,1
19965,2
19968,1
19974,1
19980,1
19981,1
19987,1
19991,1
19996,1
20013,1
20016,1
20019,2
20022,2
20023,1
20026,1
20041,1
20048,1
20051,1
20061,2
20067,1
20068,1
20073,1
20080,1
20089,2
20093,1
20099,1
20102,3
20118,1
20119,1
20125,1
20128,2
20134,1
20137,1
20138,1
20140,2
20141,1
20157,1
20169,1
20173,1
20176,1
20179,1
20189,1
20199,2
20204,1
20205,1
20208,1
20211,1
20230,1
20231,1
20250,2
20263,1
20266,1
20272,1
20288,1
20294,4
20295,1
20298,2
20301,1
20304,1
20307,1
20310,1
20313,1
20314,1
20317,1
20327,1
20330,1
20336,1
20339,1
20342,2
20345,1
20346,1
20348,1
20352,1
20355,1
20359,1
20365,1
20368,1
20371,1
20378,1
20384,1
20388,1
20393,1
20394,1
20396,2
20403,1
20406,1
20416,2
20419,1
20422,3
20435,2
20442,1
20448,1
20451,1
20455,1
20457,1
20458,1
20471,1
20473,3
20477,1
20480,1
20486,1
20490,1
20493,1
20506,1
20512,4
20515,1
20518,1
20524,1
20525,1
20528,2
20532,1
20534,1
20537,1
20540,1
20541,1
20544,1
20547,1
20550,1
20553,1
20557,1
20560,1
20563,3
20566,1
20573,2
20576,2
20582,1
20583,1
20586,1
20588,1
20592,1
20595,1
20596,1
20598,1
20599,2
20602,5
20605,1
20608,2
20611,1
20612,1
20614,1
20615,1
20617,1
20618,2
20621,1
20624,1
20627,3
20628,1
20633,1
20634,1
20636,1
20640,2
20643,1
20644,1
20646,2
20653,3
20656,2
20659,3
20662,1
20663,1
20665,1
20669,1
20675,1
20678,1
20679,2
20681,2
20684,2
20694,1
20695,1
20697,1
20698,1
20701,1
20704,3
20707,2
20710,1
20713,1
20714,1
20717,2
20720,2
20723,3
20729,1
20733,1
20736,4
20739,2
20745,1
20746,1
20749,2
20752,2
20755,1
20756,1
20759,2
20761,1
20762,2
20765,3
20768,2
20771,1
20774,1
20777,1
20778,1
20781,2
20784,2
20787,1
20788,1
20793,1
20794,2
20796,1
20797,2
20800,4
20803,1
20806,1
20807,1
20813,1
20816,3
20819,1
20825,1
20826,1
20829,1
20832,1
20835,1
20836,1
20839,2
20841,3
20842,1
20845,3
20848,7
20851,2
20855,1
20861,2
20864,1
20870,3
20871,2
20874,2
20877,2
20883,2
20886,2
20889,2
20890,2
20896,3
20899,1
20906,1
20909,1
20915,1
20918,1
20919,1
20922,2
20925,2
20928,3
20932,2
20934,1
20935,2
20938,1
20954,3
20957,1
20960,2
20963,2
20966,2
20969,2
20970,1
20972,1
20976,1
20979,1
20982,1
20983,1
20985,2
20986,2
20989,2
20992,2
20995,1
20998,2
20999,1
21001,1
21002,3
21004,2
21011,2
21014,2
21015,1
21018,1
21021,2
21024,1
21027,2
21028,1
21030,3
21034,2
21040,2
21043,1
21044,1
21046,2
21049,1
21052,1
21053,3
21056,3
21059,1
21060,1
21062,2
21063,1
21069,1
21072,1
21075,3
21079,1
21081,1
21082,3
21084,1
21085,2
21088,5
21091,3
21094,1
21095,1
21097,1
21098,1
21101,3
21104,2
21107,2
21110,2
21113,1
21114,2
21116,2
21117,5
21120,1
21123,3
21124,1
21126,3
21127,1
21130,2
21133,1
21136,4
21139,2
21140,1
21143,1
21146,1
21149,1
21152,5
21155,1
21159,1
21162,4
21168,4
21171,4
21174,1
21177,1
21181,1
21184,3
21187,2
21190,4
21191,2
21193,1
21194,3
21196,2
21197,1
21200,1
21203,2
21206,1
21209,3
21210,2
21213,2
21216,4
21222,1
21223,3
21225,2
21226,1
21229,2
21232,3
21238,3
21242,4
21244,1
21245,1
21248,3
21252,1
21254,2
21255,1
21258,1
21260,1
21261,1
21264,3
21267,1
21268,1
21270,1
21271,1
21273,3
21274,2
21276,2
21280,4
21284,2
21286,3
21289,2
21290,2
21296,3
21302,2
21303,1
21305,3
21306,1
21308,1
21309,2
21312,4
21315,3
21316,1
21318,2
21319,1
21321,2
21322,2
21324,2
21325,4
21328,2
21331,1
21334,3
21337,2
21338,3
21341,4
21344,3
21347,2
21348,1
21350,3
21353,1
21354,2
21356,2
21357,4
21360,3
21363,4
21364,1
21366,3
21367,5
21369,1
21370,1
21372,1
21373,3
21376,2
21379,4
21382,3
21383,2
21385,2
21386,1
21389,3
21392,4
21395,3
21396,1
21398,2
21402,3
21405,1
21408,3
21411,2
21414,3
21415,1
21417,2
21418,2
21421,5
21424,2
21427,2
21430,3
21431,3
21433,2
21434,1
21437,2
21440,8
21443,2
21444,2
21446,4
21447,3
21450,2
21452,3
21453,4
21456,3
21459,3
21460,2
21462,3
21463,5
21465,2
21466,1
21469,2
21472,6
21475,1
21479,2
21481,1
21482,2
21485,4
21488,6
21491,5
21494,5
21497,3
21498,1
21501,6
21504,7
21507,1
21510,3
21511,3
21513,3
21516,2
21517,3
21520,4
21523,5
21526,1
21527,2
21530,1
21532,1
21533,1
21536,4
21539,1
21542,3
21543,2
21545,1
21548,1
21549,5
21552,2
21555,3
21556,3
21558,3
21559,2
21561,3
21562,4
21564,1
21565,2
21568,3
21571,4
21572,1
21574,5
21575,1
21577,1
21578,2
21580,2
21581,4
21584,1
21587,5
21588,2
21590,1
21591,2
21594,2
21596,2
21597,1
21600,3
21603,1
21606,4
21607,1
21609,1
21610,1
21612,1
21613,2
21616,2
21619,2
21622,1
21623,2
21625,1
21626,2
21628,2
21629,6
21632,3
21635,3
21638,2
21639,1
21641,5
21642,3
21644,1
21645,4
21648,2
21651,2
21654,4
21655,5
21657,6
21658,4
21660,1
21661,2
21664,5
21667,8
21668,3
21670,11
21671,3
21673,4
21674,5
21677,6
21680,6
21683,5
21684,1
21686,4
21687,2
21689,6
21690,6
21693,6
21696,1
21699,5
21702,3
21703,5
21705,1
21706,5
21708,1
21709,1
21712,4
21715,5
21716,1
21718,2
21719,3
21721,4
21722,3
21724,1
21725,5
21728,7
21734,2
21735,2
21737,1
21738,2
21741,5
21744,7
21747,2
21750,4
21751,2
21753,4
21754,4
21756,1
21757,5
21760,2
21763,2
21764,1
21766,7
21767,1
21770,2
21772,1
21773,8
21776,3
21779,5
21780,2
21782,2
21783,1
21785,3
21786,5
21788,1
21789,3
21792,5
21795,2
21796,1
21798,4
21801,2
21802,6
21805,4
21808,5
21811,3
21812,1
21814,3
21815,5
21818,3
21820,1
21821,6
21824,4
21827,10
21828,2
21830,4
21831,3
21833,4
21834,3
21836,1
21837,1
21840,6
21843,3
21846,2
21847,3
21849,1
21850,5
21852,1
21853,6
21856,7
21859,4
21860,1
21862,6
21863,4
21865,2
21866,3
21869,3
21872,6
21875,3
21878,3
21879,3
21881,4
21882,1
21884,2
21885,7
21888,3
21891,9
21894,5
21895,2
21897,2
21898,6
21900,3
21901,4
21904,7
21907,5
21908,3
21910,7
21911,4
21913,2
21914,3
21916,2
21917,2
21920,5
21923,4
21924,2
21926,4
21927,1
21929,1
21930,3
21933,5
21936,5
21939,5
21940,1
21942,1
21943,3
21945,1
21946,2
21949,4
21952,8
21955,6
21956,2
21958,5
21959,3
21962,4
21964,1
21965,7
21968,6
21971,5
21972,2
21974,3
21975,1
21977,1
21978,4
21981,5
21984,4
21987,6
21988,1
21990,1
21991,1
21993,1
21994,4
21996,2
21997,1
22000,7
22003,3
22006,2
22007,5
22009,2
22010,3
22012,1
22013,4
22016,5
22019,8
22020,2
22022,3
22023,2
22025,1
22026,3
22029,5
22032,9
22035,9
22036,2
22038,4
22039,3
22041,3
22042,6
22045,8
22048,6
22051,7
22052,1
22054,8
22055,6
22058,3
22060,1
22061,6
22064,7
22067,5
22068,2
22070,3
22071,2
22073,2
22074,5
22076,1
22077,5
22080,4
22083,2
22084,4
22086,5
22087,2
22090,7
22092,1
22093,10
22096,4
22099,7
22100,1
22102,6
22103,3
22105,3
22106,3
22109,8
22112,12
22115,4
22116,3
22118,5
22119,2
22121,3
22122,1
22124,3
22125,10
22128,9
22131,11
22132,1
22134,2
22135,1
22137,2
22138,2
22141,5
22144,4
22147,1
22148,3
22150,4
22151,2
22153,7
22154,6
22156,3
22157,5
22160,7
22163,8
22164,4
22166,6
22167,6
22169,2
22170,2
22172,2
22173,7
22176,6
22179,5
22180,3
22182,5
22183,3
22185,1
22186,2
22188,2
22189,6
22192,6
22195,5
22196,3
22198,5
22199,1
22201,3
22202,5
22204,3
22205,3
22208,8
22211,2
22212,2
22214,6
22215,4
22217,6
22218,6
22221,5
22224,7
22227,2
22228,1
22230,5
22231,5
22233,4
22234,10
22236,1
22237,8
22240,11
22243,8
22244,1
22246,6
22247,4
22249,7
22250,7
22252,3
22253,9
22256,6
22259,6
22262,2
22263,1
22265,5
22266,9
22268,2
22269,1
22272,13
22275,10
22276,2
22278,5
22279,3
22281,3
22282,4
22284,5
22285,6
22288,8
22291,8
22292,2
22294,3
22295,4
22297,4
22298,3
22300,1
22301,6
22304,12
22307,8
22308,1
22310,3
22311,5
22313,4
22314,3
22316,1
22317,5
22320,7
22323,3
22324,3
22326,4
22327,3
22329,3
22330,4
22333,6
22336,7
22339,6
22342,6
22343,2
22345,2
22346,8
22348,1
22349,8
22352,6
22355,2
22356,1
22358,2
22359,3
22361,2
22362,6
22364,4
22365,8
22368,7
22371,8
22372,2
22374,3
22375,2
22377,2
22378,5
22380,2
22381,9
22384,9
22387,8
22388,1
22390,6
22391,3
22393,2
22394,10
22396,2
22397,5
22400,7
22403,6
22404,1
22406,2
22407,6
22410,2
22412,1
22413,7
22416,13
22419,7
22420,1
22422,12
22423,4
22425,3
22426,4
22429,9
22432,9
22435,6
22436,2
22438,4
22439,4
22441,5
22442,2
22444,5
22445,7
22448,6
22451,6
22452,1
22454,3
22455,2
22457,1
22458,6
22460,3
22461,9
22464,10
22467,7
22470,7
22471,2
22473,6
22474,1
22476,1
22477,5
22480,7
22483,5
22484,2
22486,7
22487,2
22489,2
22490,7
22492,1
22493,8
22496,6
22499,6
22500,2
22502,8
22505,1
22506,6
22508,1
22509,10
22512,9
22515,9
22516,4
22518,1
22519,2
22521,4
22522,4
22525,5
22528,12
22531,5
22532,2
22534,3
22535,3
22537,2
22538,2
22540,4
22541,6
22544,10
22547,8
22548,2
22550,6
22551,2
22553,3
22554,4
22556,2
22557,6
22560,11
22563,5
22564,2
22566,6
22567,4
22569,3
22570,2
22572,3
22573,4
22576,12
22579,4
22580,2
22582,2
22583,3
22585,6
22586,4
22588,6
22589,9
22592,11
22595,10
22596,3
22598,3
22599,6
22601,2
22602,7
22604,3
22605,7
22608,5
22611,12
22612,3
22614,7
22615,2
22617,2
22618,13
22620,1
22621,6
22624,13
22627,3
22628,1
22630,4
22631,4
22633,6
22634,9
22636,2
22637,8
22640,8
22643,14
22644,3
22646,5
22647,1
22649,8
22650,6
22652,1
22653,8
22656,14
22659,10
22660,3
22662,4
22663,5
22665,4
22666,4
22668,1
22669,5
22672,12
22675,16
22676,1
22678,3
22679,4
22681,5
22682,2
22684,2
22685,6
22688,4
22691,6
22694,5
22695,4
22697,3
22698,5
22700,3
22701,8
22704,8
22707,6
22708,2
22710,6
22711,3
22713,3
22714,8
22716,1
22717,5
22720,15
22723,6
22724,1
22726,5
22727,4
22729,2
22730,4
22732,6
22733,6
22736,12
22739,9
22740,1
22742,6
22743,6
22745,6
22746,11
22748,2
22749,6
22752,9
22755,8
22756,4
22758,5
22759,2
22761,4
22762,6
22764,2
22765,11
22768,13
22771,10
22774,4
22775,7
22777,4
22778,7
22780,1
22781,6
22784,13
22787,7
22790,4
22791,3
22793,3
22794,7
22796,3
22797,7
22800,6
22803,7
22804,1
22806,6
22807,5
22809,3
22810,8
22812,3
22813,12
22816,7
22819,5
22820,3
22822,2
22823,6
22825,4
22826,7
22829,7
22832,7
22835,5
22836,3
22838,6
22839,3
22841,3
22842,4
22844,3
22845,10
22848,4
22851,10
22852,2
22854,8
22855,4
22857,4
22858,3
22860,1
22861,12
22864,8
22867,14
22868,3
22870,5
22871,1
22873,8
22874,5
22876,2
22877,7
22880,7
22883,3
22886,5
22887,7
22889,2
22890,8
22892,2
22893,8
22896,5
22899,8
22900,3
22902,11
22903,2
22905,1
22906,5
22908,3
22909,4
22912,7
22915,4
22916,1
22918,9
22919,8
22921,4
22922,6
22924,2
22925,10
22928,7
22931,9
22932,3
22934,12
22935,4
22937,1
22938,6
22940,2
22941,3
22944,10
22947,4
22948,3
22950,5
22951,6
22953,8
22954,4
22956,4
22957,8
22960,11
22963,8
22966,8
22967,4
22969,4
22970,7
22972,2
22973,8
22976,9
22979,9
22980,1
22982,6
22983,1
22985,2
22986,7
22988,6
22989,11
22992,10
22995,12
22996,1
22998,12
22999,9
23001,2
23002,2
23004,2
23005,11
23008,12
23011,6
23012,3
23014,3
23015,6
23017,1
23018,6
23020,2
23021,5
23024,8
23027,10
23028,4
23030,9
23031,4
23033,3
23034,14
23036,2
23037,13
23040,16
23043,5
23044,4
23046,5
23047,3
23049,5
23050,11
23052,1
23053,5
23056,7
23059,13
23060,3
23062,8
23063,4
23065,5
23066,9
23068,2
23069,9
23072,13
23075,9
23078,10
23079,3
23081,2
23082,10
23085,7
23088,10
23091,9
23092,2
23094,5
23095,5
23097,4
23098,8
23100,1
23101,8
23104,12
23107,9
23108,5
23110,10
23111,3
23113,4
23114,5
23116,3
23117,10
23120,12
23123,11
23124,5
23126,6
23127,4
23129,6
23130,9
23132,2
23133,5
23136,11
23139,8
23140,1
23142,10
23143,4
23145,3
23146,5
23148,1
23149,7
23152,8
23155,7
23156,2
23158,3
23159,3
23161,8
23162,6
23164,1
23165,4
23168,15
23171,6
23172,3
23174,5
23175,1
23177,3
23178,9
23180,1
23181,14
23184,11
23187,8
23188,3
23190,3
23191,7
23193,5
23194,6
23196,2
23197,14
23200,8
23203,10
23206,10
23207,4
23209,2
23210,6
23212,2
23213,10
23216,16
23219,9
23220,6
23222,6
23223,2
23225,3
23226,5
23228,4
23229,10
23232,8
23235,6
23236,5
23238,6
23239,2
23241,3
23242,9
23244,3
23245,10
23248,15
23251,9
23252,5
23254,5
23255,4
23257,5
23258,4
23260,3
23261,3
23264,14
23267,7
23268,2
23270,4
23271,5
23273,7
23274,10
23276,1
23277,4
23280,6
23283,18
23284,3
23286,10
23287,5
23289,3
23290,9
23292,1
23293,10
23296,13
23299,10
23300,1
23302,8
23303,5
23305,2
23306,8
23309,9
23312,9
23315,12
23316,2
23318,11
23319,6
23321,6
23322,5
23324,4
23325,6
23328,6
23331,9
23332,3
23334,7
23335,5
23337,6
23338,9
23340,2
23341,11
23344,10
23347,5
23348,1
23350,2
23351,5
23353,5
23354,5
23356,2
23357,8
23360,11
23363,11
23364,4
23366,9
23367,6
23369,7
23370,6
23373,18
23376,11
23379,6
23380,1
23382,9
23383,3
23385,4
23386,7
23388,3
23389,10
23392,9
23395,9
23396,1
23398,9
23399,5
23401,3
23402,4
23404,2
23405,7
23408,12
23411,10
23414,9
23415,6
23417,8
23418,9
23420,4
23421,12
23424,8
23427,13
23428,1
23430,9
23431,6
23433,10
23434,6
23436,3
23437,17
23440,14
23443,8
23444,1
23446,11
23447,4
23449,5
23450,7
23452,2
23453,11
23456,8
23459,10
23460,4
23462,5
23463,9
23465,5
23466,13
23468,3
23469,9
23472,9
23475,5
23476,1
23478,12
23479,3
23481,6
23482,4
23484,1
23485,11
23488,21
23491,7
23492,1
23494,7
23495,1
23497,5
23498,11
23500,3
23501,17
23504,10
23507,8
23508,5
23510,3
23511,6
23513,8
23514,4
23516,4
23517,13
23520,12
23523,8
23524,3
23526,3
23527,7
23529,4
23530,12
23532,3
23533,14
23536,10
23539,15
23540,1
23542,6
23543,5
23545,8
23546,7
23548,3
23549,6
23552,14
23555,11
23556,1
23558,7
23559,7
23561,7
23562,10
23564,2
23565,13
23568,13
23571,11
23572,4
23574,7
23575,4
23577,9
23578,9
23580,4
23581,13
23584,15
23587,8
23590,9
23591,6
23593,4
23594,3
23596,4
23597,8
23600,11
23603,7
23604,1
23606,10
23607,1
23609,7
23610,10
23612,1
23613,5
23616,14
23619,11
23620,2
23622,6
23623,4
23625,4
23626,10
23628,1
23629,16
23632,5
23635,13
23636,2
23638,10
23639,1
23641,6
23642,7
23644,4
23645,9
23648,11
23651,9
23652,7
23654,10
23655,4
23657,2
23658,8
23661,12
23664,16
23667,9
23668,3
23670,8
23671,6
23673,5
23674,8
23676,5
23677,7
23680,15
23683,11
23684,2
23686,9
23687,3
23689,4
23690,8
23692,1
23693,15
23696,11
23699,11
23700,2
23702,5
23703,7
23705,6
23706,6
23708,3
23709,9
23712,9
23715,11
23716,1
23718,14
23719,7
23721,3
23722,5
23724,4
23725,11
23728,10
23731,6
23732,1
23734,6
23735,9
23737,7
23738,7
23740,2
23741,9
23744,10
23747,10
23750,11
23751,12
23753,2
23754,12
23756,2
23757,8
23760,13
23763,9
23764,2
23766,4
23767,6
23769,5
23770,7
23772,3
23773,11
23776,16
23779,11
23780,2
23782,13
23783,3
23785,6
23786,6
23788,3
23789,11
23792,18
23795,12
23796,7
23798,10
23799,7
23801,7
23802,8
23805,10
23808,8
23811,12
23812,3
23814,5
23815,4
23817,6
23818,7
23820,3
23821,11
23824,7
23827,7
23828,4
23830,10
23831,4
23833,6
23834,10
23837,13
23840,20
23843,8
23844,3
23846,7
23847,3
23849,6
23850,8
23852,3
23853,9
23856,14
23859,13
23860,3
23862,13
23863,7
23865,7
23866,10
23868,2
23869,5
23872,6
23875,7
23878,9
23879,3
23881,8
23882,4
23884,6
23885,10
23888,13
23891,9
23892,1
23894,10
23895,3
23897,4
23898,6
23900,4
23901,12
23904,13
23907,13
23908,5
23910,8
23911,3
23913,15
23914,12
23916,4
23917,8
23920,16
23923,10
23924,6
23926,6
23927,6
23929,7
23930,6
23932,1
23933,9
23936,17
23939,13
23940,6
23942,9
23943,5
23945,3
23946,9
23948,1
23949,7
23952,11
23955,9
23956,2
23958,4
23959,6
23961,4
23962,12
23964,1
23965,11
23968,13
23971,13
23972,3
23974,10
23975,11
23977,4
23978,9
23980,1
23981,14
23984,16
23987,12
23988,3
23990,6
23991,7
23993,7
23994,5
23996,2
23997,12
24000,9
24003,16
24006,5
24007,10
24009,3
24010,7
24012,3
24013,10
24016,17
24019,14
24020,2
24022,13
24023,6
24025,4
24026,9
24028,6
24029,13
24032,17
24035,8
24036,3
24038,10
24039,7
24041,3
24042,10
24044,2
24045,16
24048,10
24051,18
24052,6
24054,4
24055,4
24057,3
24058,6
24060,2
24061,8
24064,13
24067,8
24068,8
24070,11
24071,7
24073,4
24074,5
24076,2
24077,10
24080,12
24083,16
24084,2
24086,7
24087,4
24089,5
24090,6
24093,14
24096,17
24099,11
24100,1
24102,7
24103,5
24105,6
24106,11
24108,6
24109,9
24112,14
24115,11
24116,1
24118,10
24119,2
24121,7
24122,12
24124,5
24125,12
24128,13
24131,11
24132,2
24134,9
24135,5
24137,7
24138,9
24140,1
24141,8
24144,12
24147,9
24148,3
24150,5
24151,6
24153,8
24154,7
24157,14
24160,18
24163,11
24164,1
24166,16
24167,6
24169,10
24170,13
24172,4
24173,14
24176,10
24179,9
24180,1
24182,4
24183,6
24185,4
24186,6
24189,10
24192,19
24195,12
24196,2
24198,10
24199,8
24201,7
24202,5
24204,1
24205,14
24208,12
24211,18
24212,4
24214,10
24215,6
24217,5
24218,5
24220,3
24221,12
24224,15
24227,20
24228,3
24230,6
24231,7
24233,6
24234,8
24236,1
24237,5
24240,15
24243,16
24244,1
24246,10
24247,3
24249,4
24250,16
24252,3
24253,16
24256,20
24259,14
24260,4
24262,10
24263,4
24265,4
24266,8
24268,3
24269,8
24272,13
24275,9
24276,3
24278,10
24279,8
24281,5
24282,7
24284,3
24285,17
24288,13
24291,7
24292,1
24294,5
24295,4
24297,5
24298,7
24300,1
24301,10
24304,14
24307,11
24308,4
24310,7
24311,2
24313,6
24314,3
24316,4
24317,8
24320,19
24323,10
24324,5
24326,8
24327,8
24329,9
24330,8
24332,3
24333,14
24336,10
24339,11
24340,2
24342,8
24343,9
24345,5
24346,6
24348,3
24349,14
24352,13
24355,17
24356,4
24358,11
24359,11
24361,6
24362,5
24364,2
24365,12
24368,14
24371,9
24372,1
24374,6
24375,8
24377,10
24378,6
24380,2
24381,16
24384,13
24387,13
24388,6
24390,8
24391,7
24393,5
24394,10
24396,3
24397,16
24400,20
24403,13
24404,3
24406,7
24407,6
24409,6
24410,8
24412,7
24413,13
24416,18
24419,20
24420,4
24422,9
24423,10
24425,11
24426,7
24428,5
24429,12
24432,11
24435,13
24436,5
24438,6
24439,6
24441,5
24442,10
24444,1
24445,11
24448,16
24451,13
24452,2
24454,13
24455,9
24457,2
24458,6
24460,3
24461,7
24464,6
24467,15
24468,2
24470,10
24471,4
24473,5
24474,8
24476,3
24477,13
24480,14
24483,11
24484,2
24486,13
24487,3
24489,3
24490,9
24493,14
24496,20
24499,8
24500,4
24502,4
24503,13
24505,7
24506,8
24508,4
24509,11
24512,14
24515,8
24516,1
24518,13
24519,10
24521,6
24522,7
24524,3
24525,11
24528,13
24531,16
24532,4
24534,11
24535,4
24537,3
24538,15
24540,3
24541,11
24544,17
24547,12
24548,5
24550,12
24551,8
24553,6
24554,6
24556,6
24557,20
24560,14
24563,9
24564,3
24566,8
24567,5
24569,8
24570,7
24572,3
24573,14
24576,18
24579,11
24580,2
24582,8
24583,8
24585,3
24586,8
24588,5
24589,14
24592,16
24595,22
24596,1
24598,16
24599,6
24601,4
24602,4
24604,5
24605,11
24608,10
24611,18
24612,4
24614,10
24615,2
24617,6
24618,7
24620,3
24621,11
24624,11
24627,9
24628,3
24630,8
24631,9
24633,5
24634,15
24636,5
24637,11
24640,14
24643,11
24644,2
24646,14
24647,9
24649,9
24650,8
24652,6
24653,14
24656,21
24659,14
24660,3
24662,10
24663,3
24665,4
24666,7
24668,2
24669,16
24672,18
24675,19
24676,1
24678,11
24679,13
24681,3
24682,8
24684,6
24685,6
24688,17
24691,12
24692,2
24694,8
24695,6
24697,7
24698,15
24700,1
24701,13
24704,22
24707,23
24708,7
24710,10
24711,10
24713,7
24714,11
24716,1
24717,18
24720,15
24723,10
24724,4
24726,9
24727,8
24729,4
24730,15
24732,2
24733,9
24736,26
24739,11
24740,3
24742,11
24743,12
24745,5
24746,13
24748,4
24749,17
24752,15
24755,14
24756,1
24758,7
24759,7
24761,2
24762,11
24764,4
24765,17
24768,17
24771,11
24772,2
24774,9
24775,4
24777,10
24778,10
24780,1
24781,10
24784,14
24787,17
24788,4
24790,10
24791,11
24793,7
24794,15
24796,2
24797,15
24800,16
24803,16
24806,14
24807,10
24809,8
24810,10
24812,3
24813,12
24816,17
24819,12
24820,3
24822,15
24823,6
24825,5
24826,13
24828,1
24829,9
24832,16
24835,17
24836,1
24838,9
24839,2
24841,9
24842,11
24844,3
24845,8
24848,14
24851,16
24852,2
24854,7
24855,7
24857,9
24858,9
24860,8
24861,12
24864,9
24867,20
24868,5
24870,5
24871,7
24873,3
24874,7
24876,5
24877,15
24880,12
24883,21
24884,4
24886,13
24887,11
24889,7
24890,15
24892,2
24893,6
24896,14
24899,17
24900,4
24902,10
24903,9
24905,11
24906,12
24908,4
24909,14
24912,17
24915,21
24916,3
24918,9
24919,7
24921,10
24922,10
24924,5
24925,18
24928,23
24931,9
24932,7
24934,9
24935,8
24937,7
24938,12
24940,8
24941,16
24944,17
24947,12
24948,5
24950,10
24951,6
24953,7
24954,13
24956,4
24957,13
24960,23
24963,17
24964,4
24966,20
24967,7
24969,9
24970,10
24972,2
24973,25
24976,25
24979,18
24980,2
24982,9
24983,6
24985,6
24986,10
24988,5
24989,11
24992,15
24995,7
24996,4
24998,8
24999,10
25001,3
25002,6
25004,2
25005,11
25008,15
25011,11
25012,1
25014,9
25015,4
25017,9
25018,6
25020,4
25021,15
25024,12
25027,14
25028,2
25030,12
25031,3
25033,6
25034,6
25036,8
25037,13
25040,19
25043,9
25044,3
25046,16
25047,5
25049,8
25050,18
25052,4
25053,13
25056,15
25059,18
25060,4
25062,13
25063,5
25065,6
25066,8
25068,3
25069,15
25072,21
25075,14
25076,5
25078,7
25079,5
25081,4
25082,4
25084,3
25085,14
25088,8
25091,18
25094,16
25095,10
25097,5
25098,12
25100,3
25101,14
25104,19
25107,18
25108,1
25110,12
25111,7
25113,7
25114,14
25116,7
25117,16
25120,16
25123,16
25124,5
25126,10
25127,11
25129,4
25130,19
25132,1
25133,18
25136,18
25139,17
25140,1
25142,11
25143,10
25145,4
25146,13
25148,1
25149,16
25152,18
25155,19
25158,14
25159,4
25161,9
25162,7
25165,15
25168,21
25171,14
25172,7
25174,5
25175,3
25177,8
25178,17
25181,10
25184,22
25187,15
25188,4
25190,10
25191,7
25193,6
25194,10
25196,2
25197,8
25200,15
25203,17
25204,4
25206,8
25207,6
25209,4
25210,11
25212,4
25213,11
25216,21
25219,15
25220,3
25222,8
25223,4
25225,10
25226,9
25228,5
25229,14
25232,16
25235,15
25236,5
25238,16
25239,4
25241,7
25242,14
25244,5
25245,15
25248,20
25251,6
25252,2
25254,20
25255,9
25257,7
25258,9
25260,8
25261,10
25264,23
25267,16
25268,1
25270,12
25271,8
25273,5
25274,9
25276,5
25277,13
25280,21
25283,12
25284,3
25286,11
25287,9
25289,7
25290,11
25292,2
25293,16
25296,18
25299,10
25300,2
25302,9
25303,9
25305,5
25306,12
25308,4
25309,16
25312,14
25315,11
25316,1
25318,15
25319,7
25321,8
25322,10
25324,6
25325,21
25328,18
25331,24
25332,4
25334,14
25335,8
25337,6
25338,10
25340,2
25341,7
25344,27
25347,18
25348,3
25350,10
25351,8
25353,11
25354,9
25356,2
25357,17
25360,20
25363,22
25364,1
25366,10
25367,9
25369,5
25370,11
25372,5
25373,12
25376,17
25379,14
25380,2
25382,8
25383,9
25385,7
25386,10
25388,5
25389,14
25392,16
25395,17
25396,5
25398,7
25399,6
25401,9
25402,13
25404,2
25405,13
25408,19
25411,12
25412,3
25414,16
25415,7
25417,4
25418,9
25420,6
25421,13
25424,29
25427,16
25428,6
25430,12
25431,8
25433,13
25434,16
25436,2
25437,16
25440,26
25443,17
25444,2
25446,12
25447,6
25449,2
25450,9
25452,7
25453,22
25456,18
25459,14
25460,4
25462,13
25463,5
25465,7
25466,14
25468,5
25469,5
25472,22
25475,13
25476,1
25478,13
25479,9
25481,6
25482,11
25484,6
25485,12
25488,19
25491,19
25492,4
25494,9
25495,12
25497,12
25498,13
25500,4
25501,17
25504,10
25507,11
25508,4
25510,18
25511,11
25513,7
25514,13
25516,4
25517,13
25520,26
25523,14
25524,6
25526,11
25527,7
25529,4
25530,17
25532,1
25533,15
25536,19
25539,14
25540,4
25542,10
25543,5
25545,5
25546,9
25548,3
25549,10
25552,15
25555,15
25556,4
25558,15
25559,9
25561,8
25562,8
25564,1
25565,12
25568,18
25571,12
25572,3
25574,11
25575,4
25577,10
25578,10
25580,4
25581,17
25584,12
25587,13
25588,9
25590,8
25591,9
25593,7
25594,14
25596,4
25597,15
25600,18
25603,24
25604,3
25606,11
25607,8
25609,6
25610,3
25612,2
25613,16
25616,17
25619,19
25620,6
25622,13
25623,7
25625,4
25626,13
25628,2
25629,9
25632,19
25635,20
25636,2
25638,12
25639,6
25641,7
25642,9
25644,6
25645,18
25648,21
25651,21
25652,6
25654,12
25655,9
25657,7
25658,14
25660,5
25661,22
25664,11
25667,17
25668,5
25670,12
25671,4
25673,9
25674,17
25676,4
25677,15
25680,24
25683,28
25684,4
25686,13
25687,2
25689,5
25690,9
25692,2
25693,11
25696,13
25699,23
25700,3
25702,13
25703,6
25705,6
25706,18
25708,1
25709,18
25712,21
25715,10
25716,6
25718,12
25719,11
25721,10
25722,11
25724,7
25725,11
25728,23
25731,14
25734,8
25735,9
25737,9
25738,4
25740,3
25741,20
25744,26
25747,12
25748,7
25750,15
25751,14
25753,12
25754,7
25756,5
25757,23
25760,26
25763,9
25764,8
25766,9
25767,8
25769,8
25770,11
25772,5
25773,16
25776,21
25779,15
25780,3
25782,9
25783,5
25785,13
25786,11
25788,6
25789,14
25792,24
25795,12
25796,2
25798,14
25799,4
25801,6
25802,20
25804,4
25805,16
25808,10
25811,22
25812,1
25814,11
25815,8
25817,6
25818,15
25820,6
25821,18
25824,14
25827,19
25828,4
25830,18
25831,6
25833,12
25834,13
25836,5
25837,22
25840,12
25843,21
25844,4
25846,13
25847,5
25849,4
25850,7
25852,4
25853,13
25856,18
25859,16
25860,4
25862,12
25863,5
25865,4
25866,10
25868,10
25869,12
25872,15
25875,20
25876,7
25878,17
25879,4
25881,6
25882,12
25884,3
25885,22
25888,24
25891,16
25892,4
25894,13
25895,7
25897,8
25898,13
25900,3
25901,19
25904,23
25907,15
25908,5
25910,5
25911,7
25913,4
25914,11
25916,3
25917,15
25920,25
25923,14
25924,4
25926,14
25927,6
25929,7
25930,8
25932,5
25933,20
25936,23
25939,18
25940,4
25942,14
25943,9
25945,8
25946,11
25948,2
25949,15
25952,25
25955,9
25956,4
25958,8
25959,16
25961,9
25962,10
25964,8
25965,14
25968,17
25971,21
25972,3
25974,13
25975,11
25977,12
25978,8
25980,5
25981,14
25984,16
25987,14
25988,1
25990,16
25991,8
25993,5
25994,15
25996,3
25997,18
26000,24
26003,24
26004,4
26006,10
26007,3
26009,6
26010,15
26012,2
26013,18
26016,18
26019,12
26020,4
26022,9
26023,7
26025,3
26026,13
26028,2
26029,21
26032,19
26035,15
26036,1
26038,15
26039,11
26041,12
26042,15
26044,6
26045,14
26048,34
26051,12
26052,2
26054,22
26055,6
26057,5
26058,18
26060,7
26061,15
26064,15
26067,13
26068,6
26070,5
26071,7
26073,9
26074,14
26076,1
26077,16
26080,15
26083,9
26084,5
26086,8
26087,9
26089,9
26090,15
26092,4
26093,19
26096,26
26099,15
26100,4
26102,14
26103,7
26105,5
26106,15
26108,3
26109,16
26112,17
26115,15
26116,5
26118,18
26119,10
26121,10
26122,10
26124,3
26125,22
26128,21
26131,18
26132,4
26134,16
26135,9
26137,10
26138,12
26140,3
26141,12
26144,24
26147,20
26148,5
26150,12
26151,10
26153,13
26154,14
26156,3
26157,20
26160,18
26163,23
26164,4
26166,10
26167,10
26169,9
26170,8
26172,3
26173,9
26176,23
26179,7
26180,3
26182,8
26183,9
26185,10
26186,9
26188,5
26189,10
26192,17
26195,19
26196,7
26198,12
26199,4
26201,6
26202,11
26204,4
26205,7
26208,22
26211,19
26212,4
26214,18
26215,7
26217,11
26218,8
26220,3
26221,13
26224,17
26227,23
26228,4
26230,15
26231,10
26233,10
26234,13
26236,7
26237,10
26240,17
26243,16
26244,2
26246,14
26247,11
26249,9
26250,9
26252,2
26253,12
26256,26
26259,14
26260,4
26262,16
26263,4
26265,2
26266,13
26268,5
26269,23
26272,16
26275,16
26276,2
26278,10
26279,5
26281,4
26282,15
26284,3
26285,20
26288,25
26291,19
26292,4
26294,8
26295,4
26297,5
26298,14
26300,4
26301,13
26304,15
26307,10
26308,3
26310,9
26311,9
26313,5
26314,12
26316,7
26317,16
26320,15
26323,17
26324,2
26326,16
26327,9
26329,11
26330,12
26332,5
26333,17
26336,22
26339,14
26340,3
26342,13
26343,8
26345,5
26346,9
26348,6
26349,20
26352,20
26355,15
26356,3
26358,12
26359,6
26361,10
26362,4
26364,3
26365,9
26368,19
26371,25
26372,2
26374,16
26375,9
26377,8
26378,16
26380,8
26381,15
26384,20
26387,16
26388,5
26390,12
26391,11
26393,12
26394,11
26396,4
26397,18
26400,24
26403,19
26404,3
26406,13
26407,8
26409,7
26410,15
26412,5
26413,13
26416,22
26419,15
26420,5
26422,3
26423,8
26425,11
26426,14
26428,4
26429,13
26432,27
26435,7
26436,7
26438,14
26439,6
26441,10
26442,18
26444,5
26445,12
26448,17
26451,16
26452,6
26454,14
26455,5
26457,9
26458,17
26460,3
26461,23
26464,21
26467,18
26468,1
26470,14
26471,7
26473,9
26474,11
26476,8
26477,15
26480,15
26483,18
26484,1
26486,15
26487,12
26489,8
26490,4
26492,3
26493,11
26496,19
26499,12
26500,2
26502,11
26503,8
26505,10
26506,17
26508,5
26509,23
26512,17
26515,12
26516,3
26518,14
26519,6
26521,8
26522,13
26524,3
26525,10
26528,16
26531,14
26532,3
26534,21
26535,8
26537,6
26538,17
26540,3
26541,9
26544,10
26547,22
26548,6
26550,12
26551,6
26553,7
26554,14
26556,4
26557,16
26560,18
26563,15
26564,3
26566,12
26567,7
26569,6
26570,11
26572,3
26573,16
26576,21
26579,12
26580,4
26582,12
26583,10
26585,5
26586,17
26588,4
26589,14
26592,22
26595,20
26596,5
26598,11
26599,12
26601,5
26602,19
26604,1
26605,15
26608,19
26611,12
26612,2
26614,5
26615,7
26617,9
26618,13
26620,1
26621,12
26624,20
26627,20
26628,6
26630,8
26631,13
26633,3
26634,9
26636,4
26637,9
26640,23
26643,14
26644,7
26646,13
26647,11
26649,16
26650,15
26652,4
26653,12
26656,16
26659,16
26660,4
26662,12
26663,8
26665,12
26666,15
26668,2
26669,17
26672,21
26675,14
26676,6
26678,11
26679,5
26681,12
26682,9
26684,6
26685,11
26688,27
26691,14
26692,4
26694,16
26695,11
26697,10
26698,12
26700,7
26701,18
26704,14
26707,16
26708,2
26710,6
26711,8
26713,2
26714,14
26716,3
26717,16
26720,24
26723,11
26724,6
26726,12
26727,4
26729,5
26730,10
26732,6
26733,10
26736,20
26739,11
26740,7
26742,7
26743,5
26745,4
26746,10
26748,3
26749,18
26752,11
26755,15
26756,2
26758,6
26759,7
26761,5
26762,18
26764,3
26765,16
26768,22
26771,15
26772,2
26774,12
26775,11
26777,11
26778,6
26780,3
26781,15
26784,31
26787,15
26788,4
26790,13
26791,12
26793,7
26794,7
26796,3
26797,13
26800,20
26803,15
26804,4
26806,18
26807,3
26809,7
26810,15
26812,2
26813,16
26816,13
26819,16
26820,6
26822,7
26823,12
26825,7
26826,9
26828,5
26829,12
26832,14
26835,19
26836,2
26838,9
26839,5
26841,8
26842,13
26844,8
26845,22
26848,26
26851,17
26852,5
26854,18
26855,5
26857,6
26858,12
26860,1
26861,15
26864,19
26867,18
26868,3
26870,12
26871,18
26873,10
26874,7
26876,4
26877,8
26880,26
26883,12
26884,5
26886,14
26887,15
26889,3
26890,15
26892,6
26893,19
26896,17
26899,25
26900,6
26902,12
26903,10
26905,7
26906,10
26908,5
26909,13
26912,23
26915,10
26916,4
26918,15
26919,7
26921,5
26922,10
26924,1
26925,15
26928,12
26931,10
26932,3
26934,13
26935,15
26937,7
26938,18
26940,9
26941,10
26944,24
26947,18
26948,1
26950,8
26951,13
26953,7
26954,11
26956,5
26957,9
26960,25
26963,17
26964,5
26966,11
26967,8
26969,11
26970,14
26972,3
26973,20
26976,23
26979,8
26980,5
26982,13
26983,7
26985,8
26986,11
26988,1
26989,16
26992,13
26995,19
26996,3
26998,10
26999,2
27001,6
27002,17
27005,15
27008,20
27011,13
27012,3
27014,11
27015,3
27017,9
27018,16
27020,4
27021,25
27024,17
27027,10
27028,1
27030,8
27031,9
27033,10
27034,9
27036,3
27037,11
27040,18
27043,22
27044,2
27046,8
27047,9
27049,11
27050,10
27052,3
27053,19
27056,20
27059,16
27060,4
27062,9
27063,7
27065,3
27066,10
27068,6
27069,12
27072,22
27075,13
27076,3
27078,16
27079,4
27081,10
27082,12
27084,4
27085,12
27088,11
27091,16
27092,5
27094,9
27095,2
27097,7
27098,6
27100,3
27101,9
27104,11
27107,15
27108,4
27110,20
27111,12
27113,4
27114,8
27116,6
27117,7
27120,14
27123,12
27124,4
27126,10
27127,4
27129,11
27130,9
27132,2
27133,18
27136,21
27139,8
27140,3
27142,10
27143,6
27145,9
27146,11
27148,3
27149,23
27152,32
27155,9
27156,5
27158,9
27159,3
27161,6
27162,11
27164,6
27165,15
27168,13
27171,10
27172,4
27174,7
27175,6
27177,7
27178,9
27180,2
27181,17
27184,12
27187,15
27188,2
27190,13
27191,10
27193,4
27194,12
27196,3
27197,9
27200,23
27203,15
27204,4
27206,9
27207,8
27209,5
27210,9
27212,7
27213,12
27216,10
27219,14
27220,6
27222,16
27223,7
27225,9
27226,5
27228,1
27229,13
27232,24
27235,18
27236,7
27238,8
27239,6
27241,9
27242,7
27244,7
27245,14
27248,20
27251,14
27252,2
27254,6
27255,6
27257,11
27258,9
27260,3
27261,21
27264,18
27267,22
27268,5
27270,9
27271,8
27273,1
27274,10
27276,1
27277,6
27280,15
27283,13
27284,5
27286,11
27287,9
27289,7
27290,9
27292,1
27293,14
27296,17
27299,19
27300,2
27302,16
27303,8
27305,12
27306,11
27308,5
27309,19
27312,9
27315,17
27316,2
27318,12
27319,7
27321,7
27322,9
27324,6
27325,16
27328,16
27331,17
27332,4
27334,5
27335,5
27337,8
27338,17
27340,8
27341,14
27344,13
27347,7
27348,2
27350,10
27351,8
27353,10
27354,7
27356,5
27357,22
27360,11
27363,16
27364,1
27366,13
27367,5
27369,5
27370,11
27373,17
27376,15
27379,9
27380,6
27382,8
27383,8
27385,5
27386,10
27388,1
27389,12
27392,14
27395,11
27396,2
27398,7
27399,2
27401,3
27402,7
27404,5
27405,13
27408,16
27411,17
27412,8
27414,8
27415,8
27417,6
27418,4
27420,3
27421,12
27424,18
27427,14
27428,4
27430,12
27431,6
27433,6
27434,10
27436,2
27437,16
27440,8
27443,15
27444,3
27446,6
27447,3
27449,10
27450,12
27452,5
27453,16
27456,14
27459,20
27460,4
27462,8
27463,5
27465,8
27466,14
27468,5
27469,13
27472,10
27475,10
27476,6
27478,12
27479,3
27481,5
27482,13
27484,3
27485,6
27488,16
27491,15
27492,6
27494,11
27495,4
27497,4
27498,10
27500,5
27501,22
27504,11
27507,13
27508,8
27510,10
27511,9
27513,8
27514,8
27516,2
27517,9
27520,19
27523,14
27524,7
27526,8
27527,4
27529,3
27530,12
27532,2
27533,9
27536,15
27539,19
27540,3
27542,9
27543,6
27545,5
27546,10
27548,4
27549,10
27552,20
27555,10
27558,8
27559,5
27561,5
27562,12
27564,4
27565,15
27568,18
27571,10
27572,1
27574,6
27575,3
27577,4
27578,12
27580,5
27581,10
27584,18
27587,10
27588,4
27590,10
27591,1
27593,4
27594,12
27596,1
27597,18
27600,14
27603,14
27604,3
27606,11
27607,3
27609,9
27610,5
27612,3
27613,15
27616,15
27619,14
27620,4
27622,11
27623,8
27625,4
27626,9
27628,2
27629,10
27632,13
27635,15
27636,4
27638,8
27639,4
27641,6
27642,16
27644,4
27645,11
27648,16
27651,13
27652,4
27654,13
27655,6
27657,6
27658,9
27660,1
27661,11
27664,15
27667,8
27668,2
27670,7
27671,8
27673,2
27674,7
27676,2
27677,17
27680,14
27683,9
27684,2
27686,4
27687,5
27689,5
27690,10
27692,4
27693,12
27696,15
27699,11
27700,3
27702,7
27703,6
27705,7
27706,8
27708,4
27709,11
27712,15
27715,15
27716,4
27718,10
27719,5
27721,4
27722,11
27724,4
27725,11
27728,13
27731,11
27732,6
27734,4
27735,3
27737,11
27738,9
27741,15
27744,23
27747,10
27748,3
27750,7
27751,3
27753,6
27754,10
27756,2
27757,8
27760,18
27763,13
27764,5
27766,9
27767,7
27769,4
27770,6
27772,2
27773,13
27776,18
27779,18
27780,4
27782,7
27783,3
27785,8
27786,9
27788,3
27789,16
27792,14
27795,13
27796,4
27798,4
27799,7
27801,6
27802,11
27804,1
27805,13
27808,15
27811,13
27812,3
27814,11
27815,3
27817,3
27818,14
27820,2
27821,8
27824,20
27827,14
27828,3
27830,6
27831,4
27833,6
27834,6
27836,2
27837,20
27840,12
27843,18
27844,2
27846,8
27847,12
27849,11
27850,6
27852,2
27853,13
27856,18
27859,9
27860,3
27862,5
27863,6
27865,10
27866,8
27868,4
27869,12
27872,14
27875,8
27878,9
27879,1
27881,4
27882,7
27884,4
27885,16
27888,20
27891,16
27892,3
27894,9
27895,5
27897,3
27898,11
27900,4
27901,13
27904,16
27907,19
27908,2
27910,11
27911,5
27913,4
27914,6
27916,5
27917,13
27920,13
27923,9
27924,2
27926,8
27929,6
27930,7
27932,2
27933,11
27936,10
27939,11
27940,1
27942,10
27943,5
27945,4
27946,5
27948,4
27949,8
27952,15
27955,13
27956,3
27958,13
27959,10
27961,6
27962,10
27964,3
27965,16
27968,15
27971,7
27972,1
27974,7
27975,5
27977,5
27978,6
27980,5
27981,16
27984,9
27987,11
27988,2
27990,10
27991,6
27993,8
27994,13
27996,4
27997,10
28000,15
28003,10
28004,3
28006,13
28007,5
28009,7
28010,3
28012,3
28013,6
28016,17
28019,11
28020,6
28022,11
28023,5
28025,7
28026,8
28028,1
28029,12
28032,12
28035,11
28038,8
28039,1
28041,6
28042,9
28044,4
28045,10
28048,18
28051,11
28052,2
28054,12
28055,2
28057,2
28058,3
28060,3
28061,19
28064,14
28067,18
28068,2
28070,12
28071,6
28073,4
28074,7
28076,1
28077,14
28080,13
28083,9
28084,2
28086,8
28087,2
28089,7
28090,5
28092,2
28093,10
28096,15
28099,9
28102,9
28103,3
28105,1
28106,11
28108,2
28109,13
28112,16
28115,21
28116,3
28118,10
28119,2
28121,8
28122,6
28124,4
28125,21
28128,13
28131,14
28132,4
28134,6
28135,6
28137,4
28138,6
28140,7
28141,17
28144,9
28147,11
28148,3
28150,8
28151,1
28153,6
28154,8
28156,2
28157,8
28160,14
28163,18
28164,1
28166,8
28167,3
28169,6
28170,8
28172,3
28173,12
28176,11
28179,9
28180,1
28182,4
28183,3
28185,6
28186,7
28188,3
28189,8
28192,15
28195,8
28196,3
28198,5
28199,5
28201,2
28202,10
28204,1
28205,12
28208,18
28211,11
28212,1
28214,8
28215,4
28217,5
28218,8
28220,4
28221,11
28224,15
28227,11
28228,5
28230,11
28231,3
28233,9
28234,10
28236,1
28237,7
28240,12
28243,7
28244,4
28246,8
28247,8
28249,5
28250,9
28252,3
28253,8
28256,9
28259,15
28260,2
28262,10
28263,5
28265,5
28266,10
28268,2
28269,6
28272,11
28275,8
28276,4
28278,5
28279,3
28281,7
28282,8
28284,1
28285,11
28288,11
28291,14
28292,3
28294,8
28295,5
28297,9
28298,7
28300,2
28301,11
28304,15
28307,8
28308,5
28310,12
28311,3
28313,5
28314,11
28316,4
28317,17
28320,18
28323,12
28324,2
28326,9
28327,4
28330,5
28332,1
28333,6
28336,14
28339,11
28340,1
28342,5
28343,9
28345,4
28346,6
28348,2
28349,8
28352,14
28355,13
28356,2
28358,12
28359,7
28361,2
28362,4
28364,4
28365,20
28368,8
28371,10
28372,4
28374,8
28375,2
28377,10
28378,9
28380,4
28381,11
28384,10
28387,18
28390,10
28391,8
28393,4
28394,9
28396,2
28397,12
28400,12
28403,7
28404,1
28406,4
28407,3
28409,5
28410,3
28412,3
28413,9
28416,16
28419,11
28420,2
28422,11
28423,3
28425,8
28426,9
28428,4
28429,14
28432,10
28435,6
28436,1
28438,5
28439,3
28441,4
28442,9
28444,4
28445,5
28448,11
28451,9
28452,4
28454,9
28455,4
28457,3
28458,6
28460,4
28461,5
28464,12
28467,8
28468,2
28470,6
28471,5
28473,11
28474,5
28476,5
28477,13
28480,13
28483,8
28484,2
28486,10
28487,11
28490,9
28492,5
28493,10
28496,10
28499,16
28500,2
28502,4
28503,7
28505,3
28506,10
28508,2
28509,15
28512,17
28515,7
28516,4
28518,5
28519,5
28521,2
28522,6
28524,1
28525,8
28528,14
28531,14
28532,2
28534,8
28535,2
28537,2
28538,11
28540,2
28541,10
28544,17
28547,10
28548,5
28550,5
28551,5
28553,4
28554,10
28556,4
28557,10
28560,15
28563,7
28566,7
28567,6
28569,7
28570,14
28573,5
28576,12
28579,8
28580,1
28582,5
28583,7
28585,9
28586,11
28589,15
28592,12
28595,13
28596,1
28598,5
28599,7
28601,3
28602,14
28604,2
28605,8
28608,17
28611,10
28612,3
28614,5
28615,5
28617,5
28618,6
28620,6
28621,11
28624,9
28627,20
28628,2
28630,7
28631,5
28633,7
28634,13
28636,4
28637,6
28640,14
28643,8
28644,2
28646,8
28647,3
28649,7
28650,3
28652,1
28653,15
28656,10
28659,7
28660,4
28662,9
28663,4
28665,5
28666,13
28668,1
28669,10
28672,12
28675,9
28676,4
28678,9
28679,10
28681,2
28682,9
28684,4
28685,15
28688,15
28691,9
28692,3
28694,2
28695,10
28697,7
28698,9
28700,3
28701,11
28704,18
28707,10
28708,1
28710,10
28711,4
28713,10
28714,7
28716,2
28717,10
28720,12
28723,10
28724,4
28726,5
28727,5
28729,4
28730,8
28732,2
28733,7
28736,22
28739,7
28740,4
28742,10
28743,6
28745,8
28746,9
28748,3
28749,13
28752,11
28755,10
28756,3
28758,4
28759,4
28761,4
28762,5
28764,5
28765,9
28768,13
28771,9
28772,3
28774,6
28775,5
28777,2
28778,6
28780,2
28781,7
28784,10
28787,9
28788,3
28790,7
28791,4
28793,8
28794,4
28796,2
28797,7
28800,16
28803,12
28804,2
28806,3
28807,8
28809,3
28810,5
28812,5
28813,12
28816,9
28819,10
28820,2
28822,5
28823,3
28825,7
28826,4
28828,1
28829,15
28832,6
28835,14
28836,1
28838,6
28839,1
28841,4
28842,6
28844,3
28845,8
28848,19
28851,16
28852,1
28854,8
28855,4
28857,4
28858,7
28861,10
28864,10
28867,7
28868,2
28870,7
28871,7
28873,4
28874,11
28876,2
28877,9
28880,20
28883,7
28884,2
28886,7
28887,6
28889,6
28890,8
28892,4
28893,10
28896,9
28899,6
28900,2
28902,10
28903,5
28905,3
28906,3
28908,4
28909,8
28912,13
28915,9
28916,1
28918,12
28922,10
28924,3
28925,6
28928,16
28931,5
28932,1
28934,6
28935,7
28937,2
28938,1
28940,2
28941,6
28944,11
28947,6
28948,3
28950,7
28951,6
28953,4
28954,7
28956,4
28957,13
28960,12
28963,10
28964,3
28966,10
28967,3
28969,3
28970,4
28972,3
28973,8
28976,6
28979,7
28980,2
28982,4
28983,6
28985,4
28986,11
28988,3
28989,9
28992,11
28995,7
28996,2
28998,8
28999,4
29001,5
29002,3
29004,2
29005,10
29008,11
29011,11
29012,1
29014,5
29015,2
29017,1
29018,7
29020,1
29021,7
29024,17
29027,10
29028,2
29030,9
29031,4
29033,10
29034,4
29036,3
29037,6
29040,5
29043,12
29046,9
29047,4
29049,4
29050,9
29052,6
29053,4
29056,16
29059,11
29060,3
29062,8
29063,5
29065,3
29066,3
29068,2
29069,13
29072,12
29075,8
29076,4
29078,5
29079,4
29081,4
29082,11
29084,3
29085,2
29088,14
29091,9
29092,1
29094,6
29095,3
29097,3
29098,9
29100,4
29101,11
29104,13
29107,7
29108,2
29110,6
29113,3
29114,8
29116,1
29117,5
29120,14
29123,7
29124,3
29126,8
29127,3
29129,5
29130,9
29132,4
29133,5
29136,13
29139,11
29140,2
29142,7
29143,6
29145,6
29146,6
29148,5
29149,8
29152,12
29155,6
29156,2
29158,6
29159,3
29161,5
29162,9
29165,13
29168,10
29171,10
29172,5
29174,9
29175,2
29177,5
29178,4
29181,10
29184,16
29187,11
29188,3
29190,3
29191,3
29193,3
29194,8
29197,6
29200,9
29203,9
29204,4
29206,7
29207,5
29209,3
29210,6
29213,7
29216,9
29219,5
29220,1
29222,8
29223,5
29225,3
29226,5
29228,3
29229,11
29232,11
29235,10
29236,2
29238,9
29239,3
29241,5
29242,5
29244,1
29245,10
29248,9
29251,11
29254,9
29255,1
29257,3
29258,8
29260,2
29261,6
29264,6
29267,5
29268,3
29270,10
29271,5
29273,2
29274,2
29276,4
29277,6
29280,12
29283,7
29286,7
29287,4
29289,4
29290,4
29292,2
29293,2
29296,10
29299,8
29302,4
29303,3
29305,6
29306,8
29308,2
29309,7
29312,12
29315,6
29316,2
29318,7
29319,7
29321,2
29322,6
29324,4
29325,9
29328,8
29331,7
29332,5
29334,6
29335,3
29337,1
29338,7
29340,4
29341,10
29344,8
29347,3
29348,2
29350,5
29351,3
29353,1
29354,4
29356,3
29357,4
29360,8
29363,9
29364,4
29366,1
29367,3
29369,7
29370,9
29372,1
29373,9
29376,9
29379,13
29380,1
29382,5
29383,2
29385,6
29386,6
29388,2
29389,9
29392,6
29395,11
29396,3
29398,4
29399,4
29401,1
29402,9
29404,3
29405,10
29408,15
29411,4
29412,2
29414,7
29415,5
29417,6
29418,7
29420,3
29421,15
29424,12
29427,14
29428,1
29430,6
29431,6
29433,4
29434,9
29436,2
29437,5
29440,9
29443,18
29444,1
29446,2
29447,4
29450,5
29452,4
29453,8
29456,8
29459,8
29460,2
29462,9
29463,2
29465,6
29466,5
29469,7
29472,7
29475,7
29476,1
29478,4
29479,5
29481,5
29482,7
29484,2
29485,11
29488,7
29491,5
29492,1
29494,7
29495,2
29497,4
29498,3
29500,1
29501,6
29504,7
29507,6
29508,2
29510,11
29511,4
29513,4
29514,6
29516,3
29517,13
29520,7
29523,10
29526,3
29527,9
29529,6
29530,6
29532,2
29533,7
29536,4
29539,5
29540,4
29542,4
29543,3
29545,4
29548,2
29549,11
29552,10
29555,9
29556,1
29558,3
29559,7
29561,7
29562,3
29564,1
29565,8
29568,7
29571,10
29572,4
29574,2
29575,6
29577,3
29578,4
29580,1
29581,7
29584,8
29587,10
29588,1
29590,5
29591,1
29593,2
29594,7
29596,2
29597,9
29600,6
29603,6
29604,3
29606,4
29607,3
29609,3
29610,5
29612,3
29613,5
29616,5
29619,6
29620,2
29622,5
29623,3
29625,7
29626,7
29628,2
29629,9
29632,11
29635,4
29636,3
29638,8
29639,6
29641,5
29642,5
29644,1
29645,5
29648,7
29651,3
29652,2
29654,5
29655,7
29657,1
29658,6
29660,1
29661,10
29664,5
29667,9
29668,1
29670,7
29671,6
29673,2
29674,5
29677,6
29680,6
29683,11
29684,2
29686,8
29687,3
29689,3
29690,7
29692,2
29693,7
29696,11
29699,10
29702,12
29703,3
29705,4
29706,2
29708,1
29709,9
29712,9
29715,7
29716,8
29718,6
29719,3
29721,3
29722,6
29724,1
29725,7
29728,9
29731,7
29732,1
29734,6
29735,4
29737,1
29738,5
29740,4
29741,8
29744,7
29747,3
29748,2
29750,6
29751,1
29753,2
29754,6
29756,2
29757,3
29760,9
29763,6
29764,5
29766,4
29767,4
29769,2
29770,5
29772,3
29773,3
29776,7
29779,6
29780,2
29782,6
29783,3
29785,4
29786,4
29789,13
29792,9
29795,6
29796,3
29798,8
29799,4
29801,2
29802,6
29804,3
29805,10
29808,7
29811,12
29812,4
29814,4
29815,2
29817,1
29818,3
29820,3
29821,2
29824,15
29827,7
29828,2
29830,9
29831,3
29833,6
29834,2
29836,2
29837,7
29840,10
29843,5
29844,2
29846,2
29847,4
29849,3
29850,2
29853,8
29856,11
29859,8
29860,2
29862,10
29863,2
29865,2
29866,4
29868,5
29869,5
29872,5
29875,10
29876,2
29878,3
29879,3
29881,8
29882,2
29884,1
29885,5
29888,4
29891,8
29892,1
29894,5
29895,4
29897,6
29898,4
29900,4
29901,3
29904,6
29907,9
29908,1
29910,4
29911,7
29913,5
29914,11
29916,3
29917,5
29920,13
29923,6
29924,2
29926,7
29927,3
29929,3
29930,3
29932,2
29933,10
29936,3
29939,8
29940,3
29942,4
29943,2
29945,4
29946,5
29949,5
29952,5
29955,5
29956,6
29958,5
29959,7
29961,4
29962,5
29964,1
29965,8
29968,9
29971,7
29972,1
29974,2
29975,7
29977,6
29978,4
29980,1
29981,2
29984,9
29987,6
29990,7
29991,2
29993,2
29994,2
29996,1
29997,11
30000,10
30003,8
30004,1
30006,5
30007,4
30009,5
30010,4
30012,3
30013,7
30016,6
30019,10
30020,2
30022,9
30023,2
30025,2
30026,7
30028,4
30029,8
30032,8
30035,13
30036,3
30038,1
30041,1
30042,4
30044,2
30045,13
30048,13
30051,3
30052,3
30054,1
30055,5
30057,6
30058,4
30060,3
30061,7
30064,10
30067,9
30068,1
30070,3
30071,4
30073,4
30074,8
30076,3
30077,6
30080,7
30083,4
30086,5
30087,5
30089,2
30090,7
30092,1
30093,3
30096,3
30099,7
30100,2
30102,6
30103,2
30105,3
30106,3
30108,2
30109,3
30112,11
30115,4
30116,2
30118,5
30119,2
30121,2
30122,4
30124,2
30125,7
30128,6
30131,6
30132,2
30134,7
30135,2
30137,1
30138,3
30140,2
30141,5
30144,5
30147,7
30150,2
30151,5
30153,4
30154,3
30157,7
30160,3
30163,3
30164,2
30166,2
30167,3
30169,5
30170,12
30172,2
30173,1
30176,5
30179,6
30180,2
30183,3
30185,6
30186,10
30188,1
30189,8
30192,7
30195,6
30196,3
30198,4
30199,3
30201,3
30202,6
30204,3
30205,8
30208,7
30211,5
30212,2
30214,3
30215,3
30217,1
30218,3
30220,1
30221,6
30224,9
30227,3
30228,2
30230,9
30231,3
30233,4
30234,2
30236,2
30237,2
30240,5
30243,6
30244,3
30246,2
30247,1
30249,4
30250,4
30253,2
30256,7
30259,6
30260,1
30262,1
30263,3
30265,4
30266,7
30268,1
30269,10
30272,12
30275,5
30276,1
30278,7
30279,3
30281,3
30282,4
30284,1
30285,4
30288,4
30291,6
30292,3
30294,6
30295,8
30298,5
30300,3
30301,2
30304,4
30307,3
30310,4
30311,1
30313,3
30314,2
30316,1
30317,5
30320,8
30323,2
30324,2
30326,4
30327,4
30329,2
30330,1
30333,5
30336,3
30339,8
30340,1
30342,2
30343,2
30345,5
30346,6
30348,1
30349,10
30352,7
30355,5
30358,5
30359,2
30361,5
30362,2
30364,1
30365,1
30368,9
30371,2
30372,2
30374,2
30375,1
30377,2
30378,1
30381,8
30384,4
30387,5
30388,2
30390,2
30391,3
30393,2
30394,1
30396,2
30397,6
30400,4
30403,3
30404,1
30406,7
30407,1
30409,5
30410,2
30413,9
30416,5
30419,5
30422,4
30423,1
30425,3
30426,7
30428,1
30429,4
30432,9
30435,5
30436,1
30438,5
30439,3
30441,1
30442,2
30444,1
30445,6
30448,4
30451,7
30452,5
30454,3
30455,4
30457,1
30458,1
30461,2
30464,6
30467,4
30470,2
30471,1
30473,1
30474,4
30476,4
30477,12
30480,6
30483,7
30486,8
30487,2
30489,1
30490,3
30493,3
30496,6
30499,1
30500,1
30502,2
30503,1
30506,1
30508,1
30509,5
30512,10
30515,2
30518,5
30519,2
30521,2
30522,2
30524,1
30525,5
30528,5
30531,6
30534,3
30535,4
30538,2
30540,1
30541,5
30544,6
30547,3
30548,3
30550,1
30551,5
30553,3
30554,3
30556,2
30557,4
30560,3
30563,3
30564,2
30566,2
30567,2
30569,1
30570,4
30572,1
30573,5
30576,4
30579,2
30582,3
30583,1
30585,1
30586,2
30588,1
30589,6
30592,5
30595,3
30598,4
30602,2
30604,3
30605,3
30608,6
30611,4
30612,1
30614,2
30615,2
30617,1
30618,5
30621,4
30624,6
30627,4
30630,3
30631,2
30633,3
30634,1
30636,1
30637,3
30640,3
30643,10
30644,1
30646,1
30647,3
30649,2
30650,2
30652,1
30653,3
30656,5
30659,3
30662,2
30663,1
30665,3
30666,4
30668,1
30669,4
30672,6
30675,2
30678,3
30679,1
30681,4
30682,5
30684,1
30685,5
30688,6
30691,1
30692,3
30694,1
30695,1
30698,2
30701,4
30704,3
30707,1
30710,3
30711,1
30713,2
30714,3
30716,2
30717,3
30720,9
30723,4
30726,4
30729,2
30730,6
30733,4
30736,6
30739,2
30740,2
30742,5
30745,1
30746,1
30748,1
30749,2
30752,2
30755,2
30758,2
30759,2
30761,1
30762,5
30764,1
30765,6
30768,2
30771,4
30772,1
30774,1
30775,1
30777,3
30778,4
30781,1
30784,7
30787,4
30790,2
30791,2
30793,2
30794,2
30797,3
30800,5
30803,3
30806,2
30807,5
30810,2
30813,4
30816,3
30819,3
30820,2
30822,2
30823,1
30825,3
30826,3
30829,5
30832,1
30835,4
30836,1
30838,3
30839,1
30841,3
30842,3
30844,1
30845,4
30848,6
30851,2
30854,5
30855,3
30857,1
30858,1
30860,1
30861,5
30864,5
30867,3
30868,2
30870,2
30873,2
30874,2
30876,1
30877,3
30880,2
30883,5
30886,2
30887,5
30889,2
30890,1
30893,3
30896,7
30899,3
30903,2
30905,2
30906,4
30908,2
30909,2
30912,1
30915,1
30918,4
30919,3
30921,2
30922,2
30924,3
30925,2
30928,7
30931,1
30932,2
30934,2
30935,2
30937,3
30938,2
30941,1
30944,2
30947,4
30950,3
30951,4
30953,3
30956,2
30957,2
30960,5
30963,5
30966,4
30967,3
30969,2
30972,2
30973,3
30976,4
30979,4
30982,1
30983,1
30986,3
30988,1
30992,4
30995,4
30996,1
30998,1
31001,1
31002,2
31005,2
31008,2
31011,2
31017,1
31018,3
31021,3
31024,1
31027,3
31030,2
31033,5
31034,2
31036,1
31037,7
31040,7
31043,1
31046,2
31047,2
31049,5
31050,1
31053,3
31056,2
31059,3
31060,1
31062,4
31063,2
31065,1
31069,2
31072,5
31075,1
31076,2
31078,4
31079,4
31081,2
31085,2
31088,5
31091,1
31092,1
31094,3
31095,1
31098,2
31100,1
31101,6
31104,2
31107,2
31108,1
31110,3
31111,2
31113,1
31116,1
31117,3
31120,2
31123,2
31126,1
31127,1
31129,5
31130,1
31132,1
31133,3
31136,3
31139,1
31142,2
31143,1
31145,1
31146,1
31149,1
31152,6
31155,4
31156,1
31161,2
31162,5
31164,1
31165,1
31168,2
31171,2
31172,1
31174,5
31175,2
31177,1
31178,1
31181,3
31184,2
31187,2
31188,1
31190,2
31191,2
31193,2
31196,1
31203,5
31206,4
31207,1
31210,2
31212,1
31213,2
31216,3
31219,2
31220,1
31222,3
31223,2
31225,1
31226,3
31228,1
31229,2
31232,4
31235,4
31236,1
31238,2
31239,2
31241,1
31242,1
31244,1
31245,1
31248,6
31251,1
31252,2
31254,2
31255,2
31264,5
31267,2
31268,1
31270,3
31274,1
31277,5
31280,2
31283,2
31284,2
31286,6
31287,2
31289,2
31290,1
31293,2
31296,2
31300,2
31302,2
31303,1
31305,2
31306,3
31308,3
31309,3
31312,3
31315,1
31318,4
31319,2
31321,2
31322,3
31324,1
31328,5
31331,1
31334,1
31338,2
31340,1
31341,5
31344,2
31347,1
31348,1
31350,3
31351,2
31353,1
31354,2
31357,2
31360,5
31363,1
31364,1
31366,4
31369,1
31370,1
31372,1
31373,2
31376,5
31379,3
31386,1
31388,2
31389,4
31392,3
31395,3
31396,1
31398,1
31401,1
31402,2
31405,3
31408,5
31411,1
31415,3
31418,2
31424,4
31427,1
31428,1
31430,1
31431,1
31433,3
31437,3
31440,4
31443,1
31444,1
31446,1
31447,1
31449,1
31450,4
31453,8
31456,2
31459,2
31462,4
31465,1
31466,2
31469,3
31472,6
31475,1
31478,2
31485,1
31488,1
31491,2
31492,1
31494,2
31495,1
31497,2
31498,1
31501,5
31504,1
31507,2
31508,2
31511,1
31513,1
31514,2
31517,2
31520,6
31523,2
31524,2
31526,2
31527,1
31529,1
31530,3
31532,1
31533,2
31539,1
31542,3
31543,1
31545,2
31548,1
31549,2
31552,4
31559,2
31562,3
31564,1
31565,2
31568,2
31571,2
31574,1
31575,1
31577,1
31578,2
31580,1
31581,2
31584,2
31587,2
31588,1
31590,1
31593,1
31594,2
31600,3
31603,4
31606,1
31609,3
31613,2
31616,6
31619,2
31622,3
31623,1
31625,1
31626,4
31629,1
31632,2
31638,1
31639,3
31641,1
31642,1
31648,6
31651,1
31654,2
31655,1
31657,1
31658,2
31660,2
31664,4
31667,6
31670,1
31674,3
31676,2
31677,2
31680,1
31683,4
31686,2
31689,1
31692,2
31693,3
31696,2
31699,1
31700,1
31702,2
31703,1
31705,3
31706,2
31709,2
31712,3
31715,1
31716,1
31719,1
31721,1
31725,1
31728,1
31731,1
31732,1
31734,1
31735,1
31737,3
31738,2
31740,1
31741,1
31744,4
31747,2
31748,1
31750,2
31753,1
31754,3
31756,1
31757,1
31760,2
31763,4
31766,2
31767,2
31769,2
31770,1
31776,4
31779,1
31783,2
31785,1
31789,3
31792,5
31795,3
31798,5
31799,1
31801,1
31802,1
31804,2
31805,3
31808,1
31811,3
31812,1
31814,1
31815,1
31817,1
31818,1
31821,2
31824,3
31827,2
31828,1
31830,2
31833,1
31834,3
31836,1
31840,2
31843,3
31844,2
31846,2
31847,1
31850,2
31853,1
31856,2
31859,2
31860,1
31862,2
31863,2
31865,1
31866,1
31869,3
31872,3
31875,1
31879,3
31881,4
31882,5
31884,1
31885,1
31888,7
31891,1
31892,1
31894,2
31898,1
31901,1
31904,6
31907,1
31910,2
31911,3
31914,2
31917,1
31920,2
31923,2
31926,2
31927,2
31929,1
31930,2
31932,1
31933,4
31936,3
31939,2
31942,2
31943,1
31946,1
31949,3
31952,1
31955,2
31956,1
31962,2
31965,3
31968,3
31971,1
31974,1
31977,1
31978,1
31980,1
31981,4
31984,1
31987,4
31990,2
31991,3
31993,1
32000,4
32004,1
32006,1
32007,1
32009,1
32012,1
32013,4
32016,3
32019,4
32022,1
32023,2
32026,1
32028,1
32029,2
32032,1
32035,2
32038,1
32039,1
32045,1
32048,4
32051,2
32055,2
32057,2
32058,2
32061,2
32064,3
32067,1
32070,2
32071,1
32074,4
32076,1
32077,2
32080,2
32083,2
32087,1
32089,1
32090,2
32093,1
32096,4
32099,1
32102,2
32105,1
32106,2
32109,3
32112,3
32115,1
32116,1
32118,3
32121,2
32122,2
32125,2
32128,5
32134,4
32140,1
32141,3
32144,3
32147,4
32151,2
32154,1
32157,2
32160,4
32163,1
32166,3
32167,1
32170,2
32173,1
32176,2
32179,4
32183,1
32185,1
32186,2
32192,3
32195,1
32198,3
32199,1
32201,2
32202,3
32204,1
32205,1
32208,3
32214,2
32218,4
32224,2
32228,1
32230,1
32237,1
32240,6
32243,3
32246,1
32247,2
32249,1
32250,1
32256,2
32259,1
32262,2
32263,4
32266,1
32268,1
32269,3
32272,5
32275,1
32281,1
32282,1
32285,1
32288,1
32291,2
32294,2
32301,1
32304,1
32307,1
32310,2
32313,1
32314,3
32317,3
32320,2
32323,1
32326,1
32327,2
32329,3
32330,3
32336,3
32340,1
32343,2
32346,1
32349,1
32352,3
32355,3
32356,1
32359,1
32362,1
32368,2
32371,4
32377,2
32380,1
32381,1
32384,2
32390,1
32391,1
32393,1
32397,4
32403,3
32412,1
32413,1
32416,2
32419,1
32422,1
32423,1
32426,1
32429,2
32432,4
32435,1
32436,1
32438,1
32439,1
32442,2
32445,2
32448,2
32451,2
32452,2
32454,2
32455,3
32457,2
32458,1
32461,1
32464,2
32467,2
32470,1
32474,1
32477,1
32480,1
32483,1
32487,2
32489,1
32490,4
32493,2
32496,2
32500,1
32502,1
32503,1
32505,2
32508,1
32509,2
32512,1
32516,1
32518,2
32519,2
32521,1
32524,1
32525,1
32528,4
32531,1
32532,2
32534,1
32537,1
32541,4
32544,2
32547,1
32548,1
32550,2
32551,2
32553,1
32557,2
32560,3
32563,2
32564,1
32566,1
32567,1
32570,1
32573,1
32576,1
32579,1
32582,1
32585,1
32589,1
32592,2
32595,1
32602,2
32604,1
32605,1
32608,1
32611,1
32612,1
32614,2
32618,2
32620,1
32621,1
32624,2
32627,3
32630,3
32631,2
32634,1
32636,1
32637,4
32640,3
32643,2
32644,2
32646,3
32647,2
32649,1
32650,1
32653,2
32656,3
32663,1
32666,1
32669,2
32672,3
32676,1
32678,2
32679,1
32681,1
32682,1
32688,2
32691,3
32694,2
32697,2
32698,3
32704,3
32707,1
32713,1
32714,1
32716,1
32720,2
32723,1
32724,1
32726,1
32727,1
32729,1
32736,2
32740,1
32743,1
32745,1
32748,2
32749,2
32752,3
32755,2
32762,1
32764,1
32765,1
32768,2
32771,3
32775,1
32777,1
32784,2
32787,2
32790,2
32791,1
32793,3
32794,1
32797,3
32803,3
32806,1
32810,2
32812,2
32813,1
32816,1
32819,5
32820,2
32822,2
32829,2
32832,3
32835,4
32836,2
32838,1
32841,1
32845,3
32848,3
32851,1
32855,2
32857,2
32858,3
32861,2
32864,1
32867,2
32870,2
32871,1
32877,1
32883,4
32886,4
32889,1
32893,1
32896,3
32899,1
32900,1
32902,2
32905,1
32906,1
32909,3
32912,2
32915,1
32918,1
32919,3
32921,2
32922,2
32924,1
32925,1
32928,1
32931,3
32934,3
32935,2
32938,2
32941,2
32947,1
32950,1
32951,1
32954,1
32956,1
32960,2
32964,1
32966,1
32967,1
32969,1
32972,1
32973,2
32976,1
32979,2
32983,1
32985,1
32989,3
32992,2
32995,2
32996,1
32998,2
33002,1
33005,1
33008,2
33011,1
33012,1
33014,1
33024,1
33027,1
33030,1
33033,1
33040,1
33043,3
33044,2
33046,3
33047,1
33049,1
33050,1
33053,2
33056,2
33059,1
33066,2
33068,1
33075,2
33078,2
33079,1
33088,1
33091,1
33107,2
33108,1
33110,1
33114,2
33117,1
33120,2
33123,2
33126,1
33127,1
33129,2
33140,1
33142,1
33143,2
33152,2
33155,2
33161,1
33171,1
33174,4
33177,1
33178,2
33184,3
33187,1
33190,2
33193,2
33196,1
33197,1
33204,1
33206,1
33210,3
33212,1
33216,3
33223,1
33228,1
33229,1
33232,2
33235,2
33238,1
33241,1
33245,2
33248,2
33251,1
33257,3
33260,1
33261,4
33264,2
33270,1
33274,1
33277,2
33280,2
33283,2
33286,5
33287,1
33296,1
33299,1
33305,1
33309,1
33312,3
33316,1
33318,1
33321,1
33322,1
33325,1
33328,1
33331,1
33334,1
33337,1
33338,1
33341,3
33347,1
33354,1
33356,1
33357,2
33360,1
33363,1
33364,1
33369,1
33370,1
33372,1
33376,3
33382,2
33386,2
33389,1
33396,1
33398,2
33401,1
33402,1
33408,2
33414,2
33415,1
33417,1
33427,1
33430,1
33433,1
33453,1
33456,1
33459,3
33460,1
33463,1
33468,1
33469,1
33472,2
33475,1
33478,1
33481,1
33482,1
33485,1
33492,1
33495,1
33504,1
33507,1
33513,1
33514,1
33516,1
33520,3
33523,1
33524,1
33527,2
33529,1
33533,1
33536,1
33539,2
33540,2
33542,2
33543,1
33549,2
33552,1
33555,1
33558,2
33561,1
33562,2
33568,2
33575,2
33577,1
33578,1
33584,2
33587,1
33597,2
33600,2
33606,2
33612,1
33613,1
33616,1
33619,1
33625,1
33626,1
33628,1
33629,1
33636,1
33641,2
33645,1
33661,1
33664,2
33667,4
33670,1
33674,1
33676,1
33680,2
33683,1
33690,2
33692,1
33699,3
33700,2
33702,2
33705,1
33706,1
33708,1
33715,1
33718,1
33721,2
33722,1
33724,1
33725,1
33731,2
33738,1
33744,2
33750,1
33757,1
33763,1
33767,1
33770,1
33785,1
33786,1
33789,3
33795,1
33798,2
33802,1
33805,1
33808,1
33811,1
33818,1
33821,2
33824,1
33831,1
33833,1
33834,3
33837,1
33840,1
33843,1
33849,1
33850,1
33852,2
33853,1
33856,1
33862,2
33869,1
33885,1
33888,1
33891,2
33897,1
33904,1
33907,2
33911,1
33916,1
33917,2
33920,3
33926,1
33927,1
33933,2
33936,1
33939,1
33942,2
33943,1
33945,1
33946,1
33948,1
33952,2
33955,1
33956,1
33961,1
33965,2
33968,3
33971,3
33974,1
33977,3
33978,1
33981,3
33984,3
33994,2
34007,3
34010,1
34013,2
34022,1
34026,1
34032,1
34038,2
34039,2
34045,1
34051,1
34052,1
34055,1
34064,5
34067,2
34071,1
34073,1
34077,2
34083,3
34084,1
34086,1
34089,1
34090,3
34093,1
34096,1
34105,1
34106,1
34108,1
34109,2
34118,1
34119,1
34122,1
34124,1
34128,2
34131,1
34140,1
34141,1
34144,1
34154,1
34160,3
34163,2
34169,1
34176,1
34182,2
34183,1
34186,1
34189,1
34196,1
34199,1
34205,1
34211,1
34214,1
34221,1
34224,1
34231,1
34237,2
34240,2
34243,1
34244,1
34253,2
34256,2
34260,1
34265,1
34269,1
34272,2
34278,2
34301,1
34307,1
34311,1
34317,2
34320,2
34323,2
34333,2
34336,3
34348,1
34349,1
34352,1
34358,2
34359,2
34362,1
34365,2
34368,1
34374,1
34381,2
34384,2
34387,1
34400,1
34409,1
34419,2
34426,1
34438,1
34439,1
34444,1
34448,1
34451,1
34454,1
34461,2
34464,3
34470,1
34476,1
34480,2
34490,1
34506,1
34509,3
34512,1
34515,1
34518,2
34525,1
34532,1
34534,1
34544,2
34554,1
34557,1
34560,1
34566,1
34567,2
34570,1
34579,1
34582,1
34585,1
34586,2
34592,1
34598,1
34599,1
34601,1
34611,2
34612,1
34615,1
34618,1
34621,1
34630,1
34643,1
34647,1
34650,1
34653,1
34656,1
34660,1
34662,2
34668,1
34676,1
34682,1
34685,1
34695,2
34698,1
34704,2
34707,2
34708,1
34710,2
34714,1
34720,1
34723,1
34733,1
34736,2
34739,1
34740,2
34749,1
34752,1
34758,1
34759,1
34771,1
34780,1
34784,1
34790,1
34793,1
34800,1
34809,2
34810,3
34813,2
34819,3
34832,1
34841,1
34845,1
34848,2
34851,1
34854,2
34861,1
34867,2
34877,1
34883,1
34889,1
34893,1
34896,1
34905,2
34912,1
34915,2
34918,1
34931,1
34940,1
34941,2
34956,1
34964,1
34970,1
34976,1
34979,1
34982,1
34986,1
34992,1
34996,1
34998,1
34999,2
35011,1
35034,2
35047,1
35056,1
35063,1
35072,1
35114,1
35120,1
35129,2
35133,1
35142,2
35149,1
35152,1
35159,1
35161,1
35165,1
35178,1
35184,1
35187,1
35190,2
35196,1
35197,1
35200,1
35210,1
35216,1
35219,1
35232,2
35238,1
35239,1
35245,1
35248,1
35251,1
35252,1
35254,2
35257,1
35258,1
35264,1
35267,1
35277,1
35299,2
35316,1
35319,1
35325,1
35338,1
35341,1
35347,2
35357,1
35372,1
35382,1
35395,1
35408,1
35415,1
35427,1
35430,1
35443,1
35447,1
35466,1
35478,1
35479,1
35481,1
35495,1
35500,1
35501,1
35504,1
35507,1
35508,2
35523,1
35526,1
35532,1
35533,1
35536,1
35542,1
35546,1
35549,1
35552,1
35556,1
35568,1
35594,1
35596,1
35607,1
35613,1
35616,2
35629,1
35635,1
35651,1
35655,1
35658,1
35660,1
35664,1
35680,1
35696,1
35699,1
35709,1
35728,1
35731,1
35735,1
35738,1
35744,2
35747,2
35754,1
35757,2
35786,1
35792,1
35811,1
35812,1
35815,1
35834,1
35850,1
35859,1
35862,1
35868,1
35888,1
35914,1
35930,1
35949,3
35958,1
35962,1
35977,1
35978,1
35981,1
35984,1
36000,1
36006,3
36016,1
36028,1
36029,1
36032,1
36035,2
36041,1
36090,1
36099,1
36131,1
36144,1
36147,1
36157,2
36163,1
36237,1
36243,1
36259,2
36269,1
36275,1
36372,1
36377,1
36423,1
36438,1
36451,1
36483,1
36496,1
36506,1
36518,2
36557,1
36602,1
36630,1
36646,2
36688,1
36707,1
36717,1
36803,1
36838,1
36864,1
36899,1
36925,1
36940,1
36963,1
36967,1
36979,1
36989,1
36995,1
37062,1
37139,1
37219,1
37273,1
37405,1
37504,1
37545,1
37705,1
37818,1
37840,1
37900,1
37975,1
37984,1
38009,1
38080,1
38156,1
38237,1
38262,1
38275,1
38346,1
38528,1
38582,1
38598,1
38627,1
38810,1
38999,1
39002,1
39030,1
39194,1
39213,1
39219,1
39571,1
40268,1
40407,1
40694,1
41898,1
41946,1
42413,1
42745,1
44137,1
44208,1
44688,1
47267,1
48637,1
50265,1
50281,1
50988,1
52832,1
53427,1
54000,1
54179,1
57021,1
60253,1
64298,1
65786,1
66688,1
69994,1
80966,1
87561,1
90409,1
178873,1
186608,1
190343,1
191232,1
196176,1
201812,1
203114,1
211268,1
214855,1
223264,1
231629,1
240208,1
246892,1
253588,1
323529,1
329987,1
331587,1
346663,1
