# Samples: 147892, Average: 6711.3 ns, StdDev: 58881.1 ns, Quartiles: 5380.0/5469.0/5799.0 ns
4966,1
5011,1
5018,1
5024,1
5033,1
5037,1
5040,1
5043,3
5044,1
5046,2
5049,2
5050,3
5056,7
5059,2
5062,6
5066,4
5069,14
5072,4
5075,11
5078,3
5079,4
5081,2
5082,7
5085,2
5088,15
5091,4
5094,14
5095,4
5097,6
5098,5
5100,4
5101,21
5104,11
5107,7
5108,4
5110,9
5111,2
5113,4
5114,16
5116,3
5117,13
5120,32
5123,6
5124,3
5126,16
5127,9
5129,4
5130,9
5132,4
5133,33
5136,15
5139,28
5140,6
5142,9
5143,4
5145,14
5146,16
5148,5
5149,14
5152,22
5155,6
5156,2
5158,21
5159,11
5161,9
5162,3
5164,3
5165,28
5168,11
5171,31
5172,7
5174,7
5175,4
5177,8
5178,19
5180,1
5181,13
5184,33
5187,13
5188,1
5190,15
5191,17
5193,6
5194,10
5196,5
5197,23
5200,12
5203,20
5204,2
5206,6
5207,10
5209,9
5210,11
5212,1
5213,10
5216,21
5219,9
5220,7
5222,18
5223,11
5225,4
5226,10
5228,4
5229,24
5232,10
5235,36
5236,8
5238,13
5239,5
5241,17
5242,15
5244,5
5245,8
5248,48
5251,19
5252,1
5254,43
5255,32
5257,12
5258,30
5260,25
5261,67
5264,56
5267,107
5268,17
5270,47
5271,27
5273,81
5274,113
5276,20
5277,81
5280,253
5283,110
5284,25
5286,202
5287,148
5289,80
5290,114
5292,96
5293,396
5296,233
5299,521
5300,130
5302,182
5303,111
5305,321
5306,546
5308,82
5309,328
5312,1110
5315,379
5316,96
5318,750
5319,441
5321,247
5322,381
5324,324
5325,1223
5328,714
5331,1332
5332,313
5334,471
5335,342
5337,799
5338,1182
5340,161
5341,711
5344,2091
5347,728
5348,202
5350,1346
5351,922
5353,422
5354,633
5356,461
5357,1933
5360,970
5363,1934
5364,500
5366,631
5367,442
5369,957
5370,1498
5372,225
5373,835
5376,2437
5379,852
5380,204
5382,1422
5383,918
5385,445
5386,615
5388,508
5389,1957
5392,1018
5395,1845
5396,420
5398,579
5399,400
5401,860
5402,1320
5404,171
5405,769
5408,2017
5411,721
5412,191
5414,1266
5415,814
5417,347
5418,544
5420,405
5421,1560
5424,832
5427,1408
5428,384
5430,444
5431,331
5433,704
5434,975
5436,158
5437,581
5440,1698
5443,560
5444,147
5446,886
5447,652
5449,260
5450,411
5452,297
5453,1163
5456,618
5459,1105
5460,259
5462,314
5463,219
5465,487
5466,755
5468,109
5469,454
5472,1253
5475,432
5476,99
5478,651
5479,403
5481,172
5482,264
5484,187
5485,811
5488,419
5491,722
5492,151
5494,244
5495,172
5497,362
5498,494
5500,54
5501,288
5504,678
5507,250
5508,69
5510,429
5511,251
5513,110
5514,174
5516,149
5517,529
5520,307
5523,494
5524,136
5526,156
5527,106
5529,239
5530,340
5532,48
5533,223
5536,561
5539,194
5540,42
5542,334
5543,220
5545,110
5546,144
5548,95
5549,402
5552,235
5555,420
5556,115
5558,136
5559,110
5561,230
5562,276
5564,53
5565,195
5568,511
5571,180
5572,49
5574,321
5575,204
5577,114
5578,133
5580,91
5581,437
5584,236
5587,376
5588,103
5590,138
5591,103
5593,213
5594,321
5596,45
5597,183
5600,535
5603,181
5604,36
5606,336
5607,215
5609,96
5610,147
5612,100
5613,380
5616,220
5619,417
5620,87
5622,144
5623,81
5625,169
5626,299
5628,45
5629,168
5632,422
5635,149
5636,44
5638,261
5639,183
5641,64
5642,114
5644,99
5645,352
5648,167
5651,345
5652,98
5654,124
5655,79
5657,164
5658,243
5660,28
5661,146
5664,405
5667,136
5668,34
5670,236
5671,164
5673,63
5674,78
5676,84
5677,281
5680,131
5683,253
5684,57
5686,81
5687,61
5689,142
5690,183
5692,28
5693,126
5696,299
5699,115
5700,24
5702,191
5703,123
5705,48
5706,82
5708,61
5709,205
5712,138
5715,244
5716,59
5718,80
5719,57
5721,103
5722,180
5724,38
5725,104
5728,281
5731,100
5732,24
5734,196
5735,121
5737,47
5738,68
5740,60
5741,229
5744,130
5747,242
5748,65
5750,91
5751,63
5753,136
5754,185
5756,35
5757,107
5760,344
5763,109
5764,28
5766,209
5767,155
5769,70
5770,97
5772,74
5773,302
5776,153
5779,294
5780,79
5782,96
5783,74
5785,171
5786,268
5788,30
5789,116
5792,396
5795,131
5796,38
5798,239
5799,161
5801,65
5802,111
5804,68
5805,319
5808,145
5811,311
5812,71
5814,98
5815,67
5817,153
5818,230
5820,31
5821,137
5824,413
5827,161
5828,26
5830,261
5831,113
5833,68
5834,109
5836,78
5837,301
5840,170
5843,330
5844,83
5846,103
5847,68
5849,150
5850,211
5852,24
5853,114
5856,386
5859,135
5860,30
5862,204
5863,151
5865,72
5866,96
5868,71
5869,313
5872,168
5875,326
5876,76
5878,99
5879,64
5881,148
5882,221
5884,36
5885,131
5888,344
5891,126
5892,25
5894,198
5895,138
5897,53
5898,86
5900,69
5901,278
5904,168
5907,271
5908,67
5910,82
5911,42
5913,107
5914,217
5916,24
5917,120
5920,353
5923,106
5924,35
5926,197
5927,134
5929,65
5930,97
5932,63
5933,282
5936,170
5939,271
5940,75
5942,82
5943,61
5945,125
5946,185
5948,22
5949,122
5952,301
5955,101
5956,24
5958,190
5959,126
5961,63
5962,86
5964,60
5965,270
5968,150
5971,280
5972,66
5974,83
5975,48
5977,116
5978,183
5980,26
5981,110
5984,316
5987,112
5988,22
5990,178
5991,116
5993,46
5994,62
5996,57
5997,241
6000,140
6003,205
6004,64
6006,74
6007,57
6009,117
6010,206
6012,25
6013,93
6016,282
6019,93
6020,16
6022,164
6023,96
6025,54
6026,63
6028,57
6029,219
6032,114
6035,239
6036,63
6038,65
6039,43
6041,109
6042,155
6044,24
6045,86
6048,258
6051,85
6052,30
6054,162
6055,125
6057,36
6058,70
6060,52
6061,191
6064,116
6067,186
6068,61
6070,68
6071,43
6073,102
6074,141
6076,24
6077,102
6080,243
6083,75
6084,20
6086,151
6087,79
6089,40
6090,70
6092,61
6093,193
6096,97
6099,192
6100,42
6102,88
6103,44
6105,109
6106,145
6108,25
6109,107
6112,239
6115,76
6116,25
6118,156
6119,68
6121,39
6122,59
6124,50
6125,193
6128,90
6131,159
6132,63
6134,55
6135,48
6137,102
6138,137
6140,20
6141,76
6144,225
6147,58
6148,24
6150,134
6151,106
6153,39
6154,77
6156,39
6157,188
6160,81
6163,190
6164,50
6166,56
6167,26
6169,83
6170,113
6172,14
6173,65
6176,194
6179,60
6180,20
6182,116
6183,79
6185,34
6186,49
6188,38
6189,144
6192,89
6195,147
6196,27
6198,51
6199,21
6201,64
6202,114
6204,11
6205,65
6208,157
6211,57
6212,10
6214,87
6215,68
6217,39
6218,37
6220,39
6221,125
6224,62
6227,107
6228,25
6230,31
6231,30
6233,38
6234,74
6236,11
6237,40
6240,123
6243,36
6244,12
6246,70
6247,43
6249,19
6250,25
6252,16
6253,82
6256,37
6259,77
6260,16
6262,24
6263,11
6265,35
6266,76
6268,10
6269,38
6272,101
6275,42
6276,7
6278,75
6279,38
6281,18
6282,13
6284,22
6285,77
6288,41
6291,75
6292,14
6294,19
6295,19
6297,32
6298,57
6300,9
6301,30
6304,78
6307,28
6308,8
6310,54
6311,27
6313,18
6314,22
6316,10
6317,51
6320,30
6323,76
6324,14
6326,15
6327,17
6329,24
6330,39
6332,4
6333,24
6336,83
6339,22
6340,5
6342,54
6343,29
6345,17
6346,18
6348,19
6349,67
6352,28
6355,64
6356,16
6358,16
6359,14
6361,34
6362,43
6364,6
6365,18
6368,70
6371,30
6372,7
6374,46
6375,25
6377,16
6378,15
6380,13
6381,59
6384,34
6387,57
6388,20
6390,14
6391,14
6393,28
6394,39
6396,4
6397,21
6400,77
6403,29
6404,5
6406,53
6407,25
6409,8
6410,14
6412,15
6413,63
6416,27
6419,45
6420,20
6422,13
6423,12
6425,23
6426,28
6428,6
6429,26
6432,57
6435,19
6436,4
6438,44
6439,26
6441,4
6442,15
6444,14
6445,45
6448,24
6451,54
6452,12
6454,19
6455,9
6457,28
6458,43
6460,5
6461,11
6464,59
6467,24
6468,3
6470,28
6471,22
6473,7
6474,17
6476,14
6477,46
6480,16
6483,40
6484,15
6486,13
6487,5
6489,15
6490,30
6492,1
6493,15
6496,37
6499,20
6500,2
6502,33
6503,13
6505,9
6506,11
6508,5
6509,32
6512,23
6515,29
6516,10
6518,9
6519,7
6521,14
6522,22
6524,3
6525,15
6528,43
6531,14
6532,1
6534,22
6535,29
6537,9
6538,8
6540,8
6541,28
6544,14
6547,27
6548,8
6550,11
6551,6
6553,26
6554,26
6556,3
6557,18
6560,31
6563,16
6564,5
6566,24
6567,6
6569,3
6570,9
6572,5
6573,36
6576,23
6579,40
6580,10
6582,9
6583,5
6585,12
6586,28
6588,4
6589,14
6592,44
6595,13
6596,2
6598,28
6599,16
6601,6
6602,10
6604,7
6605,31
6608,14
6611,24
6612,6
6614,10
6615,3
6617,17
6618,19
6620,4
6621,9
6624,43
6627,7
6628,3
6630,19
6631,11
6633,3
6634,5
6636,6
6637,26
6640,12
6643,27
6644,6
6646,10
6647,5
6649,15
6650,17
6653,13
6656,39
6659,16
6660,2
6662,18
6663,11
6665,4
6666,7
6668,7
6669,21
6672,12
6675,26
6676,9
6678,7
6679,4
6681,5
6682,22
6684,2
6685,5
6688,27
6691,8
6692,3
6694,19
6695,9
6697,3
6698,4
6700,1
6701,16
6704,8
6707,22
6708,2
6710,4
6711,1
6713,10
6714,12
6717,4
6720,18
6723,3
6724,1
6726,12
6727,11
6729,5
6730,3
6732,4
6733,9
6736,5
6739,8
6740,2
6742,4
6743,1
6745,3
6746,9
6748,3
6749,5
6752,12
6755,5
6756,2
6758,10
6759,3
6761,1
6762,1
6764,4
6765,10
6768,6
6771,7
6774,5
6775,1
6777,4
6778,8
6780,1
6781,4
6784,13
6787,2
6790,4
6791,4
6793,2
6794,2
6796,1
6797,13
6800,5
6803,6
6804,5
6806,3
6807,3
6809,3
6810,7
6813,2
6816,10
6819,3
6820,1
6822,5
6823,2
6825,1
6826,2
6828,1
6829,7
6832,6
6835,12
6836,3
6838,1
6839,2
6841,4
6842,5
6844,1
6845,5
6848,6
6851,2
6852,3
6854,5
6858,2
6861,2
6864,5
6867,9
6870,2
6871,1
6873,1
6874,5
6876,1
6877,4
6880,8
6883,3
6884,1
6886,3
6887,5
6890,7
6892,1
6893,2
6896,10
6899,2
6900,3
6902,3
6906,3
6908,2
6909,1
6912,4
6916,2
6918,3
6919,5
6922,2
6924,1
6925,5
6928,5
6931,4
6934,1
6937,3
6938,3
6941,2
6944,5
6947,4
6950,3
6951,1
6957,2
6960,2
6963,4
6964,1
6966,1
6967,1
6970,5
6976,5
6979,1
6982,2
6983,1
6985,2
6986,1
6988,3
6989,3
6992,3
6995,4
6996,1
6998,1
7001,1
7002,3
7005,1
7008,3
7014,2
7015,1
7020,2
7021,3
7024,1
7027,3
7031,2
7034,3
7037,1
7040,4
7043,1
7047,4
7050,1
7052,2
7053,1
7056,1
7059,4
7060,1
7062,2
7063,1
7066,4
7069,2
7072,2
7076,1
7078,3
7079,1
7082,1
7088,1
7091,2
7097,2
7098,1
7101,1
7104,1
7108,1
7114,1
7116,1
7120,1
7123,1
7129,3
7132,1
7133,1
7136,1
7139,1
7142,1
7146,1
7152,1
7155,3
7161,2
7162,2
7165,1
7168,3
7174,1
7175,1
7180,1
7181,4
7187,4
7190,1
7197,1
7200,2
7206,3
7209,1
7210,1
7213,2
7225,2
7226,1
7229,2
7232,5
7235,1
7242,1
7244,1
7245,1
7248,1
7251,1
7258,2
7268,1
7270,1
7271,1
7273,1
7280,2
7283,3
7290,2
7296,1
7303,2
7306,1
7308,1
7315,1
7318,1
7322,3
7328,1
7331,3
7332,1
7334,1
7347,2
7353,1
7360,3
7369,1
7376,1
7379,1
7380,2
7385,1
7392,2
7396,1
7398,1
7399,1
7405,3
7408,3
7411,1
7414,1
7415,1
7418,3
7421,1
7424,2
7431,1
7434,1
7437,1
7440,1
7443,2
7444,1
7447,2
7450,2
7453,2
7456,2
7462,1
7465,1
7466,1
7472,1
7479,1
7485,1
7488,3
7494,1
7495,2
7498,1
7500,1
7504,1
7507,1
7510,1
7514,1
7516,1
7520,1
7526,1
7527,2
7529,2
7536,1
7539,1
7542,1
7546,2
7549,2
7559,1
7561,1
7562,1
7565,1
7575,1
7578,2
7581,1
7584,4
7587,1
7590,2
7591,1
7593,1
7597,2
7600,1
7603,2
7604,1
7609,1
7612,1
7616,5
7622,4
7623,1
7626,1
7629,3
7632,1
7636,2
7638,1
7641,2
7642,1
7645,1
7648,2
7651,1
7655,1
7660,1
7661,3
7667,2
7668,1
7677,2
7680,1
7683,1
7686,1
7687,1
7689,1
7696,1
7699,1
7705,2
7706,1
7709,2
7712,4
7718,1
7722,1
7728,1
7731,5
7732,1
7738,2
7747,3
7750,3
7751,2
7753,1
7756,1
7757,4
7760,1
7763,1
7764,1
7766,1
7767,1
7770,4
7773,1
7776,3
7779,3
7782,3
7783,5
7785,3
7786,2
7788,1
7789,3
7792,2
7795,1
7796,1
7798,1
7801,3
7802,4
7805,4
7808,6
7812,1
7814,2
7815,3
7817,3
7818,2
7821,6
7824,4
7827,7
7828,1
7831,2
7833,5
7834,9
7836,2
7837,3
7840,4
7843,3
7846,6
7847,4
7849,1
7850,1
7852,3
7853,10
7856,1
7859,8
7860,3
7862,1
7863,1
7865,2
7866,5
7868,3
7872,4
7875,6
7876,2
7878,4
7879,5
7881,1
7882,1
7885,6
7888,3
7891,4
7892,2
7894,3
7897,1
7898,3
7900,1
7901,1
7904,11
7907,2
7908,1
7910,4
7911,4
7916,3
7917,4
7920,2
7923,5
7929,1
7930,2
7933,1
7936,4
7939,1
7942,2
7945,1
7948,1
7949,3
7952,1
7955,7
7956,1
7958,2
7962,3
7965,3
7968,3
7971,1
7974,1
7975,3
7977,1
7978,3
7980,3
7981,6
7984,6
7987,8
7988,2
7990,2
7993,4
7994,2
7997,2
8000,7
8003,1
8004,1
8006,3
8007,2
8010,3
8012,1
8013,7
8016,5
8019,5
8020,2
8022,3
8023,2
8025,1
8026,6
8028,2
8029,7
8032,9
8035,3
8036,2
8038,8
8039,13
8041,4
8042,8
8044,4
8045,14
8048,8
8051,13
8052,1
8054,6
8055,2
8057,4
8058,5
8060,1
8061,6
8064,11
8067,5
8070,9
8071,8
8073,4
8074,7
8076,7
8077,10
8083,11
8084,3
8086,3
8087,1
8089,7
8090,8
8092,1
8093,7
8096,13
8099,6
8102,7
8103,1
8105,3
8106,4
8108,3
8109,17
8112,3
8115,16
8116,3
8118,1
8119,1
8121,4
8122,8
8124,1
8125,3
8128,10
8131,2
8132,2
8134,3
8135,4
8137,2
8138,4
8141,4
8144,4
8147,11
8148,1
8150,1
8154,8
8156,1
8157,8
8160,5
8163,3
8164,4
8166,3
8167,4
8170,2
8172,3
8173,4
8176,5
8179,2
8180,2
8182,2
8183,4
8185,3
8186,5
8189,4
8192,7
8195,3
8198,4
8201,2
8204,1
8205,11
8208,5
8211,4
8215,2
8217,3
8218,3
8221,3
8224,11
8227,1
8228,1
8230,4
8231,3
8233,1
8234,2
8237,2
8240,2
8243,3
8244,2
8246,1
8247,1
8249,4
8250,2
8252,1
8256,2
8260,1
8262,5
8263,3
8266,1
8269,2
8272,3
8275,7
8281,3
8282,1
8285,2
8288,5
8291,1
8292,1
8294,2
8295,2
8298,2
8300,4
8301,5
8304,1
8307,6
8308,1
8310,2
8311,1
8313,3
8314,5
8317,3
8320,6
8323,1
8324,1
8326,1
8327,1
8329,2
8330,1
8332,1
8333,4
8339,5
8342,2
8343,2
8345,1
8346,5
8348,1
8349,1
8352,3
8355,3
8358,2
8359,3
8361,1
8362,1
8365,2
8368,1
8371,7
8372,4
8374,1
8377,2
8378,3
8381,2
8384,4
8387,2
8390,7
8391,3
8396,3
8397,5
8403,5
8404,1
8409,1
8410,2
8413,2
8416,5
8419,2
8420,1
8422,2
8423,1
8425,1
8428,1
8429,5
8432,2
8435,1
8436,2
8439,1
8441,1
8442,4
8444,1
8445,2
8448,8
8451,2
8452,1
8454,2
8457,1
8458,2
8460,4
8461,2
8464,4
8467,7
8468,1
8470,2
8473,3
8474,3
8477,2
8480,1
8483,2
8486,2
8487,4
8490,1
8492,2
8493,5
8496,1
8499,2
8500,1
8503,1
8505,1
8506,3
8509,2
8512,5
8516,1
8518,2
8519,4
8521,3
8522,3
8524,2
8525,4
8528,1
8531,5
8532,2
8534,3
8535,1
8537,1
8544,10
8547,4
8548,1
8550,5
8551,2
8557,3
8560,3
8563,6
8564,2
8566,1
8567,1
8569,3
8570,6
8573,1
8576,3
8579,1
8582,1
8583,2
8588,2
8589,6
8592,3
8595,1
8596,1
8598,1
8601,2
8602,3
8605,1
8608,6
8611,1
8614,5
8615,1
8617,2
8618,1
8621,4
8624,3
8631,2
8633,2
8634,3
8637,1
8640,6
8643,1
8646,2
8647,3
8652,1
8653,2
8656,2
8659,4
8663,1
8665,4
8666,3
8672,3
8675,1
8676,1
8678,4
8679,1
8681,1
8682,1
8685,2
8688,2
8691,3
8697,1
8698,7
8701,1
8704,6
8707,1
8710,5
8711,3
8714,3
8716,1
8717,4
8720,3
8723,2
8726,1
8730,3
8732,1
8733,1
8736,5
8739,1
8742,1
8745,1
8746,1
8748,1
8749,2
8752,1
8755,9
8758,1
8762,2
8765,1
8768,2
8771,2
8774,1
8775,2
8781,3
8784,2
8787,4
8793,2
8794,1
8797,2
8800,2
8812,1
8813,1
8816,1
8819,2
8822,1
8825,2
8826,1
8828,1
8829,1
8832,2
8835,2
8838,5
8839,1
8844,1
8845,3
8848,1
8851,2
8852,3
8854,1
8860,1
8861,1
8864,3
8867,2
8876,1
8880,1
8883,5
8884,2
8886,1
8889,2
8890,1
8896,4
8899,1
8902,2
8903,2
8905,1
8906,2
8908,1
8909,1
8915,3
8916,1
8921,3
8922,3
8928,3
8934,1
8935,1
8938,1
8941,3
8944,1
8947,2
8950,1
8953,1
8957,2
8960,1
8967,1
8970,1
8973,4
8979,2
8982,1
8983,1
8985,1
8988,1
8992,1
8995,1
8998,1
9001,1
9002,1
9005,3
9008,3
9011,1
9014,3
9015,1
9018,1
9021,2
9024,2
9027,1
9030,2
9036,2
9037,3
9040,1
9043,1
9047,1
9049,4
9052,1
9056,2
9063,1
9075,1
9076,1
9081,1
9082,1
9085,2
9088,2
9094,2
9095,3
9098,2
9100,1
9104,1
9107,2
9108,1
9113,1
9126,1
9127,1
9129,1
9130,1
9133,1
9136,1
9146,1
9152,1
9158,1
9159,1
9164,1
9165,2
9168,1
9171,2
9181,1
9184,3
9190,2
9191,1
9197,1
9200,1
9203,1
9210,1
9213,1
9216,1
9219,1
9223,1
9225,1
9229,2
9232,1
9238,1
9245,1
9248,1
9255,1
9277,2
9286,2
9299,2
9300,1
9308,1
9312,2
9319,1
9324,1
9325,1
9328,2
9334,1
9350,1
9357,1
9360,1
9364,1
9373,1
9376,1
9386,1
9389,4
9405,1
9408,1
9411,1
9431,1
9433,2
9434,1
9453,1
9456,1
9460,1
9462,1
9469,1
9472,1
9475,1
9488,1
9492,1
9497,1
9501,1
9504,2
9517,1
9523,1
9529,1
9530,1
9536,1
9545,1
9546,1
9552,1
9559,1
9568,1
9571,2
9575,1
9577,1
9593,1
9600,4
9606,2
9609,2
9610,2
9612,1
9616,2
9623,1
9638,1
9639,1
9642,1
9645,1
9648,2
9651,1
9658,1
9670,3
9680,1
9693,1
9702,1
9703,1
9706,1
9721,2
9722,1
9728,2
9748,1
9753,1
9754,1
9757,1
9767,3
9773,1
9779,3
9783,1
9798,2
9811,1
9818,1
9824,1
9828,1
9830,1
9834,1
9843,1
9847,1
9850,3
9859,1
9860,1
9868,1
9888,2
9895,1
9901,1
9904,1
9910,1
9913,1
9914,1
9932,1
9936,1
9939,1
9946,1
9949,1
9952,1
9955,1
9965,2
9968,2
9971,1
9978,1
9980,1
9981,1
9987,1
9990,1
9997,1
10003,1
10004,1
10023,1
10032,1
10041,1
10048,1
10054,3
10055,2
10058,1
10061,2
10064,2
10067,1
10077,1
10080,2
10086,1
10089,1
10093,3
10099,3
10102,1
10112,1
10119,1
10138,1
10140,1
10151,1
10157,1
10160,1
10170,1
10176,1
10189,1
10212,1
10215,1
10221,2
10224,2
10227,2
10230,1
10233,1
10236,1
10240,1
10246,2
10247,1
10256,2
10262,1
10269,1
10275,1
10298,1
10317,2
10333,1
10336,1
10343,1
10355,1
10361,1
10371,1
10387,1
10406,1
10432,2
10445,1
10458,1
10467,1
10480,1
10541,1
10556,1
10557,1
10563,1
10579,3
10586,1
10598,3
10608,2
10612,2
10618,1
10624,1
10630,1
10652,2
10672,1
10675,1
10707,1
10720,1
10742,1
10745,1
10746,1
10762,1
10771,1
10778,1
10784,1
10787,1
10803,1
10804,1
10816,1
10819,2
10822,1
10841,1
10842,1
10855,1
10868,1
10937,1
10944,1
10957,1
10963,1
10992,1
10996,1
11033,1
11107,1
11110,1
11116,1
11123,1
11126,1
11190,1
11209,1
11258,2
11293,2
11341,1
11379,1
11380,1
11421,1
11431,1
11507,1
11514,1
11610,1
11680,1
11683,1
11699,1
11757,1
11766,1
11792,1
11834,1
11852,1
11869,1
11888,1
11913,1
11924,1
11939,1
11956,1
11968,1
11994,1
12019,1
12025,1
12061,1
12112,1
12144,1
12147,1
12192,1
12243,1
12314,1
12327,1
12371,1
12375,1
12384,1
12435,1
12483,1
12493,2
12537,1
12679,1
12717,1
12813,1
12819,1
12825,1
12871,2
12909,1
12931,1
12956,1
12992,1
13005,1
13030,1
13040,1
13098,1
13165,1
13251,1
13292,1
13296,1
13325,1
13376,1
13389,2
13414,1
13549,1
13612,1
13619,1
13850,1
13894,1
13962,1
14016,1
14099,1
14374,1
14419,1
14512,1
14995,1
15782,1
22727,1
29024,1
39942,1
52243,1
71385,1
79744,1
94368,1
95545,1
103754,1
108263,1
108870,1
147539,1
148538,1
176103,1
179622,1
185584,1
193930,1
196736,1
203808,1
209836,1
209923,1
215257,1
229638,1
229767,1
232876,1
234150,1
234931,1
239834,1
257229,1
258368,1
262596,1
263546,1
263658,1
264474,1
265482,1
268090,1
269126,1
273577,1
274061,1
274912,1
275238,1
276960,1
277165,1
277708,1
278074,1
279354,1
279773,1
280051,1
280217,1
280871,1
281613,1
281721,1
281933,1
282765,1
284019,1
284736,1
285034,1
294509,1
300967,1
315772,1
794649,1
2627795,1
2709856,1
2781360,1
2811113,1
2824054,1
2834445,1
3020870,1
3077017,1
3080320,1
3083808,1
3095756,1
3120106,1
3130765,1
3136982,1
3144768,1
3158243,1
3167437,1
3170954,1
3171427,1
3172569,1
3178739,1
3181796,1
3182348,1
3183523,1
3187741,1
3191740,1
3196601,1
3196698,1
3203152,1
3203891,1
3207312,1
3207911,1
3208634,1
3212198,1
3213120,1
3213997,1
3223591,1
3226944,1
3233677,1
3234288,1
3278144,1
3438349,1
3521849,1
9375254,1
