# Samples: 54993, Average: 15676.3 ns, StdDev: 14582.5 ns, Quartiles: 9948.0/10909.0/11984.0 ns
8394,1
8419,1
8425,1
8432,1
8435,1
8448,1
8457,1
8458,2
8461,1
8464,4
8470,3
8471,1
8473,1
8474,2
8476,1
8477,1
8480,3
8483,2
8484,2
8487,1
8489,4
8493,2
8496,5
8499,1
8502,3
8503,3
8506,2
8509,6
8512,1
8515,10
8516,2
8518,1
8519,2
8521,4
8522,9
8524,3
8525,5
8528,15
8531,2
8534,2
8535,4
8537,2
8538,5
8540,1
8541,8
8544,4
8547,8
8548,3
8550,5
8551,2
8553,7
8554,14
8557,5
8560,21
8563,6
8564,2
8566,13
8567,9
8569,8
8570,6
8572,3
8573,18
8576,8
8579,18
8580,6
8582,6
8583,2
8585,6
8586,15
8588,2
8589,6
8592,24
8595,9
8598,14
8599,9
8601,1
8602,4
8604,4
8605,23
8608,10
8611,20
8612,9
8614,4
8615,3
8617,10
8618,18
8620,4
8621,11
8624,19
8627,4
8628,3
8630,17
8631,15
8633,7
8634,8
8636,7
8637,24
8640,4
8643,23
8644,2
8646,5
8647,2
8649,16
8650,19
8653,10
8656,27
8659,5
8660,1
8662,17
8663,12
8665,2
8666,4
8668,6
8669,23
8672,11
8675,16
8678,7
8679,4
8681,11
8682,20
8684,1
8685,7
8688,31
8691,8
8692,1
8694,18
8695,7
8697,3
8698,7
8700,6
8701,15
8704,8
8707,23
8708,5
8710,6
8711,3
8713,7
8714,16
8716,1
8717,9
8720,19
8723,6
8724,1
8726,8
8727,6
8729,2
8730,4
8732,8
8733,17
8736,5
8739,23
8740,4
8742,11
8743,1
8745,12
8746,15
8749,4
8752,24
8755,4
8756,1
8758,7
8759,13
8761,4
8762,4
8764,7
8765,22
8768,9
8771,16
8772,5
8774,4
8775,1
8777,7
8778,9
8780,4
8781,6
8784,24
8787,4
8788,2
8790,19
8791,13
8793,2
8794,6
8796,2
8797,17
8800,10
8803,23
8804,1
8806,2
8807,5
8809,13
8810,14
8813,2
8816,12
8819,10
8820,3
8822,10
8823,13
8825,3
8826,5
8828,3
8829,23
8832,5
8835,29
8836,8
8838,8
8839,2
8841,11
8842,12
8844,1
8845,3
8848,25
8851,9
8852,1
8854,14
8855,16
8858,3
8860,2
8861,19
8864,14
8867,20
8868,7
8870,5
8871,3
8873,9
8874,8
8876,1
8877,11
8880,21
8883,4
8884,3
8886,14
8887,12
8889,3
8890,6
8892,5
8893,24
8896,5
8899,18
8900,5
8902,4
8903,4
8905,12
8906,13
8908,1
8909,6
8912,22
8915,7
8916,1
8918,16
8919,7
8921,7
8924,3
8925,20
8928,10
8931,14
8932,8
8934,5
8935,3
8937,9
8938,15
8941,10
8944,37
8947,4
8948,1
8950,12
8951,11
8953,3
8954,5
8956,4
8957,20
8960,5
8963,18
8964,8
8966,5
8967,2
8969,7
8970,15
8972,5
8973,6
8976,15
8979,2
8982,15
8983,6
8985,3
8986,2
8988,4
8989,28
8992,7
8995,20
8996,6
8998,5
8999,4
9001,6
9002,8
9004,1
9005,12
9008,23
9011,8
9014,18
9015,4
9017,2
9018,4
9020,5
9021,18
9024,10
9027,13
9028,7
9030,3
9031,4
9033,6
9034,16
9036,1
9037,6
9040,31
9043,8
9046,23
9047,11
9049,2
9050,5
9052,5
9053,14
9056,5
9059,20
9060,6
9062,7
9063,4
9065,11
9066,15
9068,2
9069,5
9072,19
9075,9
9076,2
9078,17
9079,9
9081,6
9082,10
9084,6
9085,23
9088,4
9091,25
9092,6
9094,5
9095,2
9097,11
9098,14
9100,1
9101,5
9104,28
9107,8
9108,2
9110,15
9111,3
9113,4
9114,8
9116,4
9117,26
9120,11
9123,18
9124,9
9126,2
9127,4
9129,7
9130,11
9132,1
9133,10
9136,29
9139,7
9142,27
9143,16
9145,2
9146,6
9148,5
9149,28
9152,6
9155,26
9156,4
9158,8
9159,4
9161,12
9162,19
9164,1
9165,12
9168,45
9171,11
9172,5
9174,18
9175,21
9177,3
9178,5
9180,8
9181,25
9184,18
9187,20
9188,4
9190,6
9191,2
9193,13
9194,25
9196,5
9197,10
9200,39
9203,15
9204,2
9206,28
9207,10
9209,7
9210,9
9212,10
9213,27
9216,17
9219,36
9220,10
9222,9
9223,4
9225,16
9226,18
9228,1
9229,8
9232,45
9235,12
9236,4
9238,27
9239,19
9241,7
9242,12
9244,10
9245,41
9248,16
9251,39
9252,12
9254,8
9255,6
9257,16
9258,33
9260,3
9261,15
9264,53
9267,16
9268,4
9270,35
9271,21
9273,12
9274,17
9276,9
9277,43
9280,19
9283,32
9284,11
9286,14
9287,9
9289,25
9290,21
9292,2
9293,11
9296,45
9299,15
9300,2
9302,35
9303,14
9305,14
9306,16
9308,8
9309,46
9312,17
9315,43
9316,9
9318,4
9319,7
9321,17
9322,25
9324,7
9325,21
9328,53
9331,21
9332,1
9334,32
9335,20
9337,4
9338,8
9340,11
9341,32
9344,22
9347,55
9348,15
9350,15
9351,8
9353,20
9354,27
9356,6
9357,12
9360,64
9363,14
9364,6
9366,34
9367,21
9369,9
9370,13
9372,16
9373,48
9376,22
9379,50
9380,15
9382,15
9383,12
9385,23
9386,38
9388,4
9389,22
9392,68
9395,17
9396,6
9398,34
9399,29
9401,17
9402,12
9404,10
9405,54
9408,24
9411,57
9412,16
9414,11
9415,6
9417,21
9418,35
9420,5
9421,19
9424,58
9427,29
9428,3
9430,33
9431,18
9433,15
9434,16
9436,7
9437,50
9440,15
9443,48
9444,12
9446,7
9447,7
9449,23
9450,34
9452,2
9453,22
9456,59
9459,17
9460,4
9462,30
9463,22
9465,9
9466,15
9468,13
9469,55
9472,23
9475,56
9476,11
9478,17
9479,7
9481,21
9482,38
9484,5
9485,15
9488,68
9491,17
9492,6
9494,28
9495,17
9497,8
9498,21
9500,13
9501,57
9504,22
9507,62
9508,14
9510,12
9511,9
9513,23
9514,40
9516,1
9517,17
9520,61
9523,26
9524,2
9526,28
9527,26
9529,7
9530,12
9532,17
9533,46
9536,17
9539,41
9540,13
9542,15
9543,13
9545,24
9546,25
9548,3
9549,19
9552,72
9555,20
9556,6
9558,37
9559,24
9561,13
9562,17
9564,18
9565,55
9568,20
9571,55
9572,13
9574,8
9575,9
9577,22
9578,54
9580,2
9581,23
9584,74
9587,26
9588,3
9590,39
9591,21
9593,8
9594,12
9596,12
9597,48
9600,21
9603,53
9604,12
9606,16
9607,8
9609,23
9610,43
9612,5
9613,27
9616,72
9619,20
9620,10
9622,52
9623,23
9625,6
9626,13
9628,15
9629,58
9632,27
9635,60
9636,18
9638,20
9639,8
9641,25
9642,40
9644,4
9645,16
9648,67
9651,20
9652,6
9654,57
9655,31
9657,4
9658,23
9660,13
9661,74
9664,24
9667,49
9668,17
9670,15
9671,8
9673,31
9674,41
9676,5
9677,23
9680,77
9683,30
9684,6
9686,44
9687,15
9689,9
9690,19
9692,13
9693,52
9696,26
9699,65
9700,19
9702,21
9703,13
9705,28
9706,42
9708,6
9709,23
9712,74
9715,19
9716,11
9718,37
9719,32
9721,5
9722,21
9724,15
9725,46
9728,19
9731,63
9732,12
9734,11
9735,8
9737,34
9738,31
9740,5
9741,27
9744,67
9747,17
9748,4
9750,41
9751,23
9753,13
9754,14
9756,10
9757,61
9760,25
9763,63
9764,19
9766,10
9767,5
9769,35
9770,32
9772,3
9773,24
9776,82
9779,18
9780,7
9782,45
9783,30
9785,7
9786,11
9788,12
9789,48
9792,17
9795,62
9796,11
9798,14
9799,8
9801,29
9802,33
9804,6
9805,22
9808,77
9811,25
9812,6
9814,43
9815,26
9817,16
9818,20
9820,21
9821,58
9824,18
9827,59
9828,18
9830,19
9831,13
9833,36
9834,50
9836,2
9837,16
9840,61
9843,17
9844,4
9846,39
9847,29
9849,7
9850,25
9852,16
9853,51
9856,33
9859,65
9860,12
9862,19
9863,14
9865,31
9866,48
9868,5
9869,26
9872,76
9875,19
9876,6
9878,42
9879,27
9881,10
9882,12
9884,15
9885,57
9888,29
9891,61
9892,16
9894,14
9895,7
9897,23
9898,39
9900,4
9901,14
9904,62
9907,21
9908,4
9910,41
9911,29
9913,12
9914,18
9916,17
9917,56
9920,25
9923,60
9924,17
9926,7
9927,12
9929,28
9930,39
9932,6
9933,22
9936,82
9939,17
9940,4
9942,45
9943,22
9945,12
9946,18
9948,17
9949,56
9952,27
9955,41
9956,11
9958,17
9959,9
9961,39
9962,47
9964,2
9965,19
9968,62
9971,18
9972,2
9974,37
9975,20
9977,15
9978,14
9980,9
9981,39
9984,21
9987,52
9988,16
9990,11
9991,6
9993,22
9994,38
9996,5
9997,15
10000,75
10003,21
10004,6
10006,39
10007,33
10009,7
10010,9
10012,20
10013,59
10016,24
10019,67
10020,19
10022,14
10023,13
10025,30
10026,41
10028,6
10029,16
10032,70
10035,12
10036,3
10038,44
10039,23
10041,13
10042,12
10044,14
10045,50
10048,28
10051,42
10052,12
10054,12
10055,9
10057,26
10058,41
10060,4
10061,18
10064,63
10067,12
10068,3
10070,26
10071,28
10073,10
10074,9
10076,16
10077,60
10080,30
10083,59
10084,16
10086,9
10087,6
10089,26
10090,33
10092,4
10093,17
10096,57
10099,19
10100,2
10102,39
10103,25
10105,12
10106,13
10108,8
10109,58
10112,22
10115,48
10116,18
10118,15
10119,6
10121,25
10122,38
10124,5
10125,12
10128,67
10131,19
10132,2
10134,36
10135,19
10137,12
10138,8
10140,11
10141,52
10144,19
10147,45
10148,5
10150,11
10151,9
10153,26
10154,27
10156,4
10157,10
10160,58
10163,13
10164,5
10166,44
10167,24
10169,6
10170,14
10172,16
10173,33
10176,25
10179,62
10180,11
10182,7
10183,14
10185,18
10186,36
10188,5
10189,20
10192,55
10195,26
10196,6
10198,30
10199,29
10201,6
10202,10
10204,15
10205,44
10208,29
10211,35
10212,9
10214,16
10215,6
10217,33
10218,29
10220,3
10221,21
10224,47
10227,14
10228,10
10230,33
10231,26
10233,8
10234,12
10236,15
10237,56
10240,21
10243,47
10244,11
10246,14
10247,20
10249,23
10250,39
10252,4
10253,8
10256,55
10259,21
10260,4
10262,22
10263,26
10265,10
10266,7
10268,15
10269,30
10272,19
10275,49
10276,16
10278,10
10279,9
10281,24
10282,32
10284,6
10285,13
10288,61
10291,9
10292,5
10294,44
10295,26
10297,6
10298,7
10300,11
10301,49
10304,20
10307,59
10308,7
10310,12
10311,5
10313,25
10314,45
10316,6
10317,19
10320,72
10323,24
10324,7
10326,50
10327,31
10329,12
10330,13
10332,12
10333,53
10336,20
10339,56
10340,14
10342,16
10343,8
10345,32
10346,35
10348,9
10349,22
10352,66
10355,14
10356,10
10358,49
10359,18
10361,10
10362,13
10364,17
10365,60
10368,18
10371,55
10372,19
10374,10
10375,14
10377,24
10378,42
10380,5
10381,21
10384,70
10387,24
10388,5
10390,43
10391,21
10393,11
10394,8
10396,23
10397,68
10400,25
10403,58
10404,11
10406,15
10407,15
10409,30
10410,45
10412,4
10413,23
10416,90
10419,21
10420,3
10422,35
10423,29
10425,13
10426,10
10428,19
10429,63
10432,22
10435,56
10436,14
10438,18
10439,11
10441,28
10442,46
10444,7
10445,11
10448,82
10451,14
10452,5
10454,38
10455,23
10457,13
10458,19
10460,16
10461,70
10464,30
10467,48
10468,15
10470,15
10471,8
10473,31
10474,40
10476,6
10477,21
10480,76
10483,24
10484,4
10486,49
10487,31
10489,13
10490,16
10492,17
10493,53
10496,19
10499,62
10500,19
10502,17
10503,16
10505,36
10506,44
10508,9
10509,22
10512,60
10515,18
10516,6
10518,46
10519,27
10521,12
10522,10
10524,21
10525,72
10528,19
10531,56
10532,16
10534,12
10535,5
10537,35
10538,36
10540,4
10541,19
10544,67
10547,27
10548,5
10550,46
10551,21
10553,13
10554,19
10556,14
10557,61
10560,23
10563,62
10564,15
10566,10
10567,12
10569,31
10570,32
10572,2
10573,19
10576,70
10579,17
10580,2
10582,46
10583,28
10585,12
10586,12
10588,15
10589,58
10592,21
10595,66
10596,17
10598,10
10599,12
10601,18
10602,32
10604,2
10605,18
10608,71
10611,14
10612,10
10614,46
10615,33
10617,14
10618,17
10620,13
10621,70
10624,22
10627,61
10628,12
10630,19
10631,10
10633,24
10634,38
10636,8
10637,20
10640,79
10643,27
10644,3
10646,51
10647,22
10649,7
10650,14
10652,19
10653,71
10656,31
10659,55
10660,15
10662,20
10663,12
10665,27
10666,44
10668,4
10669,26
10672,82
10675,23
10676,5
10678,39
10679,34
10681,8
10682,13
10684,12
10685,62
10688,24
10691,54
10692,15
10694,22
10695,13
10697,31
10698,43
10700,4
10701,23
10704,73
10707,18
10708,7
10710,44
10711,23
10713,10
10714,12
10716,12
10717,55
10720,25
10723,46
10724,20
10726,19
10727,10
10729,25
10730,45
10732,2
10733,24
10736,62
10739,25
10740,4
10742,46
10743,32
10745,8
10746,9
10748,13
10749,54
10752,18
10755,61
10756,14
10758,25
10759,6
10761,34
10762,38
10764,2
10765,19
10768,72
10771,25
10772,3
10774,49
10775,20
10777,8
10778,10
10780,13
10781,41
10784,27
10787,50
10788,6
10790,17
10791,9
10793,27
10794,47
10796,2
10797,10
10800,69
10803,21
10804,5
10806,34
10807,24
10809,18
10810,14
10812,19
10813,57
10816,19
10819,48
10820,17
10822,21
10823,9
10825,19
10826,38
10828,2
10829,16
10832,66
10835,18
10836,4
10838,45
10839,29
10841,11
10842,17
10844,15
10845,64
10848,23
10851,62
10852,8
10854,20
10855,12
10857,22
10858,45
10860,8
10861,14
10864,63
10867,23
10868,7
10870,43
10871,38
10873,9
10874,14
10876,16
10877,58
10880,23
10883,48
10884,12
10886,12
10887,7
10889,19
10890,42
10892,5
10893,18
10896,70
10899,16
10900,5
10902,48
10903,27
10905,5
10906,11
10908,13
10909,38
10912,17
10915,62
10916,19
10918,8
10919,8
10921,36
10922,34
10924,5
10925,16
10928,62
10931,21
10932,7
10934,33
10935,19
10937,9
10938,11
10940,13
10941,42
10944,25
10947,59
10948,17
10950,21
10951,10
10953,28
10954,55
10956,5
10957,14
10960,64
10963,19
10964,4
10966,28
10967,21
10969,11
10970,10
10972,13
10973,52
10976,23
10979,58
10980,10
10982,14
10983,9
10985,30
10986,40
10988,4
10989,17
10992,67
10995,16
10996,4
10998,46
10999,18
11001,10
11002,18
11004,16
11005,44
11008,25
11011,67
11012,13
11014,11
11015,14
11017,24
11018,49
11020,9
11021,19
11024,71
11027,25
11028,3
11030,39
11031,29
11033,9
11034,8
11036,17
11037,48
11040,14
11043,51
11044,17
11046,11
11047,8
11049,22
11050,60
11052,6
11053,14
11056,69
11059,15
11060,1
11062,42
11063,29
11065,10
11066,14
11068,8
11069,55
11072,21
11075,58
11076,15
11078,12
11079,9
11081,30
11082,49
11084,1
11085,19
11088,68
11091,16
11092,6
11094,40
11095,27
11097,6
11098,12
11100,10
11101,54
11104,28
11107,55
11108,12
11110,20
11111,8
11113,22
11114,52
11116,6
11117,26
11120,66
11123,15
11124,4
11126,42
11127,27
11129,8
11130,13
11132,21
11133,47
11136,21
11139,62
11140,19
11142,11
11143,14
11145,30
11146,38
11148,2
11149,14
11152,69
11155,21
11156,3
11158,33
11159,20
11161,8
11162,14
11164,8
11165,57
11168,22
11171,61
11172,11
11174,10
11175,3
11177,22
11178,42
11180,2
11181,21
11184,89
11187,22
11188,3
11190,50
11191,23
11193,5
11194,10
11196,20
11197,51
11200,27
11203,54
11204,9
11206,13
11207,7
11209,20
11210,43
11212,3
11213,14
11216,84
11219,23
11220,1
11222,47
11223,32
11225,8
11226,23
11228,9
11229,55
11232,24
11235,59
11236,11
11238,22
11239,4
11241,28
11242,43
11244,3
11245,26
11248,73
11251,24
11252,3
11254,47
11255,26
11257,14
11258,18
11260,15
11261,75
11264,17
11267,57
11268,16
11270,16
11271,12
11273,29
11274,43
11276,9
11277,22
11280,88
11283,22
11284,5
11286,32
11287,27
11289,12
11290,20
11292,14
11293,48
11296,23
11299,59
11300,12
11302,21
11303,13
11305,25
11306,46
11308,9
11309,30
11312,73
11315,19
11316,2
11318,35
11319,28
11321,13
11322,20
11324,16
11325,55
11328,20
11331,65
11332,13
11334,9
11335,9
11337,37
11338,40
11340,7
11341,17
11344,80
11347,18
11348,3
11350,41
11351,25
11353,15
11354,17
11356,6
11357,46
11360,19
11363,49
11364,14
11366,14
11367,7
11369,39
11370,46
11372,3
11373,21
11376,67
11379,23
11380,5
11382,43
11383,28
11385,9
11386,11
11388,11
11389,47
11392,16
11395,53
11396,8
11398,12
11399,8
11401,17
11402,41
11404,5
11405,26
11408,69
11411,19
11412,6
11414,32
11415,23
11417,11
11418,18
11420,16
11421,68
11424,29
11427,59
11428,19
11430,13
11431,13
11433,22
11434,37
11436,2
11437,23
11440,72
11443,15
11444,3
11446,33
11447,24
11449,10
11450,10
11452,10
11453,53
11456,19
11459,49
11460,12
11462,17
11463,11
11465,19
11466,29
11468,7
11469,20
11472,51
11475,13
11476,5
11478,29
11479,22
11481,6
11482,11
11484,16
11485,37
11488,23
11491,41
11492,15
11494,14
11495,7
11497,28
11498,43
11500,3
11501,20
11504,68
11507,19
11508,10
11510,32
11511,30
11513,8
11514,13
11516,14
11517,46
11520,27
11523,45
11524,11
11526,11
11527,8
11529,12
11530,33
11532,6
11533,17
11536,75
11539,11
11540,2
11542,21
11543,22
11545,11
11546,15
11548,15
11549,57
11552,22
11555,47
11556,10
11558,9
11559,8
11561,24
11562,38
11564,7
11565,24
11568,60
11571,18
11572,5
11574,44
11575,22
11577,8
11578,10
11580,18
11581,37
11584,24
11587,50
11588,10
11590,11
11591,10
11593,20
11594,47
11596,9
11597,21
11600,55
11603,18
11604,4
11606,33
11607,20
11609,9
11610,13
11612,11
11613,39
11616,17
11619,61
11620,10
11622,11
11623,9
11625,20
11626,27
11628,2
11629,20
11632,70
11635,14
11636,4
11638,35
11639,22
11641,9
11642,12
11644,10
11645,49
11648,20
11651,49
11652,14
11654,11
11655,8
11657,25
11658,32
11660,5
11661,15
11664,51
11667,10
11668,3
11670,35
11671,16
11673,5
11674,16
11676,13
11677,42
11680,11
11683,42
11684,5
11686,14
11687,8
11689,21
11690,36
11692,1
11693,23
11696,48
11699,15
11700,3
11702,22
11703,20
11705,7
11706,8
11708,11
11709,46
11712,23
11715,44
11716,10
11718,18
11719,7
11721,17
11722,25
11724,6
11725,15
11728,55
11731,17
11732,2
11734,32
11735,24
11737,3
11738,23
11740,14
11741,31
11744,12
11747,44
11748,12
11750,19
11751,7
11753,24
11754,48
11756,5
11757,11
11760,43
11763,14
11764,3
11766,34
11767,18
11769,9
11770,12
11772,13
11773,42
11776,24
11779,31
11780,17
11782,10
11783,11
11785,26
11786,30
11788,3
11789,17
11792,49
11795,11
11796,5
11798,31
11799,21
11801,11
11802,10
11804,12
11805,39
11808,12
11811,40
11812,11
11814,11
11815,10
11817,18
11818,25
11820,3
11821,11
11824,58
11827,11
11828,4
11830,23
11831,28
11833,5
11834,10
11836,5
11837,38
11840,25
11843,43
11844,18
11846,15
11847,6
11849,20
11850,20
11852,7
11853,9
11856,48
11859,13
11860,2
11862,22
11863,16
11865,7
11866,6
11868,13
11869,27
11872,16
11875,35
11876,7
11878,9
11879,7
11881,14
11882,26
11884,5
11885,19
11888,53
11891,15
11892,1
11894,35
11895,17
11897,8
11898,8
11900,6
11901,20
11904,25
11907,27
11908,10
11910,6
11911,3
11913,19
11914,24
11916,4
11917,16
11920,38
11923,11
11924,5
11926,27
11927,22
11929,5
11930,10
11932,8
11933,33
11936,12
11939,35
11940,8
11942,13
11943,9
11945,21
11946,22
11948,1
11949,14
11952,43
11955,21
11956,1
11958,15
11959,16
11961,7
11962,4
11964,8
11965,25
11968,16
11971,20
11972,7
11974,10
11975,8
11977,16
11978,21
11980,1
11981,12
11984,41
11987,6
11988,1
11990,18
11991,21
11993,4
11994,13
11996,10
11997,29
12000,10
12003,27
12004,7
12006,5
12007,8
12009,14
12010,15
12012,1
12013,12
12016,32
12019,12
12020,2
12022,25
12023,19
12025,1
12026,7
12028,10
12029,28
12032,15
12035,23
12036,6
12038,10
12039,7
12041,15
12042,16
12044,7
12045,10
12048,40
12051,14
12054,22
12055,14
12057,3
12058,8
12060,8
12061,26
12064,13
12067,23
12068,9
12070,5
12071,5
12073,14
12074,26
12076,2
12077,6
12080,31
12083,15
12084,2
12086,14
12087,10
12089,5
12090,6
12092,13
12093,36
12096,12
12099,27
12100,8
12102,9
12103,5
12105,19
12106,31
12108,4
12109,14
12112,31
12115,9
12116,1
12118,19
12119,17
12121,7
12122,9
12124,8
12125,20
12128,13
12131,24
12132,2
12134,7
12135,3
12137,10
12138,17
12140,1
12141,9
12144,24
12147,5
12148,2
12150,24
12151,18
12153,3
12154,4
12156,3
12157,22
12160,5
12163,28
12164,10
12166,6
12167,5
12169,10
12170,23
12172,3
12173,15
12176,39
12179,12
12180,2
12182,24
12183,12
12185,3
12186,3
12188,5
12189,26
12192,5
12195,28
12196,3
12198,7
12199,7
12201,10
12202,14
12205,8
12208,29
12211,15
12212,4
12214,22
12215,14
12217,4
12218,5
12220,7
12221,17
12224,11
12227,24
12228,7
12230,7
12233,16
12234,22
12236,3
12237,9
12240,25
12243,9
12244,1
12246,18
12247,11
12249,6
12250,4
12252,5
12253,26
12256,14
12259,30
12260,5
12262,3
12263,8
12265,15
12266,13
12268,1
12269,11
12272,27
12275,8
12276,2
12278,15
12279,12
12281,4
12282,2
12284,4
12285,27
12288,17
12291,15
12292,6
12294,9
12295,2
12297,5
12298,20
12300,3
12301,3
12304,24
12307,6
12308,3
12310,12
12311,6
12313,4
12314,3
12316,9
12317,21
12320,5
12323,21
12324,6
12326,3
12329,10
12330,14
12332,3
12333,10
12336,24
12339,10
12340,2
12342,12
12343,11
12345,6
12346,4
12348,7
12349,21
12352,5
12355,18
12356,7
12358,2
12359,4
12361,8
12362,14
12364,3
12365,7
12368,17
12371,10
12374,16
12375,6
12377,4
12378,5
12380,9
12381,14
12384,4
12387,16
12388,4
12390,6
12391,5
12393,12
12394,15
12396,3
12397,3
12400,11
12403,4
12404,2
12406,11
12407,6
12409,2
12410,4
12412,7
12413,16
12416,6
12419,9
12420,5
12422,6
12423,1
12425,5
12426,9
12428,4
12429,3
12432,13
12435,10
12436,3
12438,23
12439,9
12441,5
12442,6
12444,2
12445,15
12448,5
12451,21
12452,7
12454,5
12455,3
12457,8
12458,12
12461,7
12464,19
12467,4
12468,2
12470,11
12471,4
12473,4
12474,5
12476,4
12477,14
12480,9
12483,14
12484,1
12486,3
12487,2
12489,12
12490,16
12492,3
12493,8
12496,16
12499,4
12500,1
12502,16
12503,4
12505,2
12506,3
12508,2
12509,4
12512,9
12515,13
12516,4
12518,2
12519,3
12521,7
12522,8
12524,1
12525,1
12528,16
12531,6
12532,1
12534,9
12535,2
12538,7
12540,3
12541,11
12544,11
12547,12
12550,4
12551,2
12553,7
12554,6
12557,7
12560,12
12563,3
12564,2
12566,13
12567,5
12570,4
12572,4
12573,12
12576,6
12579,9
12580,4
12582,2
12583,1
12585,9
12586,7
12588,1
12589,5
12592,18
12595,6
12598,11
12599,9
12602,1
12604,3
12605,13
12608,5
12611,11
12612,3
12614,2
12615,1
12617,3
12618,11
12620,2
12621,3
12624,14
12627,4
12628,3
12630,8
12631,6
12633,2
12634,6
12636,2
12637,2
12640,1
12643,7
12644,4
12646,1
12647,2
12649,2
12650,8
12653,1
12656,15
12659,6
12662,6
12663,1
12665,1
12666,1
12668,1
12669,4
12672,4
12675,6
12676,4
12678,3
12679,1
12681,5
12682,11
12684,1
12685,3
12688,9
12691,5
12694,7
12695,2
12697,2
12698,3
12700,1
12701,8
12704,1
12707,3
12710,2
12713,2
12714,4
12716,1
12717,2
12720,4
12724,1
12726,5
12727,2
12729,1
12730,1
12733,4
12736,1
12739,6
12740,4
12742,1
12743,1
12745,2
12746,5
12749,5
12752,5
12758,2
12759,3
12761,1
12762,1
12764,1
12765,4
12768,3
12771,6
12774,2
12777,1
12778,3
12780,1
12781,1
12784,8
12787,2
12788,1
12790,1
12791,1
12793,1
12794,1
12797,9
12800,1
12803,7
12804,1
12807,2
12809,4
12810,7
12813,2
12816,4
12822,3
12829,2
12832,1
12835,5
12836,2
12839,1
12841,1
12842,5
12844,1
12845,4
12848,2
12851,2
12854,3
12855,1
12858,2
12861,4
12864,4
12867,1
12873,3
12874,3
12876,1
12877,1
12880,7
12886,4
12887,1
12889,1
12890,1
12892,2
12893,4
12896,1
12899,9
12900,2
12905,1
12906,1
12909,1
12912,6
12915,2
12918,2
12919,1
12922,2
12925,5
12928,2
12932,1
12935,1
12937,1
12938,5
12944,4
12950,3
12951,2
12954,1
12956,1
12957,2
12963,1
12966,1
12969,3
12970,1
12976,3
12982,2
12985,1
12986,1
12988,1
12989,2
12992,2
12995,7
12996,1
12998,1
13001,2
13002,2
13005,1
13008,8
13011,1
13014,3
13015,1
13017,3
13020,1
13021,1
13027,5
13028,2
13030,1
13033,3
13034,3
13040,4
13043,1
13046,2
13047,1
13049,2
13050,1
13052,2
13053,6
13056,1
13059,1
13062,1
13065,3
13066,4
13068,1
13069,2
13072,3
13075,1
13076,1
13078,3
13081,2
13082,1
13085,1
13088,3
13091,2
13092,2
13097,1
13101,1
13104,1
13110,3
13111,1
13117,2
13120,2
13123,2
13124,1
13126,1
13129,4
13130,2
13133,3
13136,3
13139,1
13142,1
13149,3
13152,1
13155,3
13156,2
13161,1
13162,3
13165,1
13168,3
13171,2
13175,1
13177,2
13178,3
13180,2
13181,2
13184,2
13187,4
13188,1
13196,1
13200,4
13206,3
13207,3
13210,2
13213,1
13216,1
13219,5
13220,2
13222,1
13223,1
13225,3
13226,3
13232,4
13238,3
13239,2
13245,2
13251,4
13252,1
13254,1
13258,1
13261,2
13264,6
13267,2
13268,1
13270,2
13271,1
13277,2
13283,1
13290,1
13293,1
13296,2
13299,2
13302,2
13303,1
13306,1
13308,1
13309,4
13312,2
13315,2
13316,1
13318,2
13319,1
13321,1
13322,1
13324,1
13325,1
13328,1
13331,1
13338,1
13341,3
13344,2
13348,2
13350,1
13353,3
13354,2
13356,1
13360,2
13364,1
13366,3
13369,1
13370,1
13379,2
13382,2
13383,1
13385,2
13386,1
13392,3
13395,1
13398,1
13399,1
13401,1
13402,1
13404,1
13405,1
13408,3
13411,5
13415,1
13417,1
13418,4
13421,1
13424,3
13427,1
13428,1
13430,1
13433,1
13434,1
13437,1
13440,1
13443,3
13447,1
13449,1
13450,4
13452,1
13456,2
13459,1
13460,1
13462,3
13463,1
13465,1
13468,2
13469,2
13475,4
13476,2
13478,1
13479,2
13481,2
13482,1
13485,1
13488,2
13491,1
13498,1
13501,5
13504,2
13507,5
13513,2
13514,1
13520,3
13526,1
13530,1
13532,1
13533,3
13540,1
13542,1
13543,1
13545,2
13549,1
13552,3
13555,1
13558,4
13559,2
13564,2
13565,1
13571,1
13574,1
13577,2
13578,1
13580,1
13584,6
13587,3
13590,4
13594,1
13596,2
13597,2
13600,1
13603,4
13609,1
13610,3
13616,2
13622,1
13623,2
13625,1
13629,1
13632,3
13635,2
13636,2
13638,2
13641,2
13645,1
13651,1
13654,3
13655,1
13660,1
13661,9
13664,2
13667,1
13674,1
13680,2
13683,1
13686,1
13690,1
13696,1
13699,2
13703,1
13705,3
13706,4
13712,1
13725,3
13728,2
13732,1
13734,2
13737,2
13738,2
13744,1
13747,1
13750,1
13753,1
13754,2
13757,2
13760,1
13763,3
13769,1
13770,2
13773,3
13776,4
13782,1
13783,1
13786,1
13789,5
13795,2
13796,1
13798,1
13799,1
13802,2
13805,1
13808,4
13812,1
13815,1
13821,2
13831,2
13833,1
13834,2
13836,1
13840,3
13843,1
13846,2
13853,1
13859,2
13860,1
13862,3
13863,2
13865,2
13866,2
13869,3
13872,2
13878,3
13879,1
13884,2
13885,1
13888,1
13892,1
13898,1
13904,2
13907,2
13908,1
13911,1
13913,1
13914,1
13917,2
13920,2
13923,2
13924,1
13926,1
13929,1
13930,2
13936,4
13939,2
13940,1
13942,2
13943,2
13945,2
13946,1
13949,2
13955,1
13956,1
13958,1
13959,1
13961,1
13962,1
13964,1
13965,1
13968,3
13971,1
13974,2
13978,1
13981,4
13987,5
13994,3
14000,4
14007,1
14010,1
14012,2
14013,2
14019,3
14023,1
14025,3
14026,2
14032,4
14035,2
14038,1
14042,1
14044,1
14045,1
14048,1
14051,1
14052,1
14054,1
14057,2
14058,1
14061,1
14067,3
14070,2
14074,1
14076,1
14083,4
14084,1
14086,1
14089,1
14093,1
14096,3
14102,1
14103,1
14106,2
14109,1
14115,2
14116,1
14118,2
14121,1
14122,4
14124,1
14125,3
14128,1
14131,2
14134,2
14135,2
14141,3
14144,1
14147,3
14148,1
14153,1
14157,2
14160,3
14166,2
14167,1
14170,1
14173,1
14188,2
14189,2
14192,3
14196,1
14199,4
14202,3
14205,4
14208,2
14214,2
14215,1
14221,2
14224,1
14230,2
14231,1
14236,3
14237,4
14243,1
14249,1
14250,1
14253,1
14256,1
14259,1
14262,2
14263,2
14265,1
14266,1
14268,1
14269,1
14272,2
14275,3
14276,1
14281,4
14282,1
14288,2
14291,1
14294,2
14295,1
14300,1
14304,1
14307,2
14313,1
14320,2
14327,1
14330,2
14333,3
14339,1
14343,1
14346,1
14352,2
14358,1
14359,3
14365,3
14378,1
14384,5
14388,1
14390,1
14391,1
14397,1
14403,3
14406,1
14409,1
14410,1
14413,1
14420,1
14422,1
14423,2
14425,1
14429,2
14432,1
14435,1
14438,1
14439,1
14441,1
14442,2
14444,1
14448,4
14451,1
14454,2
14455,2
14460,1
14477,1
14480,2
14483,1
14484,1
14486,1
14490,1
14493,2
14496,1
14499,1
14506,1
14509,1
14512,2
14515,2
14518,2
14519,1
14522,1
14524,1
14525,2
14534,1
14544,2
14547,1
14550,1
14551,1
14557,1
14563,1
14570,1
14579,1
14582,2
14583,1
14588,1
14589,3
14595,2
14599,1
14611,1
14614,2
14620,2
14621,1
14624,2
14627,6
14628,2
14634,1
14643,3
14646,2
14647,1
14659,2
14669,1
14672,1
14675,1
14676,1
14678,1
14679,1
14681,1
14682,2
14685,2
14688,3
14691,2
14694,2
14697,2
14704,1
14710,3
14711,1
14716,1
14724,1
14729,1
14730,2
14736,1
14739,1
14742,2
14743,2
14748,2
14749,1
14759,1
14764,1
14765,1
14768,2
14771,1
14772,1
14778,1
14780,1
14787,1
14790,1
14791,1
14793,1
14794,2
14797,1
14800,4
14803,1
14804,1
14806,4
14809,2
14813,1
14819,2
14820,1
14825,1
14829,1
14845,2
14851,1
14861,2
14864,2
14870,1
14883,1
14889,1
14890,4
14896,4
14902,2
14916,1
14921,1
14922,1
14924,1
14931,2
14934,2
14935,2
14953,1
14954,2
14957,1
14960,3
14966,1
14967,2
14970,1
14972,1
14973,2
14976,1
14979,1
14983,1
14985,1
14989,1
14992,2
14999,1
15005,1
15008,2
15011,1
15015,1
15017,1
15018,1
15024,2
15030,3
15037,1
15040,1
15043,1
15046,1
15050,4
15062,1
15063,1
15069,2
15075,2
15078,1
15082,1
15088,2
15091,1
15094,1
15095,2
15097,2
15098,1
15107,1
15110,1
15111,1
15113,2
15117,2
15120,2
15123,1
15133,2
15136,1
15139,1
15146,1
15152,2
15155,3
15164,1
15181,1
15187,2
15190,1
15193,1
15196,2
15197,5
15206,1
15207,1
15216,4
15222,1
15228,1
15229,1
15232,2
15235,3
15239,1
15242,1
15248,1
15251,1
15257,1
15258,2
15261,2
15264,1
15273,1
15287,1
15296,1
15299,1
15302,2
15303,1
15309,1
15312,2
15325,1
15328,2
15335,1
15338,1
15344,2
15347,1
15356,1
15357,2
15373,1
15382,2
15388,1
15395,3
15401,2
15404,1
15408,1
15414,1
15421,3
15434,1
15437,1
15447,1
15453,3
15466,1
15469,1
15472,3
15484,1
15485,1
15488,2
15491,2
15514,1
15526,1
15530,1
15542,1
15555,2
15556,1
15568,1
15571,2
15574,2
15575,2
15581,1
15584,2
15587,3
15591,1
15593,1
15603,2
15612,1
15616,1
15619,2
15620,1
15623,1
15625,1
15626,1
15632,1
15639,1
15642,1
15651,1
15652,1
15654,1
15658,3
15664,3
15667,1
15671,1
15677,2
15680,1
15689,1
15690,1
15693,1
15696,1
15702,1
15716,1
15722,2
15728,3
15740,1
15741,2
15744,3
15747,2
15751,1
15760,3
15773,1
15798,1
15799,1
15811,1
15818,2
15824,2
15827,1
15837,1
15844,1
15849,1
15850,1
15862,3
15875,1
15888,1
15901,1
15904,1
15907,1
15908,1
15910,1
15914,1
15923,1
15927,1
15933,1
15945,1
15956,1
15965,1
15971,1
15987,1
15990,2
16009,1
16012,1
16016,1
16019,1
16032,1
16048,2
16055,1
16077,1
16080,1
16083,4
16093,1
16099,2
16103,1
16112,1
16119,2
16124,1
16125,1
16151,1
16156,1
16157,1
16160,2
16163,2
16164,1
16182,1
16183,2
16196,1
16201,1
16202,1
16205,1
16208,1
16221,1
16227,1
16252,1
16256,1
16265,1
16266,1
16269,1
16278,3
16279,1
16281,1
16285,2
16307,1
16311,1
16313,1
16316,1
16326,1
16332,1
16336,1
16355,2
16361,1
16365,1
16368,2
16381,2
16387,2
16388,1
16394,2
16400,1
16403,1
16407,3
16412,1
16416,1
16419,1
16425,1
16426,1
16432,4
16442,1
16451,2
16464,1
16473,1
16477,1
16483,2
16493,1
16496,1
16502,1
16506,2
16508,1
16512,1
16515,1
16516,1
16518,2
16521,1
16528,1
16531,1
16544,1
16547,1
16548,1
16553,1
16569,1
16573,1
16580,2
16599,1
16611,1
16618,2
16621,2
16624,1
16630,1
16637,2
16643,1
16650,1
16663,1
16665,1
16675,2
16694,1
16695,1
16720,3
16723,1
16729,1
16739,2
16745,1
16756,1
16758,1
16765,3
16768,2
16771,1
16774,1
16784,1
16790,2
16803,1
16816,2
16823,1
16829,1
16841,1
16842,1
16854,2
16874,1
16883,1
16887,1
16889,1
16899,1
16912,2
16924,1
16925,1
16931,3
16937,1
16938,2
16944,1
16950,1
16954,1
16956,1
16957,1
16963,2
16973,1
16986,1
16989,1
17005,1
17008,1
17014,2
17015,1
17021,1
17027,3
17040,2
17050,1
17056,1
17059,1
17069,1
17072,2
17075,1
17079,1
17085,4
17088,3
17098,1
17101,1
17104,1
17107,2
17110,1
17117,2
17146,1
17149,2
17156,1
17161,1
17168,1
17171,2
17187,1
17188,1
17194,2
17197,1
17200,1
17206,1
17219,1
17223,1
17226,2
17229,1
17232,1
17239,1
17242,1
17244,1
17245,2
17251,1
17264,2
17270,1
17271,1
17284,1
17289,2
17296,1
17303,2
17309,1
17315,2
17325,1
17328,1
17334,1
17341,2
17347,1
17360,1
17367,1
17373,2
17379,1
17380,1
17385,2
17388,1
17405,1
17411,2
17417,2
17421,1
17424,1
17430,1
17443,3
17450,1
17453,1
17456,2
17465,1
17466,1
17469,1
17472,1
17475,1
17476,1
17479,1
17488,3
17491,1
17494,1
17501,1
17504,1
17524,1
17526,2
17530,1
17532,2
17539,4
17546,1
17552,1
17558,1
17565,2
17568,1
17571,1
17577,1
17584,1
17591,1
17597,4
17600,1
17607,1
17610,1
17616,3
17622,1
17641,1
17642,1
17648,2
17654,1
17658,1
17660,2
17661,1
17667,1
17671,1
17673,1
17674,1
17677,1
17680,3
17683,1
17686,2
17693,2
17696,1
17699,1
17715,1
17722,1
17724,1
17731,1
17738,1
17744,2
17750,2
17756,2
17757,2
17764,1
17766,1
17769,1
17776,1
17782,1
17783,1
17789,2
17792,1
17795,1
17801,1
17802,1
17808,1
17814,1
17818,1
17834,2
17840,2
17853,1
17859,1
17865,1
17866,1
17869,2
17872,3
17878,1
17884,1
17885,1
17888,1
17897,1
17908,1
17910,3
17911,1
17913,1
17917,3
17923,1
17926,1
17927,1
17936,2
17943,1
17949,1
17955,2
17961,1
17962,1
17968,1
17971,1
17975,2
17980,1
17981,1
17987,1
18006,2
18007,1
18009,1
18013,1
18016,1
18019,3
18025,1
18026,3
18029,2
18038,2
18045,2
18058,4
18064,2
18071,2
18074,1
18080,1
18083,1
18084,3
18089,1
18103,2
18109,1
18116,1
18118,1
18119,1
18121,1
18124,1
18125,1
18128,1
18137,1
18141,3
18148,1
18150,1
18151,1
18154,1
18166,1
18176,1
18180,1
18185,1
18186,1
18192,1
18195,1
18198,1
18205,2
18208,1
18211,1
18214,1
18218,2
18227,1
18230,1
18237,2
18240,1
18249,1
18250,2
18269,2
18272,1
18298,1
18301,1
18317,1
18323,2
18324,1
18326,1
18327,1
18329,1
18336,1
18349,1
18352,2
18355,1
18359,1
18364,1
18368,1
18371,2
18374,1
18377,1
18381,1
18384,1
18390,2
18394,1
18397,1
18403,2
18409,2
18410,1
18416,2
18429,2
18435,1
18438,1
18441,1
18442,3
18445,1
18448,3
18451,1
18455,1
18461,2
18467,1
18473,2
18476,1
18477,1
18480,1
18486,2
18496,1
18499,2
18503,1
18512,1
18518,1
18524,1
18531,2
18535,1
18538,1
18541,1
18550,2
18553,1
18557,1
18563,1
18567,1
18569,2
18570,1
18576,1
18582,1
18583,1
18586,1
18595,1
18601,1
18605,1
18615,1
18621,2
18628,1
18637,1
18640,2
18647,1
18653,4
18656,1
18668,1
18672,2
18681,1
18682,1
18692,1
18697,1
18701,1
18707,1
18710,1
18711,1
18713,1
18717,2
18720,2
18724,1
18729,2
18739,1
18742,3
18755,4
18761,1
18762,1
18765,1
18768,1
18771,1
18774,1
18775,2
18781,3
18787,1
18790,1
18791,1
18793,1
18794,1
18796,1
18800,1
18806,1
18807,1
18809,2
18813,1
18816,2
18819,1
18828,1
18832,3
18836,1
18845,3
18848,1
18857,1
18858,1
18864,1
18868,1
18870,3
18871,2
18877,2
18883,1
18884,1
18890,1
18892,1
18896,3
18899,3
18903,1
18906,2
18908,1
18909,1
18912,1
18915,1
18916,1
18919,1
18921,2
18928,1
18941,1
18944,2
18947,2
18954,1
18957,1
18960,4
18967,1
18973,1
18976,3
18982,1
18983,1
18986,2
18989,1
19002,1
19004,1
19005,1
19024,1
19027,1
19031,2
19036,2
19037,1
19040,1
19043,1
19046,1
19049,2
19052,1
19062,1
19065,1
19068,1
19069,1
19075,2
19082,1
19088,1
19095,2
19100,1
19101,1
19107,2
19108,1
19114,1
19120,2
19123,1
19126,1
19129,1
19146,1
19149,1
19152,2
19155,2
19158,1
19159,1
19161,1
19165,1
19171,3
19178,3
19181,1
19184,1
19190,2
19197,2
19209,3
19213,1
19216,1
19222,3
19228,1
19235,4
19242,1
19245,1
19248,2
19251,1
19254,1
19255,1
19261,1
19274,1
19280,1
19287,2
19290,1
19292,1
19306,1
19309,1
19312,1
19315,1
19318,1
19322,1
19325,1
19331,2
19338,1
19340,1
19344,3
19354,1
19357,3
19360,2
19363,3
19369,2
19376,3
19382,1
19383,1
19388,1
19392,1
19395,1
19414,1
19415,2
19421,2
19433,2
19434,1
19440,1
19444,1
19450,1
19453,1
19456,1
19459,1
19462,1
19463,1
19465,1
19466,1
19472,3
19478,2
19494,1
19497,1
19504,2
19511,2
19516,1
19523,3
19529,1
19530,1
19533,1
19536,1
19542,2
19543,1
19546,1
19549,2
19555,1
19556,1
19558,1
19562,1
19565,1
19568,1
19578,1
19584,2
19588,1
19590,1
19593,1
19594,1
19607,1
19613,1
19619,1
19620,2
19628,1
19632,3
19648,2
19651,2
19657,1
19661,1
19664,3
19670,4
19673,1
19677,4
19680,1
19684,1
19689,2
19692,1
19693,1
19696,1
19702,1
19703,1
19705,1
19709,1
19712,1
19715,1
19716,1
19722,2
19728,3
19734,2
19741,2
19744,1
19747,2
19753,2
19754,2
19766,1
19767,2
19773,1
19779,1
19785,1
19792,1
19799,1
19814,1
19824,2
19827,1
19830,1
19831,2
19840,1
19846,1
19849,2
19850,1
19853,1
19856,2
19862,2
19863,1
19866,1
19875,1
19882,2
19888,2
19891,3
19894,2
19900,2
19901,2
19904,1
19907,1
19908,1
19911,1
19917,1
19920,2
19932,1
19939,2
19945,2
19949,2
19952,1
19958,1
19961,1
19965,2
19971,1
19977,1
19984,1
19990,2
19991,1
19997,1
20003,1
20010,1
20016,1
20019,1
20022,1
20023,1
20026,1
20028,1
20029,1
20032,1
20035,1
20039,1
20048,1
20051,1
20060,1
20061,1
20064,1
20071,3
20074,1
20080,1
20099,1
20106,1
20112,3
20115,1
20119,1
20125,1
20131,1
20137,1
20144,1
20150,1
20151,1
20156,1
20163,2
20166,1
20169,1
20172,1
20182,1
20188,1
20195,1
20201,1
20202,2
20208,2
20217,1
20218,1
20221,1
20224,1
20227,2
20233,1
20237,1
20240,3
20243,1
20246,1
20259,2
20260,2
20269,1
20272,2
20278,1
20285,1
20297,1
20298,1
20301,1
20311,1
20317,1
20323,1
20330,1
20336,1
20342,1
20348,1
20352,1
20359,1
20368,2
20374,2
20380,1
20381,2
20394,1
20400,1
20403,2
20406,1
20413,2
20419,2
20448,1
20451,2
20452,1
20454,1
20460,1
20464,1
20467,1
20474,1
20480,2
20483,1
20493,3
20496,2
20499,1
20508,1
20509,2
20521,2
20522,2
20525,2
20528,2
20540,1
20544,2
20547,1
20551,1
20553,1
20554,2
20560,1
20573,1
20579,1
20586,1
20592,1
20599,1
20604,2
20605,2
20608,1
20614,1
20633,1
20637,1
20643,1
20644,1
20647,1
20650,2
20656,1
20659,1
20662,2
20669,1
20675,1
20681,1
20688,1
20694,1
20695,1
20700,1
20704,1
20707,2
20714,1
20717,1
20726,1
20732,2
20736,1
20739,1
20746,1
20755,1
20758,1
20762,2
20768,1
20771,2
20777,1
20778,1
20781,1
20797,1
20803,1
20809,1
20816,2
20829,1
20832,1
20835,1
20842,1
20848,1
20854,1
20855,1
20877,1
20892,1
20893,1
20900,1
20912,1
20918,1
20919,1
20922,1
20928,1
20931,2
20932,1
20941,1
20956,1
20957,1
20960,1
20966,1
20967,1
20970,1
20979,1
20986,3
20992,1
20995,2
21002,1
21005,1
21015,1
21028,1
21034,1
21046,1
21049,1
21062,3
21069,1
21072,2
21078,1
21085,1
21091,1
21098,1
21111,1
21113,1
21117,2
21123,1
21133,1
21136,1
21148,1
21152,1
21165,1
21193,1
21194,1
21197,1
21200,1
21203,1
21207,1
21209,1
21210,1
21219,2
21220,1
21222,1
21229,2
21232,2
21251,1
21270,1
21271,2
21280,1
21289,1
21296,1
21302,1
21315,1
21316,1
21318,1
21322,1
21328,1
21334,1
21337,1
21338,1
21344,1
21353,1
21360,3
21366,1
21370,1
21373,2
21376,1
21389,1
21392,1
21405,1
21411,1
21424,1
21430,1
21433,1
21437,2
21440,1
21450,1
21456,2
21463,1
21466,1
21475,1
21482,2
21494,1
21500,1
21507,1
21508,1
21513,1
21520,1
21533,1
21539,1
21545,1
21552,2
21565,3
21571,1
21574,1
21581,1
21584,1
21590,1
21597,2
21603,1
21604,1
21606,1
21613,1
21616,1
21629,2
21638,1
21642,2
21651,1
21655,1
21658,1
21661,1
21670,1
21673,1
21680,1
21693,1
21712,2
21718,1
21725,1
21731,1
21738,1
21741,1
21744,1
21779,1
21788,1
21795,1
21805,1
21808,2
21815,1
21831,1
21833,2
21846,1
21856,1
21862,1
21866,2
21872,1
21879,1
21882,1
21897,1
21911,3
21936,1
21942,2
21943,1
21946,1
21949,2
21955,1
21961,1
21962,3
21965,1
21968,1
21984,1
21987,4
21990,1
22000,1
22006,1
22007,1
22026,1
22058,1
22060,1
22064,3
22070,2
22087,1
22089,1
22096,1
22103,1
22109,1
22118,1
22135,2
22141,1
22147,2
22157,1
22160,1
22172,1
22180,1
22185,2
22186,1
22195,1
22198,2
22199,1
22211,1
22217,1
22227,2
22230,1
22240,2
22250,1
22256,2
22262,1
22269,1
22282,1
22294,1
22307,1
22310,1
22311,1
22314,2
22320,1
22336,1
22342,1
22358,1
22359,1
22374,1
22384,1
22387,1
22390,1
22397,1
22400,1
22403,1
22416,1
22419,2
22429,2
22435,2
22448,1
22467,2
22486,1
22490,1
22499,1
22515,1
22519,1
22528,1
22531,1
22537,1
22547,1
22554,1
22556,1
22557,1
22569,1
22570,2
22576,1
22589,1
22598,1
22599,1
22614,1
22634,1
22637,1
22647,1
22650,1
22653,1
22659,1
22662,1
22665,1
22672,1
22697,1
22707,1
22710,1
22736,1
22740,1
22762,1
22765,1
22775,1
22778,1
22781,1
22794,1
22796,1
22809,1
22810,1
22851,1
22852,1
22854,1
22857,2
22868,1
22870,1
22874,1
22887,2
22899,1
22905,1
22915,1
22928,1
22934,1
22947,1
22960,2
22976,1
22980,1
22983,1
22992,1
22998,1
22999,2
23005,1
23017,1
23018,1
23050,1
23063,1
23065,1
23069,1
23079,1
23081,1
23088,1
23095,1
23107,2
23120,1
23146,1
23159,1
23184,2
23197,2
23216,1
23223,1
23228,1
23248,1
23254,1
23267,1
23312,1
23319,2
23325,1
23353,1
23367,1
23369,2
23372,1
23376,1
23385,1
23395,1
23398,1
23401,1
23408,1
23411,1
23415,1
23418,1
23427,1
23428,1
23440,1
23453,1
23468,1
23491,1
23492,2
23498,1
23510,1
23520,1
23526,1
23530,2
23542,1
23552,1
23577,1
23581,1
23590,1
23594,1
23607,1
23626,2
23635,1
23658,1
23661,1
23670,2
23671,1
23683,1
23689,1
23690,1
23696,1
23702,1
23703,1
23728,2
23744,1
23747,1
23760,2
23766,1
23798,1
23799,2
23805,1
23818,2
23837,1
23843,1
23844,1
23866,1
23888,1
23901,1
23913,1
23939,1
23948,1
23952,2
23955,1
23958,1
23971,1
23993,1
23994,1
24000,1
24003,1
24013,1
24019,1
24026,1
24029,2
24032,2
24042,1
24048,1
24061,1
24089,1
24093,2
24099,1
24105,2
24106,1
24118,2
24119,1
24128,1
24131,2
24132,1
24156,1
24157,1
24164,1
24170,1
24199,1
24218,1
24227,3
24246,1
24252,1
24253,1
24259,1
24265,1
24266,1
24281,1
24282,1
24284,1
24285,1
24298,1
24301,1
24324,1
24336,1
24343,1
24345,1
24349,1
24355,2
24375,1
24381,2
24387,2
24420,1
24429,1
24439,1
24445,4
24451,1
24471,1
24483,1
24490,1
24493,1
24499,1
24503,1
24509,2
24515,1
24525,1
24531,1
24535,2
24541,1
24563,1
24567,1
24579,1
24589,1
24599,1
24611,2
24618,1
24633,1
24656,1
24672,1
24681,1
24688,1
24697,1
24698,1
24700,1
24707,1
24713,1
24714,1
24742,1
24796,1
24803,3
24807,1
24816,3
24829,2
24838,1
24845,2
24848,2
24861,1
24864,1
24871,1
24873,1
24886,1
24887,2
24893,1
24905,1
24912,1
24915,1
24918,1
24931,1
24944,2
24950,1
24951,1
24963,1
24976,2
24989,2
25002,1
25014,1
25018,1
25024,1
25030,2
25034,1
25046,1
25049,1
25052,1
25053,1
25059,2
25065,1
25066,1
25072,1
25097,1
25098,1
25101,2
25107,1
25133,1
25146,1
25149,1
25155,1
25165,1
25174,1
25175,1
25178,1
25180,1
25181,2
25187,1
25200,1
25209,1
25213,1
25226,1
25252,1
25264,1
25267,1
25271,1
25284,1
25296,3
25302,1
25303,1
25309,1
25335,1
25338,1
25341,1
25353,1
25354,2
25360,1
25366,1
25367,2
25373,1
25376,1
25386,2
25388,1
25392,2
25399,1
25405,1
25418,1
25424,1
25427,1
25430,1
25431,1
25436,1
25437,1
25443,1
25450,2
25476,1
25482,1
25495,1
25498,1
25501,1
25504,1
25520,2
25523,1
25526,1
25532,2
25533,1
25536,1
25539,2
25542,1
25546,1
25549,3
25555,1
25556,1
25568,1
25571,1
25572,1
25584,2
25603,1
25606,1
25610,1
25616,1
25622,1
25623,1
25632,1
25635,1
25641,1
25660,1
25668,1
25683,1
25686,1
25706,1
25722,1
25738,2
25744,1
25747,1
25751,1
25776,2
25779,1
25782,1
25783,2
25789,1
25795,2
25801,1
25802,1
25811,2
25814,1
25815,1
25821,1
25853,3
25885,1
25907,1
25917,1
25923,1
25929,1
25936,1
25942,1
25955,1
25958,1
25961,1
25962,2
25975,1
26019,2
26032,2
26039,1
26042,1
26045,1
26054,1
26064,1
26070,1
26074,1
26080,1
26086,1
26096,2
26108,1
26122,1
26125,1
26128,1
26140,1
26141,1
26144,1
26157,1
26160,1
26163,2
26166,1
26173,1
26179,1
26185,1
26192,2
26198,1
26205,1
26218,1
26224,2
26240,1
26244,1
26260,1
26269,1
26275,1
26285,1
26300,1
26301,1
26308,2
26313,1
26320,1
26324,1
26332,1
26333,1
26339,1
26352,1
26358,1
26359,1
26372,1
26375,1
26377,2
26381,1
26387,1
26390,1
26396,1
26397,1
26409,1
26410,1
26416,1
26423,1
26429,2
26435,4
26436,1
26448,1
26461,1
26464,1
26467,1
26473,1
26474,1
26477,2
26480,2
26486,1
26487,1
26490,1
26493,2
26496,1
26502,1
26506,1
26531,2
26532,1
26544,2
26547,1
26557,2
26560,3
26566,1
26570,1
26579,1
26582,1
26589,1
26596,1
26598,1
26601,1
26602,2
26608,2
26612,1
26624,1
26627,1
26633,3
26640,2
26660,1
26665,1
26678,1
26684,1
26685,1
26691,1
26694,1
26695,1
26707,1
26710,1
26736,2
26755,1
26759,1
26771,2
26772,1
26781,1
26787,1
26797,1
26803,1
26806,1
26807,2
26809,1
26819,1
26820,1
26822,1
26835,1
26858,1
26864,1
26870,1
26871,3
26874,1
26887,1
26896,2
26902,1
26905,1
26912,1
26915,3
26928,1
26941,1
26947,2
26951,1
26960,3
26966,1
26967,1
26969,1
26972,1
26973,2
26976,1
26979,1
26980,2
26999,2
27011,1
27012,1
27017,1
27018,1
27024,3
27028,1
27030,1
27043,2
27050,1
27053,1
27075,1
27082,1
27088,1
27101,1
27107,1
27127,2
27129,1
27132,1
27143,1
27146,1
27159,1
27165,1
27171,1
27177,1
27197,2
27203,1
27204,1
27229,1
27235,1
27241,1
27242,1
27245,2
27258,1
27260,1
27268,1
27277,1
27300,1
27306,1
27318,1
27322,1
27325,1
27341,1
27344,3
27370,2
27373,2
27376,1
27379,1
27382,2
27386,1
27395,1
27396,2
27399,2
27402,1
27414,1
27421,1
27427,1
27436,1
27437,1
27440,2
27446,1
27460,1
27466,1
27472,3
27478,2
27485,2
27488,1
27491,2
27510,1
27520,1
27523,1
27529,1
27533,1
27536,1
27542,1
27549,1
27555,1
27558,1
27565,1
27575,1
27580,1
27587,1
27593,2
27594,2
27600,2
27606,1
27609,2
27619,1
27632,3
27638,3
27651,1
27655,1
27670,1
27673,1
27674,1
27677,1
27683,1
27690,2
27696,1
27699,2
27702,1
27706,1
27709,1
27715,1
27718,1
27725,2
27728,2
27731,1
27744,1
27747,2
27773,1
27779,1
27783,1
27786,2
27792,1
27799,1
27802,1
27805,1
27811,1
27818,1
27820,1
27828,1
27830,2
27869,2
27875,2
27878,1
27892,1
27895,3
27910,1
27913,1
27914,1
27920,1
27926,1
27927,1
27933,1
27939,2
27945,1
27946,1
27952,2
27961,2
27971,1
27981,2
27984,1
27987,1
27993,1
27997,2
28003,1
28006,1
28009,1
28010,1
28019,1
28022,1
28026,1
28029,1
28041,1
28051,1
28061,1
28080,1
28087,1
28089,1
28106,1
28112,1
28128,1
28131,1
28151,1
28157,1
28163,1
28169,2
28170,2
28173,1
28176,1
28179,1
28189,2
28192,1
28195,1
28215,1
28224,2
28231,1
28246,1
28247,1
28256,1
28259,1
28269,3
28272,1
28278,1
28307,1
28310,1
28311,1
28323,1
28336,2
28348,1
28358,1
28374,1
28388,1
28409,1
28416,2
28420,1
28423,1
28445,1
28464,1
28477,1
28480,1
28496,1
28499,1
28509,1
28528,2
28535,1
28541,1
28547,1
28548,2
28553,1
28566,1
28573,2
28585,1
28589,1
28592,2
28601,1
28605,1
28611,1
28618,1
28624,2
28644,1
28668,1
28688,1
28695,1
28701,1
28707,1
28714,1
28733,2
28758,3
28764,1
28800,1
28809,2
28810,1
28816,1
28832,1
28841,1
28848,1
28858,1
28886,1
28893,1
28912,2
28925,1
28931,1
28944,2
28950,1
28953,1
28960,1
28969,1
29014,1
29018,1
29027,1
29053,1
29056,1
29069,1
29072,1
29078,2
29081,1
29085,1
29094,1
29098,2
29113,1
29116,1
29136,1
29142,1
29148,1
29159,1
29174,1
29175,2
29181,1
29187,1
29194,1
29200,1
29207,1
29232,2
29251,1
29258,1
29270,1
29276,2
29286,1
29287,1
29299,2
29303,1
29309,2
29322,2
29335,1
29340,1
29341,2
29347,1
29353,1
29360,1
29364,1
29389,3
29396,1
29405,1
29415,1
29433,2
29437,1
29440,1
29443,1
29450,1
29459,1
29498,1
29501,1
29527,2
29533,1
29542,1
29552,1
29558,1
29571,1
29577,2
29596,1
29600,1
29610,1
29616,1
29625,2
29645,1
29648,1
29651,1
29654,2
29660,1
29667,1
29668,1
29674,1
29677,1
29687,1
29706,1
29712,2
29722,1
29731,1
29735,1
29738,2
29747,1
29750,1
29757,1
29763,2
29776,2
29782,1
29798,1
29802,2
29808,1
29811,1
29814,1
29818,1
29821,1
29830,1
29834,1
29850,1
29853,1
29856,2
29866,1
29869,1
29872,1
29878,1
29879,2
29910,1
29917,2
29930,1
29933,1
29948,1
29949,1
29961,1
29962,1
29964,1
29974,1
29980,1
29981,1
29987,1
30000,1
30003,1
30004,1
30007,4
30009,1
30013,1
30019,1
30025,1
30026,3
30038,2
30042,1
30048,1
30052,1
30054,1
30057,1
30067,1
30073,1
30076,1
30080,1
30083,3
30090,1
30096,1
30125,1
30138,1
30147,3
30148,1
30153,1
30154,2
30166,1
30172,1
30173,2
30176,1
30186,2
30192,2
30214,2
30231,1
30233,1
30247,1
30262,1
30268,1
30269,2
30275,1
30282,1
30291,1
30307,1
30310,1
30326,1
30327,1
30349,1
30359,1
30362,1
30365,1
30410,1
30416,1
30429,1
30435,1
30454,1
30473,2
30474,1
30493,1
30499,1
30509,1
30518,1
30521,1
30538,1
30544,1
30547,1
30550,1
30554,1
30556,1
30557,1
30563,1
30570,1
30576,1
30592,1
30605,1
30608,1
30630,1
30633,1
30646,1
30653,1
30679,2
30685,2
30691,1
30697,1
30745,1
30748,1
30761,2
30765,1
30771,1
30775,1
30781,1
30794,1
30809,1
30816,1
30823,2
30829,1
30832,1
30838,1
30851,1
30857,1
30858,1
30864,2
30870,1
30883,1
30886,1
30889,1
30902,2
30906,1
30908,1
30915,1
30928,2
30938,1
30953,1
30954,1
30976,1
30986,2
30992,2
31018,1
31027,1
31036,1
31047,1
31056,2
31082,1
31088,2
31091,1
31101,1
31107,1
31117,1
31146,1
31149,2
31159,1
31171,1
31175,1
31181,1
31184,1
31188,1
31197,2
31200,2
31209,1
31235,1
31241,3
31242,1
31248,1
31254,1
31255,2
31261,2
31267,2
31268,1
31293,1
31312,2
31316,1
31318,2
31319,1
31338,1
31344,1
31350,1
31357,1
31360,1
31363,1
31369,1
31370,1
31382,1
31399,1
31411,1
31421,1
31440,2
31447,1
31456,1
31459,1
31463,1
31479,2
31491,1
31497,1
31500,1
31510,1
31511,1
31513,1
31523,2
31530,1
31536,1
31561,1
31562,2
31568,1
31581,1
31588,2
31596,1
31600,1
31606,1
31629,1
31632,1
31639,1
31651,2
31657,2
31674,2
31683,1
31689,2
31693,2
31703,1
31709,1
31728,1
31760,1
31766,1
31769,1
31773,1
31779,2
31792,1
31805,1
31808,2
31843,1
31856,1
31859,2
31869,2
31882,1
31891,1
31894,1
31898,1
31901,2
31907,3
31917,1
31920,1
31939,1
31946,1
31952,1
31958,1
31965,3
31971,1
31978,2
31987,1
31997,1
32000,1
32003,2
32009,1
32055,1
32073,1
32074,1
32080,1
32093,1
32099,2
32119,2
32124,1
32131,1
32147,1
32151,1
32156,1
32157,1
32163,1
32170,1
32196,1
32221,1
32224,1
32233,1
32240,1
32246,2
32252,1
32266,2
32269,1
32272,1
32285,1
32291,1
32310,1
32311,2
32323,1
32336,1
32359,1
32362,2
32374,2
32380,1
32384,1
32387,1
32394,1
32397,1
32400,1
32412,1
32420,1
32438,1
32448,1
32460,1
32470,1
32483,1
32499,1
32512,2
32522,1
32531,1
32544,1
32553,1
32566,2
32585,1
32592,2
32595,1
32611,1
32621,1
32636,1
32650,1
32666,2
32676,1
32695,1
32707,2
32710,1
32714,1
32717,1
32726,1
32745,1
32752,1
32761,1
32781,1
32784,2
32790,1
32791,1
32797,1
32803,1
32819,1
32822,1
32829,1
32842,1
32848,1
32858,1
32861,1
32873,1
32883,1
32884,1
32886,1
32893,1
32902,1
32912,1
32931,1
32938,1
32944,2
32953,1
32957,1
32963,1
32983,1
32995,1
33001,1
33002,1
33008,1
33011,1
33014,2
33033,1
33040,1
33059,2
33065,1
33072,1
33084,1
33088,1
33101,1
33113,1
33114,1
33120,1
33129,1
33130,1
33142,1
33143,1
33148,1
33159,2
33181,1
33204,1
33206,1
33207,1
33213,1
33219,1
33232,1
33238,1
33245,3
33264,1
33289,2
33290,3
33302,1
33328,1
33334,1
33335,1
33344,1
33360,1
33373,1
33385,1
33386,1
33392,1
33408,1
33411,1
33424,1
33431,1
33437,1
33443,1
33450,1
33462,1
33481,1
33488,1
33494,1
33504,1
33508,1
33513,1
33520,1
33536,1
33540,1
33549,1
33552,2
33559,1
33571,1
33578,1
33590,1
33603,3
33613,1
33616,1
33642,2
33648,1
33652,2
33654,1
33661,1
33667,1
33670,1
33674,1
33693,1
33719,1
33721,1
33722,1
33731,1
33748,1
33754,1
33757,2
33763,1
33770,1
33776,1
33792,1
33795,1
33796,1
33799,2
33802,1
33827,1
33859,1
33866,3
33869,2
33878,1
33882,1
33885,1
33901,1
33904,1
33926,1
33929,1
33945,1
33949,2
33968,1
33978,1
33981,1
33987,1
34000,3
34019,1
34023,1
34032,1
34045,1
34048,1
34061,1
34064,1
34070,1
34071,1
34077,1
34096,1
34116,1
34118,1
34119,1
34128,1
34131,1
34144,1
34147,1
34154,1
34160,1
34163,1
34173,1
34176,2
34185,1
34186,1
34208,1
34215,1
34234,1
34249,1
34272,1
34278,1
34307,1
34311,1
34313,1
34320,1
34333,1
34339,1
34352,2
34368,1
34381,1
34390,1
34409,1
34416,1
34419,1
34432,1
34442,1
34454,1
34467,1
34473,1
34474,2
34502,1
34509,1
34519,2
34525,1
34531,1
34541,1
34544,1
34550,1
34566,1
34569,2
34570,1
34579,1
34585,1
34596,1
34601,1
34602,1
34605,3
34615,1
34618,1
34627,1
34628,1
34636,1
34644,1
34646,1
34666,1
34691,1
34704,1
34724,1
34736,2
34748,1
34749,2
34755,2
34758,1
34761,1
34765,1
34768,1
34775,1
34780,1
34781,1
34794,2
34797,1
34819,1
34826,1
34836,1
34844,1
34845,1
34848,1
34857,1
34858,1
34864,1
34870,1
34871,1
34873,1
34874,1
34884,1
34890,1
34908,1
34909,1
34921,1
34938,2
34940,1
34963,1
34970,1
34973,1
34980,1
35001,1
35034,1
35036,1
35037,1
35043,1
35046,1
35050,1
35062,1
35075,1
35091,1
35101,1
35108,1
35120,1
35132,1
35139,1
35145,1
35146,1
35152,1
35165,1
35174,1
35184,2
35187,1
35190,1
35193,1
35203,1
35222,1
35245,1
35251,1
35270,1
35280,1
35292,1
35293,2
35299,1
35308,1
35309,1
35325,1
35335,1
35369,1
35370,2
35379,1
35389,1
35395,1
35411,1
35420,1
35421,2
35434,1
35453,1
35459,1
35460,1
35462,1
35478,1
35479,1
35484,1
35495,1
35504,1
35511,1
35514,1
35523,2
35524,1
35533,1
35536,2
35562,1
35568,2
35577,1
35600,1
35604,1
35619,1
35626,1
35645,1
35651,1
35667,1
35670,1
35696,1
35699,1
35702,1
35728,1
35731,1
35741,1
35747,1
35754,1
35760,1
35763,1
35786,1
35792,1
35798,2
35802,2
35818,1
35824,1
35849,3
35863,1
35868,1
35888,1
35894,1
35917,1
35920,1
35927,1
35946,1
35961,1
35962,1
35971,1
35984,1
36009,1
36010,1
36032,1
36042,1
36045,1
36048,2
36057,1
36061,1
36070,1
36080,1
36099,2
36100,2
36105,1
36108,1
36109,1
36119,1
36121,1
36131,1
36137,1
36138,1
36140,1
36144,2
36151,1
36157,1
36170,1
36179,1
36186,1
36208,1
36214,2
36240,1
36243,1
36247,1
36256,1
36259,1
36263,1
36265,1
36272,2
36278,1
36279,1
36310,1
36314,1
36317,1
36320,1
36329,1
36333,1
36342,1
36356,1
36361,1
36368,1
36372,1
36374,1
36375,1
36387,3
36397,1
36406,1
36420,1
36438,1
36439,1
36448,1
36451,1
36458,1
36464,1
36467,1
36477,2
36480,1
36484,1
36486,1
36503,1
36518,1
36528,1
36537,1
36541,2
36547,1
36557,2
36560,1
36563,1
36566,1
36573,1
36580,1
36592,3
36599,1
36611,2
36624,1
36640,1
36656,1
36675,1
36688,2
36701,2
36707,1
36714,2
36720,1
36726,2
36727,1
36739,1
36740,1
36745,1
36749,1
36752,1
36765,1
36778,1
36784,1
36800,1
36803,1
36806,1
36807,1
36813,1
36829,1
36835,1
36845,1
36848,2
36854,2
36868,1
36873,1
36892,1
36893,1
36896,1
36899,2
36909,1
36918,1
36925,1
36953,1
36960,1
36976,1
37005,1
37008,1
37014,1
37020,1
37021,1
37027,1
37040,1
37047,1
37066,2
37072,3
37079,1
37101,1
37111,2
37136,1
37142,2
37149,1
37155,1
37161,1
37168,1
37174,1
37194,2
37196,1
37197,1
37206,1
37212,1
37236,1
37238,1
37239,1
37244,1
37248,1
37270,2
37271,2
37284,1
37309,1
37328,1
37334,2
37338,1
37354,1
37360,2
37366,1
37367,1
37373,2
37383,1
37392,1
37405,2
37417,1
37424,3
37456,1
37462,1
37463,1
37482,1
37494,1
37513,1
37514,1
37536,1
37552,1
37558,1
37575,1
37578,1
37603,1
37607,1
37609,1
37629,1
37654,1
37655,1
37667,1
37670,1
37680,2
37686,1
37693,1
37725,1
37728,1
37731,1
37741,1
37747,1
37757,1
37782,1
37792,1
37808,1
37814,1
37815,1
37817,1
37821,2
37828,1
37833,1
37840,1
37843,1
37860,1
37863,1
37872,1
37891,1
37904,2
37911,1
37924,1
37936,1
37946,1
37949,1
37961,2
37965,1
37968,1
37974,4
37984,1
38000,1
38006,1
38007,1
38010,1
38032,1
38042,2
38057,1
38064,2
38067,1
38070,1
38077,1
38083,2
38084,1
38096,1
38109,1
38128,1
38153,1
38164,1
38182,1
38185,1
38192,3
38218,1
38224,1
38240,1
38256,1
38272,1
38275,2
38288,1
38300,1
38310,1
38314,1
38317,1
38326,1
38333,1
38339,2
38349,1
38352,1
38355,1
38358,2
38365,3
38371,1
38378,1
38384,1
38387,1
38390,1
38397,1
38403,1
38409,1
38419,1
38429,2
38436,1
38439,1
38455,2
38458,1
38461,1
38467,1
38468,1
38471,1
38473,1
38480,1
38492,1
38499,4
38505,1
38531,1
38534,1
38538,1
38563,1
38564,1
38570,1
38576,1
38582,1
38615,2
38633,1
38634,1
38637,1
38640,1
38665,1
38672,1
38684,1
38685,1
38710,1
38717,1
38720,1
38733,1
38739,1
38742,1
38752,1
38759,1
38765,1
38768,1
38775,1
38794,1
38800,1
38813,1
38819,1
38826,2
38838,1
38845,1
38852,1
38880,1
38883,1
38889,1
38890,1
38896,2
38902,1
38922,1
38925,1
38928,2
38940,1
38950,1
38957,1
38973,1
38989,1
39008,1
39017,1
39033,1
39043,2
39056,1
39062,1
39063,1
39079,1
39085,1
39091,1
39094,1
39098,1
39101,1
39108,1
39113,1
39127,1
39136,1
39139,1
39148,1
39159,1
39184,2
39191,1
39197,1
39200,1
39203,1
39216,2
39260,1
39264,1
39267,1
39306,1
39325,1
39338,1
39360,1
39363,1
39364,1
39366,1
39370,3
39376,1
39389,1
39395,1
39401,1
39414,2
39418,1
39427,1
39446,1
39447,1
39459,1
39466,1
39469,1
39472,1
39478,1
39497,1
39501,1
39504,3
39510,2
39530,1
39532,1
39533,1
39549,1
39555,2
39562,1
39568,1
39574,1
39580,1
39591,1
39593,1
39616,1
39632,1
39639,1
39645,1
39651,1
39658,2
39677,1
39683,1
39689,1
39690,2
39700,1
39702,2
39709,1
39721,1
39722,2
39728,1
39731,1
39737,1
39753,1
39754,1
39772,1
39786,1
39789,1
39799,1
39804,1
39817,1
39824,2
39830,1
39846,1
39847,1
39850,2
39856,1
39866,1
39869,1
39875,1
39888,2
39900,1
39901,1
39911,1
39914,1
39923,1
39926,1
39939,1
39945,1
39952,1
39958,1
39981,1
40003,1
40010,1
40041,1
40048,2
40061,1
40067,2
40068,1
40087,1
40096,1
40112,1
40115,1
40137,1
40138,1
40157,1
40163,1
40173,1
40186,2
40189,1
40195,1
40201,1
40214,1
40230,1
40259,1
40266,1
40291,3
40294,1
40308,1
40323,1
40329,1
40349,2
40355,1
40361,1
40362,2
40365,1
40375,1
40400,3
40412,1
40416,1
40420,1
40432,1
40442,1
40451,1
40470,1
40484,1
40503,2
40508,1
40509,1
40515,1
40516,2
40521,1
40534,1
40538,1
40541,2
40548,1
40554,1
40560,1
40579,1
40585,1
40586,2
40599,1
40605,1
40608,2
40615,1
40617,1
40618,2
40630,1
40631,1
40640,1
40647,1
40662,1
40668,1
40676,1
40695,1
40701,2
40720,1
40727,1
40752,1
40758,1
40759,1
40768,3
40771,1
40772,1
40774,2
40777,2
40781,1
40790,1
40794,1
40797,1
40804,1
40809,1
40819,1
40820,1
40835,1
40841,1
40855,2
40858,1
40864,1
40867,4
40868,1
40880,1
40883,1
40887,1
40892,1
40899,1
40919,1
40922,1
40925,1
40937,1
40944,1
40973,1
40983,1
40999,1
41001,1
41008,1
41015,1
41020,1
41027,1
41028,1
41033,2
41046,1
41050,2
41053,1
41063,1
41065,1
41072,2
41079,1
41092,1
41114,1
41123,1
41129,1
41130,1
41142,1
41161,1
41162,1
41165,1
41171,1
41190,1
41216,1
41219,1
41223,1
41244,1
41245,1
41251,2
41260,1
41277,1
41284,1
41299,1
41303,1
41318,1
41328,1
41334,1
41347,1
41353,1
41379,1
41383,1
41392,1
41398,1
41405,1
41408,1
41424,1
41433,1
41434,1
41456,1
41472,2
41475,1
41504,1
41514,1
41526,1
41533,2
41543,1
41552,1
41558,2
41559,1
41568,1
41590,1
41597,1
41604,1
41610,2
41613,1
41616,1
41619,1
41635,1
41642,1
41648,2
41652,1
41655,1
41661,1
41667,3
41668,2
41677,1
41680,1
41693,1
41696,2
41699,2
41712,1
41722,1
41731,1
41735,1
41747,1
41756,1
41770,2
41776,2
41783,1
41789,2
41827,1
41834,1
41840,2
41847,1
41856,1
41860,1
41875,1
41885,1
41888,1
41891,1
41904,2
41917,1
41924,2
41942,1
41949,1
41952,1
41968,1
41975,1
41978,1
41981,4
41988,1
42000,1
42006,1
42009,1
42013,1
42026,1
42044,1
42057,1
42064,1
42080,1
42087,1
42089,1
42093,1
42096,2
42099,1
42102,1
42109,1
42112,1
42128,1
42138,1
42160,1
42185,1
42186,1
42195,1
42196,1
42198,1
42205,1
42231,1
42234,1
42236,1
42237,1
42256,1
42263,1
42265,1
42266,1
42275,1
42320,2
42326,1
42333,1
42336,1
42342,1
42352,1
42368,1
42384,1
42391,1
42400,2
42403,2
42410,1
42420,1
42428,1
42432,1
42445,1
42448,1
42454,2
42458,1
42461,1
42467,1
42468,1
42471,2
42480,2
42489,1
42493,4
42524,1
42531,1
42538,1
42540,1
42541,1
42553,2
42570,1
42583,1
42599,1
42602,1
42608,1
42611,1
42614,1
42621,2
42624,1
42634,1
42656,1
42666,1
42669,1
42672,3
42675,1
42688,1
42695,1
42698,1
42723,1
42726,2
42729,1
42733,1
42748,1
42749,1
42755,1
42761,1
42768,2
42778,1
42812,2
42816,2
42826,1
42851,2
42864,4
42870,1
42877,1
42889,1
42896,2
42921,1
42922,2
42928,2
42931,1
42934,2
42937,3
42941,1
42956,1
42960,1
42966,2
42967,2
42969,1
42973,2
42979,1
42985,1
42989,1
42995,1
43002,1
43005,1
43021,1
43037,1
43040,1
43056,1
43063,1
43075,1
43081,1
43082,1
43085,1
43088,1
43110,1
43117,1
43139,1
43159,1
43162,1
43171,1
43177,1
43181,1
43187,1
43190,1
43196,1
43197,1
43203,1
43206,1
43209,1
43222,1
43235,3
43239,1
43248,2
43280,1
43293,1
43299,3
43312,1
43319,2
43325,1
43332,1
43363,1
43364,1
43376,3
43385,1
43401,1
43414,1
43421,1
43433,1
43434,2
43447,1
43453,2
43459,1
43478,1
43488,1
43491,2
43494,1
43497,2
43500,1
43510,1
43513,1
43523,2
43527,1
43533,1
43549,1
43555,2
43561,1
43562,1
43568,1
43575,1
43600,1
43610,1
43622,1
43626,1
43651,1
43664,1
43670,1
43677,1
43680,2
43690,2
43693,1
43702,2
43703,2
43709,2
43715,2
43721,1
43728,1
43734,1
43741,1
43773,2
43782,1
43785,2
43786,1
43792,3
43795,1
43799,1
43801,1
43811,1
43817,1
43821,2
43837,1
43843,2
43846,1
43849,1
43853,1
43878,1
43881,1
43892,1
43913,1
43920,1
43923,1
43926,1
43933,1
43939,2
43946,1
43952,1
43962,1
43965,1
43971,1
43984,2
43990,1
43994,1
44016,2
44041,1
44048,1
44054,2
44055,1
44096,1
44100,1
44115,1
44135,2
44151,2
44156,1
44157,1
44176,2
44195,1
44202,1
44205,1
44211,1
44215,1
44221,1
44227,1
44228,1
44244,1
44246,1
44247,1
44253,1
44259,1
44260,1
44265,3
44266,1
44275,1
44278,1
44282,1
44285,1
44291,2
44294,1
44297,1
44336,1
44339,2
44348,1
44352,2
44355,2
44368,1
44374,1
44381,1
44394,1
44400,2
44406,1
44407,1
44413,1
44426,1
44432,1
44439,1
44445,2
44451,1
44457,1
44458,1
44460,1
44464,2
44477,1
44484,1
44496,1
44509,3
44528,2
44538,1
44540,2
44541,2
44547,1
44554,1
44570,1
44579,1
44586,2
44598,1
44605,1
44608,1
44614,1
44617,1
44624,3
44640,1
44656,3
44662,1
44682,1
44688,1
44692,1
44695,1
44697,1
44698,1
44707,2
44714,1
44717,2
44720,2
44739,1
44740,1
44743,1
44746,2
44749,1
44752,1
44756,1
44758,1
44772,1
44790,1
44793,1
44796,1
44797,1
44803,1
44809,1
44813,1
44816,2
44825,1
44835,2
44841,1
44854,2
44867,1
44868,2
44871,1
44873,1
44877,1
44880,5
44883,1
44884,2
44899,1
44908,1
44909,1
44912,1
44925,2
44957,2
44960,1
44963,1
44964,1
44969,1
44973,1
44982,2
44989,1
44992,1
45002,1
45005,1
45008,1
45014,1
45027,1
45047,1
45052,1
45078,1
45085,1
45098,2
45107,1
45113,1
45114,1
45117,1
45123,1
45149,2
45152,1
45155,1
45161,1
45162,1
45165,1
45180,1
45187,2
45190,1
45191,1
45194,1
45200,3
45209,1
45219,1
45220,1
45226,1
45235,1
45238,1
45241,1
45254,1
45267,1
45270,2
45283,1
45286,1
45296,1
45321,1
45341,1
45354,1
45360,1
45363,2
45366,1
45373,1
45376,1
45383,1
45415,1
45417,1
45433,1
45440,1
45450,1
45456,1
45459,1
45472,1
45488,1
45495,2
45501,1
45507,2
45527,1
45540,1
45542,1
45546,1
45548,1
45552,1
45559,1
45565,1
45571,1
45581,1
45591,2
45597,1
45616,2
45619,1
45622,1
45623,1
45632,1
45636,1
45641,2
45661,2
45664,1
45671,1
45674,1
45689,1
45709,1
45737,1
45738,1
45760,1
45770,2
45776,1
45785,1
45789,4
45792,1
45795,1
45801,1
45814,2
45815,2
45821,1
45834,1
45852,1
45856,1
45863,1
45879,1
45888,1
45891,1
45892,1
45904,2
45933,1
45942,1
45943,1
45949,2
45952,2
45968,1
45978,1
45994,1
46003,1
46007,1
46019,1
46038,1
46064,2
46067,2
46071,2
46076,1
46080,2
46106,1
46109,1
46122,2
46128,1
46141,1
46144,1
46147,1
46148,1
46166,2
46167,2
46212,1
46214,1
46224,5
46230,1
46237,2
46244,1
46250,1
46263,1
46275,2
46281,1
46288,1
46301,1
46307,1
46313,1
46327,1
46342,1
46346,1
46358,1
46365,1
46371,1
46374,1
46388,1
46390,1
46391,1
46397,1
46400,1
46407,1
46409,1
46422,1
46426,1
46428,1
46448,1
46457,1
46464,1
46474,1
46492,1
46518,1
46525,1
46537,1
46538,1
46554,1
46557,1
46563,1
46566,1
46570,1
46589,2
46595,1
46601,1
46628,2
46634,1
46637,1
46646,1
46650,1
46653,2
46660,1
46672,2
46678,1
46685,1
46707,1
46711,1
46717,1
46729,2
46732,1
46749,1
46752,1
46768,1
46777,1
46788,1
46797,1
46800,3
46807,1
46825,1
46832,1
46845,1
46870,1
46873,1
46890,1
46902,1
46903,1
46915,1
46922,1
46928,2
46941,2
46953,1
46954,1
46960,1
46966,1
46985,1
46998,1
47004,1
47005,1
47014,1
47015,1
47024,1
47031,1
47043,1
47049,1
47056,1
47069,2
47075,1
47088,2
47120,1
47126,1
47140,1
47152,1
47171,1
47172,1
47200,1
47219,1
47232,1
47236,1
47238,1
47241,1
47255,1
47267,1
47268,1
47277,1
47287,1
47299,1
47325,1
47331,1
47344,3
47351,1
47357,1
47373,1
47386,1
47389,1
47395,2
47401,1
47402,1
47408,1
47424,1
47427,2
47434,1
47456,1
47459,1
47469,1
47472,1
47475,1
47479,1
47488,1
47491,1
47497,1
47498,1
47514,1
47517,1
47523,1
47536,1
47542,2
47543,1
47555,1
47562,1
47581,1
47594,1
47604,1
47620,1
47626,1
47632,1
47651,3
47657,1
47658,1
47664,2
47674,1
47683,1
47686,1
47712,1
47718,1
47728,1
47731,1
47738,1
47747,1
47753,1
47773,1
47776,1
47780,1
47785,1
47795,1
47811,1
47818,1
47824,1
47830,1
47837,1
47843,1
47849,2
47920,1
47933,2
47939,1
47946,1
47977,1
47978,1
47984,1
48007,1
48016,1
48028,1
48029,1
48035,1
48041,1
48077,1
48092,1
48093,1
48099,1
48105,2
48115,1
48118,1
48119,1
48125,3
48157,1
48163,1
48169,1
48176,1
48179,1
48199,1
48221,1
48224,1
48237,1
48240,1
48243,1
48250,1
48256,1
48260,1
48272,1
48278,1
48295,1
48298,2
48301,1
48307,1
48323,1
48329,1
48330,1
48333,1
48342,1
48343,1
48352,1
48355,1
48362,1
48368,2
48375,1
48381,2
48394,1
48397,1
48420,1
48428,1
48432,2
48444,1
48458,1
48460,1
48464,1
48470,1
48483,1
48502,1
48503,1
48515,1
48518,1
48531,1
48534,1
48535,1
48538,1
48540,1
48547,1
48550,1
48551,1
48554,1
48573,1
48579,1
48580,1
48582,1
48592,2
48605,1
48618,1
48634,2
48647,1
48649,1
48665,1
48694,2
48695,1
48708,1
48716,1
48730,1
48739,1
48745,1
48752,1
48758,1
48765,1
48771,1
48790,1
48793,1
48807,1
48816,1
48822,2
48839,1
48848,3
48855,1
48887,1
48893,1
48937,1
48940,1
48957,1
48979,1
48982,5
49008,1
49014,1
49020,1
49021,1
49030,1
49034,1
49047,1
49052,1
49053,1
49059,1
49072,3
49078,2
49094,1
49098,1
49104,1
49110,1
49117,1
49120,1
49130,2
49158,2
49161,1
49181,1
49200,1
49226,1
49254,1
49261,1
49264,1
49283,1
49296,1
49302,1
49309,2
49315,1
49318,1
49321,1
49328,1
49334,1
49341,1
49354,2
49366,1
49370,1
49392,1
49399,1
49401,1
49405,1
49433,1
49443,1
49456,1
49488,1
49495,1
49526,1
49536,1
49539,1
49540,1
49545,1
49546,1
49558,1
49561,1
49581,1
49593,1
49597,1
49616,1
49623,1
49642,1
49648,2
49651,1
49661,3
49668,1
49680,1
49699,1
49712,1
49718,2
49722,1
49731,1
49744,1
49747,1
49753,1
49754,1
49757,1
49763,1
49792,1
49808,3
49814,2
49824,2
49837,1
49840,2
49856,1
49859,1
49863,2
49904,1
49923,1
49929,1
49933,1
49936,1
49956,1
49958,1
49968,1
49984,1
49987,1
49991,1
50000,1
50010,1
50016,1
50022,1
50029,1
50032,1
50045,1
50048,1
50051,2
50070,1
50083,1
50096,1
50103,1
50105,1
50108,1
50109,2
50121,1
50122,1
50134,1
50135,1
50140,1
50153,1
50157,1
50160,2
50163,1
50170,1
50185,1
50195,1
50218,1
50221,1
50227,1
50230,1
50243,2
50260,1
50263,1
50266,1
50269,1
50272,1
50279,1
50288,1
50295,1
50314,1
50317,1
50320,2
50324,1
50326,1
50327,1
50336,1
50346,1
50349,1
50355,1
50358,1
50375,1
50390,1
50397,1
50403,1
50409,1
50413,1
50419,1
50425,1
50435,1
50442,1
50448,1
50454,1
50461,1
50470,1
50473,1
50480,1
50483,1
50486,1
50499,2
50500,1
50515,1
50518,1
50544,1
50547,1
50550,1
50551,1
50579,1
50582,1
50595,1
50611,1
50624,1
50633,1
50637,2
50640,1
50647,1
50652,1
50653,1
50672,1
50675,2
50688,1
50700,1
50710,1
50713,1
50720,1
50726,2
50733,1
50739,1
50749,1
50764,1
50775,1
50781,1
50784,1
50803,1
50806,2
50813,1
50826,1
50832,2
50851,2
50854,1
50864,2
50883,1
50889,1
50893,1
50896,4
50902,1
50903,1
50909,2
50919,1
50954,2
50963,1
50973,1
50998,1
51005,1
51014,1
51024,1
51031,1
51037,2
51040,1
51056,2
51082,1
51100,1
51104,1
51107,1
51136,1
51142,1
51145,1
51152,2
51164,1
51171,1
51184,2
51190,1
51197,1
51210,1
51216,3
51219,1
51223,1
51228,1
51235,1
51242,1
51257,1
51261,1
51290,1
51293,1
51296,2
51299,1
51302,1
51318,1
51319,1
51331,1
51335,1
51338,1
51344,1
51350,1
51360,1
51364,1
51376,2
51385,1
51408,1
51414,1
51415,1
51424,1
51427,1
51430,2
51431,1
51433,1
51434,1
51443,1
51450,1
51452,1
51453,1
51479,1
51501,1
51507,1
51511,2
51517,1
51523,1
51530,1
51533,1
51536,2
51543,1
51545,1
51549,1
51556,1
51565,1
51584,1
51606,1
51613,2
51616,1
51625,1
51628,1
51651,4
51690,1
51699,1
51709,1
51728,2
51731,1
51735,1
51757,2
51773,1
51792,2
51811,1
51824,1
51831,1
51834,1
51853,1
51875,1
51904,1
51913,1
51926,1
51933,2
51946,2
51952,1
51968,1
51971,1
51978,1
51990,1
52016,1
52054,2
52061,1
52064,2
52067,1
52080,1
52106,1
52112,1
52144,1
52150,1
52157,1
52163,1
52172,1
52182,1
52189,2
52202,3
52211,1
52237,1
52240,1
52265,1
52266,1
52284,1
52291,1
52297,1
52310,1
52324,1
52330,1
52336,1
52346,1
52381,1
52384,1
52387,1
52390,1
52393,1
52407,1
52432,1
52439,1
52442,1
52445,1
52451,1
52458,2
52464,1
52483,1
52490,1
52493,1
52496,1
52506,1
52519,1
52522,1
52525,2
52532,1
52534,1
52547,2
52554,1
52557,1
52560,1
52586,1
52592,2
52599,1
52624,2
52630,1
52643,1
52650,1
52656,1
52685,1
52691,1
52708,1
52720,1
52723,1
52726,1
52732,1
52736,1
52739,1
52752,1
52758,2
52764,1
52765,1
52771,1
52778,1
52784,1
52791,1
52800,1
52810,1
52816,2
52829,2
52832,1
52835,1
52851,1
52854,1
52861,1
52870,1
52873,1
52880,3
52886,1
52906,1
52912,1
52918,1
52924,1
52944,1
52950,1
52956,1
52963,1
52964,1
52973,1
52986,1
52989,1
53005,1
53011,1
53031,1
53034,1
53047,1
53053,1
53059,1
53062,1
53068,1
53072,1
53078,1
53079,1
53082,1
53088,1
53098,2
53101,1
53110,1
53116,1
53120,1
53126,3
53130,1
53142,1
53143,1
53155,1
53187,1
53190,1
53191,1
53200,1
53203,1
53216,1
53232,1
53238,1
53251,2
53257,1
53261,1
53267,2
53271,1
53273,1
53283,1
53284,1
53299,1
53305,1
53309,2
53318,1
53328,2
53341,1
53353,2
53357,1
53370,1
53373,1
53379,1
53402,1
53408,1
53417,1
53427,1
53428,1
53437,1
53443,1
53462,1
53469,1
53495,1
53498,1
53501,1
53510,1
53514,1
53517,1
53520,3
53536,1
53543,1
53548,1
53587,1
53597,1
53603,1
53616,2
53623,1
53632,1
53652,1
53654,1
53658,1
53661,1
53664,1
53680,2
53686,1
53687,1
53690,1
53696,1
53700,1
53702,1
53706,1
53718,1
53728,2
53738,1
53744,3
53757,2
53760,1
53766,3
53795,2
53808,1
53820,1
53843,1
53860,2
53862,1
53875,1
53879,1
53882,1
53891,1
53904,2
53923,1
53924,1
53943,1
53945,1
53959,1
53962,2
53971,1
53974,1
53975,1
54000,1
54023,1
54039,1
54087,1
54090,1
54109,2
54118,1
54121,1
54122,1
54128,1
54135,1
54141,1
54144,2
54148,1
54150,1
54169,1
54170,1
54173,2
54176,1
54218,1
54224,2
54227,1
54237,1
54253,1
54256,1
54262,1
54263,1
54265,1
54278,1
54282,1
54285,1
54288,1
54295,1
54298,1
54301,1
54307,1
54308,1
54313,1
54326,2
54330,1
54352,2
54368,1
54371,1
54374,1
54381,1
54397,1
54410,1
54435,1
54438,1
54448,2
54461,2
54464,1
54467,1
54474,3
54480,1
54487,2
54493,1
54506,1
54512,2
54518,1
54521,1
54522,1
54525,1
54531,1
54537,1
54538,2
54544,2
54564,1
54569,1
54576,1
54580,1
54582,1
54588,1
54598,2
54601,1
54602,1
54605,1
54615,1
54621,2
54630,1
54634,1
54637,1
54640,1
54646,1
54656,1
54660,1
54662,1
54663,1
54669,1
54672,1
54681,1
54685,1
54704,1
54707,1
54717,1
54726,1
54729,3
54736,1
54739,1
54743,1
54749,1
54765,1
54768,1
54771,1
54774,1
54775,1
54780,1
54781,2
54784,1
54791,1
54794,1
54807,1
54813,3
54816,1
54825,1
54870,1
54877,1
54896,1
54905,1
54918,1
54921,1
54922,1
54928,1
54941,1
54953,1
54957,1
54967,1
54979,1
54986,1
55011,1
55024,1
55030,1
55037,1
55044,1
55049,1
55069,1
55085,1
55088,1
55095,1
55126,2
55130,1
55133,1
55145,2
55149,1
55171,1
55172,1
55174,1
55190,1
55191,1
55197,1
55222,1
55225,1
55232,1
55248,1
55254,1
55257,1
55267,1
55287,1
55309,1
55315,1
55318,1
55331,1
55338,1
55350,1
55351,1
55383,1
55389,1
55392,2
55395,1
55402,1
55408,1
55417,1
55421,2
55433,1
55466,1
55485,1
55507,1
55520,1
55523,2
55530,1
55533,1
55536,1
55543,1
55549,1
55555,2
55571,1
55574,1
55578,1
55596,1
55613,1
55622,1
55632,2
55636,1
55639,1
55658,2
55664,2
55670,1
55674,1
55686,2
55690,2
55696,1
55702,1
55715,1
55721,1
55728,1
55734,2
55753,2
55754,1
55766,1
55805,1
55811,2
55818,1
55824,5
55862,1
55866,1
55869,1
55875,1
55881,2
55882,1
55898,1
55907,2
55913,1
55920,1
55926,1
55933,1
55955,1
55971,1
55984,1
55997,1
56013,1
56016,1
56022,2
56035,1
56045,1
56054,1
56057,1
56074,1
56080,1
56087,1
56089,1
56096,1
56099,1
56103,1
56112,1
56137,1
56138,1
56141,1
56144,1
56154,1
56163,1
56169,1
56170,1
56189,1
56195,1
56208,2
56214,2
56224,1
56227,2
56234,1
56237,1
56240,1
56246,1
56247,2
56256,1
56263,1
56276,1
56281,1
56282,1
56291,2
56294,1
56320,1
56323,1
56326,1
56330,1
56342,1
56349,2
56396,1
56397,1
56400,1
56416,1
56419,1
56432,1
56439,1
56451,1
56470,1
56496,1
56509,1
56522,2
56528,1
56534,1
56535,1
56548,1
56550,1
56566,1
56585,1
56588,1
56599,1
56604,2
56605,2
56618,2
56624,1
56650,1
56662,1
56685,1
56695,1
56701,1
56707,1
56714,1
56720,1
56726,1
56764,1
56781,1
56791,1
56797,1
56813,2
56822,1
56828,1
56829,1
56832,1
56848,1
56861,2
56886,1
56893,1
56906,1
56915,1
56944,1
56950,1
56957,1
56963,1
56970,1
56979,1
56980,1
56983,1
56988,1
56995,1
57015,1
57027,1
57044,1
57065,1
57072,1
57078,2
57094,1
57098,1
57104,1
57114,1
57117,1
57149,1
57168,2
57174,1
57178,1
57184,1
57193,1
57194,1
57200,1
57209,1
57213,1
57219,1
57232,1
57242,1
57251,1
57252,1
57273,1
57280,1
57284,2
57290,1
57292,1
57303,1
57305,2
57309,2
57315,2
57340,1
57341,2
57354,1
57392,1
57405,1
57417,1
57420,1
57421,1
57424,1
57453,1
57468,2
57469,1
57475,1
57482,2
57513,1
57526,2
57533,3
57539,1
57546,1
57549,1
57558,2
57581,1
57584,1
57594,1
57596,1
57609,1
57616,1
57622,1
57628,1
57655,1
57661,1
57671,1
57673,1
57680,2
57696,1
57702,1
57706,2
57712,1
57725,1
57728,1
57731,2
57734,1
57757,1
57763,1
57776,1
57782,1
57789,1
57792,1
57802,1
57808,1
57815,1
57821,2
57824,2
57828,1
57859,1
57872,2
57878,1
57879,1
57904,2
57923,1
57930,1
57943,1
57946,1
57955,1
57961,1
57965,1
57968,1
58006,1
58007,1
58025,1
58055,1
58064,1
58076,1
58077,2
58080,1
58089,1
58093,1
58103,1
58106,1
58128,2
58148,1
58154,2
58172,2
58183,1
58195,1
58199,2
58218,1
58224,2
58231,1
58243,1
58250,1
58259,1
58269,1
58275,1
58278,1
58282,1
58294,1
58295,1
58298,1
58301,1
58307,1
58313,1
58320,1
58339,1
58340,1
58345,1
58346,1
58352,1
58358,1
58364,1
58371,2
58384,1
58387,1
58404,1
58422,1
58435,1
58448,3
58454,1
58455,2
58467,1
58487,1
58493,1
58512,1
58525,1
58528,1
58531,2
58537,1
58540,1
58541,1
58550,1
58551,1
58570,1
58573,2
58592,1
58595,1
58608,1
58615,1
58621,1
58627,1
58634,1
58640,2
58646,1
58647,1
58665,2
58672,1
58676,1
58678,1
58710,1
58711,1
58717,1
58720,1
58723,1
58730,1
58736,2
58742,1
58749,1
58752,1
58787,1
58797,1
58804,1
58806,1
58823,1
58832,2
58844,1
58851,1
58861,1
58870,1
58871,1
58877,1
58883,1
58887,1
58890,1
58899,1
58900,1
58909,1
58931,1
58935,1
58941,1
58951,1
58954,1
58976,1
58979,1
58985,1
58986,1
58992,2
59008,1
59027,1
59050,1
59062,1
59069,1
59075,2
59076,1
59082,1
59088,1
59091,1
59094,1
59107,1
59114,1
59133,1
59148,1
59155,1
59168,1
59184,1
59193,1
59196,1
59210,2
59216,1
59242,1
59245,1
59264,1
59270,1
59271,1
59273,1
59283,1
59306,1
59318,1
59325,1
59341,1
59344,1
59347,1
59357,1
59363,2
59367,1
59376,2
59382,1
59388,1
59405,2
59418,1
59421,1
59433,1
59434,1
59437,1
59459,3
59478,1
59491,2
59510,1
59511,2
59516,1
59523,1
59536,1
59562,1
59581,2
59587,1
59597,1
59613,1
59619,1
59626,2
59635,1
59648,2
59657,1
59658,1
59664,1
59680,1
59686,1
59689,1
59693,1
59702,1
59715,1
59724,1
59744,2
59747,2
59753,2
59773,1
59779,1
59799,1
59805,2
59811,1
59814,1
59818,3
59830,1
59831,1
59834,1
59837,1
59840,1
59900,1
59904,1
59917,1
59933,1
59958,1
59965,1
59984,2
59987,1
59996,1
60022,1
60061,1
60080,1
60083,1
60106,1
60112,1
60125,1
60131,3
60163,2
60164,1
60176,1
60183,1
60202,1
60208,2
60214,1
60215,1
60221,1
60230,1
60246,1
60281,1
60285,1
60343,1
60371,2
60375,1
60378,2
60390,1
60394,1
60413,2
60426,1
60432,2
60438,1
60441,2
60444,1
60445,1
60451,1
60452,1
60496,2
60538,1
60540,1
60541,1
60557,2
60583,1
60586,2
60601,1
60605,2
60611,1
60624,1
60637,1
60647,1
60649,1
60666,1
60669,1
60672,1
60681,1
60707,1
60713,1
60714,1
60720,1
60736,1
60746,1
60749,1
60768,1
60771,1
60772,1
60777,1
60784,1
60797,1
60800,1
60809,2
60810,1
60829,2
60835,2
60838,2
60842,1
60860,1
60867,2
60880,2
60893,1
60931,1
60951,1
60957,1
60963,1
60966,1
60970,2
60979,1
60982,1
61008,1
61012,1
61021,1
61030,1
61040,3
61049,1
61053,1
61059,1
61063,1
61066,2
61072,2
61088,1
61092,2
61094,2
61098,1
61101,1
61107,1
61110,2
61136,1
61143,1
61158,1
61181,1
61184,1
61194,2
61222,1
61251,1
61257,1
61258,1
61261,1
61264,1
61270,1
61284,1
61287,2
61290,1
61296,1
61308,1
61309,1
61322,1
61325,1
61328,1
61337,1
61344,1
61347,1
61348,1
61353,1
61354,1
61369,1
61379,1
61385,1
61386,1
61398,2
61399,2
61408,2
61418,1
61430,1
61443,1
61450,1
61466,1
61469,1
61475,1
61482,1
61485,1
61488,1
61501,1
61507,1
61520,1
61523,1
61526,1
61527,1
61543,1
61559,1
61574,1
61577,1
61610,1
61616,1
61623,1
61642,1
61661,2
61667,1
61671,1
61686,2
61693,1
61696,1
61706,1
61709,1
61712,1
61725,1
61732,2
61737,1
61744,1
61750,1
61754,1
61770,1
61786,1
61789,1
61795,2
61808,1
61815,1
61818,1
61821,1
61837,1
61852,1
61875,1
61878,1
61879,1
61881,1
61884,1
61885,2
61895,1
61907,1
61910,1
61916,2
61917,2
61923,1
61936,1
61942,1
61962,1
61971,1
61987,1
62000,1
62003,1
62006,1
62016,1
62025,1
62026,1
62038,1
62045,1
62067,1
62071,2
62077,1
62093,1
62102,1
62118,1
62141,1
62150,1
62151,1
62153,1
62157,1
62166,3
62186,1
62202,1
62205,2
62211,1
62217,2
62231,1
62237,1
62244,1
62263,1
62294,3
62301,1
62304,1
62314,1
62326,1
62333,1
62336,1
62358,1
62384,1
62391,1
62396,2
62403,1
62416,1
62422,1
62423,1
62432,1
62461,1
62464,1
62468,1
62499,1
62525,2
62579,1
62583,1
62595,1
62608,1
62612,1
62634,2
62640,2
62649,1
62650,1
62653,1
62679,1
62685,1
62691,2
62692,1
62694,1
62711,1
62717,1
62723,1
62736,1
62742,1
62746,1
62748,1
62755,2
62761,1
62768,1
62781,2
62787,1
62800,3
62806,1
62809,1
62816,1
62832,3
62835,2
62838,1
62844,1
62845,1
62880,1
62886,1
62896,4
62909,1
62912,1
62922,2
62928,2
62931,1
62934,1
62941,1
62944,1
62963,1
62973,1
63005,1
63018,1
63031,1
63036,1
63037,2
63040,1
63043,2
63050,2
63053,1
63056,1
63059,1
63069,1
63075,1
63081,1
63082,1
63085,1
63107,1
63120,1
63127,1
63133,1
63136,1
63139,1
63146,1
63158,1
63162,1
63165,1
63174,1
63177,1
63184,1
63190,1
63191,1
63203,1
63209,1
63210,1
63216,1
63222,1
63223,1
63235,1
63238,1
63241,1
63248,1
63277,1
63280,1
63289,1
63299,1
63302,1
63308,1
63315,1
63325,1
63331,2
63344,1
63347,1
63373,1
63401,1
63412,1
63414,1
63421,1
63427,1
63428,1
63433,1
63434,1
63446,2
63447,2
63481,1
63491,1
63498,1
63501,1
63510,1
63513,1
63516,1
63530,2
63536,1
63546,1
63552,1
63555,1
63562,1
63574,2
63587,2
63600,1
63613,1
63619,1
63632,2
63644,1
63657,1
63664,1
63671,1
63676,1
63702,2
63706,1
63718,1
63721,2
63728,2
63734,2
63735,1
63741,2
63754,1
63760,1
63773,3
63779,1
63780,1
63785,1
63850,1
63859,1
63875,1
63881,1
63891,1
63894,1
63895,2
63911,2
63926,1
63932,1
63933,1
63936,1
63939,2
63945,1
63952,1
63958,1
63961,1
63965,2
63978,1
63981,1
63984,2
63990,1
63997,1
64016,1
64032,1
64045,1
64048,2
64064,1
64073,1
64080,2
64086,1
64099,1
64118,1
64125,1
64132,1
64144,2
64150,1
64151,1
64176,1
64179,1
64208,2
64215,1
64221,1
64240,1
64243,1
64256,1
64260,1
64272,1
64278,1
64298,2
64304,1
64311,2
64314,1
64316,1
64317,1
64326,1
64330,1
64356,1
64362,1
64390,1
64397,1
64409,1
64419,2
64425,1
64429,1
64432,1
64438,1
64448,1
64455,1
64464,2
64471,1
64483,1
64489,3
64509,1
64528,1
64531,1
64534,1
64544,2
64560,2
64566,1
64573,1
64579,1
64592,1
64605,1
64611,2
64624,1
64636,1
64649,1
64653,1
64675,2
64679,1
64682,2
64695,1
64701,1
64704,1
64708,1
64711,1
64720,1
64726,1
64729,1
64733,1
64736,1
64742,1
64746,1
64759,1
64761,1
64768,1
64774,1
64784,1
64809,2
64823,1
64829,1
64842,1
64848,1
64861,1
64873,1
64874,1
64877,1
64886,1
64893,1
64896,1
64906,1
64918,1
64941,1
64947,1
64950,2
64960,1
64963,2
64970,4
64976,1
64995,1
65008,1
65021,2
65027,1
65040,1
65046,1
65049,1
65056,1
65066,1
65069,1
65079,1
65084,1
65085,1
65091,1
65092,1
65098,1
65104,3
65143,1
65162,2
65164,1
65174,1
65184,1
65193,1
65200,1
65204,1
65207,2
65209,1
65212,1
65216,1
65223,1
65239,1
65244,1
65264,1
65274,1
65277,1
65289,2
65293,1
65296,2
65303,1
65315,1
65331,1
65335,1
65340,1
65348,1
65354,1
65373,1
65379,1
65389,1
65392,2
65395,1
65402,1
65405,2
65411,1
65412,1
65418,1
65424,1
65450,1
65456,1
65463,1
65475,1
65481,1
65488,2
65495,1
65501,1
65510,1
65511,1
65523,1
65536,1
65543,1
65546,1
65558,1
65565,1
65571,1
65572,1
65574,1
65577,1
65581,1
65584,1
65596,1
65616,1
65622,1
65642,2
65645,1
65648,1
65654,2
65667,1
65670,1
65674,1
65680,1
65686,1
65689,1
65702,1
65706,1
65718,2
65731,2
65744,2
65747,1
65764,1
65789,2
65792,1
65795,1
65796,1
65798,1
65811,1
65815,2
65824,1
65846,1
65850,1
65859,1
65865,1
65872,1
65879,1
65891,1
65904,1
65907,1
65913,1
65914,1
65923,1
65929,3
65930,2
65961,1
65962,1
65968,4
65987,2
65988,1
65997,1
66000,1
66003,1
66006,1
66009,1
66012,1
66013,1
66038,1
66045,1
66064,1
66071,1
66080,1
66115,1
66118,1
66121,1
66141,1
66147,1
66154,1
66163,2
66192,1
66198,2
66199,2
66204,1
66211,2
66212,2
66215,1
66218,1
66230,1
66233,1
66237,1
66243,2
66244,1
66253,2
66262,1
66266,1
66272,1
66275,1
66278,1
66282,2
66292,1
66294,1
66301,1
66320,1
66327,1
66329,1
66333,2
66336,2
66340,1
66364,1
66378,2
66384,1
66394,1
66396,1
66397,2
66416,2
66422,1
66425,1
66429,1
66432,1
66468,1
66474,1
66489,1
66518,1
66525,2
66531,1
66534,1
66538,1
66544,1
66553,1
66563,1
66570,2
66580,1
66586,2
66588,1
66589,1
66618,3
66627,2
66633,1
66643,2
66649,1
66659,2
66666,1
66675,1
66679,1
66688,1
66691,1
66694,1
66697,1
66704,1
66710,1
66717,1
66723,1
66730,1
66736,1
66752,1
66755,2
66793,1
66800,1
66806,1
66807,1
66809,1
66816,1
66836,1
66844,1
66852,1
66864,2
66877,2
66880,1
66883,2
66887,1
66889,1
66903,1
66908,1
66909,2
66915,1
66922,2
66941,1
66967,1
66970,1
66979,1
66985,2
66989,1
66992,1
67002,2
67005,2
67008,1
67011,1
67024,1
67030,1
67034,1
67037,1
67046,1
67050,1
67056,1
67060,1
67066,1
67069,4
67072,1
67088,1
67095,1
67114,1
67117,2
67158,2
67162,2
67164,1
67165,1
67177,1
67184,1
67209,1
67223,1
67238,1
67254,1
67255,1
67258,1
67261,1
67268,1
67280,2
67283,1
67284,1
67286,1
67293,1
67309,1
67321,1
67324,1
67328,1
67332,1
67350,1
67357,1
67373,2
67376,1
67396,1
67408,1
67418,1
67421,1
67430,1
67433,1
67443,1
67446,1
67465,1
67466,1
67478,1
67482,1
67485,2
67491,1
67494,1
67498,1
67511,2
67526,1
67530,1
67539,1
67542,1
67561,1
67568,1
67574,1
67587,1
67594,1
67606,1
67613,2
67626,1
67629,1
67635,1
67644,1
67651,2
67654,1
67657,2
67674,1
67684,1
67696,1
67709,1
67715,1
67734,1
67741,4
67754,1
67760,1
67780,1
67782,1
67788,1
67789,1
67795,2
67796,2
67805,1
67824,1
67840,1
67843,2
67850,1
67853,1
67856,2
67859,1
67862,2
67863,2
67876,1
67885,1
67888,1
67894,1
67898,1
67901,1
67908,1
67910,1
67952,2
67959,1
67965,1
67981,1
67984,1
67991,1
67997,1
68006,1
68022,1
68042,1
68074,1
68080,1
68092,1
68099,1
68118,1
68119,1
68125,1
68132,1
68144,1
68150,1
68176,1
68182,1
68189,2
68205,2
68215,1
68231,1
68247,1
68250,1
68265,1
68278,1
68284,1
68294,1
68297,1
68298,1
68313,1
68333,1
68343,1
68349,1
68368,1
68378,1
68381,1
68413,1
68452,1
68464,1
68467,2
68470,1
68473,1
68477,1
68483,1
68484,1
68489,1
68502,1
68505,1
68515,1
68518,1
68528,1
68544,1
68560,1
68566,1
68611,2
68624,1
68636,2
68643,2
68646,1
68650,1
68656,2
68672,1
68682,1
68685,1
68694,1
68701,1
68714,1
68720,3
68745,1
68765,1
68771,1
68777,1
68778,1
68806,1
68829,1
68841,1
68848,1
68864,1
68870,1
68899,1
68918,1
68940,1
68941,1
68966,1
68976,1
68988,1
69005,1
69008,2
69011,2
69014,2
69021,1
69027,1
69033,2
69040,1
69047,1
69053,1
69063,1
69069,1
69075,1
69078,1
69085,1
69104,1
69111,1
69113,1
69117,1
69123,2
69136,1
69142,1
69149,1
69155,1
69162,1
69168,2
69174,1
69180,1
69181,2
69193,1
69200,1
69203,2
69209,1
69219,1
69232,1
69235,1
69248,1
69277,1
69296,1
69315,1
69321,1
69363,1
69392,1
69399,2
69405,1
69408,1
69411,1
69449,1
69450,1
69462,1
69465,1
69500,1
69507,1
69508,1
69514,1
69520,2
69530,1
69546,1
69548,1
69549,1
69562,1
69571,1
69587,1
69593,1
69597,2
69600,1
69609,1
69625,1
69628,1
69629,1
69635,2
69641,2
69654,2
69661,2
69671,1
69674,1
69677,1
69680,1
69683,1
69693,1
69712,1
69715,1
69731,2
69744,2
69757,1
69763,1
69767,1
69769,1
69770,1
69773,1
69789,3
69801,1
69814,1
69815,1
69821,3
69840,1
69866,2
69872,1
69878,1
69882,1
69888,1
69911,1
69920,1
69936,1
69943,1
70000,2
70019,1
70022,1
70039,1
70057,1
70058,1
70064,1
70074,1
70077,1
70080,1
70121,1
70125,1
70128,2
70131,1
70160,3
70163,1
70166,1
70182,1
70195,2
70208,1
70217,1
70240,1
70243,1
70247,1
70256,2
70263,1
70275,1
70276,1
70282,1
70288,2
70291,2
70298,1
70301,3
70307,1
70313,1
70317,1
70320,1
70327,1
70333,1
70336,1
70346,2
70349,1
70352,2
70359,1
70368,1
70378,1
70391,2
70426,1
70428,1
70442,1
70444,1
70454,1
70460,1
70467,2
70468,1
70474,1
70483,1
70487,2
70499,1
70503,2
70506,1
70512,3
70518,1
70525,1
70544,1
70550,1
70551,1
70557,1
70570,2
70573,1
70595,1
70598,1
70601,1
70602,2
70605,1
70608,1
70612,1
70617,1
70618,1
70640,1
70643,1
70646,1
70647,1
70652,1
70659,3
70660,1
70672,1
70678,2
70679,1
70685,1
70691,2
70697,1
70723,2
70729,2
70740,1
70746,1
70749,1
70752,1
70755,1
70758,1
70762,1
70774,2
70777,1
70781,1
70787,3
70791,1
70793,1
70806,1
70807,1
70819,3
70822,1
70825,1
70829,1
70832,2
70838,2
70842,1
70845,1
70861,1
70871,1
70877,1
70889,1
70896,1
70915,1
70916,1
70928,2
70932,1
70934,1
70935,1
70953,1
70954,1
70957,1
70963,1
70966,1
70969,1
70980,1
71005,2
71011,1
71018,1
71031,1
71037,2
71040,1
71043,2
71050,1
71053,2
71056,1
71069,1
71072,1
71081,1
71088,1
71092,1
71094,1
71113,1
71120,1
71126,1
71136,1
71146,1
71152,1
71165,1
71168,1
71187,1
71190,1
71191,1
71197,2
71203,2
71206,2
71210,1
71216,1
71229,1
71232,1
71235,1
71236,1
71238,2
71241,1
71245,1
71248,1
71254,1
71255,1
71268,1
71296,2
71299,2
71306,1
71315,2
71357,1
71360,1
71363,1
71366,2
71367,1
71373,1
71376,1
71386,2
71398,1
71401,2
71405,1
71408,2
71411,1
71421,2
71433,1
71440,2
71443,3
71444,1
71446,1
71447,1
71452,1
71453,1
71456,1
71465,1
71466,1
71472,1
71482,1
71491,2
71494,2
71498,2
71501,1
71510,1
71523,1
71529,2
71536,1
71542,1
71546,1
71549,3
71556,1
71565,1
71568,1
71574,1
71581,1
71593,1
71600,2
71607,1
71609,1
71616,1
71619,1
71620,1
71623,1
71639,1
71641,1
71645,2
71651,1
71671,1
71677,1
71684,1
71689,1
71690,1
71696,1
71702,2
71709,2
71715,1
71716,1
71722,1
71728,3
71734,1
71738,1
71747,2
71753,1
71764,1
71769,1
71772,1
71773,1
71776,1
71786,1
71801,1
71802,1
71808,1
71811,1
71818,1
71824,1
71830,1
71833,1
71837,1
71868,1
71869,1
71875,1
71881,1
71882,1
71888,1
71900,1
71911,2
71926,2
71936,2
71939,1
71945,2
71946,1
71952,1
71961,1
71965,2
71977,1
71991,1
71994,1
71996,1
71997,1
72000,1
72003,2
72006,1
72010,1
72013,1
72022,1
72035,1
72036,1
72054,2
72058,1
72064,1
72067,2
72071,1
72074,1
72080,1
72090,1
72099,1
72112,1
72115,1
72118,1
72121,1
72125,1
72138,1
72147,1
72151,1
72157,2
72160,1
72169,1
72170,1
72176,3
72182,1
72221,1
72224,2
72227,1
72243,1
72282,1
72294,1
72304,1
72307,1
72314,1
72317,1
72327,1
72336,1
72349,2
72368,1
72371,1
72375,1
72381,1
72387,1
72388,1
72397,1
72426,2
72441,1
72442,1
72445,2
72451,1
72473,1
72474,1
72496,1
72515,1
72516,1
72521,1
72525,1
72528,1
72534,1
72560,1
72611,2
72614,1
72618,1
72637,2
72662,1
72663,1
72668,1
72694,1
72714,1
72720,2
72797,1
72848,2
72880,1
72935,1
72950,1
72982,1
73040,1
73066,2
73149,1
73226,1
73334,1
73335,1
73347,1
73367,1
73392,1
73395,1
73408,1
73437,1
73500,1
73526,1
73660,1
73683,1
73731,1
73853,1
73865,1
73904,1
74051,1
74054,1
74064,1
74154,1
74166,1
74307,1
74320,1
74358,1
74445,1
74537,1
74604,1
74627,1
74749,1
74892,1
74948,1
74951,1
74956,1
75005,1
75062,2
75165,1
75485,1
75587,1
75741,1
75827,1
75920,1
76054,1
76061,1
76105,1
76106,1
76208,1
76419,1
76608,1
76637,1
76643,1
76672,1
76701,1
76796,1
76855,1
76867,1
76873,1
76918,1
77552,1
77751,1
78083,1
78295,1
78304,1
78416,1
78813,1
78889,1
78947,1
79011,1
79255,1
79389,1
79578,1
79584,1
79609,1
79657,1
79868,1
79882,1
80036,1
80100,1
80275,1
80301,1
80304,1
80348,1
80480,1
80521,1
80608,1
80855,1
81104,1
81213,1
81338,1
81540,1
82932,1
83123,1
84278,1
84413,1
84585,1
85882,1
86250,1
86627,1
87258,1
87520,1
88457,1
88560,1
94118,1
95018,1
95062,1
97616,1
100163,1
102621,1
103328,1
108311,1
111434,1
117226,1
120080,1
123062,1
125018,1
125706,1
125910,1
516627,1
1136375,1
