# Samples: 23126, Average: 60698.3 ns, StdDev: 29399.1 ns, Quartiles: 54301.0/58188.0/63107.0 ns
5949,1
5962,1
5981,1
6010,1
6016,1
6044,1
6058,1
6073,1
6093,1
6260,1
6521,1
6995,1
7021,1
7104,1
7190,1
10131,1
10835,1
11188,1
38752,1
40035,1
41261,1
41334,1
41389,1
41510,1
41680,2
41741,1
41796,1
41933,1
42211,1
42268,1
42317,1
42502,1
42588,1
42803,1
42873,1
42909,1
43152,1
43238,1
43270,1
43495,1
43556,1
43719,1
43843,1
43901,1
43942,1
44013,1
44138,1
44183,1
44515,1
44540,1
44544,1
44636,1
44643,1
44666,1
44704,1
44733,1
44787,1
44861,1
44931,1
44989,1
45011,1
45040,1
45120,1
45130,1
45152,1
45175,1
45280,1
45286,1
45296,1
45373,1
45395,1
45402,1
45443,1
45444,1
45469,1
45504,1
45507,1
45610,1
45721,1
45786,1
45802,1
45837,1
45875,1
45881,1
45884,1
45900,1
45904,1
46013,1
46092,1
46151,1
46212,1
46253,1
46281,1
46288,1
46304,2
46377,1
46403,1
46423,1
46441,1
46448,1
46474,1
46503,1
46518,1
46583,1
46592,1
46601,1
46624,1
46627,1
46631,1
46636,1
46678,1
46688,1
46695,1
46717,1
46729,1
46749,1
46771,1
46775,1
46777,1
46800,1
46842,1
46848,1
46857,1
46861,1
46864,1
46893,1
46922,1
46992,1
47008,1
47107,1
47126,1
47142,1
47155,2
47162,1
47184,1
47216,1
47255,1
47315,1
47325,1
47331,1
47334,1
47367,1
47396,1
47411,1
47501,1
47524,1
47530,1
47546,1
47561,1
47594,1
47629,1
47661,2
47676,1
47705,1
47706,1
47712,1
47715,1
47728,1
47734,1
47738,1
47760,1
47798,1
47827,1
47830,1
47846,1
47888,1
47891,1
47897,1
47907,2
47910,2
47936,2
47955,1
47959,1
47968,1
47981,1
47996,1
47997,1
48019,2
48032,1
48038,1
48051,1
48055,1
48076,1
48096,1
48099,1
48103,1
48109,1
48119,1
48135,1
48137,1
48141,1
48147,1
48153,1
48157,1
48163,2
48167,1
48173,1
48176,1
48185,1
48195,1
48205,4
48208,1
48211,1
48250,1
48262,1
48279,1
48295,1
48301,1
48320,1
48326,1
48352,1
48359,1
48362,1
48365,2
48371,1
48372,1
48391,1
48394,1
48400,1
48403,1
48413,1
48416,1
48426,2
48442,1
48448,1
48461,1
48464,2
48471,1
48477,1
48490,1
48493,1
48499,1
48509,1
48512,1
48521,2
48528,1
48531,2
48538,1
48550,1
48563,1
48576,2
48582,1
48592,1
48602,1
48608,1
48611,1
48628,1
48633,1
48646,1
48653,1
48659,1
48672,1
48678,1
48679,1
48685,2
48688,1
48707,2
48711,1
48717,1
48723,1
48724,1
48726,1
48727,1
48730,1
48739,1
48745,1
48752,1
48755,2
48765,1
48774,1
48777,1
48784,1
48787,1
48790,1
48803,1
48810,1
48816,1
48820,1
48825,1
48826,1
48832,2
48835,1
48838,1
48848,1
48855,1
48861,1
48870,1
48871,1
48874,1
48880,1
48886,2
48887,1
48889,1
48890,2
48893,3
48899,1
48900,1
48909,2
48912,2
48915,2
48916,1
48921,2
48922,2
48925,1
48931,1
48938,1
48941,1
48944,4
48951,1
48960,1
48964,1
48966,1
48970,1
48976,1
48983,1
48985,2
48989,2
48992,1
48998,1
49004,2
49008,3
49011,3
49017,1
49021,1
49024,2
49031,1
49034,1
49043,2
49046,1
49049,1
49050,3
49053,1
49056,2
49059,1
49062,1
49072,1
49076,1
49081,2
49084,1
49088,3
49091,1
49094,2
49095,1
49101,2
49104,3
49107,1
49114,1
49117,1
49120,1
49123,1
49136,1
49143,1
49149,1
49152,2
49158,2
49159,1
49162,2
49165,1
49168,3
49172,2
49174,1
49177,1
49178,2
49194,1
49196,1
49197,1
49200,2
49203,2
49206,1
49209,4
49210,1
49213,1
49216,2
49219,2
49222,1
49226,1
49228,1
49242,1
49248,1
49251,2
49254,1
49255,1
49258,2
49264,2
49267,1
49273,1
49274,1
49277,1
49280,1
49283,2
49286,1
49287,1
49293,2
49299,2
49303,1
49305,2
49306,1
49312,2
49315,1
49316,1
49325,3
49331,2
49332,2
49334,1
49338,1
49344,1
49347,3
49350,2
49351,1
49356,2
49357,1
49360,2
49363,1
49370,1
49376,1
49379,1
49382,1
49383,1
49389,1
49392,1
49395,1
49398,1
49399,1
49402,2
49405,2
49408,1
49411,1
49417,1
49421,1
49424,1
49433,1
49434,1
49440,2
49443,3
49444,1
49446,2
49447,1
49449,1
49450,1
49453,1
49456,1
49466,1
49469,3
49472,2
49475,1
49476,1
49478,1
49485,1
49488,1
49495,2
49497,1
49498,1
49500,1
49501,2
49504,1
49507,1
49510,3
49511,1
49513,2
49514,1
49517,1
49523,2
49524,1
49526,1
49527,1
49536,1
49549,1
49552,2
49555,1
49559,2
49561,1
49562,1
49565,2
49568,1
49574,2
49577,1
49578,2
49584,1
49603,2
49604,1
49606,1
49610,1
49613,1
49619,1
49622,1
49626,1
49632,1
49638,1
49639,2
49651,2
49652,1
49655,2
49657,1
49661,2
49664,1
49667,1
49670,1
49673,1
49674,3
49677,2
49684,1
49689,1
49690,1
49693,1
49699,1
49702,1
49703,2
49706,1
49709,1
49712,3
49715,3
49718,2
49722,2
49724,1
49725,2
49728,1
49731,2
49735,2
49737,1
49738,1
49741,2
49744,1
49747,3
49750,2
49753,1
49756,1
49766,1
49770,1
49773,4
49776,2
49779,2
49782,1
49788,1
49789,1
49792,3
49795,1
49798,1
49801,2
49802,4
49805,1
49808,1
49811,1
49814,1
49815,2
49817,1
49821,1
49824,3
49830,2
49831,1
49834,2
49837,1
49840,2
49843,2
49846,1
49849,1
49852,1
49856,3
49859,1
49863,1
49865,1
49868,1
49869,4
49872,2
49875,1
49878,1
49881,2
49888,4
49891,1
49894,1
49895,1
49897,2
49898,1
49901,2
49907,3
49911,1
49913,1
49914,1
49916,2
49923,2
49926,2
49927,1
49929,1
49930,2
49932,1
49933,1
49939,2
49946,1
49949,2
49952,1
49955,1
49959,1
49961,2
49962,1
49965,1
49974,1
49978,1
49980,1
49981,2
49984,5
49987,2
49991,3
49993,1
49994,1
50000,3
50003,1
50006,1
50007,1
50009,1
50010,1
50013,1
50016,1
50023,1
50025,2
50026,1
50029,1
50042,2
50044,2
50045,1
50048,3
50051,2
50054,2
50057,2
50058,2
50060,2
50061,1
50064,1
50067,4
50073,3
50074,2
50077,1
50083,1
50086,1
50087,2
50090,1
50096,3
50099,1
50102,2
50103,2
50105,1
50106,4
50108,1
50112,1
50115,2
50116,1
50118,2
50122,1
50131,5
50132,1
50134,1
50138,3
50140,1
50144,1
50148,1
50150,2
50151,2
50154,2
50156,1
50157,2
50160,2
50163,2
50164,2
50166,1
50167,2
50169,1
50170,2
50173,2
50176,3
50179,1
50182,1
50185,1
50186,2
50192,1
50198,2
50199,1
50205,2
50208,4
50211,2
50217,1
50218,2
50221,2
50224,3
50230,2
50233,1
50237,2
50240,1
50243,3
50246,1
50247,3
50250,3
50253,3
50256,2
50259,2
50263,1
50266,2
50269,1
50275,2
50278,1
50279,3
50282,2
50285,1
50288,2
50291,2
50298,3
50300,2
50301,2
50307,2
50310,3
50311,2
50314,3
50317,3
50320,2
50323,2
50324,1
50326,3
50327,1
50329,2
50330,1
50332,1
50333,1
50336,2
50339,2
50340,1
50342,5
50343,1
50345,2
50346,2
50349,1
50352,6
50355,3
50356,2
50358,5
50359,3
50362,1
50365,2
50368,1
50371,1
50372,1
50374,2
50377,1
50381,2
50384,5
50387,2
50390,1
50394,1
50396,1
50397,2
50400,3
50403,3
50404,1
50406,3
50407,3
50409,1
50413,2
50416,2
50419,2
50420,1
50422,2
50426,1
50428,1
50429,1
50436,1
50438,4
50439,2
50442,1
50444,1
50445,4
50448,3
50451,2
50452,2
50458,2
50460,2
50461,1
50464,2
50467,2
50470,1
50471,1
50473,2
50474,4
50477,3
50480,1
50483,2
50484,1
50487,1
50489,1
50490,2
50493,2
50496,3
50499,3
50502,2
50503,4
50505,2
50506,1
50508,2
50509,6
50512,2
50515,1
50516,2
50518,2
50519,4
50521,1
50525,2
50528,8
50531,1
50532,1
50534,4
50537,2
50540,1
50541,3
50544,2
50547,1
50548,1
50550,1
50551,1
50553,1
50557,1
50560,4
50564,1
50566,4
50567,2
50569,2
50570,2
50572,1
50573,5
50576,2
50579,2
50582,1
50585,2
50586,2
50589,5
50592,3
50595,2
50596,3
50599,2
50601,1
50602,2
50604,1
50605,2
50608,3
50611,2
50612,1
50614,1
50617,2
50618,2
50620,1
50624,1
50627,3
50634,1
50637,3
50640,2
50643,1
50646,1
50647,1
50650,1
50656,4
50659,4
50662,2
50669,4
50672,4
50675,1
50676,3
50681,2
50682,1
50684,2
50685,2
50688,5
50691,3
50694,2
50695,2
50698,2
50701,2
50707,1
50708,1
50713,2
50714,1
50716,3
50717,3
50720,5
50723,3
50726,2
50727,2
50729,1
50733,2
50736,3
50739,1
50742,3
50743,2
50745,2
50746,1
50748,1
50752,9
50755,2
50756,1
50758,1
50759,1
50762,1
50765,4
50768,4
50771,1
50772,1
50774,3
50775,2
50777,2
50778,1
50784,4
50787,4
50788,1
50790,4
50793,2
50797,2
50806,2
50810,1
50812,1
50813,5
50816,2
50819,2
50822,2
50823,2
50825,1
50826,1
50828,1
50829,3
50832,3
50838,2
50839,1
50841,3
50842,3
50844,1
50845,2
50848,5
50851,2
50852,2
50854,4
50855,4
50860,1
50861,1
50864,3
50867,2
50868,2
50870,1
50871,2
50876,2
50877,3
50880,2
50883,4
50886,2
50887,2
50890,2
50893,4
50896,6
50899,3
50900,3
50902,2
50905,2
50909,2
50912,1
50916,2
50918,4
50919,1
50922,2
50924,2
50925,2
50928,3
50931,6
50932,1
50934,2
50935,1
50937,2
50938,4
50940,2
50941,2
50944,8
50947,2
50950,1
50953,1
50954,1
50956,1
50957,2
50960,6
50963,2
50966,1
50969,4
50970,4
50973,1
50976,5
50979,2
50980,1
50983,2
50985,1
50986,3
50989,5
50992,1
50995,4
50998,1
50999,2
51001,4
51002,3
51004,1
51005,1
51008,5
51011,2
51014,2
51015,3
51017,1
51018,5
51020,1
51021,2
51024,5
51027,2
51030,2
51031,1
51033,2
51034,2
51037,2
51040,3
51043,2
51047,3
51050,2
51053,4
51056,2
51059,1
51063,1
51065,2
51068,1
51069,5
51072,4
51075,4
51078,1
51079,2
51082,2
51085,3
51088,4
51091,4
51092,1
51094,1
51098,4
51101,1
51104,2
51107,3
51110,4
51111,4
51113,1
51114,1
51116,1
51117,2
51123,3
51126,4
51127,1
51129,2
51130,1
51132,1
51133,1
51136,2
51139,3
51142,2
51149,3
51152,2
51155,2
51156,1
51158,2
51161,1
51162,1
51165,3
51168,3
51171,2
51174,3
51175,3
51177,1
51178,2
51181,3
51184,3
51187,5
51190,1
51191,2
51194,4
51196,1
51197,3
51200,3
51203,2
51206,2
51207,2
51209,1
51210,1
51212,1
51213,2
51216,1
51219,3
51223,5
51225,2
51226,2
51229,4
51232,6
51235,3
51236,1
51238,1
51239,1
51241,1
51242,2
51245,7
51248,1
51251,1
51254,1
51257,1
51258,3
51261,3
51264,3
51267,1
51273,1
51274,1
51277,6
51280,3
51283,3
51284,2
51286,5
51287,2
51289,2
51290,1
51292,2
51293,6
51296,1
51299,6
51302,1
51303,3
51305,1
51306,2
51308,1
51309,2
51312,2
51315,2
51318,1
51321,1
51322,5
51324,2
51328,6
51331,3
51332,1
51334,4
51338,2
51341,3
51344,2
51347,2
51348,1
51351,1
51354,3
51356,1
51357,1
51360,6
51363,4
51364,1
51367,3
51370,2
51373,2
51376,3
51379,4
51380,1
51382,1
51383,1
51385,2
51386,4
51389,2
51392,3
51395,2
51396,2
51398,1
51399,3
51401,2
51404,2
51405,3
51408,2
51411,3
51412,2
51414,2
51415,2
51417,3
51418,2
51420,1
51421,2
51427,1
51428,1
51431,4
51433,1
51434,2
51437,3
51440,2
51443,4
51444,2
51447,4
51449,2
51450,1
51452,1
51453,4
51456,2
51459,2
51460,1
51462,1
51463,3
51466,3
51468,3
51469,5
51472,2
51475,2
51478,2
51479,1
51481,4
51485,1
51488,3
51491,4
51494,4
51497,1
51498,1
51500,1
51501,3
51504,5
51507,1
51510,1
51511,1
51513,2
51514,3
51517,3
51520,5
51523,6
51526,1
51527,2
51529,3
51530,2
51532,1
51533,2
51536,3
51546,2
51548,1
51549,3
51552,5
51555,2
51556,2
51558,6
51559,6
51561,1
51562,1
51565,5
51568,1
51571,1
51574,2
51575,5
51577,1
51578,3
51580,1
51581,2
51584,4
51587,3
51588,2
51590,2
51591,1
51593,1
51594,2
51597,3
51603,6
51606,2
51609,2
51610,6
51613,3
51616,3
51619,1
51622,3
51623,1
51625,2
51628,1
51629,6
51632,5
51635,3
51639,4
51642,2
51644,3
51645,2
51651,2
51654,1
51655,3
51657,1
51658,1
51660,1
51661,3
51664,4
51667,3
51668,1
51670,2
51673,4
51676,1
51677,3
51680,3
51683,2
51684,3
51686,3
51687,1
51689,2
51690,2
51692,2
51693,1
51696,2
51699,5
51700,3
51702,3
51703,2
51705,1
51706,2
51708,1
51709,1
51712,4
51715,6
51716,1
51718,4
51719,2
51722,4
51724,1
51725,1
51728,2
51731,2
51732,1
51734,1
51738,3
51741,3
51744,2
51747,3
51748,2
51750,4
51751,1
51753,2
51754,4
51757,2
51760,8
51764,1
51766,1
51769,1
51770,2
51772,1
51773,4
51776,3
51779,2
51782,2
51783,1
51785,2
51786,3
51789,4
51792,3
51795,7
51798,2
51799,1
51801,5
51802,4
51805,1
51808,4
51811,3
51814,3
51815,2
51817,2
51820,1
51821,5
51824,2
51827,2
51828,2
51831,1
51833,3
51834,3
51836,1
51837,2
51840,3
51843,2
51844,1
51846,3
51849,1
51850,1
51852,1
51853,3
51856,5
51859,5
51860,1
51862,2
51863,1
51865,1
51866,1
51868,2
51869,2
51872,9
51875,3
51876,1
51878,1
51879,2
51882,6
51885,2
51888,2
51892,1
51895,5
51897,2
51898,2
51900,1
51901,3
51904,5
51907,2
51910,3
51911,3
51913,1
51914,3
51917,3
51920,3
51923,4
51924,1
51927,1
51929,1
51930,2
51932,1
51933,5
51936,2
51939,2
51942,3
51943,2
51945,1
51946,1
51949,4
51952,3
51955,4
51958,1
51961,3
51962,2
51965,6
51968,4
51971,1
51974,3
51977,2
51978,1
51980,1
51981,2
51984,3
51987,2
51990,1
51993,3
51994,3
51997,2
52000,2
52003,2
52006,3
52007,1
52010,2
52012,1
52013,2
52016,2
52019,3
52023,1
52025,3
52026,3
52028,1
52029,4
52032,3
52035,3
52038,4
52039,1
52042,4
52044,1
52045,4
52048,1
52054,3
52057,1
52058,2
52060,1
52061,3
52064,4
52067,2
52068,2
52070,4
52071,2
52073,2
52074,3
52076,2
52077,2
52080,4
52083,5
52086,3
52087,2
52089,3
52090,2
52092,1
52093,4
52096,4
52099,8
52100,2
52102,5
52103,2
52106,1
52109,3
52112,4
52115,2
52118,5
52119,3
52121,1
52124,1
52128,9
52131,3
52134,3
52137,2
52138,3
52140,1
52141,5
52144,4
52147,1
52148,1
52150,2
52153,3
52154,1
52156,1
52157,5
52160,5
52163,2
52166,3
52167,4
52170,1
52172,1
52173,4
52176,4
52179,5
52180,2
52182,1
52183,2
52185,2
52186,2
52189,4
52192,4
52198,5
52199,2
52201,2
52204,1
52205,3
52208,1
52211,5
52212,2
52214,6
52215,3
52217,2
52218,3
52221,3
52224,8
52230,2
52231,3
52233,1
52234,2
52236,1
52237,4
52240,4
52243,2
52244,1
52246,2
52247,2
52249,2
52250,2
52253,6
52256,5
52259,2
52262,1
52263,2
52265,3
52266,1
52268,2
52269,2
52272,3
52276,1
52278,2
52279,1
52281,2
52282,3
52285,2
52288,4
52291,8
52294,4
52295,1
52297,2
52298,2
52300,2
52301,3
52304,4
52307,5
52308,1
52310,3
52311,3
52313,5
52314,2
52317,3
52320,7
52323,2
52324,1
52326,2
52327,2
52329,1
52330,2
52332,1
52333,2
52336,2
52339,6
52340,3
52343,1
52345,1
52346,2
52349,1
52352,8
52355,3
52358,2
52361,1
52362,1
52364,3
52365,6
52368,1
52372,3
52374,3
52375,2
52377,1
52378,5
52381,2
52384,3
52387,2
52390,2
52394,2
52397,1
52400,2
52403,3
52404,1
52407,2
52409,2
52410,3
52412,1
52413,3
52416,6
52419,2
52422,6
52423,3
52425,4
52426,3
52428,1
52429,4
52432,1
52435,3
52436,1
52438,2
52439,1
52442,3
52444,1
52445,5
52448,3
52451,1
52452,1
52454,2
52455,4
52458,3
52460,1
52461,2
52464,4
52467,4
52470,4
52474,3
52477,7
52480,3
52483,5
52486,2
52487,2
52489,1
52490,2
52493,1
52496,5
52500,3
52503,2
52505,2
52506,2
52512,7
52515,5
52516,1
52518,2
52519,1
52521,1
52522,2
52524,2
52525,1
52528,3
52531,2
52534,8
52535,2
52537,2
52538,2
52540,2
52541,2
52544,3
52547,1
52548,2
52550,5
52551,8
52553,3
52554,3
52557,7
52560,3
52563,5
52564,1
52566,2
52567,3
52569,2
52570,4
52573,4
52576,4
52579,1
52580,1
52582,3
52583,2
52585,3
52586,2
52589,5
52592,8
52595,2
52596,1
52598,3
52601,1
52602,2
52604,1
52608,7
52611,2
52612,1
52614,1
52615,2
52617,2
52618,2
52621,3
52627,5
52628,2
52630,1
52631,2
52634,3
52637,3
52640,6
52643,4
52646,3
52647,2
52649,1
52652,1
52653,2
52656,3
52659,4
52662,1
52665,1
52666,3
52668,2
52669,3
52672,6
52675,1
52676,2
52678,3
52679,3
52681,2
52682,1
52685,2
52688,4
52691,4
52694,1
52695,1
52697,1
52698,2
52701,2
52704,7
52707,3
52708,1
52710,2
52711,1
52713,1
52714,4
52716,1
52717,8
52720,6
52723,4
52726,3
52729,3
52730,4
52733,2
52736,9
52739,2
52740,1
52742,1
52743,1
52745,3
52746,1
52749,3
52752,6
52755,5
52756,2
52758,2
52759,3
52761,1
52762,1
52764,1
52765,5
52768,1
52771,4
52775,3
52777,1
52778,1
52781,6
52784,3
52787,6
52788,1
52790,2
52791,1
52793,1
52794,2
52796,1
52797,3
52800,5
52803,1
52804,1
52806,2
52807,4
52809,3
52810,1
52813,6
52816,3
52819,5
52820,1
52822,3
52823,1
52825,2
52826,4
52828,2
52829,2
52832,8
52835,2
52836,1
52838,4
52839,2
52841,2
52842,4
52845,6
52848,7
52851,5
52855,1
52857,1
52858,2
52861,2
52864,8
52867,1
52868,1
52870,8
52871,2
52873,1
52874,2
52876,3
52877,2
52880,4
52883,2
52886,5
52887,2
52889,2
52893,3
52896,7
52899,4
52902,4
52903,4
52905,1
52906,2
52908,1
52909,6
52912,1
52915,5
52916,1
52918,3
52919,2
52922,3
52924,1
52925,10
52928,9
52931,5
52932,2
52934,5
52935,2
52937,3
52938,1
52940,1
52941,7
52944,2
52947,4
52948,4
52950,2
52951,3
52953,1
52954,2
52957,2
52960,5
52963,3
52964,1
52966,3
52967,5
52969,1
52970,2
52972,1
52973,1
52976,10
52979,7
52982,2
52983,5
52986,4
52989,4
52992,6
52995,2
52998,2
52999,3
53001,1
53002,1
53004,1
53008,4
53011,2
53012,1
53014,2
53017,3
53018,3
53020,1
53021,2
53024,6
53027,4
53028,1
53030,4
53031,5
53037,2
53040,4
53043,5
53044,1
53046,1
53047,3
53049,2
53050,6
53052,1
53053,3
53056,5
53059,4
53062,4
53065,2
53066,1
53068,5
53069,6
53072,6
53075,2
53076,1
53078,4
53081,1
53082,2
53084,2
53085,2
53088,4
53091,7
53092,3
53094,4
53095,2
53098,4
53101,3
53104,5
53107,4
53108,2
53110,2
53111,2
53113,3
53114,3
53117,1
53120,8
53123,4
53124,1
53126,3
53127,1
53129,1
53130,3
53132,2
53133,4
53136,1
53139,6
53142,1
53143,1
53145,2
53146,4
53148,1
53149,3
53152,3
53156,1
53158,3
53159,3
53161,1
53162,2
53164,1
53165,1
53171,4
53172,2
53174,1
53175,2
53177,2
53178,2
53180,2
53181,6
53184,4
53187,4
53190,7
53191,1
53194,4
53196,1
53197,5
53200,5
53203,2
53206,2
53207,1
53209,3
53210,1
53213,4
53216,7
53219,7
53222,2
53223,4
53225,1
53226,2
53228,1
53229,2
53232,2
53235,1
53236,3
53238,5
53239,2
53241,3
53242,3
53245,7
53248,7
53251,3
53255,1
53257,1
53258,5
53260,2
53261,3
53264,4
53267,2
53268,1
53270,3
53271,2
53273,1
53276,2
53277,2
53280,6
53283,2
53286,7
53287,3
53290,1
53292,1
53293,5
53296,5
53299,4
53300,1
53302,2
53303,3
53305,2
53306,4
53308,1
53309,2
53312,2
53315,3
53318,2
53319,2
53321,1
53322,2
53324,2
53325,10
53328,4
53331,2
53332,1
53334,1
53335,3
53337,3
53338,4
53341,4
53344,3
53347,2
53350,2
53351,3
53354,4
53356,2
53357,3
53360,3
53363,6
53364,2
53367,2
53369,2
53370,3
53373,2
53376,2
53379,6
53380,1
53382,1
53385,1
53386,3
53388,1
53389,2
53392,2
53395,6
53396,1
53398,3
53399,1
53401,1
53402,4
53405,3
53408,4
53411,3
53412,1
53414,3
53415,3
53417,1
53418,4
53420,1
53421,3
53424,5
53427,1
53430,2
53433,5
53434,1
53437,8
53440,4
53443,2
53446,2
53447,1
53449,2
53450,4
53452,1
53453,2
53456,5
53459,4
53460,2
53462,3
53463,1
53465,2
53466,1
53468,1
53469,4
53472,4
53475,4
53478,3
53479,1
53482,1
53484,1
53485,1
53488,7
53491,2
53494,3
53495,1
53497,3
53498,4
53501,4
53504,4
53507,3
53510,3
53511,4
53513,2
53516,2
53517,6
53520,1
53523,4
53524,3
53526,3
53527,3
53529,2
53530,5
53532,1
53533,4
53536,3
53539,5
53540,1
53542,7
53543,3
53546,2
53548,2
53549,3
53552,3
53555,5
53556,1
53558,1
53561,2
53562,5
53565,3
53568,7
53571,3
53572,2
53575,5
53577,4
53578,3
53581,6
53584,4
53587,3
53588,1
53590,3
53593,4
53594,2
53597,7
53600,4
53603,2
53606,5
53607,1
53609,3
53610,3
53612,1
53613,3
53616,3
53619,6
53620,1
53622,1
53623,2
53625,3
53626,1
53629,3
53632,1
53635,4
53636,1
53638,5
53639,2
53641,4
53642,2
53644,2
53645,5
53648,2
53651,3
53652,2
53654,4
53657,1
53658,5
53660,2
53661,2
53664,4
53667,4
53668,1
53670,6
53671,2
53673,1
53674,3
53676,1
53677,4
53680,6
53683,5
53684,1
53686,2
53689,1
53690,1
53693,2
53696,6
53699,4
53702,1
53703,1
53705,1
53706,3
53708,2
53709,6
53712,2
53715,6
53718,2
53719,1
53721,2
53722,7
53724,1
53725,2
53728,6
53731,1
53734,4
53735,1
53737,2
53738,4
53740,2
53741,4
53744,2
53747,7
53748,2
53750,4
53753,1
53754,1
53756,3
53757,1
53760,4
53763,2
53764,1
53766,1
53767,2
53769,2
53770,1
53773,8
53776,6
53779,2
53780,2
53782,3
53785,1
53786,1
53788,1
53789,2
53792,2
53795,3
53798,1
53799,1
53801,1
53802,3
53804,1
53805,3
53808,4
53811,3
53812,1
53814,3
53815,2
53817,8
53818,4
53821,3
53824,5
53830,3
53831,2
53833,3
53834,4
53836,1
53837,4
53840,1
53843,5
53847,2
53849,6
53850,4
53853,1
53856,4
53859,2
53862,1
53863,3
53865,1
53869,5
53872,2
53875,6
53876,1
53878,3
53879,2
53881,4
53882,5
53885,4
53888,5
53891,1
53894,3
53895,5
53897,1
53898,1
53900,2
53901,4
53904,2
53907,2
53908,1
53910,1
53914,4
53916,1
53917,6
53920,3
53923,4
53924,3
53926,6
53927,1
53929,2
53930,4
53933,5
53936,1
53939,6
53940,1
53942,3
53943,3
53945,1
53946,3
53948,3
53949,2
53952,7
53955,1
53956,1
53959,3
53961,2
53962,3
53964,1
53965,5
53968,2
53971,6
53972,2
53974,1
53975,1
53977,1
53978,2
53981,3
53984,4
53987,1
53990,2
53991,1
53993,1
53994,1
53997,6
54000,6
54003,6
54007,2
54009,2
54010,4
54013,3
54016,6
54019,2
54020,1
54022,3
54023,1
54025,3
54026,5
54029,6
54032,2
54035,6
54036,1
54038,3
54039,2
54041,2
54042,3
54045,4
54052,3
54054,1
54055,2
54057,1
54058,2
54061,3
54064,8
54067,5
54070,4
54073,1
54074,4
54076,1
54077,3
54080,2
54083,5
54087,4
54089,2
54090,3
54092,2
54093,3
54096,4
54099,4
54102,2
54103,2
54105,4
54106,2
54108,1
54109,3
54112,4
54115,4
54118,3
54119,1
54121,1
54122,2
54124,2
54125,3
54128,1
54131,6
54132,1
54134,2
54137,2
54138,5
54140,3
54141,4
54144,9
54147,4
54150,2
54151,1
54153,1
54154,2
54156,1
54157,5
54160,4
54163,4
54166,4
54167,1
54169,3
54170,5
54173,3
54176,6
54179,3
54182,1
54183,2
54186,4
54188,2
54189,4
54192,5
54195,1
54196,1
54198,1
54201,6
54202,4
54204,1
54205,6
54208,6
54211,5
54212,2
54214,4
54215,2
54217,3
54218,2
54220,1
54221,4
54224,5
54227,1
54230,2
54231,5
54233,1
54234,1
54236,2
54237,5
54240,6
54243,4
54244,2
54246,4
54247,1
54249,1
54250,1
54253,4
54256,6
54259,6
54262,1
54263,3
54265,3
54266,1
54268,1
54269,2
54272,5
54275,4
54276,1
54278,2
54279,4
54281,1
54285,3
54288,8
54291,3
54292,1
54294,1
54295,2
54297,1
54298,4
54301,4
54304,1
54307,5
54310,1
54317,2
54320,9
54323,7
54326,2
54327,1
54329,1
54330,2
54333,6
54336,6
54339,1
54342,6
54343,2
54346,1
54348,2
54349,3
54352,7
54355,8
54356,1
54358,1
54359,4
54361,3
54362,4
54364,1
54365,4
54368,5
54371,4
54372,1
54374,2
54375,1
54377,6
54378,5
54380,3
54381,5
54384,4
54387,5
54388,1
54393,1
54394,4
54397,2
54400,5
54403,2
54404,1
54406,4
54407,3
54409,3
54410,1
54412,2
54413,2
54416,8
54419,3
54420,2
54422,5
54423,2
54425,2
54426,3
54429,1
54432,4
54435,4
54438,4
54441,1
54442,1
54444,2
54445,5
54448,2
54451,8
54454,5
54455,4
54457,2
54458,7
54461,6
54464,7
54467,3
54470,4
54473,3
54474,2
54476,1
54477,5
54480,2
54483,4
54484,2
54486,3
54487,1
54490,3
54492,1
54493,6
54496,6
54499,4
54500,1
54502,4
54503,3
54505,2
54506,4
54508,1
54509,5
54512,6
54515,3
54516,1
54518,2
54519,3
54521,2
54522,3
54525,6
54528,6
54531,3
54532,1
54534,5
54535,2
54538,4
54541,3
54544,3
54547,9
54548,2
54550,4
54553,1
54554,3
54557,3
54560,4
54563,1
54564,3
54566,1
54567,2
54569,2
54570,2
54572,1
54573,4
54576,3
54579,4
54582,2
54583,1
54585,6
54586,3
54588,2
54589,4
54592,3
54595,5
54596,1
54598,3
54601,3
54602,3
54605,6
54608,6
54611,2
54612,3
54614,3
54617,2
54618,2
54620,2
54621,6
54624,8
54627,4
54628,2
54630,4
54631,5
54633,2
54634,2
54637,3
54640,3
54643,4
54646,3
54647,3
54649,1
54650,2
54653,2
54656,5
54659,5
54662,1
54663,3
54665,5
54666,1
54668,1
54669,3
54672,2
54675,4
54676,1
54678,2
54679,2
54681,3
54682,3
54684,1
54685,5
54688,6
54691,6
54692,1
54694,4
54695,2
54697,4
54698,1
54701,8
54704,5
54707,1
54711,2
54713,3
54714,5
54716,1
54717,8
54720,2
54723,4
54726,3
54727,1
54729,1
54730,2
54732,3
54733,6
54736,9
54739,3
54740,1
54742,1
54745,2
54746,4
54748,1
54749,3
54752,4
54755,4
54758,4
54759,1
54761,3
54764,1
54765,6
54768,5
54771,2
54774,2
54775,1
54777,1
54778,4
54780,1
54781,5
54784,5
54787,2
54790,4
54791,3
54793,3
54794,2
54796,1
54797,4
54800,2
54803,7
54806,1
54809,5
54810,3
54813,1
54816,6
54819,2
54820,1
54822,5
54823,4
54825,2
54826,4
54828,2
54829,4
54832,5
54835,1
54838,2
54839,1
54841,3
54842,4
54844,1
54845,4
54848,3
54854,3
54855,2
54857,1
54858,3
54860,2
54861,5
54864,3
54867,2
54868,1
54870,3
54871,1
54873,2
54874,4
54877,2
54880,5
54883,7
54884,1
54886,5
54887,2
54889,1
54890,2
54893,4
54896,6
54899,5
54900,2
54902,3
54905,1
54906,7
54908,2
54909,3
54912,8
54915,4
54918,1
54919,4
54921,1
54922,1
54924,1
54925,2
54928,7
54931,1
54932,1
54934,2
54935,2
54938,1
54940,1
54941,7
54944,8
54948,2
54950,5
54951,3
54954,1
54956,1
54957,3
54960,3
54963,4
54966,1
54967,1
54969,4
54970,2
54972,1
54973,5
54976,6
54979,4
54982,6
54983,4
54985,3
54986,3
54989,5
54992,8
54995,5
54996,2
54999,1
55001,1
55002,3
55005,5
55008,2
55011,3
55012,1
55014,1
55015,2
55017,1
55018,2
55021,5
55024,3
55027,7
55028,2
55030,3
55031,2
55033,3
55034,4
55036,1
55037,4
55040,4
55043,5
55046,2
55047,1
55049,2
55050,2
55053,6
55056,2
55059,2
55060,1
55062,2
55063,1
55065,3
55066,4
55069,1
55072,5
55075,7
55078,4
55079,1
55081,1
55082,4
55085,3
55088,1
55091,4
55092,1
55095,3
55097,1
55098,3
55101,6
55104,13
55107,2
55108,2
55110,3
55111,2
55113,1
55114,3
55117,3
55120,6
55123,3
55124,1
55126,3
55127,2
55129,1
55130,7
55133,2
55136,5
55139,2
55142,6
55145,1
55146,5
55148,2
55149,3
55152,5
55155,4
55158,1
55159,3
55161,3
55162,4
55165,2
55168,9
55171,2
55174,5
55175,4
55178,2
55180,1
55181,3
55184,2
55187,7
55188,1
55190,1
55191,3
55193,2
55194,2
55197,3
55200,4
55203,6
55204,1
55206,6
55207,4
55209,2
55210,5
55212,1
55213,4
55216,2
55219,4
55220,2
55222,4
55223,2
55226,4
55232,2
55235,2
55238,4
55239,1
55242,1
55244,3
55245,4
55248,4
55251,2
55252,1
55254,1
55255,2
55258,3
55260,2
55261,5
55264,7
55267,6
55268,1
55270,2
55271,1
55274,2
55276,3
55277,6
55280,5
55283,5
55286,2
55287,2
55289,5
55290,4
55293,5
55296,5
55299,2
55300,1
55302,3
55303,3
55305,4
55306,1
55309,4
55312,4
55315,1
55318,2
55319,2
55321,2
55324,1
55325,2
55328,4
55331,2
55334,3
55335,1
55337,2
55338,4
55340,3
55341,2
55344,5
55347,2
55348,2
55350,1
55351,1
55353,3
55354,4
55356,2
55357,4
55360,6
55363,4
55366,2
55367,3
55369,3
55370,3
55372,1
55373,1
55376,5
55379,3
55380,1
55382,3
55383,1
55385,2
55386,4
55389,4
55392,6
55395,5
55396,3
55398,3
55399,1
55402,1
55404,1
55405,3
55408,4
55411,9
55412,1
55414,2
55415,1
55417,2
55418,2
55420,1
55421,2
55424,4
55427,3
55430,3
55431,3
55433,2
55434,2
55436,1
55437,6
55440,1
55443,6
55444,2
55446,1
55447,2
55449,2
55450,6
55452,1
55453,3
55456,7
55459,4
55462,1
55463,1
55466,3
55469,6
55472,4
55475,5
55476,2
55478,2
55482,1
55484,1
55485,5
55488,5
55491,4
55492,1
55494,2
55495,4
55498,5
55500,1
55501,3
55504,5
55507,5
55508,2
55511,2
55513,3
55514,3
55516,2
55517,2
55520,4
55523,3
55524,1
55526,3
55527,1
55529,2
55530,2
55533,6
55536,4
55539,5
55542,2
55543,3
55545,4
55546,2
55549,4
55552,5
55555,2
55556,2
55558,3
55559,1
55561,1
55562,5
55564,1
55565,6
55568,5
55571,1
55572,1
55574,3
55577,1
55578,2
55581,2
55584,5
55587,5
55588,1
55590,3
55591,2
55593,2
55594,4
55596,2
55597,1
55600,3
55603,3
55604,2
55606,4
55607,4
55609,1
55610,1
55612,2
55613,3
55616,5
55619,2
55622,5
55625,2
55626,1
55628,1
55629,3
55632,4
55635,5
55636,1
55638,2
55639,1
55641,2
55642,5
55644,1
55645,5
55648,6
55651,3
55652,1
55654,3
55655,4
55657,2
55658,5
55660,1
55661,6
55664,4
55667,3
55668,1
55670,7
55671,1
55673,3
55674,4
55677,1
55680,4
55683,2
55686,3
55687,1
55689,2
55690,2
55692,2
55693,5
55696,4
55699,4
55703,1
55705,5
55706,6
55709,2
55712,7
55715,3
55718,5
55719,3
55721,1
55722,2
55725,6
55728,7
55731,4
55734,2
55738,1
55741,4
55744,1
55747,2
55748,1
55750,6
55751,3
55753,1
55754,2
55756,4
55757,5
55760,2
55763,3
55764,1
55766,6
55767,3
55769,1
55770,2
55773,4
55776,2
55779,3
55780,1
55782,3
55783,2
55786,3
55788,1
55792,4
55795,2
55798,2
55801,3
55802,4
55805,2
55808,5
55811,2
55812,1
55814,1
55815,5
55818,4
55820,1
55821,1
55824,5
55827,9
55828,1
55830,3
55831,1
55833,1
55834,4
55836,2
55837,7
55840,2
55843,2
55844,2
55846,4
55847,3
55849,2
55850,2
55852,1
55853,7
55856,6
55859,4
55860,2
55862,4
55865,3
55866,1
55869,2
55872,2
55875,1
55878,2
55879,1
55882,2
55884,3
55885,4
55888,4
55891,1
55892,1
55894,3
55895,3
55897,2
55898,4
55901,4
55904,7
55907,3
55908,1
55910,2
55911,3
55913,1
55916,1
55917,5
55920,3
55923,5
55926,3
55927,1
55929,4
55930,5
55932,3
55933,5
55936,3
55939,4
55940,3
55942,3
55943,2
55945,2
55948,2
55949,3
55952,2
55955,4
55956,1
55958,3
55961,3
55962,1
55964,2
55965,2
55968,8
55971,6
55974,3
55975,1
55977,3
55978,2
55980,1
55981,5
55984,8
55988,1
55991,3
55993,4
55994,5
55997,3
56000,6
56004,1
56006,7
56007,1
56009,2
56010,2
56013,6
56016,7
56019,4
56020,2
56022,5
56023,2
56025,2
56029,2
56032,7
56035,3
56036,1
56038,3
56039,3
56041,1
56042,2
56044,1
56045,5
56048,3
56051,4
56054,4
56057,2
56058,1
56060,1
56061,4
56064,5
56068,2
56070,2
56071,2
56073,2
56074,1
56077,4
56080,4
56083,6
56084,3
56087,4
56089,2
56090,3
56092,1
56093,4
56096,5
56099,1
56100,2
56102,5
56103,6
56105,3
56106,3
56109,4
56112,1
56115,9
56116,2
56118,2
56119,1
56121,1
56122,3
56124,1
56125,5
56128,8
56131,3
56132,3
56134,3
56135,2
56137,2
56138,2
56140,1
56141,2
56144,10
56147,4
56148,1
56150,3
56151,2
56153,2
56154,7
56156,2
56157,6
56160,3
56163,3
56166,1
56167,3
56169,2
56170,1
56173,2
56176,4
56179,4
56182,5
56183,2
56186,4
56192,9
56195,4
56196,4
56198,3
56199,1
56201,4
56202,3
56204,1
56205,3
56208,11
56211,5
56212,1
56214,1
56217,1
56218,3
56220,1
56221,1
56224,5
56227,1
56228,1
56230,2
56231,3
56234,1
56236,1
56237,5
56240,4
56243,6
56246,3
56249,5
56250,2
56252,1
56253,5
56256,4
56259,4
56260,1
56262,6
56263,1
56265,1
56266,1
56268,2
56269,2
56272,4
56275,3
56276,2
56278,2
56279,3
56281,3
56282,2
56285,7
56288,7
56291,2
56294,6
56295,3
56297,1
56298,1
56301,7
56304,2
56307,2
56308,1
56310,3
56311,2
56313,2
56314,4
56317,4
56320,5
56323,4
56324,1
56326,2
56327,3
56329,3
56330,5
56332,1
56333,3
56336,5
56339,2
56340,2
56342,4
56343,2
56345,3
56346,2
56348,2
56349,3
56352,10
56355,4
56358,2
56359,5
56361,3
56362,3
56365,4
56368,7
56371,10
56372,1
56374,1
56375,2
56377,5
56378,4
56380,1
56381,1
56384,7
56387,2
56390,1
56393,3
56394,4
56397,2
56400,3
56403,6
56404,1
56406,1
56407,1
56409,1
56410,4
56412,3
56413,2
56416,5
56419,6
56422,2
56426,1
56428,1
56429,3
56432,5
56435,3
56436,2
56438,3
56439,3
56441,6
56442,2
56444,1
56445,2
56448,3
56451,4
56452,1
56454,2
56455,2
56457,2
56458,2
56461,2
56464,4
56467,3
56470,3
56471,1
56473,4
56474,2
56476,1
56477,2
56480,5
56483,2
56486,4
56487,2
56489,2
56490,4
56493,2
56496,3
56499,4
56500,1
56502,2
56503,1
56505,1
56506,1
56509,2
56512,7
56515,4
56518,4
56519,2
56521,2
56522,3
56525,3
56528,5
56531,1
56534,3
56535,2
56537,2
56538,1
56540,2
56541,3
56544,11
56547,2
56548,1
56554,3
56557,3
56560,4
56563,8
56564,1
56566,6
56567,2
56569,4
56570,3
56572,2
56573,5
56576,7
56579,7
56580,1
56582,1
56583,4
56585,2
56586,3
56588,1
56589,7
56595,6
56602,5
56604,1
56605,6
56608,4
56611,2
56614,5
56615,6
56617,2
56621,7
56624,4
56627,4
56628,2
56633,1
56634,5
56637,4
56640,4
56643,2
56644,1
56646,3
56647,2
56649,5
56650,4
56653,1
56656,6
56659,2
56660,1
56662,3
56663,1
56665,1
56666,1
56668,3
56669,2
56672,2
56675,8
56676,1
56678,5
56679,2
56682,2
56684,1
56685,7
56688,6
56691,5
56694,2
56695,1
56697,2
56698,1
56700,1
56701,3
56704,3
56707,4
56710,2
56711,3
56713,3
56714,2
56716,2
56717,4
56720,3
56723,2
56724,1
56726,1
56727,1
56729,1
56730,8
56732,2
56733,2
56736,7
56739,4
56740,1
56742,1
56743,3
56745,2
56746,3
56748,1
56749,7
56752,3
56755,4
56758,6
56759,2
56761,7
56762,6
56764,1
56765,4
56768,1
56771,4
56772,4
56774,2
56775,3
56777,1
56778,1
56780,2
56781,6
56784,4
56787,5
56788,2
56790,3
56791,3
56793,1
56794,1
56796,1
56797,8
56800,3
56803,6
56807,1
56809,3
56810,1
56812,2
56813,2
56816,3
56819,3
56820,2
56822,2
56823,3
56825,3
56826,4
56828,2
56829,2
56832,4
56835,3
56838,1
56839,1
56841,2
56842,3
56844,4
56845,5
56848,4
56851,2
56852,2
56854,2
56855,5
56857,2
56858,3
56860,2
56861,1
56864,4
56867,4
56870,2
56871,2
56873,2
56876,1
56877,1
56880,3
56883,5
56886,1
56887,3
56889,1
56890,4
56892,3
56893,4
56896,7
56899,5
56900,4
56902,3
56903,2
56905,1
56906,4
56908,3
56909,8
56912,5
56915,7
56916,1
56918,2
56919,1
56922,5
56924,1
56925,4
56928,5
56931,5
56932,1
56934,4
56935,2
56937,1
56938,6
56941,3
56944,4
56947,6
56950,2
56951,1
56953,4
56954,1
56957,4
56960,4
56963,2
56966,4
56967,4
56969,2
56970,2
56972,2
56973,3
56976,3
56979,3
56983,2
56985,2
56986,2
56988,2
56989,2
56992,6
56995,2
56996,3
56998,7
56999,1
57001,1
57002,7
57004,3
57005,3
57008,7
57011,3
57014,3
57015,2
57017,3
57018,2
57020,1
57021,6
57024,4
57027,4
57031,5
57033,1
57037,7
57040,4
57043,3
57044,4
57046,2
57049,1
57050,5
57052,3
57053,2
57056,6
57059,3
57060,1
57062,4
57063,1
57065,1
57066,4
57069,4
57075,6
57076,2
57078,2
57079,1
57081,5
57085,2
57088,5
57091,6
57092,1
57095,3
57098,5
57100,1
57101,7
57104,5
57107,5
57110,3
57111,2
57113,1
57114,1
57116,2
57117,2
57120,4
57123,4
57124,1
57126,4
57127,2
57129,2
57130,1
57133,1
57136,7
57139,4
57140,4
57142,1
57143,2
57146,3
57149,2
57152,1
57155,4
57156,1
57158,7
57159,1
57161,2
57162,4
57164,3
57165,4
57168,3
57171,2
57172,1
57174,3
57175,3
57178,8
57181,6
57184,5
57187,2
57188,2
57190,8
57191,1
57193,1
57194,1
57197,6
57200,3
57203,7
57204,1
57206,4
57207,5
57209,2
57210,5
57212,1
57213,3
57216,3
57219,1
57220,1
57222,3
57223,1
57225,1
57226,3
57228,1
57229,4
57232,4
57235,4
57236,1
57238,4
57239,2
57241,1
57242,3
57245,1
57248,7
57251,3
57252,1
57254,2
57255,3
57257,3
57258,4
57260,1
57261,3
57264,3
57267,5
57270,6
57271,1
57273,1
57274,4
57277,4
57280,6
57286,3
57287,3
57289,3
57292,2
57293,4
57296,6
57299,5
57300,2
57302,2
57303,2
57306,4
57309,5
57312,4
57315,2
57321,2
57322,4
57325,7
57328,4
57331,4
57332,3
57334,3
57335,1
57337,5
57338,3
57340,1
57344,3
57347,1
57348,1
57350,2
57351,2
57353,2
57356,1
57357,6
57360,6
57363,7
57366,3
57367,3
57369,5
57370,6
57372,1
57373,4
57376,7
57379,2
57380,1
57382,7
57385,1
57386,2
57388,1
57389,4
57392,5
57395,4
57398,5
57399,1
57401,1
57402,4
57404,1
57405,4
57408,2
57411,3
57412,2
57414,5
57415,2
57417,2
57420,1
57421,6
57424,3
57427,4
57428,1
57430,3
57431,2
57433,2
57434,1
57436,2
57437,3
57440,9
57443,4
57446,3
57447,2
57450,5
57452,2
57453,2
57456,5
57459,4
57462,5
57463,2
57465,1
57466,4
57468,1
57469,1
57472,3
57475,1
57478,3
57479,2
57481,2
57482,2
57488,4
57491,6
57492,2
57494,2
57495,1
57497,2
57498,7
57500,1
57501,6
57504,9
57507,6
57508,2
57510,2
57513,4
57514,7
57516,2
57517,3
57520,4
57523,7
57524,1
57526,1
57527,1
57529,4
57530,2
57532,1
57533,6
57536,4
57539,4
57540,2
57542,2
57545,2
57546,4
57548,1
57549,1
57552,2
57555,1
57556,1
57558,4
57559,1
57561,3
57562,4
57564,1
57565,2
57568,7
57571,2
57572,3
57574,3
57575,1
57577,1
57578,5
57580,2
57581,5
57584,3
57587,5
57590,2
57591,3
57593,2
57594,4
57596,1
57597,1
57600,8
57603,1
57604,2
57606,2
57607,1
57609,1
57610,2
57612,1
57613,2
57616,5
57619,5
57620,1
57622,2
57623,1
57625,3
57626,4
57629,2
57632,8
57635,1
57638,3
57639,2
57641,2
57642,1
57644,1
57645,6
57648,3
57651,6
57654,3
57655,2
57657,2
57658,3
57661,2
57664,8
57667,5
57668,1
57670,1
57671,2
57673,4
57674,3
57676,1
57677,6
57680,5
57683,4
57686,6
57687,3
57689,1
57690,2
57692,1
57693,2
57696,6
57699,3
57700,1
57702,4
57703,1
57706,1
57708,2
57709,4
57712,8
57715,4
57716,2
57719,2
57721,2
57722,4
57724,2
57725,1
57728,5
57731,4
57732,3
57734,1
57735,1
57738,3
57740,2
57741,3
57744,2
57747,3
57748,1
57750,3
57753,4
57754,6
57756,1
57757,6
57760,7
57763,3
57772,4
57773,2
57776,10
57779,3
57782,1
57783,2
57785,1
57786,6
57789,3
57792,2
57795,4
57796,3
57798,2
57799,2
57801,1
57804,1
57805,4
57808,5
57811,4
57814,1
57815,4
57817,3
57821,1
57824,3
57827,2
57830,2
57833,3
57834,7
57836,1
57837,1
57840,2
57843,1
57844,1
57846,7
57847,4
57850,5
57853,6
57856,4
57859,2
57860,1
57862,3
57863,2
57865,2
57866,2
57868,1
57869,4
57872,5
57875,6
57876,4
57878,4
57879,2
57881,2
57882,2
57885,4
57888,8
57891,2
57892,1
57894,2
57895,3
57897,2
57898,2
57900,2
57901,3
57904,3
57907,5
57908,1
57910,6
57911,3
57914,4
57916,1
57917,1
57920,5
57923,4
57924,2
57926,4
57927,2
57929,1
57930,2
57933,2
57936,7
57939,4
57940,1
57942,5
57943,2
57945,3
57949,6
57952,5
57955,3
57958,4
57959,3
57961,2
57962,2
57965,6
57968,6
57971,3
57972,2
57974,5
57975,3
57977,1
57978,1
57981,5
57984,8
57987,2
57990,2
57991,3
57994,2
57997,5
58000,4
58003,3
58004,3
58006,1
58007,1
58009,2
58010,1
58013,3
58016,6
58019,6
58020,3
58022,3
58023,4
58025,1
58026,2
58028,2
58029,7
58032,2
58035,5
58038,2
58039,1
58041,3
58042,4
58044,2
58045,3
58048,12
58051,3
58052,1
58054,1
58057,4
58061,1
58064,3
58067,10
58068,2
58070,1
58071,5
58073,3
58076,1
58077,2
58080,8
58083,3
58084,2
58086,1
58089,3
58090,2
58092,1
58093,5
58096,9
58099,4
58100,1
58102,4
58103,2
58106,1
58108,1
58109,1
58112,6
58115,2
58118,6
58121,3
58122,1
58124,1
58125,5
58128,2
58131,7
58134,3
58137,3
58138,6
58140,2
58141,7
58144,8
58147,7
58148,1
58150,4
58151,1
58153,3
58154,6
58156,1
58157,4
58160,5
58163,7
58164,2
58166,3
58167,1
58169,5
58170,5
58172,1
58173,1
58176,6
58179,3
58182,2
58183,3
58185,2
58186,3
58188,5
58189,4
58192,6
58195,4
58198,1
58199,2
58202,4
58205,2
58208,5
58211,2
58214,4
58215,2
58218,1
58220,2
58221,3
58224,4
58227,8
58228,2
58230,3
58231,4
58233,2
58234,3
58237,3
58240,7
58243,5
58246,4
58247,1
58249,1
58250,4
58252,3
58253,4
58256,1
58259,5
58260,1
58262,5
58263,1
58265,1
58266,2
58269,3
58272,9
58275,2
58276,1
58278,6
58279,6
58281,3
58282,2
58284,1
58285,3
58288,8
58291,3
58292,1
58294,5
58295,3
58297,3
58298,7
58301,4
58304,4
58307,3
58308,1
58310,5
58311,2
58313,3
58314,1
58317,2
58320,3
58323,3
58324,1
58326,1
58327,2
58329,2
58330,3
58336,5
58339,4
58340,3
58342,2
58343,2
58346,1
58349,4
58352,6
58355,7
58356,1
58358,5
58359,1
58362,2
58365,4
58368,3
58371,3
58374,2
58375,1
58377,2
58378,2
58380,1
58381,5
58384,4
58387,2
58388,1
58390,2
58391,2
58393,4
58394,2
58396,2
58397,1
58400,4
58403,2
58406,3
58407,3
58409,2
58410,4
58413,4
58416,5
58419,4
58420,1
58422,4
58423,1
58425,6
58426,2
58428,1
58429,3
58432,5
58435,1
58436,2
58438,3
58439,1
58441,2
58442,1
58444,1
58445,3
58448,7
58451,3
58452,2
58454,2
58455,2
58457,3
58458,4
58461,4
58464,3
58467,5
58470,2
58471,2
58473,4
58474,1
58476,1
58477,6
58480,3
58483,7
58484,3
58486,5
58487,1
58489,1
58490,4
58493,2
58496,3
58499,3
58500,1
58502,3
58503,4
58505,4
58509,1
58512,1
58515,4
58516,3
58518,5
58519,1
58521,2
58522,4
58524,2
58528,4
58531,3
58534,4
58535,1
58537,2
58538,2
58540,1
58541,2
58544,3
58547,3
58550,3
58551,1
58553,3
58554,4
58556,3
58557,4
58560,9
58566,5
58567,2
58569,1
58570,3
58573,6
58576,6
58579,2
58580,2
58582,2
58583,2
58585,3
58586,3
58588,1
58589,5
58592,4
58595,7
58598,3
58599,4
58601,3
58602,3
58604,1
58605,3
58608,1
58611,6
58612,1
58614,2
58617,1
58618,6
58620,2
58621,3
58624,5
58627,4
58630,5
58631,5
58633,3
58634,2
58636,1
58637,2
58640,9
58643,4
58646,2
58647,2
58650,3
58653,4
58656,7
58659,4
58662,5
58663,5
58665,1
58666,3
58668,2
58669,8
58672,7
58675,3
58676,1
58678,3
58679,2
58682,5
58685,4
58688,7
58691,2
58692,1
58694,5
58695,5
58698,4
58700,5
58701,5
58704,2
58707,2
58708,1
58710,2
58711,3
58713,3
58714,3
58717,6
58720,5
58723,3
58724,3
58726,3
58727,1
58729,4
58730,1
58733,2
58736,2
58739,3
58740,3
58742,1
58743,4
58745,2
58746,3
58748,1
58749,5
58752,5
58755,6
58756,1
58758,4
58759,3
58761,1
58762,5
58764,1
58765,2
58768,5
58771,3
58772,1
58774,1
58777,1
58778,1
58780,1
58781,7
58784,7
58787,5
58788,1
58790,3
58791,3
58793,2
58794,5
58796,1
58797,2
58800,3
58803,2
58804,1
58806,4
58807,1
58809,1
58810,2
58812,1
58813,1
58816,4
58819,5
58822,3
58823,3
58826,2
58828,2
58829,4
58832,5
58835,5
58838,3
58839,2
58841,3
58842,5
58845,2
58851,1
58852,2
58854,2
58855,2
58857,2
58858,2
58861,8
58864,4
58867,5
58868,3
58870,2
58873,1
58874,5
58877,1
58880,6
58883,5
58884,2
58887,2
58889,1
58890,2
58892,1
58893,4
58896,3
58899,3
58902,3
58903,2
58905,4
58906,5
58908,2
58909,5
58912,1
58915,2
58916,2
58918,3
58919,3
58921,2
58922,2
58925,4
58928,2
58931,5
58932,2
58934,3
58935,2
58937,4
58938,4
58944,5
58947,1
58948,1
58950,4
58951,2
58954,1
58956,1
58957,6
58960,3
58963,4
58964,1
58966,4
58967,1
58970,2
58973,1
58976,6
58979,3
58980,1
58982,2
58983,2
58985,1
58988,1
58989,2
58992,3
58995,1
58996,1
58998,5
58999,2
59001,5
59002,2
59004,3
59005,4
59008,5
59011,2
59012,3
59014,2
59015,3
59017,2
59020,1
59021,7
59024,10
59027,6
59028,3
59030,1
59031,2
59033,1
59034,3
59036,2
59037,5
59040,6
59043,3
59044,1
59046,4
59047,2
59050,3
59053,7
59056,5
59059,2
59060,2
59062,6
59065,1
59066,5
59069,4
59072,9
59075,1
59076,2
59078,4
59081,4
59082,1
59084,1
59085,3
59088,3
59091,4
59092,1
59097,1
59098,1
59101,3
59104,7
59107,3
59110,5
59111,3
59113,4
59114,1
59116,1
59117,5
59120,7
59124,2
59127,4
59129,1
59130,5
59133,4
59136,4
59139,3
59140,2
59142,3
59143,4
59145,3
59146,1
59149,2
59152,6
59155,6
59156,2
59158,1
59159,1
59161,2
59162,6
59164,4
59168,6
59171,2
59172,1
59174,6
59175,3
59177,2
59178,6
59180,1
59181,3
59184,2
59187,6
59188,3
59191,3
59193,2
59194,4
59197,3
59200,3
59203,2
59204,2
59206,5
59207,3
59209,1
59210,4
59212,3
59213,5
59216,5
59219,2
59220,1
59222,2
59223,3
59225,3
59226,1
59229,3
59232,4
59235,2
59236,1
59238,3
59239,1
59242,7
59245,5
59248,3
59251,3
59252,5
59254,4
59255,1
59257,2
59258,5
59261,4
59264,5
59267,4
59268,1
59270,3
59274,3
59277,3
59280,8
59283,6
59286,1
59287,1
59289,1
59290,4
59293,3
59296,5
59299,2
59302,5
59303,1
59305,2
59306,1
59308,1
59309,3
59312,7
59315,6
59316,1
59318,1
59319,1
59321,2
59322,2
59328,4
59331,4
59334,4
59335,2
59338,3
59341,5
59344,2
59347,2
59350,4
59351,5
59353,3
59354,5
59356,1
59357,3
59360,5
59363,2
59364,1
59366,5
59369,1
59370,5
59373,4
59376,4
59379,4
59380,3
59382,3
59383,2
59385,2
59386,4
59389,2
59392,7
59395,1
59398,3
59401,3
59402,4
59405,4
59408,5
59411,6
59414,1
59415,1
59417,1
59418,1
59424,6
59428,1
59431,2
59433,1
59434,3
59436,1
59437,3
59440,2
59443,6
59444,2
59446,2
59447,3
59449,2
59450,2
59452,1
59456,5
59459,1
59460,1
59462,5
59463,1
59465,1
59466,1
59469,4
59472,3
59478,3
59479,2
59481,3
59482,1
59484,2
59485,4
59488,9
59491,4
59492,1
59494,5
59495,2
59498,2
59500,1
59501,4
59504,3
59507,4
59510,1
59513,3
59514,3
59516,2
59517,3
59520,2
59523,4
59524,1
59526,3
59527,2
59529,1
59530,2
59532,1
59533,2
59536,4
59539,4
59540,1
59542,1
59543,2
59545,1
59546,3
59548,1
59549,1
59552,6
59555,2
59556,1
59558,4
59559,3
59561,1
59562,5
59564,1
59565,2
59568,3
59571,2
59572,2
59574,2
59577,2
59578,2
59580,1
59581,4
59584,10
59587,1
59590,4
59591,1
59594,1
59596,2
59597,2
59600,7
59603,4
59604,1
59606,6
59609,2
59610,3
59613,6
59616,5
59619,3
59620,1
59622,4
59623,1
59625,2
59626,2
59629,6
59632,1
59635,7
59638,1
59639,4
59641,5
59642,3
59644,2
59645,5
59648,8
59651,5
59654,3
59655,1
59657,2
59658,5
59660,2
59661,3
59664,7
59667,4
59670,2
59671,1
59673,3
59674,4
59677,4
59680,6
59683,3
59686,2
59687,1
59689,1
59690,5
59692,2
59693,1
59696,4
59699,6
59700,1
59702,1
59703,3
59705,2
59706,2
59708,4
59709,1
59712,3
59715,3
59718,5
59719,2
59721,1
59722,5
59724,2
59725,5
59728,5
59732,1
59735,1
59737,2
59738,1
59741,5
59744,10
59747,5
59750,3
59751,2
59753,2
59754,1
59756,2
59757,3
59760,3
59763,1
59766,2
59767,1
59769,3
59770,5
59773,6
59776,11
59779,4
59780,1
59782,4
59783,1
59786,2
59788,5
59789,4
59792,5
59795,5
59796,2
59798,4
59802,4
59805,5
59808,5
59811,2
59812,1
59814,2
59815,1
59817,1
59818,1
59821,6
59824,3
59828,1
59830,4
59831,3
59833,4
59834,2
59837,1
59840,5
59846,3
59847,2
59849,4
59850,4
59852,2
59853,5
59856,3
59859,8
59860,3
59862,1
59863,2
59865,1
59866,3
59868,2
59869,3
59872,3
59875,4
59878,3
59879,2
59881,3
59882,3
59884,1
59885,4
59888,6
59891,10
59892,2
59894,1
59895,2
59897,2
59898,2
59900,1
59901,2
59904,10
59907,2
59908,1
59910,1
59911,2
59913,1
59914,3
59916,2
59920,5
59923,3
59924,1
59927,2
59929,1
59930,4
59932,1
59933,2
59936,3
59939,3
59942,3
59943,2
59946,1
59949,7
59952,5
59955,2
59956,1
59958,4
59959,1
59962,3
59964,1
59968,4
59971,4
59974,4
59977,3
59978,3
59980,1
59981,9
59984,3
59987,4
59988,1
59990,3
59991,3
59993,1
59994,4
59996,1
59997,5
60000,4
60003,4
60004,1
60006,2
60007,1
60009,1
60010,2
60016,4
60019,8
60020,1
60022,3
60023,1
60026,3
60028,1
60029,2
60032,10
60035,5
60036,1
60038,1
60039,3
60041,1
60044,2
60045,1
60048,4
60051,3
60054,1
60055,3
60057,2
60058,3
60061,3
60064,8
60068,1
60070,2
60071,1
60074,2
60077,4
60080,5
60083,1
60084,1
60086,2
60087,1
60090,7
60092,1
60093,2
60096,6
60099,3
60100,2
60102,3
60103,2
60105,1
60106,2
60108,1
60109,4
60112,4
60115,1
60116,3
60118,2
60119,2
60121,2
60122,6
60125,4
60128,1
60131,2
60134,5
60135,1
60137,2
60138,2
60141,3
60144,2
60147,9
60150,2
60151,3
60153,1
60154,1
60157,2
60160,9
60163,4
60166,5
60167,2
60169,2
60170,4
60172,1
60176,1
60179,1
60182,2
60183,2
60185,2
60186,2
60188,3
60189,1
60192,5
60195,1
60199,3
60201,3
60202,2
60204,1
60205,2
60208,3
60211,2
60212,2
60214,2
60217,2
60218,2
60220,2
60221,3
60224,5
60227,3
60228,1
60230,5
60231,1
60234,4
60236,1
60237,3
60240,7
60243,4
60246,1
60247,3
60250,3
60252,2
60253,8
60256,3
60259,1
60260,2
60262,1
60263,2
60265,3
60266,2
60269,3
60272,6
60275,8
60276,1
60278,1
60282,2
60285,4
60288,5
60291,6
60294,4
60295,2
60297,2
60298,3
60300,3
60301,5
60304,4
60307,5
60310,1
60313,1
60314,3
60317,2
60320,7
60323,1
60326,2
60330,2
60333,3
60336,1
60339,4
60340,2
60342,4
60345,1
60346,1
60348,1
60349,4
60352,6
60355,2
60358,2
60359,3
60361,1
60362,1
60364,1
60365,8
60368,2
60371,4
60374,1
60375,1
60377,1
60378,1
60384,1
60387,4
60390,1
60391,1
60393,2
60394,2
60396,2
60397,4
60400,1
60403,8
60404,1
60406,1
60407,2
60409,3
60410,3
60413,1
60416,3
60419,1
60420,1
60422,4
60423,3
60425,2
60426,1
60428,1
60429,5
60432,2
60435,5
60438,1
60439,2
60441,3
60442,3
60444,1
60445,2
60448,3
60451,4
60452,1
60454,6
60457,2
60458,2
60460,1
60461,3
60464,2
60467,4
60470,4
60471,2
60473,4
60474,7
60477,4
60480,2
60483,2
60486,4
60487,1
60490,4
60492,1
60493,5
60496,4
60499,4
60500,1
60502,2
60503,1
60506,2
60512,4
60515,1
60516,1
60518,5
60522,1
60525,5
60528,4
60531,3
60534,2
60537,1
60538,3
60541,2
60544,5
60547,4
60548,1
60550,2
60551,3
60553,2
60557,2
60560,3
60563,5
60569,1
60570,3
60576,4
60579,3
60580,1
60582,2
60583,2
60586,4
60589,4
60592,4
60595,6
60596,2
60601,2
60602,4
60604,1
60605,5
60608,6
60611,4
60614,2
60615,1
60617,1
60618,2
60621,2
60624,3
60627,4
60630,1
60631,2
60633,4
60634,2
60636,1
60637,2
60643,1
60644,2
60646,2
60647,3
60649,2
60650,2
60653,10
60656,3
60659,4
60662,1
60663,2
60665,1
60666,3
60669,5
60672,4
60675,3
60678,4
60679,4
60682,1
60684,1
60685,4
60688,2
60691,2
60694,4
60695,1
60697,2
60701,2
60704,2
60707,3
60710,1
60711,4
60717,4
60720,7
60723,4
60724,1
60726,1
60727,1
60729,1
60730,1
60732,1
60733,4
60736,7
60739,3
60742,2
60743,4
60746,2
60749,5
60752,5
60756,2
60758,2
60759,1
60761,2
60762,4
60764,1
60765,1
60768,4
60771,1
60774,5
60775,6
60777,1
60778,3
60780,1
60781,4
60787,4
60788,3
60790,2
60791,1
60793,2
60794,3
60796,2
60797,4
60800,4
60803,1
60806,4
60810,1
60813,5
60816,3
60819,3
60822,1
60825,1
60826,5
60829,5
60832,3
60835,1
60836,1
60838,1
60839,1
60841,1
60842,2
60844,1
60845,7
60848,2
60851,1
60854,1
60855,4
60857,3
60858,2
60861,1
60864,2
60868,1
60870,4
60871,1
60874,3
60877,4
60883,2
60884,1
60886,1
60889,1
60890,4
60892,1
60893,1
60896,7
60899,2
60900,1
60902,1
60903,2
60905,1
60906,2
60908,1
60909,4
60912,4
60915,6
60916,2
60918,4
60919,1
60921,3
60922,3
60925,1
60928,3
60931,1
60932,2
60934,2
60935,3
60937,1
60938,1
60941,6
60944,2
60947,4
60950,3
60953,2
60954,3
60956,1
60957,4
60960,3
60963,3
60966,6
60967,1
60969,1
60970,2
60976,2
60979,1
60980,1
60985,1
60986,1
60988,3
60989,2
60992,9
60995,1
60998,3
60999,3
61001,1
61002,1
61005,3
61008,7
61011,6
61012,1
61014,1
61015,1
61017,1
61018,2
61021,2
61024,4
61027,2
61030,2
61031,2
61034,2
61037,1
61040,1
61043,4
61044,1
61046,2
61047,2
61050,3
61053,2
61056,2
61059,2
61060,1
61062,4
61063,1
61066,1
61068,1
61069,3
61072,3
61075,5
61078,1
61079,2
61081,1
61082,2
61085,2
61088,5
61091,2
61094,3
61097,1
61098,3
61100,2
61101,4
61104,2
61107,4
61108,1
61110,2
61111,2
61114,3
61117,2
61120,1
61123,1
61127,2
61129,2
61130,1
61133,3
61136,1
61139,1
61140,1
61143,2
61145,2
61146,1
61149,3
61152,5
61155,2
61158,3
61162,3
61165,4
61171,3
61172,1
61174,1
61175,1
61177,1
61178,3
61181,2
61184,1
61187,4
61190,1
61191,4
61193,1
61194,1
61196,1
61197,4
61200,2
61203,1
61206,1
61209,1
61210,2
61213,2
61216,9
61219,3
61222,3
61226,1
61228,1
61229,4
61232,2
61235,2
61238,1
61241,2
61242,1
61245,3
61248,4
61251,2
61252,1
61254,2
61255,1
61257,2
61258,5
61261,3
61264,3
61267,3
61270,1
61271,1
61273,2
61274,5
61277,1
61280,5
61283,3
61286,1
61287,1
61289,1
61290,1
61292,1
61293,2
61296,2
61299,3
61300,1
61306,1
61308,2
61309,2
61312,4
61318,2
61319,3
61321,1
61322,2
61325,2
61328,4
61331,2
61334,1
61335,2
61337,1
61338,1
61340,1
61341,3
61344,6
61347,6
61348,2
61350,1
61351,4
61353,1
61354,2
61357,5
61360,4
61363,1
61364,3
61366,1
61367,2
61369,4
61376,2
61379,2
61382,3
61383,2
61386,1
61389,5
61392,2
61395,3
61398,2
61401,5
61402,2
61404,1
61405,1
61408,4
61411,2
61412,1
61414,5
61415,3
61417,3
61418,1
61420,1
61421,2
61424,1
61427,3
61428,1
61430,4
61433,1
61434,2
61437,2
61440,6
61443,3
61444,1
61447,1
61449,2
61450,1
61452,1
61453,2
61456,6
61459,3
61460,2
61463,1
61465,3
61466,3
61469,1
61472,3
61478,3
61479,1
61482,2
61485,1
61488,3
61491,2
61494,1
61497,2
61498,6
61501,4
61504,4
61507,2
61508,2
61510,2
61513,2
61514,3
61516,2
61517,2
61520,4
61523,2
61526,2
61530,2
61533,1
61536,2
61539,2
61542,1
61545,1
61548,2
61549,2
61552,1
61555,2
61556,1
61558,2
61559,3
61562,2
61565,2
61571,1
61574,2
61577,1
61578,4
61581,3
61584,4
61587,4
61588,1
61590,2
61591,1
61593,2
61594,1
61596,1
61597,1
61600,5
61604,1
61606,3
61607,1
61609,2
61610,2
61612,2
61616,2
61619,1
61622,2
61623,2
61625,2
61626,4
61629,2
61632,3
61635,2
61638,3
61639,1
61642,2
61644,1
61645,3
61648,1
61651,3
61654,3
61658,2
61660,1
61661,1
61664,2
61667,1
61668,1
61670,1
61671,4
61673,1
61674,1
61677,5
61680,1
61683,3
61684,1
61686,1
61687,1
61689,1
61690,9
61693,2
61696,2
61699,4
61702,1
61703,2
61708,1
61709,2
61712,1
61715,2
61718,1
61721,4
61722,2
61725,2
61728,6
61732,1
61734,4
61735,1
61737,1
61738,2
61741,3
61744,3
61747,8
61753,1
61754,4
61756,1
61757,1
61760,4
61763,2
61766,2
61767,2
61769,1
61770,2
61773,4
61776,2
61779,3
61780,1
61782,2
61783,2
61785,1
61786,2
61788,1
61789,4
61792,2
61795,1
61798,6
61801,2
61802,1
61805,3
61808,1
61811,3
61814,3
61815,4
61817,3
61818,2
61820,1
61821,2
61824,5
61828,1
61830,2
61833,3
61837,4
61843,4
61844,3
61846,1
61849,2
61850,1
61852,1
61853,2
61856,2
61859,2
61862,3
61863,2
61865,1
61866,3
61869,6
61872,1
61876,1
61878,2
61879,2
61881,1
61882,1
61885,2
61888,9
61891,1
61892,1
61895,2
61897,1
61898,1
61900,1
61901,1
61904,3
61907,3
61908,2
61910,3
61911,1
61913,1
61917,2
61920,2
61923,5
61924,2
61926,2
61930,1
61933,2
61936,3
61939,4
61942,3
61943,2
61945,2
61949,4
61952,4
61956,1
61958,2
61959,1
61961,1
61962,1
61965,4
61968,1
61971,2
61972,3
61974,1
61975,3
61980,1
61981,4
61984,2
61987,1
61993,1
61994,2
61997,4
62000,2
62003,4
62004,1
62006,2
62007,2
62009,3
62010,2
62013,2
62016,4
62019,4
62020,1
62022,2
62025,1
62026,1
62029,3
62032,2
62035,3
62036,2
62038,4
62039,2
62042,2
62044,1
62045,3
62052,1
62054,2
62057,2
62060,1
62061,2
62064,5
62067,4
62068,1
62070,2
62074,2
62076,1
62077,1
62080,3
62083,2
62086,2
62087,2
62090,2
62092,3
62093,5
62096,6
62099,4
62100,1
62105,3
62106,3
62108,1
62109,1
62112,2
62115,1
62118,1
62121,1
62124,1
62125,2
62128,4
62131,4
62134,5
62137,3
62138,1
62140,1
62141,1
62144,2
62147,3
62150,2
62153,2
62154,1
62156,1
62157,2
62160,4
62163,2
62166,1
62169,1
62170,1
62172,1
62173,1
62176,2
62179,1
62182,2
62183,2
62186,6
62188,2
62192,2
62195,2
62198,6
62201,3
62205,4
62208,4
62211,3
62212,1
62214,2
62217,1
62218,2
62221,2
62224,1
62227,1
62230,2
62233,1
62234,4
62236,3
62237,2
62240,4
62243,1
62246,6
62247,1
62249,1
62250,2
62253,2
62256,2
62259,3
62260,1
62262,1
62263,1
62266,3
62269,1
62272,6
62275,2
62276,1
62278,2
62279,1
62282,1
62284,1
62285,2
62288,3
62291,2
62292,1
62294,1
62295,2
62297,1
62298,2
62300,1
62301,3
62304,5
62308,1
62310,2
62314,3
62317,4
62320,2
62323,1
62324,1
62326,1
62327,1
62329,2
62330,2
62333,1
62336,6
62339,1
62342,1
62343,2
62349,2
62352,4
62355,2
62356,3
62359,1
62362,1
62365,3
62371,3
62374,2
62381,1
62384,3
62387,4
62393,2
62394,2
62400,3
62403,1
62404,1
62406,4
62410,4
62413,3
62416,1
62419,2
62420,1
62423,2
62425,2
62426,5
62429,2
62432,4
62435,2
62439,2
62442,2
62444,1
62445,3
62448,3
62452,1
62454,2
62457,2
62458,1
62461,1
62464,6
62468,1
62471,1
62473,1
62474,1
62476,2
62477,1
62480,4
62483,1
62484,1
62486,1
62487,2
62489,3
62490,1
62493,6
62496,6
62499,1
62500,1
62502,1
62506,3
62509,2
62512,2
62515,3
62518,1
62521,2
62522,2
62525,1
62528,1
62531,1
62532,2
62534,1
62535,2
62538,3
62541,5
62544,6
62547,6
62548,1
62550,4
62551,1
62554,1
62557,2
62560,6
62563,1
62567,2
62569,3
62570,3
62573,2
62576,1
62579,1
62580,2
62586,4
62588,2
62589,5
62592,1
62595,3
62598,2
62601,1
62602,1
62605,2
62608,1
62611,4
62612,1
62617,1
62618,4
62621,2
62624,4
62627,2
62630,2
62633,1
62634,1
62637,3
62640,3
62643,3
62646,2
62649,1
62650,3
62653,2
62656,3
62659,1
62663,1
62665,1
62666,1
62669,5
62672,6
62678,2
62681,1
62682,2
62685,2
62688,4
62694,2
62698,1
62700,2
62701,4
62704,2
62707,2
62708,1
62710,1
62711,1
62713,2
62714,4
62717,1
62720,7
62723,1
62726,2
62727,1
62729,1
62730,1
62732,1
62733,4
62736,3
62739,4
62740,1
62743,2
62746,2
62748,1
62749,5
62755,2
62758,1
62762,1
62765,1
62771,5
62774,1
62775,1
62778,1
62780,1
62781,3
62784,5
62787,3
62790,3
62791,1
62794,1
62797,3
62800,1
62803,4
62806,2
62807,1
62809,3
62810,2
62813,1
62816,3
62820,1
62822,2
62825,2
62826,2
62829,3
62832,4
62835,2
62838,3
62839,2
62842,1
62844,1
62845,1
62848,3
62851,1
62854,2
62855,1
62857,1
62858,4
62861,2
62864,2
62867,2
62868,1
62870,1
62871,2
62876,1
62880,4
62886,4
62887,2
62889,2
62890,1
62893,3
62896,4
62899,2
62902,1
62903,1
62905,1
62906,3
62909,2
62912,2
62915,4
62916,1
62918,1
62919,3
62922,3
62925,5
62928,2
62931,3
62937,2
62938,2
62940,2
62941,2
62944,6
62947,3
62950,1
62951,2
62954,2
62957,2
62960,5
62963,1
62964,1
62966,1
62967,1
62969,1
62970,1
62972,2
62973,2
62979,2
62980,1
62982,1
62983,1
62985,2
62988,2
62989,4
62992,2
62995,1
62998,2
63001,1
63002,1
63008,4
63014,3
63015,2
63018,3
63021,1
63024,2
63028,1
63030,4
63031,2
63033,4
63034,4
63036,2
63037,3
63040,6
63043,1
63046,2
63049,1
63050,4
63053,3
63059,4
63060,3
63062,1
63063,3
63065,1
63066,2
63072,6
63075,4
63078,3
63079,1
63081,3
63082,2
63085,3
63088,3
63091,2
63094,1
63097,1
63098,1
63100,3
63101,2
63104,1
63107,3
63108,1
63110,2
63111,1
63114,4
63116,1
63117,6
63120,2
63123,3
63126,4
63127,1
63129,5
63130,2
63133,2
63136,5
63139,1
63140,2
63142,4
63143,1
63146,1
63148,1
63149,6
63152,2
63155,3
63158,1
63161,1
63162,2
63168,2
63171,6
63172,2
63174,1
63175,4
63177,1
63178,2
63181,2
63184,3
63188,1
63191,1
63193,1
63194,2
63196,1
63197,2
63200,2
63203,5
63206,4
63210,1
63212,3
63213,2
63216,1
63219,1
63222,4
63223,2
63226,2
63232,5
63235,2
63236,3
63238,2
63239,2
63241,4
63242,1
63245,2
63248,8
63252,1
63254,1
63257,2
63260,1
63261,2
63264,3
63267,1
63268,1
63270,1
63271,3
63274,1
63276,1
63277,2
63280,3
63283,5
63287,1
63289,4
63290,4
63293,1
63296,4
63299,3
63300,1
63302,1
63305,1
63306,1
63308,1
63309,1
63312,3
63315,2
63318,1
63319,1
63322,2
63324,1
63328,6
63331,1
63334,3
63335,1
63340,1
63344,1
63347,3
63348,1
63350,1
63353,1
63356,1
63357,1
63360,6
63363,2
63366,1
63367,2
63370,2
63372,1
63376,2
63379,2
63380,3
63382,3
63385,1
63386,4
63389,1
63392,3
63395,4
63398,2
63402,3
63404,1
63405,4
63408,2
63411,2
63412,1
63414,2
63417,1
63418,2
63421,3
63424,6
63427,3
63430,3
63431,2
63433,1
63434,3
63437,3
63440,2
63443,2
63446,1
63447,3
63449,1
63453,3
63456,5
63459,3
63460,1
63469,3
63472,1
63475,1
63478,1
63479,2
63481,1
63485,5
63488,2
63491,1
63492,1
63494,1
63497,2
63498,2
63501,2
63504,1
63507,2
63508,1
63510,1
63511,1
63513,1
63517,3
63520,2
63523,3
63524,1
63526,1
63527,2
63529,2
63530,1
63536,4
63539,4
63542,1
63543,1
63545,2
63546,1
63549,1
63552,3
63555,4
63556,1
63559,1
63562,3
63565,1
63568,4
63571,1
63574,2
63578,1
63581,1
63584,3
63590,1
63596,1
63597,1
63600,2
63603,5
63606,5
63607,1
63609,1
63613,3
63616,2
63622,3
63623,1
63626,1
63629,2
63632,2
63635,6
63638,4
63639,2
63641,2
63642,4
63644,2
63645,1
63648,3
63651,2
63654,1
63657,2
63658,2
63661,2
63664,1
63670,2
63671,1
63674,1
63677,3
63680,2
63683,2
63686,1
63687,2
63689,3
63690,1
63693,4
63696,4
63699,1
63700,1
63702,2
63705,1
63706,2
63709,3
63712,3
63715,1
63721,2
63722,2
63725,3
63731,2
63734,3
63737,2
63738,2
63740,1
63741,1
63744,3
63751,1
63753,2
63754,2
63757,4
63760,1
63763,1
63764,1
63766,2
63770,4
63773,1
63776,4
63779,1
63782,2
63783,1
63788,1
63792,4
63795,1
63796,1
63798,1
63799,4
63801,1
63802,2
63804,1
63805,2
63808,2
63811,4
63815,1
63818,1
63821,2
63824,2
63827,1
63831,2
63834,1
63836,1
63837,2
63840,4
63843,2
63846,2
63847,1
63850,2
63853,4
63856,2
63859,3
63862,1
63863,1
63866,1
63868,1
63869,2
63872,3
63875,1
63876,2
63881,2
63882,2
63884,1
63885,6
63888,1
63891,3
63895,2
63897,2
63901,2
63904,1
63907,4
63910,1
63911,3
63913,2
63914,2
63917,5
63920,1
63923,3
63929,1
63930,1
63932,1
63933,4
63936,4
63939,1
63942,2
63943,1
63945,2
63949,2
63952,1
63955,3
63958,2
63959,1
63961,2
63964,2
63968,3
63971,2
63974,2
63977,1
63978,1
63980,1
63987,2
63990,1
63991,3
63993,1
63994,1
63997,1
64000,5
64003,1
64006,1
64007,1
64009,2
64010,2
64013,3
64016,2
64019,2
64020,1
64022,2
64023,1
64025,1
64026,2
64029,1
64038,2
64041,1
64042,1
64045,1
64048,1
64051,3
64054,1
64057,5
64060,1
64061,3
64064,3
64067,1
64070,1
64071,1
64073,2
64074,4
64076,1
64077,2
64080,2
64083,4
64084,1
64087,2
64089,4
64093,1
64096,2
64099,3
64102,3
64105,2
64106,4
64108,1
64109,3
64112,2
64115,1
64116,1
64122,1
64125,1
64128,3
64131,1
64134,1
64135,1
64137,2
64138,1
64140,1
64141,2
64144,1
64147,4
64150,1
64153,3
64154,2
64156,2
64157,1
64160,3
64163,1
64164,1
64166,1
64170,1
64172,1
64173,6
64176,3
64179,1
64182,1
64183,2
64185,3
64186,1
64188,3
64189,4
64192,5
64195,2
64196,1
64198,1
64199,1
64201,1
64205,5
64208,1
64211,2
64212,1
64215,1
64218,1
64221,2
64224,2
64230,2
64231,2
64233,1
64234,2
64236,1
64237,1
64240,3
64243,1
64246,1
64247,4
64249,2
64250,2
64253,1
64256,4
64259,1
64262,2
64263,1
64265,3
64266,2
64268,2
64269,2
64275,1
64278,2
64282,3
64284,1
64285,2
64288,3
64291,1
64292,1
64294,3
64295,1
64298,4
64301,4
64304,1
64307,2
64310,1
64311,1
64313,1
64314,1
64317,1
64320,2
64323,1
64324,1
64327,2
64330,3
64333,3
64336,1
64339,5
64340,1
64342,3
64343,2
64345,2
64346,5
64352,2
64355,2
64359,1
64362,1
64364,1
64365,1
64368,1
64371,1
64375,1
64377,1
64378,3
64381,1
64384,3
64387,2
64390,2
64391,2
64393,2
64394,2
64396,1
64400,4
64403,2
64404,3
64406,1
64409,2
64412,3
64413,2
64419,1
64422,3
64423,2
64425,1
64426,4
64428,3
64432,3
64435,2
64436,2
64445,1
64448,4
64452,1
64457,3
64458,1
64460,1
64461,2
64464,1
64467,1
64468,1
64470,1
64473,1
64476,2
64477,1
64480,1
64483,4
64486,2
64487,1
64493,2
64496,3
64499,1
64502,2
64505,1
64506,1
64508,1
64509,3
64512,5
64515,3
64516,1
64518,2
64519,2
64522,3
64525,1
64528,2
64531,2
64532,1
64534,1
64535,1
64537,3
64538,4
64541,2
64544,4
64550,2
64553,3
64564,2
64566,2
64570,2
64573,1
64576,2
64579,3
64582,2
64583,2
64585,1
64586,1
64588,1
64589,1
64592,1
64595,2
64598,4
64599,2
64601,1
64602,2
64604,1
64605,1
64608,6
64611,1
64620,1
64621,1
64624,4
64627,2
64628,1
64630,1
64634,3
64637,1
64640,6
64644,2
64646,1
64647,1
64652,1
64653,2
64659,4
64660,1
64662,2
64663,1
64669,1
64672,3
64675,1
64676,1
64678,3
64682,6
64685,1
64688,2
64691,6
64692,1
64697,1
64698,4
64701,1
64704,4
64707,3
64710,2
64711,2
64713,1
64714,3
64717,2
64720,1
64723,3
64726,1
64727,1
64730,4
64733,2
64736,3
64739,1
64740,2
64742,1
64743,2
64745,2
64746,3
64749,4
64752,2
64755,1
64758,2
64759,2
64761,1
64762,3
64764,1
64765,1
64768,6
64771,1
64772,1
64774,1
64775,1
64777,1
64781,4
64784,3
64787,3
64791,3
64793,2
64796,1
64797,1
64800,6
64803,2
64804,1
64806,1
64809,2
64810,1
64812,1
64813,2
64816,3
64819,1
64822,1
64825,3
64826,2
64829,4
64832,4
64835,4
64838,7
64839,2
64841,2
64844,1
64845,4
64848,4
64851,1
64852,1
64858,1
64861,1
64864,8
64867,2
64870,1
64871,1
64874,3
64877,4
64880,3
64883,2
64884,1
64890,1
64899,1
64902,1
64903,2
64905,1
64906,1
64908,1
64909,4
64912,2
64915,2
64918,1
64919,1
64922,1
64928,1
64931,3
64932,1
64934,2
64938,1
64941,4
64944,1
64947,3
64950,2
64951,1
64953,3
64957,1
64960,2
64963,1
64964,2
64966,4
64967,1
64970,1
64972,3
64973,1
64976,2
64979,1
64985,5
64988,1
64992,2
64995,1
64998,1
64999,1
65001,2
65002,2
65004,1
65008,3
65014,1
65015,1
65017,4
65018,1
65020,1
65027,3
65030,3
65033,1
65034,1
65037,2
65040,1
65043,5
65044,1
65046,2
65050,2
65053,1
65062,2
65063,1
65066,1
65069,1
65072,3
65075,4
65076,1
65078,2
65079,3
65081,5
65082,2
65084,1
65085,1
65088,5
65091,4
65094,4
65095,1
65098,1
65101,1
65104,3
65107,3
65110,3
65114,1
65117,1
65120,3
65123,1
65126,1
65127,1
65130,2
65136,2
65139,4
65142,1
65145,1
65146,1
65149,1
65152,1
65155,3
65158,2
65159,1
65161,1
65164,1
65165,1
65168,3
65171,1
65174,3
65178,1
65181,3
65184,2
65187,3
65188,1
65190,2
65191,2
65193,1
65197,3
65203,4
65204,1
65206,1
65207,1
65209,2
65210,2
65213,1
65216,3
65219,3
65222,2
65223,1
65225,4
65226,2
65229,3
65232,5
65235,1
65238,1
65242,4
65248,2
65251,1
65258,1
65261,1
65264,1
65267,3
65268,2
65270,2
65271,1
65274,2
65277,1
65280,3
65284,1
65286,1
65287,1
65290,2
65292,1
65293,2
65296,1
65299,1
65300,1
65302,2
65303,2
65305,1
65309,1
65315,2
65318,2
65319,1
65321,1
65331,1
65337,2
65341,2
65344,3
65351,1
65353,3
65354,1
65360,3
65363,2
65367,4
65373,1
65376,4
65386,2
65389,2
65392,3
65395,3
65398,1
65401,1
65402,3
65404,1
65405,2
65408,2
65411,4
65412,1
65414,1
65415,1
65417,2
65420,1
65421,1
65424,1
65427,1
65428,1
65431,1
65433,1
65434,2
65436,1
65440,5
65443,2
65446,1
65447,1
65449,1
65450,1
65453,2
65456,2
65459,4
65460,1
65462,1
65463,1
65465,1
65466,1
65469,4
65472,3
65476,1
65478,1
65481,1
65484,1
65485,1
65491,5
65494,1
65497,2
65498,1
65504,1
65507,1
65510,2
65511,2
65514,1
65517,2
65523,1
65524,1
65530,1
65533,1
65536,1
65542,1
65543,2
65546,2
65552,3
65555,4
65558,1
65562,3
65564,1
65571,2
65574,2
65578,2
65580,1
65581,2
65584,4
65587,1
65590,1
65591,2
65593,1
65594,2
65597,1
65600,2
65603,1
65606,1
65607,1
65609,1
65610,2
65613,4
65616,4
65619,2
65622,2
65626,1
65629,3
65632,2
65638,2
65639,3
65642,2
65644,1
65645,2
65648,3
65652,2
65655,1
65657,2
65658,1
65661,1
65664,2
65667,2
65670,3
65673,2
65674,2
65676,2
65677,2
65680,2
65683,4
65686,1
65687,1
65689,1
65690,2
65696,3
65699,2
65702,1
65703,2
65705,1
65706,3
65709,3
65712,3
65715,3
65716,1
65719,2
65722,5
65725,3
65728,6
65731,2
65737,1
65738,1
65741,3
65744,3
65747,3
65750,2
65753,3
65754,1
65756,1
65757,1
65760,4
65763,1
65766,3
65767,2
65769,1
65773,3
65776,3
65779,4
65782,3
65783,1
65785,2
65786,3
65792,1
65795,1
65798,1
65799,1
65801,1
65802,2
65804,3
65805,3
65808,2
65811,2
65812,1
65817,1
65818,1
65820,1
65821,2
65824,3
65833,1
65836,1
65840,3
65843,1
65844,1
65847,1
65853,2
65859,1
65863,1
65865,2
65875,4
65879,2
65882,2
65885,1
65888,1
65892,1
65894,1
65898,4
65900,2
65901,1
65904,1
65910,2
65913,1
65917,5
65924,1
65927,1
65929,2
65932,1
65933,2
65939,1
65942,2
65943,2
65946,3
65949,1
65955,2
65956,1
65959,2
65961,2
65962,1
65965,2
65968,2
65971,1
65972,3
65974,1
65975,1
65977,1
65978,1
65981,2
65984,3
65987,1
65988,1
65991,1
65994,2
65996,1
66000,3
66003,1
66004,2
66006,6
66007,2
66009,1
66010,2
66012,2
66016,1
66019,2
66022,4
66023,2
66025,1
66026,2
66028,1
66029,1
66032,2
66035,1
66038,2
66039,1
66042,4
66051,1
66052,1
66054,2
66055,1
66060,1
66067,2
66068,1
66070,1
66071,3
66073,1
66074,1
66080,1
66083,2
66087,1
66089,1
66090,1
66093,3
66096,1
66099,2
66105,1
66109,1
66115,2
66121,1
66122,1
66125,1
66131,3
66134,1
66137,1
66138,2
66140,1
66141,2
66144,4
66147,1
66148,1
66150,1
66151,1
66157,4
66163,3
66167,3
66169,1
66170,1
66173,1
66179,3
66182,2
66185,1
66186,2
66188,1
66189,2
66192,2
66198,3
66199,1
66202,3
66204,1
66205,1
66208,4
66212,2
66214,2
66220,1
66221,2
66224,2
66227,2
66230,1
66233,2
66237,6
66240,1
66243,4
66247,1
66252,2
66253,1
66256,3
66260,2
66262,3
66263,2
66265,1
66266,2
66269,1
66272,2
66275,1
66281,1
66282,2
66285,6
66288,6
66291,2
66294,1
66297,1
66298,3
66300,1
66301,3
66304,2
66307,1
66311,1
66313,1
66314,1
66317,2
66326,2
66327,2
66330,3
66336,2
66339,1
66342,3
66343,3
66345,1
66349,2
66352,1
66355,1
66358,3
66361,1
66362,2
66365,2
66368,2
66371,2
66374,1
66377,1
66380,1
66381,4
66384,5
66387,2
66390,3
66391,1
66397,4
66400,3
66403,1
66404,1
66406,1
66407,1
66409,1
66410,2
66413,1
66416,1
66419,1
66420,2
66422,1
66423,5
66426,1
66428,2
66429,3
66435,2
66438,3
66439,1
66441,2
66442,1
66445,2
66448,1
66451,1
66454,3
66455,2
66457,1
66461,2
66464,2
66467,1
66470,2
66471,3
66473,4
66474,1
66476,1
66477,2
66480,1
66483,2
66486,1
66487,2
66489,2
66492,1
66493,1
66496,4
66503,2
66505,1
66506,1
66509,2
66512,2
66515,1
66519,1
66521,1
66522,1
66528,4
66531,2
66538,1
66541,2
66547,1
66548,1
66551,2
66553,1
66554,1
66557,2
66560,4
66563,2
66566,1
66570,2
66573,1
66576,4
66579,2
66580,1
66582,1
66583,1
66585,1
66586,2
66592,2
66595,2
66599,1
66601,1
66604,1
66605,3
66608,2
66611,2
66612,3
66614,1
66618,2
66621,2
66624,1
66630,1
66633,1
66637,1
66640,3
66643,2
66647,2
66649,2
66650,1
66653,2
66656,1
66659,1
66663,1
66668,1
66669,3
66672,4
66675,3
66678,1
66682,2
66684,1
66685,5
66694,1
66698,1
66701,1
66704,3
66707,2
66710,1
66711,1
66713,3
66716,1
66717,1
66720,2
66723,1
66724,1
66726,2
66727,1
66730,1
66733,2
66739,1
66740,1
66742,1
66745,2
66748,1
66752,1
66758,2
66759,2
66761,1
66765,1
66768,3
66771,1
66772,1
66775,1
66777,1
66778,1
66781,1
66784,2
66787,1
66790,2
66797,4
66800,2
66803,2
66804,2
66806,1
66807,1
66810,1
66813,5
66816,2
66822,1
66823,1
66826,1
66828,1
66835,1
66836,2
66841,2
66845,2
66848,3
66851,2
66852,1
66855,2
66857,1
66858,1
66861,3
66867,1
66873,2
66874,1
66880,2
66883,1
66886,1
66887,1
66889,2
66890,1
66892,1
66893,3
66896,2
66899,1
66900,1
66905,1
66906,3
66909,2
66915,2
66916,1
66918,2
66919,1
66921,1
66922,2
66925,1
66928,2
66932,1
66934,1
66935,2
66937,1
66941,3
66944,5
66950,1
66951,1
66954,1
66957,3
66960,3
66963,3
66964,3
66966,2
66967,1
66970,2
66973,1
66979,3
66982,3
66983,2
66985,1
66986,1
66989,2
66992,2
66995,2
66996,2
67001,1
67002,1
67005,1
67008,1
67011,2
67012,1
67017,2
67018,1
67020,1
67021,2
67024,4
67027,4
67034,2
67037,2
67040,4
67043,1
67047,3
67052,1
67053,1
67056,2
67059,1
67062,2
67065,1
67072,2
67075,1
67076,1
67078,1
67082,2
67084,2
67088,4
67091,2
67095,1
67097,1
67101,4
67110,3
67111,3
67114,1
67116,1
67120,1
67123,1
67129,1
67130,1
67133,3
67143,2
67145,1
67146,4
67149,1
67152,4
67155,4
67159,1
67162,1
67165,2
67168,2
67171,1
67174,1
67184,4
67187,1
67190,1
67191,2
67193,1
67194,1
67197,1
67200,2
67203,2
67206,1
67207,1
67210,1
67212,1
67213,5
67216,2
67219,3
67229,1
67232,3
67235,1
67238,3
67239,1
67242,1
67245,3
67248,2
67252,1
67254,2
67257,3
67258,3
67261,1
67264,2
67268,2
67270,1
67274,4
67276,1
67277,2
67280,3
67283,1
67286,2
67289,1
67290,2
67293,4
67296,3
67300,1
67302,2
67303,1
67305,1
67309,1
67312,4
67315,3
67319,1
67321,2
67322,2
67324,2
67325,1
67328,4
67331,3
67332,1
67334,1
67338,2
67347,1
67351,2
67357,1
67360,2
67363,1
67366,1
67373,5
67379,1
67382,2
67385,2
67386,1
67389,1
67392,2
67395,1
67396,3
67402,1
67405,1
67408,1
67412,3
67418,3
67424,2
67427,1
67430,2
67431,2
67433,2
67434,2
67437,1
67443,3
67444,1
67446,1
67453,2
67456,3
67459,4
67460,1
67463,2
67465,1
67466,2
67469,1
67472,1
67475,4
67478,1
67479,1
67484,1
67485,2
67488,2
67491,1
67495,4
67497,1
67504,2
67510,3
67511,1
67514,1
67523,3
67524,1
67526,3
67530,2
67532,1
67533,2
67536,1
67539,1
67542,1
67543,1
67545,1
67546,3
67548,1
67552,7
67558,2
67559,1
67561,1
67562,2
67568,2
67574,2
67575,1
67577,2
67584,2
67587,1
67590,1
67591,2
67600,3
67603,1
67606,2
67609,1
67610,1
67612,1
67613,4
67616,2
67619,3
67620,2
67628,1
67629,3
67632,2
67635,2
67641,1
67645,1
67654,1
67655,2
67661,3
67664,2
67667,1
67670,2
67671,2
67676,3
67677,3
67680,3
67683,1
67687,1
67690,1
67692,1
67693,1
67696,2
67699,1
67702,1
67706,1
67709,1
67712,2
67716,1
67719,2
67722,2
67728,3
67734,1
67735,1
67737,1
67741,2
67744,2
67747,1
67751,2
67753,1
67754,1
67757,3
67760,1
67763,1
67766,3
67769,1
67770,2
67773,1
67776,1
67779,1
67783,1
67785,1
67786,1
67788,2
67792,1
67795,1
67798,3
67802,2
67805,2
67808,4
67811,1
67814,1
67815,2
67818,3
67821,1
67824,3
67827,2
67830,2
67837,1
67840,3
67843,1
67846,3
67847,2
67849,1
67850,2
67852,1
67856,1
67859,4
67860,1
67862,1
67863,3
67865,1
67866,2
67869,1
67872,3
67875,3
67878,2
67879,1
67881,2
67885,1
67888,1
67891,1
67894,1
67901,3
67907,2
67910,1
67913,1
67914,1
67916,2
67917,2
67920,3
67923,1
67930,2
67932,2
67933,1
67936,3
67939,1
67940,1
67942,2
67946,1
67948,1
67949,1
67955,3
67958,1
67962,1
67968,3
67971,2
67974,1
67975,1
67977,1
67981,3
67984,3
67987,2
67994,2
67997,2
68000,2
68004,1
68009,1
68010,2
68016,3
68019,1
68025,1
68029,1
68032,2
68035,2
68038,2
68041,1
68042,3
68044,1
68051,1
68054,2
68055,2
68057,4
68061,1
68064,1
68067,1
68071,2
68076,1
68077,2
68080,1
68083,2
68089,1
68092,1
68096,1
68102,2
68105,1
68106,1
68109,1
68115,1
68118,1
68125,1
68128,2
68131,1
68138,2
68141,1
68144,2
68147,2
68150,1
68151,2
68153,2
68157,6
68160,2
68163,1
68164,1
68166,3
68169,1
68173,2
68176,2
68179,2
68180,1
68182,3
68185,1
68186,2
68192,1
68195,1
68202,2
68205,2
68208,4
68211,1
68212,1
68214,2
68217,1
68218,1
68220,1
68221,2
68224,1
68227,1
68228,1
68230,2
68234,3
68237,2
68240,4
68246,1
68249,1
68250,1
68253,4
68256,2
68259,1
68262,4
68263,2
68266,1
68269,2
68272,1
68275,3
68276,1
68279,1
68282,1
68288,2
68291,1
68292,1
68295,1
68297,1
68301,5
68304,1
68307,2
68308,2
68310,3
68311,1
68313,2
68314,1
68317,1
68320,1
68323,1
68333,1
68339,3
68343,1
68345,1
68346,1
68349,1
68356,1
68365,2
68368,4
68374,3
68375,2
68377,1
68378,2
68381,3
68384,2
68387,1
68390,1
68391,1
68393,2
68394,3
68397,2
68400,3
68403,1
68406,1
68407,1
68409,1
68413,1
68416,3
68419,1
68429,1
68435,2
68436,1
68439,1
68441,1
68442,1
68445,1
68448,1
68451,2
68454,1
68457,1
68458,1
68460,1
68461,3
68467,1
68470,1
68477,2
68480,1
68483,1
68489,2
68490,1
68493,1
68496,1
68499,1
68502,1
68503,1
68506,1
68509,1
68512,3
68515,1
68518,1
68519,1
68521,1
68522,1
68524,3
68525,1
68528,3
68531,2
68534,1
68537,1
68538,1
68541,4
68544,3
68547,2
68550,1
68553,1
68560,1
68563,3
68566,1
68570,2
68573,1
68579,1
68582,2
68585,1
68589,2
68592,1
68595,1
68599,2
68602,1
68605,4
68608,1
68611,1
68614,1
68617,1
68618,1
68624,4
68627,2
68630,3
68631,1
68633,2
68637,2
68640,1
68643,3
68647,3
68653,1
68659,4
68660,1
68662,3
68665,1
68666,1
68669,1
68672,2
68675,2
68676,1
68678,1
68679,2
68682,1
68688,4
68691,2
68694,1
68695,1
68704,4
68707,1
68708,1
68717,1
68720,1
68723,2
68726,1
68733,1
68739,1
68742,1
68743,1
68745,2
68749,3
68752,3
68758,1
68761,1
68764,2
68765,1
68768,1
68771,1
68774,2
68775,1
68777,3
68778,2
68781,1
68797,3
68803,2
68804,1
68807,1
68810,1
68812,1
68816,2
68819,2
68829,2
68832,2
68836,1
68838,2
68839,1
68841,1
68842,1
68848,3
68851,1
68857,1
68858,1
68860,1
68861,3
68864,2
68871,1
68874,2
68877,2
68883,2
68886,3
68887,1
68892,1
68893,1
68896,1
68902,1
68905,2
68908,2
68909,1
68915,1
68918,1
68919,1
68921,1
68922,1
68928,3
68931,3
68935,1
68937,1
68940,1
68941,1
68944,2
68947,2
68950,1
68953,1
68960,4
68963,1
68967,1
68973,3
68976,1
68982,1
68985,2
68989,1
68992,5
68996,1
68998,1
68999,1
69002,1
69011,1
69014,1
69017,1
69018,1
69021,2
69024,3
69027,5
69037,4
69040,1
69050,1
69052,1
69053,3
69056,1
69062,1
69065,1
69072,2
69078,2
69081,1
69082,1
69088,3
69094,1
69095,2
69097,2
69098,1
69100,1
69104,1
69107,1
69110,1
69114,1
69117,1
69120,1
69123,2
69129,1
69130,3
69132,1
69136,2
69139,1
69152,2
69155,1
69156,1
69158,1
69162,1
69164,1
69168,3
69171,2
69175,2
69177,3
69178,4
69181,1
69187,1
69190,4
69197,1
69200,1
69207,2
69209,1
69210,1
69212,1
69216,3
69219,1
69222,2
69223,1
69226,1
69229,2
69232,1
69235,1
69242,1
69245,3
69248,3
69254,1
69261,2
69264,2
69268,1
69270,3
69274,2
69277,1
69286,2
69289,2
69290,2
69292,1
69299,1
69300,1
69306,1
69309,1
69315,1
69318,2
69319,1
69321,3
69325,1
69334,1
69335,1
69338,1
69341,1
69344,3
69357,1
69360,2
69363,1
69366,1
69370,1
69373,1
69376,2
69382,1
69385,1
69386,1
69389,1
69392,2
69396,1
69402,3
69405,3
69411,1
69414,2
69415,1
69418,1
69420,1
69421,3
69424,2
69434,1
69437,2
69440,2
69443,1
69446,2
69449,1
69452,1
69456,1
69459,4
69466,3
69469,1
69472,1
69476,1
69478,1
69479,2
69481,1
69485,3
69491,1
69498,3
69507,1
69510,1
69511,2
69513,1
69516,1
69517,2
69523,1
69524,2
69529,1
69533,1
69536,3
69539,1
69542,2
69546,2
69549,2
69555,1
69559,1
69561,1
69565,1
69568,3
69574,1
69578,2
69581,1
69584,1
69587,4
69594,1
69600,1
69603,1
69606,4
69609,2
69616,2
69619,1
69629,3
69632,3
69639,1
69645,1
69648,2
69652,1
69655,1
69658,1
69661,1
69664,1
69670,1
69671,1
69674,3
69677,1
69680,2
69686,2
69687,1
69693,1
69696,2
69706,1
69709,1
69712,2
69715,1
69721,1
69724,1
69728,3
69731,3
69734,2
69735,2
69747,1
69748,1
69754,2
69757,1
69760,4
69766,1
69767,1
69770,1
69773,3
69782,1
69783,1
69785,2
69786,2
69789,1
69792,1
69795,2
69798,1
69821,1
69824,2
69827,1
69830,1
69831,2
69840,1
69843,1
69846,2
69849,3
69850,1
69852,1
69853,1
69859,2
69862,1
69868,1
69869,3
69872,2
69875,1
69876,1
69879,1
69885,2
69888,1
69891,1
69894,1
69895,1
69898,1
69901,2
69907,1
69910,1
69911,1
69913,1
69920,4
69923,1
69929,2
69936,2
69943,1
69946,1
69955,1
69958,4
69965,1
69971,1
69974,1
69977,2
69987,1
69990,1
69993,1
69994,1
69997,1
70000,2
70003,1
70006,2
70016,2
70022,1
70029,2
70032,1
70035,2
70038,1
70039,1
70042,1
70048,2
70054,2
70057,2
70061,2
70064,1
70067,2
70068,1
70070,1
70073,1
70074,2
70076,1
70077,1
70080,1
70084,2
70087,2
70089,1
70090,2
70093,1
70096,1
70099,2
70105,1
70118,1
70119,1
70128,1
70131,2
70132,1
70135,1
70138,2
70141,1
70144,1
70147,2
70148,1
70153,2
70156,1
70160,1
70163,2
70166,1
70170,1
70173,1
70176,2
70179,1
70183,1
70192,1
70199,1
70202,2
70208,2
70218,1
70221,1
70224,1
70227,3
70230,3
70233,1
70240,1
70243,1
70247,1
70249,2
70256,1
70259,2
70260,1
70263,1
70265,1
70269,1
70272,1
70275,1
70282,1
70288,2
70291,1
70297,1
70298,1
70301,1
70310,1
70314,3
70326,2
70330,2
70333,2
70336,3
70342,2
70352,2
70355,1
70358,1
70359,1
70371,1
70375,1
70380,1
70384,2
70393,1
70397,2
70400,1
70403,1
70404,2
70406,1
70407,1
70409,1
70410,1
70416,1
70422,1
70425,1
70426,1
70429,3
70439,2
70442,2
70444,1
70445,2
70451,2
70452,1
70454,1
70457,1
70461,1
70464,1
70467,2
70470,1
70471,1
70476,1
70483,1
70490,1
70492,1
70493,1
70496,1
70499,3
70503,1
70505,1
70512,1
70515,1
70519,1
70521,1
70522,1
70524,1
70525,2
70528,2
70544,1
70547,1
70548,1
70554,1
70557,1
70563,1
70572,1
70573,1
70579,2
70586,2
70589,2
70592,1
70595,2
70598,1
70608,2
70611,1
70612,1
70618,1
70630,1
70637,2
70653,1
70656,2
70659,2
70663,1
70669,1
70675,2
70681,3
70682,1
70688,2
70691,1
70697,1
70698,1
70704,2
70707,1
70711,1
70716,1
70723,2
70724,1
70729,1
70736,2
70739,1
70740,1
70743,1
70746,1
70752,2
70758,1
70771,2
70777,1
70778,1
70780,1
70784,1
70787,1
70788,1
70790,2
70793,1
70794,2
70797,1
70806,1
70816,1
70819,1
70822,1
70829,2
70832,1
70835,1
70836,1
70842,1
70845,1
70854,1
70855,1
70858,1
70861,1
70864,1
70867,1
70870,1
70873,1
70874,1
70877,2
70880,2
70883,2
70884,1
70896,1
70906,2
70909,1
70915,1
70925,1
70931,1
70932,1
70934,1
70938,1
70944,2
70947,1
70950,2
70957,1
70967,1
70970,1
70973,1
70979,1
70982,3
70986,2
70988,1
70989,4
70992,2
70995,2
70998,1
71008,1
71011,1
71014,1
71015,1
71021,2
71030,2
71033,2
71037,1
71040,1
71044,1
71047,1
71056,1
71059,2
71063,1
71065,1
71066,1
71068,1
71069,1
71084,1
71097,1
71098,1
71100,1
71101,2
71107,1
71110,2
71123,1
71140,2
71142,1
71145,1
71146,1
71148,2
71149,1
71155,2
71162,2
71171,1
71187,3
71190,1
71191,1
71193,1
71194,1
71197,1
71206,1
71207,1
71213,1
71216,1
71222,1
71223,1
71226,1
71229,1
71232,2
71238,1
71245,3
71251,1
71254,1
71260,1
71261,1
71264,1
71271,2
71273,1
71274,1
71280,3
71283,1
71287,1
71289,1
71290,2
71292,1
71299,4
71303,2
71309,2
71312,3
71315,1
71321,1
71340,1
71341,1
71347,2
71360,4
71366,1
71370,1
71373,1
71376,2
71379,2
71380,1
71382,3
71383,1
71389,1
71401,1
71402,1
71404,1
71405,2
71411,2
71414,1
71415,1
71417,1
71428,1
71437,1
71440,1
71443,1
71446,2
71450,1
71459,1
71465,1
71469,2
71475,2
71476,1
71481,1
71485,1
71488,1
71491,1
71501,1
71504,2
71510,5
71514,1
71516,1
71517,2
71520,4
71523,2
71530,1
71536,1
71543,1
71549,1
71552,2
71555,1
71559,1
71568,1
71578,1
71581,1
71587,1
71588,1
71590,1
71594,1
71597,1
71603,2
71609,1
71622,1
71623,1
71626,1
71635,2
71638,1
71648,4
71651,2
71664,2
71667,2
71677,1
71680,1
71683,2
71686,1
71696,2
71699,2
71703,1
71705,1
71708,1
71719,1
71735,2
71737,1
71738,3
71744,1
71747,1
71750,4
71751,2
71756,1
71757,2
71763,2
71770,2
71773,1
71776,1
71779,1
71780,1
71786,1
71792,1
71796,1
71801,1
71802,1
71811,1
71821,1
71824,1
71834,1
71837,1
71840,1
71843,1
71853,2
71856,2
71859,1
71863,1
71869,2
71872,1
71875,1
71881,1
71885,1
71891,1
71904,1
71907,1
71916,2
71923,2
71929,1
71932,1
71943,1
71945,2
71955,1
71959,1
71962,1
71964,1
71965,1
71968,1
71971,1
71974,1
71978,1
71981,2
71988,1
71994,1
72000,2
72007,1
72019,1
72023,1
72025,1
72026,2
72028,1
72035,1
72048,2
72058,1
72067,1
72077,1
72089,1
72090,2
72102,2
72106,1
72115,1
72118,1
72128,2
72134,2
72150,1
72156,1
72157,2
72172,1
72173,1
72176,1
72179,2
72189,1
72192,2
72205,2
72211,2
72215,1
72221,1
72224,2
72236,1
72237,1
72243,1
72250,2
72252,1
72253,1
72256,3
72266,2
72272,2
72291,1
72295,1
72301,1
72320,1
72323,3
72330,2
72333,1
72336,1
72339,1
72342,1
72343,2
72349,1
72356,1
72358,1
72368,1
72377,1
72381,1
72387,2
72388,1
72390,2
72393,1
72396,1
72397,1
72400,1
72403,2
72406,1
72407,1
72413,1
72416,2
72422,1
72429,1
72432,2
72435,1
72448,1
72454,1
72467,1
72470,2
72483,1
72486,1
72505,1
72509,1
72515,1
72516,1
72522,1
72525,1
72544,1
72547,1
72550,1
72563,1
72570,1
72573,1
72579,1
72582,1
72585,1
72588,2
72589,1
72595,1
72605,2
72608,1
72611,1
72617,1
72621,1
72630,1
72634,2
72646,1
72649,1
72650,1
72653,1
72672,1
72675,1
72676,1
72681,1
72695,1
72704,1
72708,1
72713,2
72714,1
72716,1
72730,1
72736,1
72743,1
72749,1
72759,1
72761,1
72762,1
72768,1
72771,1
72775,1
72784,1
72803,1
72809,2
72819,1
72820,1
72835,2
72842,2
72845,3
72854,1
72857,1
72864,1
72880,1
72887,1
72890,1
72893,2
72896,1
72909,1
72912,2
72915,1
72918,1
72919,1
72928,1
72931,2
72935,2
72967,1
72969,1
72998,1
72999,1
73005,1
73011,1
73012,1
73021,1
73034,2
73037,2
73040,1
73050,1
73053,1
73056,1
73068,1
73069,1
73075,1
73085,1
73088,1
73091,1
73095,2
73097,1
73101,1
73117,1
73126,1
73140,1
73145,2
73149,1
73159,2
73162,1
73165,1
73178,3
73184,1
73187,1
73190,2
73206,1
73216,1
73219,1
73229,1
73232,1
73235,1
73248,1
73251,1
73274,1
73280,1
73283,1
73286,1
73296,1
73299,1
73302,1
73303,1
73312,1
73315,1
73318,1
73325,2
73328,1
73334,4
73357,1
73364,1
73370,1
73376,1
73385,1
73401,2
73402,2
73405,1
73411,1
73414,1
73418,1
73427,2
73430,1
73444,1
73447,1
73462,1
73468,1
73469,1
73498,1
73504,1
73507,1
73542,1
73561,1
73581,3
73588,1
73591,1
73607,1
73616,3
73622,2
73645,1
73664,2
73668,1
73670,2
73680,1
73683,1
73690,1
73699,1
73703,1
73712,2
73718,1
73741,1
73747,2
73748,1
73750,1
73754,1
73760,1
73763,1
73764,1
73773,1
73788,1
73805,1
73811,1
73817,1
73820,2
73833,1
73837,2
73843,1
73863,1
73865,2
73869,2
73881,1
73888,1
73898,1
73907,1
73942,2
73948,1
73949,1
73962,2
73965,1
73991,1
73993,1
73994,1
73997,2
74007,1
74019,1
74028,1
74035,1
74048,2
74064,1
74068,1
74090,1
74096,1
74100,1
74105,1
74112,1
74128,1
74150,2
74169,1
74186,2
74189,2
74195,1
74205,1
74211,1
74214,1
74224,1
74227,2
74236,1
74243,1
74250,1
74259,1
74265,1
74275,1
74308,1
74316,1
74317,1
74336,1
74342,2
74346,1
74348,1
74361,1
74375,1
74377,1
74381,1
74400,1
74413,1
74416,1
74435,1
74445,1
74448,1
74451,2
74464,1
74473,1
74477,1
74480,1
74489,1
74496,1
74509,1
74512,1
74522,1
74541,1
74547,1
74550,1
74560,1
74563,1
74569,1
74576,2
74592,1
74614,1
74624,1
74659,3
74669,3
74675,1
74681,1
74695,1
74704,1
74714,1
74727,1
74733,1
74749,1
74761,1
74806,1
74816,1
74820,1
74822,1
74832,1
74841,1
74844,1
74845,1
74848,1
74880,1
74883,2
74896,1
74918,1
74919,1
74941,1
74963,1
74966,1
74985,1
75008,2
75012,1
75014,1
75036,1
75040,1
75043,1
75066,1
75088,1
75094,1
75107,1
75132,1
75146,2
75152,1
75168,2
75172,1
75174,2
75181,1
75219,1
75245,1
75258,1
75270,1
75284,1
75296,1
75302,1
75331,1
75341,1
75353,1
75360,1
75373,1
75388,1
75392,1
75408,1
75424,1
75453,1
75456,1
75498,1
75501,1
75504,1
75508,1
75517,1
75536,1
75542,1
75559,1
75565,1
75600,1
75613,1
75629,1
75639,1
75651,1
75674,1
75677,1
75693,1
75696,2
75737,1
75747,1
75751,2
75773,1
75780,1
75795,1
75801,1
75802,1
75856,1
75866,1
75872,1
75901,1
75904,1
75907,1
75929,1
75958,1
75961,1
75965,1
75971,1
75990,1
76045,1
76051,1
76054,1
76086,1
76134,1
76157,1
76160,1
76163,1
76183,2
76202,1
76211,1
76230,1
76234,1
76279,1
76284,1
76307,1
76329,1
76346,2
76352,1
76355,1
76432,1
76457,1
76509,1
76531,1
76550,1
76560,1
76576,1
76582,1
76592,1
76605,1
76621,1
76643,1
76662,2
76694,1
76711,1
76746,1
76761,1
76771,1
76777,1
76778,1
76794,1
76807,1
76819,1
76854,1
76858,1
76886,1
76896,1
76938,1
76944,1
76963,1
76973,1
76982,1
77069,1
77085,1
77091,1
77117,1
77120,1
77123,1
77149,1
77197,2
77255,1
77290,1
77299,1
77388,1
77411,1
77430,1
77440,1
77446,1
77456,1
77472,1
77475,1
77478,1
77498,1
77510,1
77533,1
77539,1
77574,1
77584,1
77610,1
77680,1
77705,1
77715,1
77721,1
77747,1
77760,1
77882,1
77885,1
77920,1
77949,1
77987,1
77994,1
78035,1
78118,1
78137,2
78211,1
78291,1
78345,2
78400,1
78403,1
78419,1
78432,1
78508,1
78516,1
78592,1
78624,1
78665,1
78678,1
78704,1
78726,1
78828,1
78922,1
78925,1
78953,1
79004,1
79050,1
79059,1
79152,1
79337,1
79437,1
79466,1
79558,1
79571,1
79590,1
79648,1
79722,1
79770,1
79786,1
80058,1
80118,1
80122,1
80183,1
80342,1
80397,1
80646,1
81094,1
81120,1
81219,1
81303,1
81351,1
81415,1
81428,1
81466,1
81497,1
81590,1
81882,1
81945,1
82074,1
82733,1
82912,1
83196,1
83328,1
83446,1
84102,1
84362,1
84419,1
84720,1
85280,1
91990,1
94522,1
99622,1
107091,1
112537,1
113645,1
118381,1
121619,1
145309,1
154438,1
156333,1
160944,1
162106,1
162711,1
173735,1
176224,1
182135,1
183052,1
194899,1
203891,1
207632,1
221344,1
227849,1
228249,1
239811,1
240742,1
245197,1
247235,1
260445,1
261162,1
266384,1
280518,1
281756,1
293164,1
299517,1
302023,1
309014,1
312835,1
313388,1
330349,1
335955,1
341395,1
341642,1
354774,1
355648,1
363488,1
377639,1
380695,1
383203,1
399142,1
399965,1
401783,1
414617,1
421267,1
436314,1
437981,1
442371,1
448947,1
452944,1
460947,1
467187,1
469898,1
470733,1
482048,1
489251,1
501325,1
507843,1
515754,1
523162,1
525543,1
527012,1
536736,1
538944,1
546227,1
552963,1
558496,1
570480,1
578499,1
583683,1
589718,1
594656,1
600084,1
614992,1
618451,1
626650,1
627120,1
634458,1
654214,1
667123,1
667504,1
672704,1
676845,1
677370,1
680071,1
694057,1
696857,1
710707,1
711456,1
715524,1
735911,1
750653,1
753037,1
756435,1
756905,1
766957,1
772064,1
772512,1
774848,1
