# Samples: 78955, Average: 28489.0 ns, StdDev: 12574.6 ns, Quartiles: 26880.0/27914.0/29078.0 ns
8007,1
8108,1
8259,1
8282,1
8304,1
8458,1
8471,1
8602,1
8608,1
8621,1
8688,1
8713,1
8979,1
10022,1
11290,1
21757,1
23168,1
23312,1
23367,1
23501,1
23623,1
23661,1
23709,1
23772,1
23866,1
23869,1
23885,1
23891,1
23956,1
23968,1
23971,1
23984,1
24013,1
24022,1
24064,1
24073,1
24077,1
24102,1
24134,1
24138,1
24151,1
24195,1
24208,1
24211,1
24221,1
24230,2
24240,1
24253,1
24256,1
24301,1
24311,1
24313,1
24317,1
24330,1
24368,1
24378,1
24387,1
24390,1
24393,1
24394,1
24403,1
24432,1
24435,1
24448,1
24454,1
24458,1
24467,1
24477,1
24483,1
24489,1
24490,1
24493,1
24496,1
24499,1
24500,1
24515,1
24518,1
24521,1
24525,1
24531,1
24532,1
24538,1
24544,2
24554,3
24557,1
24566,2
24567,1
24569,1
24570,1
24573,1
24576,2
24579,1
24583,1
24585,1
24586,2
24589,3
24592,1
24595,1
24599,2
24601,1
24608,1
24614,1
24615,1
24617,1
24621,3
24624,4
24627,1
24631,1
24634,1
24637,1
24640,1
24643,1
24649,1
24653,2
24662,1
24663,1
24665,1
24666,4
24668,1
24669,2
24672,3
24679,1
24684,1
24685,1
24688,2
24691,3
24694,1
24695,1
24698,1
24701,2
24704,3
24707,1
24710,2
24713,2
24714,4
24717,2
24720,3
24723,3
24724,1
24726,2
24729,1
24730,2
24733,1
24736,5
24739,1
24740,2
24742,1
24745,1
24746,2
24749,6
24755,3
24758,2
24761,1
24764,1
24765,3
24768,3
24771,3
24774,1
24775,2
24777,2
24778,2
24781,3
24784,4
24791,2
24793,1
24794,3
24796,1
24797,1
24800,5
24803,4
24806,3
24807,1
24809,1
24810,4
24812,1
24813,4
24816,1
24819,5
24820,1
24823,1
24825,1
24826,5
24829,1
24832,2
24835,1
24838,3
24841,3
24842,1
24844,1
24845,2
24848,5
24851,5
24852,1
24854,1
24855,2
24857,1
24858,1
24861,5
24864,5
24867,4
24868,2
24870,3
24871,3
24873,2
24874,1
24876,1
24877,2
24880,6
24883,2
24884,2
24886,1
24887,2
24889,1
24890,6
24893,6
24896,6
24899,4
24902,3
24903,3
24905,2
24906,4
24908,1
24909,2
24912,6
24915,2
24918,2
24919,1
24921,1
24922,3
24924,2
24925,3
24928,5
24931,7
24932,1
24934,2
24935,1
24937,4
24938,1
24940,1
24941,5
24944,6
24947,3
24948,2
24951,1
24953,2
24954,5
24956,2
24957,3
24960,3
24963,2
24964,1
24966,3
24967,1
24969,3
24970,5
24972,2
24973,6
24976,6
24979,3
24980,1
24982,5
24983,1
24985,3
24986,2
24988,1
24989,2
24992,7
24995,2
24996,1
24998,3
24999,1
25001,2
25002,3
25005,3
25008,5
25011,4
25012,1
25014,2
25015,3
25017,7
25018,3
25020,2
25021,3
25024,6
25027,5
25028,2
25030,4
25031,2
25033,2
25034,4
25037,7
25040,5
25043,4
25044,1
25046,5
25047,3
25049,2
25050,4
25053,4
25056,1
25059,3
25063,2
25065,3
25066,2
25068,1
25069,7
25072,5
25075,3
25076,5
25078,4
25079,2
25081,2
25082,7
25084,2
25085,6
25088,10
25091,4
25092,1
25094,3
25095,4
25097,2
25098,2
25100,1
25101,8
25104,9
25107,4
25108,2
25110,4
25111,3
25113,4
25114,6
25116,4
25117,7
25120,15
25123,9
25124,1
25126,6
25127,2
25129,1
25130,4
25132,1
25133,2
25136,3
25139,6
25142,5
25143,1
25145,7
25146,7
25148,1
25149,8
25152,8
25155,5
25156,1
25158,9
25159,2
25161,4
25162,6
25164,1
25165,11
25168,9
25171,11
25172,2
25174,6
25175,2
25177,5
25178,4
25180,2
25181,7
25184,13
25187,8
25188,1
25190,3
25191,6
25194,3
25196,2
25197,1
25200,3
25203,7
25204,1
25206,4
25207,2
25209,3
25210,6
25212,1
25213,7
25216,7
25219,5
25220,2
25222,4
25225,6
25226,6
25228,1
25229,12
25232,11
25235,8
25236,1
25238,4
25239,3
25241,2
25242,3
25245,7
25248,13
25251,8
25252,1
25254,6
25255,3
25257,4
25258,4
25260,3
25261,8
25264,9
25267,7
25268,1
25270,5
25271,5
25273,4
25274,11
25276,5
25277,7
25280,13
25283,9
25284,1
25286,2
25287,4
25289,6
25290,6
25292,4
25293,2
25296,11
25299,6
25300,2
25302,3
25303,4
25305,4
25306,6
25308,2
25309,8
25312,9
25315,6
25316,2
25318,6
25319,2
25321,2
25322,9
25324,1
25325,9
25328,11
25331,4
25332,2
25334,13
25335,4
25337,5
25338,7
25340,3
25341,5
25344,7
25347,5
25348,3
25350,6
25351,2
25353,8
25354,4
25356,3
25357,8
25360,11
25363,11
25366,6
25367,3
25369,3
25370,6
25372,4
25373,5
25376,13
25379,15
25380,2
25382,8
25383,4
25385,2
25386,8
25388,6
25389,5
25392,8
25395,11
25398,4
25399,5
25401,8
25402,12
25404,1
25405,13
25408,9
25411,10
25412,2
25414,6
25415,1
25417,3
25418,9
25420,1
25421,3
25424,7
25427,12
25428,6
25430,8
25431,3
25433,6
25434,7
25436,1
25437,10
25440,14
25443,10
25444,4
25446,7
25447,1
25449,2
25450,4
25453,19
25456,14
25459,9
25462,3
25463,3
25465,7
25466,8
25468,3
25469,3
25472,5
25475,6
25476,2
25478,8
25479,9
25481,5
25482,8
25484,1
25485,9
25488,9
25491,9
25492,5
25494,7
25495,2
25497,2
25498,2
25500,1
25501,9
25504,15
25507,17
25508,3
25510,6
25511,8
25513,5
25514,6
25516,4
25517,8
25520,11
25523,14
25524,4
25526,3
25527,5
25529,5
25530,7
25532,3
25533,16
25536,19
25539,8
25540,2
25542,7
25543,7
25545,3
25546,7
25548,1
25549,9
25552,17
25555,12
25556,2
25558,11
25559,6
25561,6
25562,12
25564,2
25565,11
25568,19
25571,9
25572,2
25574,10
25575,6
25577,7
25578,9
25580,1
25581,15
25584,15
25587,14
25588,4
25590,3
25591,4
25593,5
25594,13
25596,6
25597,13
25600,22
25603,10
25604,5
25606,11
25607,6
25609,10
25610,9
25612,6
25613,10
25616,15
25619,19
25620,5
25622,14
25623,6
25625,8
25626,6
25629,23
25632,24
25635,8
25636,7
25638,6
25639,17
25641,8
25642,13
25644,5
25645,20
25648,21
25651,19
25652,7
25654,16
25655,7
25657,10
25658,11
25660,2
25661,20
25664,26
25667,16
25670,10
25671,5
25673,5
25674,11
25676,2
25677,20
25680,17
25683,18
25684,4
25686,7
25687,3
25689,6
25690,16
25692,1
25693,12
25696,19
25699,18
25700,4
25702,10
25703,9
25705,7
25706,11
25708,1
25709,12
25712,17
25715,19
25716,3
25718,15
25719,5
25721,7
25722,18
25724,3
25725,8
25728,18
25731,10
25732,6
25734,6
25735,11
25737,9
25738,12
25740,7
25741,18
25744,21
25747,13
25748,5
25750,12
25751,5
25753,7
25754,12
25756,4
25757,19
25760,32
25763,22
25764,4
25766,12
25767,13
25769,8
25770,11
25772,4
25773,12
25776,19
25779,16
25780,2
25782,16
25783,9
25785,9
25786,10
25788,5
25789,20
25792,16
25795,14
25796,6
25798,15
25799,10
25801,7
25802,10
25804,5
25805,18
25808,21
25811,20
25812,4
25814,14
25815,12
25817,11
25818,12
25820,5
25821,16
25824,20
25827,13
25828,5
25830,8
25831,14
25833,14
25834,6
25836,6
25837,17
25840,35
25843,27
25844,6
25846,10
25847,4
25849,8
25850,18
25852,5
25853,30
25856,20
25859,19
25860,7
25862,21
25863,5
25865,13
25866,20
25868,8
25869,25
25872,22
25875,19
25876,9
25878,20
25879,8
25881,11
25882,22
25884,8
25885,16
25888,31
25891,19
25892,2
25894,19
25895,15
25897,12
25898,16
25900,6
25901,25
25904,34
25907,14
25908,2
25910,16
25911,10
25913,10
25914,14
25916,6
25917,21
25920,31
25923,20
25924,6
25926,27
25927,11
25929,17
25930,20
25932,3
25933,31
25936,31
25939,26
25940,9
25942,27
25943,14
25945,11
25946,21
25948,8
25949,33
25952,28
25955,18
25956,2
25958,21
25959,20
25961,22
25962,14
25964,7
25965,23
25968,25
25971,29
25972,5
25974,10
25975,15
25977,17
25978,23
25980,10
25981,23
25984,35
25987,30
25988,6
25990,25
25991,22
25993,13
25994,21
25996,10
25997,21
26000,38
26003,33
26004,4
26006,19
26007,16
26009,14
26010,18
26012,8
26013,22
26016,35
26019,24
26020,4
26022,11
26023,13
26025,17
26026,17
26028,9
26029,30
26032,37
26035,25
26036,9
26038,27
26039,16
26041,13
26042,35
26044,5
26045,31
26048,36
26051,28
26052,7
26054,22
26055,19
26057,19
26058,19
26060,4
26061,22
26064,48
26067,37
26068,8
26070,26
26071,13
26073,16
26074,23
26076,10
26077,32
26080,47
26083,42
26084,8
26086,27
26087,13
26089,16
26090,39
26092,11
26093,37
26096,46
26099,43
26100,11
26102,18
26103,10
26105,19
26106,36
26108,12
26109,32
26112,48
26115,37
26116,7
26118,26
26119,19
26121,19
26122,15
26124,9
26125,29
26128,56
26131,45
26132,10
26134,24
26135,12
26137,21
26138,23
26140,8
26141,25
26144,47
26147,38
26148,2
26150,27
26151,16
26153,24
26154,31
26156,6
26157,46
26160,44
26163,42
26164,11
26166,33
26167,19
26169,18
26170,20
26172,11
26173,35
26176,36
26179,28
26180,11
26182,32
26183,18
26185,23
26186,19
26188,5
26189,30
26192,48
26195,49
26196,10
26198,30
26199,15
26201,28
26202,21
26204,8
26205,32
26208,56
26211,42
26212,15
26214,23
26215,21
26217,14
26218,19
26220,8
26221,35
26224,34
26227,43
26228,10
26230,19
26231,20
26233,20
26234,39
26236,12
26237,48
26240,55
26243,50
26244,9
26246,27
26247,22
26249,21
26250,19
26252,8
26253,40
26256,38
26259,43
26260,13
26262,21
26263,20
26265,27
26266,29
26268,9
26269,51
26272,60
26275,31
26276,13
26278,34
26279,18
26281,14
26282,21
26284,10
26285,39
26288,51
26291,40
26292,5
26294,30
26295,19
26297,23
26298,38
26300,14
26301,31
26304,46
26307,36
26308,6
26310,32
26311,14
26313,15
26314,22
26316,14
26317,40
26320,55
26323,35
26324,6
26326,35
26327,25
26329,22
26330,27
26332,13
26333,40
26336,55
26339,38
26340,8
26342,36
26343,33
26345,20
26346,39
26348,11
26349,49
26352,48
26355,43
26356,10
26358,27
26359,14
26361,21
26362,40
26364,9
26365,43
26368,51
26371,35
26372,9
26374,24
26375,24
26377,19
26378,20
26380,9
26381,42
26384,40
26387,47
26388,6
26390,30
26391,25
26393,22
26394,45
26396,6
26397,36
26400,56
26403,39
26404,20
26406,47
26407,20
26409,20
26410,28
26412,3
26413,31
26416,59
26419,52
26420,8
26422,27
26423,23
26425,24
26426,37
26428,8
26429,32
26432,49
26435,47
26436,9
26438,25
26439,19
26441,15
26442,26
26444,12
26445,37
26448,55
26451,49
26452,10
26454,26
26455,18
26457,30
26458,31
26460,10
26461,42
26464,56
26467,43
26468,11
26470,18
26471,36
26473,21
26474,35
26476,9
26477,41
26480,44
26483,42
26484,7
26486,41
26487,28
26489,21
26490,32
26492,7
26493,34
26496,51
26499,35
26500,9
26502,37
26503,20
26505,20
26506,41
26508,12
26509,53
26512,50
26515,48
26516,8
26518,29
26519,29
26521,26
26522,47
26524,10
26525,38
26528,65
26531,46
26532,18
26534,43
26535,24
26537,24
26538,21
26540,9
26541,51
26544,45
26547,55
26548,8
26550,34
26551,26
26553,23
26554,38
26556,12
26557,49
26560,51
26563,42
26564,12
26566,40
26567,21
26569,23
26570,42
26572,10
26573,53
26576,61
26579,45
26580,8
26582,43
26583,26
26585,16
26586,44
26588,16
26589,31
26592,54
26595,39
26596,6
26598,41
26599,25
26601,21
26602,31
26604,17
26605,42
26608,60
26611,32
26612,17
26614,31
26615,25
26617,19
26618,29
26620,7
26621,44
26624,60
26627,57
26628,6
26630,49
26631,24
26633,27
26634,27
26636,7
26637,44
26640,53
26643,49
26644,11
26646,32
26647,31
26649,30
26650,41
26652,14
26653,44
26656,61
26659,41
26660,11
26662,34
26663,23
26665,21
26666,44
26668,11
26669,42
26672,62
26675,65
26676,15
26678,37
26679,30
26681,25
26682,36
26684,15
26685,48
26688,76
26691,35
26692,8
26694,27
26695,14
26697,19
26698,22
26700,12
26701,53
26704,57
26707,36
26708,14
26710,35
26711,19
26713,25
26714,44
26716,19
26717,53
26720,56
26723,47
26724,14
26726,35
26727,25
26729,18
26730,46
26732,10
26733,46
26736,51
26739,68
26740,13
26742,31
26743,24
26745,26
26746,28
26748,8
26749,44
26752,66
26755,48
26756,15
26758,40
26759,27
26761,17
26762,30
26764,12
26765,53
26768,57
26771,46
26772,17
26774,42
26775,12
26777,26
26778,31
26780,9
26781,35
26784,55
26787,35
26788,12
26790,44
26791,22
26793,20
26794,35
26796,16
26797,40
26800,53
26803,49
26804,11
26806,31
26807,15
26809,28
26810,37
26812,10
26813,46
26816,51
26819,50
26820,13
26822,33
26823,21
26825,28
26826,39
26828,20
26829,48
26832,72
26835,58
26836,14
26838,33
26839,24
26841,33
26842,39
26844,9
26845,31
26848,55
26851,43
26852,12
26854,47
26855,32
26857,23
26858,28
26860,17
26861,63
26864,53
26867,47
26868,12
26870,30
26871,27
26873,31
26874,29
26876,17
26877,54
26880,56
26883,58
26884,9
26886,32
26887,26
26889,15
26890,39
26892,13
26893,40
26896,45
26899,61
26900,9
26902,38
26903,25
26905,25
26906,46
26908,22
26909,40
26912,73
26915,42
26916,8
26918,39
26919,22
26921,21
26922,39
26924,11
26925,53
26928,52
26931,62
26932,12
26934,20
26935,23
26937,20
26938,46
26940,16
26941,38
26944,73
26947,48
26948,17
26950,50
26951,28
26953,24
26954,35
26956,6
26957,42
26960,62
26963,47
26964,15
26966,39
26967,25
26969,19
26970,43
26972,7
26973,49
26976,80
26979,54
26980,8
26982,24
26983,21
26985,25
26986,33
26988,15
26989,46
26992,58
26995,43
26996,17
26998,41
26999,20
27001,22
27002,37
27004,7
27005,47
27008,65
27011,41
27012,12
27014,31
27015,23
27017,25
27018,37
27020,11
27021,62
27024,63
27027,56
27028,13
27030,41
27031,29
27033,26
27034,39
27036,9
27037,48
27040,76
27043,51
27044,11
27046,41
27047,21
27049,23
27050,33
27052,8
27053,53
27056,55
27059,53
27060,13
27062,53
27063,27
27065,24
27066,44
27068,10
27069,41
27072,64
27075,38
27076,11
27078,40
27079,32
27081,20
27082,29
27084,10
27085,43
27088,47
27091,52
27092,16
27094,27
27095,22
27097,36
27098,40
27100,13
27101,59
27104,68
27107,53
27108,18
27110,43
27111,27
27113,31
27114,27
27116,10
27117,40
27120,59
27123,56
27124,13
27126,42
27127,26
27129,26
27130,48
27132,10
27133,47
27136,56
27139,54
27140,16
27142,35
27143,24
27145,20
27146,38
27148,12
27149,49
27152,62
27155,52
27156,13
27158,38
27159,20
27161,28
27162,46
27164,7
27165,58
27168,70
27171,50
27172,7
27174,31
27175,20
27177,22
27178,35
27180,14
27181,43
27184,50
27187,61
27188,11
27190,34
27191,32
27193,25
27194,46
27196,17
27197,55
27200,62
27203,54
27204,9
27206,39
27207,28
27209,16
27210,35
27212,14
27213,45
27216,68
27219,43
27220,14
27222,33
27223,28
27225,23
27226,36
27228,9
27229,45
27232,72
27235,42
27236,10
27238,42
27239,29
27241,25
27242,36
27244,11
27245,59
27248,55
27251,34
27252,10
27254,31
27255,27
27257,31
27258,48
27260,8
27261,56
27264,87
27267,40
27268,13
27270,36
27271,27
27273,20
27274,36
27276,13
27277,61
27280,72
27283,48
27284,14
27286,45
27287,28
27289,37
27290,47
27292,14
27293,44
27296,82
27299,57
27300,20
27302,52
27303,29
27305,20
27306,27
27308,11
27309,51
27312,62
27315,53
27316,20
27318,28
27319,25
27321,20
27322,30
27324,12
27325,48
27328,73
27331,40
27332,8
27334,48
27335,25
27337,30
27338,26
27340,13
27341,49
27344,66
27347,60
27348,8
27350,39
27351,21
27353,25
27354,39
27356,12
27357,55
27360,49
27363,62
27364,11
27366,49
27367,21
27369,16
27370,29
27372,13
27373,58
27376,70
27379,49
27380,14
27382,47
27383,22
27385,22
27386,32
27388,12
27389,35
27392,65
27395,58
27396,10
27398,28
27399,23
27401,24
27402,42
27404,14
27405,43
27408,53
27411,49
27412,17
27414,39
27415,21
27417,22
27418,37
27420,12
27421,46
27424,61
27427,50
27428,14
27430,48
27431,28
27433,21
27434,30
27436,11
27437,51
27440,63
27443,64
27444,9
27446,40
27447,31
27449,38
27450,36
27452,7
27453,38
27456,51
27459,40
27460,15
27462,35
27463,23
27465,24
27466,43
27468,15
27469,53
27472,59
27475,56
27476,16
27478,35
27479,20
27481,29
27482,46
27484,12
27485,46
27488,61
27491,39
27492,12
27494,31
27495,40
27497,31
27498,31
27500,12
27501,61
27504,61
27507,54
27508,16
27510,43
27511,14
27513,22
27514,36
27516,15
27517,51
27520,63
27523,47
27524,17
27526,41
27527,18
27529,26
27530,37
27532,13
27533,60
27536,56
27539,39
27540,11
27542,35
27543,32
27545,29
27546,33
27548,15
27549,49
27552,60
27555,57
27556,12
27558,47
27559,23
27561,23
27562,32
27564,9
27565,48
27568,50
27571,49
27572,12
27574,29
27575,25
27577,26
27578,42
27580,12
27581,57
27584,64
27587,36
27588,6
27590,34
27591,26
27593,20
27594,29
27596,10
27597,55
27600,55
27603,52
27604,12
27606,39
27607,19
27609,24
27610,50
27612,12
27613,61
27616,57
27619,41
27620,14
27622,34
27623,25
27625,20
27626,36
27628,12
27629,58
27632,45
27635,53
27636,6
27638,33
27639,29
27641,19
27642,43
27644,13
27645,34
27648,69
27651,44
27652,14
27654,47
27655,28
27657,26
27658,33
27660,12
27661,57
27664,61
27667,40
27668,14
27670,35
27671,20
27673,27
27674,49
27676,12
27677,51
27680,80
27683,49
27684,10
27686,41
27687,27
27689,30
27690,28
27692,8
27693,51
27696,52
27699,41
27700,9
27702,26
27703,27
27705,27
27706,31
27708,11
27709,53
27712,58
27715,40
27716,13
27718,46
27719,23
27721,14
27722,31
27724,17
27725,50
27728,55
27731,61
27732,10
27734,28
27735,32
27737,17
27738,34
27740,8
27741,35
27744,54
27747,42
27748,9
27750,48
27751,27
27753,23
27754,36
27756,7
27757,40
27760,65
27763,43
27764,11
27766,35
27767,24
27769,16
27770,29
27772,10
27773,47
27776,61
27779,45
27780,8
27782,32
27783,25
27785,19
27786,39
27788,15
27789,37
27792,50
27795,47
27796,7
27798,26
27799,28
27801,31
27802,34
27804,13
27805,39
27808,63
27811,54
27812,13
27814,44
27815,23
27817,24
27818,28
27820,17
27821,38
27824,53
27827,50
27828,6
27830,36
27831,20
27833,31
27834,39
27836,6
27837,33
27840,45
27843,46
27844,17
27846,47
27847,29
27849,18
27850,33
27852,9
27853,48
27856,61
27859,46
27860,9
27862,32
27863,21
27865,27
27866,35
27868,10
27869,37
27872,55
27875,45
27876,13
27878,31
27879,29
27881,28
27882,24
27884,14
27885,62
27888,52
27891,49
27892,9
27894,35
27895,24
27897,27
27898,29
27900,7
27901,37
27904,54
27907,45
27908,10
27910,32
27911,33
27913,20
27914,33
27916,11
27917,43
27920,67
27923,42
27924,9
27926,37
27927,31
27929,22
27930,32
27932,7
27933,52
27936,56
27939,57
27940,14
27942,44
27943,19
27945,23
27946,38
27948,6
27949,51
27952,66
27955,46
27956,11
27958,32
27959,20
27961,25
27962,39
27964,7
27965,40
27968,65
27971,49
27972,9
27974,32
27975,20
27977,27
27978,39
27980,9
27981,37
27984,60
27987,56
27988,11
27990,39
27991,23
27993,23
27994,47
27996,13
27997,57
28000,64
28003,38
28004,10
28006,35
28007,27
28009,25
28010,29
28012,11
28013,50
28016,46
28019,50
28020,12
28022,34
28023,22
28025,27
28026,37
28028,5
28029,45
28032,60
28035,40
28036,14
28038,38
28039,39
28041,25
28042,30
28044,14
28045,50
28048,68
28051,59
28052,12
28054,39
28055,22
28057,31
28058,40
28060,12
28061,49
28064,59
28067,41
28068,17
28070,38
28071,20
28073,19
28074,41
28076,11
28077,49
28080,51
28083,45
28084,8
28086,34
28087,24
28089,21
28090,35
28092,11
28093,37
28096,55
28099,41
28100,15
28102,34
28103,26
28105,18
28106,25
28108,16
28109,42
28112,48
28115,57
28116,11
28118,33
28119,34
28121,27
28122,28
28124,12
28125,57
28128,59
28131,48
28132,10
28134,38
28135,19
28137,24
28138,46
28140,14
28141,52
28144,57
28147,47
28148,12
28150,38
28151,22
28153,19
28154,31
28156,10
28157,37
28160,57
28163,40
28164,6
28166,38
28167,30
28169,16
28170,24
28172,15
28173,54
28176,40
28179,48
28180,16
28182,29
28183,23
28185,25
28186,36
28188,12
28189,41
28192,54
28195,32
28196,11
28198,37
28199,27
28201,26
28202,36
28204,12
28205,39
28208,53
28211,56
28212,14
28214,36
28215,18
28217,23
28218,35
28220,6
28221,49
28224,63
28227,51
28228,9
28230,23
28231,17
28233,20
28234,31
28236,9
28237,46
28240,49
28243,36
28244,15
28246,30
28247,24
28249,20
28250,39
28252,17
28253,44
28256,52
28259,50
28260,7
28262,29
28263,22
28265,20
28266,36
28268,9
28269,44
28272,48
28275,41
28276,7
28278,44
28279,16
28281,28
28282,36
28284,9
28285,56
28288,63
28291,41
28292,11
28294,29
28295,16
28297,20
28298,30
28300,10
28301,47
28304,43
28307,57
28308,4
28310,32
28311,25
28313,18
28314,27
28316,11
28317,31
28320,61
28323,39
28324,13
28326,29
28327,24
28329,15
28330,24
28332,12
28333,47
28336,46
28339,45
28340,13
28342,37
28343,19
28345,25
28346,46
28348,11
28349,35
28352,57
28355,44
28356,12
28358,27
28359,27
28361,13
28362,47
28364,23
28365,32
28368,54
28371,49
28372,14
28374,26
28375,25
28377,24
28378,30
28380,13
28381,34
28384,61
28387,50
28388,13
28390,31
28391,19
28393,18
28394,38
28396,7
28397,50
28400,47
28403,61
28404,18
28406,34
28407,29
28409,17
28410,38
28412,18
28413,40
28416,54
28419,48
28420,10
28422,36
28423,25
28425,28
28426,25
28428,15
28429,55
28432,53
28435,37
28436,5
28438,22
28439,13
28441,16
28442,37
28444,8
28445,42
28448,55
28451,38
28452,7
28454,25
28455,22
28457,20
28458,31
28460,10
28461,46
28464,56
28467,52
28468,8
28470,34
28471,22
28473,26
28474,29
28476,7
28477,36
28480,39
28483,38
28484,11
28486,34
28487,25
28489,25
28490,40
28492,7
28493,52
28496,65
28499,44
28500,12
28502,33
28503,20
28505,20
28506,35
28508,11
28509,41
28512,53
28515,40
28516,8
28518,36
28519,13
28521,24
28522,32
28524,14
28525,46
28528,54
28531,46
28532,14
28534,29
28535,18
28537,20
28538,34
28540,7
28541,45
28544,59
28547,45
28548,13
28550,27
28551,25
28553,26
28554,27
28556,4
28557,45
28560,46
28563,46
28564,11
28566,30
28567,23
28569,24
28570,58
28572,6
28573,42
28576,63
28579,38
28580,9
28582,31
28583,15
28585,25
28586,30
28588,9
28589,43
28592,48
28595,40
28596,7
28598,27
28599,28
28601,29
28602,26
28604,5
28605,42
28608,55
28611,36
28612,11
28614,31
28615,13
28617,18
28618,38
28620,11
28621,55
28624,60
28627,48
28628,14
28630,39
28631,14
28633,25
28634,39
28636,10
28637,33
28640,73
28643,25
28644,14
28646,32
28647,15
28649,29
28650,20
28652,15
28653,42
28656,42
28659,49
28660,14
28662,27
28663,21
28665,28
28666,45
28668,13
28669,38
28672,45
28675,41
28676,8
28678,38
28679,27
28681,21
28682,38
28684,10
28685,33
28688,51
28691,45
28692,11
28694,30
28695,16
28697,20
28698,44
28700,11
28701,42
28704,59
28707,30
28708,11
28710,29
28711,26
28713,19
28714,32
28716,15
28717,39
28720,44
28723,41
28724,14
28726,31
28727,27
28729,30
28730,38
28732,10
28733,41
28736,58
28739,39
28740,6
28742,37
28743,17
28745,25
28746,26
28748,10
28749,42
28752,57
28755,50
28756,9
28758,37
28759,22
28761,22
28762,36
28764,10
28765,37
28768,49
28771,47
28772,14
28774,25
28775,27
28777,15
28778,31
28780,9
28781,44
28784,50
28787,37
28788,12
28790,38
28791,15
28793,19
28794,42
28796,14
28797,41
28800,52
28803,38
28804,7
28806,34
28807,25
28809,21
28810,27
28812,6
28813,38
28816,45
28819,47
28820,12
28822,20
28823,23
28825,20
28826,24
28828,10
28829,41
28832,51
28835,37
28836,5
28838,31
28839,22
28841,18
28842,27
28844,9
28845,27
28848,49
28851,44
28852,6
28854,33
28855,18
28857,19
28858,28
28860,7
28861,39
28864,56
28867,33
28868,11
28870,31
28871,24
28873,21
28874,28
28876,9
28877,43
28880,56
28883,45
28884,7
28886,29
28887,24
28889,21
28890,47
28892,16
28893,35
28896,50
28899,49
28900,9
28902,44
28903,15
28905,21
28906,22
28908,10
28909,36
28912,61
28915,43
28916,13
28918,37
28919,16
28921,21
28922,41
28924,10
28925,40
28928,58
28931,38
28932,12
28934,37
28935,23
28937,24
28938,35
28940,11
28941,41
28944,44
28947,42
28948,14
28950,21
28951,12
28953,22
28954,33
28956,10
28957,27
28960,54
28963,33
28964,8
28966,26
28967,29
28969,29
28970,32
28972,8
28973,37
28976,40
28979,38
28980,14
28982,19
28983,19
28985,13
28986,28
28988,9
28989,31
28992,52
28995,29
28996,17
28998,37
28999,13
29001,19
29002,23
29004,5
29005,49
29008,39
29011,33
29012,15
29014,27
29015,21
29017,17
29018,37
29020,10
29021,40
29024,58
29027,42
29028,11
29030,25
29031,35
29033,25
29034,28
29036,15
29037,30
29040,47
29043,44
29044,7
29046,27
29047,17
29049,14
29050,36
29052,10
29053,37
29056,59
29059,56
29060,6
29062,41
29063,18
29065,17
29066,24
29068,7
29069,48
29072,62
29075,44
29076,8
29078,26
29079,10
29081,22
29082,33
29084,13
29085,36
29088,50
29091,38
29092,11
29094,38
29095,21
29097,25
29098,19
29100,8
29101,44
29104,49
29107,42
29108,14
29110,33
29111,19
29113,17
29114,38
29116,16
29117,24
29120,49
29123,38
29124,9
29126,32
29127,24
29129,15
29130,26
29132,8
29133,45
29136,52
29139,40
29140,10
29142,37
29143,15
29145,13
29146,27
29148,9
29149,36
29152,42
29155,59
29156,11
29158,35
29159,19
29161,21
29162,38
29164,12
29165,47
29168,47
29171,44
29172,11
29174,19
29175,20
29177,15
29178,24
29180,8
29181,27
29184,56
29187,45
29188,6
29190,31
29191,19
29193,23
29194,37
29196,10
29197,39
29200,37
29203,38
29204,12
29206,29
29207,34
29209,28
29210,40
29212,7
29213,38
29216,45
29219,44
29220,11
29222,31
29223,21
29225,13
29226,32
29228,8
29229,42
29232,48
29235,52
29236,12
29238,28
29239,20
29241,21
29242,30
29244,10
29245,37
29248,43
29251,45
29252,14
29254,39
29255,31
29257,18
29258,32
29260,14
29261,46
29264,42
29267,38
29268,9
29270,25
29271,21
29273,22
29274,35
29276,9
29277,33
29280,56
29283,34
29284,9
29286,33
29287,22
29289,25
29290,21
29292,12
29293,47
29296,42
29299,41
29300,13
29302,24
29303,16
29305,18
29306,27
29308,6
29309,48
29312,54
29315,43
29316,9
29318,25
29319,20
29321,20
29322,27
29324,15
29325,38
29328,46
29331,36
29332,6
29334,23
29335,12
29337,16
29338,31
29340,9
29341,44
29344,51
29347,37
29348,10
29350,35
29351,21
29353,23
29354,31
29356,15
29357,42
29360,33
29363,39
29364,12
29366,35
29367,13
29369,15
29370,31
29372,8
29373,35
29376,50
29379,33
29380,16
29382,38
29383,22
29385,21
29386,23
29388,12
29389,39
29392,49
29395,35
29396,7
29398,20
29399,17
29401,25
29402,32
29404,5
29405,41
29408,52
29411,41
29412,16
29414,27
29415,18
29417,15
29418,19
29420,16
29421,49
29424,41
29427,55
29428,11
29430,18
29431,15
29433,20
29434,23
29436,11
29437,41
29440,50
29443,37
29444,6
29446,39
29447,14
29449,20
29450,26
29452,7
29453,33
29456,47
29459,37
29460,7
29462,32
29463,12
29465,18
29466,30
29468,8
29469,41
29472,43
29475,28
29476,11
29478,36
29479,16
29481,23
29482,26
29484,6
29485,29
29488,39
29491,44
29492,9
29494,19
29495,15
29497,14
29498,28
29500,6
29501,41
29504,48
29507,40
29508,10
29510,16
29511,16
29513,7
29514,31
29516,8
29517,32
29520,51
29523,34
29524,13
29526,24
29527,15
29529,13
29530,27
29532,8
29533,46
29536,40
29539,28
29540,13
29542,22
29543,16
29545,8
29546,28
29548,8
29549,35
29552,38
29555,44
29556,6
29558,18
29559,13
29561,18
29562,24
29564,5
29565,24
29568,39
29571,30
29572,8
29574,28
29575,26
29577,10
29578,26
29580,7
29581,36
29584,47
29587,34
29588,10
29590,22
29591,19
29593,17
29594,35
29596,6
29597,28
29600,39
29603,26
29604,11
29606,27
29607,15
29609,14
29610,27
29612,4
29613,28
29616,30
29619,42
29620,9
29622,19
29623,18
29625,20
29626,21
29628,7
29629,21
29632,44
29635,50
29636,9
29638,24
29639,16
29641,13
29642,22
29644,12
29645,32
29648,42
29651,28
29652,9
29654,18
29655,15
29657,14
29658,20
29660,7
29661,33
29664,50
29667,22
29668,7
29670,21
29671,22
29673,14
29674,26
29676,11
29677,28
29680,35
29683,41
29684,5
29686,19
29687,19
29689,15
29690,15
29692,7
29693,29
29696,33
29699,29
29700,8
29702,27
29703,15
29705,14
29706,29
29708,7
29709,19
29712,35
29715,25
29716,10
29718,19
29719,12
29721,10
29722,26
29724,6
29725,28
29728,42
29731,32
29732,4
29734,23
29735,13
29737,10
29738,23
29740,4
29741,31
29744,41
29747,29
29748,11
29750,23
29751,12
29753,16
29754,18
29756,3
29757,25
29760,37
29763,28
29764,11
29766,24
29767,15
29769,17
29770,14
29772,9
29773,31
29776,39
29779,29
29780,5
29782,18
29783,9
29785,16
29786,17
29788,4
29789,23
29792,44
29795,29
29796,5
29798,23
29799,22
29801,13
29802,24
29804,4
29805,39
29808,39
29811,22
29812,8
29814,22
29815,12
29817,11
29818,21
29820,4
29821,19
29824,34
29827,18
29828,4
29830,23
29831,18
29833,10
29834,16
29836,4
29837,34
29840,34
29843,17
29844,6
29846,17
29847,7
29849,13
29850,21
29852,6
29853,33
29856,43
29859,19
29860,12
29862,24
29863,12
29865,12
29866,11
29868,9
29869,25
29872,24
29875,26
29876,1
29878,20
29879,5
29881,16
29882,12
29884,4
29885,20
29888,31
29891,24
29892,7
29894,14
29895,15
29897,12
29898,23
29900,7
29901,21
29904,28
29907,22
29908,3
29910,21
29911,11
29913,9
29914,14
29916,7
29917,30
29920,24
29923,23
29924,6
29926,10
29927,11
29929,6
29930,16
29932,4
29933,28
29936,28
29939,27
29940,3
29942,14
29943,11
29945,14
29946,20
29948,7
29949,16
29952,32
29955,24
29956,6
29958,15
29959,18
29961,17
29962,8
29964,10
29965,24
29968,30
29971,19
29972,8
29974,13
29975,19
29977,14
29978,15
29980,6
29981,13
29984,25
29987,16
29988,4
29990,13
29991,15
29993,7
29994,15
29996,8
29997,17
30000,19
30003,23
30004,6
30006,13
30007,8
30009,6
30010,20
30012,5
30013,18
30016,26
30019,16
30020,8
30022,12
30023,15
30025,12
30026,12
30028,6
30029,24
30032,19
30035,21
30036,3
30038,8
30039,13
30041,6
30042,13
30044,3
30045,13
30048,24
30051,16
30052,5
30054,21
30055,13
30057,11
30058,8
30060,6
30061,14
30064,21
30067,19
30068,7
30070,14
30071,9
30073,9
30074,12
30076,4
30077,19
30080,24
30083,18
30084,1
30086,14
30087,11
30089,10
30090,7
30092,2
30093,17
30096,21
30099,15
30100,5
30102,12
30103,10
30105,10
30106,14
30108,2
30109,16
30112,24
30115,16
30116,5
30118,12
30119,11
30121,9
30122,16
30124,4
30125,22
30128,18
30131,19
30132,7
30134,7
30135,6
30137,6
30138,8
30140,5
30141,11
30144,26
30147,13
30148,2
30150,10
30151,6
30153,5
30154,8
30156,3
30157,18
30160,17
30163,14
30166,8
30167,6
30169,6
30170,12
30172,4
30173,12
30176,20
30179,23
30180,5
30182,7
30183,5
30185,4
30186,14
30188,2
30189,18
30192,17
30195,17
30196,3
30198,14
30199,5
30201,2
30202,10
30204,2
30205,12
30208,17
30211,8
30212,3
30214,11
30215,8
30217,8
30218,9
30220,5
30221,14
30224,21
30227,13
30228,1
30230,5
30231,2
30233,6
30234,14
30236,1
30237,11
30240,19
30243,15
30244,3
30246,5
30247,10
30249,6
30250,7
30252,3
30253,9
30256,19
30259,19
30262,6
30263,9
30265,4
30266,6
30268,1
30269,5
30272,18
30275,9
30276,2
30278,7
30279,7
30281,10
30282,16
30284,4
30285,11
30288,13
30291,15
30292,4
30294,5
30295,4
30297,7
30298,6
30300,5
30301,3
30304,9
30307,7
30308,4
30310,9
30311,9
30313,6
30314,12
30316,1
30317,14
30320,6
30323,14
30324,2
30326,7
30327,8
30329,3
30330,8
30332,2
30333,10
30336,10
30339,15
30340,2
30342,6
30343,3
30345,6
30346,7
30348,6
30349,18
30352,11
30355,9
30356,3
30358,13
30359,4
30361,6
30362,12
30364,4
30365,14
30368,19
30371,10
30372,3
30374,11
30375,7
30377,7
30378,4
30380,4
30381,5
30384,9
30387,8
30388,3
30390,5
30391,4
30393,5
30394,6
30396,4
30397,12
30400,18
30403,15
30404,2
30406,8
30407,6
30409,3
30410,6
30412,4
30413,6
30416,11
30419,5
30420,2
30422,5
30423,5
30425,2
30426,12
30428,1
30429,11
30432,16
30435,9
30436,2
30438,9
30439,5
30441,8
30442,6
30444,5
30445,10
30448,11
30451,13
30452,2
30454,8
30455,4
30457,5
30458,5
30460,1
30461,8
30464,8
30467,7
30468,1
30470,8
30471,8
30473,3
30474,6
30476,3
30477,7
30480,9
30483,10
30484,2
30486,5
30487,5
30489,1
30490,7
30493,6
30496,6
30499,15
30500,3
30502,5
30503,8
30505,8
30506,12
30508,3
30509,10
30512,10
30515,9
30516,2
30518,3
30519,1
30521,2
30522,4
30524,1
30525,4
30528,10
30531,5
30532,1
30534,1
30535,2
30537,5
30538,9
30540,1
30541,7
30544,7
30547,9
30548,1
30550,4
30551,6
30553,3
30554,6
30556,2
30557,8
30560,10
30563,6
30566,9
30567,4
30569,4
30570,7
30572,1
30573,6
30576,10
30579,2
30582,5
30583,1
30585,4
30586,10
30588,1
30589,9
30592,15
30595,8
30596,3
30598,4
30599,4
30601,1
30602,7
30604,1
30605,2
30608,8
30611,4
30614,4
30615,2
30617,4
30618,8
30620,3
30621,6
30624,5
30627,7
30628,1
30630,5
30631,5
30633,2
30634,8
30637,9
30640,7
30643,4
30646,4
30647,2
30649,6
30650,7
30652,1
30653,8
30656,6
30659,5
30662,3
30663,1
30665,5
30666,5
30669,10
30672,11
30675,11
30678,8
30679,4
30681,2
30682,6
30685,11
30688,4
30691,10
30692,1
30694,10
30695,7
30697,4
30698,4
30700,2
30701,7
30704,10
30707,10
30708,4
30711,3
30713,4
30714,8
30717,6
30720,10
30723,8
30724,1
30726,5
30727,5
30729,3
30730,4
30732,5
30733,13
30736,11
30739,5
30740,3
30742,3
30743,3
30745,5
30746,8
30748,2
30749,5
30752,6
30755,6
30758,3
30759,1
30761,3
30762,1
30764,1
30765,4
30768,4
30771,11
30772,1
30774,6
30775,1
30777,4
30778,2
30781,5
30784,9
30787,6
30790,5
30791,2
30793,3
30794,4
30796,4
30797,1
30800,7
30803,2
30804,3
30806,3
30807,2
30809,3
30810,2
30812,1
30813,5
30816,8
30819,4
30820,4
30822,5
30823,2
30825,1
30826,1
30828,2
30829,7
30832,6
30835,2
30836,3
30838,1
30839,3
30841,1
30842,5
30844,2
30845,6
30848,5
30851,2
30854,4
30857,3
30858,5
30860,4
30861,6
30864,13
30867,6
30870,5
30873,3
30874,5
30876,1
30877,7
30880,12
30884,1
30886,6
30887,3
30889,2
30890,8
30892,1
30893,7
30896,6
30899,2
30900,3
30902,5
30903,6
30905,4
30906,4
30908,1
30909,5
30912,10
30915,3
30916,1
30918,2
30919,4
30921,3
30922,4
30925,5
30928,5
30931,5
30934,4
30935,5
30937,3
30938,4
30940,1
30941,11
30944,7
30947,4
30950,3
30951,3
30953,2
30954,7
30956,3
30957,3
30960,4
30963,5
30966,4
30967,1
30969,2
30970,1
30973,7
30976,7
30979,2
30982,5
30983,2
30985,1
30986,4
30988,1
30989,3
30992,8
30995,8
30996,3
30998,4
30999,1
31001,3
31002,4
31004,2
31005,3
31008,2
31011,5
31014,5
31015,2
31017,3
31018,6
31020,1
31021,6
31024,6
31027,2
31028,1
31030,4
31031,1
31033,1
31034,5
31036,2
31037,2
31040,3
31043,5
31046,2
31047,4
31050,3
31053,4
31056,5
31059,3
31060,2
31062,2
31063,1
31065,1
31066,4
31068,2
31069,2
31072,5
31075,4
31078,2
31079,1
31081,3
31082,1
31084,4
31085,6
31088,9
31091,2
31095,3
31097,2
31098,2
31101,6
31104,2
31107,4
31110,4
31111,2
31113,1
31114,3
31116,2
31117,4
31120,2
31123,8
31124,1
31126,3
31127,5
31129,5
31130,4
31132,2
31133,5
31136,6
31139,3
31140,1
31142,5
31143,2
31145,1
31146,2
31148,1
31149,6
31152,7
31155,7
31158,1
31159,2
31161,2
31162,3
31165,6
31168,5
31171,3
31174,2
31175,3
31177,3
31178,2
31180,2
31181,3
31184,7
31187,5
31188,2
31190,2
31194,4
31196,1
31197,5
31200,8
31203,2
31204,1
31206,3
31207,3
31209,2
31210,1
31213,5
31216,5
31219,9
31222,6
31223,1
31225,3
31226,3
31228,1
31229,5
31232,3
31235,4
31236,2
31241,4
31242,3
31245,3
31248,3
31251,9
31254,5
31255,3
31257,1
31258,2
31260,1
31261,11
31264,3
31267,2
31268,1
31270,4
31271,3
31273,2
31274,1
31276,1
31277,4
31280,5
31283,11
31284,1
31286,4
31287,1
31289,4
31290,2
31293,5
31296,8
31299,2
31300,1
31303,4
31305,2
31306,3
31308,1
31309,6
31312,4
31315,3
31316,2
31318,3
31319,2
31321,1
31322,5
31324,1
31325,7
31328,4
31331,5
31332,1
31334,4
31335,2
31337,2
31338,1
31341,5
31344,2
31347,6
31350,2
31351,4
31353,1
31354,2
31356,1
31357,3
31360,8
31363,5
31366,5
31367,1
31369,1
31370,3
31372,3
31373,5
31376,3
31379,5
31380,3
31382,5
31383,2
31385,2
31386,2
31388,1
31389,4
31392,1
31395,4
31398,1
31399,2
31401,2
31402,5
31404,3
31405,8
31408,6
31411,4
31414,3
31415,2
31417,2
31420,3
31421,7
31424,5
31427,3
31428,1
31430,1
31431,3
31433,2
31434,2
31436,1
31437,7
31440,3
31443,6
31446,4
31447,1
31449,4
31450,2
31452,1
31453,2
31456,10
31459,1
31462,3
31463,1
31465,6
31466,5
31469,5
31472,8
31475,6
31476,2
31478,5
31479,3
31481,3
31482,4
31484,1
31485,6
31488,8
31491,2
31492,1
31494,2
31495,4
31498,3
31500,1
31504,3
31507,1
31508,1
31510,6
31511,3
31513,1
31514,5
31517,1
31520,1
31523,5
31524,1
31526,6
31527,2
31530,2
31532,3
31536,5
31539,2
31540,1
31542,4
31543,2
31545,1
31546,4
31548,5
31549,5
31552,7
31555,4
31556,2
31558,2
31559,2
31561,1
31562,4
31564,1
31565,3
31568,6
31571,5
31572,1
31574,2
31575,2
31577,2
31578,3
31580,3
31581,1
31584,8
31587,3
31590,3
31591,1
31593,2
31594,4
31596,1
31597,4
31600,8
31603,6
31604,1
31606,1
31607,1
31609,1
31610,1
31612,2
31613,1
31616,6
31619,4
31620,1
31622,1
31623,1
31626,1
31628,1
31629,2
31632,7
31635,6
31638,4
31639,3
31641,1
31642,3
31645,3
31648,9
31651,2
31652,2
31654,3
31655,5
31657,1
31658,2
31660,1
31661,3
31664,4
31667,2
31670,4
31671,3
31673,1
31674,4
31676,1
31677,4
31680,3
31683,3
31684,1
31686,3
31687,2
31689,2
31690,5
31692,2
31693,7
31696,6
31699,1
31702,1
31705,3
31706,6
31709,6
31712,1
31715,3
31716,1
31718,5
31719,3
31721,3
31722,2
31728,10
31731,4
31737,2
31738,3
31740,2
31741,1
31744,6
31747,5
31748,1
31750,1
31751,1
31753,1
31754,3
31756,2
31757,7
31760,4
31763,8
31764,1
31766,2
31767,2
31769,4
31770,2
31773,4
31776,5
31779,8
31782,3
31783,3
31785,4
31786,2
31788,1
31789,3
31792,8
31795,5
31796,3
31798,3
31799,2
31801,1
31805,5
31808,8
31811,5
31812,1
31814,2
31815,1
31817,3
31818,3
31821,4
31824,6
31827,2
31828,2
31830,3
31831,2
31833,4
31834,3
31837,2
31840,7
31843,2
31846,1
31847,1
31850,1
31853,6
31856,3
31859,3
31860,2
31862,5
31863,1
31865,1
31866,2
31868,3
31869,2
31872,3
31875,3
31876,1
31878,3
31879,2
31882,3
31884,2
31885,2
31888,2
31891,2
31894,1
31897,1
31898,3
31900,2
31901,1
31904,6
31907,5
31910,3
31911,1
31913,3
31914,4
31916,3
31917,4
31920,4
31923,3
31924,1
31926,1
31927,3
31929,1
31930,6
31933,9
31936,7
31939,2
31940,1
31942,4
31943,2
31945,1
31946,5
31949,2
31952,4
31955,4
31956,1
31958,4
31959,3
31961,4
31965,2
31968,3
31971,1
31972,1
31974,6
31975,2
31977,2
31978,1
31981,2
31984,4
31987,2
31988,3
31990,2
31991,1
31993,4
31994,6
31997,7
32000,5
32003,2
32006,5
32007,2
32009,1
32010,1
32012,2
32013,3
32016,4
32019,3
32022,1
32023,3
32025,2
32026,2
32029,4
32032,5
32035,1
32036,2
32038,3
32039,1
32041,1
32045,4
32048,2
32051,7
32054,3
32055,1
32058,2
32060,2
32061,6
32064,4
32067,5
32068,2
32070,4
32071,2
32073,3
32074,2
32076,2
32077,3
32080,2
32083,3
32084,1
32086,2
32089,3
32090,7
32092,1
32093,6
32096,2
32099,4
32100,5
32102,4
32103,1
32105,2
32108,2
32109,2
32112,2
32115,4
32118,2
32119,1
32121,6
32122,7
32124,3
32128,2
32131,1
32132,2
32134,1
32135,1
32137,3
32138,2
32140,2
32141,7
32144,5
32147,3
32150,1
32151,3
32153,1
32157,2
32160,4
32163,3
32164,1
32166,2
32167,1
32169,2
32170,2
32173,3
32176,4
32179,8
32180,3
32182,3
32183,4
32185,2
32186,4
32189,4
32192,7
32195,5
32198,3
32199,1
32201,2
32202,2
32205,3
32208,7
32211,2
32212,1
32215,2
32217,2
32221,3
32224,5
32227,6
32228,1
32230,2
32231,1
32233,2
32234,4
32236,1
32237,5
32240,7
32243,3
32244,3
32246,3
32247,1
32249,2
32253,2
32256,2
32259,3
32260,2
32263,4
32265,1
32266,2
32269,3
32272,5
32275,5
32276,1
32278,2
32279,2
32281,2
32282,5
32285,4
32288,11
32291,4
32294,1
32295,3
32297,1
32298,2
32301,1
32304,3
32307,5
32308,1
32310,4
32311,1
32313,1
32314,2
32317,2
32320,3
32323,3
32327,1
32329,1
32330,3
32332,1
32333,3
32336,2
32339,2
32340,1
32342,2
32343,3
32345,2
32346,1
32349,3
32352,5
32356,1
32358,6
32359,2
32361,2
32362,2
32364,2
32365,2
32368,3
32371,5
32372,1
32374,2
32375,5
32377,3
32378,1
32380,1
32381,2
32384,4
32387,3
32390,1
32391,1
32393,1
32394,2
32397,4
32400,7
32403,3
32404,3
32406,3
32409,1
32410,5
32416,3
32419,3
32420,1
32422,2
32423,2
32425,2
32426,2
32429,2
32432,2
32435,2
32436,1
32438,2
32439,2
32441,3
32442,2
32444,1
32445,2
32448,2
32451,3
32452,1
32454,1
32457,3
32458,3
32461,1
32464,1
32467,2
32470,3
32473,3
32474,4
32476,1
32477,1
32480,1
32483,2
32484,1
32486,2
32487,1
32489,6
32490,2
32493,2
32496,2
32499,2
32502,1
32503,2
32505,4
32506,1
32508,2
32509,3
32512,5
32515,3
32518,3
32519,1
32521,1
32522,2
32524,1
32525,4
32528,5
32531,5
32532,1
32534,1
32535,3
32537,2
32538,2
32541,3
32544,5
32547,1
32550,1
32551,3
32553,2
32556,1
32557,3
32560,9
32563,3
32566,2
32567,1
32569,1
32573,7
32576,7
32579,5
32580,1
32582,2
32585,1
32586,1
32589,5
32592,3
32595,2
32596,1
32598,2
32599,2
32602,4
32604,1
32605,1
32608,3
32611,5
32612,1
32614,2
32615,2
32617,1
32618,4
32620,2
32621,2
32624,3
32627,5
32628,2
32630,4
32631,1
32633,1
32636,2
32637,2
32640,4
32643,4
32644,3
32646,2
32649,1
32650,3
32653,1
32656,4
32659,4
32662,5
32663,1
32666,2
32668,2
32669,4
32672,10
32675,4
32679,1
32681,1
32684,1
32685,5
32691,3
32692,1
32694,4
32695,5
32697,2
32698,3
32700,1
32701,3
32704,5
32707,2
32713,1
32714,1
32716,1
32717,4
32720,4
32723,2
32726,3
32727,1
32729,1
32730,2
32732,2
32733,4
32736,3
32739,2
32740,1
32743,1
32745,1
32746,1
32749,5
32752,2
32755,7
32756,1
32758,4
32759,1
32761,1
32762,3
32764,1
32768,5
32771,5
32772,1
32774,1
32778,1
32781,1
32784,3
32787,2
32788,1
32790,2
32794,3
32797,1
32800,2
32803,6
32804,1
32810,1
32812,2
32813,1
32819,1
32823,2
32828,2
32829,5
32832,3
32836,2
32838,2
32839,3
32842,5
32845,3
32851,2
32852,1
32854,3
32855,2
32857,1
32858,3
32860,1
32861,2
32864,3
32867,2
32870,1
32871,1
32873,2
32877,8
32880,4
32883,1
32884,2
32886,1
32889,1
32890,2
32892,2
32893,3
32896,3
32899,5
32902,2
32903,2
32908,1
32909,2
32912,3
32915,2
32918,1
32919,2
32921,1
32922,4
32925,2
32928,4
32931,3
32938,1
32940,1
32941,1
32944,3
32947,1
32948,1
32950,2
32951,1
32953,1
32954,3
32957,1
32960,4
32963,2
32964,1
32966,2
32967,2
32969,1
32970,4
32972,2
32973,2
32976,3
32979,5
32980,1
32982,1
32983,2
32985,1
32986,4
32989,2
32992,7
32995,2
32998,1
32999,4
33001,1
33002,1
33005,2
33008,3
33011,2
33014,2
33015,1
33018,1
33021,3
33024,1
33027,2
33030,1
33031,2
33036,1
33037,2
33040,2
33043,2
33046,2
33047,1
33050,3
33053,2
33056,3
33059,1
33060,1
33062,4
33065,1
33069,2
33072,5
33075,2
33078,2
33079,2
33084,3
33085,3
33088,2
33091,4
33092,1
33094,1
33095,2
33097,1
33101,3
33104,1
33107,3
33110,2
33113,1
33114,3
33117,3
33120,2
33126,2
33127,1
33129,1
33130,1
33132,1
33133,1
33136,2
33140,2
33142,1
33143,1
33152,1
33155,3
33158,2
33159,2
33161,2
33164,2
33165,2
33168,3
33171,2
33174,3
33175,1
33177,1
33178,1
33181,3
33184,5
33193,2
33194,1
33197,3
33200,1
33203,1
33204,1
33206,2
33207,1
33209,1
33210,2
33213,1
33216,3
33220,1
33222,2
33223,1
33225,1
33228,1
33229,2
33232,1
33235,1
33236,1
33241,2
33244,1
33245,1
33248,5
33251,2
33254,2
33255,1
33257,3
33261,2
33264,2
33267,1
33268,1
33270,2
33271,1
33280,5
33283,2
33286,5
33287,1
33290,1
33296,2
33299,2
33300,1
33303,1
33306,1
33308,1
33309,1
33315,2
33321,1
33322,2
33325,3
33328,3
33331,1
33334,2
33347,4
33354,3
33356,1
33357,3
33360,1
33363,2
33366,2
33367,2
33369,1
33370,2
33372,2
33373,1
33376,2
33379,2
33382,1
33383,1
33386,1
33388,1
33395,1
33398,1
33399,1
33401,1
33405,2
33408,1
33411,1
33414,2
33417,1
33418,3
33421,1
33424,1
33427,1
33428,1
33434,1
33437,2
33440,1
33443,3
33446,1
33447,2
33449,1
33450,2
33452,1
33453,1
33456,3
33459,1
33465,2
33466,1
33469,1
33472,1
33475,1
33482,2
33485,1
33488,2
33491,1
33494,2
33497,1
33498,4
33500,1
33501,1
33504,1
33507,1
33510,1
33511,1
33513,1
33514,1
33516,1
33523,1
33526,1
33527,1
33529,1
33530,3
33533,2
33536,4
33539,3
33542,2
33545,1
33546,1
33549,3
33552,1
33555,1
33564,2
33565,1
33568,1
33571,1
33574,1
33578,1
33581,4
33587,2
33588,2
33590,1
33591,1
33594,2
33597,1
33600,3
33603,1
33616,2
33619,1
33623,1
33625,1
33626,2
33629,3
33632,1
33635,1
33638,1
33639,1
33642,2
33648,3
33651,2
33654,2
33660,1
33661,2
33664,1
33667,2
33670,1
33673,1
33674,4
33680,1
33683,1
33686,2
33690,1
33692,1
33693,2
33699,1
33702,1
33703,1
33706,2
33709,1
33712,1
33715,2
33718,4
33719,1
33722,2
33724,2
33725,1
33728,1
33731,1
33738,1
33741,1
33744,3
33757,1
33760,1
33763,1
33769,2
33776,1
33785,1
33789,1
33792,3
33798,1
33808,1
33811,1
33814,2
33821,4
33824,2
33827,2
33830,1
33833,1
33837,2
33840,1
33843,1
33844,1
33846,1
33859,1
33863,1
33872,4
33875,2
33884,1
33888,2
33897,1
33900,1
33911,1
33914,1
33917,2
33923,2
33933,2
33936,1
33939,1
33949,1
33952,1
33956,1
33977,1
33984,2
33990,1
33997,1
34000,3
34006,1
34010,1
34016,1
34025,1
34026,1
34029,3
34032,1
34035,1
34038,1
34045,1
34048,1
34051,2
34052,1
34057,1
34064,2
34070,1
34071,1
34074,1
34077,1
34093,1
34096,2
34099,4
34100,1
34102,2
34106,2
34112,1
34115,1
34116,1
34118,1
34128,1
34131,2
34144,2
34147,2
34150,1
34157,1
34160,1
34163,1
34167,1
34173,1
34179,1
34180,1
34198,2
34202,1
34205,1
34208,2
34214,1
34215,1
34217,1
34230,1
34234,1
34237,1
34240,1
34243,1
34259,1
34263,1
34266,1
34268,1
34278,1
34285,1
34288,1
34291,3
34292,1
34297,1
34298,1
34301,1
34307,1
34308,1
34314,2
34320,1
34323,1
34326,1
34329,2
34333,1
34336,1
34342,1
34355,1
34356,1
34361,1
34368,1
34378,1
34384,1
34388,2
34394,1
34406,3
34410,3
34413,2
34416,2
34419,3
34423,1
34426,1
34429,1
34432,2
34444,1
34445,1
34448,1
34454,1
34461,2
34464,1
34467,2
34471,2
34474,2
34476,1
34480,1
34489,1
34493,1
34499,1
34502,1
34508,1
34515,1
34528,1
34531,1
34535,1
34537,1
34557,1
34563,3
34567,1
34570,2
34585,1
34586,1
34588,1
34598,1
34608,1
34611,1
34615,1
34617,1
34621,1
34630,2
34633,1
34637,2
34643,1
34646,1
34649,1
34650,1
34656,3
34662,1
34663,1
34672,1
34678,1
34679,1
34682,1
34685,3
34694,1
34695,1
34698,1
34701,1
34708,1
34717,1
34723,1
34726,1
34727,2
34733,1
34736,1
34739,2
34746,1
34749,1
34752,2
34761,1
34768,1
34771,1
34774,2
34775,1
34784,1
34793,1
34800,2
34803,1
34835,2
34838,1
34842,1
34852,1
34854,1
34861,1
34864,1
34870,1
34874,1
34880,2
34886,1
34906,1
34909,1
34912,1
34922,1
34925,1
34944,1
34947,1
34957,1
34960,1
34964,1
34973,1
34986,1
34992,1
34995,3
35004,1
35011,1
35014,1
35018,1
35043,1
35050,1
35059,1
35072,2
35079,2
35081,1
35094,1
35101,1
35104,1
35107,1
35110,1
35123,1
35129,2
35139,1
35143,3
35149,1
35152,1
35158,1
35171,1
35174,1
35178,1
35194,1
35204,1
35219,2
35229,1
35232,1
35235,1
35241,1
35242,1
35245,1
35248,1
35258,1
35261,1
35280,1
35289,1
35306,1
35315,1
35319,1
35325,1
35334,1
35338,1
35347,2
35350,1
35366,1
35383,1
35388,1
35399,1
35401,1
35405,2
35408,1
35417,2
35420,1
35421,2
35450,1
35465,1
35468,1
35475,2
35479,1
35498,1
35513,1
35517,1
35520,1
35527,1
35536,1
35559,1
35562,1
35564,1
35575,1
35577,1
35580,1
35587,2
35594,1
35597,2
35600,1
35629,2
35632,1
35645,1
35648,4
35664,1
35667,1
35668,1
35674,1
35680,1
35684,1
35686,1
35718,1
35735,1
35750,1
35757,1
35776,1
35792,1
35796,1
35798,1
35805,1
35837,1
35846,1
35847,1
35850,1
35856,1
35875,3
35879,2
35881,1
35884,1
35891,1
35892,1
35910,2
35914,1
35920,1
35939,1
35956,1
35961,1
35962,1
35965,1
35978,1
35987,1
35994,1
36003,1
36006,1
36009,1
36013,1
36020,1
36025,1
36029,1
36048,1
36051,1
36058,1
36067,1
36071,2
36074,1
36083,2
36096,1
36112,1
36122,1
36125,1
36138,1
36151,1
36154,1
36157,2
36160,2
36170,1
36176,2
36180,1
36185,1
36227,2
36233,1
36237,1
36247,1
36250,1
36253,1
36281,1
36301,1
36304,1
36310,2
36326,1
36343,1
36349,1
36352,1
36359,1
36371,1
36387,1
36394,1
36397,1
36426,1
36432,1
36438,1
36473,1
36480,1
36490,1
36493,2
36499,1
36521,1
36528,2
36531,2
36537,1
36554,2
36592,1
36605,1
36608,1
36611,1
36618,1
36640,1
36682,1
36688,1
36701,1
36714,2
36723,1
36727,1
36759,1
36764,1
36765,1
36775,1
36794,1
36803,1
36816,2
36822,1
36832,2
36839,1
36844,1
36845,1
36848,2
36861,1
36870,1
36880,1
36890,1
36893,1
36896,1
36906,1
36909,1
36912,1
36915,1
36925,1
36928,1
36931,1
36937,1
36941,1
36944,1
36960,1
36983,1
36992,1
36999,1
37004,1
37005,1
37072,1
37075,1
37095,1
37104,1
37110,1
37114,1
37149,1
37194,1
37210,2
37274,1
37276,1
37283,1
37303,1
37308,1
37324,1
37347,1
37353,1
37354,1
37357,1
37363,1
37389,1
37417,1
37437,1
37469,1
37472,1
37485,1
37491,1
37520,1
37536,1
37542,1
37568,1
37571,1
37587,1
37590,1
37596,1
37600,1
37629,1
37632,1
37639,1
37641,2
37648,1
37654,1
37670,1
37674,1
37680,1
37683,1
37718,1
37734,1
37786,1
37821,1
37888,1
37994,1
38009,1
38019,1
38067,1
38112,1
38125,1
38135,1
38144,1
38163,1
38167,1
38170,1
38208,1
38246,1
38346,1
38372,1
38473,1
38477,1
38490,1
38519,1
38528,1
38598,1
38615,1
38630,1
38695,1
38698,1
38729,1
38746,1
38832,1
38896,1
38902,1
38918,1
38953,1
38992,1
38998,1
39033,1
39037,1
39088,1
39091,1
39130,1
39143,1
39152,2
39174,1
39190,1
39193,1
39206,1
39251,1
39316,1
39398,1
39417,1
39494,1
39648,1
39674,1
39683,1
39709,1
39744,1
39750,1
39786,1
39830,1
39869,1
39971,1
40022,1
40160,1
40192,1
40317,1
40378,1
40413,1
40448,1
40505,1
40515,1
40698,1
40701,1
40748,1
40784,1
40899,1
40951,1
41296,1
41683,1
41706,1
41830,1
41958,1
42112,1
42131,1
42630,1
42822,1
44282,1
45161,1
47395,1
51415,1
52448,1
53478,1
54518,1
54525,1
54586,1
57379,1
58426,1
59229,1
61248,1
61568,1
64544,1
66736,1
71168,1
74666,1
80195,1
81344,1
82823,1
87376,1
91296,1
96730,1
99059,1
100797,1
101203,1
102045,1
102598,1
109529,1
110439,1
111872,1
115116,1
115478,1
116746,1
119223,1
119443,1
120221,1
120480,1
121331,1
122237,1
124230,1
130036,1
136845,1
139328,1
150570,1
155820,1
156182,1
157917,1
171699,1
175059,1
179212,1
182234,1
183914,1
185968,1
196516,1
202198,1
206803,1
215792,1
222445,1
222694,1
223923,1
247149,1
251011,1
283197,1
367766,1
392010,1
401754,1
407120,1
407616,1
416970,1
428211,1
429312,1
440672,1
445399,1
453389,1
454909,1
455757,1
456604,1
458781,1
459335,1
463783,1
468233,1
468317,1
468422,1
469245,1
472141,1
472428,1
486864,1
487424,1
487869,1
488819,1
491127,1
493687,1
496592,1
497181,1
497206,1
497293,1
497325,1
504083,1
504339,1
505763,1
506361,1
511415,1
512080,1
512825,1
513852,1
516691,1
517306,1
517817,1
518720,1
521126,1
521952,1
522730,1
523427,1
526285,1
542380,1
550528,1
552272,1
554102,1
