# Samples: 113468, Average: 9508.3 ns, StdDev: 9860.2 ns, Quartiles: 8272.0/8713.0/10051.0 ns
7936,1
7942,1
7948,1
7949,3
7952,2
7955,2
7958,1
7961,3
7962,2
7964,4
7965,7
7968,10
7971,5
7972,1
7974,7
7975,12
7977,4
7978,9
7980,5
7981,14
7984,14
7987,16
7988,4
7990,4
7991,10
7993,11
7994,27
7996,1
7997,14
8000,47
8003,18
8004,6
8006,37
8007,19
8009,23
8010,23
8012,13
8013,72
8016,61
8019,73
8020,19
8022,43
8023,26
8025,51
8026,58
8028,10
8029,67
8032,134
8035,76
8036,23
8038,88
8039,70
8041,44
8042,58
8044,29
8045,168
8048,141
8051,174
8052,48
8054,69
8055,54
8057,100
8058,167
8060,43
8061,127
8064,297
8067,169
8068,31
8070,179
8071,119
8073,93
8074,149
8076,76
8077,259
8080,230
8083,277
8084,77
8086,146
8087,92
8089,154
8090,221
8092,47
8093,214
8096,445
8099,235
8100,64
8102,275
8103,182
8105,144
8106,185
8108,94
8109,385
8112,320
8115,384
8116,99
8118,204
8119,141
8121,175
8122,305
8124,67
8125,266
8128,515
8131,280
8132,74
8134,341
8135,198
8137,149
8138,204
8140,110
8141,451
8144,361
8147,448
8148,97
8150,186
8151,133
8153,194
8154,306
8156,70
8157,298
8160,527
8163,269
8164,81
8166,297
8167,205
8169,144
8170,208
8172,116
8173,421
8176,340
8179,386
8180,94
8182,229
8183,146
8185,203
8186,306
8188,58
8189,297
8192,494
8195,246
8196,73
8198,267
8199,217
8201,103
8202,220
8204,105
8205,395
8208,340
8211,407
8212,96
8214,196
8215,131
8217,206
8218,281
8220,65
8221,264
8224,460
8227,268
8228,78
8230,320
8231,188
8233,131
8234,195
8236,102
8237,370
8240,339
8243,368
8244,83
8246,195
8247,129
8249,202
8250,267
8252,78
8253,271
8256,427
8259,266
8260,76
8262,301
8263,201
8265,110
8266,203
8268,94
8269,399
8272,345
8275,363
8276,79
8278,189
8279,109
8281,207
8282,304
8284,80
8285,271
8288,443
8291,261
8292,71
8294,298
8295,199
8297,128
8298,183
8300,95
8301,368
8304,298
8307,362
8308,92
8310,170
8311,114
8313,205
8314,281
8316,64
8317,279
8320,415
8323,235
8324,56
8326,232
8327,177
8329,114
8330,160
8332,78
8333,326
8336,282
8339,344
8340,83
8342,166
8343,115
8345,149
8346,221
8348,54
8349,240
8352,386
8355,223
8356,44
8358,250
8359,134
8361,98
8362,170
8364,66
8365,244
8368,258
8371,248
8372,61
8374,139
8375,80
8377,125
8378,161
8380,48
8381,185
8384,291
8387,161
8388,48
8390,161
8391,109
8393,83
8394,126
8396,59
8397,226
8400,191
8403,241
8404,46
8406,124
8407,66
8409,97
8410,170
8412,31
8413,135
8416,270
8419,136
8420,29
8422,148
8423,93
8425,69
8426,94
8428,53
8429,203
8432,167
8435,214
8436,52
8438,100
8439,72
8441,77
8442,145
8444,29
8445,124
8448,193
8451,121
8452,33
8454,119
8455,84
8457,54
8458,77
8460,40
8461,155
8464,141
8467,174
8468,30
8470,91
8471,54
8473,91
8474,105
8476,36
8477,108
8480,201
8483,104
8484,22
8486,103
8487,81
8489,47
8490,99
8492,38
8493,143
8496,129
8499,139
8500,48
8502,90
8503,55
8505,87
8506,107
8508,12
8509,96
8512,201
8515,92
8516,22
8518,105
8519,76
8521,48
8522,64
8524,31
8525,130
8528,133
8531,129
8532,40
8534,80
8535,49
8537,74
8538,111
8540,28
8541,111
8544,179
8547,122
8548,27
8550,111
8551,53
8553,35
8554,71
8556,33
8557,143
8560,105
8563,105
8564,34
8566,64
8567,40
8569,70
8570,95
8572,23
8573,102
8576,164
8579,96
8580,24
8582,112
8583,69
8585,40
8586,82
8588,29
8589,112
8592,118
8595,145
8596,42
8598,64
8599,40
8601,85
8602,92
8604,23
8605,83
8608,157
8611,108
8612,23
8614,97
8615,66
8617,41
8618,64
8620,28
8621,134
8624,118
8627,132
8628,24
8630,71
8631,31
8633,61
8634,114
8636,28
8637,86
8640,156
8643,88
8644,20
8646,93
8647,60
8649,46
8650,63
8652,27
8653,113
8656,105
8659,111
8660,26
8662,62
8663,33
8665,48
8666,74
8668,29
8669,91
8672,153
8675,79
8676,12
8678,77
8679,54
8681,36
8682,58
8684,26
8685,118
8688,101
8691,97
8692,34
8694,61
8695,41
8697,52
8698,93
8700,21
8701,77
8704,122
8707,75
8708,10
8710,77
8711,50
8713,39
8714,54
8716,20
8717,96
8720,70
8723,87
8724,29
8726,41
8727,32
8729,38
8730,70
8732,18
8733,70
8736,107
8739,66
8740,16
8742,66
8743,42
8745,23
8746,40
8748,17
8749,79
8752,92
8755,89
8756,23
8758,50
8759,20
8761,49
8762,69
8764,7
8765,60
8768,114
8771,56
8772,10
8774,53
8775,31
8777,39
8778,33
8780,21
8781,61
8784,70
8787,76
8788,20
8790,43
8791,27
8793,38
8794,68
8796,13
8797,58
8800,107
8803,52
8804,16
8806,44
8807,31
8809,21
8810,35
8812,17
8813,70
8816,49
8819,83
8820,19
8822,39
8823,26
8825,28
8826,46
8828,10
8829,57
8832,81
8835,29
8836,3
8838,49
8839,23
8841,23
8842,26
8844,10
8845,64
8848,52
8851,58
8852,15
8854,39
8855,27
8857,26
8858,47
8860,10
8861,49
8864,58
8867,41
8868,9
8870,45
8871,29
8873,15
8874,37
8876,15
8877,63
8880,49
8883,41
8884,7
8886,25
8887,12
8889,21
8890,33
8892,7
8893,34
8896,66
8899,31
8900,9
8902,45
8903,22
8905,17
8906,29
8908,10
8909,51
8912,34
8915,51
8916,18
8918,24
8919,14
8921,19
8922,34
8924,2
8925,39
8928,55
8931,42
8932,11
8934,40
8935,25
8937,17
8938,27
8940,12
8941,50
8944,51
8947,54
8948,11
8950,27
8951,19
8953,24
8954,29
8956,10
8957,32
8960,62
8963,28
8964,13
8966,41
8967,30
8969,17
8970,31
8972,12
8973,44
8976,30
8979,48
8980,16
8982,20
8983,19
8985,31
8986,38
8988,16
8989,31
8992,50
8995,26
8996,6
8998,46
8999,25
9001,15
9002,26
9004,8
9005,39
9008,41
9011,52
9012,11
9014,29
9015,20
9017,24
9018,37
9020,12
9021,40
9024,63
9027,34
9028,13
9030,37
9031,23
9033,19
9034,31
9036,12
9037,46
9040,44
9043,54
9044,10
9046,28
9047,9
9049,33
9050,34
9052,5
9053,38
9056,52
9059,28
9060,6
9062,31
9063,27
9065,12
9066,21
9068,9
9069,60
9072,40
9075,52
9076,10
9078,24
9079,20
9081,24
9082,42
9084,14
9085,33
9088,56
9091,25
9092,7
9094,34
9095,20
9097,18
9098,27
9100,10
9101,57
9104,43
9107,51
9108,10
9110,32
9111,17
9113,22
9114,39
9116,9
9117,41
9120,58
9123,42
9124,6
9126,36
9127,34
9129,9
9130,22
9132,12
9133,55
9136,38
9139,48
9140,7
9142,35
9143,21
9145,23
9146,34
9148,6
9149,37
9152,65
9155,41
9156,11
9158,40
9159,25
9161,30
9162,25
9164,13
9165,47
9168,53
9171,59
9172,18
9174,33
9175,22
9177,27
9178,44
9180,15
9181,41
9184,87
9187,31
9188,11
9190,46
9191,27
9193,22
9194,35
9196,15
9197,77
9200,52
9203,58
9204,18
9206,43
9207,21
9209,36
9210,44
9212,13
9213,48
9216,90
9219,39
9220,10
9222,53
9223,33
9225,20
9226,43
9228,15
9229,76
9232,61
9235,72
9236,18
9238,31
9239,13
9241,46
9242,53
9244,19
9245,29
9248,87
9251,42
9252,11
9254,58
9255,29
9257,24
9258,39
9260,7
9261,64
9264,50
9267,68
9268,14
9270,32
9271,17
9273,42
9274,51
9276,17
9277,50
9280,72
9283,45
9284,22
9286,48
9287,24
9289,24
9290,33
9292,15
9293,81
9296,48
9299,68
9300,20
9302,41
9303,19
9305,32
9306,50
9308,11
9309,53
9312,81
9315,43
9316,9
9318,44
9319,29
9321,18
9322,39
9324,17
9325,69
9328,61
9331,65
9332,10
9334,40
9335,24
9337,43
9338,44
9340,4
9341,41
9344,72
9347,34
9348,10
9350,51
9351,40
9353,22
9354,36
9356,20
9357,66
9360,45
9363,46
9364,12
9366,36
9367,21
9369,28
9370,40
9372,13
9373,43
9376,70
9379,49
9380,14
9382,42
9383,34
9385,19
9386,29
9388,15
9389,65
9392,49
9395,69
9396,22
9398,35
9399,19
9401,30
9402,40
9404,10
9405,43
9408,74
9411,40
9412,4
9414,52
9415,19
9417,19
9418,40
9420,8
9421,64
9424,45
9427,66
9428,15
9430,29
9431,33
9433,34
9434,55
9436,16
9437,40
9440,82
9443,33
9444,13
9446,51
9447,36
9449,15
9450,30
9452,9
9453,44
9456,34
9459,57
9460,9
9462,28
9463,24
9465,39
9466,32
9468,6
9469,41
9472,56
9475,44
9476,6
9478,42
9479,34
9481,15
9482,28
9484,15
9485,80
9488,51
9491,43
9492,10
9494,21
9495,22
9497,35
9498,36
9500,8
9501,38
9504,80
9507,46
9508,6
9510,46
9511,30
9513,14
9514,16
9516,12
9517,59
9520,50
9523,46
9524,20
9526,30
9527,16
9529,23
9530,38
9532,6
9533,35
9536,71
9539,34
9540,12
9542,29
9543,27
9545,18
9546,25
9548,13
9549,62
9552,39
9555,40
9556,10
9558,12
9559,11
9561,27
9562,38
9564,12
9565,30
9568,58
9571,37
9572,8
9574,46
9575,21
9577,20
9578,23
9580,11
9581,52
9584,37
9587,49
9588,9
9590,25
9591,16
9593,17
9594,31
9596,12
9597,27
9600,62
9603,32
9604,7
9606,32
9607,28
9609,18
9610,20
9612,8
9613,51
9616,35
9619,52
9620,9
9622,30
9623,19
9625,22
9626,39
9628,7
9629,35
9632,67
9635,33
9636,3
9638,31
9639,25
9641,15
9642,20
9644,16
9645,61
9648,38
9651,37
9652,22
9654,19
9655,12
9657,28
9658,37
9660,8
9661,25
9664,65
9667,24
9668,9
9670,31
9671,21
9673,18
9674,30
9676,13
9677,45
9680,44
9683,58
9684,9
9686,23
9687,18
9689,24
9690,29
9692,4
9693,41
9696,67
9699,39
9700,7
9702,48
9703,24
9705,13
9706,22
9708,13
9709,58
9712,47
9715,60
9716,18
9718,42
9719,22
9721,28
9722,36
9724,10
9725,39
9728,56
9731,44
9732,5
9734,43
9735,20
9737,14
9738,33
9740,15
9741,61
9744,58
9747,61
9748,13
9750,42
9751,15
9753,43
9754,41
9756,14
9757,48
9760,89
9763,36
9764,8
9766,46
9767,44
9769,26
9770,39
9772,14
9773,69
9776,58
9779,83
9780,19
9782,27
9783,24
9785,36
9786,51
9788,18
9789,55
9792,107
9795,41
9796,15
9798,45
9799,35
9801,19
9802,32
9804,20
9805,93
9808,69
9811,75
9812,26
9814,42
9815,21
9817,48
9818,62
9820,15
9821,49
9824,98
9827,66
9828,6
9830,78
9831,43
9833,26
9834,44
9836,19
9837,89
9840,75
9843,89
9844,25
9846,58
9847,26
9849,48
9850,69
9852,14
9853,66
9856,121
9859,66
9860,12
9862,61
9863,39
9865,30
9866,47
9868,25
9869,79
9872,84
9875,83
9876,16
9878,38
9879,36
9881,50
9882,81
9884,12
9885,55
9888,120
9891,68
9892,16
9894,70
9895,51
9897,27
9898,55
9900,32
9901,102
9904,91
9907,95
9908,20
9910,48
9911,41
9913,50
9914,97
9916,21
9917,63
9920,118
9923,62
9924,15
9926,74
9927,44
9929,37
9930,56
9932,20
9933,79
9936,84
9939,90
9940,24
9942,48
9943,23
9945,45
9946,67
9948,12
9949,73
9952,111
9955,76
9956,17
9958,65
9959,57
9961,30
9962,60
9964,13
9965,70
9968,86
9971,89
9972,19
9974,49
9975,29
9977,46
9978,68
9980,17
9981,67
9984,96
9987,58
9988,14
9990,67
9991,34
9993,33
9994,45
9996,20
9997,77
10000,80
10003,108
10004,21
10006,60
10007,31
10009,42
10010,83
10012,21
10013,58
10016,118
10019,62
10020,13
10022,55
10023,38
10025,27
10026,43
10028,19
10029,91
10032,62
10035,69
10036,17
10038,38
10039,40
10041,37
10042,64
10044,22
10045,50
10048,94
10051,62
10052,13
10054,54
10055,40
10057,24
10058,43
10060,18
10061,76
10064,67
10067,84
10068,19
10070,35
10071,36
10073,34
10074,61
10076,14
10077,48
10080,114
10083,60
10084,19
10086,35
10087,41
10089,27
10090,40
10092,7
10093,75
10096,66
10099,69
10100,16
10102,35
10103,26
10105,35
10106,54
10108,13
10109,42
10112,96
10115,46
10116,9
10118,47
10119,40
10121,26
10122,42
10124,16
10125,65
10128,58
10131,76
10132,16
10134,36
10135,29
10137,32
10138,49
10140,9
10141,42
10144,70
10147,41
10148,15
10150,29
10151,35
10153,27
10154,42
10156,16
10157,65
10160,54
10163,48
10164,14
10166,46
10167,23
10169,36
10170,47
10172,5
10173,35
10176,70
10179,38
10180,5
10182,51
10183,36
10185,17
10186,24
10188,16
10189,61
10192,75
10195,58
10196,17
10198,23
10199,22
10201,34
10202,71
10204,5
10205,49
10208,73
10211,53
10212,11
10214,38
10215,39
10217,24
10218,40
10220,17
10221,63
10224,55
10227,86
10228,16
10230,45
10231,31
10233,26
10234,47
10236,9
10237,37
10240,88
10243,30
10244,14
10246,58
10247,35
10249,25
10250,33
10252,27
10253,78
10256,74
10259,72
10260,15
10262,39
10263,20
10265,34
10266,58
10268,10
10269,52
10272,87
10275,45
10276,16
10278,57
10279,45
10281,28
10282,48
10284,23
10285,66
10288,72
10291,90
10292,12
10294,29
10295,21
10297,32
10298,52
10300,18
10301,55
10304,100
10307,62
10308,18
10310,63
10311,38
10313,25
10314,28
10316,18
10317,63
10320,59
10323,73
10324,19
10326,44
10327,30
10329,37
10330,63
10332,20
10333,49
10336,112
10339,62
10340,21
10342,68
10343,40
10345,39
10346,40
10348,15
10349,74
10352,68
10355,74
10356,19
10358,54
10359,32
10361,36
10362,58
10364,14
10365,59
10368,99
10371,53
10372,9
10374,70
10375,29
10377,24
10378,36
10380,24
10381,80
10384,65
10387,86
10388,22
10390,59
10391,33
10393,43
10394,70
10396,14
10397,70
10400,99
10403,41
10404,18
10406,68
10407,34
10409,24
10410,40
10412,23
10413,87
10416,70
10419,75
10420,30
10422,41
10423,28
10425,42
10426,50
10428,11
10429,48
10432,104
10435,34
10436,15
10438,64
10439,42
10441,35
10442,43
10444,25
10445,79
10448,72
10451,66
10452,18
10454,37
10455,34
10457,44
10458,56
10460,16
10461,60
10464,86
10467,57
10468,12
10470,65
10471,49
10473,23
10474,35
10476,19
10477,66
10480,67
10483,76
10484,22
10486,39
10487,25
10489,33
10490,57
10492,16
10493,46
10496,103
10499,47
10500,11
10502,61
10503,49
10505,27
10506,35
10508,12
10509,68
10512,73
10515,67
10516,16
10518,45
10519,33
10521,40
10522,62
10524,10
10525,53
10528,108
10531,50
10532,14
10534,45
10535,49
10537,26
10538,35
10540,17
10541,73
10544,59
10547,66
10548,18
10550,40
10551,29
10553,41
10554,57
10556,13
10557,52
10560,87
10563,41
10564,14
10566,49
10567,40
10569,39
10570,40
10572,21
10573,89
10576,69
10579,77
10580,20
10582,32
10583,23
10585,38
10586,58
10588,9
10589,50
10592,76
10595,46
10596,12
10598,63
10599,41
10601,27
10602,37
10604,16
10605,79
10608,54
10611,91
10612,21
10614,35
10615,23
10617,29
10618,58
10620,15
10621,58
10624,85
10627,64
10628,9
10630,48
10631,30
10633,22
10634,29
10636,20
10637,75
10640,88
10643,62
10644,16
10646,34
10647,29
10649,39
10650,56
10652,15
10653,55
10656,85
10659,57
10660,10
10662,57
10663,35
10665,26
10666,41
10668,15
10669,78
10672,58
10675,72
10676,19
10678,33
10679,26
10681,37
10682,67
10684,7
10685,57
10688,88
10691,45
10692,19
10694,37
10695,26
10697,36
10698,44
10700,15
10701,94
10704,58
10707,78
10708,15
10710,38
10711,24
10713,34
10714,61
10716,11
10717,43
10720,91
10723,52
10724,12
10726,58
10727,20
10729,24
10730,34
10732,21
10733,65
10736,58
10739,69
10740,17
10742,41
10743,21
10745,27
10746,49
10748,7
10749,47
10752,102
10755,50
10756,13
10758,48
10759,43
10761,22
10762,33
10764,16
10765,70
10768,60
10771,67
10772,19
10774,23
10775,24
10777,34
10778,53
10780,5
10781,35
10784,83
10787,42
10788,12
10790,35
10791,33
10793,22
10794,42
10796,20
10797,59
10800,60
10803,63
10804,16
10806,29
10807,18
10809,38
10810,42
10812,12
10813,42
10816,82
10819,48
10820,4
10822,37
10823,30
10825,27
10826,28
10828,10
10829,66
10832,36
10835,52
10836,20
10838,41
10839,21
10841,30
10842,43
10844,6
10845,38
10848,83
10851,43
10852,8
10854,46
10855,17
10857,23
10858,25
10860,14
10861,54
10864,46
10867,58
10868,11
10870,24
10871,16
10873,22
10874,45
10876,6
10877,31
10880,70
10883,39
10884,13
10886,40
10887,24
10889,20
10890,35
10892,15
10893,47
10896,43
10899,43
10900,18
10902,24
10903,21
10905,31
10906,30
10908,6
10909,31
10912,77
10915,40
10916,5
10918,38
10919,20
10921,16
10922,24
10924,10
10925,44
10928,34
10931,37
10932,14
10934,22
10935,15
10937,22
10938,26
10940,9
10941,33
10944,55
10947,36
10948,8
10950,41
10951,21
10953,17
10954,18
10956,9
10957,50
10960,45
10963,43
10964,10
10966,26
10967,20
10969,32
10970,35
10972,5
10973,34
10976,52
10979,19
10980,12
10982,23
10983,30
10985,13
10986,24
10988,15
10989,46
10992,35
10995,42
10996,9
10998,22
10999,16
11001,18
11002,36
11004,6
11005,31
11008,44
11011,28
11012,6
11014,28
11015,18
11017,12
11018,31
11020,7
11021,28
11024,29
11027,43
11028,9
11030,20
11031,15
11033,16
11034,17
11036,10
11037,29
11040,35
11043,42
11044,8
11046,36
11047,22
11049,12
11050,18
11052,11
11053,31
11056,29
11059,38
11060,7
11062,16
11063,11
11065,20
11066,22
11068,5
11069,23
11072,31
11075,28
11076,6
11078,22
11079,22
11081,11
11082,20
11084,8
11085,21
11088,24
11091,31
11092,9
11094,25
11095,14
11097,14
11098,26
11100,8
11101,18
11104,35
11107,20
11108,5
11110,18
11111,7
11113,10
11114,12
11116,9
11117,14
11120,18
11123,30
11124,9
11126,18
11127,10
11129,16
11130,22
11132,5
11133,18
11136,34
11139,13
11140,5
11142,19
11143,11
11145,5
11146,14
11148,6
11149,29
11152,23
11155,19
11156,4
11158,13
11159,5
11161,9
11162,13
11164,2
11165,22
11168,30
11171,22
11172,1
11174,18
11175,9
11177,7
11178,11
11180,9
11181,25
11184,20
11187,18
11188,4
11190,11
11191,6
11193,12
11194,15
11196,4
11197,11
11200,23
11203,13
11204,2
11206,19
11207,10
11209,7
11210,11
11212,8
11213,20
11216,12
11219,17
11220,3
11222,5
11223,4
11225,7
11226,15
11228,1
11229,13
11232,24
11235,12
11236,2
11238,16
11239,6
11241,2
11242,13
11244,3
11245,18
11248,9
11251,9
11252,5
11254,7
11255,1
11257,12
11258,23
11260,5
11261,8
11264,15
11267,12
11268,2
11270,7
11271,7
11273,1
11274,7
11276,2
11277,24
11280,14
11283,14
11284,6
11286,12
11287,5
11289,10
11290,13
11293,12
11296,8
11299,5
11300,1
11302,9
11303,7
11305,2
11306,2
11308,5
11309,10
11312,9
11315,22
11316,4
11318,12
11319,6
11321,3
11322,11
11324,5
11325,16
11328,12
11331,5
11332,1
11334,7
11335,7
11337,3
11338,4
11340,7
11341,10
11344,13
11347,9
11348,10
11350,10
11351,4
11353,7
11354,10
11357,11
11360,13
11363,11
11364,3
11366,6
11367,5
11369,7
11370,3
11372,3
11373,8
11376,8
11379,10
11380,7
11382,3
11383,3
11385,1
11386,6
11388,3
11389,3
11392,11
11395,6
11396,1
11398,4
11399,7
11401,9
11402,2
11404,3
11405,14
11408,7
11411,8
11414,4
11415,1
11417,7
11418,11
11420,1
11421,4
11424,9
11427,4
11430,5
11431,12
11433,2
11434,4
11436,1
11437,9
11440,11
11443,6
11444,3
11446,4
11447,3
11449,6
11450,6
11452,3
11453,8
11456,6
11459,1
11460,1
11462,8
11463,2
11465,1
11466,1
11468,2
11469,6
11472,7
11475,9
11476,2
11478,2
11479,3
11481,6
11482,5
11485,3
11488,9
11491,6
11494,7
11495,2
11497,3
11498,4
11500,1
11501,7
11504,5
11507,5
11508,1
11510,4
11511,2
11513,5
11514,6
11517,5
11520,13
11523,4
11526,4
11527,2
11529,1
11530,2
11532,3
11533,8
11536,5
11539,10
11540,2
11542,2
11543,3
11545,5
11546,11
11549,6
11552,11
11555,4
11558,5
11561,3
11562,5
11564,3
11565,5
11568,8
11571,8
11572,1
11574,1
11575,1
11577,5
11578,8
11580,1
11581,7
11584,7
11587,4
11590,4
11591,3
11593,2
11594,6
11596,3
11597,11
11600,7
11603,7
11604,1
11607,2
11609,5
11610,5
11612,3
11613,2
11616,8
11619,4
11622,7
11623,5
11625,4
11626,2
11628,1
11629,6
11632,5
11635,5
11636,1
11638,3
11639,3
11641,3
11642,5
11645,3
11648,11
11651,4
11652,2
11654,8
11655,10
11657,3
11658,1
11660,1
11661,8
11664,8
11667,9
11668,2
11670,5
11671,3
11673,4
11674,6
11676,1
11677,1
11680,10
11683,3
11684,1
11686,6
11687,1
11689,4
11690,1
11692,1
11693,8
11696,6
11699,9
11700,3
11702,3
11703,3
11705,3
11706,3
11708,2
11709,4
11712,10
11715,6
11716,2
11718,7
11719,2
11721,1
11722,3
11724,1
11725,9
11728,7
11731,5
11732,2
11734,8
11735,2
11737,1
11738,6
11741,8
11744,7
11747,2
11748,1
11750,6
11751,5
11753,1
11754,6
11756,2
11757,8
11760,10
11763,4
11764,1
11766,3
11767,1
11770,6
11773,3
11776,7
11779,1
11780,5
11782,2
11783,3
11785,1
11786,3
11788,2
11789,6
11792,6
11795,4
11796,2
11798,5
11799,3
11801,2
11802,2
11805,4
11808,10
11811,2
11812,1
11814,3
11817,3
11818,5
11820,1
11821,6
11824,10
11827,3
11828,1
11830,5
11831,1
11833,4
11834,1
11836,1
11837,3
11840,11
11843,7
11844,1
11846,4
11847,4
11849,1
11850,4
11853,4
11856,3
11859,6
11860,1
11862,3
11863,2
11865,2
11866,4
11868,1
11869,1
11872,9
11875,5
11876,2
11878,5
11879,4
11881,4
11884,1
11885,3
11888,4
11891,8
11894,2
11897,4
11898,2
11901,7
11904,6
11907,3
11908,2
11910,4
11913,5
11914,5
11916,3
11917,3
11920,4
11923,6
11926,2
11927,1
11929,2
11930,5
11932,2
11933,3
11936,9
11939,3
11940,1
11942,5
11943,2
11945,3
11946,3
11949,4
11952,6
11955,6
11956,1
11958,1
11959,4
11961,1
11962,4
11965,5
11968,6
11971,3
11972,1
11974,5
11977,4
11978,2
11981,4
11984,5
11987,2
11988,3
11990,2
11991,3
11993,2
11994,2
11996,1
11997,3
12000,7
12003,4
12004,1
12006,1
12007,1
12009,1
12012,2
12013,6
12016,6
12019,4
12020,1
12022,1
12023,2
12025,1
12026,3
12028,1
12029,5
12032,6
12035,2
12038,6
12039,2
12041,4
12042,2
12044,1
12045,3
12048,5
12051,2
12052,1
12054,2
12055,2
12057,2
12058,3
12061,1
12064,5
12067,4
12068,1
12071,1
12073,3
12074,2
12077,3
12080,3
12083,4
12087,1
12089,3
12090,1
12092,3
12093,5
12096,2
12099,1
12102,7
12103,1
12105,2
12106,2
12108,5
12109,2
12112,2
12115,3
12116,1
12118,5
12119,3
12121,5
12122,3
12124,1
12125,2
12128,3
12131,4
12134,3
12135,8
12137,2
12138,5
12141,7
12147,4
12148,2
12150,1
12151,2
12153,3
12154,5
12156,1
12157,2
12160,5
12163,3
12166,2
12167,1
12169,3
12170,1
12172,2
12173,2
12176,5
12179,3
12180,2
12182,1
12183,3
12185,3
12186,6
12188,1
12189,1
12192,5
12195,7
12198,1
12199,1
12201,1
12202,2
12204,2
12205,1
12208,4
12211,2
12212,2
12214,4
12217,2
12218,4
12220,1
12221,4
12224,8
12227,2
12228,1
12230,3
12231,1
12233,1
12234,2
12237,3
12240,4
12243,5
12244,2
12246,1
12247,2
12249,2
12250,4
12253,2
12256,5
12262,3
12263,3
12266,1
12269,5
12272,5
12275,1
12276,1
12279,2
12281,2
12282,3
12285,3
12288,2
12291,3
12292,2
12294,1
12295,2
12297,2
12298,3
12301,3
12304,3
12307,6
12310,1
12311,2
12313,3
12314,5
12316,2
12317,1
12320,5
12323,4
12324,1
12326,3
12327,1
12330,2
12333,6
12336,6
12339,4
12342,4
12343,2
12345,1
12346,2
12348,1
12349,3
12352,9
12355,6
12358,2
12359,3
12362,1
12364,1
12365,6
12368,7
12371,4
12372,1
12374,2
12375,1
12377,2
12378,5
12381,4
12384,5
12387,5
12390,2
12391,3
12394,1
12397,2
12400,6
12406,4
12407,2
12409,1
12410,4
12413,3
12416,2
12419,4
12422,7
12425,1
12426,2
12428,1
12429,2
12432,9
12435,3
12436,3
12438,3
12439,1
12441,3
12442,5
12444,2
12445,3
12448,8
12451,1
12452,1
12454,2
12455,3
12457,1
12458,2
12461,4
12464,3
12467,8
12470,1
12471,2
12473,2
12474,3
12476,2
12477,3
12480,9
12483,4
12486,1
12487,2
12489,1
12490,5
12493,5
12496,1
12499,6
12500,1
12502,4
12505,4
12506,2
12508,1
12509,3
12512,6
12515,3
12516,1
12518,1
12519,2
12521,1
12522,3
12525,3
12528,3
12531,1
12534,1
12537,2
12538,4
12540,1
12541,1
12544,4
12547,5
12548,1
12550,4
12556,1
12557,1
12560,4
12563,6
12564,2
12566,1
12567,2
12569,3
12570,5
12572,2
12573,3
12576,6
12579,2
12580,1
12582,2
12583,2
12585,1
12586,2
12588,2
12589,6
12592,1
12595,6
12598,4
12599,2
12601,1
12602,2
12604,4
12605,3
12608,5
12611,2
12612,1
12614,2
12615,3
12618,6
12620,2
12621,3
12624,3
12627,4
12628,1
12630,4
12631,1
12633,3
12634,3
12636,1
12637,2
12640,5
12643,4
12646,1
12647,2
12649,1
12650,4
12652,1
12653,4
12656,3
12659,4
12662,1
12663,1
12665,2
12666,3
12669,5
12672,3
12675,5
12676,1
12678,4
12679,3
12682,3
12684,1
12685,5
12688,5
12694,1
12695,1
12697,1
12698,6
12701,2
12704,5
12707,3
12710,3
12711,1
12713,1
12714,2
12716,1
12717,5
12720,8
12723,8
12724,3
12726,2
12727,2
12729,1
12730,1
12732,1
12733,1
12736,2
12739,4
12740,2
12743,2
12745,3
12748,2
12749,8
12752,6
12755,3
12756,2
12758,3
12761,1
12765,5
12768,4
12771,5
12774,2
12775,1
12777,1
12778,2
12781,1
12784,4
12787,2
12788,1
12790,3
12793,1
12794,6
12797,1
12800,5
12803,2
12806,2
12807,2
12812,1
12813,2
12816,6
12819,2
12820,1
12823,1
12825,4
12826,1
12828,1
12829,1
12832,3
12835,2
12838,3
12839,2
12841,2
12842,1
12844,1
12845,3
12848,3
12851,2
12852,1
12854,1
12857,1
12858,1
12861,1
12864,1
12867,1
12870,3
12871,2
12873,1
12874,4
12877,4
12880,5
12883,4
12884,1
12886,1
12887,3
12889,3
12890,3
12893,1
12896,1
12899,1
12900,1
12902,4
12903,2
12906,5
12908,1
12909,4
12912,1
12915,2
12916,2
12918,1
12919,2
12922,2
12924,1
12925,2
12928,3
12931,2
12934,5
12935,1
12937,3
12938,3
12940,1
12941,2
12944,3
12947,5
12950,2
12953,1
12957,2
12960,2
12966,5
12967,3
12970,2
12973,2
12976,5
12979,3
12980,1
12982,2
12985,2
12986,2
12992,6
12995,2
12998,2
12999,5
13001,1
13002,3
13005,4
13008,2
13011,1
13012,1
13015,1
13017,4
13018,2
13021,2
13024,7
13027,1
13030,1
13031,1
13033,2
13034,2
13037,1
13040,2
13043,2
13046,2
13047,2
13050,5
13053,1
13056,3
13059,2
13060,1
13062,2
13063,2
13065,2
13066,1
13068,2
13069,4
13072,3
13075,4
13076,2
13078,1
13079,1
13082,2
13085,1
13088,2
13091,1
13092,2
13094,1
13095,3
13097,1
13098,2
13100,1
13101,3
13104,2
13110,1
13111,2
13114,1
13120,3
13123,2
13124,1
13126,2
13127,1
13129,1
13133,8
13136,5
13139,1
13140,1
13142,3
13146,5
13149,2
13152,1
13158,2
13159,1
13161,1
13165,1
13168,3
13171,5
13174,1
13177,3
13180,2
13181,3
13184,1
13188,1
13191,1
13193,2
13196,1
13197,3
13200,1
13203,6
13210,3
13212,2
13213,2
13216,2
13219,1
13222,1
13229,2
13235,1
13236,1
13241,1
13242,6
13245,1
13248,6
13251,2
13254,3
13255,1
13261,4
13264,1
13267,3
13270,2
13271,3
13274,2
13277,2
13280,3
13283,1
13284,1
13287,1
13290,3
13293,4
13299,3
13300,1
13306,2
13309,2
13312,2
13315,1
13318,1
13319,2
13328,1
13334,1
13337,1
13338,2
13344,5
13347,3
13348,1
13350,1
13354,1
13357,1
13360,2
13363,4
13366,3
13367,1
13369,2
13376,1
13379,1
13382,3
13383,2
13385,3
13386,1
13392,2
13395,2
13399,1
13401,1
13402,2
13405,2
13408,6
13411,2
13414,1
13415,2
13417,1
13418,1
13424,2
13427,1
13431,1
13433,1
13434,3
13436,1
13437,3
13440,1
13443,1
13450,3
13456,2
13459,1
13462,2
13466,1
13469,3
13472,2
13478,1
13479,1
13481,1
13482,1
13485,1
13488,1
13491,3
13494,1
13495,1
13497,1
13498,1
13501,1
13507,2
13508,1
13510,1
13511,3
13514,1
13516,1
13517,3
13520,3
13523,2
13526,1
13530,2
13536,4
13539,3
13546,1
13548,1
13549,4
13555,5
13556,1
13559,2
13561,1
13562,3
13565,2
13568,1
13571,1
13575,1
13581,1
13587,2
13588,1
13590,1
13593,1
13594,1
13597,1
13600,3
13604,1
13607,1
13612,2
13613,2
13616,2
13619,2
13629,1
13632,1
13638,1
13645,2
13648,3
13651,1
13652,1
13654,1
13658,3
13661,3
13664,3
13667,1
13671,1
13674,1
13677,4
13680,4
13683,2
13687,1
13689,1
13692,1
13696,1
13699,1
13700,1
13702,1
13709,2
13715,1
13719,1
13721,1
13725,1
13728,2
13732,1
13735,1
13741,1
13744,1
13750,1
13754,1
13757,3
13760,3
13767,2
13776,2
13779,1
13782,1
13785,2
13786,2
13789,1
13792,3
13795,2
13798,1
13799,1
13801,1
13804,1
13808,1
13811,1
13812,1
13814,3
13817,1
13818,1
13827,3
13834,1
13836,1
13837,1
13840,1
13843,3
13846,1
13849,1
13850,1
13853,2
13865,1
13866,2
13868,1
13872,1
13875,2
13879,1
13881,1
13882,1
13884,1
13885,1
13888,4
13894,1
13895,1
13897,1
13900,1
13901,1
13904,2
13913,2
13920,1
13923,2
13926,1
13930,2
13933,1
13936,1
13939,1
13942,2
13952,1
13962,1
13968,2
13971,2
13978,2
13980,1
13981,1
13984,2
13997,1
14003,1
14006,1
14013,2
14016,3
14023,1
14026,2
14029,1
14032,1
14035,2
14041,1
14045,2
14048,1
14051,2
14054,2
14055,4
14058,1
14061,5
14064,2
14067,2
14068,1
14071,1
14073,1
14074,1
14083,3
14093,3
14096,1
14102,1
14112,3
14121,1
14125,2
14128,1
14144,2
14147,1
14150,1
14151,2
14157,4
14163,1
14164,1
14176,2
14180,1
14182,2
14183,1
14185,1
14192,3
14199,2
14205,1
14208,4
14215,1
14217,1
14221,3
14224,1
14234,1
14240,1
14243,2
14246,1
14247,1
14249,2
14252,1
14253,2
14259,2
14260,1
14262,1
14269,1
14272,1
14288,4
14298,1
14301,1
14304,1
14320,1
14329,1
14330,1
14332,1
14340,1
14343,1
14346,2
14348,1
14349,2
14352,3
14355,2
14358,1
14361,2
14362,2
14365,2
14368,1
14374,1
14381,1
14388,1
14394,1
14396,1
14403,1
14406,1
14407,1
14416,2
14426,1
14435,1
14438,3
14439,1
14441,1
14445,2
14451,1
14454,1
14455,1
14458,1
14461,1
14468,1
14470,2
14471,1
14477,1
14480,2
14483,2
14486,1
14489,1
14490,2
14499,1
14502,1
14503,1
14509,2
14522,1
14525,1
14544,2
14547,1
14556,1
14557,1
14560,1
14563,1
14579,1
14589,1
14592,1
14595,1
14598,3
14605,1
14614,1
14624,2
14630,1
14637,2
14656,1
14659,1
14660,1
14663,1
14666,1
14669,2
14676,1
14688,1
14697,1
14701,2
14717,1
14723,1
14726,2
14730,1
14736,1
14755,1
14756,1
14758,1
14762,1
14765,1
14768,1
14777,1
14780,1
14787,1
14790,1
14794,1
14797,4
14810,3
14816,4
14819,1
14822,1
14829,2
14835,1
14842,2
14845,3
14848,1
14864,3
14867,1
14880,1
14889,2
14896,1
14903,2
14906,1
14915,1
14918,1
14922,1
14925,1
14931,1
14932,1
14934,1
14941,1
14950,1
14951,2
14956,1
14957,1
14963,1
14973,1
14979,1
14995,1
14996,1
15008,2
15011,1
15012,1
15018,1
15024,1
15027,1
15033,1
15034,2
15037,1
15046,1
15053,1
15056,1
15059,1
15060,1
15069,1
15078,1
15079,1
15082,1
15085,1
15091,1
15092,1
15097,1
15098,2
15101,1
15107,2
15117,1
15123,1
15129,1
15132,1
15136,2
15139,1
15149,1
15152,1
15158,1
15161,1
15168,1
15171,1
15178,1
15184,2
15191,1
15194,1
15197,1
15200,1
15206,1
15210,1
15212,1
15219,2
15226,1
15229,1
15232,1
15235,1
15251,2
15261,1
15264,2
15267,1
15270,1
15273,1
15276,1
15277,1
15293,1
15303,1
15306,2
15318,1
15322,1
15324,1
15328,1
15334,1
15338,2
15340,1
15341,2
15347,2
15353,1
15357,1
15366,1
15370,1
15376,1
15379,1
15383,1
15392,1
15401,1
15408,1
15411,2
15414,1
15415,1
15427,1
15430,1
15431,1
15437,1
15440,1
15443,2
15447,2
15449,1
15459,1
15462,1
15465,1
15488,1
15495,1
15501,1
15507,2
15508,1
15514,1
15523,1
15529,1
15536,2
15542,1
15558,1
15559,1
15561,1
15568,1
15584,1
15587,1
15594,1
15603,2
15613,2
15635,1
15638,1
15655,1
15657,1
15668,1
15680,1
15690,1
15696,1
15706,1
15712,1
15718,1
15722,1
15731,1
15741,1
15750,1
15763,1
15766,1
15776,1
15782,1
15792,1
15795,1
15802,2
15805,2
15808,2
15811,1
15830,1
15850,1
15892,1
15901,1
15904,1
15917,1
15920,1
15923,1
15924,1
15929,1
15930,1
15952,1
15955,1
15959,1
15965,1
15997,1
16000,1
16019,1
16023,1
16025,1
16038,1
16051,1
16058,1
16064,1
16086,1
16087,1
16106,1
16109,1
16112,1
16118,2
16121,1
16134,1
16138,1
16144,1
16147,1
16163,1
16166,1
16179,1
16195,1
16205,1
16218,1
16240,1
16275,1
16282,1
16284,1
16336,2
16352,1
16356,1
16397,2
16400,1
16419,1
16425,1
16432,2
16508,1
16544,2
16563,1
16579,1
16602,1
16605,1
16627,1
16637,1
16656,1
16662,3
16704,1
16730,1
16752,1
16768,1
16775,1
16819,1
16854,1
16867,1
16883,1
16912,1
16915,1
16934,1
16960,1
17018,1
17081,1
17101,1
17139,1
17158,1
17177,1
17193,1
17213,1
17225,1
17226,1
17252,1
17254,1
17277,1
17328,1
17350,1
17366,1
17392,1
17408,1
17427,1
17484,1
17485,1
17536,1
17545,1
17565,1
17645,1
17680,1
17715,1
17728,1
17734,1
17738,1
17808,1
17847,1
17888,1
17914,1
17990,1
18009,1
18019,1
18025,1
18029,1
18048,1
18074,1
18144,1
18215,1
18231,1
18256,1
18265,1
18285,1
18330,1
18336,1
18381,1
18387,1
18397,1
18470,1
18521,2
18522,1
18554,1
18636,1
18762,1
18848,1
19238,1
19273,1
19296,1
19443,1
19565,1
19920,1
19923,1
20313,1
20346,1
20576,1
20730,1
21344,1
21594,1
21936,1
22064,1
23731,1
24025,1
24057,1
24400,1
24429,1
24598,1
24816,1
31440,1
33949,1
35872,1
37328,1
43853,1
45523,1
49472,1
49530,1
49568,1
50836,1
51316,1
56326,1
56794,1
57181,1
58758,1
61636,1
62080,1
69955,1
72631,1
77300,1
78643,1
79392,1
79914,1
83155,1
84022,1
85005,1
90307,1
90726,1
91968,1
92125,1
92403,1
96083,1
96653,1
99404,1
100829,1
101968,1
107318,1
107613,1
109136,1
110432,1
114150,1
118172,1
135549,1
137123,1
140899,1
148685,1
149338,1
150378,1
151088,1
156826,1
161024,1
163392,1
163452,1
163689,1
163795,1
175609,1
177126,1
183104,1
185735,1
185818,1
186039,1
187386,1
189075,1
189479,1
190301,1
190793,1
193002,1
193338,1
197370,1
200224,1
207213,1
208349,1
212893,1
213562,1
215818,1
220349,1
222861,1
224445,1
224736,1
233676,1
235072,1
235386,1
235507,1
245773,1
247815,1
249424,1
262316,1
266554,1
268739,1
274611,1
280269,1
292019,1
295031,1
295517,1
311012,1
314058,1
323815,1
326528,1
337510,1
339900,1
342903,1
350720,1
359418,1
365664,1
369101,1
370180,1
385232,1
387450,1
388035,1
390404,1
390845,1
398570,1
409920,1
412234,1
414154,1
417997,1
419126,1
422752,1
429030,1
439936,1
440102,1
452195,1
455827,1
456563,1
460538,1
465786,1
475094,1
483446,1
484116,1
484199,1
495063,1
496426,1
513990,1
519300,1
532580,1
541824,1
542176,1
545539,1
549574,1
725808,1
