# Samples: 105451, Average: 12530.2 ns, StdDev: 66359.4 ns, Quartiles: 9856.0/10195.0/11532.0 ns
8900,1
8957,1
8963,1
8976,1
8980,1
8982,4
8983,1
8992,3
8995,1
9001,1
9002,1
9008,3
9011,1
9020,1
9021,1
9027,7
9028,2
9033,3
9034,1
9037,1
9040,4
9043,1
9046,5
9047,1
9049,1
9050,2
9052,2
9053,10
9056,1
9059,9
9060,3
9062,2
9063,3
9065,4
9066,7
9072,9
9075,2
9078,4
9079,2
9081,1
9082,6
9084,4
9085,8
9088,5
9091,16
9092,1
9094,2
9095,6
9097,16
9098,9
9100,1
9101,7
9104,32
9107,2
9108,1
9110,16
9111,12
9113,1
9114,4
9116,6
9117,18
9120,6
9123,26
9124,5
9126,7
9127,7
9129,13
9130,15
9132,6
9133,6
9136,30
9139,7
9140,3
9142,30
9143,17
9145,6
9146,6
9148,5
9149,29
9152,9
9155,45
9156,5
9158,9
9159,1
9161,16
9162,30
9164,3
9165,8
9168,38
9171,14
9172,3
9174,25
9175,20
9177,3
9178,12
9180,10
9181,45
9184,16
9187,49
9188,14
9190,13
9191,5
9193,29
9194,31
9196,6
9197,22
9200,52
9203,24
9204,4
9206,45
9207,29
9209,9
9210,11
9212,15
9213,60
9216,19
9219,49
9220,6
9222,17
9223,10
9225,23
9226,39
9228,3
9229,16
9232,76
9235,16
9236,5
9238,50
9239,45
9241,10
9242,4
9244,13
9245,81
9248,29
9251,61
9252,11
9254,13
9255,9
9257,35
9258,51
9260,7
9261,17
9264,90
9267,21
9268,7
9270,64
9271,32
9273,10
9274,16
9276,9
9277,57
9280,25
9283,71
9284,20
9286,19
9287,12
9289,37
9290,59
9292,5
9293,21
9296,82
9299,18
9300,4
9302,50
9303,45
9305,12
9306,22
9308,15
9309,51
9312,40
9315,64
9316,22
9318,14
9319,8
9321,51
9322,48
9324,7
9325,21
9328,94
9331,24
9332,7
9334,50
9335,43
9337,13
9338,15
9340,14
9341,80
9344,30
9347,83
9348,17
9350,19
9351,10
9353,39
9354,54
9356,5
9357,17
9360,84
9363,20
9364,6
9366,45
9367,38
9369,12
9370,20
9372,20
9373,63
9376,37
9379,96
9380,31
9382,14
9383,9
9385,28
9386,67
9388,7
9389,24
9392,97
9395,24
9396,5
9398,53
9399,46
9401,8
9402,21
9404,14
9405,67
9408,35
9411,103
9412,18
9414,17
9415,15
9417,41
9418,71
9420,9
9421,28
9424,101
9427,17
9428,9
9430,59
9431,40
9433,16
9434,17
9436,21
9437,58
9440,31
9443,89
9444,30
9446,20
9447,13
9449,41
9450,56
9452,6
9453,22
9456,76
9459,25
9460,6
9462,50
9463,48
9465,11
9466,15
9468,12
9469,75
9472,25
9475,73
9476,20
9478,15
9479,11
9481,33
9482,54
9484,7
9485,27
9488,112
9491,28
9492,7
9494,47
9495,38
9497,12
9498,20
9500,21
9501,83
9504,36
9507,82
9508,20
9510,19
9511,14
9513,37
9514,57
9516,6
9517,29
9520,88
9523,29
9524,10
9526,61
9527,45
9529,18
9530,15
9532,27
9533,92
9536,29
9539,74
9540,23
9542,27
9543,17
9545,42
9546,52
9548,7
9549,33
9552,121
9555,28
9556,10
9558,76
9559,39
9561,18
9562,27
9564,28
9565,97
9568,41
9571,89
9572,23
9574,16
9575,15
9577,53
9578,68
9580,10
9581,45
9584,136
9587,35
9588,8
9590,95
9591,54
9593,20
9594,29
9596,42
9597,133
9600,44
9603,117
9604,26
9606,31
9607,13
9609,69
9610,93
9612,8
9613,39
9616,200
9619,37
9620,14
9622,111
9623,70
9625,22
9626,45
9628,43
9629,183
9632,52
9635,174
9636,44
9638,42
9639,24
9641,95
9642,127
9644,15
9645,60
9648,235
9651,60
9652,19
9654,144
9655,117
9657,30
9658,42
9660,57
9661,193
9664,93
9667,232
9668,68
9670,48
9671,31
9673,101
9674,168
9676,15
9677,86
9680,322
9683,85
9684,24
9686,191
9687,125
9689,41
9690,63
9692,57
9693,245
9696,111
9699,259
9700,64
9702,63
9703,59
9705,118
9706,181
9708,26
9709,86
9712,362
9715,103
9716,24
9718,209
9719,142
9721,44
9722,72
9724,66
9725,295
9728,107
9731,286
9732,72
9734,68
9735,48
9737,157
9738,218
9740,18
9741,98
9744,355
9747,81
9748,21
9750,231
9751,138
9753,27
9754,85
9756,57
9757,314
9760,158
9763,328
9764,88
9766,74
9767,51
9769,159
9770,253
9772,18
9773,105
9776,419
9779,109
9780,27
9782,232
9783,192
9785,54
9786,91
9788,75
9789,326
9792,123
9795,345
9796,89
9798,84
9799,41
9801,154
9802,239
9804,28
9805,99
9808,429
9811,95
9812,20
9814,271
9815,177
9817,50
9818,70
9820,87
9821,297
9824,133
9827,312
9828,77
9830,83
9831,66
9833,177
9834,230
9836,21
9837,95
9840,371
9843,87
9844,34
9846,230
9847,153
9849,53
9850,62
9852,86
9853,301
9856,117
9859,324
9860,87
9862,77
9863,57
9865,154
9866,228
9868,30
9869,92
9872,427
9875,118
9876,25
9878,248
9879,179
9881,50
9882,77
9884,78
9885,297
9888,148
9891,317
9892,72
9894,86
9895,62
9897,178
9898,244
9900,26
9901,93
9904,404
9907,103
9908,23
9910,250
9911,150
9913,57
9914,87
9916,88
9917,358
9920,129
9923,363
9924,82
9926,87
9927,61
9929,178
9930,256
9932,34
9933,116
9936,401
9939,121
9940,28
9942,276
9943,156
9945,54
9946,84
9948,85
9949,333
9952,148
9955,342
9956,87
9958,79
9959,43
9961,153
9962,253
9964,33
9965,97
9968,440
9971,120
9972,25
9974,238
9975,184
9977,57
9978,71
9980,86
9981,360
9984,142
9987,326
9988,92
9990,71
9991,54
9993,146
9994,248
9996,23
9997,97
10000,422
10003,100
10004,21
10006,238
10007,184
10009,47
10010,77
10012,69
10013,310
10016,138
10019,317
10020,86
10022,84
10023,47
10025,162
10026,233
10028,34
10029,93
10032,387
10035,96
10036,17
10038,258
10039,169
10041,43
10042,63
10044,82
10045,318
10048,141
10051,341
10052,88
10054,91
10055,43
10057,154
10058,255
10060,22
10061,90
10064,399
10067,113
10068,18
10070,237
10071,147
10073,47
10074,85
10076,77
10077,263
10080,104
10083,277
10084,65
10086,56
10087,52
10089,129
10090,227
10092,27
10093,100
10096,336
10099,73
10100,19
10102,200
10103,150
10105,43
10106,72
10108,63
10109,305
10112,98
10115,279
10116,74
10118,47
10119,36
10121,136
10122,179
10124,21
10125,91
10128,338
10131,94
10132,17
10134,175
10135,123
10137,40
10138,79
10140,51
10141,257
10144,124
10147,221
10148,57
10150,56
10151,29
10153,106
10154,196
10156,19
10157,74
10160,307
10163,95
10164,18
10166,160
10167,103
10169,33
10170,59
10172,55
10173,214
10176,107
10179,206
10180,50
10182,43
10183,30
10185,105
10186,158
10188,13
10189,70
10192,258
10195,49
10196,14
10198,142
10199,105
10201,43
10202,53
10204,52
10205,169
10208,80
10211,186
10212,42
10214,42
10215,21
10217,86
10218,140
10220,11
10221,82
10224,234
10227,62
10228,18
10230,135
10231,81
10233,31
10234,46
10236,35
10237,168
10240,89
10243,198
10244,43
10246,37
10247,23
10249,80
10250,137
10252,13
10253,49
10256,237
10259,47
10260,13
10262,110
10263,70
10265,35
10266,42
10268,42
10269,168
10272,65
10275,161
10276,38
10278,45
10279,35
10281,86
10282,110
10284,14
10285,54
10288,186
10291,50
10292,12
10294,143
10295,99
10297,26
10298,35
10300,36
10301,157
10304,64
10307,151
10308,33
10310,37
10311,18
10313,79
10314,113
10316,13
10317,50
10320,200
10323,50
10324,8
10326,98
10327,91
10329,21
10330,31
10332,31
10333,141
10336,52
10339,118
10340,45
10342,31
10343,25
10345,70
10346,97
10348,12
10349,39
10352,163
10355,50
10356,8
10358,105
10359,71
10361,25
10362,35
10364,32
10365,106
10368,73
10371,135
10372,37
10374,25
10375,19
10377,67
10378,79
10380,9
10381,53
10384,157
10387,47
10388,8
10390,97
10391,69
10393,14
10394,42
10396,33
10397,120
10400,48
10403,134
10404,31
10406,31
10407,21
10409,62
10410,81
10412,13
10413,46
10416,144
10419,40
10420,13
10422,74
10423,62
10425,19
10426,28
10428,32
10429,133
10432,58
10435,131
10436,17
10438,27
10439,13
10441,64
10442,84
10444,5
10445,31
10448,138
10451,39
10452,4
10454,83
10455,51
10457,13
10458,19
10460,31
10461,103
10464,43
10467,93
10468,22
10470,24
10471,14
10473,71
10474,93
10476,7
10477,44
10480,118
10483,29
10484,5
10486,95
10487,42
10489,15
10490,25
10492,21
10493,103
10496,42
10499,110
10500,20
10502,25
10503,19
10505,52
10506,65
10508,11
10509,31
10512,140
10515,32
10516,11
10518,74
10519,60
10521,17
10522,31
10524,22
10525,97
10528,34
10531,97
10532,21
10534,20
10535,22
10537,48
10538,67
10540,9
10541,38
10544,124
10547,37
10548,6
10550,61
10551,44
10553,14
10554,23
10556,25
10557,96
10560,41
10563,116
10564,22
10566,29
10567,20
10569,51
10570,78
10572,16
10573,37
10576,126
10579,34
10580,6
10582,88
10583,47
10585,15
10586,26
10588,21
10589,93
10592,58
10595,101
10596,25
10598,14
10599,13
10601,49
10602,76
10604,2
10605,29
10608,106
10611,29
10612,5
10614,61
10615,50
10617,15
10618,17
10620,25
10621,98
10624,39
10627,99
10628,24
10630,17
10631,19
10633,49
10634,57
10636,7
10637,39
10640,129
10643,34
10644,6
10646,70
10647,45
10649,16
10650,22
10652,18
10653,92
10656,35
10659,89
10660,27
10662,29
10663,7
10665,44
10666,49
10668,11
10669,29
10672,115
10675,23
10676,11
10678,55
10679,36
10681,14
10682,21
10684,15
10685,94
10688,33
10691,65
10692,23
10694,18
10695,11
10697,32
10698,68
10700,5
10701,27
10704,105
10707,26
10708,10
10710,52
10711,36
10713,9
10714,25
10716,19
10717,84
10720,29
10723,87
10724,11
10726,22
10727,12
10729,50
10730,50
10732,6
10733,24
10736,105
10739,23
10740,2
10742,46
10743,39
10745,14
10746,19
10748,18
10749,73
10752,25
10755,74
10756,12
10758,17
10759,12
10761,34
10762,57
10764,6
10765,22
10768,90
10771,28
10772,5
10774,53
10775,27
10777,9
10778,11
10780,22
10781,66
10784,30
10787,66
10788,12
10790,19
10791,9
10793,31
10794,45
10796,4
10797,23
10800,55
10803,17
10804,9
10806,44
10807,20
10809,7
10810,8
10812,13
10813,51
10816,22
10819,55
10820,10
10822,20
10823,4
10825,25
10826,42
10828,3
10829,13
10832,68
10835,18
10836,5
10838,23
10839,31
10841,14
10842,15
10844,7
10845,54
10848,17
10851,46
10852,15
10854,16
10855,11
10857,22
10858,26
10860,3
10861,11
10864,73
10867,11
10868,5
10870,28
10871,18
10873,5
10874,15
10876,18
10877,44
10880,22
10883,59
10884,10
10886,14
10887,6
10889,18
10890,37
10892,6
10893,13
10896,65
10899,17
10900,5
10902,31
10903,22
10905,8
10906,8
10908,9
10909,66
10912,21
10915,40
10916,6
10918,8
10919,6
10921,22
10922,32
10924,1
10925,14
10928,47
10931,10
10932,7
10934,25
10935,13
10937,4
10938,9
10940,6
10941,43
10944,15
10947,40
10948,12
10950,17
10951,6
10953,28
10954,36
10956,3
10957,7
10960,64
10963,12
10964,3
10966,29
10967,23
10969,7
10970,7
10972,4
10973,47
10976,26
10979,37
10980,15
10982,15
10983,6
10985,16
10986,38
10988,6
10989,13
10992,47
10995,14
10996,4
10998,28
10999,18
11001,8
11002,9
11004,9
11005,43
11008,17
11011,29
11012,10
11014,9
11015,4
11017,19
11018,33
11020,1
11021,15
11024,46
11027,14
11028,1
11030,30
11031,25
11033,10
11034,16
11036,17
11037,50
11040,20
11043,45
11044,10
11046,10
11047,4
11049,24
11050,34
11052,3
11053,14
11056,55
11059,16
11060,4
11062,34
11063,16
11065,7
11066,9
11068,5
11069,40
11072,15
11075,41
11076,12
11078,4
11079,3
11081,14
11082,34
11084,1
11085,23
11088,61
11091,16
11092,3
11094,32
11095,19
11097,3
11098,10
11100,13
11101,33
11104,14
11107,52
11108,10
11110,7
11111,6
11113,22
11114,36
11116,3
11117,15
11120,51
11123,16
11124,4
11126,37
11127,27
11129,8
11130,11
11132,12
11133,44
11136,18
11139,47
11140,6
11142,5
11143,10
11145,16
11146,27
11148,2
11149,14
11152,60
11155,19
11156,4
11158,24
11159,18
11161,7
11162,12
11164,6
11165,45
11168,12
11171,39
11172,14
11174,9
11175,11
11177,20
11178,28
11180,1
11181,10
11184,56
11187,12
11188,4
11190,29
11191,15
11193,8
11194,8
11196,15
11197,58
11200,28
11203,42
11204,6
11206,9
11207,5
11209,18
11210,32
11212,2
11213,12
11216,47
11219,19
11220,2
11222,38
11223,25
11225,4
11226,8
11228,12
11229,30
11232,19
11235,48
11236,13
11238,8
11239,6
11241,14
11242,27
11244,3
11245,17
11248,59
11251,10
11252,1
11254,25
11255,22
11257,11
11258,7
11260,12
11261,39
11264,20
11267,40
11268,18
11270,7
11271,6
11273,26
11274,34
11276,4
11277,9
11280,58
11283,4
11284,4
11286,33
11287,17
11289,8
11290,9
11292,9
11293,45
11296,22
11299,42
11300,8
11302,1
11303,15
11305,19
11306,40
11308,5
11309,10
11312,53
11315,18
11316,5
11318,35
11319,24
11321,9
11322,17
11324,14
11325,48
11328,18
11331,35
11332,13
11334,7
11335,9
11337,22
11338,32
11340,3
11341,18
11344,66
11347,18
11348,5
11350,45
11351,20
11353,5
11354,11
11356,8
11357,42
11360,19
11363,37
11364,13
11366,20
11367,7
11369,19
11370,27
11372,2
11373,17
11376,66
11379,19
11380,4
11382,33
11383,26
11385,6
11386,8
11388,7
11389,51
11392,19
11395,39
11396,7
11398,16
11399,9
11401,23
11402,21
11404,2
11405,10
11408,46
11411,16
11412,6
11414,35
11415,18
11417,15
11418,14
11420,8
11421,40
11424,26
11427,37
11428,8
11430,17
11431,6
11433,22
11434,28
11436,5
11437,16
11440,53
11443,10
11444,5
11446,40
11447,20
11449,7
11450,14
11452,6
11453,54
11456,15
11459,43
11460,14
11462,10
11463,6
11465,21
11466,43
11468,3
11469,13
11472,57
11475,13
11476,4
11478,31
11479,27
11481,12
11482,16
11484,12
11485,57
11488,23
11491,47
11492,11
11494,13
11495,8
11497,33
11498,32
11500,1
11501,21
11504,51
11507,16
11508,4
11510,31
11511,19
11513,11
11514,13
11516,6
11517,46
11520,30
11523,48
11524,14
11526,15
11527,6
11529,28
11530,36
11532,5
11533,12
11536,42
11539,12
11540,4
11542,40
11543,20
11545,15
11546,13
11548,11
11549,50
11552,25
11555,47
11556,11
11558,13
11559,7
11561,31
11562,46
11564,5
11565,6
11568,71
11571,16
11572,5
11574,42
11575,31
11577,3
11578,10
11580,7
11581,60
11584,20
11587,52
11588,11
11590,8
11591,7
11593,33
11594,51
11596,4
11597,16
11600,65
11603,15
11604,4
11606,42
11607,22
11609,9
11610,10
11612,11
11613,65
11616,23
11619,66
11620,10
11622,14
11623,5
11625,28
11626,35
11628,4
11629,15
11632,56
11635,14
11636,2
11638,46
11639,31
11641,8
11642,20
11644,14
11645,43
11648,18
11651,46
11652,11
11654,8
11655,4
11657,24
11658,40
11660,4
11661,19
11664,70
11667,13
11668,5
11670,37
11671,18
11673,9
11674,14
11676,12
11677,46
11680,17
11683,50
11684,11
11686,14
11687,10
11689,19
11690,38
11692,3
11693,18
11696,54
11699,17
11700,1
11702,39
11703,34
11705,10
11706,14
11708,11
11709,53
11712,24
11715,57
11716,8
11718,7
11719,11
11721,17
11722,37
11724,2
11725,14
11728,58
11731,14
11732,4
11734,41
11735,24
11737,9
11738,14
11740,10
11741,43
11744,12
11747,51
11748,12
11750,18
11751,10
11753,33
11754,34
11756,4
11757,18
11760,69
11763,16
11764,3
11766,44
11767,23
11769,13
11770,20
11772,16
11773,48
11776,19
11779,44
11780,12
11782,12
11783,6
11785,22
11786,35
11788,3
11789,13
11792,50
11795,10
11796,6
11798,33
11799,29
11801,3
11802,9
11804,18
11805,46
11808,17
11811,54
11812,19
11814,8
11815,5
11817,30
11818,34
11820,7
11821,16
11824,53
11827,9
11830,45
11831,23
11833,9
11834,9
11836,7
11837,42
11840,19
11843,44
11844,11
11846,6
11847,16
11849,16
11850,41
11853,8
11856,74
11859,16
11860,5
11862,24
11863,21
11865,7
11866,10
11868,12
11869,54
11872,21
11875,65
11876,10
11878,10
11879,10
11881,29
11882,34
11884,1
11885,16
11888,65
11891,12
11892,4
11894,39
11895,22
11897,7
11898,10
11900,9
11901,45
11904,19
11907,50
11908,10
11910,14
11911,12
11913,29
11914,40
11916,5
11917,14
11920,65
11923,21
11924,4
11926,42
11927,22
11929,14
11930,15
11932,11
11933,47
11936,15
11939,41
11940,14
11942,15
11943,9
11945,24
11946,35
11948,6
11949,18
11952,72
11955,12
11956,5
11958,31
11959,23
11961,4
11962,17
11964,12
11965,41
11968,18
11971,49
11972,17
11974,9
11975,14
11977,19
11978,29
11980,1
11981,12
11984,64
11987,23
11988,4
11990,48
11991,25
11993,8
11994,9
11996,13
11997,51
12000,22
12003,51
12004,7
12006,10
12007,8
12009,26
12010,36
12012,5
12013,9
12016,56
12019,15
12020,2
12022,30
12023,22
12025,12
12026,12
12028,14
12029,59
12032,28
12035,55
12036,13
12038,16
12039,10
12041,25
12042,37
12044,4
12045,16
12048,61
12051,15
12052,7
12054,43
12055,21
12057,5
12058,13
12060,13
12061,50
12064,20
12067,32
12068,14
12070,12
12071,5
12073,25
12074,30
12076,6
12077,16
12080,71
12083,16
12084,5
12086,43
12087,17
12089,3
12090,15
12092,14
12093,57
12096,19
12099,48
12100,16
12102,16
12103,10
12105,27
12106,43
12108,2
12109,19
12112,60
12115,16
12116,1
12118,28
12119,27
12121,9
12122,11
12124,14
12125,43
12128,18
12131,40
12132,6
12134,10
12135,4
12137,32
12138,32
12140,5
12141,12
12144,66
12147,11
12148,6
12150,37
12151,28
12153,8
12154,17
12156,14
12157,44
12160,20
12163,46
12164,8
12166,19
12167,9
12169,17
12170,49
12172,5
12173,18
12176,57
12179,17
12180,3
12182,31
12183,29
12185,8
12186,10
12188,13
12189,44
12192,18
12195,43
12196,12
12198,16
12199,11
12201,29
12202,27
12204,1
12205,12
12208,56
12211,17
12212,7
12214,39
12215,27
12217,8
12218,15
12220,12
12221,56
12224,12
12227,52
12228,13
12230,15
12231,8
12233,25
12234,45
12236,8
12237,21
12240,53
12243,12
12244,4
12246,36
12247,28
12249,3
12250,14
12252,12
12253,45
12256,19
12259,59
12260,10
12262,14
12263,3
12265,24
12266,39
12268,3
12269,20
12272,73
12275,27
12276,3
12278,42
12279,21
12281,8
12282,6
12284,12
12285,53
12288,21
12291,43
12292,12
12294,9
12295,8
12297,17
12298,38
12300,4
12301,14
12304,70
12307,20
12308,2
12310,41
12311,19
12313,13
12314,11
12316,12
12317,52
12320,18
12323,50
12324,15
12326,12
12327,8
12329,11
12330,40
12332,4
12333,21
12336,70
12339,12
12340,7
12342,30
12343,17
12345,9
12346,13
12348,15
12349,48
12352,20
12355,40
12356,13
12358,11
12359,6
12361,19
12362,29
12364,2
12365,9
12368,42
12371,10
12372,2
12374,34
12375,26
12377,5
12378,12
12380,9
12381,43
12384,22
12387,50
12388,14
12390,7
12391,8
12393,19
12394,37
12396,2
12397,16
12400,57
12403,12
12404,7
12406,19
12407,22
12409,6
12410,29
12412,11
12413,47
12416,19
12419,45
12420,14
12422,9
12423,10
12425,24
12426,32
12428,3
12429,11
12432,46
12435,11
12436,3
12438,35
12439,19
12441,6
12442,12
12444,8
12445,45
12448,22
12451,33
12452,8
12454,9
12455,9
12457,21
12458,30
12460,6
12461,13
12464,47
12467,15
12468,7
12470,25
12471,26
12473,11
12474,15
12476,12
12477,45
12480,13
12483,62
12484,16
12486,7
12487,8
12489,22
12490,28
12492,6
12493,19
12496,57
12499,6
12500,1
12502,31
12503,24
12505,8
12506,12
12508,9
12509,45
12512,14
12515,45
12516,11
12518,10
12519,6
12521,21
12522,33
12524,4
12525,17
12528,47
12531,14
12532,4
12534,32
12535,13
12537,12
12538,13
12540,9
12541,41
12544,19
12547,45
12548,14
12550,12
12551,5
12553,24
12554,37
12556,3
12557,14
12560,51
12563,15
12564,5
12566,35
12567,20
12569,6
12570,8
12572,15
12573,51
12576,16
12579,43
12580,14
12582,9
12583,13
12585,34
12586,31
12588,5
12589,13
12592,63
12595,11
12596,3
12598,33
12599,18
12601,4
12602,7
12604,13
12605,49
12608,19
12611,41
12612,14
12614,13
12615,8
12617,22
12618,38
12620,3
12621,17
12624,54
12627,20
12628,2
12630,39
12631,29
12633,8
12634,8
12636,11
12637,45
12640,22
12643,56
12644,14
12646,8
12647,1
12649,33
12650,40
12652,3
12653,15
12656,54
12659,10
12660,6
12662,36
12663,22
12665,6
12666,10
12668,12
12669,36
12672,17
12675,41
12676,11
12678,11
12679,5
12681,23
12682,40
12684,2
12685,17
12688,49
12691,16
12692,4
12694,48
12695,25
12697,11
12698,17
12700,15
12701,43
12704,17
12707,42
12708,13
12710,6
12711,11
12713,26
12714,46
12716,6
12717,19
12720,59
12723,15
12724,1
12726,43
12727,16
12729,6
12730,18
12732,16
12733,36
12736,26
12739,60
12740,16
12742,11
12743,5
12745,26
12746,36
12748,6
12749,15
12752,57
12755,20
12756,6
12758,34
12759,30
12761,12
12762,5
12764,7
12765,35
12768,21
12771,56
12772,14
12774,13
12775,12
12777,25
12778,34
12780,6
12781,20
12784,76
12787,14
12788,3
12790,45
12791,19
12793,9
12794,18
12796,11
12797,46
12800,16
12803,43
12804,8
12806,15
12807,7
12809,18
12810,40
12812,1
12813,11
12816,49
12819,17
12820,5
12822,38
12823,21
12825,11
12826,9
12828,14
12829,40
12832,21
12835,52
12836,16
12838,10
12839,8
12841,23
12842,41
12844,5
12845,15
12848,79
12851,11
12852,5
12854,41
12855,25
12857,7
12858,13
12860,13
12861,40
12864,14
12867,42
12868,10
12870,10
12871,5
12873,25
12874,37
12876,3
12877,19
12880,48
12883,15
12884,4
12886,43
12887,21
12889,6
12890,13
12892,17
12893,48
12896,15
12899,41
12900,14
12902,8
12903,8
12905,23
12906,31
12908,3
12909,14
12912,66
12915,21
12916,5
12918,30
12919,17
12921,8
12922,11
12924,8
12925,32
12928,18
12931,53
12932,11
12934,9
12935,14
12937,17
12938,42
12940,2
12941,9
12944,59
12947,20
12948,3
12950,35
12951,22
12953,7
12954,8
12956,10
12957,46
12960,15
12963,54
12964,10
12966,10
12967,7
12969,23
12970,26
12972,2
12973,13
12976,59
12979,21
12980,4
12982,30
12983,14
12985,8
12986,8
12988,10
12989,42
12992,19
12995,35
12996,10
12998,14
12999,5
13001,18
13002,29
13005,14
13008,50
13011,8
13012,3
13014,25
13015,22
13017,12
13018,11
13020,14
13021,36
13024,15
13027,52
13028,9
13030,11
13031,5
13033,25
13034,27
13036,5
13037,16
13040,48
13043,9
13044,3
13046,28
13047,21
13049,5
13050,10
13052,9
13053,38
13056,8
13059,33
13060,19
13062,6
13063,6
13065,26
13066,30
13068,1
13069,5
13072,50
13075,7
13076,5
13078,35
13079,12
13081,7
13082,4
13084,8
13085,24
13088,7
13091,31
13092,4
13094,10
13095,8
13097,13
13098,16
13100,2
13101,12
13104,58
13107,9
13108,2
13110,26
13111,14
13113,4
13114,11
13116,9
13117,30
13120,11
13123,37
13124,8
13126,8
13127,7
13129,18
13130,21
13132,2
13133,12
13136,41
13139,7
13140,2
13142,20
13143,17
13145,7
13146,6
13148,16
13149,28
13152,12
13155,39
13156,4
13158,2
13159,2
13161,14
13162,24
13164,2
13165,8
13168,37
13171,8
13172,4
13174,14
13175,12
13177,8
13178,5
13180,10
13181,25
13184,16
13187,21
13188,9
13190,7
13191,5
13193,11
13194,13
13196,3
13197,6
13200,40
13203,4
13204,3
13206,11
13207,14
13209,7
13210,9
13212,1
13213,24
13216,13
13219,31
13220,10
13222,5
13223,5
13225,15
13226,25
13228,2
13229,13
13232,29
13235,11
13238,21
13239,13
13241,4
13242,6
13244,7
13245,25
13248,9
13251,17
13252,4
13254,6
13255,4
13257,11
13258,13
13260,3
13261,7
13264,29
13267,6
13270,18
13271,9
13273,4
13274,5
13276,10
13277,27
13280,13
13283,30
13284,3
13286,5
13287,2
13289,8
13290,20
13293,8
13296,20
13299,4
13302,18
13303,9
13305,5
13306,9
13308,8
13309,17
13312,8
13315,17
13316,5
13318,5
13319,1
13321,16
13322,12
13324,4
13325,7
13328,19
13331,5
13332,2
13334,13
13335,11
13337,2
13338,8
13340,7
13341,16
13344,5
13347,24
13348,4
13350,6
13351,1
13353,14
13354,12
13357,3
13360,26
13363,14
13364,1
13366,13
13367,15
13369,6
13370,10
13372,4
13373,29
13376,7
13379,17
13380,4
13382,10
13383,3
13385,11
13386,26
13389,14
13392,23
13395,9
13398,19
13399,10
13401,6
13402,3
13404,5
13405,21
13408,5
13411,24
13412,7
13414,1
13415,6
13417,5
13418,12
13420,1
13421,9
13424,17
13427,4
13428,2
13430,10
13431,10
13433,5
13434,4
13436,3
13437,11
13440,12
13443,21
13444,5
13446,7
13447,3
13449,5
13450,17
13452,2
13453,4
13456,25
13459,4
13460,2
13462,7
13463,11
13465,3
13466,5
13468,5
13469,28
13472,7
13475,10
13476,3
13478,3
13479,3
13481,15
13482,16
13484,1
13485,5
13488,22
13491,6
13492,1
13494,19
13495,6
13497,3
13498,6
13500,5
13501,15
13504,6
13507,13
13508,3
13510,3
13511,2
13513,9
13514,7
13516,4
13517,4
13520,23
13523,9
13524,1
13526,7
13527,16
13529,4
13530,3
13532,1
13533,18
13536,8
13539,14
13540,5
13542,2
13543,1
13545,6
13546,8
13549,6
13552,26
13555,5
13558,18
13559,15
13561,5
13562,4
13564,6
13565,20
13568,2
13571,7
13572,6
13574,2
13575,2
13577,11
13578,4
13580,2
13581,2
13584,14
13587,9
13588,2
13590,10
13591,6
13593,3
13594,6
13596,4
13597,10
13600,3
13603,15
13604,2
13606,3
13607,3
13609,8
13610,13
13613,3
13616,13
13619,3
13620,1
13622,11
13623,10
13625,1
13626,1
13628,3
13629,13
13632,3
13635,14
13636,6
13638,5
13639,1
13641,11
13642,9
13644,1
13645,3
13648,19
13651,7
13652,1
13654,12
13655,8
13657,4
13658,5
13660,2
13661,7
13664,6
13667,15
13668,1
13670,4
13671,1
13673,9
13674,10
13676,4
13677,5
13680,16
13683,4
13686,8
13687,6
13689,3
13690,3
13692,3
13693,17
13696,4
13699,12
13700,6
13702,1
13705,11
13706,14
13708,1
13709,1
13712,14
13715,7
13716,1
13718,16
13719,4
13721,3
13722,2
13724,1
13725,9
13728,4
13731,10
13732,4
13734,3
13737,5
13738,10
13740,2
13741,3
13744,11
13747,5
13750,5
13751,7
13753,4
13754,2
13756,2
13757,11
13760,2
13763,13
13764,7
13766,1
13767,2
13769,9
13770,9
13772,3
13776,17
13779,7
13782,9
13783,6
13786,2
13788,2
13789,7
13792,5
13795,10
13798,2
13799,2
13801,7
13802,2
13804,3
13805,2
13808,5
13811,3
13812,1
13814,8
13815,3
13817,2
13818,7
13820,3
13821,10
13824,5
13827,6
13828,3
13833,7
13834,4
13836,1
13837,2
13840,12
13843,2
13846,6
13847,3
13849,3
13850,2
13852,4
13853,12
13856,4
13859,11
13860,3
13862,1
13865,5
13866,4
13868,2
13869,1
13872,8
13875,3
13876,1
13878,9
13879,6
13881,3
13882,2
13884,5
13885,9
13888,1
13891,11
13892,1
13894,7
13895,1
13897,4
13898,7
13900,1
13901,4
13904,7
13907,1
13910,10
13911,2
13913,1
13916,3
13917,7
13920,3
13923,5
13924,4
13926,1
13929,1
13930,9
13933,3
13936,12
13939,4
13942,7
13943,3
13945,2
13946,1
13948,2
13949,8
13952,1
13955,13
13956,3
13959,2
13961,2
13962,4
13965,4
13968,10
13971,2
13974,7
13975,3
13977,2
13978,3
13980,2
13981,11
13984,5
13987,10
13988,1
13990,4
13991,1
13993,4
13994,3
13997,1
14000,12
14003,3
14006,7
14007,1
14009,3
14010,2
14012,2
14013,11
14016,4
14019,6
14020,1
14022,1
14023,1
14025,3
14026,9
14029,4
14032,9
14035,3
14038,6
14039,2
14042,1
14044,1
14045,4
14048,4
14051,10
14054,2
14055,3
14057,3
14058,6
14061,3
14064,11
14067,2
14070,4
14071,3
14074,2
14076,1
14077,11
14080,6
14083,8
14086,2
14087,1
14089,4
14090,5
14092,1
14093,2
14096,6
14099,1
14100,1
14102,7
14103,5
14105,2
14106,3
14108,3
14109,8
14112,3
14115,13
14116,3
14118,1
14119,2
14121,2
14122,4
14125,3
14128,8
14131,5
14132,2
14134,3
14135,3
14137,1
14140,1
14141,3
14144,1
14147,9
14150,3
14151,3
14153,4
14154,8
14156,1
14157,2
14160,11
14163,5
14166,4
14167,2
14170,2
14172,1
14173,3
14176,2
14179,5
14183,1
14185,3
14186,6
14189,2
14192,6
14195,1
14198,7
14199,3
14201,1
14202,1
14204,2
14205,5
14208,2
14211,6
14212,1
14214,1
14217,3
14218,3
14220,1
14221,1
14224,6
14227,4
14228,1
14230,7
14231,6
14233,1
14234,2
14236,2
14237,5
14240,2
14243,9
14244,1
14246,2
14247,1
14249,8
14250,2
14253,4
14256,11
14259,2
14260,1
14262,4
14263,2
14265,1
14266,2
14268,3
14269,5
14272,3
14275,2
14278,2
14279,1
14281,1
14282,2
14284,1
14285,3
14288,7
14291,1
14292,2
14294,6
14295,1
14297,2
14300,5
14301,8
14304,1
14307,8
14310,3
14311,2
14314,7
14320,3
14323,1
14326,5
14327,4
14329,1
14330,1
14333,3
14336,2
14339,8
14340,1
14342,1
14345,4
14346,5
14349,5
14352,4
14355,1
14356,1
14358,5
14359,7
14361,1
14362,1
14364,1
14365,7
14368,5
14371,7
14372,4
14374,2
14375,1
14377,3
14378,2
14380,1
14381,3
14384,5
14390,5
14391,3
14393,4
14394,2
14396,1
14397,4
14400,4
14403,3
14406,5
14409,6
14410,5
14413,3
14416,8
14422,5
14423,3
14425,1
14426,2
14428,2
14429,5
14432,4
14435,6
14436,2
14438,2
14441,2
14442,1
14444,2
14445,3
14448,6
14451,2
14452,2
14454,6
14455,1
14457,2
14460,2
14461,3
14464,3
14467,2
14470,1
14471,1
14473,2
14474,3
14477,2
14480,11
14483,3
14486,6
14487,2
14489,1
14493,3
14496,1
14499,6
14502,3
14503,2
14505,4
14506,4
14508,1
14509,2
14512,8
14515,2
14518,7
14519,2
14522,2
14524,3
14525,7
14528,3
14531,4
14534,1
14535,2
14537,2
14538,1
14540,1
14541,1
14544,7
14547,1
14550,3
14557,7
14560,1
14563,3
14564,4
14566,1
14569,4
14570,6
14572,1
14573,2
14576,9
14582,6
14583,1
14585,1
14586,2
14589,9
14592,4
14595,6
14596,1
14598,4
14599,2
14601,3
14602,2
14604,1
14605,1
14608,8
14614,2
14615,2
14618,1
14620,2
14621,2
14624,3
14627,5
14630,3
14631,2
14633,3
14634,4
14636,1
14637,1
14640,4
14643,2
14646,2
14647,4
14649,1
14650,1
14653,1
14656,4
14659,2
14662,1
14663,1
14665,2
14666,4
14669,1
14672,6
14676,1
14678,3
14679,2
14682,1
14685,8
14688,1
14691,6
14692,5
14694,1
14695,2
14697,4
14698,2
14704,10
14707,3
14708,1
14710,4
14711,3
14713,3
14717,9
14720,1
14723,3
14724,2
14726,2
14727,1
14729,2
14730,7
14736,6
14739,1
14742,7
14743,3
14745,1
14746,1
14748,1
14749,5
14752,2
14755,5
14756,1
14758,1
14759,1
14761,3
14765,1
14768,5
14771,1
14774,2
14775,3
14777,1
14778,1
14780,2
14781,5
14787,3
14788,1
14790,1
14791,1
14793,1
14794,1
14796,1
14797,3
14800,5
14804,1
14806,3
14807,3
14809,1
14813,6
14816,4
14819,5
14820,3
14823,1
14825,3
14826,1
14832,4
14835,3
14838,3
14839,3
14842,1
14844,1
14845,4
14848,2
14851,7
14855,2
14857,1
14858,3
14860,1
14861,1
14864,4
14867,3
14870,3
14871,2
14873,1
14876,2
14877,2
14880,1
14883,3
14884,2
14887,1
14889,6
14890,2
14893,3
14896,5
14902,5
14903,5
14906,2
14908,1
14909,2
14912,1
14915,4
14916,3
14918,1
14919,1
14921,3
14922,2
14925,3
14928,7
14931,3
14932,1
14934,5
14935,3
14937,1
14938,2
14940,3
14941,13
14944,1
14947,2
14950,1
14954,4
14956,1
14957,1
14960,8
14966,2
14969,2
14973,3
14976,2
14979,2
14980,1
14983,1
14986,4
14989,1
14992,7
14998,3
14999,3
15002,1
15004,2
15005,6
15008,1
15011,6
15014,1
15017,2
15018,3
15020,1
15021,1
15024,12
15027,4
15028,2
15030,2
15031,2
15034,1
15036,2
15037,8
15040,3
15043,3
15044,2
15049,2
15050,3
15053,5
15056,3
15062,5
15063,7
15066,2
15068,1
15069,4
15072,2
15075,5
15076,2
15078,3
15081,2
15085,3
15088,4
15094,5
15095,1
15098,1
15100,1
15101,5
15107,10
15110,3
15111,1
15113,2
15114,3
15116,1
15117,1
15120,7
15123,1
15126,4
15130,2
15133,1
15136,2
15139,6
15140,3
15142,1
15145,1
15146,4
15149,3
15152,2
15158,5
15159,3
15162,2
15164,2
15165,6
15168,2
15171,2
15172,2
15174,1
15178,3
15180,1
15181,1
15184,1
15190,4
15191,1
15193,1
15196,2
15197,2
15203,5
15204,1
15209,2
15210,4
15213,1
15216,3
15219,2
15220,1
15222,2
15223,3
15225,1
15226,2
15228,1
15229,5
15232,3
15235,2
15239,1
15241,4
15242,3
15244,1
15245,1
15248,6
15251,2
15254,6
15255,2
15258,3
15261,9
15264,1
15267,2
15268,1
15270,1
15273,5
15274,2
15277,2
15280,1
15286,3
15287,3
15290,1
15292,2
15293,5
15296,1
15299,4
15303,1
15305,4
15312,7
15315,1
15318,5
15319,5
15325,2
15328,1
15331,3
15332,1
15334,1
15335,1
15337,3
15338,4
15340,1
15341,2
15344,7
15347,5
15350,3
15351,3
15356,2
15357,6
15363,3
15364,1
15366,1
15369,2
15370,2
15376,3
15379,1
15382,2
15383,4
15385,3
15386,1
15389,1
15392,2
15395,4
15401,4
15402,4
15404,1
15405,2
15408,8
15414,3
15415,1
15417,2
15420,3
15421,3
15424,1
15427,1
15430,2
15433,1
15434,1
15437,1
15440,10
15443,2
15446,3
15447,2
15450,1
15453,4
15456,1
15459,9
15462,1
15463,1
15466,1
15468,1
15469,2
15472,5
15475,2
15478,1
15479,2
15482,1
15484,1
15485,2
15488,1
15491,2
15492,4
15494,1
15495,1
15497,2
15498,2
15501,1
15504,4
15507,1
15508,1
15510,3
15511,1
15513,2
15514,3
15517,5
15523,7
15524,3
15529,5
15530,3
15533,4
15536,10
15542,4
15543,3
15545,1
15546,3
15548,1
15549,4
15555,3
15556,2
15561,2
15562,2
15565,3
15568,9
15571,2
15574,3
15575,1
15577,1
15580,1
15581,8
15584,1
15587,1
15593,5
15594,1
15600,11
15604,1
15606,2
15607,3
15609,2
15610,2
15613,5
15616,2
15619,3
15620,1
15623,1
15625,2
15626,2
15628,1
15629,1
15632,6
15635,1
15636,1
15638,5
15642,2
15644,2
15645,4
15648,3
15651,5
15654,1
15657,2
15661,1
15664,4
15667,3
15670,1
15671,1
15673,1
15674,1
15677,6
15680,3
15683,5
15686,2
15689,1
15690,2
15692,1
15693,4
15696,4
15703,3
15708,1
15712,1
15715,3
15721,1
15722,3
15728,5
15731,1
15734,3
15735,2
15738,1
15740,1
15741,1
15744,1
15747,2
15748,1
15750,1
15753,1
15754,3
15757,2
15760,2
15763,4
15766,3
15769,1
15773,5
15779,3
15785,2
15786,1
15789,4
15792,3
15795,1
15796,1
15798,2
15799,2
15805,7
15808,3
15811,3
15812,1
15814,1
15817,1
15821,1
15824,3
15830,2
15831,1
15833,2
15837,3
15840,1
15843,1
15844,1
15849,2
15850,4
15853,1
15856,5
15862,3
15868,1
15869,3
15872,1
15875,4
15878,4
15879,1
15882,2
15885,1
15888,3
15894,3
15898,2
15901,4
15907,2
15910,1
15913,4
15914,2
15920,2
15923,2
15926,2
15927,1
15930,1
15932,2
15933,1
15936,1
15939,3
15940,1
15942,2
15945,1
15946,2
15952,2
15955,2
15958,5
15959,1
15964,1
15965,4
15971,5
15972,1
15974,1
15978,1
15981,3
15984,3
15990,2
15991,1
15994,1
15997,1
16000,4
16003,3
16004,1
16009,1
16016,2
16019,2
16020,1
16022,1
16025,1
16026,1
16029,1
16032,1
16035,3
16036,1
16039,1
16041,2
16042,1
16045,1
16048,5
16054,1
16060,1
16061,3
16064,3
16067,2
16073,4
16074,2
16077,1
16080,3
16083,1
16084,1
16086,2
16092,1
16093,2
16099,3
16105,2
16112,3
16118,2
16119,1
16125,2
16131,3
16132,1
16134,1
16137,1
16138,3
16140,1
16144,4
16147,1
16150,1
16154,2
16157,3
16163,1
16169,2
16170,3
16176,3
16179,2
16180,1
16183,1
16186,1
16189,2
16192,2
16201,3
16202,2
16208,4
16211,2
16214,1
16220,1
16221,1
16227,4
16228,1
16230,1
16231,2
16233,1
16234,1
16237,1
16240,2
16243,1
16246,6
16249,3
16252,1
16253,2
16259,2
16265,2
16266,3
16269,1
16272,3
16278,2
16279,1
16281,1
16285,2
16288,2
16297,1
16298,3
16300,1
16304,3
16308,2
16310,1
16316,1
16317,2
16323,1
16326,1
16330,1
16336,4
16339,1
16342,3
16346,1
16349,3
16355,1
16358,3
16361,1
16362,2
16365,1
16368,1
16378,1
16381,2
16384,2
16387,1
16388,1
16397,2
16400,4
16403,1
16406,2
16409,2
16413,4
16416,1
16420,1
16423,1
16425,2
16429,3
16438,2
16441,1
16445,1
16451,2
16457,1
16458,2
16464,1
16477,2
16483,1
16486,1
16499,2
16502,3
16503,2
16508,1
16509,4
16515,2
16518,1
16522,1
16525,2
16528,2
16535,2
16537,3
16547,3
16551,1
16560,3
16566,3
16573,3
16576,2
16579,2
16580,1
16585,1
16586,1
16589,2
16592,1
16595,1
16598,1
16601,2
16605,3
16611,2
16612,2
16631,1
16636,1
16643,1
16650,1
16652,1
16662,1
16668,1
16675,1
16679,1
16681,1
16685,1
16701,1
16707,1
16710,2
16714,1
16717,3
16720,1
16727,2
16733,2
16739,4
16742,1
16746,1
16755,1
16758,1
16759,2
16765,1
16768,1
16771,1
16777,1
16778,2
16784,1
16790,3
16793,1
16796,1
16797,2
16813,1
16816,4
16822,2
16823,1
16828,1
16829,2
16838,1
16839,2
16848,2
16855,1
16861,1
16867,3
16880,1
16886,1
16887,2
16892,1
16893,1
16899,2
16909,1
16912,3
16918,1
16924,1
16931,2
16937,2
16947,2
16951,1
16957,3
16963,2
16967,1
16969,1
16970,1
16973,2
16979,1
16983,1
16995,1
16996,1
16998,1
17015,1
17021,1
17030,1
17033,1
17037,1
17040,2
17044,1
17046,1
17053,3
17059,1
17066,1
17069,1
17072,1
17075,1
17078,1
17091,2
17094,1
17098,1
17101,1
17107,1
17108,2
17110,1
17111,1
17117,1
17123,1
17124,1
17129,1
17130,1
17136,3
17140,1
17149,1
17152,1
17155,1
17156,1
17161,1
17162,1
17168,2
17174,1
17177,1
17181,1
17213,1
17216,1
17219,1
17220,1
17232,1
17238,1
17244,1
17257,2
17264,4
17270,1
17280,1
17289,1
17290,3
17293,1
17296,2
17302,1
17305,1
17318,1
17325,2
17328,1
17341,1
17344,1
17360,1
17366,2
17373,1
17380,1
17385,1
17398,1
17408,1
17414,1
17418,1
17424,1
17427,1
17443,1
17446,1
17450,1
17456,3
17465,1
17475,1
17479,1
17507,1
17508,1
17549,1
17558,1
17571,1
17577,1
17584,1
17600,1
17616,1
17629,1
17632,1
17642,1
17648,2
17651,1
17655,1
17674,2
17680,1
17686,1
17693,1
17735,1
17741,1
17744,1
17763,1
17766,1
17779,1
17786,1
17789,1
17802,1
17808,1
17815,1
17827,1
17830,1
17837,1
17859,1
17891,1
17904,2
17907,1
17911,1
17917,1
17927,1
17939,1
17942,2
17956,1
17974,1
17981,1
17987,1
17993,1
18000,2
18016,1
18022,1
18032,1
18035,1
18057,1
18067,1
18080,1
18109,1
18122,2
18128,2
18131,1
18160,1
18173,1
18180,1
18192,1
18217,1
18224,2
18230,1
18243,1
18269,2
18288,1
18291,1
18294,1
18301,1
18317,1
18320,1
18327,2
18332,1
18336,1
18345,1
18346,1
18365,1
18413,1
18432,1
18441,1
18451,1
18470,1
18474,1
18489,1
18493,1
18500,1
18508,1
18518,1
18519,1
18521,1
18531,1
18538,1
18544,1
18547,1
18569,1
18576,1
18602,1
18608,1
18624,1
18627,1
18628,1
18634,1
18637,1
18646,1
18652,1
18659,1
18663,1
18679,1
18685,1
18695,1
18717,1
18726,2
18729,1
18736,1
18752,1
18765,1
18787,1
18790,1
18803,1
18804,1
18810,1
18851,2
18855,1
18883,1
18886,1
18893,1
18896,2
18902,1
18925,1
18934,1
18973,1
18979,1
18980,1
19036,1
19037,1
19040,1
19076,1
19088,2
19091,1
19111,1
19164,1
19168,1
19178,1
19293,1
19344,1
19351,1
19360,1
19363,1
19366,1
19376,1
19385,1
19395,2
19462,1
19523,1
19555,1
19613,1
19652,1
19658,1
19687,1
19722,1
19741,1
19760,2
19766,1
19767,1
19875,1
19924,1
19942,1
20009,1
20016,1
20022,1
20086,1
20144,1
20176,1
20227,1
20262,1
20355,1
20381,1
20387,1
20535,1
20541,1
20586,1
20643,1
20707,1
20813,1
20842,1
21034,1
21072,1
21123,1
21146,1
21187,1
21270,1
21315,1
21593,1
21740,1
21843,1
22093,1
22404,1
22519,1
22880,1
23671,1
25911,1
27238,1
29181,1
33712,1
33767,1
37290,1
37514,1
47049,1
48458,1
67830,1
71817,1
73820,1
76400,1
77930,1
84131,1
89539,1
90890,1
93446,1
99171,1
102179,1
115469,1
120909,1
121536,1
121821,1
127082,1
130704,1
133449,1
133814,1
140771,1
142800,1
148272,1
155600,1
155629,1
162698,1
163184,1
163549,1
166256,1
171911,1
172938,1
177034,1
185555,1
189968,1
190039,1
193232,1
194480,1
194765,1
194969,1
195056,1
196445,1
199085,1
199248,1
199558,1
200144,1
200928,1
203405,1
204413,1
205213,1
208026,1
209446,1
210454,1
211830,1
212397,1
212624,1
212873,1
212937,1
215402,1
215744,1
216592,1
218679,1
218787,1
218832,1
219993,1
222506,1
222730,1
223018,1
223568,1
224131,1
224407,1
224509,1
224813,1
226070,1
226829,1
226890,1
229129,1
230480,1
230832,1
232387,1
236112,1
236656,1
239799,1
240524,1
241104,1
248701,1
250384,1
251619,1
251648,1
259965,1
282653,1
284189,1
285590,1
287453,1
293175,1
312480,1
327632,1
330237,1
338458,1
350314,1
353744,1
357258,1
361212,1
374231,1
396265,1
399191,1
402992,1
412151,1
437789,1
441501,1
442474,1
449124,1
451831,1
468016,1
470660,1
485101,1
489968,1
492931,1
496413,1
502755,1
509629,1
509978,1
510960,1
526493,1
527293,1
544867,1
556397,1
559076,1
559808,1
565741,1
565763,1
572659,1
578793,1
766083,1
878935,1
890640,1
1001929,1
2843779,1
2900234,1
2926467,1
2927856,1
2927971,1
2928842,1
2931244,1
2931588,1
2932861,1
2932896,1
2937104,1
2942903,1
2943642,1
2945757,1
2947415,1
2948656,1
2949827,1
2950534,1
2951504,1
2952557,1
2953289,1
2963753,1
2964307,1
2964589,1
2968432,1
2968554,1
2971901,1
2974281,1
2984822,1
3005244,1
3013469,1
3022288,1
3049642,1
3064771,1
3088867,1
3101629,1
3124999,1
3148967,1
3207843,1
3240381,1
3267402,1
3269379,1
3338333,1
3346352,1
3378435,1
3504310,1
3621782,1
4000204,1
