# Samples: 130728, Average: 12828.8 ns, StdDev: 11800.9 ns, Quartiles: 11209.0/11894.0/13712.0 ns
10147,1
10224,1
10230,1
10243,1
10266,1
10272,1
10282,1
10288,1
10301,1
10307,1
10317,1
10336,2
10349,1
10352,1
10362,1
10377,1
10378,3
10381,1
10384,3
10390,2
10391,1
10397,2
10400,2
10403,2
10404,1
10416,5
10422,3
10423,1
10429,2
10438,1
10441,2
10442,2
10448,3
10454,2
10458,1
10461,2
10467,3
10470,3
10471,1
10473,4
10474,3
10477,1
10480,6
10483,3
10486,2
10487,1
10490,1
10493,4
10496,2
10499,7
10500,2
10503,3
10505,2
10506,3
10508,1
10509,1
10512,9
10515,3
10518,1
10519,3
10521,2
10522,1
10525,6
10528,4
10531,6
10534,2
10535,1
10537,4
10538,4
10540,1
10541,2
10544,7
10547,6
10548,1
10550,8
10551,1
10553,3
10554,1
10556,1
10557,11
10560,4
10563,7
10564,4
10566,2
10569,5
10570,11
10572,1
10573,2
10576,13
10579,3
10582,2
10583,2
10585,1
10586,1
10588,3
10589,10
10592,3
10595,13
10596,4
10598,3
10601,4
10602,2
10605,5
10608,12
10611,7
10612,2
10614,12
10615,6
10617,4
10618,3
10620,1
10621,13
10624,4
10627,18
10628,2
10630,1
10631,3
10633,10
10634,14
10637,3
10640,15
10643,4
10646,12
10647,2
10649,2
10650,5
10652,4
10653,17
10656,8
10659,18
10660,3
10662,4
10663,5
10665,12
10666,9
10668,1
10669,2
10672,28
10675,10
10676,2
10678,7
10679,12
10681,4
10682,4
10684,4
10685,16
10688,4
10691,26
10692,9
10694,5
10695,3
10697,9
10698,13
10700,3
10701,7
10704,13
10707,4
10710,18
10711,9
10713,4
10714,7
10716,5
10717,21
10720,8
10723,23
10724,7
10726,5
10727,2
10729,14
10730,16
10733,10
10736,37
10739,3
10740,1
10742,16
10743,14
10745,4
10746,10
10748,5
10749,21
10752,7
10755,25
10756,8
10758,13
10759,4
10761,12
10762,17
10765,10
10768,38
10771,12
10772,3
10774,22
10775,14
10777,5
10778,11
10780,7
10781,29
10784,27
10787,41
10788,15
10790,5
10791,7
10793,17
10794,19
10796,5
10797,21
10800,56
10803,12
10804,1
10806,40
10807,26
10809,11
10810,10
10812,20
10813,40
10816,24
10819,63
10820,22
10822,11
10823,13
10825,29
10826,38
10828,11
10829,22
10832,90
10835,22
10836,11
10838,41
10839,44
10841,7
10842,17
10844,26
10845,70
10848,37
10851,94
10852,20
10854,28
10855,15
10857,56
10858,88
10860,8
10861,36
10864,157
10867,43
10868,6
10870,79
10871,48
10873,18
10874,26
10876,35
10877,138
10880,66
10883,142
10884,33
10886,32
10887,21
10889,76
10890,105
10892,17
10893,59
10896,233
10899,40
10900,24
10902,142
10903,92
10905,32
10906,50
10908,60
10909,217
10912,92
10915,218
10916,57
10918,60
10919,33
10921,123
10922,173
10924,15
10925,73
10928,301
10931,102
10932,16
10934,218
10935,116
10937,49
10938,63
10940,60
10941,257
10944,116
10947,302
10948,73
10950,65
10951,53
10953,145
10954,227
10956,25
10957,97
10960,405
10963,86
10964,25
10966,220
10967,138
10969,50
10970,69
10972,62
10973,355
10976,130
10979,325
10980,80
10982,97
10983,43
10985,138
10986,249
10988,29
10989,110
10992,404
10995,111
10996,32
10998,277
10999,159
11001,51
11002,97
11004,110
11005,365
11008,157
11011,408
11012,96
11014,64
11015,56
11017,191
11018,288
11020,21
11021,129
11024,495
11027,120
11028,31
11030,274
11031,187
11033,70
11034,88
11036,83
11037,387
11040,152
11043,388
11044,78
11046,81
11047,52
11049,200
11050,289
11052,31
11053,139
11056,502
11059,128
11060,37
11062,317
11063,176
11065,67
11066,85
11068,93
11069,413
11072,144
11075,380
11076,109
11078,92
11079,66
11081,186
11082,327
11084,35
11085,140
11088,488
11091,165
11092,39
11094,271
11095,182
11097,66
11098,121
11100,92
11101,421
11104,165
11107,390
11108,101
11110,100
11111,55
11113,208
11114,324
11116,24
11117,127
11120,488
11123,140
11124,29
11126,314
11127,208
11129,80
11130,101
11132,91
11133,433
11136,166
11139,408
11140,100
11142,84
11143,81
11145,188
11146,300
11148,41
11149,126
11152,486
11155,144
11156,32
11158,312
11159,182
11161,74
11162,98
11164,105
11165,392
11168,175
11171,437
11172,119
11174,102
11175,79
11177,196
11178,288
11180,32
11181,121
11184,532
11187,139
11188,29
11190,272
11191,212
11193,73
11194,99
11196,113
11197,409
11200,176
11203,439
11204,92
11206,84
11207,71
11209,229
11210,294
11212,33
11213,135
11216,521
11219,116
11220,36
11222,266
11223,201
11225,68
11226,78
11228,91
11229,379
11232,161
11235,375
11236,95
11238,113
11239,70
11241,193
11242,278
11244,33
11245,109
11248,509
11251,117
11252,33
11254,275
11255,196
11257,69
11258,80
11260,76
11261,370
11264,144
11267,341
11268,71
11270,106
11271,57
11273,174
11274,274
11276,22
11277,97
11280,470
11283,109
11284,27
11286,258
11287,169
11289,58
11290,80
11292,87
11293,351
11296,160
11299,289
11300,82
11302,64
11303,52
11305,145
11306,253
11308,26
11309,101
11312,364
11315,97
11316,23
11318,244
11319,172
11321,59
11322,76
11324,68
11325,290
11328,121
11331,306
11332,70
11334,65
11335,53
11337,133
11338,202
11340,29
11341,103
11344,331
11347,95
11348,28
11350,187
11351,124
11353,46
11354,54
11356,64
11357,288
11360,93
11363,257
11364,51
11366,67
11367,54
11369,108
11370,186
11372,19
11373,65
11376,288
11379,73
11380,25
11382,168
11383,105
11385,34
11386,68
11388,52
11389,230
11392,102
11395,238
11396,56
11398,51
11399,33
11401,107
11402,164
11404,15
11405,72
11408,276
11411,78
11412,23
11414,148
11415,103
11417,37
11418,39
11420,56
11421,185
11424,79
11427,205
11428,52
11430,43
11431,33
11433,108
11434,157
11436,11
11437,63
11440,243
11443,66
11444,10
11446,147
11447,100
11449,27
11450,51
11452,38
11453,174
11456,88
11459,202
11460,47
11462,45
11463,41
11465,91
11466,110
11468,7
11469,55
11472,201
11475,65
11476,13
11478,137
11479,85
11481,23
11482,41
11484,35
11485,164
11488,54
11491,185
11492,43
11494,50
11495,24
11497,82
11498,120
11500,14
11501,50
11504,197
11507,58
11508,9
11510,118
11511,94
11513,24
11514,37
11516,52
11517,164
11520,58
11523,165
11524,40
11526,35
11527,32
11529,73
11530,113
11532,15
11533,50
11536,196
11539,61
11540,7
11542,114
11543,70
11545,28
11546,30
11548,36
11549,148
11552,62
11555,152
11556,27
11558,31
11559,27
11561,76
11562,108
11564,18
11565,37
11568,190
11571,47
11572,12
11574,101
11575,72
11577,18
11578,32
11580,29
11581,145
11584,65
11587,138
11588,33
11590,41
11591,20
11593,69
11594,100
11596,12
11597,50
11600,179
11603,32
11604,13
11606,104
11607,69
11609,25
11610,44
11612,41
11613,129
11616,49
11619,119
11620,38
11622,33
11623,23
11625,68
11626,81
11628,13
11629,41
11632,186
11635,39
11636,15
11638,96
11639,73
11641,18
11642,30
11644,36
11645,138
11648,50
11651,142
11652,40
11654,32
11655,22
11657,60
11658,91
11660,14
11661,35
11664,157
11667,59
11668,12
11670,93
11671,61
11673,21
11674,32
11676,42
11677,140
11680,56
11683,111
11684,34
11686,33
11687,13
11689,73
11690,106
11692,12
11693,37
11696,157
11699,47
11700,13
11702,82
11703,63
11705,25
11706,26
11708,24
11709,134
11712,60
11715,106
11716,26
11718,24
11719,29
11721,66
11722,113
11724,9
11725,36
11728,135
11731,42
11732,9
11734,69
11735,58
11737,20
11738,35
11740,30
11741,108
11744,55
11747,114
11748,30
11750,26
11751,18
11753,49
11754,66
11756,5
11757,31
11760,109
11763,38
11764,11
11766,86
11767,46
11769,21
11770,21
11772,33
11773,86
11776,54
11779,100
11780,33
11782,21
11783,16
11785,60
11786,55
11788,13
11789,44
11792,103
11795,31
11796,3
11798,62
11799,47
11801,7
11802,26
11804,21
11805,101
11808,40
11811,72
11812,19
11814,19
11815,15
11817,47
11818,65
11820,5
11821,31
11824,92
11827,35
11828,5
11830,69
11831,36
11833,12
11834,28
11836,9
11837,71
11840,44
11843,99
11844,20
11846,25
11847,7
11849,40
11850,44
11852,6
11853,29
11856,104
11859,18
11860,7
11862,64
11863,50
11865,12
11866,15
11868,17
11869,90
11872,38
11875,74
11876,12
11878,27
11879,8
11881,46
11882,63
11884,4
11885,32
11888,86
11891,31
11892,12
11894,65
11895,47
11897,16
11898,13
11900,20
11901,96
11904,27
11907,90
11908,14
11910,14
11911,14
11913,39
11914,45
11916,9
11917,22
11920,96
11923,30
11924,6
11926,43
11927,32
11929,15
11930,18
11932,11
11933,67
11936,40
11939,89
11940,14
11942,14
11943,23
11945,31
11946,48
11948,6
11949,25
11952,82
11955,20
11956,6
11958,61
11959,37
11961,11
11962,12
11964,25
11965,63
11968,37
11971,70
11972,25
11974,29
11975,12
11977,29
11978,55
11980,4
11981,15
11984,69
11987,31
11988,7
11990,48
11991,28
11993,13
11994,13
11996,13
11997,77
12000,33
12003,75
12004,19
12006,33
12007,4
12009,41
12010,49
12012,11
12013,29
12016,86
12019,26
12020,7
12022,47
12023,31
12025,10
12026,17
12028,18
12029,66
12032,19
12035,85
12036,17
12038,24
12039,13
12041,41
12042,52
12044,5
12045,21
12048,93
12051,31
12052,4
12054,65
12055,31
12057,10
12058,22
12060,10
12061,61
12064,34
12067,64
12068,17
12070,18
12071,11
12073,40
12074,46
12076,5
12077,17
12080,77
12083,19
12084,9
12086,47
12087,24
12089,10
12090,13
12092,10
12093,77
12096,28
12099,68
12100,15
12102,19
12103,8
12105,30
12106,39
12108,7
12109,23
12112,74
12115,22
12116,10
12118,42
12119,35
12121,6
12122,16
12124,21
12125,62
12128,23
12131,79
12132,25
12134,18
12135,6
12137,33
12138,55
12140,3
12141,28
12144,75
12147,27
12148,5
12150,54
12151,31
12153,9
12154,20
12156,21
12157,63
12160,25
12163,63
12164,15
12166,15
12167,7
12169,36
12170,46
12172,14
12173,17
12176,91
12179,22
12180,5
12182,49
12183,32
12185,10
12186,17
12188,11
12189,62
12192,21
12195,81
12196,24
12198,16
12199,11
12201,27
12202,45
12204,9
12205,26
12208,70
12211,20
12212,5
12214,49
12215,28
12217,15
12218,17
12220,21
12221,49
12224,20
12227,61
12228,25
12230,13
12231,7
12233,34
12234,50
12236,4
12237,31
12240,89
12243,22
12244,4
12246,53
12247,29
12249,13
12250,21
12252,6
12253,69
12256,25
12259,59
12260,16
12262,8
12263,14
12265,33
12266,53
12268,6
12269,27
12272,82
12275,15
12276,7
12278,53
12279,38
12281,11
12282,22
12284,12
12285,59
12288,28
12291,53
12292,15
12294,10
12295,14
12297,18
12298,38
12300,4
12301,27
12304,82
12307,28
12308,9
12310,55
12311,29
12313,9
12314,21
12316,24
12317,72
12320,27
12323,63
12324,19
12326,18
12327,12
12329,38
12330,40
12332,3
12333,19
12336,82
12339,28
12340,4
12342,54
12343,36
12345,11
12346,18
12348,12
12349,62
12352,26
12355,61
12356,20
12358,18
12359,14
12361,21
12362,49
12364,5
12365,28
12368,78
12371,30
12372,3
12374,54
12375,37
12377,12
12378,30
12380,16
12381,62
12384,28
12387,64
12388,13
12390,23
12391,11
12393,27
12394,62
12396,6
12397,17
12400,88
12403,22
12404,4
12406,50
12407,33
12409,12
12410,19
12412,25
12413,62
12416,36
12419,67
12420,19
12422,21
12423,7
12425,36
12426,56
12428,7
12429,27
12432,88
12435,24
12436,7
12438,50
12439,36
12441,13
12442,21
12444,14
12445,78
12448,31
12451,70
12452,20
12454,17
12455,11
12457,37
12458,47
12460,6
12461,18
12464,85
12467,23
12468,7
12470,48
12471,27
12473,14
12474,9
12476,20
12477,74
12480,25
12483,65
12484,18
12486,18
12487,11
12489,42
12490,46
12492,7
12493,25
12496,86
12499,30
12500,5
12502,44
12503,39
12505,11
12506,11
12508,14
12509,69
12512,27
12515,79
12516,15
12518,32
12519,13
12521,47
12522,47
12524,5
12525,23
12528,100
12531,26
12532,5
12534,50
12535,34
12537,10
12538,27
12540,24
12541,82
12544,34
12547,80
12548,17
12550,18
12551,13
12553,28
12554,59
12556,7
12557,28
12560,84
12563,16
12564,5
12566,58
12567,33
12569,11
12570,18
12572,22
12573,87
12576,23
12579,76
12580,15
12582,24
12583,11
12585,39
12586,62
12588,5
12589,32
12592,89
12595,29
12596,5
12598,51
12599,40
12601,19
12602,17
12604,18
12605,76
12608,30
12611,81
12612,27
12614,15
12615,12
12617,33
12618,56
12620,3
12621,29
12624,90
12627,25
12628,6
12630,59
12631,36
12633,12
12634,18
12636,17
12637,70
12640,37
12643,68
12644,11
12646,21
12647,14
12649,33
12650,48
12652,4
12653,23
12656,86
12659,23
12660,9
12662,51
12663,28
12665,7
12666,13
12668,27
12669,58
12672,25
12675,65
12676,18
12678,15
12679,12
12681,30
12682,47
12684,6
12685,29
12688,79
12691,29
12692,11
12694,43
12695,41
12697,9
12698,13
12700,12
12701,67
12704,25
12707,74
12708,21
12710,11
12711,11
12713,40
12714,66
12716,4
12717,32
12720,93
12723,27
12724,7
12726,55
12727,39
12729,11
12730,28
12732,16
12733,93
12736,29
12739,62
12740,13
12742,17
12743,11
12745,28
12746,50
12748,7
12749,30
12752,86
12755,16
12756,5
12758,54
12759,30
12761,12
12762,21
12764,19
12765,68
12768,32
12771,70
12772,11
12774,16
12775,11
12777,32
12778,45
12780,7
12781,24
12784,90
12787,24
12788,8
12790,45
12791,49
12793,14
12794,19
12796,13
12797,72
12800,25
12803,78
12804,19
12806,25
12807,7
12809,45
12810,56
12812,12
12813,28
12816,90
12819,24
12820,6
12822,57
12823,39
12825,19
12826,26
12828,24
12829,78
12832,33
12835,71
12836,25
12838,17
12839,8
12841,35
12842,50
12844,3
12845,30
12848,85
12851,26
12852,4
12854,38
12855,37
12857,11
12858,20
12860,10
12861,59
12864,24
12867,52
12868,13
12870,7
12871,12
12873,30
12874,50
12876,3
12877,14
12880,80
12883,15
12884,9
12886,45
12887,38
12889,12
12890,17
12892,16
12893,68
12896,35
12899,70
12900,19
12902,15
12903,18
12905,46
12906,62
12908,9
12909,23
12912,83
12915,21
12916,5
12918,60
12919,39
12921,9
12922,16
12924,21
12925,64
12928,28
12931,74
12932,21
12934,23
12935,9
12937,35
12938,49
12940,4
12941,26
12944,107
12947,26
12948,7
12950,47
12951,39
12953,11
12954,17
12956,20
12957,67
12960,26
12963,61
12964,21
12966,20
12967,11
12969,26
12970,54
12972,6
12973,24
12976,80
12979,28
12980,3
12982,50
12983,38
12985,11
12986,17
12988,16
12989,75
12992,35
12995,83
12996,18
12998,20
12999,11
13001,24
13002,51
13004,5
13005,24
13008,78
13011,31
13012,3
13014,55
13015,44
13017,14
13018,22
13020,14
13021,80
13024,35
13027,57
13028,27
13030,18
13031,11
13033,37
13034,52
13036,3
13037,22
13040,93
13043,18
13044,4
13046,39
13047,36
13049,9
13050,9
13052,14
13053,70
13056,42
13059,59
13060,17
13062,20
13063,10
13065,36
13066,54
13068,7
13069,30
13072,94
13075,13
13076,5
13078,48
13079,34
13081,10
13082,16
13084,16
13085,61
13088,26
13091,55
13092,21
13094,16
13095,12
13097,31
13098,55
13100,3
13101,16
13104,100
13107,18
13108,5
13110,40
13111,35
13113,8
13114,17
13116,17
13117,76
13120,29
13123,80
13124,20
13126,11
13127,10
13129,47
13130,36
13132,14
13133,17
13136,86
13139,22
13140,8
13142,44
13143,41
13145,13
13146,18
13148,17
13149,65
13152,29
13155,64
13156,13
13158,19
13159,7
13161,33
13162,39
13164,5
13165,22
13168,77
13171,28
13172,4
13174,50
13175,37
13177,13
13178,16
13180,12
13181,58
13184,28
13187,60
13188,14
13190,20
13191,5
13193,38
13194,42
13196,4
13197,17
13200,82
13203,16
13204,6
13206,40
13207,25
13209,12
13210,20
13212,13
13213,66
13216,29
13219,62
13220,9
13222,13
13223,10
13225,31
13226,45
13228,4
13229,15
13232,78
13235,22
13236,7
13238,57
13239,24
13241,8
13242,11
13244,17
13245,64
13248,33
13251,72
13252,11
13254,9
13255,9
13257,32
13258,51
13260,3
13261,22
13264,79
13267,15
13268,2
13270,48
13271,35
13273,10
13274,13
13276,10
13277,59
13280,30
13283,57
13284,19
13286,11
13287,12
13289,33
13290,45
13292,4
13293,26
13296,78
13299,18
13300,4
13302,46
13303,27
13305,6
13306,15
13308,19
13309,58
13312,28
13315,64
13316,14
13318,16
13319,8
13321,33
13322,40
13324,5
13325,24
13328,63
13331,22
13332,4
13334,48
13335,26
13337,10
13338,20
13340,10
13341,56
13344,23
13347,67
13348,17
13350,16
13351,4
13353,32
13354,41
13356,3
13357,23
13360,91
13363,28
13364,8
13366,61
13367,33
13369,12
13370,8
13372,15
13373,60
13376,21
13379,76
13380,16
13382,9
13383,11
13385,26
13386,47
13388,4
13389,24
13392,76
13395,19
13396,6
13398,56
13399,30
13401,10
13402,17
13404,27
13405,68
13408,28
13411,70
13412,19
13414,10
13415,12
13417,27
13418,47
13420,5
13421,23
13424,94
13427,21
13428,5
13430,53
13431,34
13433,5
13434,18
13436,18
13437,66
13440,34
13443,82
13444,17
13446,17
13447,9
13449,23
13450,58
13452,5
13453,27
13456,87
13459,28
13460,5
13462,61
13463,43
13465,8
13466,13
13468,20
13469,75
13472,34
13475,62
13476,20
13478,20
13479,9
13481,40
13482,46
13484,5
13485,19
13488,111
13491,31
13492,2
13494,58
13495,36
13497,11
13498,16
13500,15
13501,88
13504,30
13507,83
13508,18
13510,21
13511,11
13513,40
13514,65
13516,4
13517,27
13520,93
13523,18
13524,5
13526,60
13527,35
13529,11
13530,15
13532,23
13533,66
13536,22
13539,78
13540,22
13542,20
13543,9
13545,39
13546,66
13548,6
13549,23
13552,105
13555,19
13556,5
13558,43
13559,31
13561,15
13562,19
13564,17
13565,84
13568,33
13571,77
13572,12
13574,23
13575,15
13577,38
13578,62
13580,13
13581,23
13584,81
13587,29
13588,4
13590,59
13591,34
13593,11
13594,25
13596,16
13597,82
13600,23
13603,81
13604,14
13606,15
13607,12
13609,44
13610,52
13612,6
13613,26
13616,89
13619,18
13620,3
13622,55
13623,35
13625,11
13626,14
13628,21
13629,75
13632,34
13635,97
13636,14
13638,21
13639,8
13641,33
13642,58
13644,3
13645,26
13648,106
13651,28
13652,5
13654,52
13655,32
13657,10
13658,8
13660,19
13661,77
13664,30
13667,77
13668,20
13670,17
13671,6
13673,37
13674,48
13676,7
13677,18
13680,92
13683,18
13684,5
13686,51
13687,37
13689,13
13690,15
13692,18
13693,60
13696,38
13699,65
13700,14
13702,15
13703,17
13705,28
13706,50
13708,5
13709,20
13712,80
13715,19
13716,4
13718,38
13719,46
13721,8
13722,20
13724,17
13725,71
13728,24
13731,76
13732,21
13734,22
13735,7
13737,44
13738,57
13740,3
13741,25
13744,89
13747,25
13748,3
13750,50
13751,38
13753,11
13754,13
13756,17
13757,72
13760,17
13763,61
13764,17
13766,13
13767,14
13769,28
13770,49
13772,5
13773,17
13776,93
13779,20
13780,6
13782,44
13783,26
13785,8
13786,18
13788,21
13789,59
13792,18
13795,63
13796,11
13798,16
13799,10
13801,29
13802,44
13804,3
13805,13
13808,83
13811,19
13812,8
13814,46
13815,34
13817,7
13818,6
13820,20
13821,71
13824,26
13827,53
13828,9
13830,9
13831,11
13833,34
13834,52
13836,9
13837,28
13840,82
13843,15
13844,6
13846,50
13847,28
13849,17
13850,21
13852,18
13853,65
13856,16
13859,67
13860,21
13862,12
13863,8
13865,31
13866,41
13868,6
13869,25
13872,84
13875,11
13876,5
13878,37
13879,26
13881,4
13882,10
13884,16
13885,68
13888,22
13891,51
13892,18
13894,18
13895,10
13897,30
13898,51
13900,3
13901,23
13904,75
13907,20
13908,4
13910,52
13911,31
13913,9
13914,8
13916,15
13917,67
13920,28
13923,51
13924,12
13926,20
13927,13
13929,31
13930,47
13932,3
13933,23
13936,79
13939,24
13940,4
13942,36
13943,36
13945,8
13946,11
13948,15
13949,51
13952,27
13955,50
13956,16
13958,18
13959,10
13961,33
13962,35
13964,6
13965,13
13968,68
13971,13
13972,2
13974,44
13975,30
13977,4
13978,20
13980,9
13981,51
13984,21
13987,64
13988,18
13990,11
13991,7
13993,38
13994,51
13996,2
13997,16
14000,76
14003,16
14004,4
14006,36
14007,36
14009,7
14010,17
14012,15
14013,55
14016,22
14019,58
14020,15
14022,14
14023,5
14025,32
14026,41
14028,5
14029,10
14032,65
14035,12
14036,4
14038,39
14039,31
14041,11
14042,12
14044,23
14045,44
14048,22
14051,59
14052,12
14054,12
14055,7
14057,26
14058,40
14060,3
14061,11
14064,58
14067,19
14068,2
14070,43
14071,30
14073,7
14074,18
14076,10
14077,64
14080,10
14083,54
14084,8
14086,11
14087,4
14089,20
14090,34
14092,3
14093,13
14096,66
14099,16
14100,4
14102,35
14103,14
14105,7
14106,9
14108,15
14109,50
14112,22
14115,62
14116,14
14118,20
14119,7
14121,30
14122,45
14124,4
14125,16
14128,65
14131,15
14132,4
14134,44
14135,25
14137,5
14138,13
14140,13
14141,62
14144,11
14147,52
14148,13
14150,17
14151,11
14153,22
14154,35
14156,5
14157,14
14160,68
14163,20
14164,1
14166,48
14167,21
14169,6
14170,17
14172,11
14173,41
14176,15
14179,55
14180,8
14182,10
14183,7
14185,22
14186,36
14188,3
14189,18
14192,64
14195,17
14196,6
14198,33
14199,24
14201,1
14202,15
14204,8
14205,42
14208,15
14211,57
14212,15
14214,17
14215,5
14217,23
14218,46
14220,5
14221,14
14224,57
14227,15
14228,7
14230,36
14231,29
14233,7
14234,7
14236,11
14237,41
14240,21
14243,55
14244,15
14246,8
14247,10
14249,26
14250,32
14252,1
14253,15
14256,52
14259,12
14260,4
14262,34
14263,34
14265,1
14266,10
14268,11
14269,47
14272,20
14275,51
14276,10
14278,19
14279,4
14281,33
14282,38
14284,5
14285,12
14288,64
14291,18
14292,3
14294,38
14295,23
14297,10
14298,22
14300,17
14301,42
14304,22
14307,45
14308,9
14310,8
14311,10
14313,27
14314,35
14316,6
14317,16
14320,54
14323,18
14324,3
14326,38
14327,29
14329,8
14330,9
14332,11
14333,51
14336,18
14339,47
14340,13
14342,8
14343,6
14345,30
14346,39
14348,2
14349,10
14352,58
14355,17
14356,3
14358,41
14359,32
14361,8
14362,8
14364,13
14365,57
14368,16
14371,62
14372,14
14374,13
14375,9
14377,36
14378,56
14380,5
14381,16
14384,61
14387,13
14388,2
14390,34
14391,24
14393,7
14394,15
14396,21
14397,57
14400,13
14403,73
14404,11
14406,18
14407,10
14409,33
14410,59
14412,2
14413,15
14416,73
14419,21
14420,2
14422,35
14423,29
14425,8
14426,16
14428,12
14429,65
14432,29
14435,64
14436,13
14438,18
14439,9
14441,29
14442,43
14444,3
14445,20
14448,91
14451,20
14452,4
14454,55
14455,34
14457,10
14458,11
14460,18
14461,66
14464,33
14467,73
14468,16
14470,12
14471,14
14473,35
14474,42
14476,9
14477,19
14480,88
14483,23
14484,1
14486,51
14487,36
14489,9
14490,21
14492,25
14493,73
14496,25
14499,76
14500,24
14502,19
14503,12
14505,37
14506,57
14508,9
14509,26
14512,89
14515,30
14516,6
14518,56
14519,32
14521,16
14522,8
14524,15
14525,74
14528,37
14531,67
14532,12
14534,20
14535,9
14537,41
14538,53
14540,7
14541,25
14544,74
14547,30
14548,5
14550,47
14551,41
14553,12
14554,27
14556,9
14557,91
14560,37
14563,76
14564,15
14566,23
14567,8
14569,37
14570,62
14572,8
14573,23
14576,120
14579,32
14580,8
14582,72
14583,40
14585,12
14586,25
14588,25
14589,85
14592,32
14595,74
14596,13
14598,16
14599,17
14601,34
14602,60
14604,2
14605,21
14608,97
14611,28
14612,6
14614,50
14615,45
14617,6
14618,14
14620,19
14621,79
14624,37
14627,84
14628,19
14630,19
14631,14
14633,42
14634,54
14636,3
14637,28
14640,112
14643,30
14644,4
14646,60
14647,43
14649,15
14650,19
14652,21
14653,74
14656,38
14659,78
14660,17
14662,17
14663,10
14665,50
14666,68
14668,7
14669,23
14672,98
14675,30
14676,9
14678,62
14679,45
14681,7
14682,30
14684,19
14685,102
14688,27
14691,63
14692,20
14694,24
14695,15
14697,31
14698,65
14700,8
14701,29
14704,94
14707,30
14708,8
14710,55
14711,39
14713,8
14714,16
14716,28
14717,68
14720,20
14723,80
14724,26
14726,16
14727,16
14729,46
14730,46
14732,4
14733,26
14736,104
14739,21
14740,4
14742,67
14743,36
14745,16
14746,22
14748,20
14749,66
14752,27
14755,89
14756,22
14758,18
14759,14
14761,38
14762,65
14764,3
14765,30
14768,100
14771,20
14772,3
14774,58
14775,37
14777,9
14778,16
14780,20
14781,82
14784,25
14787,85
14788,22
14790,27
14791,8
14793,47
14794,64
14796,7
14797,33
14800,102
14803,29
14804,5
14806,53
14807,35
14809,9
14810,27
14812,16
14813,96
14816,26
14819,91
14820,30
14822,17
14823,8
14825,44
14826,55
14828,6
14829,23
14832,100
14835,29
14836,5
14838,60
14839,52
14841,11
14842,20
14844,12
14845,76
14848,21
14851,75
14852,18
14854,23
14855,10
14857,35
14858,64
14860,6
14861,19
14864,99
14867,14
14868,6
14870,52
14871,32
14873,7
14874,20
14876,15
14877,66
14880,30
14883,68
14884,17
14886,19
14887,14
14889,38
14890,43
14892,5
14893,23
14896,92
14899,24
14900,2
14902,56
14903,31
14905,12
14906,19
14908,16
14909,81
14912,27
14915,74
14916,17
14918,13
14919,11
14921,38
14922,43
14924,7
14925,22
14928,77
14931,18
14932,7
14934,49
14935,33
14937,12
14938,13
14940,14
14941,63
14944,28
14947,58
14948,17
14950,15
14951,7
14953,42
14954,45
14956,7
14957,25
14960,90
14963,20
14964,5
14966,41
14967,37
14969,13
14970,10
14972,13
14973,67
14976,24
14979,60
14980,13
14982,12
14983,8
14985,33
14986,46
14988,9
14989,24
14992,78
14995,22
14996,3
14998,59
14999,30
15001,5
15002,16
15004,16
15005,54
15008,25
15011,63
15012,21
15014,8
15015,8
15017,31
15018,42
15020,4
15021,24
15024,63
15027,18
15028,5
15030,36
15031,17
15033,8
15034,18
15036,16
15037,54
15040,23
15043,52
15044,19
15046,8
15047,7
15049,29
15050,29
15052,5
15053,13
15056,69
15059,13
15060,4
15062,34
15063,17
15065,5
15066,11
15068,19
15069,62
15072,23
15075,55
15076,13
15078,14
15079,12
15081,25
15082,41
15084,3
15085,16
15088,75
15091,16
15092,7
15094,43
15095,23
15097,7
15098,12
15100,16
15101,51
15104,25
15107,52
15108,15
15110,13
15111,6
15113,21
15114,35
15116,4
15117,10
15120,76
15123,14
15124,6
15126,33
15127,32
15129,11
15130,10
15132,10
15133,42
15136,16
15139,64
15140,13
15142,12
15143,8
15145,27
15146,31
15148,8
15149,20
15152,52
15155,17
15156,3
15158,36
15159,38
15161,7
15162,14
15164,11
15165,56
15168,18
15171,50
15172,10
15174,16
15175,5
15177,15
15178,37
15180,2
15181,19
15184,69
15187,14
15188,5
15190,36
15191,17
15193,11
15194,6
15196,7
15197,51
15200,24
15203,48
15204,8
15206,11
15207,8
15209,28
15210,29
15212,4
15213,12
15216,57
15219,17
15220,2
15222,37
15223,27
15225,4
15226,9
15228,16
15229,43
15232,24
15235,41
15236,13
15238,16
15239,4
15241,24
15242,31
15244,4
15245,16
15248,53
15251,11
15252,4
15254,37
15255,26
15257,7
15258,5
15260,8
15261,49
15264,19
15267,32
15268,11
15270,9
15271,1
15273,19
15274,35
15276,1
15277,14
15280,49
15283,12
15284,5
15286,28
15287,18
15289,7
15290,14
15292,13
15293,48
15296,15
15299,58
15300,10
15302,8
15303,8
15305,18
15306,44
15308,1
15309,14
15312,45
15315,15
15316,4
15318,27
15319,22
15321,8
15322,12
15324,11
15325,46
15328,20
15331,34
15332,8
15334,6
15335,7
15337,26
15338,20
15341,17
15344,48
15347,14
15348,1
15350,31
15351,7
15353,8
15354,10
15356,8
15357,44
15360,19
15363,38
15364,10
15366,14
15367,7
15369,13
15370,34
15372,5
15373,11
15376,59
15379,9
15380,3
15382,23
15383,16
15385,2
15386,4
15388,5
15389,35
15392,16
15395,37
15396,7
15398,10
15399,8
15401,18
15402,20
15404,1
15405,14
15408,43
15411,8
15412,1
15414,29
15415,15
15417,5
15418,5
15420,9
15421,37
15424,14
15427,36
15428,12
15430,9
15431,7
15433,15
15434,29
15437,19
15440,46
15443,12
15444,4
15446,28
15447,15
15449,6
15450,6
15452,10
15453,28
15456,16
15459,31
15460,8
15462,11
15463,6
15465,15
15466,29
15468,4
15469,9
15472,33
15475,13
15476,1
15478,24
15479,21
15481,5
15482,6
15484,9
15485,40
15488,13
15491,32
15492,13
15494,3
15495,4
15497,14
15498,22
15500,2
15501,6
15504,35
15507,10
15508,3
15510,21
15511,13
15513,5
15514,4
15516,10
15517,21
15520,8
15523,21
15524,12
15526,8
15527,2
15529,15
15530,18
15532,1
15533,5
15536,50
15539,9
15540,1
15542,26
15543,14
15545,2
15546,4
15548,14
15549,34
15552,10
15555,26
15556,4
15558,4
15559,2
15561,9
15562,22
15564,5
15565,8
15568,29
15571,7
15572,3
15574,23
15575,11
15577,4
15578,4
15580,3
15581,25
15584,10
15587,24
15588,5
15590,7
15591,7
15593,8
15594,13
15596,2
15597,6
15600,36
15603,8
15604,1
15606,25
15607,14
15609,2
15610,5
15612,5
15613,34
15616,8
15619,25
15620,5
15622,10
15623,6
15625,8
15626,14
15628,4
15629,5
15632,35
15635,9
15636,2
15638,17
15639,9
15641,5
15642,4
15644,9
15645,17
15648,13
15651,19
15652,5
15654,7
15655,4
15657,12
15658,17
15660,1
15661,10
15664,20
15667,9
15670,21
15671,9
15673,4
15674,1
15676,8
15677,25
15680,9
15683,17
15684,7
15686,9
15687,10
15689,6
15690,15
15693,7
15696,27
15699,10
15700,3
15702,11
15703,13
15705,3
15706,5
15708,5
15709,25
15712,4
15715,20
15716,2
15718,5
15719,5
15721,11
15722,5
15724,2
15725,7
15728,24
15731,5
15732,3
15734,9
15735,9
15737,2
15738,2
15740,3
15741,7
15744,8
15747,21
15748,1
15750,7
15751,4
15753,11
15754,11
15757,4
15760,16
15763,7
15766,8
15767,11
15769,2
15770,3
15772,4
15773,15
15776,5
15779,15
15780,3
15782,3
15783,3
15785,6
15786,11
15788,1
15789,4
15792,14
15795,6
15798,17
15799,5
15802,5
15804,1
15805,13
15808,7
15811,16
15812,3
15814,6
15815,2
15817,5
15818,16
15821,5
15824,14
15827,4
15828,2
15830,6
15831,11
15833,2
15834,3
15836,5
15837,9
15840,2
15843,16
15844,3
15846,5
15847,1
15849,4
15850,14
15852,2
15853,6
15856,25
15859,2
15860,1
15862,8
15863,2
15865,5
15866,2
15868,6
15869,7
15872,2
15875,9
15876,4
15878,3
15879,2
15881,4
15882,6
15884,1
15885,3
15888,16
15891,3
15894,14
15895,7
15898,2
15900,2
15901,14
15904,9
15907,17
15908,1
15910,3
15911,3
15913,4
15914,5
15917,6
15920,17
15923,2
15924,1
15926,5
15927,4
15930,3
15933,10
15936,3
15939,16
15940,2
15942,1
15943,1
15945,5
15946,10
15949,5
15952,7
15955,2
15958,8
15959,7
15961,1
15962,1
15964,5
15965,8
15968,3
15971,12
15972,3
15974,2
15975,2
15977,4
15978,11
15981,2
15984,12
15987,2
15988,2
15990,8
15991,5
15993,1
15994,2
15996,2
15997,13
16000,2
16003,7
16004,5
16006,4
16009,1
16010,7
16013,2
16016,12
16019,2
16020,1
16022,6
16023,3
16025,2
16026,1
16028,3
16029,9
16032,2
16035,12
16036,4
16038,3
16039,2
16041,2
16042,5
16045,4
16048,5
16054,5
16055,5
16057,2
16058,3
16060,3
16061,8
16064,2
16067,9
16068,2
16070,1
16071,2
16073,9
16074,7
16076,2
16077,3
16080,16
16083,2
16086,5
16087,4
16090,1
16092,2
16093,9
16096,1
16099,3
16100,2
16102,4
16103,1
16105,2
16106,6
16109,2
16112,6
16116,1
16118,5
16119,3
16122,2
16124,2
16125,3
16131,5
16132,3
16134,1
16135,2
16137,6
16138,7
16141,4
16144,10
16148,2
16150,5
16151,9
16154,1
16156,4
16157,8
16160,2
16163,11
16166,3
16167,2
16169,6
16170,6
16173,2
16176,9
16179,7
16182,4
16183,4
16185,2
16186,1
16188,2
16189,9
16192,4
16195,2
16196,1
16198,1
16201,7
16202,3
16205,6
16208,8
16211,2
16212,1
16214,4
16215,5
16220,1
16221,2
16224,2
16227,3
16228,1
16230,3
16231,2
16233,6
16234,5
16237,2
16240,6
16243,2
16246,4
16247,6
16249,1
16250,6
16252,1
16253,4
16256,6
16259,1
16260,3
16262,1
16265,3
16266,9
16269,5
16272,6
16275,2
16278,5
16279,3
16281,3
16282,1
16284,2
16285,5
16288,1
16291,11
16292,2
16295,2
16297,2
16298,5
16301,3
16304,6
16307,4
16308,1
16310,7
16311,1
16313,1
16314,1
16316,1
16317,6
16320,1
16323,4
16326,1
16327,3
16329,4
16330,2
16332,1
16333,1
16336,9
16339,5
16340,1
16342,2
16343,4
16345,1
16346,1
16348,3
16349,7
16355,6
16356,2
16358,1
16361,4
16362,1
16365,4
16368,9
16371,2
16372,1
16374,4
16380,1
16381,8
16384,2
16387,5
16388,2
16390,2
16391,1
16393,5
16394,7
16400,9
16403,1
16404,2
16406,5
16407,3
16409,1
16410,1
16413,6
16419,3
16423,1
16425,3
16426,5
16429,3
16432,5
16435,2
16436,2
16438,5
16439,2
16441,1
16445,2
16448,4
16451,9
16452,1
16454,3
16455,1
16457,2
16458,6
16461,3
16464,4
16470,3
16471,3
16473,2
16476,1
16477,5
16480,1
16483,6
16484,1
16486,4
16487,1
16489,2
16490,2
16493,1
16496,9
16499,4
16502,5
16503,1
16505,1
16506,1
16508,1
16509,8
16515,4
16518,1
16519,1
16521,5
16522,6
16528,8
16531,1
16534,6
16535,1
16537,1
16538,2
16541,3
16544,2
16547,9
16550,2
16553,1
16554,6
16560,9
16563,2
16564,1
16566,4
16567,1
16570,1
16572,2
16573,3
16576,2
16579,5
16582,3
16585,7
16586,3
16588,1
16592,3
16595,2
16596,1
16598,2
16599,2
16601,1
16602,1
16605,6
16608,3
16611,3
16614,2
16615,1
16617,3
16618,2
16621,2
16624,8
16627,1
16630,2
16631,1
16634,3
16637,4
16640,1
16643,7
16644,1
16646,2
16647,1
16649,4
16650,2
16653,3
16656,3
16659,2
16662,4
16666,2
16668,1
16669,5
16672,3
16675,7
16678,3
16679,1
16681,5
16682,8
16685,2
16688,4
16691,2
16694,3
16695,2
16698,1
16700,3
16701,5
16704,1
16707,5
16708,3
16710,2
16711,2
16713,1
16714,5
16716,1
16720,6
16726,3
16727,2
16730,1
16733,7
16736,1
16739,7
16740,1
16742,3
16743,1
16745,4
16746,1
16749,2
16752,5
16755,1
16758,2
16759,4
16761,1
16762,3
16764,1
16765,5
16768,4
16771,4
16772,2
16774,1
16775,1
16777,3
16778,4
16781,2
16784,5
16790,5
16791,2
16794,1
16796,2
16797,10
16800,3
16803,8
16806,2
16807,2
16809,1
16810,2
16816,5
16819,2
16822,5
16823,1
16825,1
16828,1
16829,2
16832,2
16835,3
16836,2
16838,1
16841,2
16842,2
16845,1
16848,14
16851,2
16852,1
16854,3
16855,2
16858,1
16861,1
16867,6
16868,2
16870,2
16873,1
16874,3
16876,1
16877,2
16880,2
16884,1
16886,4
16887,2
16889,1
16890,2
16896,3
16899,3
16900,2
16902,2
16903,1
16906,2
16909,3
16912,5
16915,1
16919,3
16921,1
16925,3
16931,2
16932,1
16935,4
16937,1
16938,2
16941,2
16944,12
16947,4
16950,3
16951,2
16953,1
16954,1
16960,4
16963,3
16964,1
16966,1
16967,1
16969,2
16970,4
16973,1
16976,7
16980,1
16982,2
16983,1
16985,1
16986,2
16989,5
16992,1
16995,2
16996,2
17001,4
17002,3
17005,3
17008,4
17011,3
17014,1
17015,4
17017,3
17020,3
17024,3
17027,5
17031,1
17033,1
17034,5
17037,5
17040,5
17043,1
17046,3
17047,2
17049,3
17052,2
17053,6
17059,6
17060,1
17062,3
17065,3
17066,3
17069,2
17072,2
17075,3
17078,4
17079,3
17082,1
17085,4
17091,3
17092,1
17097,1
17098,2
17101,1
17104,5
17107,3
17110,4
17111,2
17117,6
17120,2
17123,1
17126,1
17127,1
17129,4
17132,1
17133,1
17136,3
17139,1
17142,3
17143,3
17148,1
17149,5
17152,2
17155,2
17156,1
17158,2
17161,2
17162,2
17165,1
17168,4
17171,1
17174,3
17175,1
17177,1
17180,1
17181,4
17184,1
17187,4
17188,2
17191,1
17194,1
17200,3
17206,4
17207,3
17210,2
17213,2
17216,2
17219,5
17222,1
17225,2
17226,2
17228,1
17229,2
17232,6
17235,2
17238,3
17239,2
17245,1
17248,4
17251,3
17254,1
17255,1
17257,3
17258,1
17264,3
17267,1
17270,3
17271,1
17277,4
17280,2
17283,2
17286,1
17287,1
17289,2
17290,4
17296,1
17302,5
17306,1
17309,6
17312,2
17315,5
17316,1
17318,1
17321,2
17322,4
17324,2
17328,3
17334,3
17337,1
17340,2
17341,3
17344,3
17347,3
17350,2
17353,1
17354,5
17357,2
17360,4
17363,1
17366,5
17367,1
17372,1
17373,4
17379,3
17385,1
17386,3
17392,5
17396,1
17398,2
17399,3
17405,5
17408,1
17411,5
17412,1
17417,1
17424,5
17427,4
17428,1
17430,4
17433,1
17434,5
17436,1
17437,3
17440,1
17443,6
17444,1
17447,1
17456,8
17459,1
17462,3
17463,4
17468,1
17469,4
17475,2
17479,1
17481,2
17485,1
17488,3
17491,1
17494,2
17495,1
17497,3
17500,1
17501,6
17504,1
17507,2
17514,4
17520,3
17526,6
17527,1
17529,1
17533,3
17536,3
17539,3
17540,1
17546,1
17549,2
17552,4
17558,1
17559,1
17561,1
17562,1
17565,4
17571,3
17578,2
17584,1
17590,3
17591,2
17594,1
17596,1
17597,1
17600,2
17603,2
17606,1
17609,1
17610,3
17613,1
17616,1
17619,1
17620,1
17622,2
17629,6
17635,3
17638,1
17641,1
17645,3
17648,4
17651,3
17652,1
17660,2
17661,4
17667,3
17668,1
17673,2
17674,4
17680,3
17683,2
17686,4
17687,5
17690,1
17693,2
17696,2
17700,1
17702,1
17705,3
17706,3
17709,1
17712,3
17718,3
17719,2
17725,3
17728,1
17731,4
17734,1
17737,1
17738,2
17744,2
17747,1
17750,1
17751,5
17753,1
17754,2
17757,1
17760,1
17763,6
17764,1
17767,1
17770,3
17773,1
17776,3
17779,2
17782,3
17785,1
17786,2
17788,4
17789,7
17792,2
17795,3
17801,1
17802,1
17808,3
17812,1
17814,4
17815,1
17818,1
17820,1
17821,6
17827,7
17828,1
17833,1
17834,1
17840,1
17843,1
17846,1
17847,1
17850,1
17852,1
17853,2
17856,1
17859,3
17865,3
17866,3
17872,5
17875,2
17878,1
17881,2
17885,3
17891,3
17892,1
17894,1
17895,2
17898,1
17904,1
17907,1
17910,3
17911,4
17913,1
17914,1
17920,3
17923,3
17927,1
17929,1
17932,1
17933,3
17936,5
17942,2
17943,2
17945,1
17949,2
17955,1
17961,1
17962,2
17968,2
17981,3
17984,2
17987,1
17994,3
18000,2
18006,1
18007,1
18009,1
18010,1
18013,1
18016,1
18019,1
18020,2
18022,1
18023,1
18025,1
18026,1
18032,1
18035,1
18038,3
18039,1
18044,2
18048,1
18051,2
18055,1
18057,2
18058,1
18061,1
18064,1
18067,1
18070,1
18071,1
18074,1
18077,1
18083,1
18086,1
18087,1
18089,1
18090,3
18093,1
18096,4
18102,2
18103,2
18109,1
18112,1
18115,3
18118,1
18121,2
18122,2
18128,1
18134,2
18135,1
18141,5
18144,1
18153,2
18154,1
18156,1
18157,1
18160,1
18166,1
18169,1
18173,1
18179,3
18182,1
18186,2
18192,5
18195,1
18196,1
18198,1
18205,3
18215,1
18218,1
18221,1
18224,3
18227,1
18228,1
18230,1
18237,2
18243,1
18244,1
18249,1
18250,1
18253,1
18256,2
18262,1
18263,3
18269,2
18272,1
18275,2
18278,1
18282,1
18285,4
18288,2
18291,1
18294,1
18304,1
18307,2
18310,1
18314,2
18320,3
18326,2
18327,1
18332,1
18333,1
18336,1
18339,1
18345,1
18346,1
18352,1
18356,2
18358,4
18361,1
18364,1
18365,1
18368,2
18374,1
18377,2
18378,4
18381,1
18384,2
18390,1
18391,1
18403,2
18407,1
18416,1
18422,1
18423,2
18425,1
18432,2
18435,4
18438,1
18441,2
18442,1
18448,3
18454,3
18455,1
18461,1
18464,2
18467,3
18471,1
18474,1
18480,1
18483,2
18486,1
18487,3
18493,2
18496,1
18499,1
18503,1
18506,1
18512,2
18518,3
18519,1
18524,2
18525,1
18528,1
18534,2
18537,1
18538,2
18541,1
18544,1
18551,2
18557,2
18563,1
18570,3
18573,1
18576,1
18582,3
18583,1
18586,1
18595,4
18596,1
18598,1
18608,1
18611,1
18614,1
18615,1
18621,2
18624,2
18627,2
18634,2
18636,1
18640,1
18646,2
18653,1
18656,1
18659,2
18665,3
18669,1
18672,4
18675,1
18678,1
18682,1
18685,2
18688,1
18691,2
18698,2
18704,2
18711,1
18716,1
18720,1
18723,2
18729,1
18730,1
18736,1
18742,2
18752,1
18759,2
18761,2
18762,2
18768,1
18774,6
18775,1
18780,1
18781,1
18784,1
18787,1
18790,1
18794,1
18800,2
18803,2
18806,1
18807,1
18810,2
18813,1
18819,1
18825,1
18826,1
18828,1
18832,1
18838,1
18839,1
18841,1
18844,1
18845,3
18848,1
18851,1
18852,1
18854,1
18857,2
18858,1
18864,1
18871,1
18880,2
18889,3
18890,2
18893,2
18896,3
18902,1
18903,2
18909,1
18912,2
18915,1
18916,1
18919,1
18922,2
18954,1
18960,1
18963,1
18967,2
18985,1
18986,2
18992,2
18998,3
19005,2
19011,1
19014,2
19015,1
19020,1
19021,1
19024,1
19030,1
19031,1
19037,4
19040,1
19043,2
19056,3
19062,2
19063,1
19065,1
19066,1
19069,1
19081,1
19084,1
19085,1
19088,1
19091,1
19092,1
19094,1
19095,1
19097,1
19101,2
19104,1
19110,1
19113,3
19114,1
19117,1
19126,2
19133,1
19136,1
19139,3
19142,1
19145,1
19152,2
19155,3
19158,2
19159,1
19165,1
19171,3
19174,1
19177,1
19178,5
19181,1
19184,1
19187,1
19190,1
19193,1
19197,1
19203,1
19222,2
19223,1
19226,1
19235,1
19242,1
19248,1
19254,1
19267,1
19274,1
19277,1
19299,1
19305,1
19306,2
19318,2
19319,1
19324,1
19331,3
19334,1
19337,1
19338,1
19344,1
19350,2
19356,1
19357,1
19376,2
19388,1
19389,3
19392,1
19395,1
19402,1
19405,2
19408,1
19411,1
19415,2
19418,1
19427,3
19431,2
19433,1
19440,2
19446,1
19453,1
19459,1
19465,1
19488,1
19491,1
19492,1
19504,3
19507,1
19510,2
19520,1
19543,1
19546,1
19555,3
19558,1
19559,1
19562,3
19564,1
19568,3
19574,1
19575,1
19580,1
19594,1
19600,2
19607,1
19612,1
19613,1
19641,1
19651,1
19654,1
19660,1
19661,1
19664,1
19670,3
19674,1
19676,1
19680,1
19683,1
19686,1
19690,1
19696,2
19702,1
19708,1
19709,1
19728,1
19734,1
19735,1
19741,2
19747,1
19748,1
19760,3
19763,1
19764,1
19767,1
19773,1
19779,2
19789,2
19799,1
19805,1
19811,3
19814,1
19817,1
19830,1
19833,1
19843,1
19862,1
19863,2
19868,1
19876,1
19879,1
19888,3
19895,1
19900,1
19904,1
19913,1
19917,1
19923,1
19926,1
19933,1
19946,2
19952,1
19971,1
19972,1
19974,1
19977,1
19981,1
19990,1
19994,1
19997,2
20000,1
20006,1
20010,1
20013,1
20016,1
20023,1
20026,1
20029,1
20048,2
20054,1
20061,2
20067,1
20073,1
20074,1
20080,1
20089,1
20093,1
20096,1
20099,1
20100,1
20106,1
20115,1
20125,1
20137,1
20138,2
20144,1
20164,1
20167,1
20176,1
20182,4
20195,3
20208,2
20221,2
20237,1
20240,1
20243,1
20256,1
20266,1
20272,1
20284,1
20298,1
20301,1
20317,1
20323,1
20329,1
20336,1
20349,3
20355,1
20361,1
20368,1
20374,1
20375,1
20425,1
20438,1
20444,1
20457,1
20464,1
20470,1
20474,1
20496,1
20521,1
20528,1
20534,1
20550,1
20551,1
20566,1
20576,1
20579,1
20627,1
20630,1
20637,2
20643,1
20701,1
20707,1
20720,1
20727,1
20736,1
20746,1
20752,1
20758,1
20807,1
20810,2
20816,1
20835,1
20836,1
20857,1
20858,1
20860,1
20887,1
20892,1
20893,1
20896,1
20899,1
20905,1
20934,1
20941,1
20944,1
20964,1
20970,1
20976,1
20983,1
20988,1
20995,1
21018,1
21021,1
21037,1
21040,1
21046,1
21059,1
21062,1
21065,1
21094,1
21098,1
21107,1
21117,1
21133,1
21158,2
21168,1
21175,1
21181,1
21200,2
21213,2
21219,2
21220,1
21225,1
21226,1
21232,1
21248,1
21290,1
21293,1
21299,1
21315,1
21321,1
21347,1
21357,1
21360,1
21369,1
21372,1
21373,1
21379,2
21386,1
21389,1
21392,1
21411,2
21424,1
21430,1
21433,1
21444,1
21449,1
21456,2
21469,1
21501,1
21508,1
21520,1
21523,1
21524,1
21527,1
21532,1
21533,1
21536,1
21552,3
21559,1
21571,1
21577,1
21587,1
21590,1
21603,1
21604,1
21616,1
21622,2
21623,1
21635,1
21648,1
21661,2
21668,1
21670,1
21677,1
21699,1
21706,1
21712,1
21719,1
21725,2
21764,1
21789,1
21802,1
21818,1
21828,1
21837,1
21846,1
21853,1
21865,1
21872,1
21875,1
21900,1
21904,2
21920,1
21974,1
22003,1
22010,1
22038,1
22045,1
22064,1
22077,1
22080,1
22096,1
22115,1
22131,1
22141,1
22154,1
22160,1
22166,1
22218,1
22234,1
22246,1
22307,1
22308,1
22317,1
22326,1
22329,1
22339,1
22358,1
22365,1
22378,1
22455,1
22474,1
22477,1
22486,1
22576,1
22589,1
22602,1
22614,1
22615,1
22627,1
22634,1
22640,1
22697,1
22698,1
22730,1
22761,1
22762,2
22851,1
22877,1
22925,1
22934,1
22953,1
22973,1
22976,2
23011,1
23049,1
23056,1
23068,1
23069,1
23075,1
23094,1
23142,1
23184,1
23207,1
23212,1
23322,1
23331,1
23408,1
23414,1
23427,1
23469,1
23488,1
23498,1
23600,1
23613,1
23616,1
23705,1
23773,2
23783,1
23843,1
23850,1
23878,1
23882,1
23913,1
23914,1
23952,1
23955,1
23990,1
24016,1
24042,1
24054,1
24073,1
24151,1
24214,1
24227,1
24228,1
24240,1
24282,1
24285,1
24291,1
24317,1
24323,1
24365,1
24384,1
24387,1
24490,1
24502,1
24550,1
24573,1
24649,1
24656,1
24704,1
24707,1
24816,1
24861,1
24918,1
24956,1
25024,1
25052,1
25229,1
25235,1
25244,1
25392,1
25430,1
25449,1
25475,1
25491,1
25526,1
25597,1
25616,1
25629,1
25751,1
25923,1
25929,1
26013,1
26071,1
26077,1
26089,1
26346,1
26371,1
26390,1
26413,1
26429,1
26563,1
26720,1
26749,1
27177,1
27242,1
27543,1
27952,1
30890,1
30921,1
30932,1
31824,1
34890,1
40777,1
43017,1
43120,1
45303,1
46163,1
48150,1
48637,1
48900,1
55011,1
55632,1
58128,1
59619,1
64086,1
64496,1
67830,1
74973,1
77008,1
97552,1
98992,1
99677,1
103286,1
105584,1
106198,1
107293,1
116339,1
117994,1
120522,1
130870,1
135588,1
138109,1
140284,1
142173,1
143427,1
145335,1
146071,1
146759,1
147008,1
148240,1
154890,1
157488,1
158372,1
160579,1
162077,1
169027,1
175248,1
176957,1
182249,1
186025,1
186512,1
191363,1
196717,1
198240,1
203113,1
205360,1
207468,1
216573,1
220105,1
220618,1
222087,1
240112,1
242461,1
242640,1
270890,1
272362,1
281609,1
294532,1
296317,1
299933,1
309549,1
320320,1
320567,1
333065,1
334204,1
339862,1
340298,1
347772,1
376868,1
383501,1
384083,1
401929,1
417500,1
421146,1
426845,1
435466,1
437712,1
446397,1
449875,1
456573,1
460550,1
463146,1
471204,1
473341,1
481488,1
504451,1
517699,1
519741,1
532739,1
532970,1
534327,1
536378,1
549108,1
561420,1
564288,1
578685,1
588537,1
594675,1
700842,1
802221,1
847850,1
857200,1
986480,1
1038108,1
1072259,1
1122381,1
1363651,1
