# Samples: 142041, Average: 11333.3 ns, StdDev: 29190.9 ns, Quartiles: 9786.0/10316.0/11968.0 ns
7702,1
9331,1
9332,1
9337,1
9341,3
9347,3
9351,1
9353,1
9357,4
9360,1
9363,3
9366,2
9367,1
9369,4
9370,4
9372,3
9373,5
9376,7
9379,5
9382,2
9383,3
9385,5
9386,10
9388,1
9389,17
9392,10
9395,12
9396,2
9398,17
9399,4
9401,4
9402,12
9404,2
9405,22
9408,22
9411,26
9412,9
9414,25
9415,7
9417,14
9418,18
9420,8
9421,23
9424,35
9427,39
9428,10
9430,26
9431,13
9433,21
9434,34
9436,8
9437,52
9440,65
9443,62
9444,18
9446,67
9447,40
9449,29
9450,49
9452,22
9453,67
9456,92
9459,76
9460,19
9462,74
9463,47
9465,62
9466,70
9468,27
9469,115
9472,152
9475,114
9476,25
9478,94
9479,73
9481,70
9482,88
9484,43
9485,136
9488,196
9491,162
9492,47
9494,131
9495,87
9497,84
9498,157
9500,49
9501,188
9504,232
9507,193
9508,53
9510,153
9511,121
9513,97
9514,153
9516,53
9517,240
9520,294
9523,242
9524,66
9526,163
9527,112
9529,136
9530,218
9532,47
9533,271
9536,347
9539,228
9540,65
9542,213
9543,138
9545,145
9546,183
9548,78
9549,306
9552,335
9555,277
9556,84
9558,206
9559,148
9561,148
9562,230
9564,77
9565,305
9568,402
9571,327
9572,91
9574,237
9575,163
9577,152
9578,172
9580,92
9581,353
9584,351
9587,332
9588,79
9590,253
9591,154
9593,177
9594,269
9596,67
9597,290
9600,386
9603,278
9604,68
9606,208
9607,167
9609,142
9610,208
9612,80
9613,356
9616,346
9619,324
9620,79
9622,236
9623,153
9625,175
9626,228
9628,69
9629,271
9632,423
9635,295
9636,67
9638,235
9639,154
9641,143
9642,225
9644,84
9645,319
9648,368
9651,329
9652,87
9654,209
9655,119
9657,166
9658,243
9660,69
9661,287
9664,384
9667,271
9668,68
9670,232
9671,159
9673,131
9674,218
9676,77
9677,322
9680,340
9683,300
9684,80
9686,193
9687,136
9689,169
9690,239
9692,82
9693,274
9696,357
9699,266
9700,68
9702,209
9703,144
9705,107
9706,237
9708,81
9709,330
9712,359
9715,312
9716,79
9718,187
9719,151
9721,146
9722,261
9724,77
9725,265
9728,407
9731,270
9732,67
9734,208
9735,140
9737,128
9738,196
9740,73
9741,315
9744,349
9747,330
9748,69
9750,203
9751,145
9753,150
9754,237
9756,76
9757,290
9760,361
9763,293
9764,67
9766,246
9767,162
9769,150
9770,216
9772,80
9773,321
9776,342
9779,301
9780,78
9782,216
9783,151
9785,144
9786,216
9788,77
9789,272
9792,431
9795,278
9796,63
9798,241
9799,141
9801,141
9802,212
9804,73
9805,288
9808,335
9811,325
9812,88
9814,202
9815,121
9817,152
9818,220
9820,66
9821,280
9824,381
9827,266
9828,57
9830,232
9831,172
9833,144
9834,203
9836,64
9837,300
9840,325
9843,280
9844,78
9846,189
9847,105
9849,141
9850,227
9852,59
9853,268
9856,346
9859,232
9860,60
9862,212
9863,112
9865,116
9866,175
9868,70
9869,240
9872,281
9875,275
9876,63
9878,152
9879,125
9881,125
9882,211
9884,67
9885,202
9888,287
9891,202
9892,48
9894,175
9895,113
9897,99
9898,174
9900,56
9901,218
9904,237
9907,206
9908,63
9910,146
9911,91
9913,102
9914,166
9916,47
9917,169
9920,274
9923,182
9924,46
9926,158
9927,113
9929,89
9930,122
9932,54
9933,225
9936,212
9939,199
9940,40
9942,118
9943,78
9945,89
9946,141
9948,41
9949,154
9952,218
9955,154
9956,36
9958,117
9959,87
9961,82
9962,117
9964,41
9965,187
9968,210
9971,175
9972,40
9974,119
9975,79
9977,63
9978,139
9980,40
9981,140
9984,211
9987,142
9988,46
9990,127
9991,84
9993,70
9994,100
9996,42
9997,182
10000,190
10003,173
10004,46
10006,110
10007,78
10009,77
10010,113
10012,48
10013,151
10016,198
10019,141
10020,47
10022,121
10023,80
10025,54
10026,112
10028,41
10029,169
10032,182
10035,170
10036,45
10038,107
10039,62
10041,96
10042,125
10044,35
10045,151
10048,228
10051,146
10052,39
10054,133
10055,84
10057,55
10058,118
10060,37
10061,175
10064,183
10067,172
10068,53
10070,110
10071,80
10073,75
10074,139
10076,27
10077,155
10080,190
10083,133
10084,33
10086,126
10087,85
10089,66
10090,115
10092,35
10093,155
10096,186
10099,161
10100,45
10102,113
10103,55
10105,96
10106,123
10108,46
10109,144
10112,194
10115,135
10116,29
10118,110
10119,66
10121,45
10122,100
10124,30
10125,165
10128,173
10131,130
10132,39
10134,104
10135,60
10137,92
10138,123
10140,30
10141,129
10144,198
10147,121
10148,39
10150,114
10151,73
10153,54
10154,92
10156,34
10157,153
10160,173
10163,127
10164,36
10166,97
10167,64
10169,71
10170,111
10172,37
10173,117
10176,195
10179,146
10180,42
10182,117
10183,73
10185,43
10186,89
10188,29
10189,126
10192,168
10195,148
10196,40
10198,107
10199,70
10201,82
10202,104
10204,27
10205,117
10208,162
10211,97
10212,30
10214,116
10215,74
10217,55
10218,68
10220,23
10221,134
10224,122
10227,139
10228,42
10230,66
10231,50
10233,74
10234,90
10236,31
10237,121
10240,150
10243,96
10244,24
10246,99
10247,75
10249,44
10250,69
10252,26
10253,149
10256,118
10259,105
10260,28
10262,86
10263,63
10265,64
10266,87
10268,28
10269,102
10272,151
10275,105
10276,29
10278,84
10279,60
10281,55
10282,73
10284,31
10285,109
10288,112
10291,120
10292,25
10294,66
10295,40
10297,65
10298,79
10300,20
10301,115
10304,126
10307,99
10308,22
10310,75
10311,50
10313,48
10314,80
10316,30
10317,110
10320,112
10323,92
10324,31
10326,83
10327,43
10329,46
10330,85
10332,19
10333,92
10336,131
10339,84
10340,23
10342,53
10343,66
10345,40
10346,50
10348,22
10349,89
10352,114
10355,90
10356,23
10358,54
10359,40
10361,39
10362,51
10364,24
10365,84
10368,117
10371,64
10372,17
10374,66
10375,50
10377,35
10378,52
10380,21
10381,78
10384,109
10387,96
10388,16
10390,44
10391,30
10393,27
10394,45
10396,19
10397,54
10400,74
10403,54
10404,13
10406,61
10407,39
10409,35
10410,43
10412,26
10413,58
10416,72
10419,69
10420,17
10422,52
10423,27
10425,30
10426,45
10428,21
10429,53
10432,75
10435,68
10436,9
10438,46
10439,30
10441,26
10442,57
10444,13
10445,51
10448,60
10451,54
10452,8
10454,35
10455,28
10457,12
10458,44
10460,8
10461,46
10464,68
10467,60
10468,14
10470,47
10471,26
10473,27
10474,38
10476,14
10477,58
10480,54
10483,56
10484,17
10486,25
10487,18
10489,20
10490,43
10492,10
10493,40
10496,61
10499,28
10500,11
10502,31
10503,27
10505,24
10506,37
10508,13
10509,46
10512,56
10515,52
10516,11
10518,29
10519,16
10521,22
10522,34
10524,8
10525,43
10528,62
10531,38
10532,7
10534,38
10535,18
10537,24
10538,26
10540,9
10541,46
10544,55
10547,43
10548,10
10550,22
10551,25
10553,29
10554,40
10556,13
10557,43
10560,67
10563,38
10564,7
10566,39
10567,12
10569,15
10570,36
10572,13
10573,47
10576,57
10579,55
10580,17
10582,41
10583,14
10585,26
10586,35
10588,11
10589,46
10592,60
10595,47
10596,17
10598,36
10599,19
10601,21
10602,29
10604,12
10605,46
10608,48
10611,55
10612,13
10614,30
10615,23
10617,22
10618,33
10620,8
10621,44
10624,61
10627,39
10628,9
10630,26
10631,30
10633,29
10634,27
10636,6
10637,47
10640,59
10643,58
10644,14
10646,36
10647,21
10649,24
10650,33
10652,15
10653,47
10656,68
10659,46
10660,11
10662,51
10663,26
10665,23
10666,42
10668,6
10669,58
10672,66
10675,47
10676,18
10678,38
10679,27
10681,25
10682,46
10684,20
10685,43
10688,71
10691,51
10692,11
10694,52
10695,27
10697,26
10698,49
10700,15
10701,64
10704,59
10707,63
10708,10
10710,41
10711,19
10713,17
10714,50
10716,14
10717,56
10720,79
10723,52
10724,16
10726,56
10727,30
10729,25
10730,28
10732,16
10733,65
10736,61
10739,48
10740,14
10742,44
10743,31
10745,29
10746,49
10748,16
10749,48
10752,69
10755,58
10756,10
10758,51
10759,36
10761,31
10762,55
10764,14
10765,62
10768,50
10771,63
10772,11
10774,43
10775,25
10777,30
10778,33
10780,10
10781,70
10784,78
10787,51
10788,15
10790,41
10791,22
10793,35
10794,42
10796,16
10797,69
10800,65
10803,69
10804,18
10806,38
10807,23
10809,28
10810,40
10812,14
10813,53
10816,92
10819,53
10820,9
10822,47
10823,32
10825,28
10826,40
10828,15
10829,55
10832,71
10835,52
10836,15
10838,47
10839,29
10841,42
10842,38
10844,13
10845,40
10848,95
10851,61
10852,19
10854,47
10855,26
10857,30
10858,40
10860,11
10861,58
10864,54
10867,51
10868,18
10870,36
10871,29
10873,28
10874,40
10876,21
10877,59
10880,71
10883,57
10884,15
10886,29
10887,33
10889,33
10890,36
10892,16
10893,48
10896,75
10899,58
10900,15
10902,45
10903,27
10905,44
10906,56
10908,11
10909,52
10912,67
10915,50
10916,13
10918,38
10919,22
10921,22
10922,39
10924,17
10925,72
10928,67
10931,37
10932,12
10934,49
10935,20
10937,24
10938,37
10940,18
10941,47
10944,76
10947,58
10948,16
10950,49
10951,23
10953,33
10954,43
10956,11
10957,49
10960,62
10963,54
10964,20
10966,38
10967,29
10969,26
10970,35
10972,12
10973,36
10976,70
10979,49
10980,14
10982,41
10983,32
10985,28
10986,26
10988,9
10989,59
10992,58
10995,55
10996,6
10998,47
10999,26
11001,26
11002,36
11004,10
11005,53
11008,64
11011,53
11012,13
11014,40
11015,30
11017,34
11018,33
11020,18
11021,55
11024,50
11027,61
11028,14
11030,29
11031,24
11033,33
11034,46
11036,21
11037,44
11040,64
11043,59
11044,8
11046,41
11047,26
11049,20
11050,26
11052,8
11053,43
11056,47
11059,40
11060,10
11062,32
11063,23
11065,17
11066,29
11068,9
11069,44
11072,55
11075,49
11076,9
11078,44
11079,26
11081,29
11082,22
11084,8
11085,41
11088,59
11091,56
11092,17
11094,33
11095,12
11097,23
11098,43
11100,12
11101,44
11104,55
11107,39
11108,9
11110,42
11111,21
11113,17
11114,25
11116,14
11117,38
11120,65
11123,49
11124,12
11126,26
11127,25
11129,26
11130,35
11132,6
11133,31
11136,66
11139,38
11140,6
11142,34
11143,22
11145,14
11146,26
11148,13
11149,37
11152,46
11155,44
11156,14
11158,19
11159,16
11161,19
11162,33
11164,12
11165,45
11168,53
11171,40
11172,6
11174,31
11175,24
11177,24
11178,26
11180,15
11181,48
11184,46
11187,50
11188,11
11190,26
11191,20
11193,20
11194,30
11196,8
11197,44
11200,41
11203,31
11204,13
11206,30
11207,21
11209,20
11210,36
11212,16
11213,47
11216,52
11219,45
11220,8
11222,28
11223,27
11225,24
11226,38
11228,8
11229,32
11232,71
11235,41
11236,12
11238,34
11239,17
11241,20
11242,31
11244,8
11245,45
11248,59
11251,56
11252,11
11254,36
11255,13
11257,33
11258,27
11260,11
11261,48
11264,60
11267,46
11268,7
11270,32
11271,29
11273,22
11274,30
11276,9
11277,44
11280,54
11283,61
11284,14
11286,46
11287,15
11289,20
11290,43
11292,12
11293,45
11296,68
11299,53
11300,13
11302,43
11303,31
11305,20
11306,35
11308,16
11309,64
11312,58
11315,59
11316,12
11318,42
11319,32
11321,22
11322,45
11324,9
11325,44
11328,59
11331,57
11332,16
11334,34
11335,24
11337,22
11338,32
11340,18
11341,61
11344,63
11347,73
11348,16
11350,40
11351,23
11353,26
11354,48
11356,19
11357,71
11360,76
11363,49
11364,8
11366,56
11367,30
11369,20
11370,45
11372,14
11373,48
11376,55
11379,61
11380,10
11382,36
11383,26
11385,34
11386,51
11388,14
11389,41
11392,70
11395,47
11396,18
11398,56
11399,38
11401,22
11402,50
11404,23
11405,65
11408,72
11411,59
11412,17
11414,41
11415,33
11417,25
11418,55
11420,12
11421,43
11424,93
11427,55
11428,18
11430,48
11431,32
11433,28
11434,36
11436,9
11437,62
11440,71
11443,58
11444,14
11446,41
11447,33
11449,33
11450,44
11452,14
11453,42
11456,73
11459,55
11460,10
11462,53
11463,29
11465,31
11466,33
11468,14
11469,51
11472,69
11475,66
11476,13
11478,48
11479,25
11481,30
11482,41
11484,19
11485,57
11488,101
11491,71
11492,17
11494,48
11495,29
11497,32
11498,36
11500,17
11501,50
11504,53
11507,56
11508,20
11510,41
11511,28
11513,29
11514,48
11516,9
11517,49
11520,94
11523,55
11524,14
11526,50
11527,34
11529,33
11530,35
11532,13
11533,74
11536,68
11539,71
11540,11
11542,43
11543,38
11545,35
11546,50
11548,16
11549,57
11552,65
11555,46
11556,7
11558,49
11559,32
11561,23
11562,42
11564,19
11565,72
11568,63
11571,56
11572,18
11574,38
11575,29
11577,37
11578,39
11580,13
11581,51
11584,64
11587,50
11588,8
11590,37
11591,37
11593,34
11594,31
11596,18
11597,45
11600,68
11603,37
11604,18
11606,31
11607,25
11609,37
11610,44
11612,15
11613,46
11616,69
11619,64
11620,6
11622,41
11623,34
11625,28
11626,34
11628,13
11629,65
11632,70
11635,59
11636,10
11638,31
11639,30
11641,27
11642,41
11644,14
11645,59
11648,61
11651,52
11652,10
11654,55
11655,27
11657,28
11658,40
11660,15
11661,49
11664,48
11667,74
11668,14
11670,42
11671,20
11673,34
11674,39
11676,11
11677,49
11680,81
11683,52
11684,4
11686,26
11687,23
11689,25
11690,31
11692,25
11693,67
11696,60
11699,41
11700,19
11702,33
11703,18
11705,21
11706,43
11708,11
11709,53
11712,69
11715,51
11716,12
11718,29
11719,21
11721,26
11722,30
11724,10
11725,61
11728,64
11731,48
11732,20
11734,35
11735,28
11737,21
11738,40
11740,8
11741,47
11744,62
11747,46
11748,7
11750,33
11751,25
11753,20
11754,32
11756,13
11757,54
11760,60
11763,50
11764,21
11766,43
11767,25
11769,33
11770,39
11772,14
11773,43
11776,70
11779,48
11780,10
11782,38
11783,31
11785,17
11786,32
11788,14
11789,59
11792,80
11795,48
11796,11
11798,45
11799,18
11801,32
11802,48
11804,13
11805,55
11808,68
11811,58
11812,13
11814,58
11815,21
11817,25
11818,42
11820,18
11821,60
11824,67
11827,59
11828,15
11830,37
11831,26
11833,29
11834,51
11836,12
11837,60
11840,93
11843,67
11844,17
11846,64
11847,42
11849,30
11850,44
11852,17
11853,59
11856,82
11859,67
11860,14
11862,53
11863,35
11865,49
11866,48
11868,19
11869,62
11872,90
11875,67
11876,19
11878,51
11879,40
11881,33
11882,46
11884,21
11885,66
11888,70
11891,68
11892,16
11894,44
11895,32
11897,51
11898,56
11900,18
11901,52
11904,91
11907,73
11908,16
11910,61
11911,36
11913,34
11914,40
11916,17
11917,52
11920,88
11923,86
11924,27
11926,48
11927,28
11929,43
11930,52
11932,23
11933,62
11936,92
11939,60
11940,14
11942,53
11943,39
11945,36
11946,52
11948,16
11949,79
11952,79
11955,62
11956,17
11958,37
11959,32
11961,38
11962,51
11964,14
11965,63
11968,78
11971,57
11972,18
11974,63
11975,39
11977,25
11978,47
11980,18
11981,65
11984,81
11987,63
11988,20
11990,57
11991,36
11993,32
11994,52
11996,23
11997,61
12000,91
12003,70
12004,20
12006,53
12007,39
12009,28
12010,41
12012,23
12013,60
12016,70
12019,64
12020,14
12022,44
12023,30
12025,37
12026,49
12028,25
12029,65
12032,74
12035,59
12036,17
12038,51
12039,38
12041,33
12042,36
12044,18
12045,70
12048,77
12051,67
12052,8
12054,47
12055,37
12057,22
12058,46
12060,13
12061,54
12064,82
12067,62
12068,15
12070,48
12071,25
12073,28
12074,38
12076,15
12077,66
12080,65
12083,80
12084,21
12086,48
12087,27
12089,33
12090,51
12092,18
12093,61
12096,89
12099,58
12100,17
12102,59
12103,33
12105,29
12106,46
12108,23
12109,62
12112,59
12115,78
12116,13
12118,52
12119,20
12121,40
12122,43
12124,11
12125,65
12128,86
12131,48
12132,15
12134,47
12135,25
12137,26
12138,46
12140,16
12141,75
12144,66
12147,75
12148,14
12150,37
12151,35
12153,31
12154,48
12156,15
12157,64
12160,83
12163,59
12164,22
12166,42
12167,45
12169,23
12170,41
12172,14
12173,59
12176,71
12179,64
12180,20
12182,37
12183,20
12185,41
12186,59
12188,19
12189,63
12192,73
12195,66
12196,14
12198,46
12199,34
12201,34
12202,51
12204,9
12205,74
12208,52
12211,77
12212,18
12214,43
12215,31
12217,39
12218,51
12220,12
12221,60
12224,86
12227,63
12228,16
12230,52
12231,37
12233,23
12234,47
12236,18
12237,68
12240,78
12243,65
12244,24
12246,38
12247,35
12249,29
12250,57
12252,8
12253,62
12256,83
12259,72
12260,14
12262,57
12263,28
12265,35
12266,36
12268,21
12269,62
12272,69
12275,52
12276,13
12278,57
12279,32
12281,39
12282,50
12284,21
12285,55
12288,82
12291,69
12292,12
12294,56
12295,36
12297,37
12298,36
12300,18
12301,72
12304,99
12307,81
12308,13
12310,54
12311,33
12313,43
12314,55
12316,21
12317,68
12320,89
12323,66
12324,19
12326,52
12327,33
12329,32
12330,37
12332,25
12333,76
12336,79
12339,71
12340,11
12342,43
12343,24
12345,44
12346,44
12348,21
12349,67
12352,88
12355,52
12356,22
12358,71
12359,32
12361,45
12362,45
12364,18
12365,63
12368,90
12371,76
12372,21
12374,54
12375,25
12377,33
12378,57
12380,9
12381,57
12384,72
12387,57
12388,15
12390,56
12391,31
12393,18
12394,51
12396,20
12397,90
12400,72
12403,53
12404,20
12406,49
12407,29
12409,35
12410,32
12412,17
12413,54
12416,92
12419,67
12420,13
12422,47
12423,31
12425,26
12426,51
12428,18
12429,67
12432,66
12435,60
12436,13
12438,44
12439,36
12441,37
12442,48
12444,18
12445,62
12448,86
12451,57
12452,12
12454,55
12455,33
12457,28
12458,45
12460,15
12461,72
12464,81
12467,69
12468,16
12470,51
12471,35
12473,33
12474,53
12476,14
12477,64
12480,81
12483,52
12484,5
12486,60
12487,33
12489,26
12490,46
12492,19
12493,53
12496,87
12499,73
12500,24
12502,47
12503,32
12505,28
12506,60
12508,14
12509,55
12512,91
12515,58
12516,18
12518,53
12519,25
12521,31
12522,49
12524,18
12525,78
12528,58
12531,59
12532,10
12534,35
12535,20
12537,33
12538,59
12540,10
12541,64
12544,85
12547,62
12548,15
12550,58
12551,36
12553,32
12554,38
12556,21
12557,65
12560,77
12563,73
12564,13
12566,40
12567,31
12569,30
12570,48
12572,18
12573,63
12576,71
12579,65
12580,9
12582,39
12583,35
12585,29
12586,40
12588,22
12589,79
12592,81
12595,78
12596,12
12598,43
12599,30
12601,23
12602,44
12604,17
12605,79
12608,71
12611,58
12612,16
12614,49
12615,26
12617,34
12618,54
12620,15
12621,66
12624,68
12627,58
12628,13
12630,45
12631,22
12633,22
12634,56
12636,17
12637,59
12640,93
12643,85
12644,17
12646,49
12647,36
12649,29
12650,45
12652,23
12653,53
12656,72
12659,64
12660,19
12662,44
12663,29
12665,37
12666,51
12668,17
12669,49
12672,63
12675,53
12676,14
12678,57
12679,43
12681,26
12682,50
12684,12
12685,53
12688,92
12691,71
12692,8
12694,46
12695,25
12697,36
12698,46
12700,14
12701,53
12704,80
12707,69
12708,20
12710,47
12711,37
12713,39
12714,52
12716,19
12717,67
12720,68
12723,71
12724,17
12726,36
12727,18
12729,32
12730,57
12732,18
12733,66
12736,84
12739,67
12740,22
12742,45
12743,36
12745,28
12746,43
12748,19
12749,52
12752,73
12755,61
12756,19
12758,51
12759,28
12761,27
12762,51
12764,12
12765,63
12768,80
12771,65
12772,15
12774,37
12775,30
12777,21
12778,34
12780,19
12781,63
12784,74
12787,55
12788,12
12790,38
12791,28
12793,28
12794,55
12796,12
12797,46
12800,73
12803,49
12804,13
12806,53
12807,28
12809,28
12810,50
12812,23
12813,58
12816,78
12819,64
12820,25
12822,31
12823,15
12825,32
12826,53
12828,12
12829,64
12832,82
12835,56
12836,16
12838,63
12839,29
12841,32
12842,40
12844,22
12845,79
12848,74
12851,53
12852,19
12854,43
12855,29
12857,35
12858,47
12860,18
12861,62
12864,82
12867,63
12868,15
12870,43
12871,29
12873,26
12874,50
12876,20
12877,63
12880,65
12883,62
12884,20
12886,39
12887,22
12889,30
12890,44
12892,15
12893,52
12896,72
12899,47
12900,19
12902,40
12903,34
12905,31
12906,39
12908,16
12909,74
12912,63
12915,63
12916,11
12918,40
12919,23
12921,29
12922,44
12924,7
12925,49
12928,77
12931,48
12932,14
12934,48
12935,37
12937,24
12938,38
12940,12
12941,62
12944,61
12947,40
12948,9
12950,41
12951,26
12953,25
12954,48
12956,12
12957,52
12960,65
12963,54
12964,13
12966,46
12967,21
12969,28
12970,42
12972,10
12973,47
12976,63
12979,34
12980,11
12982,37
12983,21
12985,22
12986,44
12988,13
12989,60
12992,57
12995,47
12996,6
12998,38
12999,33
13001,27
13002,28
13004,12
13005,47
13008,62
13011,41
13012,8
13014,44
13015,23
13017,24
13018,44
13020,12
13021,41
13024,63
13027,38
13028,5
13030,26
13031,24
13033,16
13034,27
13036,11
13037,44
13040,46
13043,54
13044,10
13046,25
13047,18
13049,21
13050,38
13052,12
13053,36
13056,47
13059,36
13060,10
13062,33
13063,11
13065,20
13066,33
13068,11
13069,46
13072,50
13075,44
13076,15
13078,30
13079,18
13081,18
13082,31
13084,6
13085,41
13088,38
13091,40
13092,6
13094,35
13095,20
13097,15
13098,36
13100,6
13101,34
13104,40
13107,33
13108,9
13110,20
13111,18
13113,22
13114,26
13116,13
13117,31
13120,38
13123,32
13124,7
13126,29
13127,28
13129,18
13130,29
13132,8
13133,36
13136,40
13139,21
13140,14
13142,24
13143,10
13145,14
13146,17
13148,5
13149,30
13152,46
13155,31
13156,4
13158,23
13159,23
13161,15
13162,19
13164,6
13165,34
13168,31
13171,22
13172,8
13174,18
13175,11
13177,15
13178,25
13180,3
13181,33
13184,40
13187,26
13188,5
13190,19
13191,17
13193,17
13194,20
13196,9
13197,18
13200,24
13203,26
13204,8
13206,25
13207,12
13209,6
13210,30
13212,4
13213,38
13216,31
13219,33
13220,6
13222,18
13223,11
13225,13
13226,10
13228,9
13229,23
13232,20
13235,21
13236,4
13238,10
13239,9
13241,13
13242,23
13244,8
13245,18
13248,33
13251,22
13254,18
13255,9
13257,9
13258,15
13260,6
13261,15
13264,25
13267,26
13268,5
13270,14
13271,7
13273,17
13274,15
13276,4
13277,17
13280,21
13283,10
13284,2
13286,12
13287,17
13289,12
13290,12
13292,5
13293,25
13296,21
13299,23
13300,5
13302,12
13303,5
13305,7
13306,16
13308,3
13309,11
13312,21
13315,14
13316,6
13318,11
13319,17
13321,12
13322,13
13324,6
13325,19
13328,16
13331,19
13332,3
13334,18
13335,13
13337,5
13338,12
13340,6
13341,15
13344,17
13347,19
13348,6
13350,8
13351,11
13353,6
13354,8
13356,5
13357,15
13360,14
13363,10
13364,3
13366,4
13367,5
13369,4
13370,7
13372,4
13373,14
13376,13
13379,11
13380,3
13382,7
13383,6
13385,4
13386,12
13388,6
13389,22
13392,21
13395,14
13396,5
13398,10
13399,8
13401,6
13402,5
13404,1
13405,9
13408,13
13411,8
13412,2
13414,5
13415,8
13417,4
13418,11
13420,4
13421,12
13424,15
13427,16
13428,3
13430,14
13431,6
13433,8
13434,13
13436,4
13437,14
13440,14
13443,13
13444,1
13446,11
13447,8
13449,6
13450,11
13452,1
13453,7
13456,7
13459,18
13460,1
13462,7
13463,8
13465,4
13466,11
13469,14
13472,16
13475,13
13476,1
13478,9
13479,13
13481,6
13482,9
13484,2
13485,11
13488,13
13491,15
13492,1
13494,6
13495,7
13497,7
13498,13
13500,1
13501,11
13504,9
13507,9
13508,1
13510,8
13511,7
13513,3
13514,12
13516,2
13517,8
13520,17
13523,12
13524,1
13526,3
13527,2
13529,1
13530,8
13532,3
13533,7
13536,15
13539,11
13540,3
13542,5
13543,4
13545,2
13546,5
13548,4
13549,12
13552,15
13555,15
13556,1
13558,5
13559,3
13561,4
13562,9
13565,13
13568,11
13571,8
13572,2
13574,8
13575,4
13577,2
13578,6
13580,2
13581,9
13584,10
13587,11
13588,5
13590,10
13591,6
13593,2
13594,6
13596,4
13597,8
13600,14
13603,13
13604,4
13606,3
13607,4
13609,3
13610,4
13612,2
13613,6
13616,6
13619,8
13620,2
13622,10
13623,3
13625,7
13626,3
13628,5
13629,8
13632,4
13635,10
13636,4
13638,4
13639,4
13641,4
13642,9
13644,3
13645,5
13648,7
13651,9
13652,1
13654,4
13655,8
13657,5
13658,3
13660,4
13661,8
13664,3
13667,5
13668,1
13670,7
13671,4
13673,3
13674,5
13676,2
13677,12
13680,8
13683,8
13686,4
13687,3
13689,4
13690,4
13692,2
13693,5
13696,6
13699,8
13700,2
13702,5
13703,4
13705,1
13706,2
13708,2
13709,7
13712,8
13715,11
13716,2
13718,4
13719,4
13721,3
13722,5
13724,3
13725,3
13728,9
13731,3
13732,3
13734,4
13735,4
13737,3
13738,6
13741,5
13744,6
13747,7
13750,4
13751,5
13753,8
13754,5
13756,1
13757,7
13760,11
13763,4
13766,2
13767,1
13769,5
13770,4
13773,11
13776,6
13779,7
13782,3
13783,3
13785,5
13786,5
13789,11
13792,10
13795,2
13796,3
13798,6
13799,6
13801,4
13802,3
13804,4
13805,3
13808,7
13811,7
13812,3
13814,4
13815,2
13817,1
13818,3
13821,4
13824,12
13827,7
13830,6
13831,5
13833,1
13834,6
13837,6
13840,4
13843,10
13844,4
13847,4
13849,3
13850,5
13853,3
13856,8
13859,5
13860,2
13862,7
13863,5
13865,5
13866,2
13869,7
13872,6
13875,4
13878,4
13879,3
13881,1
13882,2
13884,3
13885,9
13888,2
13891,2
13892,2
13894,6
13895,5
13897,1
13898,4
13900,1
13901,5
13904,6
13907,8
13908,2
13910,4
13911,2
13914,5
13917,6
13920,7
13923,1
13924,1
13926,3
13927,2
13929,2
13930,3
13932,4
13933,8
13936,8
13939,6
13940,1
13942,5
13943,3
13945,3
13946,4
13949,9
13952,8
13955,4
13956,1
13958,3
13959,5
13961,2
13962,2
13964,1
13965,7
13968,9
13971,1
13972,1
13974,5
13975,4
13977,1
13978,4
13980,2
13981,2
13984,7
13987,3
13988,1
13990,2
13991,3
13993,2
13994,4
13996,2
13997,4
14000,4
14003,4
14006,1
14007,2
14009,3
14010,4
14013,4
14016,5
14019,2
14022,6
14025,2
14026,4
14028,3
14029,4
14032,4
14035,5
14036,1
14038,2
14041,3
14042,2
14044,2
14045,5
14048,5
14051,4
14055,3
14057,1
14061,7
14064,6
14067,2
14068,1
14070,4
14071,4
14073,2
14074,5
14077,2
14080,5
14083,3
14084,1
14086,3
14087,2
14089,4
14090,1
14093,4
14096,8
14099,4
14102,2
14103,1
14105,2
14106,3
14109,5
14112,3
14115,4
14116,3
14118,3
14119,5
14121,2
14122,2
14124,2
14125,4
14128,3
14131,7
14132,2
14134,5
14135,2
14137,4
14138,5
14140,1
14141,3
14144,8
14147,5
14150,5
14151,6
14153,3
14154,3
14157,5
14160,4
14163,3
14164,2
14167,1
14169,1
14170,2
14172,2
14173,6
14176,6
14179,5
14182,2
14183,4
14185,4
14186,1
14188,1
14189,4
14192,6
14195,6
14196,2
14198,1
14199,5
14201,5
14202,2
14204,3
14205,5
14208,7
14211,3
14212,1
14214,3
14215,3
14217,1
14218,4
14221,9
14224,4
14227,4
14228,1
14230,2
14231,2
14233,5
14234,3
14237,2
14240,5
14243,5
14244,1
14246,5
14247,1
14249,2
14250,2
14253,5
14256,1
14259,2
14260,2
14262,5
14263,5
14265,3
14266,3
14269,6
14272,8
14275,3
14278,4
14281,1
14282,1
14284,1
14285,8
14288,1
14291,4
14294,2
14295,2
14297,1
14298,5
14300,2
14301,1
14304,5
14307,2
14308,1
14310,3
14311,4
14313,1
14314,3
14316,1
14317,10
14320,5
14323,5
14326,3
14327,2
14329,2
14330,5
14332,1
14333,2
14336,5
14339,2
14340,1
14342,2
14343,2
14345,3
14346,3
14348,2
14349,4
14352,3
14355,2
14356,1
14358,5
14361,1
14362,2
14365,3
14368,4
14371,4
14374,5
14377,1
14378,4
14380,1
14381,6
14384,8
14387,3
14390,4
14391,3
14394,2
14396,2
14397,3
14400,5
14403,5
14404,2
14406,1
14407,3
14409,1
14410,2
14412,1
14413,3
14416,4
14419,2
14420,1
14422,1
14423,2
14425,4
14426,4
14429,3
14432,6
14435,6
14436,1
14438,3
14439,2
14441,3
14442,2
14445,2
14448,9
14451,2
14452,1
14454,3
14455,1
14457,3
14458,4
14461,4
14464,7
14467,4
14468,1
14470,3
14471,2
14473,2
14474,3
14477,5
14480,6
14483,2
14484,1
14486,2
14487,5
14489,2
14490,7
14493,6
14496,8
14499,3
14502,5
14503,3
14505,2
14506,2
14509,7
14512,6
14516,3
14518,3
14519,1
14521,1
14522,6
14524,1
14525,6
14528,6
14531,6
14532,1
14534,3
14535,2
14537,2
14538,2
14540,1
14541,7
14544,5
14547,7
14548,2
14550,2
14551,3
14553,5
14554,4
14557,1
14560,2
14563,2
14566,6
14567,2
14569,1
14570,2
14573,1
14576,3
14579,11
14580,1
14582,1
14583,1
14585,2
14586,2
14589,5
14592,5
14595,5
14596,1
14598,4
14599,2
14601,2
14602,2
14604,2
14605,3
14608,2
14611,2
14612,1
14614,4
14615,2
14617,2
14618,2
14621,1
14624,4
14627,3
14628,1
14630,3
14631,7
14633,1
14634,3
14637,4
14640,1
14643,4
14644,1
14646,4
14647,1
14649,6
14650,3
14653,3
14656,3
14659,2
14662,4
14663,2
14665,3
14666,1
14668,1
14669,3
14672,9
14676,1
14678,2
14679,2
14681,2
14682,4
14685,5
14688,5
14691,4
14692,1
14694,2
14695,3
14697,3
14698,3
14700,2
14701,7
14704,3
14707,4
14710,2
14711,1
14713,3
14714,2
14717,3
14720,3
14723,9
14726,3
14727,2
14729,3
14730,3
14733,4
14736,3
14739,5
14740,1
14742,2
14743,2
14745,1
14746,1
14748,4
14749,5
14752,3
14755,2
14758,6
14759,1
14761,1
14762,2
14765,6
14768,4
14771,5
14774,5
14775,4
14777,2
14778,5
14780,4
14781,4
14784,2
14787,5
14790,2
14793,2
14794,2
14797,3
14800,6
14803,4
14804,1
14806,2
14807,1
14809,2
14810,4
14812,2
14816,3
14819,4
14822,7
14823,3
14825,2
14826,3
14828,1
14829,5
14832,6
14835,6
14836,2
14838,2
14839,3
14841,2
14842,1
14848,9
14851,2
14852,5
14854,1
14855,2
14857,1
14858,1
14860,1
14861,5
14864,3
14867,4
14868,1
14870,2
14871,2
14873,2
14874,1
14876,1
14877,4
14880,6
14883,1
14884,1
14886,5
14887,3
14889,4
14890,3
14892,1
14893,4
14896,5
14899,2
14900,2
14905,3
14906,2
14909,1
14912,3
14915,5
14916,3
14918,5
14919,4
14921,1
14922,2
14924,2
14925,7
14928,3
14931,7
14934,4
14935,5
14937,5
14938,3
14941,5
14944,2
14947,4
14950,1
14951,1
14953,3
14954,5
14956,2
14957,1
14960,4
14963,2
14964,1
14966,3
14967,2
14969,3
14970,1
14972,2
14973,3
14976,5
14979,3
14982,4
14983,1
14985,2
14986,2
14989,7
14992,3
14995,4
14996,2
14998,2
14999,3
15001,2
15002,1
15004,2
15005,7
15008,3
15011,1
15014,4
15015,4
15017,1
15018,1
15021,2
15024,4
15027,5
15028,2
15030,3
15031,1
15033,1
15034,1
15036,1
15037,1
15040,4
15043,2
15044,1
15046,3
15047,2
15049,1
15050,3
15052,2
15053,1
15056,4
15059,3
15063,2
15065,3
15066,2
15068,1
15069,5
15072,3
15075,4
15076,2
15078,2
15079,3
15081,2
15082,1
15084,1
15085,7
15088,3
15091,1
15092,1
15094,2
15095,2
15097,1
15098,2
15100,1
15101,4
15104,5
15107,4
15108,1
15110,2
15111,3
15113,2
15114,1
15117,3
15120,2
15123,2
15126,2
15127,2
15129,4
15130,4
15132,1
15133,2
15136,3
15139,1
15142,3
15145,3
15146,5
15148,1
15149,2
15152,5
15155,4
15158,1
15161,2
15162,2
15164,1
15165,4
15168,4
15171,3
15172,1
15174,1
15175,2
15177,2
15181,4
15184,4
15187,5
15188,3
15190,2
15191,1
15194,1
15196,2
15197,2
15200,4
15203,4
15206,3
15207,2
15210,1
15212,2
15216,9
15219,4
15222,4
15223,1
15225,1
15226,3
15229,2
15235,1
15238,3
15239,2
15241,2
15242,4
15245,3
15248,3
15251,3
15252,1
15254,1
15255,3
15257,2
15258,3
15261,3
15264,6
15267,6
15271,2
15273,2
15274,3
15277,1
15280,8
15286,5
15287,1
15290,6
15293,1
15296,6
15299,1
15302,1
15303,2
15305,1
15308,1
15309,2
15312,3
15315,2
15316,1
15318,1
15319,2
15322,4
15325,4
15328,3
15331,2
15334,2
15335,1
15338,2
15340,2
15341,5
15344,4
15347,4
15348,1
15350,4
15353,2
15357,2
15363,1
15366,2
15367,1
15369,1
15370,5
15373,2
15376,5
15379,4
15380,3
15383,2
15389,2
15392,5
15395,4
15398,1
15399,1
15401,2
15402,3
15405,4
15408,2
15411,3
15412,1
15414,1
15415,1
15417,1
15418,2
15421,3
15424,3
15427,2
15430,2
15431,4
15433,3
15434,2
15436,1
15437,4
15440,5
15443,6
15444,1
15446,1
15447,1
15450,4
15452,1
15453,2
15456,4
15459,1
15462,3
15465,3
15466,1
15468,1
15469,3
15472,6
15478,5
15481,1
15482,3
15484,3
15485,3
15491,2
15494,2
15495,2
15498,1
15500,1
15501,1
15504,2
15507,1
15510,2
15514,1
15517,2
15520,2
15523,3
15527,1
15529,1
15530,5
15536,2
15539,6
15540,1
15542,1
15546,2
15549,2
15552,6
15555,7
15558,3
15559,3
15561,1
15562,1
15565,1
15568,1
15571,1
15574,3
15577,2
15578,4
15580,2
15581,2
15584,1
15587,1
15590,2
15593,3
15594,2
15597,1
15600,2
15603,6
15606,4
15607,2
15609,1
15610,4
15612,1
15613,3
15616,5
15619,1
15622,3
15623,1
15625,1
15626,2
15629,1
15632,1
15635,3
15641,3
15642,4
15645,2
15648,4
15651,5
15652,1
15654,4
15655,3
15657,1
15658,4
15660,1
15661,1
15664,2
15667,4
15668,1
15676,2
15677,1
15680,5
15683,3
15686,1
15690,1
15692,1
15693,1
15696,3
15699,2
15700,3
15702,3
15703,2
15705,1
15706,1
15709,2
15712,2
15718,4
15722,3
15725,4
15728,2
15731,2
15734,2
15737,1
15738,1
15740,2
15741,2
15744,3
15747,1
15748,1
15750,4
15753,1
15754,1
15760,6
15764,1
15766,1
15769,2
15770,3
15773,3
15776,3
15780,2
15782,3
15783,3
15785,1
15788,2
15795,3
15798,3
15799,1
15802,1
15808,2
15811,2
15814,1
15817,2
15818,1
15820,1
15821,2
15824,2
15827,1
15836,1
15837,1
15840,5
15843,3
15849,2
15850,1
15852,1
15853,3
15856,4
15859,3
15862,3
15865,1
15866,1
15869,1
15872,3
15875,3
15878,5
15879,2
15881,1
15885,1
15888,1
15891,3
15894,2
15898,1
15901,3
15904,4
15907,4
15908,1
15910,1
15911,1
15913,1
15917,2
15920,4
15923,1
15924,2
15926,1
15927,2
15930,5
15936,3
15939,1
15940,1
15942,1
15943,1
15949,1
15955,4
15959,1
15964,1
15965,1
15968,2
15971,1
15978,2
15980,1
15981,1
15984,3
15987,2
15988,1
15990,1
15996,1
16000,2
16003,2
16004,1
16006,1
16007,3
16009,3
16010,1
16013,1
16016,1
16019,2
16020,1
16022,1
16025,3
16029,2
16032,1
16035,4
16036,1
16039,3
16041,1
16045,3
16048,2
16051,4
16055,1
16057,2
16058,4
16061,1
16064,2
16067,2
16068,1
16070,2
16073,2
16074,1
16076,2
16077,1
16080,2
16083,2
16087,1
16089,2
16093,3
16096,1
16099,1
16102,2
16103,1
16105,1
16108,1
16112,2
16115,1
16118,3
16119,1
16121,1
16122,4
16125,1
16128,1
16134,2
16135,1
16138,1
16144,3
16151,1
16154,1
16157,1
16160,5
16163,1
16166,2
16167,1
16169,2
16170,2
16173,1
16176,3
16179,2
16180,1
16182,2
16185,1
16189,1
16192,2
16198,2
16201,1
16202,1
16204,2
16205,3
16208,4
16211,2
16215,1
16217,1
16218,1
16221,1
16224,5
16227,1
16228,1
16230,1
16231,2
16233,1
16237,3
16240,2
16246,2
16249,1
16250,1
16253,2
16256,1
16259,2
16262,1
16263,1
16266,1
16269,7
16272,2
16275,2
16278,1
16284,1
16285,2
16288,3
16291,1
16292,1
16294,2
16295,3
16297,1
16301,2
16304,2
16310,2
16311,2
16313,2
16314,4
16317,4
16320,3
16323,2
16324,1
16326,1
16327,1
16330,4
16333,2
16336,1
16342,2
16343,1
16345,1
16355,2
16358,1
16365,3
16368,2
16371,3
16375,1
16378,1
16384,3
16387,1
16391,1
16403,1
16409,1
16410,2
16413,3
16416,1
16420,1
16422,2
16423,3
16425,1
16429,3
16432,2
16438,2
16441,1
16442,1
16445,1
16448,2
16451,3
16454,1
16455,2
16457,1
16461,2
16464,1
16467,1
16470,1
16474,3
16477,3
16483,2
16486,1
16487,1
16496,1
16499,2
16503,1
16506,1
16509,1
16512,4
16519,1
16528,4
16535,2
16541,2
16544,3
16547,2
16550,1
16551,1
16560,3
16563,2
16564,1
16570,1
16576,2
16579,2
16580,1
16582,2
16586,2
16588,1
16592,2
16595,2
16602,2
16608,1
16614,2
16615,1
16617,1
16618,1
16624,4
16627,1
16630,2
16633,2
16634,1
16637,1
16640,2
16643,1
16646,3
16647,3
16650,1
16653,2
16659,1
16663,1
16665,1
16669,1
16672,1
16675,1
16676,2
16678,1
16682,1
16685,1
16691,3
16701,1
16704,2
16707,5
16711,1
16714,1
16723,1
16726,1
16729,1
16733,1
16736,3
16739,1
16742,1
16745,1
16749,3
16752,2
16755,1
16756,2
16758,3
16768,1
16771,2
16772,2
16774,1
16775,1
16777,3
16780,1
16781,2
16784,3
16791,1
16794,1
16797,1
16803,1
16804,1
16807,1
16810,1
16813,1
16816,1
16819,2
16826,2
16829,2
16832,1
16835,1
16836,2
16838,2
16841,1
16842,2
16845,2
16848,3
16851,2
16852,1
16854,1
16855,1
16858,1
16861,2
16864,4
16867,2
16870,2
16873,2
16874,1
16877,1
16880,3
16883,2
16886,2
16887,2
16889,1
16890,2
16893,2
16899,1
16900,2
16903,1
16906,1
16909,2
16912,2
16915,2
16921,1
16924,1
16928,1
16931,4
16938,1
16940,1
16944,1
16947,3
16951,2
16960,1
16966,2
16969,3
16970,1
16972,1
16973,2
16976,1
16979,1
16980,1
16982,1
16992,1
16995,1
16998,2
16999,1
17001,1
17005,1
17008,1
17011,1
17015,1
17018,6
17024,2
17028,1
17034,1
17040,2
17043,1
17046,1
17053,2
17056,4
17059,2
17060,1
17065,1
17066,3
17072,4
17075,1
17076,1
17081,2
17085,1
17088,1
17091,1
17092,1
17094,1
17097,1
17098,1
17101,2
17107,2
17108,1
17110,1
17114,2
17116,1
17117,1
17126,1
17127,2
17130,1
17133,2
17136,2
17139,2
17142,1
17145,3
17152,4
17155,1
17158,1
17159,1
17161,1
17171,1
17172,1
17175,1
17177,1
17178,1
17181,1
17184,1
17190,2
17193,2
17194,2
17197,1
17200,1
17203,1
17206,1
17207,1
17210,2
17212,1
17213,1
17216,1
17220,1
17225,1
17229,1
17232,3
17235,1
17238,1
17248,4
17251,1
17254,1
17257,1
17260,1
17261,1
17264,1
17270,1
17273,1
17274,1
17276,2
17277,1
17280,2
17287,1
17289,1
17290,1
17293,2
17296,2
17299,2
17303,1
17308,1
17309,3
17312,1
17316,1
17322,1
17325,2
17328,3
17331,3
17334,2
17344,2
17347,2
17350,1
17357,2
17360,1
17363,2
17366,1
17370,1
17373,5
17379,2
17382,1
17386,1
17388,1
17395,1
17396,1
17401,1
17402,3
17404,3
17405,1
17408,3
17411,3
17415,1
17418,2
17421,3
17431,1
17437,1
17444,1
17446,1
17450,1
17453,1
17456,3
17462,1
17465,2
17472,2
17475,1
17476,1
17478,1
17481,1
17488,3
17494,2
17495,1
17497,1
17498,1
17501,1
17504,3
17510,1
17517,1
17523,2
17526,1
17527,2
17530,1
17532,1
17533,1
17539,3
17542,2
17549,2
17555,3
17559,1
17561,1
17562,1
17565,2
17568,3
17574,1
17575,2
17578,1
17580,1
17581,1
17584,1
17587,1
17591,1
17594,1
17597,1
17600,1
17603,1
17606,2
17607,2
17610,1
17612,1
17613,2
17616,1
17619,1
17622,3
17625,1
17628,1
17632,3
17638,2
17639,1
17642,1
17645,2
17648,4
17651,2
17654,1
17658,1
17661,2
17664,3
17667,1
17670,3
17677,2
17680,1
17683,1
17693,1
17696,1
17699,2
17702,1
17703,2
17712,1
17715,2
17718,1
17721,1
17725,1
17728,2
17732,1
17734,1
17738,2
17741,1
17747,1
17750,1
17751,2
17753,2
17754,2
17757,2
17763,1
17767,1
17776,2
17788,1
17789,3
17795,1
17798,1
17805,1
17808,2
17811,1
17814,1
17817,1
17821,1
17824,2
17827,3
17830,1
17831,1
17843,1
17847,1
17853,1
17856,2
17859,1
17862,2
17865,1
17869,1
17872,2
17875,3
17878,2
17881,1
17882,1
17884,1
17885,1
17895,1
17897,2
17898,1
17901,3
17908,1
17910,3
17913,2
17916,1
17917,1
17920,1
17926,1
17927,1
17933,2
17936,2
17939,2
17945,1
17952,1
17955,1
17956,1
17965,3
17968,1
17971,2
17972,1
17974,2
17977,1
17987,2
17990,1
17991,1
17996,1
18003,1
18007,1
18009,2
18010,3
18012,1
18013,2
18016,3
18023,3
18025,1
18026,1
18028,1
18029,2
18032,1
18035,3
18044,1
18045,1
18048,1
18051,1
18054,1
18055,1
18058,1
18060,1
18061,2
18064,1
18067,2
18073,3
18074,1
18077,1
18083,1
18086,1
18089,1
18090,1
18096,1
18099,1
18102,1
18103,2
18105,1
18106,1
18109,1
18112,2
18115,1
18119,3
18122,1
18128,1
18131,2
18132,1
18137,2
18141,1
18150,1
18154,1
18157,1
18160,1
18167,1
18176,1
18182,1
18183,1
18188,1
18192,2
18196,1
18201,1
18202,2
18205,1
18208,1
18212,1
18217,3
18218,2
18220,1
18221,2
18224,1
18227,1
18230,1
18234,2
18237,1
18243,1
18247,2
18249,1
18253,2
18259,1
18269,1
18272,2
18275,1
18282,2
18294,1
18300,2
18301,1
18304,1
18310,2
18311,1
18314,1
18316,1
18317,2
18323,1
18326,1
18330,1
18339,1
18348,1
18349,2
18352,3
18355,1
18358,1
18362,2
18368,3
18371,1
18381,4
18384,1
18387,1
18394,1
18400,1
18403,1
18409,1
18416,1
18419,1
18426,2
18428,1
18429,1
18432,2
18435,2
18441,1
18445,2
18452,1
18455,1
18464,1
18467,1
18468,1
18470,1
18473,3
18474,2
18477,1
18484,1
18486,1
18487,1
18489,2
18493,1
18496,1
18502,1
18503,1
18505,2
18508,1
18516,1
18518,1
18521,1
18522,1
18525,1
18538,1
18541,1
18547,1
18553,1
18560,3
18563,1
18564,1
18566,1
18569,1
18570,2
18573,2
18583,1
18586,1
18592,2
18602,2
18605,1
18608,1
18614,1
18627,2
18636,1
18637,1
18640,1
18647,1
18656,2
18660,1
18668,1
18678,1
18679,1
18682,1
18688,1
18691,1
18694,1
18698,2
18700,1
18704,1
18707,1
18720,1
18736,1
18745,1
18746,1
18752,2
18765,1
18768,1
18771,1
18775,1
18777,1
18784,3
18796,1
18819,1
18825,1
18832,2
18835,2
18838,1
18839,1
18845,1
18848,1
18857,1
18861,2
18873,1
18880,1
18883,1
18889,1
18893,1
18918,1
18921,1
18928,1
18934,1
18937,2
18944,3
18950,1
18956,1
18957,1
18976,1
18986,1
18995,1
18998,1
19001,1
19002,2
19004,1
19014,3
19017,1
19021,1
19024,1
19034,1
19036,1
19037,2
19040,1
19043,1
19053,1
19056,1
19069,1
19078,1
19079,1
19085,2
19088,1
19091,2
19095,2
19104,1
19114,2
19130,1
19142,1
19152,1
19158,1
19178,1
19181,1
19187,2
19213,1
19216,1
19226,1
19228,1
19235,1
19242,1
19251,1
19255,1
19258,1
19271,2
19280,2
19290,1
19299,1
19302,1
19303,1
19309,1
19318,1
19322,2
19335,1
19341,1
19344,3
19348,1
19354,1
19360,2
19363,1
19376,1
19379,2
19389,1
19398,1
19399,1
19405,2
19408,1
19411,1
19417,1
19424,1
19430,1
19437,1
19453,1
19460,1
19492,1
19498,1
19500,1
19501,1
19504,2
19513,1
19514,1
19539,1
19562,1
19565,1
19575,1
19581,1
19590,1
19593,2
19600,1
19603,1
19619,2
19622,1
19625,1
19632,1
19638,1
19642,1
19654,1
19660,1
19667,1
19671,1
19680,1
19686,1
19693,1
19696,1
19724,1
19735,1
19738,1
19747,1
19792,1
19798,1
19801,1
19815,1
19817,1
19821,3
19837,1
19846,1
19849,1
19885,1
19894,1
19904,2
19910,1
19911,1
19917,1
19926,1
19930,1
19959,1
19965,2
19980,1
19984,1
20000,1
20032,1
20039,1
20044,1
20045,1
20054,1
20055,2
20058,1
20064,1
20080,1
20096,1
20105,1
20109,2
20122,1
20125,1
20141,1
20160,1
20163,1
20166,1
20167,1
20176,1
20179,1
20192,2
20198,1
20224,1
20243,1
20259,1
20272,1
20276,1
20279,1
20281,1
20282,1
20285,1
20288,1
20304,2
20310,1
20314,1
20317,1
20339,1
20346,1
20349,1
20355,1
20384,1
20403,1
20413,1
20435,2
20436,1
20448,1
20464,1
20467,1
20471,1
20474,1
20477,1
20484,1
20486,1
20490,1
20496,1
20505,1
20506,2
20509,1
20512,1
20515,1
20532,1
20537,2
20544,2
20547,1
20553,1
20554,1
20583,1
20589,1
20592,1
20595,1
20598,1
20605,1
20621,1
20624,1
20653,1
20656,1
20660,1
20669,1
20691,1
20704,1
20711,1
20717,1
20720,1
20730,1
20736,1
20743,1
20780,1
20781,1
20832,1
20857,1
20864,1
20871,1
20896,1
20909,1
20934,1
20935,1
20992,1
21008,2
21015,1
21021,1
21034,1
21063,1
21072,1
21101,1
21117,1
21139,1
21148,1
21175,1
21225,1
21228,2
21229,1
21258,1
21264,1
21267,1
21276,1
21334,1
21347,1
21360,1
21428,1
21465,1
21562,1
21636,1
21683,1
21725,1
21741,1
21764,1
21904,1
21907,1
21991,1
22048,1
22054,1
22125,1
22201,1
22250,1
22368,1
22390,1
22445,1
22464,1
22492,1
22519,1
22586,1
22617,1
22675,1
22711,1
22720,1
22727,1
22739,1
22807,1
22861,1
22960,1
22969,1
23031,1
23047,1
23251,1
23319,1
23341,1
23523,1
23536,1
23751,1
23792,1
23808,1
23815,1
23817,1
23821,1
24086,1
24093,1
24131,1
24410,1
24413,1
24480,1
24496,1
24518,1
24595,1
24676,1
24788,1
24790,1
24838,1
24989,1
24999,1
25116,1
25129,1
25411,1
25460,1
25517,1
25827,1
25949,1
26650,1
26873,1
26976,1
27110,1
28474,1
28637,1
28950,1
29782,1
30051,1
30054,1
30157,1
30512,1
31168,1
31722,1
34762,1
37030,1
37523,1
37527,1
38701,1
40957,1
42208,1
43316,1
44233,1
44633,1
46214,1
47684,1
49267,1
49968,1
50864,1
52967,1
54326,1
56189,1
56416,1
57453,1
57639,1
58221,1
59495,1
59639,1
59773,1
61504,1
65510,1
70016,1
70682,1
71398,1
71875,1
73357,1
75773,1
77817,1
78163,1
78541,1
79226,1
81437,1
83082,1
84781,1
85322,1
86899,1
89581,1
94938,1
95930,1
97117,1
99037,1
99187,1
99907,1
102413,1
104893,1
105034,1
106042,1
107130,1
112864,1
112880,1
113754,1
116429,1
120893,1
124557,1
127216,1
132826,1
133273,1
133296,1
134768,1
136077,1
139027,1
140409,1
143328,1
144106,1
144343,1
145341,1
145552,1
147091,1
147200,1
149997,1
150781,1
153853,1
160320,1
161184,1
162960,1
167808,1
168864,1
169072,1
169226,1
169251,1
169773,1
180048,1
181034,1
183130,1
183654,1
184957,1
185785,1
188640,1
195481,1
196004,1
196077,1
196656,1
196780,1
197408,1
198579,1
200752,1
202432,1
202470,1
205750,1
208000,1
211290,1
213827,1
214925,1
216861,1
224013,1
224445,1
225433,1
229104,1
230071,1
231001,1
234247,1
243651,1
246070,1
253328,1
266266,1
290944,1
298784,1
298970,1
304243,1
305008,1
307072,1
314409,1
323270,1
325735,1
328057,1
335651,1
340253,1
340614,1
357722,1
379907,1
385136,1
398006,1
398912,1
405376,1
410304,1
414320,1
414637,1
415299,1
430681,1
441718,1
445402,1
446362,1
451875,1
458118,1
459712,1
464461,1
486025,1
489213,1
495981,1
500656,1
514295,1
517862,1
522902,1
524451,1
533514,1
535968,1
547616,1
560157,1
563744,1
573993,1
609401,1
613504,1
613930,1
635325,1
645830,1
789367,1
1287123,1
2016327,1
5961987,1
8197920,1
