# Samples: 123654, Average: 38255.9 ns, StdDev: 11458.3 ns, Quartiles: 36579.0/37766.0/39085.0 ns
26855,1
28179,1
31741,1
31776,1
31974,1
32023,1
32039,1
32153,1
32173,1
32208,1
32237,1
32250,1
32301,1
32333,1
32419,1
32509,1
32519,1
32525,1
32528,1
32551,1
32608,1
32612,1
32640,1
32663,1
32665,1
32666,1
32758,1
32774,1
32829,1
32845,1
32855,1
32857,1
32880,1
32909,1
32915,1
32963,1
32973,1
32976,1
32986,1
32998,2
33021,1
33024,2
33047,1
33056,1
33069,1
33072,1
33098,1
33101,1
33104,1
33107,1
33111,1
33114,1
33117,1
33120,1
33146,1
33152,1
33164,1
33168,1
33181,1
33197,1
33209,1
33216,1
33219,1
33244,2
33248,1
33260,1
33261,2
33267,1
33268,1
33274,1
33277,1
33280,1
33283,1
33287,1
33302,1
33305,2
33312,2
33315,1
33318,1
33354,1
33363,1
33369,1
33373,1
33382,1
33389,1
33395,2
33396,1
33398,1
33402,1
33405,2
33414,2
33420,1
33421,1
33424,1
33427,2
33430,3
33440,2
33446,1
33447,1
33453,2
33466,1
33469,1
33472,1
33482,1
33484,1
33485,1
33494,1
33495,1
33504,1
33510,2
33511,1
33513,1
33517,1
33524,1
33526,1
33527,2
33529,1
33533,1
33545,2
33546,1
33549,1
33552,1
33555,1
33558,2
33565,2
33571,2
33574,1
33575,1
33577,1
33578,1
33590,1
33594,1
33603,1
33604,2
33606,1
33609,1
33613,2
33616,3
33619,4
33620,1
33622,1
33639,1
33641,1
33642,1
33651,2
33654,1
33657,1
33658,3
33661,1
33664,3
33667,1
33670,1
33673,2
33677,1
33680,1
33683,2
33684,1
33689,2
33690,1
33693,1
33696,1
33699,1
33702,1
33703,1
33709,1
33712,4
33715,2
33721,2
33725,2
33731,1
33732,1
33734,1
33741,2
33744,2
33747,2
33750,1
33753,1
33754,2
33757,1
33760,1
33763,1
33766,2
33767,1
33770,1
33773,1
33776,3
33779,1
33780,1
33789,1
33792,1
33795,3
33799,1
33802,1
33805,1
33808,1
33815,1
33817,2
33821,1
33824,1
33827,1
33828,2
33830,1
33833,1
33834,1
33837,2
33840,5
33843,1
33846,4
33849,3
33850,1
33856,1
33859,1
33860,1
33862,1
33866,2
33869,2
33872,1
33875,1
33878,1
33879,1
33881,2
33882,2
33885,2
33888,1
33891,1
33892,1
33895,1
33901,3
33904,3
33907,5
33910,1
33914,1
33917,3
33920,6
33923,2
33926,2
33927,1
33933,1
33936,3
33939,2
33942,4
33943,1
33945,1
33946,2
33949,2
33952,3
33955,1
33958,1
33962,1
33968,3
33971,1
33972,1
33978,3
33981,1
33987,1
33990,5
33991,2
33994,3
33996,1
33997,2
34000,3
34003,1
34006,1
34007,1
34009,1
34010,1
34013,3
34016,1
34019,1
34020,1
34022,5
34023,3
34028,1
34032,7
34035,4
34038,1
34041,3
34042,1
34044,2
34045,2
34048,3
34051,2
34054,1
34055,4
34057,1
34058,1
34060,1
34061,1
34064,1
34067,3
34070,2
34071,1
34073,1
34074,3
34076,2
34077,1
34080,4
34083,1
34086,2
34087,2
34089,1
34090,2
34092,1
34093,3
34096,6
34099,5
34100,1
34102,1
34103,3
34105,1
34106,1
34108,1
34109,3
34112,4
34115,3
34116,1
34118,4
34122,4
34124,3
34125,1
34128,1
34131,3
34132,1
34134,1
34135,3
34137,2
34138,4
34141,4
34144,2
34147,2
34148,2
34151,3
34153,1
34154,3
34156,1
34157,2
34163,2
34164,1
34166,1
34167,3
34170,1
34172,2
34173,2
34176,1
34179,1
34182,4
34183,5
34186,3
34189,2
34192,3
34195,6
34196,1
34198,2
34199,1
34201,2
34202,1
34204,1
34205,2
34208,6
34211,4
34214,4
34215,1
34218,2
34220,2
34221,1
34224,3
34227,3
34228,1
34230,2
34231,1
34233,3
34234,1
34236,2
34237,4
34240,5
34243,3
34244,2
34246,4
34247,1
34249,1
34250,1
34252,3
34253,2
34256,1
34259,3
34262,1
34263,4
34265,2
34266,5
34272,4
34275,1
34276,1
34278,1
34279,4
34281,1
34282,1
34285,6
34288,10
34292,1
34294,1
34295,2
34297,2
34298,3
34300,1
34301,6
34304,4
34307,2
34308,2
34310,1
34313,2
34314,3
34317,6
34320,5
34323,2
34324,3
34326,1
34327,1
34329,3
34330,2
34333,4
34336,3
34339,5
34340,1
34342,4
34345,3
34346,2
34348,2
34349,5
34352,3
34355,3
34356,1
34358,2
34359,2
34361,1
34362,4
34364,1
34365,8
34368,4
34371,1
34372,1
34374,5
34375,5
34377,3
34378,3
34380,1
34381,6
34384,6
34387,2
34388,2
34390,3
34391,1
34393,4
34394,4
34396,1
34397,3
34400,7
34403,7
34404,2
34406,10
34407,3
34409,3
34410,2
34413,9
34416,6
34419,5
34420,1
34422,1
34423,1
34425,1
34426,3
34428,1
34429,7
34432,9
34435,4
34439,3
34441,3
34442,2
34445,6
34448,6
34451,4
34452,2
34454,1
34457,3
34458,4
34460,1
34461,7
34464,7
34467,4
34468,1
34470,8
34471,1
34473,2
34474,4
34476,3
34477,4
34480,9
34483,6
34486,8
34487,3
34489,2
34490,4
34492,1
34493,6
34496,8
34499,7
34502,8
34503,4
34505,3
34506,4
34509,4
34512,8
34515,6
34518,4
34519,1
34521,3
34522,4
34525,6
34528,7
34531,9
34534,8
34535,3
34537,3
34538,2
34540,1
34541,8
34544,11
34547,9
34548,2
34550,6
34551,5
34553,3
34554,6
34556,3
34557,10
34560,4
34563,5
34564,2
34566,5
34567,4
34569,3
34570,10
34572,3
34573,8
34576,13
34579,4
34580,3
34582,4
34583,2
34585,3
34586,9
34589,15
34592,7
34595,5
34596,1
34598,5
34599,7
34601,2
34602,1
34605,8
34608,11
34611,9
34612,4
34614,5
34615,4
34617,4
34618,4
34620,2
34621,12
34624,11
34627,6
34628,1
34630,4
34631,2
34633,3
34634,7
34636,1
34637,14
34640,12
34643,7
34646,13
34647,9
34649,3
34650,6
34652,1
34653,6
34656,14
34659,11
34660,4
34662,6
34663,7
34665,2
34666,13
34668,2
34669,9
34672,9
34675,10
34676,1
34678,6
34679,5
34681,8
34682,8
34684,3
34685,5
34688,14
34691,13
34692,5
34694,7
34695,2
34697,7
34698,4
34700,3
34701,16
34704,11
34707,16
34708,1
34710,8
34711,5
34713,6
34714,8
34717,15
34720,17
34723,16
34724,3
34726,12
34727,5
34729,7
34730,7
34732,2
34733,14
34736,15
34739,19
34740,3
34742,8
34743,6
34745,6
34746,7
34748,4
34749,11
34752,26
34755,8
34756,3
34758,8
34759,10
34761,7
34762,11
34764,4
34765,12
34768,10
34771,16
34772,4
34774,8
34775,4
34777,9
34778,19
34780,4
34781,11
34784,17
34787,10
34788,2
34790,11
34791,6
34793,6
34794,9
34796,1
34797,10
34800,22
34803,10
34804,4
34806,15
34807,4
34809,11
34810,11
34812,4
34813,17
34816,14
34819,18
34820,3
34822,12
34823,6
34825,6
34826,13
34828,4
34829,9
34832,20
34835,14
34836,3
34838,11
34839,7
34841,3
34842,16
34844,2
34845,8
34848,16
34851,13
34852,3
34854,13
34855,11
34857,7
34858,18
34860,7
34861,17
34864,24
34867,16
34868,4
34870,12
34871,8
34873,9
34874,12
34876,6
34877,17
34880,20
34883,18
34884,3
34886,10
34887,5
34889,9
34890,6
34892,2
34893,19
34896,19
34899,24
34900,2
34902,8
34903,6
34905,6
34906,7
34908,4
34909,28
34912,25
34915,12
34916,6
34918,13
34919,9
34921,4
34922,16
34924,8
34925,23
34928,18
34931,20
34932,3
34934,9
34935,12
34937,6
34938,13
34940,4
34941,16
34944,26
34947,23
34948,2
34950,11
34951,7
34953,13
34954,14
34956,2
34957,17
34960,16
34963,21
34964,3
34966,19
34967,6
34969,11
34970,16
34972,1
34973,18
34976,28
34979,21
34980,7
34982,18
34983,14
34985,9
34986,9
34988,2
34989,23
34992,26
34995,26
34996,6
34998,18
34999,12
35001,13
35002,9
35004,7
35005,17
35008,26
35011,20
35012,6
35014,10
35015,15
35017,8
35018,12
35020,9
35021,29
35024,29
35027,23
35028,7
35030,18
35031,12
35033,11
35034,14
35036,5
35037,12
35040,33
35043,17
35044,10
35046,21
35047,14
35049,9
35050,11
35052,2
35053,30
35056,28
35059,21
35060,7
35062,17
35063,13
35065,12
35066,17
35068,3
35069,22
35072,26
35075,22
35076,7
35078,12
35079,11
35081,7
35082,18
35084,5
35085,23
35088,27
35091,17
35092,2
35094,18
35095,7
35097,10
35098,23
35100,9
35101,25
35104,39
35107,20
35108,5
35110,12
35111,13
35113,9
35114,18
35116,4
35117,24
35120,27
35123,21
35124,5
35126,19
35127,19
35129,14
35130,17
35132,8
35133,27
35136,34
35139,26
35140,7
35142,19
35143,17
35145,6
35146,23
35148,10
35149,33
35152,30
35155,13
35156,13
35158,11
35159,12
35161,13
35162,13
35164,6
35165,16
35168,29
35171,23
35172,10
35174,20
35175,11
35177,8
35178,21
35180,8
35181,25
35184,24
35187,21
35188,10
35190,18
35191,14
35193,9
35194,20
35196,4
35197,26
35200,42
35203,20
35204,2
35206,20
35207,9
35209,11
35210,16
35212,1
35213,30
35216,37
35219,29
35220,15
35222,12
35223,11
35225,14
35226,27
35228,2
35229,21
35232,37
35235,33
35236,5
35238,25
35239,17
35241,9
35242,21
35244,3
35245,34
35248,30
35251,31
35252,10
35254,22
35255,18
35257,16
35258,20
35260,2
35261,24
35264,43
35267,31
35268,3
35270,20
35271,13
35273,19
35274,20
35276,3
35277,31
35280,40
35283,35
35284,12
35286,20
35287,15
35289,10
35290,22
35292,6
35293,37
35296,29
35299,30
35300,4
35302,30
35303,17
35305,18
35306,25
35308,10
35309,29
35312,46
35315,30
35316,9
35318,20
35319,15
35321,14
35322,20
35324,2
35325,32
35328,30
35331,31
35332,7
35334,25
35335,18
35337,16
35338,14
35340,11
35341,21
35344,31
35347,25
35348,12
35350,18
35351,13
35353,12
35354,26
35356,10
35357,28
35360,40
35363,28
35364,8
35366,21
35367,11
35369,14
35370,30
35372,11
35373,33
35376,35
35379,42
35380,6
35382,23
35383,21
35385,19
35386,29
35388,5
35389,28
35392,38
35395,31
35396,3
35398,25
35399,11
35401,11
35402,18
35404,2
35405,35
35408,42
35411,31
35412,8
35414,20
35415,17
35417,16
35418,20
35420,9
35421,23
35424,45
35427,25
35428,7
35430,33
35431,13
35433,21
35434,23
35436,5
35437,39
35440,40
35443,42
35444,9
35446,19
35447,10
35449,17
35450,24
35452,6
35453,38
35456,45
35459,33
35460,14
35462,25
35463,17
35465,22
35466,26
35468,6
35469,28
35472,41
35475,35
35476,7
35478,30
35479,13
35481,19
35482,27
35484,8
35485,49
35488,39
35491,24
35492,5
35494,31
35495,18
35497,19
35498,30
35500,9
35501,26
35504,44
35507,33
35508,10
35510,29
35511,18
35513,17
35514,24
35516,14
35517,33
35520,28
35523,31
35524,9
35526,15
35527,17
35529,13
35530,25
35532,5
35533,44
35536,38
35539,35
35540,4
35542,26
35543,17
35545,20
35546,28
35548,12
35549,29
35552,49
35555,45
35556,14
35558,32
35559,17
35561,19
35562,29
35564,11
35565,29
35568,47
35571,39
35572,7
35574,22
35575,9
35577,18
35578,26
35580,6
35581,37
35584,53
35587,33
35588,7
35590,37
35591,14
35593,9
35594,24
35596,11
35597,39
35600,51
35603,31
35604,8
35606,26
35607,19
35609,13
35610,27
35612,11
35613,24
35616,38
35619,39
35620,5
35622,24
35623,15
35625,18
35626,23
35628,10
35629,47
35632,44
35635,44
35636,13
35638,37
35639,16
35641,18
35642,28
35644,11
35645,43
35648,38
35651,30
35652,8
35654,34
35655,22
35657,26
35658,27
35660,8
35661,41
35664,43
35667,49
35668,8
35670,20
35671,22
35673,22
35674,35
35676,7
35677,29
35680,52
35683,33
35684,11
35686,33
35687,26
35689,16
35690,30
35692,7
35693,36
35696,54
35699,36
35700,15
35702,49
35703,13
35705,23
35706,39
35708,15
35709,29
35712,50
35715,46
35716,8
35718,23
35719,12
35721,16
35722,24
35724,10
35725,41
35728,59
35731,41
35732,9
35734,26
35735,24
35737,18
35738,39
35740,8
35741,32
35744,49
35747,46
35748,10
35750,22
35751,22
35753,24
35754,33
35756,13
35757,48
35760,55
35763,54
35764,8
35766,32
35767,19
35769,22
35770,39
35772,11
35773,35
35776,66
35779,38
35780,11
35782,34
35783,25
35785,16
35786,30
35788,16
35789,45
35792,50
35795,56
35796,15
35798,35
35799,31
35801,21
35802,31
35804,8
35805,38
35808,59
35811,36
35812,17
35814,33
35815,31
35817,21
35818,31
35820,13
35821,48
35824,49
35827,37
35828,10
35830,39
35831,19
35833,25
35834,31
35836,13
35837,52
35840,54
35843,56
35844,12
35846,35
35847,29
35849,22
35850,32
35852,8
35853,52
35856,48
35859,53
35860,14
35862,27
35863,23
35865,23
35866,36
35868,8
35869,38
35872,54
35875,51
35876,8
35878,37
35879,28
35881,23
35882,37
35884,14
35885,42
35888,56
35891,55
35892,16
35894,33
35895,23
35897,22
35898,24
35900,7
35901,43
35904,66
35907,53
35908,7
35910,43
35911,20
35913,19
35914,33
35916,16
35917,46
35920,50
35923,60
35924,15
35926,35
35927,28
35929,26
35930,38
35932,12
35933,41
35936,67
35939,54
35940,19
35942,43
35943,21
35945,27
35946,42
35948,16
35949,52
35952,56
35955,52
35956,10
35958,45
35959,18
35961,30
35962,36
35964,9
35965,50
35968,72
35971,41
35972,13
35974,34
35975,36
35977,21
35978,29
35980,15
35981,59
35984,73
35987,62
35988,10
35990,33
35991,18
35993,31
35994,44
35996,19
35997,61
36000,64
36003,59
36004,16
36006,52
36007,39
36009,34
36010,35
36012,10
36013,55
36016,69
36019,65
36020,15
36022,31
36023,21
36025,33
36026,39
36028,24
36029,55
36032,84
36035,51
36036,10
36038,33
36039,23
36041,22
36042,34
36044,14
36045,46
36048,67
36051,53
36052,9
36054,42
36055,35
36057,29
36058,46
36060,9
36061,47
36064,70
36067,62
36068,9
36070,46
36071,39
36073,20
36074,43
36076,23
36077,59
36080,71
36083,53
36084,27
36086,36
36087,35
36089,32
36090,40
36092,10
36093,40
36096,71
36099,52
36100,21
36102,43
36103,28
36105,31
36106,35
36108,15
36109,72
36112,60
36115,55
36116,12
36118,44
36119,36
36121,20
36122,42
36124,14
36125,59
36128,69
36131,39
36132,17
36134,46
36135,23
36137,29
36138,58
36140,14
36141,63
36144,68
36147,59
36148,21
36150,41
36151,28
36153,31
36154,42
36156,10
36157,70
36160,90
36163,69
36164,13
36166,48
36167,26
36169,21
36170,48
36172,19
36173,52
36176,69
36179,58
36180,19
36182,32
36183,23
36185,35
36186,49
36188,11
36189,51
36192,83
36195,58
36196,16
36198,44
36199,29
36201,35
36202,42
36204,20
36205,63
36208,76
36211,57
36212,12
36214,35
36215,29
36217,43
36218,43
36220,14
36221,61
36224,79
36227,58
36228,13
36230,46
36231,39
36233,25
36234,51
36236,17
36237,62
36240,60
36243,55
36244,17
36246,44
36247,30
36249,30
36250,55
36252,16
36253,45
36256,76
36259,47
36260,12
36262,41
36263,29
36265,25
36266,48
36268,20
36269,58
36272,71
36275,55
36276,15
36278,46
36279,29
36281,35
36282,44
36284,18
36285,55
36288,82
36291,54
36292,13
36294,47
36295,39
36297,31
36298,38
36300,16
36301,59
36304,65
36307,64
36308,18
36310,39
36311,32
36313,20
36314,43
36316,14
36317,48
36320,84
36323,44
36324,16
36326,56
36327,28
36329,26
36330,41
36332,25
36333,65
36336,72
36339,49
36340,17
36342,39
36343,36
36345,36
36346,50
36348,12
36349,74
36352,91
36355,61
36356,17
36358,46
36359,27
36361,30
36362,40
36364,12
36365,76
36368,62
36371,64
36372,22
36374,48
36375,27
36377,29
36378,54
36380,16
36381,63
36384,103
36387,62
36388,22
36390,57
36391,45
36393,25
36394,44
36396,24
36397,62
36400,75
36403,72
36404,14
36406,42
36407,32
36409,30
36410,49
36412,18
36413,61
36416,87
36419,61
36420,20
36422,46
36423,36
36425,25
36426,57
36428,13
36429,55
36432,68
36435,61
36436,17
36438,44
36439,34
36441,33
36442,66
36444,15
36445,56
36448,81
36451,69
36452,13
36454,54
36455,33
36457,25
36458,41
36460,10
36461,58
36464,77
36467,66
36468,16
36470,63
36471,31
36473,43
36474,46
36476,17
36477,66
36480,93
36483,55
36484,14
36486,45
36487,24
36489,22
36490,50
36492,14
36493,81
36496,86
36499,59
36500,16
36502,50
36503,31
36505,25
36506,55
36508,13
36509,67
36512,86
36515,58
36516,23
36518,29
36519,30
36521,31
36522,61
36524,16
36525,65
36528,85
36531,72
36532,15
36534,47
36535,36
36537,22
36538,50
36540,17
36541,64
36544,83
36547,60
36548,12
36550,66
36551,42
36553,34
36554,43
36556,15
36557,73
36560,84
36563,68
36564,20
36566,59
36567,41
36569,35
36570,53
36572,15
36573,65
36576,91
36579,60
36580,22
36582,54
36583,28
36585,32
36586,38
36588,15
36589,63
36592,73
36595,72
36596,26
36598,43
36599,35
36601,39
36602,49
36604,7
36605,62
36608,107
36611,69
36612,17
36614,59
36615,43
36617,20
36618,50
36620,12
36621,58
36624,76
36627,71
36628,18
36630,45
36631,27
36633,30
36634,46
36636,24
36637,52
36640,101
36643,67
36644,18
36646,35
36647,40
36649,30
36650,44
36652,18
36653,68
36656,66
36659,53
36660,17
36662,50
36663,24
36665,28
36666,45
36668,14
36669,58
36672,80
36675,66
36676,14
36678,61
36679,42
36681,27
36682,52
36684,12
36685,69
36688,74
36691,64
36692,20
36694,52
36695,34
36697,46
36698,59
36700,21
36701,63
36704,73
36707,55
36708,13
36710,60
36711,35
36713,40
36714,41
36716,23
36717,75
36720,90
36723,75
36724,16
36726,47
36727,36
36729,24
36730,48
36732,19
36733,53
36736,111
36739,64
36740,11
36742,47
36743,31
36745,37
36746,53
36748,20
36749,66
36752,86
36755,67
36756,13
36758,45
36759,32
36761,41
36762,53
36764,22
36765,64
36768,85
36771,68
36772,16
36774,61
36775,34
36777,40
36778,45
36780,22
36781,67
36784,78
36787,82
36788,12
36790,42
36791,30
36793,32
36794,46
36796,14
36797,57
36800,77
36803,68
36804,17
36806,45
36807,28
36809,34
36810,56
36812,13
36813,67
36816,80
36819,59
36820,17
36822,34
36823,17
36825,34
36826,46
36828,16
36829,61
36832,86
36835,56
36836,16
36838,52
36839,28
36841,39
36842,55
36844,18
36845,79
36848,67
36851,53
36852,23
36854,40
36855,32
36857,39
36858,58
36860,16
36861,56
36864,89
36867,48
36868,19
36870,52
36871,38
36873,30
36874,51
36876,19
36877,62
36880,81
36883,74
36884,20
36886,54
36887,30
36889,40
36890,52
36892,18
36893,75
36896,86
36899,75
36900,24
36902,53
36903,42
36905,36
36906,45
36908,18
36909,55
36912,64
36915,75
36916,17
36918,52
36919,29
36921,33
36922,61
36924,10
36925,73
36928,77
36931,62
36932,17
36934,49
36935,38
36937,35
36938,44
36940,17
36941,75
36944,69
36947,59
36948,13
36950,57
36951,41
36953,33
36954,46
36956,12
36957,54
36960,79
36963,67
36964,12
36966,49
36967,24
36969,36
36970,45
36972,20
36973,62
36976,76
36979,93
36980,20
36982,60
36983,27
36985,34
36986,52
36988,20
36989,65
36992,85
36995,67
36996,14
36998,57
36999,32
37001,22
37002,55
37004,17
37005,87
37008,64
37011,68
37012,13
37014,36
37015,26
37017,28
37018,49
37020,13
37021,77
37024,96
37027,71
37028,20
37030,61
37031,34
37033,43
37034,40
37036,8
37037,63
37040,72
37043,59
37044,13
37046,48
37047,36
37049,38
37050,56
37052,14
37053,70
37056,94
37059,64
37060,19
37062,52
37063,35
37065,39
37066,49
37068,19
37069,75
37072,78
37075,75
37076,20
37078,51
37079,34
37081,40
37082,66
37084,18
37085,63
37088,76
37091,79
37092,19
37094,58
37095,38
37097,33
37098,43
37100,23
37101,72
37104,86
37107,73
37108,17
37110,51
37111,40
37113,23
37114,48
37116,10
37117,73
37120,90
37123,66
37124,12
37126,41
37127,42
37129,34
37130,46
37132,23
37133,74
37136,83
37139,75
37140,17
37142,45
37143,46
37145,26
37146,63
37148,19
37149,71
37152,80
37155,75
37156,17
37158,50
37159,49
37161,27
37162,45
37164,14
37165,78
37168,72
37171,64
37172,15
37174,56
37175,35
37177,36
37178,60
37180,17
37181,82
37184,69
37187,84
37188,12
37190,45
37191,37
37193,19
37194,44
37196,16
37197,73
37200,87
37203,78
37204,13
37206,49
37207,36
37209,37
37210,59
37212,20
37213,76
37216,89
37219,64
37220,14
37222,46
37223,32
37225,35
37226,38
37228,24
37229,79
37232,78
37235,79
37236,18
37238,50
37239,19
37241,36
37242,49
37244,14
37245,70
37248,97
37251,82
37252,14
37254,49
37255,42
37257,29
37258,49
37260,20
37261,67
37264,86
37267,69
37268,21
37270,50
37271,29
37273,34
37274,59
37276,16
37277,56
37280,98
37283,67
37284,18
37286,45
37287,38
37289,34
37290,47
37292,14
37293,81
37296,72
37299,73
37300,21
37302,46
37303,34
37305,27
37306,59
37308,20
37309,66
37312,93
37315,63
37316,15
37318,70
37319,31
37321,24
37322,48
37324,22
37325,75
37328,95
37331,61
37332,16
37334,42
37335,23
37337,21
37338,53
37340,12
37341,69
37344,75
37347,83
37348,10
37350,57
37351,27
37353,35
37354,55
37356,20
37357,71
37360,88
37363,62
37364,17
37366,51
37367,25
37369,39
37370,60
37372,13
37373,60
37376,84
37379,72
37380,12
37382,56
37383,41
37385,32
37386,51
37388,12
37389,80
37392,73
37395,72
37396,16
37398,37
37399,28
37401,36
37402,45
37404,19
37405,73
37408,101
37411,59
37412,21
37414,65
37415,40
37417,29
37418,42
37420,15
37421,75
37424,72
37427,86
37428,16
37430,44
37431,29
37433,49
37434,48
37436,7
37437,68
37440,79
37443,50
37444,21
37446,48
37447,40
37449,31
37450,32
37452,13
37453,56
37456,89
37459,72
37460,16
37462,37
37463,35
37465,34
37466,37
37468,17
37469,53
37472,72
37475,60
37476,19
37478,53
37479,37
37481,32
37482,44
37484,11
37485,69
37488,76
37491,65
37492,21
37494,57
37495,27
37497,39
37498,43
37500,22
37501,50
37504,84
37507,64
37508,17
37510,63
37511,35
37513,36
37514,52
37516,21
37517,76
37520,80
37523,63
37524,18
37526,47
37527,28
37529,21
37530,52
37532,19
37533,62
37536,105
37539,77
37540,10
37542,54
37543,30
37545,29
37546,49
37548,15
37549,70
37552,76
37555,66
37556,17
37558,48
37559,38
37561,41
37562,45
37564,14
37565,64
37568,102
37571,50
37572,19
37574,56
37575,36
37577,31
37578,50
37580,19
37581,58
37584,95
37587,86
37588,29
37590,42
37591,35
37593,43
37594,49
37596,15
37597,69
37600,74
37603,59
37604,18
37606,32
37607,36
37609,31
37610,32
37612,25
37613,71
37616,71
37619,68
37620,21
37622,47
37623,35
37625,36
37626,49
37628,14
37629,58
37632,71
37635,59
37636,18
37638,41
37639,42
37641,34
37642,46
37644,15
37645,71
37648,80
37651,58
37652,18
37654,47
37655,45
37657,26
37658,62
37660,15
37661,55
37664,101
37667,56
37668,14
37670,63
37671,44
37673,35
37674,52
37676,19
37677,56
37680,70
37683,87
37684,16
37686,50
37687,45
37689,46
37690,53
37692,13
37693,70
37696,75
37699,65
37700,12
37702,37
37703,31
37705,21
37706,44
37708,22
37709,70
37712,90
37715,66
37716,21
37718,51
37719,35
37721,32
37722,47
37724,18
37725,66
37728,98
37731,46
37732,14
37734,50
37735,32
37737,28
37738,41
37740,20
37741,75
37744,65
37747,62
37748,18
37750,67
37751,36
37753,32
37754,50
37756,12
37757,66
37760,82
37763,75
37764,15
37766,52
37767,29
37769,35
37770,41
37772,20
37773,59
37776,77
37779,73
37780,15
37782,46
37783,34
37785,24
37786,55
37788,14
37789,68
37792,76
37795,65
37796,15
37798,61
37799,19
37801,41
37802,46
37804,16
37805,66
37808,70
37811,87
37812,22
37814,52
37815,42
37817,29
37818,57
37820,12
37821,63
37824,95
37827,52
37828,17
37830,52
37831,27
37833,22
37834,49
37836,16
37837,69
37840,84
37843,58
37844,15
37846,43
37847,35
37849,31
37850,42
37852,16
37853,65
37856,81
37859,56
37860,16
37862,57
37863,28
37865,38
37866,47
37868,18
37869,76
37872,78
37875,80
37876,18
37878,51
37879,28
37881,42
37882,53
37884,9
37885,78
37888,77
37891,59
37892,8
37894,58
37895,26
37897,28
37898,41
37900,13
37901,72
37904,80
37907,71
37908,15
37910,45
37911,30
37913,29
37914,51
37916,14
37917,64
37920,86
37923,64
37924,9
37926,56
37927,41
37929,30
37930,38
37932,18
37933,51
37936,98
37939,70
37940,13
37942,43
37943,28
37945,30
37946,55
37948,9
37949,75
37952,66
37955,58
37956,18
37958,52
37959,37
37961,30
37962,51
37964,18
37965,57
37968,71
37971,69
37972,20
37974,43
37975,30
37977,50
37978,46
37980,18
37981,61
37984,78
37987,63
37988,14
37990,42
37991,27
37993,27
37994,53
37996,21
37997,67
38000,75
38003,58
38004,17
38006,44
38007,37
38009,31
38010,45
38012,19
38013,64
38016,98
38019,63
38020,13
38022,37
38023,37
38025,40
38026,58
38028,20
38029,50
38032,84
38035,77
38036,11
38038,39
38039,29
38041,38
38042,46
38044,16
38045,64
38048,78
38051,64
38052,12
38054,49
38055,35
38057,26
38058,38
38060,11
38061,79
38064,74
38067,66
38068,19
38070,46
38071,29
38073,31
38074,43
38076,18
38077,53
38080,69
38083,44
38084,20
38086,50
38087,28
38089,29
38090,55
38092,15
38093,64
38096,84
38099,54
38100,19
38102,45
38103,39
38105,39
38106,56
38108,14
38109,61
38112,79
38115,79
38116,13
38118,59
38119,25
38121,22
38122,44
38124,12
38125,64
38128,74
38131,68
38132,10
38134,40
38135,29
38137,32
38138,35
38140,15
38141,64
38144,98
38147,67
38148,12
38150,48
38151,25
38153,26
38154,56
38156,16
38157,49
38160,83
38163,57
38164,19
38166,46
38167,25
38169,38
38170,41
38172,7
38173,57
38176,70
38179,61
38180,14
38182,48
38183,26
38185,26
38186,48
38188,14
38189,77
38192,87
38195,55
38196,15
38198,48
38199,24
38201,38
38202,52
38204,7
38205,69
38208,82
38211,69
38212,18
38214,41
38215,41
38217,25
38218,35
38220,17
38221,59
38224,66
38227,80
38228,18
38230,39
38231,26
38233,38
38234,47
38236,11
38237,49
38240,88
38243,55
38244,14
38246,52
38247,26
38249,26
38250,41
38252,13
38253,65
38256,68
38259,74
38260,21
38262,54
38263,25
38265,31
38266,55
38268,10
38269,59
38272,85
38275,56
38276,13
38278,59
38279,27
38281,30
38282,43
38284,17
38285,71
38288,85
38291,65
38292,18
38294,36
38295,26
38297,40
38298,50
38300,22
38301,67
38304,80
38307,52
38308,15
38310,54
38311,37
38313,35
38314,48
38316,17
38317,70
38320,60
38323,66
38324,13
38326,41
38327,29
38329,26
38330,43
38332,20
38333,62
38336,70
38339,46
38340,12
38342,50
38343,31
38345,24
38346,47
38348,14
38349,73
38352,71
38355,67
38356,12
38358,43
38359,27
38361,28
38362,50
38364,19
38365,52
38368,72
38371,53
38372,13
38374,56
38375,38
38377,23
38378,43
38380,17
38381,43
38384,74
38387,68
38388,12
38390,52
38391,34
38393,22
38394,40
38396,13
38397,56
38400,74
38403,71
38404,12
38406,39
38407,36
38409,29
38410,44
38412,17
38413,65
38416,69
38419,72
38420,17
38422,48
38423,24
38425,36
38426,44
38428,16
38429,63
38432,75
38435,59
38436,12
38438,46
38439,42
38441,29
38442,33
38444,22
38445,79
38448,75
38451,72
38452,19
38454,52
38455,29
38457,35
38458,50
38460,9
38461,59
38464,66
38467,53
38468,9
38470,49
38471,37
38473,21
38474,45
38476,14
38477,70
38480,71
38483,60
38484,12
38486,42
38487,18
38489,23
38490,43
38492,22
38493,48
38496,87
38499,48
38500,16
38502,57
38503,36
38505,42
38506,50
38508,15
38509,72
38512,73
38515,71
38516,7
38518,34
38519,33
38521,25
38522,50
38524,11
38525,60
38528,81
38531,49
38532,14
38534,35
38535,28
38537,33
38538,45
38540,16
38541,60
38544,70
38547,64
38548,15
38550,41
38551,32
38553,25
38554,58
38556,19
38557,55
38560,86
38563,53
38564,11
38566,55
38567,49
38569,25
38570,44
38572,17
38573,52
38576,58
38579,55
38580,15
38582,44
38583,32
38585,23
38586,44
38588,16
38589,66
38592,71
38595,59
38596,10
38598,47
38599,23
38601,33
38602,53
38604,10
38605,52
38608,61
38611,57
38612,11
38614,31
38615,29
38617,21
38618,37
38620,7
38621,60
38624,80
38627,66
38628,18
38630,51
38631,28
38633,23
38634,39
38636,16
38637,65
38640,61
38643,51
38644,19
38646,39
38647,30
38649,34
38650,45
38652,13
38653,49
38656,66
38659,44
38660,12
38662,37
38663,33
38665,31
38666,41
38668,16
38669,61
38672,61
38675,62
38676,16
38678,43
38679,19
38681,21
38682,49
38684,16
38685,59
38688,74
38691,67
38692,13
38694,51
38695,36
38697,23
38698,33
38700,20
38701,56
38704,66
38707,50
38708,13
38710,37
38711,23
38713,27
38714,36
38716,18
38717,45
38720,84
38723,52
38724,9
38726,49
38727,29
38729,24
38730,43
38732,14
38733,63
38736,53
38739,49
38740,14
38742,30
38743,28
38745,29
38746,45
38748,12
38749,63
38752,75
38755,46
38756,17
38758,41
38759,30
38761,30
38762,36
38764,18
38765,55
38768,63
38771,58
38772,10
38774,43
38775,23
38777,28
38778,42
38780,21
38781,57
38784,71
38787,60
38788,6
38790,46
38791,30
38793,29
38794,49
38796,16
38797,64
38800,85
38803,79
38804,12
38806,34
38807,28
38809,28
38810,52
38812,11
38813,51
38816,74
38819,56
38820,19
38822,21
38823,33
38825,30
38826,37
38828,20
38829,55
38832,66
38835,44
38836,7
38838,40
38839,33
38841,31
38842,37
38844,13
38845,52
38848,75
38851,56
38852,17
38854,52
38855,34
38857,30
38858,35
38860,16
38861,61
38864,63
38867,51
38868,11
38870,35
38871,26
38873,32
38874,41
38876,16
38877,61
38880,65
38883,51
38884,14
38886,28
38887,26
38889,35
38890,32
38892,9
38893,52
38896,81
38899,55
38900,15
38902,47
38903,29
38905,31
38906,48
38908,9
38909,40
38912,86
38915,57
38916,13
38918,46
38919,26
38921,26
38922,39
38924,18
38925,44
38928,82
38931,52
38932,21
38934,53
38935,33
38937,26
38938,36
38940,14
38941,61
38944,79
38947,61
38948,8
38950,46
38951,18
38953,26
38954,42
38956,15
38957,63
38960,70
38963,58
38964,14
38966,37
38967,26
38969,33
38970,47
38972,7
38973,66
38976,82
38979,57
38980,17
38982,42
38983,30
38985,18
38986,42
38988,14
38989,63
38992,62
38995,59
38996,24
38998,26
38999,37
39001,22
39002,47
39004,14
39005,59
39008,80
39011,47
39012,15
39014,40
39015,21
39017,24
39018,43
39020,16
39021,49
39024,79
39027,53
39028,15
39030,36
39031,33
39033,39
39034,49
39036,16
39037,54
39040,84
39043,56
39044,20
39046,41
39047,31
39049,33
39050,45
39052,23
39053,51
39056,59
39059,55
39060,12
39062,37
39063,24
39065,31
39066,36
39068,9
39069,39
39072,77
39075,52
39076,12
39078,43
39079,32
39081,28
39082,29
39084,19
39085,59
39088,56
39091,56
39092,16
39094,24
39095,21
39097,27
39098,43
39100,13
39101,59
39104,80
39107,40
39108,14
39110,36
39111,40
39113,28
39114,31
39116,6
39117,65
39120,65
39123,51
39124,15
39126,44
39127,23
39129,33
39130,37
39132,12
39133,50
39136,64
39139,53
39140,17
39142,46
39143,32
39145,35
39146,40
39148,13
39149,65
39152,72
39155,66
39156,10
39158,30
39159,25
39161,29
39162,41
39164,9
39165,56
39168,64
39171,46
39172,14
39174,30
39175,24
39177,17
39178,46
39180,9
39181,60
39184,59
39187,59
39188,10
39190,41
39191,24
39193,25
39194,46
39196,14
39197,45
39200,59
39203,52
39204,9
39206,43
39207,27
39209,34
39210,31
39212,14
39213,49
39216,53
39219,50
39220,11
39222,47
39223,26
39225,29
39226,29
39228,12
39229,56
39232,70
39235,45
39236,14
39238,40
39239,29
39241,25
39242,32
39244,10
39245,49
39248,68
39251,50
39252,12
39254,46
39255,17
39257,26
39258,40
39260,16
39261,56
39264,74
39267,43
39268,10
39270,34
39271,31
39273,21
39274,36
39276,13
39277,42
39280,54
39283,60
39284,9
39286,33
39287,19
39289,25
39290,36
39292,12
39293,40
39296,68
39299,43
39300,16
39302,35
39303,29
39305,19
39306,31
39308,14
39309,44
39312,63
39315,50
39316,18
39318,26
39319,18
39321,18
39322,30
39324,13
39325,46
39328,72
39331,53
39332,11
39334,40
39335,27
39337,20
39338,36
39340,12
39341,54
39344,48
39347,42
39348,14
39350,26
39351,25
39353,24
39354,33
39356,9
39357,46
39360,79
39363,46
39364,13
39366,37
39367,18
39369,12
39370,37
39372,13
39373,39
39376,43
39379,37
39380,15
39382,35
39383,13
39385,20
39386,49
39388,13
39389,51
39392,77
39395,47
39396,10
39398,40
39399,31
39401,15
39402,31
39404,12
39405,42
39408,60
39411,52
39412,13
39414,30
39415,21
39417,25
39418,28
39420,12
39421,34
39424,59
39427,47
39428,11
39430,29
39431,27
39433,15
39434,25
39436,9
39437,56
39440,60
39443,58
39444,9
39446,39
39447,21
39449,23
39450,49
39452,5
39453,43
39456,63
39459,33
39460,13
39462,24
39463,23
39465,27
39466,30
39468,14
39469,48
39472,41
39475,56
39476,12
39478,42
39479,13
39481,21
39482,29
39484,12
39485,31
39488,60
39491,37
39492,8
39494,22
39495,17
39497,19
39498,34
39500,9
39501,51
39504,44
39507,54
39508,7
39510,26
39511,16
39513,16
39514,30
39516,5
39517,30
39520,57
39523,40
39524,5
39526,34
39527,24
39529,21
39530,20
39532,17
39533,52
39536,57
39539,45
39540,15
39542,32
39543,21
39545,24
39546,32
39548,9
39549,37
39552,56
39555,40
39556,11
39558,27
39559,24
39561,19
39562,27
39564,10
39565,50
39568,57
39571,46
39572,17
39574,31
39575,13
39577,22
39578,38
39580,8
39581,39
39584,58
39587,36
39588,8
39590,33
39591,27
39593,19
39594,27
39596,12
39597,44
39600,58
39603,41
39604,9
39606,35
39607,19
39609,19
39610,32
39612,11
39613,36
39616,63
39619,31
39620,6
39622,29
39623,17
39625,26
39626,34
39628,18
39629,36
39632,47
39635,38
39636,11
39638,32
39639,15
39641,19
39642,29
39644,8
39645,35
39648,49
39651,34
39652,11
39654,27
39655,25
39657,21
39658,27
39660,11
39661,51
39664,39
39667,40
39668,8
39670,19
39671,16
39673,21
39674,28
39676,6
39677,40
39680,53
39683,35
39684,6
39686,28
39687,22
39689,14
39690,34
39692,7
39693,43
39696,50
39699,34
39700,8
39702,20
39703,15
39705,20
39706,28
39708,5
39709,37
39712,45
39715,28
39716,3
39718,41
39719,26
39721,11
39722,16
39724,12
39725,25
39728,51
39731,39
39732,11
39734,28
39735,10
39737,12
39738,24
39740,8
39741,44
39744,55
39747,25
39748,13
39750,36
39751,24
39753,22
39754,21
39756,9
39757,34
39760,43
39763,45
39764,8
39766,33
39767,17
39769,14
39770,26
39772,8
39773,35
39776,53
39779,35
39780,7
39782,31
39783,23
39785,15
39786,21
39788,13
39789,57
39792,50
39795,46
39796,10
39798,28
39799,25
39801,22
39802,28
39804,8
39805,34
39808,56
39811,41
39812,10
39814,32
39815,18
39817,27
39818,26
39820,5
39821,48
39824,46
39827,39
39828,17
39830,27
39831,22
39833,11
39834,29
39836,11
39837,29
39840,61
39843,21
39844,7
39846,23
39847,13
39849,22
39850,23
39852,13
39853,52
39856,52
39859,39
39860,12
39862,30
39863,13
39865,22
39866,27
39868,6
39869,35
39872,51
39875,29
39876,5
39878,39
39879,21
39881,21
39882,27
39884,10
39885,39
39888,34
39891,30
39892,14
39894,23
39895,21
39897,23
39898,35
39900,8
39901,30
39904,40
39907,28
39908,6
39910,23
39911,17
39913,20
39914,25
39916,11
39917,37
39920,48
39923,40
39924,8
39926,22
39927,20
39929,18
39930,35
39932,6
39933,27
39936,45
39939,40
39940,11
39942,23
39943,22
39945,17
39946,19
39948,12
39949,28
39952,49
39955,32
39956,11
39958,24
39959,23
39961,21
39962,31
39964,5
39965,31
39968,48
39971,34
39972,9
39974,24
39975,14
39977,14
39978,19
39980,13
39981,38
39984,43
39987,36
39988,11
39990,22
39991,15
39993,20
39994,15
39996,11
39997,29
40000,46
40003,36
40004,12
40006,27
40007,21
40009,11
40010,26
40012,4
40013,30
40016,34
40019,42
40020,10
40022,28
40023,16
40025,21
40026,25
40028,10
40029,27
40032,43
40035,30
40036,10
40038,31
40039,15
40041,21
40042,20
40044,9
40045,33
40048,35
40051,44
40052,8
40054,23
40055,15
40057,18
40058,30
40060,8
40061,27
40064,44
40067,23
40068,4
40070,23
40071,11
40073,21
40074,23
40076,5
40077,35
40080,50
40083,36
40084,9
40086,18
40087,13
40089,9
40090,21
40092,10
40093,35
40096,48
40099,35
40100,13
40102,17
40103,20
40105,22
40106,24
40108,8
40109,38
40112,39
40115,33
40116,10
40118,30
40119,15
40121,21
40122,27
40124,6
40125,26
40128,53
40131,31
40132,6
40134,27
40135,14
40137,13
40138,27
40140,9
40141,29
40144,34
40147,37
40148,7
40150,22
40151,17
40153,22
40154,28
40156,8
40157,29
40160,32
40163,22
40164,7
40166,27
40167,17
40169,12
40170,25
40172,6
40173,35
40176,41
40179,24
40180,3
40182,18
40183,16
40185,15
40186,19
40188,5
40189,27
40192,59
40195,26
40196,7
40198,25
40199,25
40201,14
40202,16
40204,7
40205,26
40208,42
40211,26
40212,6
40214,22
40215,15
40217,20
40218,20
40220,5
40221,30
40224,47
40227,36
40228,8
40230,15
40231,16
40233,11
40234,21
40236,9
40237,28
40240,32
40243,25
40244,10
40246,22
40247,16
40249,18
40250,16
40252,10
40253,31
40256,44
40259,30
40260,5
40262,36
40263,10
40265,20
40266,21
40268,9
40269,26
40272,32
40275,42
40276,11
40278,24
40279,17
40281,11
40282,28
40284,8
40285,32
40288,44
40291,26
40292,9
40294,20
40295,13
40297,13
40298,25
40300,10
40301,50
40304,52
40307,35
40308,6
40310,24
40311,15
40313,16
40314,27
40316,12
40317,24
40320,32
40323,30
40324,8
40326,28
40327,14
40329,11
40330,28
40332,11
40333,28
40336,23
40339,35
40340,8
40342,26
40343,17
40345,16
40346,36
40348,9
40349,29
40352,33
40355,25
40356,6
40358,22
40359,14
40361,17
40362,18
40364,6
40365,25
40368,26
40371,20
40372,7
40374,27
40375,19
40377,17
40378,19
40380,6
40381,15
40384,35
40387,29
40388,7
40390,18
40391,17
40393,15
40394,20
40396,5
40397,17
40400,35
40403,34
40404,8
40406,22
40407,18
40409,7
40410,34
40412,6
40413,24
40416,40
40419,28
40420,8
40422,19
40423,22
40425,11
40426,20
40428,8
40429,38
40432,36
40435,33
40436,5
40438,28
40439,18
40441,15
40442,25
40444,8
40445,26
40448,36
40451,23
40452,5
40454,26
40455,17
40457,15
40458,21
40460,10
40461,26
40464,38
40467,34
40468,7
40470,17
40471,10
40473,12
40474,19
40476,4
40477,31
40480,41
40483,19
40484,9
40486,22
40487,19
40489,14
40490,27
40492,9
40493,21
40496,31
40499,32
40500,11
40502,26
40503,16
40505,10
40506,25
40508,9
40509,24
40512,31
40515,20
40516,10
40518,16
40519,12
40521,10
40522,18
40524,5
40525,22
40528,27
40531,24
40532,5
40534,19
40535,10
40537,18
40538,19
40540,8
40541,29
40544,36
40547,20
40548,6
40550,20
40551,8
40553,8
40554,11
40556,15
40557,23
40560,28
40563,23
40564,7
40566,22
40567,21
40569,11
40570,23
40572,6
40573,14
40576,22
40579,23
40580,13
40582,17
40583,16
40585,13
40586,21
40588,9
40589,22
40592,28
40595,20
40596,5
40598,25
40599,11
40601,14
40602,18
40604,10
40605,29
40608,33
40611,26
40612,6
40614,13
40615,11
40617,12
40618,20
40620,5
40621,26
40624,32
40627,29
40628,6
40630,12
40631,15
40633,13
40634,14
40636,4
40637,17
40640,32
40643,20
40644,3
40646,19
40647,12
40649,10
40650,13
40652,3
40653,14
40656,31
40659,25
40660,7
40662,15
40663,11
40665,8
40666,15
40668,7
40669,19
40672,30
40675,24
40676,1
40678,16
40679,8
40681,12
40682,12
40684,3
40685,14
40688,16
40691,14
40692,10
40694,11
40695,11
40697,12
40698,11
40700,3
40701,17
40704,24
40707,20
40708,4
40710,19
40711,8
40713,9
40714,13
40716,4
40717,11
40720,17
40723,13
40724,5
40726,11
40727,8
40729,5
40730,14
40732,5
40733,17
40736,35
40739,17
40740,10
40742,15
40743,10
40745,11
40746,9
40748,3
40749,20
40752,20
40755,15
40756,5
40758,14
40759,6
40761,13
40762,14
40764,2
40765,9
40768,18
40771,12
40772,2
40774,11
40775,7
40777,2
40778,9
40780,8
40781,19
40784,17
40787,6
40788,4
40790,14
40791,6
40793,11
40794,18
40796,3
40797,15
40800,26
40803,12
40804,5
40806,19
40807,4
40809,3
40810,16
40812,2
40813,18
40816,25
40819,17
40820,1
40822,16
40823,9
40825,4
40826,11
40828,3
40829,10
40832,22
40835,15
40836,9
40838,10
40839,10
40841,5
40842,11
40844,7
40845,14
40848,22
40851,16
40852,6
40854,15
40855,12
40857,10
40858,9
40860,2
40861,17
40864,19
40867,12
40868,1
40870,7
40871,10
40873,6
40874,8
40876,5
40877,13
40880,17
40883,18
40884,6
40886,12
40887,8
40889,8
40890,15
40892,5
40893,15
40896,20
40899,14
40900,2
40902,9
40903,8
40905,5
40906,10
40908,4
40909,13
40912,20
40915,20
40916,5
40918,8
40919,11
40921,9
40922,17
40924,5
40925,7
40928,26
40931,11
40932,2
40934,14
40935,4
40937,2
40938,14
40940,3
40941,9
40944,20
40947,9
40948,3
40950,3
40951,6
40953,9
40954,7
40956,4
40957,10
40960,18
40963,14
40964,3
40966,7
40967,3
40969,5
40970,6
40972,3
40973,13
40976,17
40979,6
40980,2
40982,16
40983,5
40985,5
40986,9
40988,2
40989,8
40992,12
40995,10
40996,2
40998,14
40999,5
41001,2
41002,9
41004,5
41005,15
41008,15
41011,16
41012,1
41014,8
41015,5
41017,4
41018,14
41020,3
41021,6
41024,11
41027,12
41028,2
41030,4
41031,4
41033,10
41034,8
41037,10
41040,10
41043,11
41044,4
41046,12
41047,5
41049,5
41050,4
41052,1
41053,10
41056,15
41059,10
41060,2
41062,12
41063,5
41065,3
41066,5
41068,5
41069,10
41072,13
41075,11
41076,4
41078,7
41079,2
41081,4
41082,10
41084,4
41085,18
41088,13
41091,9
41092,1
41094,5
41095,1
41097,5
41098,7
41100,1
41101,8
41104,7
41107,10
41108,5
41110,5
41111,6
41113,3
41114,7
41116,5
41117,10
41120,13
41123,6
41124,1
41126,2
41127,5
41129,4
41130,4
41132,2
41133,11
41136,10
41139,7
41140,4
41142,11
41143,9
41145,5
41146,6
41148,4
41149,6
41152,8
41155,6
41156,2
41158,3
41159,6
41161,5
41162,6
41165,8
41168,5
41171,11
41172,3
41174,6
41175,5
41177,6
41178,9
41180,2
41181,6
41184,11
41187,6
41188,1
41190,6
41191,3
41193,3
41194,5
41196,2
41197,9
41200,9
41203,6
41204,2
41206,4
41207,8
41209,4
41210,3
41212,2
41213,4
41216,10
41219,4
41220,1
41222,3
41223,4
41225,2
41226,7
41228,3
41229,9
41232,11
41235,4
41236,3
41238,7
41239,2
41241,1
41242,8
41244,1
41245,9
41248,6
41251,5
41252,1
41254,4
41255,3
41257,2
41258,6
41260,2
41261,8
41264,9
41267,10
41268,1
41270,3
41271,3
41273,8
41274,8
41276,2
41277,5
41280,7
41283,6
41284,1
41286,5
41287,5
41292,1
41293,9
41296,5
41299,6
41302,4
41303,1
41306,4
41308,1
41309,6
41312,8
41315,7
41316,1
41318,5
41319,2
41321,3
41322,2
41324,1
41325,5
41328,3
41331,3
41334,1
41335,4
41337,2
41338,2
41340,1
41341,11
41344,9
41347,7
41348,2
41350,5
41351,3
41353,3
41354,7
41356,2
41357,6
41360,8
41363,9
41364,2
41366,7
41367,2
41369,1
41370,3
41372,1
41373,4
41376,2
41379,5
41380,1
41382,5
41383,1
41385,3
41386,5
41388,4
41389,2
41392,8
41395,4
41396,1
41398,5
41399,2
41401,2
41402,3
41404,1
41405,10
41408,13
41411,3
41414,4
41415,1
41417,2
41418,1
41420,2
41421,8
41424,7
41427,7
41428,1
41430,2
41431,7
41433,2
41434,3
41436,3
41437,1
41440,12
41443,4
41444,2
41446,3
41447,2
41449,1
41450,7
41453,4
41456,7
41459,7
41462,4
41463,3
41465,4
41466,4
41468,1
41469,5
41472,5
41475,2
41476,3
41478,3
41479,3
41481,1
41482,4
41484,2
41485,4
41488,5
41491,4
41494,1
41495,5
41497,3
41498,2
41500,3
41501,4
41504,5
41507,5
41508,1
41510,6
41511,2
41513,1
41514,3
41516,4
41517,3
41520,4
41523,4
41524,1
41526,5
41527,2
41529,1
41530,5
41532,2
41533,4
41536,7
41539,5
41542,3
41543,1
41545,3
41546,4
41548,2
41549,7
41552,6
41555,4
41556,1
41558,4
41559,5
41561,1
41562,2
41565,8
41568,6
41571,2
41574,1
41575,1
41577,3
41578,1
41581,3
41584,5
41587,6
41588,3
41590,1
41591,2
41593,1
41594,5
41597,2
41600,4
41603,1
41606,2
41607,1
41609,2
41610,7
41613,7
41616,4
41619,6
41620,3
41622,1
41623,2
41625,1
41626,2
41628,1
41629,2
41632,9
41635,4
41636,1
41638,2
41639,1
41641,1
41642,4
41645,2
41648,9
41651,3
41652,1
41654,3
41655,2
41658,1
41661,3
41664,8
41667,2
41668,1
41670,3
41671,5
41673,4
41674,1
41676,1
41677,3
41680,6
41683,8
41684,2
41686,2
41687,2
41689,1
41690,3
41693,4
41696,9
41699,1
41702,5
41703,1
41705,2
41706,4
41708,3
41709,1
41712,3
41715,5
41719,4
41721,2
41722,2
41725,9
41728,4
41731,1
41732,1
41734,4
41737,3
41738,5
41740,2
41741,6
41744,2
41747,3
41748,1
41750,2
41751,1
41753,1
41754,1
41756,1
41757,3
41760,9
41763,4
41764,1
41766,2
41767,4
41769,2
41770,5
41772,1
41773,4
41776,2
41779,5
41782,3
41783,1
41785,2
41786,3
41788,1
41789,4
41792,4
41795,1
41798,3
41799,2
41801,1
41802,3
41804,1
41805,2
41808,4
41811,4
41812,1
41814,2
41815,3
41818,4
41821,3
41824,8
41827,2
41831,3
41833,1
41834,2
41836,1
41837,4
41840,1
41843,2
41844,1
41846,1
41847,4
41849,1
41850,2
41852,1
41853,4
41856,7
41859,2
41860,1
41862,3
41863,3
41865,2
41866,4
41869,6
41872,3
41875,5
41878,1
41879,5
41882,2
41884,1
41885,5
41891,1
41892,1
41894,1
41897,1
41898,1
41900,2
41901,4
41904,4
41907,2
41908,1
41910,1
41911,1
41913,4
41914,3
41917,2
41920,7
41923,5
41924,1
41926,2
41927,3
41929,1
41930,3
41936,4
41939,2
41940,1
41942,2
41943,3
41945,1
41946,2
41948,1
41949,3
41952,4
41955,3
41956,1
41959,1
41962,2
41965,5
41968,4
41971,5
41972,1
41974,2
41977,2
41978,3
41980,1
41981,7
41984,2
41987,5
41988,3
41990,5
41991,4
41993,2
41997,2
42000,6
42003,6
42004,2
42006,3
42007,1
42009,1
42010,2
42012,1
42013,4
42016,6
42019,6
42022,1
42023,3
42026,5
42028,1
42029,2
42032,3
42035,3
42036,1
42038,2
42039,1
42041,3
42042,3
42044,2
42045,2
42048,5
42051,3
42052,1
42054,3
42057,2
42058,2
42060,1
42061,3
42064,4
42067,2
42070,2
42073,3
42074,3
42076,1
42077,2
42080,4
42083,7
42089,4
42090,6
42092,1
42093,3
42096,4
42099,2
42103,2
42108,1
42109,4
42112,7
42115,6
42116,1
42118,2
42119,1
42122,2
42124,2
42125,3
42128,2
42131,4
42134,3
42135,1
42137,1
42138,3
42141,3
42144,4
42147,3
42148,1
42150,2
42151,2
42153,1
42154,1
42163,1
42164,1
42167,1
42169,2
42170,4
42173,7
42176,4
42179,3
42180,1
42182,3
42183,1
42185,2
42186,5
42188,2
42189,6
42192,4
42195,1
42196,2
42198,2
42199,1
42201,2
42202,4
42204,2
42205,3
42208,3
42211,4
42214,3
42215,1
42217,1
42218,4
42221,7
42224,3
42227,2
42230,4
42234,1
42236,2
42237,4
42240,1
42243,6
42244,1
42246,3
42247,4
42250,4
42253,6
42256,7
42259,2
42262,3
42263,1
42265,1
42266,3
42269,4
42272,7
42275,2
42278,3
42279,1
42285,5
42288,4
42291,4
42292,1
42294,6
42295,4
42297,4
42298,5
42301,1
42304,4
42310,1
42311,2
42314,6
42317,6
42320,5
42323,2
42326,4
42327,1
42329,1
42330,3
42333,6
42336,4
42339,4
42340,2
42342,7
42343,2
42345,2
42346,2
42349,3
42352,4
42355,4
42358,1
42359,1
42361,3
42365,1
42368,3
42371,5
42372,1
42374,1
42375,1
42377,1
42380,1
42381,3
42384,4
42387,5
42388,1
42390,2
42391,2
42394,6
42397,3
42400,2
42403,7
42406,1
42409,3
42412,2
42413,3
42416,3
42419,1
42422,4
42423,2
42425,3
42426,2
42428,1
42429,3
42432,6
42435,3
42436,1
42438,1
42439,3
42441,2
42442,2
42444,1
42445,1
42448,3
42451,1
42454,1
42457,1
42458,2
42461,4
42464,3
42467,4
42468,1
42470,6
42471,2
42474,3
42476,1
42477,3
42480,3
42483,1
42484,1
42486,1
42487,1
42489,1
42490,3
42492,2
42493,2
42496,5
42499,7
42500,1
42502,4
42503,1
42505,3
42506,2
42508,1
42509,4
42512,1
42515,1
42518,2
42519,2
42521,3
42522,1
42525,6
42528,3
42531,4
42534,3
42537,3
42540,1
42544,3
42547,2
42550,3
42553,2
42554,1
42557,2
42560,4
42563,3
42566,2
42567,3
42570,1
42576,3
42579,3
42580,1
42582,1
42583,2
42585,2
42586,1
42588,2
42589,6
42592,5
42595,2
42596,1
42598,2
42599,1
42601,1
42602,3
42604,1
42605,1
42608,1
42611,2
42614,2
42615,2
42617,1
42618,2
42620,4
42621,5
42624,4
42627,5
42630,2
42631,1
42633,1
42634,4
42637,4
42640,1
42643,2
42644,1
42646,2
42647,1
42649,1
42650,3
42652,1
42653,4
42656,8
42659,2
42662,4
42663,2
42666,1
42668,1
42669,3
42672,3
42675,4
42676,1
42678,1
42681,1
42682,3
42684,1
42685,7
42688,2
42691,4
42694,4
42695,2
42697,2
42698,3
42700,2
42701,2
42704,2
42707,3
42708,1
42710,1
42711,1
42713,4
42714,2
42717,9
42720,2
42723,3
42727,3
42729,2
42730,3
42733,1
42736,3
42739,2
42740,1
42742,2
42743,1
42745,1
42749,2
42752,7
42755,2
42758,1
42759,1
42761,1
42762,4
42765,1
42768,5
42771,5
42774,2
42777,1
42778,1
42781,2
42784,5
42787,1
42788,1
42790,1
42791,1
42793,1
42796,3
42797,4
42800,2
42803,1
42804,1
42806,1
42809,1
42813,5
42816,2
42819,2
42822,1
42829,3
42832,5
42835,3
42838,3
42841,1
42842,1
42844,2
42845,3
42848,6
42851,2
42854,4
42855,1
42857,1
42858,3
42861,4
42864,4
42867,3
42868,1
42870,3
42871,1
42873,2
42874,2
42876,1
42877,2
42880,3
42883,3
42886,4
42887,3
42889,1
42890,4
42892,2
42893,5
42896,6
42899,2
42902,4
42903,2
42905,3
42906,3
42908,2
42909,1
42912,4
42915,4
42916,1
42918,3
42919,2
42924,1
42925,4
42928,6
42931,8
42934,3
42935,1
42938,1
42941,6
42944,2
42947,3
42948,1
42950,3
42951,2
42953,1
42954,1
42957,4
42960,1
42963,1
42966,2
42969,1
42970,2
42973,2
42976,5
42979,3
42982,3
42983,1
42986,2
42988,1
42989,1
42992,5
42995,5
42998,1
42999,2
43001,1
43002,2
43004,1
43005,2
43008,5
43011,2
43012,1
43017,1
43018,2
43021,2
43024,2
43028,1
43030,1
43031,3
43033,1
43034,2
43036,1
43037,3
43040,5
43043,3
43046,2
43050,2
43052,1
43053,2
43056,1
43059,3
43060,1
43062,2
43063,2
43065,2
43066,4
43069,1
43072,2
43075,1
43076,1
43078,1
43079,2
43082,6
43084,2
43085,3
43088,6
43091,3
43092,2
43094,3
43095,1
43097,1
43098,2
43100,1
43101,2
43104,4
43107,2
43111,3
43114,2
43116,1
43117,1
43120,7
43123,1
43126,2
43132,1
43133,2
43136,1
43139,6
43142,3
43143,1
43145,1
43148,3
43149,4
43152,2
43155,3
43156,1
43158,3
43159,2
43161,1
43162,1
43164,1
43165,3
43168,5
43171,6
43174,4
43175,1
43178,2
43180,1
43181,5
43184,3
43187,3
43188,1
43190,2
43193,1
43194,5
43196,1
43197,3
43200,3
43203,1
43204,1
43206,2
43207,1
43210,1
43212,1
43213,6
43216,4
43219,2
43222,2
43225,2
43226,1
43229,1
43232,4
43235,2
43241,4
43242,3
43245,1
43248,4
43251,1
43252,1
43254,1
43255,1
43257,3
43258,1
43261,6
43264,3
43270,2
43271,1
43273,1
43274,3
43276,1
43277,1
43280,5
43283,3
43286,1
43287,1
43289,2
43296,2
43299,5
43302,3
43305,1
43306,2
43308,1
43309,3
43312,1
43315,1
43316,1
43318,1
43319,2
43321,1
43322,4
43328,2
43331,1
43332,1
43334,2
43335,2
43338,3
43347,4
43350,6
43351,1
43357,1
43360,4
43363,1
43366,2
43367,1
43369,3
43370,2
43373,1
43376,1
43379,1
43380,1
43382,2
43383,4
43385,1
43386,1
43389,2
43392,1
43395,4
43398,3
43399,2
43402,1
43404,1
43408,1
43411,1
43414,3
43415,2
43417,1
43418,4
43421,3
43424,3
43427,2
43428,2
43430,4
43431,1
43434,4
43437,2
43443,2
43444,1
43446,4
43447,1
43450,2
43452,2
43453,3
43456,1
43459,1
43463,2
43465,4
43466,6
43469,3
43472,4
43475,4
43476,1
43478,3
43481,1
43482,1
43485,2
43488,6
43491,2
43494,2
43495,1
43497,1
43498,1
43501,1
43504,3
43507,3
43508,1
43510,1
43511,1
43513,2
43517,3
43520,3
43526,3
43527,1
43530,1
43533,1
43536,2
43539,2
43540,2
43543,1
43545,2
43546,2
43548,1
43549,1
43552,3
43555,6
43556,2
43558,1
43559,1
43561,5
43565,1
43568,2
43571,2
43577,1
43578,3
43581,3
43587,1
43591,2
43593,2
43594,4
43596,2
43597,3
43600,2
43603,4
43604,1
43606,1
43609,2
43610,3
43613,2
43616,2
43619,5
43622,1
43623,1
43625,4
43626,2
43629,2
43635,2
43638,2
43641,2
43642,3
43645,4
43648,2
43651,2
43655,1
43657,1
43658,3
43661,5
43664,1
43667,4
43668,1
43670,1
43671,2
43673,2
43674,1
43676,1
43677,1
43680,5
43683,2
43684,1
43686,1
43687,2
43689,1
43690,2
43693,2
43696,3
43699,1
43700,2
43702,1
43703,1
43705,1
43706,1
43708,1
43709,1
43712,2
43715,4
43718,1
43719,1
43722,2
43725,2
43728,1
43734,1
43735,2
43737,3
43738,2
43740,1
43741,2
43744,3
43747,1
43748,1
43750,2
43751,2
43753,1
43757,4
43760,3
43763,2
43764,1
43766,3
43767,1
43769,2
43770,4
43772,2
43773,3
43776,1
43779,4
43782,4
43783,1
43786,1
43789,3
43792,4
43795,3
43798,2
43799,2
43802,2
43805,2
43808,5
43811,4
43814,1
43817,2
43818,1
43821,3
43824,4
43827,4
43830,2
43831,1
43833,1
43834,3
43837,2
43840,4
43843,4
43846,2
43847,1
43849,1
43850,2
43852,1
43853,2
43856,4
43859,1
43860,1
43862,1
43865,1
43866,1
43868,2
43869,1
43872,6
43875,4
43878,2
43879,3
43881,3
43884,1
43885,2
43888,2
43891,1
43894,1
43901,3
43904,1
43907,3
43908,2
43911,2
43913,1
43914,2
43916,1
43917,1
43920,4
43924,1
43927,2
43929,3
43930,1
43932,2
43933,2
43936,2
43939,4
43942,1
43943,2
43945,2
43946,2
43949,2
43952,1
43955,1
43956,1
43958,2
43959,2
43961,1
43962,4
43968,2
43971,1
43974,1
43975,2
43978,2
43980,1
43984,1
43987,2
43990,1
43997,3
44000,2
44003,3
44006,2
44007,3
44010,2
44012,1
44013,3
44016,2
44022,1
44023,2
44026,4
44028,1
44029,2
44032,2
44035,1
44038,3
44041,1
44042,1
44044,1
44045,3
44048,3
44051,2
44052,1
44054,1
44055,1
44058,1
44060,1
44061,2
44064,3
44067,2
44068,1
44070,1
44073,1
44074,2
44077,2
44080,4
44083,6
44084,4
44086,1
44087,1
44089,1
44090,3
44093,3
44096,3
44099,2
44102,2
44103,1
44106,1
44109,3
44115,4
44116,2
44118,3
44119,2
44121,1
44122,1
44124,2
44125,2
44128,2
44131,2
44134,3
44135,1
44137,1
44138,3
44144,4
44147,3
44150,3
44151,1
44153,3
44154,1
44156,1
44157,1
44160,3
44164,1
44170,2
44173,5
44176,6
44179,1
44180,1
44182,3
44183,3
44185,4
44186,3
44189,4
44192,1
44195,1
44196,1
44198,4
44199,2
44201,1
44202,3
44205,3
44211,3
44212,1
44215,1
44217,2
44218,1
44220,1
44221,1
44224,2
44227,1
44230,3
44233,1
44234,2
44240,5
44243,3
44246,3
44249,3
44250,1
44253,2
44259,2
44262,1
44265,1
44266,1
44268,1
44272,4
44275,4
44279,3
44281,1
44282,3
44284,1
44285,1
44288,5
44291,1
44292,2
44295,2
44300,1
44301,3
44304,5
44307,4
44311,1
44313,1
44314,1
44317,5
44323,3
44326,3
44332,1
44333,3
44339,3
44342,1
44345,3
44346,3
44349,1
44352,1
44355,1
44358,1
44359,1
44361,2
44362,2
44365,4
44368,4
44371,1
44377,2
44380,1
44381,2
44384,2
44387,1
44393,1
44394,2
44396,1
44400,3
44403,1
44406,2
44409,3
44410,6
44412,3
44416,2
44419,3
44422,2
44429,1
44432,2
44438,1
44439,3
44442,2
44444,1
44445,2
44448,3
44451,1
44454,3
44455,1
44457,1
44458,1
44461,1
44464,2
44467,1
44470,1
44471,1
44473,2
44474,1
44480,2
44483,2
44487,1
44489,1
44490,3
44492,1
44493,1
44496,2
44499,1
44500,1
44502,1
44505,3
44509,1
44512,3
44515,1
44518,1
44521,1
44522,1
44525,3
44528,2
44531,2
44534,1
44537,1
44544,8
44547,4
44550,2
44551,2
44554,1
44560,2
44563,3
44569,2
44570,5
44572,1
44573,1
44582,2
44585,1
44586,2
44588,1
44592,4
44595,2
44598,1
44599,1
44602,2
44604,1
44608,2
44611,2
44612,1
44614,2
44617,2
44621,2
44624,2
44630,3
44634,2
44636,1
44637,3
44640,1
44643,1
44644,1
44647,1
44653,2
44656,3
44659,5
44660,1
44665,2
44666,3
44669,1
44672,2
44675,2
44676,1
44679,1
44684,1
44685,2
44688,2
44691,3
44692,1
44694,2
44698,1
44701,1
44704,4
44707,3
44708,1
44710,3
44711,1
44713,1
44714,2
44717,1
44720,1
44723,2
44726,3
44727,1
44729,1
44730,2
44733,1
44736,2
44739,1
44742,1
44743,1
44745,1
44749,2
44752,3
44755,2
44758,1
44759,2
44765,4
44768,2
44771,1
44774,1
44777,3
44778,2
44780,1
44784,3
44787,1
44793,1
44794,1
44796,2
44797,2
44800,3
44803,3
44804,1
44806,1
44807,1
44809,1
44812,1
44813,3
44819,2
44820,3
44822,2
44825,4
44828,1
44829,2
44832,4
44835,2
44838,3
44839,1
44845,1
44848,1
44851,4
44858,1
44864,4
44870,2
44871,1
44873,1
44883,2
44884,2
44886,2
44887,2
44889,1
44890,2
44893,4
44896,4
44899,3
44902,1
44903,2
44905,1
44906,1
44908,1
44909,1
44912,1
44915,1
44916,1
44921,1
44925,1
44928,2
44931,1
44944,1
44948,1
44951,1
44954,2
44956,3
44957,3
44960,7
44963,1
44966,1
44967,3
44969,1
44970,2
44972,1
44973,2
44976,1
44979,1
44980,1
44982,2
44986,2
44992,4
44995,1
44998,3
44999,1
45004,1
45005,2
45011,2
45015,1
45020,1
45021,3
45027,4
45030,2
45031,2
45034,2
45036,1
45049,1
45050,1
45052,1
45056,2
45062,1
45066,2
45075,3
45079,1
45085,1
45088,1
45091,2
45094,3
45095,1
45097,1
45098,1
45104,1
45107,1
45108,1
45110,2
45111,1
45114,1
45120,2
45123,1
45124,1
45126,3
45132,1
45133,1
45139,2
45146,2
45149,3
45152,4
45155,1
45156,1
45158,1
45159,1
45161,1
45162,1
45165,1
45168,2
45171,3
45177,1
45178,1
45184,1
45187,1
45207,1
45210,1
45213,1
45216,3
45219,2
45225,1
45226,1
45228,1
45229,1
45232,3
45235,3
45236,1
45238,1
45241,1
45245,2
45248,1
45251,1
45254,3
45257,2
45258,2
45261,1
45264,3
45267,3
45268,1
45270,2
45273,1
45274,1
45277,1
45286,1
45287,1
45289,1
45290,1
45293,2
45296,3
45299,2
45300,2
45302,1
45305,2
45306,1
45308,1
45312,1
45318,1
45322,1
45324,1
45325,2
45328,3
45331,3
45335,2
45337,1
45338,1
45344,4
45351,2
45357,1
45360,2
45363,1
45364,1
45366,1
45367,1
45370,1
45373,1
45379,1
45380,1
45386,1
45389,4
45395,2
45398,1
45399,1
45401,1
45408,2
45414,1
45415,1
45417,1
45418,3
45421,2
45424,1
45434,1
45437,1
45440,1
45444,1
45446,1
45452,2
45453,2
45456,4
45465,1
45468,1
45472,1
45478,2
45482,1
45485,1
45488,2
45491,3
45492,1
45504,1
45507,2
45508,2
45510,2
45511,1
45514,2
45516,1
45517,1
45523,1
45526,1
45530,1
45532,1
45539,1
45542,1
45545,1
45546,2
45548,2
45549,1
45552,2
45555,1
45556,1
45558,2
45562,2
45565,1
45568,1
45578,1
45580,1
45581,1
45584,2
45587,1
45591,1
45594,2
45596,1
45603,1
45606,2
45610,1
45613,1
45616,1
45632,1
45641,1
45642,1
45645,1
45651,1
45658,2
45660,1
45661,1
45664,2
45667,1
45670,1
45674,1
45677,1
45680,1
45683,1
45686,1
45687,1
45702,2
45703,1
45709,1
45715,1
45725,3
45731,1
45738,1
45744,1
45747,1
45750,2
45757,1
45760,3
45763,1
45766,1
45767,1
45770,1
45773,2
45779,1
45783,1
45785,1
45786,1
45789,1
45795,1
45801,1
45802,2
45808,3
45817,2
45821,1
45824,1
45827,2
45833,1
45836,1
45837,2
45843,1
45859,2
45862,1
45872,2
45875,2
45878,1
45882,2
45884,1
45885,1
45895,1
45898,2
45904,1
45911,1
45914,1
45916,1
45917,1
45920,2
45927,1
45933,2
45943,1
45952,3
45958,1
45965,1
45968,1
45974,1
45978,1
45981,1
45984,2
45987,2
45993,1
46003,1
46010,1
46016,1
46022,1
46023,1
46032,1
46035,1
46045,1
46048,2
46052,1
46055,1
46058,1
46067,2
46071,1
46076,1
46077,3
46083,1
46093,2
46096,1
46099,1
46102,1
46115,2
46118,1
46122,2
46124,1
46128,2
46131,1
46135,1
46137,1
46138,1
46150,1
46163,1
46164,1
46166,1
46173,2
46176,1
46179,1
46182,1
46189,2
46192,1
46196,1
46199,1
46205,1
46208,1
46221,1
46231,1
46240,2
46246,1
46262,1
46272,3
46276,1
46281,1
46284,1
46285,1
46291,2
46295,1
46297,1
46301,1
46316,1
46317,1
46326,1
46339,1
46349,1
46355,1
46362,1
46371,1
46372,1
46375,1
46381,2
46397,2
46403,1
46407,1
46413,2
46419,1
46435,1
46438,2
46442,1
46461,1
46464,1
46480,1
46489,1
46499,1
46502,1
46506,1
46509,1
46518,1
46519,2
46522,1
46579,1
46580,1
46583,1
46595,1
46604,1
46614,1
46624,2
46631,1
46636,1
46640,1
46650,1
46663,1
46666,1
46672,2
46681,1
46688,1
46697,1
46707,1
46717,1
46729,2
46746,2
46752,1
46755,2
46765,1
46768,1
46778,2
46781,1
46784,1
46787,2
46813,2
46836,1
46839,1
46842,1
46845,1
46848,1
46854,2
46864,2
46874,1
46886,1
46893,1
46909,1
46912,2
46921,1
46922,1
46925,2
46928,1
46941,1
46944,1
46954,1
46963,1
46966,1
46976,1
46982,1
47002,1
47014,2
47015,1
47017,1
47027,1
47030,1
47031,1
47034,1
47040,1
47046,1
47059,2
47068,1
47088,1
47097,1
47104,1
47107,1
47111,1
47123,1
47133,1
47155,2
47165,1
47171,1
47184,1
47188,1
47194,1
47206,1
47229,2
47232,2
47248,1
47255,1
47258,1
47280,1
47286,1
47290,1
47296,1
47302,1
47305,1
47308,1
47309,1
47315,1
47318,1
47321,1
47337,1
47376,1
47379,1
47389,1
47399,1
47412,1
47427,1
47446,1
47462,1
47463,1
47465,1
47472,1
47482,1
47507,1
47520,1
47540,1
47542,1
47568,1
47571,1
47581,2
47591,1
47600,1
47603,1
47613,1
47616,1
47619,1
47622,1
47629,2
47632,1
47635,1
47642,1
47689,1
47706,1
47709,2
47715,1
47718,1
47725,1
47728,1
47744,1
47770,1
47776,1
47792,1
47795,1
47801,1
47821,1
47824,1
47853,1
47879,1
47884,1
47888,1
47891,1
47894,1
47898,1
47910,1
47923,1
47946,1
47948,1
47968,1
48032,1
48058,1
48087,1
48090,1
48131,1
48134,1
48141,1
48195,1
48202,2
48221,1
48227,1
48243,1
48246,1
48249,1
48250,1
48259,1
48263,1
48266,2
48276,1
48278,2
48282,1
48288,1
48292,1
48297,1
48313,2
48343,1
48349,1
48359,1
48371,1
48377,1
48384,2
48397,1
48409,1
48410,1
48467,1
48476,1
48486,1
48500,1
48512,1
48534,1
48556,1
48627,1
48653,1
48659,1
48675,1
48679,1
48688,1
48691,1
48698,1
48739,1
48756,1
48762,1
48806,1
48836,1
48854,1
48858,1
48893,1
48912,1
48928,1
48931,1
48937,1
48969,1
49008,1
49021,1
49024,1
49059,1
49136,1
49146,1
49149,2
49152,1
49155,1
49158,1
49164,1
49174,1
49175,1
49210,1
49212,1
49216,1
49245,1
49251,2
49255,1
49293,1
49305,1
49315,1
49324,1
49331,1
49337,1
49360,1
49395,1
49401,1
49411,1
49421,1
49424,1
49478,1
49498,1
49523,1
49542,1
49545,1
49587,1
49607,1
49686,1
49689,1
49696,1
49709,1
49712,1
49734,1
49799,1
49824,1
49836,1
49901,1
49904,1
49907,1
49910,1
49955,1
49978,1
49981,2
49984,1
49993,1
50045,1
50084,1
50141,1
50147,1
50150,2
50185,1
50202,1
50230,1
50240,1
50364,1
50400,1
50500,1
50560,1
50809,1
50832,1
50873,1
50931,1
51008,1
51098,1
51126,1
51443,1
51449,1
51456,1
51590,1
51664,1
51725,1
51891,1
52045,1
52153,1
52196,1
52371,1
52384,1
52407,1
52541,1
52694,1
52742,1
52876,1
52925,1
53031,1
53136,1
53299,1
53469,1
53513,1
53610,1
53997,1
54432,1
54646,1
55388,1
55840,1
56080,1
56218,1
56663,1
57024,1
57783,1
58016,1
58832,1
58979,1
59910,1
60106,1
60601,1
61527,1
62803,1
63008,1
63728,1
64272,1
64647,1
66547,1
67715,1
68621,1
69590,1
69657,1
69757,1
69859,1
72515,1
73562,1
73924,1
76176,1
76316,1
76908,1
77741,1
78080,1
79453,1
79622,1
80445,1
80605,1
81117,1
83325,1
85216,1
85248,1
85504,1
85984,1
87062,1
88141,1
88643,1
89613,1
95341,1
95360,1
96947,1
97447,1
98096,1
98960,1
99197,1
100035,1
100201,1
101686,1
102051,1
102400,1
102551,1
103082,1
103568,1
104285,1
108931,1
109667,1
110518,1
110889,1
112826,1
114182,1
116435,1
118221,1
121066,1
121146,1
124256,1
132090,1
136964,1
141286,1
141715,1
141718,1
142256,1
143443,1
144886,1
147148,1
149450,1
153348,1
155434,1
159219,1
161290,1
161814,1
161840,1
162313,1
162464,1
163245,1
164890,1
167488,1
170419,1
173606,1
173766,1
174323,1
175296,1
175319,1
178650,1
179340,1
181181,1
181274,1
181712,1
186752,1
186810,1
189754,1
191235,1
192032,1
193322,1
201786,1
203866,1
211843,1
217427,1
219092,1
222848,1
224700,1
226576,1
232605,1
242643,1
245187,1
253741,1
303846,1
313225,1
400374,1
405206,1
412919,1
422308,1
423204,1
434729,1
436845,1
437312,1
437572,1
437671,1
447584,1
451651,1
454083,1
459735,1
466099,1
468886,1
479581,1
480845,1
483754,1
487162,1
492819,1
493110,1
493184,1
499370,1
501440,1
501785,1
502419,1
503450,1
507667,1
511808,1
514106,1
520102,1
521609,1
528528,1
538103,1
538947,1
542960,1
544928,1
545015,1
551939,1
553879,1
557235,1
562890,1
564537,1
569286,1
569818,1
571555,1
571696,1
571962,1
596384,1
598035,1
1303389,1
1343468,1
