# Samples: 36314, Average: 77097.8 ns, StdDev: 121242.1 ns, Quartiles: 68365.0/71686.0/75648.0 ns
52864,1
53206,1
53760,1
54643,1
55373,1
55385,1
55737,1
55741,1
55853,1
55936,1
55981,1
56134,1
56163,1
56244,1
56396,1
56573,1
56643,1
56653,1
56704,1
56733,1
56858,1
56864,1
56896,1
56909,1
56928,1
56957,1
56992,1
57095,1
57165,1
57228,1
57229,1
57254,1
57325,1
57360,1
57482,1
57497,1
57533,1
57580,1
57638,1
57645,1
57683,1
57703,1
57709,2
57734,1
57744,1
57754,1
57788,1
57821,1
57824,1
57837,1
57898,1
57913,1
57949,1
57952,1
57974,1
57977,1
57980,1
57981,1
58022,1
58096,1
58106,1
58109,1
58121,1
58124,1
58128,1
58131,1
58150,1
58176,1
58214,1
58240,1
58259,1
58260,1
58272,1
58298,1
58311,1
58314,1
58323,1
58329,1
58343,1
58346,1
58362,1
58364,1
58375,2
58391,1
58420,1
58448,1
58470,1
58476,1
58483,1
58496,1
58515,1
58531,1
58535,1
58537,1
58541,1
58602,1
58627,1
58666,1
58669,1
58679,1
58688,1
58704,1
58707,1
58729,1
58749,1
58761,1
58772,1
58793,1
58819,1
58861,2
58874,1
58890,1
58893,1
58899,1
58902,1
58918,1
58919,1
58924,1
58928,1
58950,1
58976,1
58982,1
59015,1
59021,1
59034,1
59040,2
59047,1
59059,1
59062,1
59088,1
59091,1
59120,2
59149,1
59187,1
59188,1
59194,1
59213,1
59219,1
59225,1
59232,1
59241,1
59251,1
59257,1
59264,1
59268,1
59289,1
59296,1
59322,1
59334,1
59340,1
59344,1
59347,1
59353,1
59360,1
59366,1
59395,2
59408,1
59443,1
59449,1
59453,1
59456,1
59462,1
59469,1
59472,1
59476,1
59488,1
59494,1
59501,1
59520,1
59532,1
59539,1
59542,1
59562,1
59565,1
59571,1
59578,1
59584,1
59593,1
59600,1
59609,1
59616,2
59622,1
59626,1
59629,1
59635,1
59636,1
59644,1
59645,1
59680,2
59706,2
59725,1
59744,1
59754,1
59756,1
59760,1
59770,1
59782,1
59783,1
59789,1
59792,1
59795,1
59808,2
59814,1
59821,1
59824,1
59827,1
59833,1
59862,1
59865,1
59872,1
59875,1
59885,1
59897,1
59904,1
59911,1
59920,1
59933,1
59936,2
59942,1
59945,1
59948,1
59961,1
59962,1
59964,1
59975,1
59987,1
59997,1
60000,1
60009,1
60026,1
60029,1
60032,2
60038,1
60051,1
60058,1
60067,2
60070,1
60077,1
60092,1
60103,1
60112,1
60115,1
60118,1
60128,2
60138,1
60141,1
60156,1
60163,1
60167,1
60170,1
60173,1
60176,1
60179,1
60183,1
60198,2
60199,1
60208,2
60211,1
60217,1
60224,1
60234,1
60236,1
60240,1
60243,2
60246,1
60253,1
60256,1
60266,1
60269,2
60279,1
60288,1
60298,3
60300,1
60304,1
60310,1
60320,2
60323,1
60346,2
60352,1
60355,1
60358,1
60359,1
60365,2
60371,1
60384,1
60391,1
60394,1
60397,1
60403,1
60407,1
60410,1
60432,1
60438,1
60448,1
60451,2
60455,1
60460,1
60461,1
60486,2
60493,2
60505,1
60506,1
60512,1
60515,1
60531,3
60535,1
60541,1
60544,2
60551,1
60564,1
60567,1
60569,2
60582,2
60586,1
60595,2
60598,1
60601,1
60608,1
60614,1
60617,1
60621,1
60627,1
60643,1
60647,1
60653,1
60666,1
60672,1
60675,1
60685,1
60691,1
60704,3
60708,2
60710,1
60714,1
60717,1
60723,1
60729,1
60736,1
60752,1
60756,2
60759,1
60768,1
60784,1
60787,3
60790,1
60797,2
60807,1
60819,1
60844,1
60861,1
60864,1
60883,1
60896,2
60916,1
60922,1
60924,1
60928,3
60934,1
60941,2
60947,1
60951,2
60960,1
60967,2
60973,2
60980,1
60989,2
60992,1
60998,2
60999,2
61001,1
61005,1
61011,1
61012,1
61017,1
61021,1
61024,1
61031,1
61034,2
61040,2
61043,4
61047,1
61052,1
61053,2
61056,1
61062,1
61081,1
61082,1
61085,1
61094,1
61095,2
61104,1
61107,1
61113,2
61126,1
61127,1
61139,2
61140,1
61155,1
61156,1
61171,2
61184,1
61187,1
61203,1
61210,2
61219,1
61223,1
61225,1
61232,2
61251,1
61261,1
61267,2
61273,2
61274,1
61280,3
61290,1
61293,4
61296,1
61299,1
61309,1
61315,1
61316,1
61324,1
61328,1
61331,2
61334,1
61338,1
61350,1
61357,1
61360,1
61364,1
61369,1
61376,1
61382,1
61383,1
61388,2
61389,2
61398,1
61414,1
61421,3
61430,1
61434,1
61440,1
61446,2
61447,1
61456,2
61459,3
61460,1
61476,1
61478,1
61479,1
61494,2
61495,1
61497,1
61498,1
61500,1
61501,2
61504,2
61507,1
61510,1
61511,3
61523,6
61529,1
61539,2
61555,1
61565,1
61575,1
61580,1
61587,2
61600,3
61613,2
61616,1
61619,1
61623,1
61632,1
61639,1
61645,1
61648,1
61651,1
61654,2
61658,1
61664,1
61677,2
61689,2
61699,1
61705,1
61706,1
61718,1
61721,1
61722,3
61728,1
61731,1
61732,1
61735,1
61738,1
61741,2
61747,1
61754,1
61757,1
61766,2
61767,1
61769,1
61773,2
61776,1
61779,1
61792,2
61795,1
61798,1
61802,1
61804,1
61817,1
61818,2
61824,1
61830,1
61831,2
61834,1
61836,2
61837,3
61840,2
61844,1
61850,1
61856,2
61863,1
61879,1
61885,2
61888,2
61891,1
61894,2
61901,1
61907,1
61913,1
61914,2
61920,5
61923,1
61926,1
61933,1
61936,1
61939,1
61943,1
61945,1
61949,2
61952,1
61961,1
61965,1
61971,2
61977,1
61981,1
61984,2
61987,1
61990,1
62000,2
62003,1
62013,3
62016,3
62019,3
62022,1
62032,1
62035,1
62041,1
62042,1
62054,1
62057,1
62058,2
62061,3
62064,1
62067,1
62070,1
62076,1
62080,1
62084,1
62086,1
62087,1
62090,1
62092,1
62093,1
62096,1
62099,1
62102,1
62103,1
62105,1
62106,1
62118,1
62119,2
62124,1
62131,1
62144,4
62150,1
62154,2
62156,1
62157,2
62160,1
62163,2
62166,1
62167,1
62169,1
62170,1
62173,2
62176,1
62182,2
62185,1
62186,2
62189,1
62195,2
62198,2
62199,1
62202,1
62208,4
62211,1
62212,1
62214,1
62215,1
62221,1
62224,1
62227,1
62230,1
62231,1
62247,1
62252,1
62253,2
62256,1
62259,3
62260,1
62262,3
62275,1
62278,1
62281,1
62282,1
62285,4
62291,3
62294,1
62295,1
62298,1
62300,1
62304,1
62307,1
62310,2
62311,1
62316,1
62317,2
62320,1
62323,1
62324,1
62326,2
62330,1
62333,1
62339,1
62342,4
62346,1
62348,1
62355,4
62361,2
62365,1
62368,2
62371,1
62374,1
62380,1
62381,4
62384,1
62387,1
62393,1
62394,1
62400,1
62404,1
62406,1
62409,1
62413,1
62416,1
62419,1
62422,1
62429,2
62432,1
62435,1
62438,2
62439,1
62442,1
62445,1
62448,2
62451,2
62464,1
62467,1
62468,1
62470,1
62473,2
62474,2
62477,3
62483,1
62489,3
62490,2
62496,3
62499,3
62503,1
62505,1
62509,1
62515,1
62516,2
62518,1
62522,1
62534,1
62535,1
62541,3
62544,3
62547,3
62550,1
62554,1
62557,2
62560,1
62566,1
62567,1
62570,1
62573,1
62576,1
62579,2
62582,1
62586,1
62589,1
62592,1
62595,1
62598,4
62599,4
62602,1
62604,2
62605,4
62608,1
62611,4
62617,2
62618,6
62624,2
62630,1
62633,1
62637,1
62643,2
62649,1
62653,1
62656,1
62659,2
62665,1
62669,2
62672,1
62676,1
62681,2
62682,1
62684,1
62685,1
62694,2
62695,1
62698,2
62701,1
62714,3
62720,2
62723,2
62726,3
62727,2
62739,3
62740,2
62743,1
62745,3
62746,2
62749,1
62755,1
62758,1
62764,1
62765,2
62771,2
62775,1
62777,1
62778,2
62780,1
62781,1
62784,2
62793,1
62794,1
62796,1
62797,2
62803,7
62804,1
62806,1
62816,3
62819,1
62835,1
62838,2
62839,2
62841,1
62848,1
62855,3
62858,2
62861,1
62864,1
62867,3
62877,1
62880,1
62883,2
62886,1
62887,2
62890,1
62893,2
62896,1
62899,1
62900,2
62902,1
62903,1
62905,1
62906,2
62908,1
62909,1
62912,1
62918,2
62919,1
62922,1
62925,1
62934,1
62935,1
62937,1
62938,2
62941,1
62944,1
62947,2
62950,1
62951,2
62954,1
62957,5
62960,1
62963,1
62964,1
62966,1
62967,1
62970,2
62976,4
62982,2
62988,1
62995,1
62996,1
62999,1
63002,2
63005,1
63008,5
63011,1
63012,1
63014,1
63015,2
63020,1
63021,2
63024,1
63027,3
63030,1
63034,3
63037,2
63040,3
63047,2
63049,1
63053,4
63056,2
63060,3
63065,1
63066,2
63069,1
63075,1
63076,1
63079,1
63081,1
63084,2
63085,4
63088,1
63091,2
63094,1
63095,1
63097,1
63098,2
63101,1
63104,1
63107,2
63110,2
63117,1
63120,1
63127,1
63130,1
63140,1
63143,1
63149,2
63152,1
63155,2
63156,1
63159,1
63161,1
63162,2
63165,1
63168,2
63171,2
63174,2
63175,1
63181,1
63184,3
63187,2
63190,1
63194,4
63206,2
63207,2
63216,2
63219,3
63222,1
63225,1
63226,4
63229,1
63232,5
63238,3
63239,2
63242,1
63245,2
63248,2
63251,1
63252,1
63257,1
63258,2
63261,1
63264,3
63271,1
63274,1
63276,1
63277,3
63283,2
63284,2
63286,3
63289,2
63290,1
63293,1
63296,2
63299,2
63302,1
63305,2
63306,1
63309,1
63312,1
63315,2
63316,1
63318,1
63321,2
63322,3
63325,2
63328,4
63334,2
63335,2
63338,2
63340,1
63341,4
63344,1
63350,1
63353,1
63354,1
63357,1
63360,1
63366,4
63372,1
63373,2
63376,2
63379,2
63380,1
63385,1
63386,2
63392,3
63396,1
63401,1
63402,1
63405,3
63411,3
63414,1
63418,1
63420,1
63424,3
63427,1
63434,1
63437,1
63440,1
63443,8
63444,1
63446,2
63449,1
63453,2
63456,2
63462,1
63463,1
63465,1
63466,1
63468,1
63469,1
63472,2
63475,2
63476,1
63478,5
63479,1
63481,2
63482,1
63484,1
63488,3
63491,4
63494,2
63495,1
63504,1
63507,2
63508,1
63514,3
63520,7
63523,1
63526,2
63527,2
63533,1
63536,3
63540,2
63542,1
63545,1
63546,1
63549,2
63552,4
63555,2
63558,1
63559,1
63564,1
63565,5
63568,1
63571,1
63572,2
63577,1
63578,2
63581,3
63584,6
63587,1
63588,1
63590,1
63594,2
63596,1
63597,2
63600,5
63603,3
63606,1
63609,1
63610,2
63616,2
63622,3
63623,2
63626,1
63628,2
63629,4
63632,3
63635,3
63638,1
63639,2
63641,1
63642,2
63644,1
63645,1
63648,8
63651,1
63654,3
63655,1
63661,1
63664,4
63671,1
63674,6
63676,1
63680,3
63683,3
63686,1
63687,1
63693,2
63696,1
63699,1
63702,1
63703,1
63705,1
63706,4
63709,2
63712,7
63718,1
63719,1
63721,1
63724,1
63725,3
63737,4
63738,1
63741,3
63744,2
63747,1
63750,2
63751,2
63754,3
63756,1
63757,3
63760,2
63763,1
63764,2
63769,2
63770,1
63773,1
63776,2
63779,1
63782,5
63783,2
63789,3
63792,2
63795,5
63798,1
63801,1
63802,3
63804,1
63805,2
63808,3
63811,1
63814,2
63817,1
63818,1
63821,4
63824,2
63827,1
63828,1
63830,1
63833,1
63837,2
63840,3
63847,2
63850,1
63852,1
63853,3
63856,1
63859,3
63860,2
63865,1
63866,1
63868,1
63869,1
63872,4
63875,1
63878,5
63881,3
63882,1
63884,2
63885,1
63888,1
63891,4
63894,2
63895,1
63898,3
63901,2
63904,5
63910,2
63911,2
63914,2
63916,1
63917,4
63920,2
63923,4
63926,2
63927,1
63929,1
63930,2
63932,1
63933,1
63936,4
63939,2
63940,1
63942,1
63943,2
63946,1
63948,1
63949,4
63952,1
63955,2
63956,1
63962,4
63965,2
63968,3
63971,1
63974,2
63975,3
63978,2
63980,2
63981,6
63984,1
63987,4
63993,1
63994,1
63997,2
64000,5
64003,2
64006,1
64013,1
64016,2
64019,1
64020,1
64025,2
64026,1
64029,3
64032,5
64035,3
64038,1
64039,2
64042,2
64045,1
64054,2
64057,1
64058,2
64061,2
64064,5
64070,2
64074,2
64076,1
64080,1
64083,4
64084,2
64086,1
64089,2
64090,2
64092,1
64093,2
64096,7
64099,1
64103,1
64106,1
64109,3
64112,1
64115,3
64118,2
64119,1
64122,5
64124,2
64125,2
64128,3
64131,1
64132,1
64134,3
64135,2
64138,1
64141,5
64144,1
64147,2
64148,1
64150,3
64153,4
64154,4
64156,1
64157,1
64160,1
64163,3
64166,5
64167,1
64170,2
64173,4
64176,2
64179,3
64185,1
64186,4
64188,1
64189,2
64195,2
64198,4
64199,2
64202,1
64204,1
64205,4
64208,1
64211,1
64215,1
64218,3
64221,1
64224,4
64227,1
64230,5
64237,3
64240,2
64247,2
64249,2
64250,2
64252,1
64253,2
64256,2
64259,4
64260,2
64262,2
64263,4
64265,1
64266,3
64268,1
64269,6
64272,3
64275,2
64278,1
64279,2
64281,1
64282,3
64284,1
64285,1
64288,2
64291,1
64292,1
64294,2
64295,1
64297,2
64298,3
64301,2
64304,1
64307,3
64308,1
64310,1
64314,3
64316,1
64317,1
64320,6
64323,2
64326,1
64329,2
64332,1
64333,5
64336,1
64339,1
64342,2
64343,1
64349,4
64352,5
64355,1
64358,3
64361,3
64365,7
64368,1
64371,3
64372,1
64377,2
64378,3
64381,2
64384,6
64387,3
64390,4
64391,2
64393,1
64396,1
64397,3
64400,5
64403,6
64404,1
64406,1
64407,1
64409,1
64410,1
64412,1
64416,4
64419,1
64422,4
64423,2
64426,2
64429,4
64432,5
64435,2
64436,1
64439,1
64442,3
64445,1
64448,1
64452,1
64454,3
64458,1
64460,1
64461,2
64464,1
64467,7
64468,1
64470,2
64471,2
64473,2
64474,3
64476,1
64477,3
64480,4
64483,3
64486,3
64487,4
64489,2
64492,1
64493,8
64496,2
64499,2
64500,2
64505,3
64506,7
64509,3
64512,13
64515,4
64518,3
64519,2
64521,1
64522,1
64524,2
64525,6
64528,3
64531,3
64534,1
64535,2
64538,2
64540,1
64544,4
64547,2
64550,4
64551,3
64553,2
64557,5
64560,1
64563,4
64566,3
64569,2
64570,3
64576,4
64579,3
64582,2
64583,2
64588,2
64589,6
64592,3
64595,2
64596,1
64598,2
64601,3
64602,6
64605,1
64608,5
64611,3
64614,3
64618,4
64621,6
64624,3
64627,4
64628,2
64630,3
64631,1
64634,2
64637,2
64640,7
64643,2
64646,3
64647,3
64650,3
64652,2
64653,4
64656,2
64659,5
64662,2
64663,2
64665,1
64666,2
64672,8
64675,1
64676,1
64678,1
64681,1
64682,2
64685,2
64688,2
64691,5
64695,1
64697,1
64698,6
64701,4
64704,2
64707,1
64710,3
64711,2
64713,3
64716,2
64717,4
64720,1
64723,2
64724,1
64727,1
64730,1
64732,2
64733,1
64736,2
64739,2
64740,1
64742,4
64743,1
64745,3
64746,1
64748,4
64749,5
64752,2
64755,4
64756,1
64758,2
64761,2
64762,1
64765,1
64768,3
64775,3
64777,1
64778,1
64780,1
64781,5
64784,2
64787,4
64790,2
64793,5
64794,6
64800,2
64803,3
64806,5
64810,2
64813,4
64816,4
64819,4
64820,1
64823,1
64825,1
64826,2
64829,2
64832,2
64835,4
64839,1
64841,2
64844,2
64845,4
64848,1
64851,3
64855,3
64858,1
64861,3
64864,6
64867,1
64870,2
64871,2
64874,1
64877,3
64883,4
64884,2
64886,2
64887,2
64889,2
64890,2
64893,3
64896,6
64899,2
64902,1
64903,1
64905,1
64908,1
64909,4
64912,3
64915,1
64916,1
64919,1
64922,1
64924,2
64925,2
64928,4
64931,2
64934,3
64935,1
64937,1
64940,2
64941,4
64944,2
64947,5
64948,2
64953,1
64954,3
64957,3
64960,7
64963,4
64966,1
64969,1
64970,3
64973,7
64979,3
64980,1
64982,2
64983,1
64985,1
64986,2
64988,1
64989,1
64992,5
64995,3
64996,1
64998,1
64999,2
65002,1
65004,1
65005,6
65008,4
65011,3
65012,1
65014,1
65017,1
65018,3
65020,1
65021,2
65024,7
65027,1
65028,1
65030,4
65031,2
65033,1
65034,1
65036,3
65037,7
65040,3
65043,5
65044,1
65046,3
65047,2
65049,4
65050,3
65053,2
65056,3
65059,4
65062,3
65063,3
65065,1
65068,1
65069,5
65072,5
65075,6
65076,2
65078,2
65082,3
65085,2
65088,6
65091,1
65094,2
65095,1
65100,1
65101,5
65104,2
65107,3
65111,2
65113,2
65114,2
65116,1
65117,3
65120,4
65124,1
65126,1
65127,1
65129,3
65130,2
65132,1
65133,6
65136,3
65139,5
65140,1
65143,1
65145,2
65146,4
65152,10
65155,2
65158,2
65159,1
65161,3
65162,3
65164,2
65165,3
65168,2
65171,8
65172,3
65174,1
65175,1
65177,2
65178,2
65181,1
65184,3
65187,2
65190,5
65191,5
65193,1
65194,3
65196,1
65197,6
65200,2
65203,3
65206,1
65207,1
65209,1
65210,3
65212,1
65213,2
65216,2
65219,2
65220,1
65222,2
65223,4
65225,2
65226,3
65229,1
65232,2
65235,3
65238,1
65241,2
65242,4
65244,1
65245,3
65248,9
65251,2
65252,1
65254,5
65255,2
65258,1
65260,1
65261,7
65267,6
65274,5
65277,4
65280,4
65283,2
65286,3
65289,2
65290,5
65292,1
65293,3
65296,3
65299,7
65302,1
65305,3
65306,6
65309,1
65312,4
65315,1
65318,2
65319,3
65321,1
65324,1
65325,11
65328,1
65331,4
65332,3
65334,1
65337,1
65338,6
65341,2
65344,7
65347,2
65350,4
65351,3
65353,1
65354,1
65356,2
65357,7
65360,2
65363,1
65364,2
65369,4
65370,4
65373,1
65376,6
65379,2
65382,3
65383,1
65386,1
65388,2
65389,7
65392,2
65395,1
65396,2
65398,1
65399,1
65401,2
65402,3
65405,1
65408,6
65411,2
65412,1
65414,1
65415,4
65417,1
65418,2
65420,3
65421,4
65424,1
65427,3
65428,1
65430,1
65431,2
65433,3
65434,5
65436,1
65437,5
65440,6
65443,1
65446,5
65447,3
65449,2
65450,2
65452,1
65453,5
65456,4
65459,4
65462,3
65465,2
65466,6
65469,1
65472,6
65475,1
65478,5
65479,4
65482,1
65484,2
65485,4
65488,1
65491,6
65492,1
65494,3
65498,4
65501,4
65504,8
65507,1
65508,2
65510,1
65511,3
65516,2
65517,2
65520,2
65523,6
65526,2
65527,1
65529,3
65530,3
65536,5
65539,3
65542,5
65543,2
65546,2
65548,2
65549,7
65552,4
65555,6
65556,1
65558,1
65559,3
65561,3
65562,1
65565,3
65568,11
65571,1
65574,4
65575,2
65577,1
65578,1
65580,2
65581,5
65584,3
65587,6
65588,4
65591,1
65593,2
65594,4
65596,2
65597,2
65600,4
65603,3
65606,7
65607,3
65609,3
65610,3
65612,2
65613,4
65616,3
65619,3
65622,5
65623,1
65625,3
65626,3
65629,1
65632,6
65635,4
65636,1
65638,6
65639,2
65641,1
65642,2
65644,1
65645,4
65651,4
65652,2
65654,1
65655,1
65657,3
65658,3
65664,8
65667,5
65670,4
65671,4
65673,1
65674,1
65676,1
65677,2
65680,2
65683,6
65684,3
65686,1
65687,1
65689,5
65690,6
65692,1
65693,6
65696,7
65699,2
65702,4
65703,2
65706,2
65709,4
65712,3
65715,6
65718,1
65721,1
65722,3
65725,3
65728,5
65731,2
65732,1
65734,4
65735,4
65737,1
65738,1
65741,4
65744,2
65747,3
65748,1
65750,1
65751,2
65753,1
65754,6
65756,1
65757,2
65760,7
65763,2
65764,3
65766,2
65767,6
65769,1
65770,2
65772,2
65773,6
65779,7
65780,1
65782,1
65785,4
65786,3
65789,2
65792,5
65795,1
65798,6
65799,3
65801,3
65802,1
65805,8
65808,2
65811,4
65812,2
65814,3
65817,2
65818,3
65824,5
65827,1
65830,4
65831,1
65833,1
65834,2
65836,4
65837,8
65840,2
65843,6
65844,1
65846,4
65847,4
65849,5
65850,1
65853,6
65856,7
65859,1
65860,1
65862,3
65863,3
65865,1
65866,3
65868,1
65869,8
65872,6
65875,8
65876,2
65878,4
65881,5
65882,3
65885,4
65888,7
65891,1
65892,1
65894,3
65895,3
65900,3
65901,9
65904,4
65907,4
65908,2
65910,6
65911,3
65913,2
65914,9
65920,7
65923,6
65924,1
65926,4
65927,1
65929,1
65930,1
65932,1
65933,3
65936,2
65939,6
65942,2
65943,1
65945,4
65946,2
65948,1
65949,1
65952,3
65955,1
65958,4
65959,5
65961,1
65962,1
65965,6
65968,5
65971,6
65972,2
65974,2
65975,3
65977,5
65978,3
65980,1
65981,2
65984,4
65987,5
65990,4
65991,3
65993,2
65994,6
65996,1
65997,7
66000,3
66003,9
66006,3
66007,1
66010,4
66012,2
66013,6
66016,4
66019,5
66020,1
66022,4
66023,2
66026,4
66028,2
66029,5
66032,2
66035,3
66036,3
66039,2
66041,3
66042,7
66045,4
66048,6
66051,7
66052,1
66055,5
66057,1
66060,3
66061,3
66064,5
66067,6
66068,3
66070,4
66071,2
66073,4
66074,5
66076,1
66077,4
66080,10
66083,2
66086,5
66087,2
66089,3
66092,1
66093,5
66096,6
66099,8
66100,2
66102,3
66103,2
66106,8
66108,1
66109,5
66112,7
66115,2
66116,2
66118,9
66119,2
66121,2
66122,3
66124,1
66125,3
66128,1
66131,5
66132,2
66134,2
66135,2
66137,1
66138,8
66140,1
66141,4
66144,11
66147,4
66150,3
66154,5
66156,2
66157,7
66160,4
66163,5
66166,5
66169,1
66170,4
66172,2
66173,2
66176,6
66179,2
66180,2
66182,5
66183,3
66185,4
66186,7
66188,1
66189,5
66192,5
66195,4
66196,1
66198,2
66199,1
66201,1
66202,3
66204,1
66205,2
66208,8
66211,2
66212,1
66214,7
66215,3
66218,1
66220,1
66221,3
66224,6
66227,7
66228,1
66230,3
66233,3
66234,3
66240,7
66243,3
66246,3
66247,5
66249,1
66250,2
66253,8
66256,3
66259,7
66260,1
66262,1
66263,2
66265,1
66266,8
66268,1
66269,3
66272,10
66275,2
66278,9
66279,3
66281,1
66282,4
66284,1
66285,9
66288,4
66291,5
66292,2
66295,4
66297,3
66298,2
66304,8
66307,5
66310,2
66311,5
66314,4
66316,2
66317,8
66320,4
66323,5
66324,1
66326,2
66327,1
66329,2
66330,11
66332,2
66333,6
66336,12
66339,4
66340,1
66342,6
66343,5
66345,2
66346,5
66348,1
66349,7
66352,3
66355,7
66358,3
66359,2
66361,2
66362,3
66364,1
66365,1
66368,12
66371,2
66372,3
66374,8
66375,5
66377,1
66378,2
66380,2
66381,4
66384,1
66387,6
66388,2
66390,3
66391,2
66393,4
66394,5
66400,12
66403,6
66404,1
66406,3
66407,3
66409,1
66410,2
66413,3
66416,4
66419,5
66420,2
66422,2
66423,2
66425,5
66426,5
66429,2
66432,5
66435,2
66436,2
66438,6
66439,2
66441,3
66442,4
66444,2
66445,3
66448,6
66451,5
66452,3
66454,2
66455,2
66457,6
66458,3
66460,3
66461,2
66464,7
66467,4
66470,2
66471,2
66473,2
66477,6
66480,5
66483,8
66487,2
66489,4
66490,6
66492,2
66493,1
66496,7
66499,3
66500,2
66502,3
66503,3
66506,2
66508,2
66509,3
66512,6
66515,9
66516,1
66518,1
66519,2
66521,3
66522,3
66524,1
66525,2
66528,13
66531,6
66534,5
66535,3
66537,1
66540,1
66541,7
66544,5
66547,6
66550,1
66551,3
66553,4
66554,2
66557,4
66560,6
66563,3
66564,1
66566,4
66567,1
66569,2
66570,2
66572,5
66573,6
66576,1
66579,7
66580,1
66582,4
66583,2
66585,2
66586,2
66589,1
66592,8
66595,2
66596,1
66598,2
66599,2
66601,2
66602,2
66604,3
66605,9
66608,1
66611,5
66612,3
66614,1
66617,2
66618,2
66620,1
66621,2
66624,9
66627,3
66628,2
66630,5
66631,5
66633,2
66636,3
66637,6
66640,2
66643,4
66644,2
66646,1
66647,3
66649,3
66650,5
66652,2
66653,3
66656,11
66659,2
66660,1
66662,4
66663,1
66665,2
66666,2
66669,8
66672,1
66675,7
66676,3
66678,2
66679,5
66681,1
66682,2
66685,3
66688,12
66691,3
66694,5
66695,2
66697,1
66700,1
66701,1
66704,2
66707,4
66708,3
66710,2
66711,1
66713,3
66714,8
66716,1
66717,4
66720,13
66723,1
66724,2
66726,5
66727,2
66729,2
66730,2
66732,2
66733,5
66739,7
66740,2
66742,1
66743,3
66745,3
66746,5
66748,2
66749,5
66752,8
66755,2
66756,1
66758,8
66759,1
66762,2
66764,1
66765,7
66768,3
66771,12
66772,1
66774,6
66777,2
66778,4
66780,1
66781,3
66784,7
66787,3
66788,2
66790,5
66791,6
66794,3
66796,1
66797,9
66800,3
66803,12
66804,2
66806,2
66807,1
66809,2
66810,5
66812,2
66813,4
66816,7
66819,1
66820,1
66822,8
66823,7
66825,1
66826,4
66828,2
66829,8
66832,5
66835,4
66836,1
66838,1
66839,2
66841,4
66842,7
66844,2
66845,4
66848,8
66851,5
66852,1
66854,6
66855,4
66857,2
66858,4
66860,4
66861,4
66864,3
66867,7
66868,1
66870,2
66871,1
66873,2
66874,6
66877,4
66880,12
66883,4
66884,1
66886,9
66887,3
66889,1
66890,1
66893,5
66896,2
66899,8
66900,3
66902,2
66905,2
66906,4
66908,1
66912,9
66915,3
66916,1
66918,6
66919,6
66921,1
66922,3
66924,3
66925,9
66928,7
66931,5
66932,1
66934,1
66937,6
66938,6
66941,2
66944,7
66947,5
66948,2
66950,6
66954,1
66956,3
66957,9
66960,9
66963,6
66964,2
66966,3
66967,6
66969,3
66970,1
66973,5
66976,8
66979,3
66980,1
66982,7
66985,4
66986,3
66989,7
66992,5
66995,7
66996,2
66998,6
66999,1
67001,4
67002,4
67005,1
67008,8
67011,3
67014,6
67015,4
67017,2
67018,2
67020,2
67021,10
67027,10
67028,3
67030,3
67031,2
67033,2
67034,7
67037,3
67040,8
67043,3
67044,2
67046,6
67047,5
67050,5
67052,2
67053,10
67056,3
67059,9
67060,4
67062,2
67065,4
67066,6
67068,1
67069,2
67072,6
67075,5
67076,1
67078,7
67079,4
67081,3
67082,5
67084,1
67085,7
67088,4
67091,5
67092,2
67094,2
67095,3
67097,2
67098,6
67100,1
67101,4
67104,11
67107,1
67110,6
67111,4
67113,4
67114,1
67116,2
67117,5
67120,3
67123,10
67124,1
67126,3
67127,2
67129,4
67130,5
67132,1
67133,6
67136,7
67139,2
67140,1
67142,6
67143,3
67145,2
67146,1
67149,4
67152,3
67155,8
67156,1
67158,1
67159,3
67161,4
67162,8
67164,3
67165,4
67168,11
67171,5
67174,3
67175,1
67181,7
67184,3
67187,7
67188,3
67190,3
67191,2
67193,4
67194,2
67196,1
67197,4
67200,8
67203,2
67206,8
67207,6
67209,2
67210,6
67213,4
67216,5
67219,5
67220,1
67223,3
67225,5
67226,11
67228,3
67229,3
67232,9
67235,4
67238,5
67239,2
67241,2
67242,1
67244,2
67245,9
67248,5
67251,4
67252,2
67254,2
67255,1
67257,1
67258,7
67261,4
67264,14
67267,4
67268,2
67270,4
67271,5
67274,2
67276,2
67277,6
67280,3
67283,8
67284,1
67286,2
67287,2
67289,3
67290,6
67292,1
67293,8
67296,7
67299,2
67300,3
67302,9
67303,4
67305,3
67306,3
67308,2
67309,7
67312,3
67315,9
67316,2
67318,2
67319,3
67321,7
67322,1
67324,1
67325,3
67328,6
67331,5
67334,7
67335,4
67337,1
67338,5
67340,1
67341,9
67344,4
67347,8
67348,5
67350,2
67351,1
67353,3
67354,1
67356,2
67357,4
67360,6
67363,2
67366,4
67367,2
67369,2
67372,2
67373,6
67376,6
67379,8
67380,2
67382,1
67385,5
67386,5
67389,2
67392,5
67395,3
67398,7
67399,4
67401,2
67402,5
67404,2
67405,4
67408,6
67411,8
67412,2
67414,5
67415,2
67417,4
67418,8
67421,2
67424,12
67427,4
67430,5
67433,2
67434,3
67436,2
67437,4
67440,4
67443,5
67444,5
67446,3
67447,1
67449,3
67450,4
67452,1
67453,2
67456,8
67459,3
67460,2
67462,7
67463,3
67465,1
67466,3
67468,1
67469,9
67472,3
67475,7
67476,2
67478,6
67479,2
67481,7
67482,3
67484,1
67485,3
67488,4
67491,3
67492,1
67494,5
67495,3
67497,2
67498,3
67500,1
67501,7
67504,2
67507,9
67508,3
67510,2
67511,2
67513,4
67514,10
67517,1
67520,9
67523,2
67524,1
67526,8
67527,5
67529,2
67530,2
67532,4
67533,10
67536,5
67539,4
67540,1
67542,1
67543,3
67545,4
67546,3
67548,2
67552,11
67555,7
67558,6
67559,4
67562,5
67564,2
67565,8
67568,3
67571,12
67572,2
67574,2
67575,2
67577,3
67578,6
67580,2
67581,3
67584,13
67587,4
67588,1
67590,9
67591,4
67593,3
67594,3
67596,3
67597,10
67600,1
67603,5
67606,2
67607,2
67609,3
67610,8
67612,2
67613,3
67616,13
67619,2
67622,7
67623,6
67625,1
67626,4
67628,4
67629,8
67632,9
67635,5
67636,2
67638,2
67639,1
67641,3
67642,7
67645,1
67648,9
67651,6
67652,1
67654,5
67655,7
67657,1
67658,2
67660,1
67661,8
67664,6
67667,7
67668,1
67670,5
67673,5
67674,4
67677,5
67680,15
67683,4
67686,4
67687,2
67689,1
67690,5
67692,2
67693,8
67696,4
67699,8
67700,2
67702,4
67703,2
67705,4
67706,4
67709,2
67712,12
67715,7
67716,3
67718,10
67719,4
67721,2
67722,5
67724,3
67725,6
67728,5
67731,4
67732,3
67735,4
67737,3
67738,7
67741,5
67744,9
67747,4
67748,2
67750,3
67751,3
67754,1
67756,1
67757,9
67760,6
67763,5
67764,2
67766,2
67767,5
67769,4
67770,7
67773,2
67776,4
67779,3
67782,8
67783,4
67785,5
67786,1
67789,14
67792,2
67795,15
67796,2
67798,1
67799,2
67801,2
67802,5
67805,2
67808,8
67811,3
67814,2
67815,11
67817,2
67818,3
67820,1
67821,5
67824,4
67827,4
67828,2
67830,2
67831,3
67833,4
67834,8
67836,1
67837,4
67840,11
67843,4
67844,1
67846,6
67847,5
67849,2
67850,4
67852,1
67853,11
67856,6
67859,3
67860,4
67863,3
67865,5
67866,9
67868,1
67869,4
67872,13
67875,4
67876,1
67878,5
67879,5
67881,1
67882,2
67885,4
67888,5
67891,7
67892,6
67894,1
67895,2
67897,1
67898,6
67901,2
67904,14
67907,6
67910,8
67911,1
67913,2
67914,5
67916,6
67917,5
67920,4
67923,9
67924,3
67926,3
67927,1
67929,5
67930,11
67932,1
67933,4
67936,11
67939,8
67940,1
67942,13
67943,2
67946,1
67948,2
67949,6
67952,4
67955,6
67956,3
67958,2
67959,1
67961,4
67962,7
67964,1
67965,3
67968,11
67971,3
67972,1
67974,3
67975,3
67977,4
67978,2
67980,2
67981,7
67984,6
67987,11
67988,3
67990,2
67991,1
67993,5
67994,5
67996,2
67997,5
68000,9
68003,5
68004,1
68006,6
68007,4
68009,1
68010,3
68012,1
68013,7
68016,8
68019,9
68020,2
68022,1
68023,2
68025,3
68026,3
68029,4
68032,6
68035,3
68038,5
68039,7
68041,3
68042,3
68044,1
68045,11
68048,5
68051,8
68052,1
68054,1
68055,1
68057,5
68058,9
68060,1
68061,4
68064,17
68067,9
68068,2
68070,8
68071,5
68073,1
68074,1
68076,4
68077,8
68080,5
68083,7
68084,5
68086,5
68089,2
68090,9
68092,1
68093,4
68096,7
68099,2
68100,2
68102,6
68103,3
68105,3
68106,3
68108,2
68109,10
68112,6
68115,4
68116,2
68118,1
68119,1
68121,4
68122,3
68125,4
68128,17
68131,5
68132,1
68134,8
68135,8
68137,6
68138,2
68140,1
68141,13
68144,2
68147,8
68150,4
68151,6
68153,6
68154,3
68157,1
68160,13
68163,6
68164,1
68166,3
68167,5
68169,2
68170,4
68172,5
68173,13
68176,3
68179,11
68180,5
68182,3
68183,1
68185,6
68186,13
68189,6
68192,6
68195,5
68198,7
68199,3
68202,2
68204,2
68205,6
68208,5
68211,10
68212,2
68214,2
68215,2
68217,10
68218,9
68220,2
68221,2
68224,16
68227,3
68230,11
68231,4
68233,2
68234,3
68236,3
68237,7
68240,4
68243,6
68244,2
68246,3
68247,3
68249,4
68250,6
68252,1
68253,3
68256,12
68259,6
68262,6
68263,3
68265,1
68266,4
68269,12
68272,1
68275,10
68278,1
68279,3
68281,6
68282,9
68285,2
68288,11
68291,3
68294,6
68295,3
68297,2
68298,2
68300,1
68301,11
68304,3
68307,6
68308,1
68310,5
68311,1
68313,4
68314,6
68317,4
68320,14
68323,7
68324,1
68326,8
68327,6
68329,1
68330,2
68332,1
68333,10
68336,2
68339,9
68340,1
68342,5
68343,4
68345,5
68346,6
68349,6
68352,10
68355,6
68356,2
68358,7
68359,5
68361,6
68362,2
68365,11
68368,3
68371,7
68372,2
68374,2
68377,8
68378,5
68380,1
68381,6
68384,14
68387,2
68388,1
68390,5
68391,5
68393,3
68394,4
68396,2
68397,7
68400,8
68403,9
68404,5
68406,3
68407,3
68409,4
68410,5
68413,4
68416,16
68419,4
68420,2
68422,6
68423,9
68425,1
68426,2
68428,1
68429,11
68432,4
68435,8
68436,3
68438,3
68439,2
68441,5
68442,9
68444,5
68445,10
68448,10
68451,4
68454,5
68455,9
68457,3
68458,3
68460,5
68461,8
68464,10
68467,16
68470,2
68471,1
68473,1
68474,9
68476,1
68477,4
68480,13
68483,7
68486,6
68487,4
68489,3
68490,1
68492,1
68493,17
68496,4
68499,12
68500,1
68502,2
68505,8
68506,14
68509,1
68512,12
68515,10
68518,12
68519,6
68521,3
68522,1
68525,6
68528,6
68531,10
68532,3
68534,3
68535,1
68537,3
68538,8
68540,1
68541,3
68544,15
68547,3
68550,6
68551,5
68554,3
68557,9
68560,7
68563,10
68564,2
68566,3
68569,3
68570,7
68572,1
68573,2
68576,8
68579,3
68580,1
68582,7
68583,7
68585,1
68586,3
68588,4
68589,13
68592,4
68595,5
68596,3
68598,2
68601,3
68602,8
68608,12
68611,1
68614,4
68615,7
68617,3
68618,4
68620,2
68621,5
68624,7
68627,11
68628,2
68630,2
68631,2
68634,7
68636,1
68637,3
68640,14
68643,4
68644,1
68646,7
68647,3
68649,3
68650,5
68652,3
68653,12
68656,8
68659,7
68660,1
68662,5
68665,4
68666,5
68668,1
68669,3
68672,5
68675,3
68678,6
68679,2
68681,1
68682,5
68684,2
68685,12
68688,3
68691,9
68692,6
68694,2
68695,1
68697,1
68698,9
68701,2
68704,16
68707,4
68708,4
68710,9
68711,4
68713,4
68714,3
68716,3
68717,10
68720,6
68723,9
68724,1
68726,7
68727,1
68729,3
68730,5
68732,1
68733,4
68736,11
68739,3
68742,13
68743,4
68746,5
68748,2
68749,13
68752,3
68755,13
68756,7
68758,6
68759,2
68761,7
68762,6
68764,1
68765,3
68768,8
68771,1
68772,4
68774,6
68775,7
68777,1
68778,5
68780,2
68781,13
68784,8
68787,7
68788,5
68790,4
68791,1
68793,3
68794,4
68797,3
68800,11
68804,2
68806,8
68807,5
68809,2
68810,7
68812,4
68813,10
68816,11
68819,10
68820,6
68822,4
68823,1
68825,8
68826,8
68828,1
68829,2
68832,11
68835,2
68836,1
68838,7
68839,4
68841,2
68842,6
68844,1
68845,8
68848,4
68851,8
68852,1
68854,3
68855,1
68857,3
68858,6
68860,2
68861,1
68864,8
68867,2
68870,5
68871,6
68873,2
68874,4
68876,2
68877,4
68880,8
68883,8
68886,6
68887,1
68889,3
68890,6
68893,1
68896,10
68899,7
68900,1
68902,2
68903,8
68905,4
68906,4
68908,1
68909,9
68912,2
68915,10
68916,3
68918,1
68919,1
68921,8
68922,9
68924,2
68925,2
68928,19
68931,5
68932,1
68934,4
68935,8
68937,2
68938,5
68940,6
68941,5
68944,2
68947,12
68948,2
68950,4
68953,6
68954,6
68957,8
68960,5
68963,5
68964,3
68966,5
68967,5
68969,1
68970,5
68972,3
68973,9
68976,3
68979,13
68980,3
68982,2
68983,4
68985,6
68986,3
68988,1
68989,6
68992,8
68995,5
68998,6
68999,3
69002,1
69004,1
69005,9
69008,5
69011,9
69012,2
69015,4
69017,5
69018,14
69021,4
69024,12
69027,4
69028,2
69030,10
69031,5
69034,3
69036,3
69037,7
69040,8
69043,10
69044,5
69046,2
69047,2
69049,5
69050,4
69052,2
69053,6
69056,10
69059,4
69060,1
69062,8
69063,2
69065,2
69066,2
69068,1
69069,13
69072,1
69075,9
69076,4
69078,4
69079,1
69081,7
69082,7
69084,3
69085,7
69088,8
69091,4
69092,2
69094,8
69095,1
69097,5
69100,2
69101,12
69104,5
69107,10
69108,2
69110,2
69111,1
69113,4
69114,6
69117,5
69120,13
69123,7
69124,1
69126,12
69127,5
69129,2
69130,2
69133,11
69136,8
69139,9
69140,4
69142,5
69143,2
69145,4
69146,11
69148,1
69149,1
69152,17
69155,4
69158,5
69159,4
69161,3
69162,7
69164,1
69165,12
69168,3
69171,10
69172,2
69174,2
69175,5
69177,5
69178,6
69181,3
69184,18
69187,1
69188,4
69190,11
69191,5
69193,2
69194,7
69196,3
69197,16
69200,4
69203,9
69204,1
69206,2
69207,1
69209,5
69210,11
69213,8
69216,8
69219,3
69220,2
69222,7
69223,7
69225,1
69226,3
69228,2
69229,15
69232,6
69235,10
69238,4
69241,2
69242,4
69244,3
69245,6
69248,6
69251,5
69254,5
69255,3
69257,5
69261,8
69264,6
69267,11
69268,5
69271,1
69273,2
69274,12
69276,2
69277,3
69280,12
69283,7
69284,4
69286,10
69287,3
69289,4
69290,1
69292,2
69293,11
69296,5
69299,10
69300,1
69302,4
69303,1
69305,4
69306,12
69308,3
69309,4
69312,15
69315,6
69318,5
69319,6
69321,1
69322,1
69324,3
69325,10
69328,4
69331,10
69332,4
69334,4
69335,1
69337,4
69338,5
69340,1
69341,3
69344,14
69347,4
69348,1
69350,5
69351,5
69353,2
69354,1
69356,4
69357,11
69360,3
69363,10
69364,3
69367,2
69369,7
69370,12
69372,1
69373,6
69376,10
69379,7
69380,1
69382,9
69383,10
69385,1
69386,3
69388,4
69389,9
69392,9
69395,13
69396,3
69398,3
69399,5
69401,5
69402,10
69405,2
69408,15
69411,6
69414,4
69415,6
69417,2
69418,2
69420,1
69421,11
69424,2
69427,6
69428,3
69430,2
69431,1
69433,5
69434,8
69437,9
69440,15
69443,2
69446,4
69447,10
69449,3
69450,3
69452,2
69453,7
69456,10
69459,11
69460,1
69462,4
69463,3
69465,7
69466,7
69469,3
69472,17
69475,5
69476,1
69478,12
69479,4
69481,1
69482,5
69484,1
69485,10
69488,6
69491,9
69492,3
69494,1
69495,6
69497,7
69498,7
69501,3
69504,16
69507,2
69510,7
69511,2
69513,2
69514,3
69516,4
69517,9
69520,1
69523,7
69524,3
69526,3
69527,1
69529,9
69530,5
69532,1
69533,7
69536,9
69539,6
69542,16
69543,10
69545,1
69546,5
69548,1
69549,12
69552,9
69555,11
69556,3
69558,3
69559,1
69561,6
69562,7
69564,1
69565,7
69568,16
69571,2
69574,11
69575,3
69577,1
69578,3
69580,2
69581,14
69584,1
69587,8
69588,2
69590,2
69593,5
69594,8
69596,1
69597,5
69600,21
69603,7
69604,2
69606,13
69607,2
69610,4
69612,1
69613,8
69616,4
69619,8
69620,4
69622,8
69623,1
69625,2
69626,15
69628,2
69629,4
69632,10
69635,6
69636,1
69638,4
69639,6
69641,2
69642,1
69644,1
69645,10
69648,5
69651,9
69652,3
69654,2
69655,5
69657,8
69658,9
69660,2
69661,3
69664,11
69667,3
69668,1
69670,6
69671,2
69673,2
69674,2
69676,2
69677,5
69680,5
69683,8
69684,1
69686,1
69687,3
69689,5
69690,6
69693,3
69696,17
69699,7
69702,7
69703,5
69706,2
69708,5
69709,11
69712,4
69715,10
69716,2
69718,4
69719,2
69721,7
69722,9
69724,1
69725,7
69728,10
69732,1
69734,6
69735,4
69737,3
69738,2
69740,5
69741,10
69744,3
69747,9
69748,3
69750,2
69751,3
69753,4
69754,8
69756,1
69757,7
69760,17
69763,4
69764,3
69766,6
69767,5
69770,2
69772,2
69773,15
69776,6
69779,7
69782,5
69783,4
69785,7
69786,8
69788,1
69789,3
69792,11
69795,4
69796,1
69798,13
69799,5
69801,3
69802,2
69804,3
69805,12
69808,3
69811,9
69812,2
69814,3
69817,3
69818,6
69821,6
69824,11
69827,1
69828,1
69830,4
69831,2
69833,2
69834,6
69836,4
69837,8
69840,5
69843,11
69844,4
69846,2
69847,2
69849,4
69850,9
69852,2
69853,12
69856,18
69859,4
69862,7
69863,3
69865,3
69868,3
69869,5
69872,4
69875,10
69876,1
69878,1
69879,1
69881,5
69882,14
69885,2
69888,10
69891,4
69892,2
69894,7
69895,3
69897,3
69898,4
69901,13
69904,4
69907,6
69908,4
69910,1
69911,3
69913,5
69914,11
69916,3
69917,3
69920,9
69923,2
69924,1
69926,8
69927,6
69929,1
69930,2
69932,5
69933,15
69936,6
69939,7
69942,6
69943,2
69945,5
69946,7
69948,1
69949,2
69952,15
69955,4
69958,6
69959,5
69961,1
69962,2
69964,1
69965,11
69968,5
69971,3
69972,2
69974,8
69975,5
69977,3
69978,13
69981,4
69984,16
69987,1
69988,2
69990,5
69991,8
69993,5
69994,4
69996,3
69997,11
70000,5
70003,6
70004,5
70007,2
70009,5
70010,3
70012,1
70013,4
70016,12
70019,2
70022,7
70025,2
70026,1
70028,5
70029,10
70032,2
70035,15
70036,3
70038,2
70039,5
70041,2
70042,10
70044,1
70045,2
70048,13
70051,5
70052,1
70054,4
70055,4
70057,2
70058,4
70060,3
70061,7
70064,4
70067,11
70068,3
70070,4
70071,3
70073,6
70074,6
70076,2
70077,5
70080,9
70083,4
70084,3
70086,10
70087,8
70090,3
70093,11
70096,8
70099,5
70100,3
70102,1
70103,3
70105,6
70106,10
70109,10
70112,15
70115,4
70118,8
70119,5
70121,3
70122,7
70124,1
70125,11
70128,4
70131,7
70132,3
70134,2
70137,2
70138,5
70140,2
70141,7
70144,8
70147,3
70148,1
70150,3
70151,4
70153,1
70154,4
70156,4
70157,6
70160,6
70163,7
70164,2
70166,1
70167,1
70169,8
70170,2
70173,5
70176,15
70179,6
70180,1
70182,6
70183,6
70185,2
70186,2
70188,3
70189,12
70192,3
70195,11
70196,4
70198,8
70199,1
70201,3
70202,9
70204,1
70205,2
70208,14
70211,3
70212,1
70214,4
70215,3
70217,2
70218,6
70220,4
70221,12
70224,4
70227,11
70228,2
70231,3
70233,4
70234,10
70240,14
70243,6
70246,9
70247,7
70250,5
70253,14
70256,7
70259,9
70260,3
70262,4
70263,2
70265,3
70266,8
70268,1
70269,1
70272,13
70275,6
70276,1
70278,4
70279,5
70281,1
70284,3
70285,3
70288,5
70291,8
70294,5
70295,5
70297,3
70298,7
70301,2
70304,9
70307,4
70310,5
70311,7
70313,3
70314,1
70316,1
70317,7
70320,6
70323,10
70324,2
70326,4
70327,1
70329,8
70330,10
70332,2
70333,4
70336,10
70339,7
70340,2
70342,10
70343,4
70345,1
70346,4
70348,4
70349,13
70352,6
70355,8
70356,2
70358,7
70359,3
70361,4
70362,8
70365,3
70368,18
70371,4
70374,10
70375,4
70377,4
70378,6
70380,3
70381,12
70384,7
70387,6
70388,3
70390,3
70391,1
70393,5
70394,10
70396,1
70397,3
70400,11
70403,6
70404,1
70406,7
70407,4
70409,2
70410,2
70412,2
70413,7
70416,5
70419,11
70420,2
70422,4
70423,3
70425,1
70426,11
70429,3
70432,8
70435,2
70436,1
70438,7
70439,2
70441,3
70442,4
70444,3
70445,9
70448,7
70451,13
70452,2
70455,4
70457,2
70458,6
70461,5
70464,11
70467,6
70468,1
70470,10
70471,3
70473,4
70474,1
70476,1
70477,14
70480,2
70483,6
70484,2
70486,2
70487,4
70489,6
70490,8
70492,2
70493,7
70496,15
70499,9
70500,3
70502,2
70503,7
70505,1
70506,4
70508,1
70509,13
70512,3
70515,10
70516,4
70518,5
70519,1
70521,6
70522,8
70524,2
70525,4
70528,12
70531,5
70534,9
70535,6
70537,1
70538,2
70540,3
70541,5
70544,12
70547,7
70548,2
70550,3
70551,2
70553,3
70554,3
70556,1
70557,4
70560,12
70563,5
70564,2
70566,7
70567,6
70569,4
70570,2
70572,3
70573,3
70576,14
70579,13
70580,1
70583,1
70585,7
70586,13
70589,2
70592,12
70595,5
70596,2
70598,6
70599,5
70601,3
70602,7
70604,3
70605,18
70608,5
70611,8
70612,4
70614,4
70615,1
70617,4
70618,7
70620,1
70621,7
70624,16
70627,5
70628,2
70630,5
70631,7
70633,5
70634,4
70636,4
70637,2
70640,2
70643,11
70644,2
70646,2
70647,6
70649,5
70650,6
70652,1
70656,13
70659,8
70660,1
70662,7
70663,1
70665,6
70666,2
70668,1
70669,12
70672,6
70675,8
70676,4
70678,6
70679,3
70681,3
70682,5
70684,2
70685,4
70688,10
70691,6
70694,10
70695,2
70698,5
70700,2
70701,13
70704,6
70707,7
70708,2
70710,2
70711,4
70713,6
70714,6
70717,2
70720,12
70723,7
70724,3
70726,14
70727,7
70729,6
70730,2
70732,5
70733,13
70736,2
70739,9
70740,1
70742,4
70743,3
70745,10
70746,10
70749,7
70752,13
70755,3
70756,2
70758,7
70759,2
70761,2
70762,2
70764,1
70765,15
70768,7
70771,9
70772,1
70774,3
70775,1
70777,2
70778,7
70780,2
70781,4
70784,11
70787,5
70788,2
70790,8
70791,4
70794,5
70796,4
70797,10
70800,3
70803,11
70804,1
70806,5
70807,2
70809,4
70810,10
70812,2
70813,4
70816,13
70819,7
70820,1
70822,10
70823,5
70825,6
70826,3
70828,3
70829,10
70832,2
70835,10
70838,2
70839,1
70841,6
70842,8
70844,2
70845,5
70848,18
70851,1
70854,9
70855,4
70857,5
70858,1
70860,3
70861,5
70864,5
70867,9
70868,1
70870,1
70871,1
70873,6
70874,14
70877,5
70880,13
70883,3
70886,8
70887,1
70889,2
70890,3
70892,3
70893,11
70896,8
70899,8
70900,3
70902,2
70903,2
70905,4
70906,13
70909,2
70912,18
70915,5
70918,11
70919,6
70921,2
70922,6
70924,3
70925,10
70928,7
70931,11
70932,2
70934,3
70935,2
70937,7
70938,10
70940,3
70941,5
70944,9
70947,4
70948,1
70950,7
70951,5
70953,1
70954,3
70956,1
70957,11
70960,6
70963,2
70964,2
70966,4
70967,3
70969,11
70970,10
70972,1
70973,3
70976,17
70979,3
70980,1
70982,4
70983,10
70985,2
70986,1
70988,2
70989,10
70992,9
70995,13
70996,4
70998,2
70999,1
71001,11
71002,6
71004,2
71005,5
71008,11
71011,6
71012,2
71014,7
71015,7
71017,2
71018,1
71020,2
71021,11
71024,6
71027,9
71028,2
71030,1
71031,1
71033,5
71034,11
71037,7
71040,15
71043,3
71046,7
71049,4
71050,2
71052,4
71053,10
71056,1
71059,10
71060,3
71062,1
71063,3
71065,5
71066,13
71068,1
71069,3
71072,14
71075,6
71076,2
71078,8
71079,5
71081,2
71082,5
71084,2
71085,9
71088,7
71091,7
71092,1
71094,5
71095,1
71097,6
71098,8
71100,4
71101,6
71104,10
71107,5
71108,4
71110,5
71111,4
71113,1
71114,3
71116,3
71117,6
71120,5
71123,9
71124,2
71126,5
71127,3
71129,5
71130,9
71132,2
71133,3
71136,15
71139,7
71140,2
71142,8
71143,4
71145,2
71146,5
71149,9
71152,5
71155,12
71156,8
71158,3
71159,1
71161,6
71162,8
71164,2
71165,2
71168,8
71171,5
71172,1
71174,6
71175,3
71177,5
71178,5
71180,2
71181,12
71184,9
71187,12
71188,3
71190,1
71191,7
71193,3
71194,7
71196,1
71197,3
71200,11
71203,3
71204,2
71206,8
71207,5
71209,2
71210,6
71212,3
71213,9
71216,5
71219,10
71220,2
71222,7
71223,2
71225,2
71226,8
71229,5
71232,18
71238,3
71239,3
71241,4
71242,3
71244,3
71245,11
71248,5
71251,7
71252,3
71254,5
71255,3
71257,5
71258,2
71261,2
71264,8
71267,6
71268,1
71270,7
71271,5
71273,1
71274,3
71276,1
71277,8
71280,1
71283,11
71286,4
71287,3
71289,5
71290,5
71293,4
71296,11
71299,3
71302,10
71303,3
71305,7
71306,1
71308,3
71309,8
71315,8
71316,5
71318,3
71319,2
71321,4
71322,3
71324,4
71325,4
71328,13
71331,8
71332,1
71334,9
71335,5
71337,2
71338,4
71341,7
71344,5
71347,11
71348,4
71350,4
71351,1
71353,6
71354,7
71357,3
71360,13
71363,5
71366,4
71367,5
71369,5
71370,3
71372,4
71373,12
71376,6
71379,8
71380,2
71382,4
71383,1
71385,8
71386,4
71388,2
71389,4
71392,15
71395,5
71398,6
71399,5
71401,1
71402,1
71404,3
71405,11
71408,9
71411,9
71412,1
71414,8
71415,4
71417,8
71418,4
71420,1
71421,6
71424,10
71427,5
71430,12
71431,3
71433,4
71434,2
71436,1
71437,7
71440,3
71443,11
71444,5
71446,5
71447,2
71449,5
71450,6
71452,4
71453,2
71456,13
71459,4
71460,1
71462,4
71463,4
71465,2
71466,3
71468,3
71469,7
71472,3
71475,10
71476,3
71478,2
71479,2
71481,3
71482,6
71484,1
71485,3
71488,14
71491,5
71492,1
71494,8
71495,1
71497,2
71498,4
71500,2
71501,6
71504,6
71507,12
71508,3
71510,1
71511,1
71513,4
71514,6
71516,2
71517,6
71520,16
71523,3
71524,1
71526,4
71527,2
71529,3
71530,3
71532,8
71533,11
71536,8
71539,8
71540,2
71542,3
71543,1
71545,7
71546,11
71549,5
71552,10
71555,6
71558,7
71559,1
71561,4
71562,2
71565,11
71568,3
71571,13
71572,2
71574,2
71575,3
71577,3
71578,9
71581,2
71584,13
71587,4
71588,1
71590,9
71591,4
71594,1
71596,5
71597,7
71600,5
71603,7
71604,3
71606,1
71607,2
71609,9
71610,7
71612,1
71613,7
71616,9
71619,7
71622,4
71623,4
71625,2
71626,3
71628,2
71629,11
71635,5
71636,2
71638,2
71639,3
71641,4
71642,6
71644,2
71645,5
71648,13
71652,4
71654,7
71655,5
71658,1
71660,3
71661,7
71664,4
71667,9
71668,1
71670,4
71671,3
71673,2
71674,8
71677,3
71680,13
71683,4
71684,1
71686,9
71687,8
71689,1
71690,3
71692,1
71693,8
71696,1
71699,8
71700,1
71702,6
71703,2
71705,5
71706,3
71708,2
71709,1
71712,5
71715,5
71718,7
71719,6
71721,2
71722,4
71724,3
71725,8
71728,8
71731,11
71732,4
71734,8
71737,7
71738,5
71740,1
71741,4
71744,13
71747,2
71748,2
71750,11
71751,2
71753,1
71754,2
71756,5
71757,8
71760,3
71763,14
71764,1
71766,2
71767,6
71769,3
71770,6
71772,1
71773,3
71776,7
71779,4
71782,10
71783,7
71786,5
71788,5
71789,3
71792,3
71795,5
71796,3
71798,2
71799,3
71801,8
71802,9
71805,2
71808,16
71811,3
71814,8
71815,6
71817,5
71818,5
71820,2
71821,8
71824,5
71827,8
71828,1
71830,2
71831,1
71833,5
71834,4
71837,8
71840,13
71843,2
71844,1
71846,9
71847,1
71849,2
71850,1
71852,2
71853,9
71856,4
71859,7
71860,4
71862,2
71863,1
71865,3
71866,10
71869,3
71872,12
71875,1
71878,9
71881,2
71882,3
71884,2
71885,9
71888,3
71891,12
71892,4
71894,3
71895,4
71897,4
71898,11
71900,2
71901,4
71904,15
71907,3
71910,3
71911,2
71913,4
71914,4
71916,1
71917,6
71920,4
71923,9
71924,5
71926,1
71927,1
71929,5
71930,7
71932,1
71933,3
71936,11
71939,3
71942,6
71943,4
71945,2
71946,1
71948,4
71949,4
71952,8
71955,8
71956,3
71958,4
71961,4
71962,6
71964,3
71965,3
71968,12
71971,2
71972,2
71974,8
71975,2
71977,2
71978,3
71981,6
71984,2
71987,3
71988,2
71990,5
71991,3
71993,8
71994,7
71996,1
71997,2
72000,11
72003,1
72004,2
72006,4
72007,1
72009,3
72010,4
72013,8
72016,5
72019,14
72020,3
72022,4
72025,5
72026,7
72028,2
72029,1
72032,17
72035,1
72038,5
72039,4
72042,5
72044,4
72045,9
72048,5
72051,11
72052,4
72054,2
72055,3
72057,5
72058,12
72061,2
72064,15
72067,5
72068,2
72070,7
72071,4
72073,2
72076,1
72077,9
72080,7
72083,4
72084,2
72086,1
72087,1
72089,5
72090,4
72092,2
72093,4
72096,11
72099,4
72102,5
72103,5
72105,3
72106,3
72108,3
72109,6
72112,7
72115,8
72116,3
72118,2
72119,2
72121,5
72122,5
72124,1
72125,6
72128,10
72131,1
72132,2
72134,3
72135,6
72137,3
72138,4
72140,1
72141,7
72144,7
72147,15
72148,1
72150,4
72153,5
72154,3
72156,2
72157,2
72160,16
72163,2
72166,8
72167,5
72169,4
72170,2
72172,2
72173,9
72176,4
72179,7
72180,3
72182,2
72183,1
72185,3
72186,9
72188,1
72189,3
72192,9
72195,2
72196,2
72198,6
72199,3
72201,1
72202,7
72204,5
72205,13
72208,7
72211,15
72212,3
72214,3
72215,2
72217,6
72218,8
72220,1
72221,2
72224,18
72227,4
72230,6
72231,1
72233,4
72234,3
72237,9
72240,8
72243,10
72244,2
72246,2
72247,1
72249,5
72250,7
72253,1
72256,12
72259,5
72260,2
72262,4
72263,3
72265,5
72266,2
72268,2
72269,6
72272,7
72275,10
72278,4
72279,7
72281,4
72282,4
72284,1
72285,5
72288,7
72291,4
72292,2
72294,7
72295,4
72297,3
72298,7
72300,4
72301,9
72304,5
72307,6
72308,1
72310,3
72311,1
72313,4
72314,5
72316,2
72317,3
72320,11
72323,4
72326,9
72327,2
72329,3
72330,2
72332,3
72333,6
72336,3
72339,7
72340,2
72342,1
72343,5
72345,5
72346,3
72348,1
72349,4
72352,8
72355,1
72356,4
72358,8
72359,4
72362,2
72364,1
72365,12
72368,1
72371,8
72372,2
72374,2
72375,2
72377,4
72378,5
72380,1
72381,4
72384,9
72387,3
72388,2
72390,2
72391,6
72393,2
72394,3
72397,10
72400,2
72403,17
72404,1
72406,1
72407,1
72409,1
72410,10
72413,3
72416,9
72419,2
72422,3
72423,2
72425,3
72426,4
72428,2
72429,10
72432,6
72435,9
72436,1
72438,4
72439,2
72441,5
72442,6
72444,1
72445,5
72448,13
72451,2
72452,1
72454,9
72455,6
72457,3
72458,4
72460,2
72461,6
72464,5
72467,6
72468,1
72470,3
72473,1
72474,4
72477,5
72480,7
72483,3
72484,1
72486,7
72487,3
72489,2
72490,4
72492,2
72493,10
72496,5
72499,11
72502,3
72503,1
72505,3
72506,7
72509,5
72512,11
72515,3
72516,3
72518,6
72519,4
72521,2
72522,1
72524,5
72525,12
72528,6
72531,9
72532,3
72534,5
72535,1
72537,4
72538,1
72540,1
72541,4
72544,10
72547,3
72548,1
72550,4
72551,3
72553,3
72554,6
72556,4
72557,7
72560,4
72563,14
72564,3
72566,2
72567,2
72569,3
72570,4
72573,1
72576,15
72579,3
72582,3
72583,7
72585,2
72586,2
72588,2
72589,8
72592,4
72595,4
72596,2
72598,3
72601,6
72602,7
72604,1
72605,2
72608,10
72611,6
72612,2
72614,8
72615,5
72617,4
72618,3
72620,2
72621,14
72624,4
72627,9
72630,1
72631,1
72633,2
72634,15
72636,1
72637,5
72640,11
72643,4
72646,9
72647,6
72650,1
72653,9
72656,4
72659,8
72660,3
72662,4
72663,3
72665,3
72666,9
72669,8
72672,11
72675,3
72678,6
72679,2
72681,2
72682,3
72684,3
72685,11
72688,10
72691,8
72692,1
72694,5
72695,3
72697,5
72698,6
72700,2
72701,3
72704,10
72707,4
72708,2
72710,3
72711,3
72713,2
72714,3
72716,4
72717,7
72720,2
72723,10
72724,1
72726,4
72727,3
72729,6
72730,10
72732,1
72733,2
72736,12
72739,3
72742,3
72743,1
72746,5
72748,1
72749,8
72752,6
72755,10
72756,4
72758,7
72761,4
72762,3
72764,2
72765,7
72768,7
72771,6
72774,6
72775,4
72777,1
72778,2
72780,3
72781,12
72784,6
72787,12
72788,3
72791,1
72793,5
72794,7
72797,5
72800,9
72803,6
72804,1
72806,5
72807,9
72809,3
72810,2
72812,4
72813,6
72816,4
72819,7
72820,2
72822,2
72825,7
72826,11
72829,3
72832,15
72835,3
72836,2
72838,12
72839,3
72841,1
72842,1
72844,2
72845,2
72848,6
72851,12
72852,1
72854,4
72855,2
72857,4
72858,8
72860,1
72861,4
72864,11
72867,3
72870,3
72871,8
72873,2
72874,1
72876,3
72877,7
72880,4
72883,13
72884,3
72886,3
72889,7
72890,5
72892,2
72893,5
72896,17
72899,4
72902,5
72903,5
72906,2
72908,3
72909,14
72912,1
72915,12
72918,4
72919,1
72921,3
72922,5
72924,1
72925,9
72928,13
72931,2
72932,1
72934,7
72935,5
72937,2
72938,3
72940,2
72941,3
72944,4
72947,7
72948,3
72950,2
72951,2
72953,3
72954,6
72956,1
72957,1
72960,9
72963,1
72964,1
72966,9
72967,5
72969,4
72970,3
72973,13
72976,6
72979,15
72980,2
72982,4
72985,5
72986,5
72992,8
72995,4
72998,6
72999,7
73001,2
73002,2
73004,3
73005,10
73008,8
73011,5
73012,1
73014,2
73015,1
73017,7
73018,6
73021,1
73024,15
73027,2
73028,2
73030,5
73031,1
73033,3
73034,2
73036,4
73037,10
73040,2
73043,10
73044,3
73046,1
73047,2
73049,9
73050,4
73053,4
73056,13
73059,4
73062,1
73063,3
73065,2
73066,4
73068,1
73069,4
73072,7
73075,13
73076,1
73078,2
73079,2
73081,3
73082,6
73085,4
73088,6
73091,7
73094,8
73095,5
73097,1
73098,5
73100,3
73101,8
73104,3
73107,9
73108,3
73110,1
73111,3
73113,5
73114,8
73116,2
73117,2
73120,8
73123,3
73126,9
73127,3
73129,2
73130,2
73132,4
73133,5
73136,2
73139,14
73140,2
73142,2
73145,3
73146,5
73149,6
73152,12
73155,7
73158,4
73159,3
73162,5
73164,2
73165,15
73168,7
73171,10
73172,1
73174,1
73175,1
73177,5
73178,5
73181,5
73184,8
73187,3
73190,7
73191,2
73193,4
73194,1
73197,10
73200,1
73203,9
73204,1
73206,1
73207,5
73209,4
73210,7
73212,2
73213,3
73216,13
73219,8
73222,9
73223,6
73225,2
73226,2
73228,2
73229,16
73232,2
73235,10
73236,2
73238,6
73239,2
73241,5
73242,4
73244,1
73245,1
73248,17
73251,3
73254,9
73255,4
73257,3
73258,4
73260,2
73261,5
73264,7
73267,8
73268,5
73270,2
73271,3
73273,2
73274,3
73277,1
73280,21
73283,7
73284,2
73286,6
73287,5
73289,3
73290,2
73292,5
73293,6
73296,5
73299,4
73300,4
73302,2
73303,3
73305,4
73306,10
73308,3
73309,1
73312,15
73315,3
73318,8
73319,3
73321,1
73322,5
73325,10
73331,7
73332,3
73334,3
73335,1
73337,6
73338,10
73341,4
73344,10
73347,2
73348,1
73350,1
73351,4
73353,2
73354,3
73356,3
73357,10
73360,5
73363,11
73364,5
73366,2
73367,1
73369,2
73370,6
73372,3
73373,5
73376,12
73379,3
73382,3
73383,2
73385,3
73386,1
73388,1
73389,10
73392,3
73395,8
73396,2
73398,2
73399,2
73401,6
73402,6
73405,11
73408,9
73411,3
73414,5
73415,2
73418,2
73420,3
73421,10
73424,4
73427,8
73428,5
73431,4
73433,4
73434,8
73436,2
73437,3
73440,12
73443,4
73444,1
73446,3
73447,2
73449,2
73450,3
73452,2
73453,15
73456,1
73459,5
73460,4
73462,2
73463,5
73465,8
73466,4
73469,7
73472,9
73475,6
73478,5
73479,4
73481,2
73482,1
73484,2
73485,4
73488,4
73491,9
73494,4
73495,2
73497,3
73498,4
73500,1
73501,5
73504,12
73507,3
73508,1
73510,11
73511,6
73513,2
73516,3
73517,8
73520,4
73523,5
73524,3
73526,3
73527,2
73529,6
73530,9
73532,1
73533,5
73536,16
73539,3
73540,2
73542,6
73543,3
73545,1
73546,1
73548,2
73549,6
73552,2
73555,13
73556,1
73558,3
73559,3
73561,5
73562,7
73565,6
73568,9
73571,3
73572,1
73574,4
73575,2
73577,1
73580,1
73581,8
73584,5
73587,5
73588,2
73590,6
73591,3
73593,5
73594,6
73596,1
73597,3
73600,12
73603,2
73604,2
73606,2
73607,7
73609,2
73610,2
73612,4
73613,8
73616,2
73619,6
73620,2
73622,4
73623,2
73625,2
73626,9
73629,5
73632,9
73635,2
73636,1
73638,6
73639,4
73641,2
73642,3
73644,2
73645,13
73648,5
73651,6
73652,2
73654,1
73655,2
73657,5
73658,8
73660,1
73661,2
73664,12
73667,4
73668,2
73670,5
73671,3
73673,1
73674,1
73676,2
73677,12
73680,3
73683,8
73684,6
73686,1
73687,2
73689,6
73690,6
73692,2
73693,6
73696,7
73699,3
73700,1
73702,12
73703,4
73705,1
73708,3
73709,4
73712,3
73715,9
73716,6
73718,3
73719,1
73722,5
73724,1
73725,3
73728,5
73731,1
73732,2
73734,3
73735,5
73737,3
73738,1
73740,2
73741,9
73744,4
73747,5
73748,3
73750,3
73751,4
73753,2
73754,6
73756,2
73757,2
73760,10
73763,1
73766,7
73767,3
73769,2
73770,3
73772,2
73773,7
73776,2
73779,5
73780,2
73782,2
73783,5
73785,3
73786,8
73789,4
73792,13
73795,6
73798,8
73799,4
73801,1
73802,2
73804,2
73805,9
73808,10
73811,8
73812,2
73814,2
73815,3
73817,6
73818,6
73820,1
73821,3
73824,10
73827,2
73828,1
73830,5
73831,6
73833,2
73836,3
73837,4
73840,3
73843,5
73844,7
73846,4
73847,4
73849,6
73850,10
73852,1
73853,3
73856,12
73859,5
73860,4
73862,5
73863,4
73865,3
73866,5
73868,2
73869,9
73872,7
73875,7
73876,1
73878,4
73879,4
73881,5
73882,9
73885,6
73888,8
73891,3
73894,2
73895,5
73897,1
73898,2
73900,1
73901,6
73904,8
73907,11
73908,1
73910,1
73911,3
73913,2
73914,7
73917,7
73920,6
73923,4
73924,1
73926,5
73927,12
73929,1
73930,1
73932,2
73933,9
73936,4
73939,5
73940,2
73942,3
73943,1
73945,1
73946,10
73948,1
73949,6
73952,4
73955,5
73958,3
73959,2
73962,2
73964,2
73965,8
73968,5
73971,10
73974,3
73975,3
73977,6
73978,6
73980,1
73981,7
73984,10
73988,1
73990,6
73991,3
73993,1
73994,3
73996,3
73997,9
74000,3
74003,4
74004,2
74006,3
74009,4
74010,5
74012,1
74013,4
74016,9
74019,3
74020,1
74022,4
74025,3
74026,1
74028,2
74029,11
74032,2
74035,11
74036,4
74038,3
74041,4
74042,4
74045,5
74048,6
74051,8
74054,5
74055,4
74057,4
74058,3
74060,1
74061,14
74064,5
74067,5
74068,2
74070,2
74071,2
74073,4
74074,9
74077,5
74080,9
74083,4
74084,2
74086,8
74087,4
74090,5
74092,2
74093,12
74096,6
74099,9
74100,2
74102,5
74103,2
74105,7
74106,5
74109,6
74112,6
74115,2
74116,1
74118,6
74119,4
74121,3
74122,2
74124,3
74125,4
74128,6
74131,10
74132,2
74134,3
74135,2
74137,2
74138,8
74140,1
74141,1
74144,11
74147,4
74150,7
74151,5
74153,2
74154,5
74156,3
74157,11
74160,5
74163,8
74164,3
74166,1
74167,3
74169,2
74170,6
74173,1
74176,16
74179,1
74180,3
74182,4
74183,4
74185,1
74186,5
74188,2
74189,3
74192,7
74195,5
74196,5
74198,2
74199,4
74201,4
74202,6
74204,2
74205,7
74208,8
74211,4
74212,1
74214,7
74215,5
74217,6
74218,3
74220,1
74221,14
74224,2
74227,5
74228,2
74230,3
74231,1
74233,7
74234,8
74236,1
74237,4
74240,13
74243,2
74244,1
74246,4
74247,4
74250,1
74252,3
74253,5
74256,2
74259,9
74260,4
74262,2
74265,4
74266,6
74269,2
74272,14
74275,4
74276,4
74278,9
74279,7
74281,2
74282,6
74284,1
74285,9
74288,3
74291,8
74294,3
74297,4
74298,8
74301,4
74304,10
74307,5
74310,6
74311,4
74313,2
74314,3
74316,1
74317,10
74320,3
74323,12
74324,4
74326,1
74327,4
74329,2
74330,2
74333,5
74336,8
74339,2
74340,1
74342,6
74343,4
74345,3
74346,8
74348,2
74349,9
74352,3
74355,8
74356,1
74358,3
74361,4
74362,2
74365,5
74368,7
74371,3
74372,3
74374,3
74375,5
74377,1
74378,2
74380,3
74381,9
74384,4
74387,6
74390,2
74393,1
74394,7
74396,1
74397,4
74400,7
74403,1
74406,7
74407,3
74409,1
74410,6
74412,3
74413,9
74416,4
74419,9
74420,2
74422,1
74423,2
74425,5
74426,1
74428,1
74429,3
74432,8
74435,1
74436,1
74438,6
74439,8
74441,1
74442,3
74445,11
74451,9
74452,4
74454,3
74457,3
74458,4
74460,1
74461,2
74464,7
74467,4
74468,3
74470,4
74471,5
74473,1
74474,1
74476,2
74477,7
74480,3
74483,9
74484,1
74486,3
74489,2
74490,7
74493,1
74496,10
74499,3
74500,2
74502,4
74503,5
74505,6
74506,3
74508,1
74509,4
74512,3
74515,7
74516,2
74518,3
74521,6
74522,8
74525,1
74528,11
74531,3
74532,2
74534,4
74535,1
74537,1
74538,3
74540,2
74541,9
74544,2
74547,7
74548,4
74550,3
74551,1
74553,6
74554,7
74557,4
74560,8
74563,1
74564,1
74566,4
74567,1
74569,2
74570,2
74572,2
74573,5
74576,6
74579,9
74580,4
74582,4
74585,4
74586,11
74588,1
74589,5
74592,8
74595,6
74598,2
74599,3
74601,1
74602,1
74604,2
74605,8
74608,6
74611,3
74612,2
74614,5
74615,1
74617,3
74618,7
74621,6
74624,6
74627,5
74630,7
74631,4
74633,3
74634,5
74636,1
74637,11
74640,3
74643,10
74644,2
74646,1
74647,2
74649,5
74650,4
74652,2
74653,5
74656,8
74659,5
74660,1
74662,5
74663,3
74665,1
74666,2
74668,3
74669,7
74672,4
74675,5
74676,2
74678,2
74679,1
74681,1
74682,9
74684,2
74685,2
74688,13
74691,7
74694,8
74695,6
74698,4
74701,9
74704,2
74707,7
74708,2
74710,5
74711,3
74713,3
74714,4
74717,9
74720,13
74723,1
74726,4
74727,2
74730,2
74732,2
74733,8
74736,2
74739,9
74742,2
74743,2
74745,3
74746,1
74749,4
74752,13
74755,5
74756,1
74758,8
74759,4
74762,2
74764,1
74765,4
74768,6
74771,12
74774,4
74775,1
74777,6
74778,7
74781,3
74784,8
74787,2
74788,1
74790,1
74791,2
74793,1
74794,1
74796,1
74797,11
74800,7
74803,3
74804,1
74806,4
74807,3
74809,3
74810,3
74813,6
74816,14
74819,5
74820,1
74822,2
74823,3
74825,2
74826,1
74828,1
74829,7
74832,3
74835,8
74836,1
74838,1
74839,1
74841,5
74842,10
74844,1
74845,5
74848,4
74851,4
74854,9
74855,2
74858,2
74860,3
74861,8
74864,4
74867,7
74868,3
74870,3
74871,1
74873,4
74874,6
74877,4
74880,10
74883,2
74886,6
74887,4
74890,3
74892,3
74893,4
74896,4
74899,6
74900,1
74902,3
74903,1
74905,4
74906,4
74909,1
74912,6
74915,3
74918,6
74919,4
74922,1
74924,2
74925,6
74928,4
74931,7
74932,2
74934,3
74935,6
74937,5
74938,14
74940,1
74941,2
74944,14
74947,4
74948,1
74950,4
74951,2
74953,1
74954,1
74956,3
74957,17
74960,6
74963,19
74964,1
74966,2
74967,2
74969,4
74970,2
74972,2
74973,4
74976,11
74979,4
74980,1
74982,1
74983,4
74985,2
74986,5
74988,2
74989,9
74992,3
74995,8
74996,3
74998,2
74999,1
75001,2
75002,4
75004,3
75005,5
75008,11
75011,4
75014,3
75015,6
75017,2
75018,2
75020,2
75021,7
75024,2
75027,13
75028,1
75030,3
75031,1
75033,6
75034,3
75036,1
75037,3
75040,7
75043,6
75046,10
75047,3
75049,1
75050,1
75052,3
75053,5
75056,4
75059,6
75060,2
75062,3
75065,3
75066,6
75068,1
75069,4
75072,11
75075,4
75078,6
75079,5
75081,1
75082,2
75085,4
75088,5
75091,5
75092,2
75094,3
75095,2
75097,3
75098,6
75100,2
75101,7
75104,9
75107,2
75110,10
75111,5
75113,1
75114,5
75116,3
75117,10
75120,2
75123,6
75124,2
75126,2
75127,3
75129,4
75130,5
75132,1
75133,4
75136,11
75139,4
75140,1
75142,7
75143,4
75145,1
75146,1
75148,1
75149,8
75152,4
75155,9
75156,1
75158,2
75159,2
75161,3
75162,8
75164,2
75165,1
75168,8
75171,2
75174,8
75175,7
75177,2
75178,1
75180,1
75181,2
75184,2
75187,4
75188,2
75191,2
75193,3
75194,3
75196,1
75197,6
75200,6
75203,11
75206,5
75207,3
75209,1
75210,2
75212,1
75213,9
75216,3
75219,10
75220,5
75222,2
75223,3
75225,3
75226,5
75228,1
75229,3
75232,11
75235,2
75238,4
75239,2
75241,3
75244,1
75245,7
75248,5
75251,3
75252,4
75254,3
75257,5
75258,8
75260,2
75261,3
75264,11
75268,1
75270,8
75271,3
75273,1
75274,2
75276,1
75277,4
75280,7
75283,7
75284,2
75289,5
75290,5
75293,2
75296,10
75299,5
75300,1
75302,9
75303,8
75306,4
75308,1
75309,10
75312,4
75315,12
75316,3
75318,2
75319,2
75321,7
75322,6
75324,1
75325,2
75328,5
75331,3
75334,7
75335,2
75337,1
75338,3
75340,1
75341,7
75344,3
75347,8
75348,3
75350,6
75353,3
75354,7
75357,3
75360,4
75363,1
75366,2
75367,3
75369,2
75372,5
75373,14
75379,6
75380,3
75382,2
75383,1
75385,7
75386,3
75389,1
75392,5
75395,3
75396,1
75398,4
75399,5
75401,1
75402,1
75405,5
75408,3
75411,6
75412,2
75414,3
75417,3
75418,3
75420,2
75421,2
75424,14
75427,4
75430,3
75431,2
75433,1
75434,4
75436,2
75437,5
75440,2
75443,8
75444,3
75446,2
75447,2
75449,4
75450,7
75452,3
75453,1
75456,12
75459,2
75460,3
75462,4
75463,1
75466,5
75468,2
75469,6
75472,5
75475,4
75476,1
75478,2
75479,4
75481,1
75482,5
75484,4
75485,2
75488,9
75491,5
75494,7
75495,1
75497,2
75498,4
75500,3
75501,11
75504,3
75507,10
75510,5
75511,3
75513,4
75514,5
75517,5
75520,2
75523,6
75526,5
75529,2
75532,2
75533,8
75536,4
75539,3
75540,2
75543,2
75545,5
75546,5
75549,2
75552,12
75555,1
75556,1
75558,8
75559,2
75561,2
75564,2
75565,5
75568,2
75571,3
75572,1
75574,2
75575,2
75577,6
75578,4
75584,8
75587,4
75590,7
75591,6
75593,1
75594,5
75596,1
75597,3
75600,5
75603,2
75604,1
75606,2
75607,3
75609,2
75610,5
75613,4
75616,4
75619,1
75620,1
75622,3
75623,1
75625,1
75626,3
75628,2
75629,10
75632,6
75635,6
75636,4
75638,1
75639,2
75641,1
75642,8
75644,1
75645,4
75648,13
75651,3
75652,2
75654,8
75660,2
75661,7
75664,2
75667,11
75670,4
75671,1
75673,7
75674,7
75677,3
75680,4
75683,1
75686,9
75687,5
75689,1
75690,2
75693,3
75696,3
75699,7
75702,3
75703,1
75705,7
75706,4
75709,2
75712,6
75715,3
75716,2
75718,2
75719,6
75721,3
75724,2
75725,7
75728,2
75731,4
75732,1
75734,4
75735,1
75737,5
75738,5
75740,1
75744,4
75747,3
75750,6
75751,3
75753,1
75754,2
75756,1
75757,8
75760,3
75763,11
75764,1
75766,2
75767,3
75769,1
75770,7
75772,1
75773,2
75776,9
75779,4
75780,3
75782,10
75783,1
75785,1
75786,2
75788,2
75789,3
75792,4
75795,5
75796,2
75798,2
75799,1
75801,3
75802,2
75804,2
75805,2
75808,14
75811,4
75812,3
75814,3
75815,3
75818,3
75821,6
75824,5
75827,5
75828,1
75830,1
75831,1
75833,3
75834,4
75837,2
75840,11
75843,1
75844,1
75846,3
75847,3
75850,3
75853,8
75856,2
75859,6
75860,4
75862,3
75866,3
75869,5
75872,10
75875,3
75878,2
75879,3
75882,4
75884,1
75885,9
75888,4
75891,5
75894,3
75895,2
75897,1
75898,9
75900,1
75901,2
75904,13
75907,2
75908,1
75910,6
75911,2
75914,3
75916,2
75917,8
75920,6
75923,6
75924,1
75926,2
75927,1
75929,4
75930,3
75933,5
75936,11
75939,3
75940,2
75942,1
75943,1
75945,3
75946,5
75949,6
75952,3
75955,6
75956,1
75958,1
75961,1
75962,3
75964,2
75965,3
75968,6
75974,8
75975,4
75980,2
75981,7
75984,3
75987,3
75988,2
75990,3
75991,3
75993,2
75994,5
75996,1
75997,2
76000,6
76003,4
76004,1
76006,3
76007,4
76009,1
76010,3
76012,1
76013,5
76016,2
76019,11
76020,1
76022,1
76023,1
76025,3
76026,4
76028,1
76029,5
76032,11
76035,4
76038,1
76039,8
76041,3
76042,3
76045,1
76048,3
76051,4
76052,1
76054,1
76055,1
76057,4
76058,9
76061,5
76064,10
76067,2
76068,1
76070,6
76071,1
76073,2
76074,4
76076,1
76077,8
76080,7
76083,9
76086,1
76087,1
76089,3
76090,4
76092,1
76093,5
76096,8
76099,3
76102,9
76103,3
76105,3
76106,3
76109,6
76112,5
76115,7
76116,1
76118,1
76121,2
76122,1
76125,2
76128,9
76131,1
76132,1
76134,2
76135,2
76138,4
76141,8
76144,3
76147,5
76148,2
76150,2
76151,2
76153,1
76154,2
76156,1
76157,1
76160,16
76163,3
76166,8
76167,2
76169,3
76172,2
76173,4
76176,1
76179,7
76182,5
76185,3
76186,6
76189,3
76192,11
76195,4
76196,1
76198,4
76199,4
76202,2
76204,1
76205,5
76208,7
76211,3
76212,1
76214,2
76215,1
76217,1
76218,2
76220,1
76221,2
76224,9
76228,1
76230,4
76231,3
76233,2
76234,3
76236,2
76237,2
76240,1
76243,8
76244,2
76246,3
76247,2
76249,2
76250,3
76253,2
76256,12
76259,2
76260,2
76262,4
76263,2
76265,2
76266,3
76268,2
76269,13
76272,3
76275,5
76278,3
76279,1
76281,4
76282,5
76288,5
76291,2
76294,5
76295,7
76297,1
76300,1
76301,6
76304,1
76307,7
76308,1
76310,2
76311,3
76313,2
76314,4
76317,4
76320,6
76323,1
76324,1
76326,3
76327,4
76329,5
76330,1
76332,1
76333,10
76336,1
76339,9
76340,2
76342,1
76343,1
76345,2
76346,6
76349,2
76352,5
76355,1
76358,3
76359,3
76362,1
76365,5
76368,4
76371,4
76374,1
76375,1
76377,4
76378,2
76380,1
76381,3
76384,8
76387,5
76388,1
76390,2
76391,8
76393,2
76394,2
76397,4
76400,7
76403,8
76404,1
76406,2
76409,3
76410,6
76413,7
76416,4
76419,3
76422,6
76423,1
76425,2
76426,3
76428,3
76429,5
76432,2
76435,3
76436,4
76438,1
76439,2
76442,3
76444,3
76445,4
76448,7
76451,1
76452,1
76454,4
76455,3
76457,1
76458,6
76461,5
76464,5
76467,4
76468,3
76470,2
76471,1
76473,1
76474,5
76476,1
76477,3
76480,4
76484,3
76486,5
76487,2
76489,1
76490,1
76492,2
76493,10
76496,4
76499,6
76500,1
76503,2
76505,2
76506,4
76508,1
76509,5
76512,5
76515,2
76516,1
76518,3
76519,1
76521,1
76522,2
76524,1
76525,8
76528,3
76531,5
76532,1
76534,2
76535,1
76537,1
76538,2
76541,4
76544,7
76547,2
76550,3
76551,4
76553,1
76554,2
76556,2
76557,3
76560,2
76563,3
76564,2
76566,4
76569,4
76570,1
76576,8
76579,5
76580,2
76582,3
76583,4
76585,1
76586,3
76588,1
76589,12
76592,4
76595,7
76596,1
76598,2
76601,2
76602,4
76605,4
76608,6
76611,3
76614,7
76615,9
76617,2
76620,1
76621,7
76624,2
76627,6
76628,3
76630,3
76633,2
76634,3
76637,7
76640,5
76643,5
76644,2
76646,3
76647,4
76649,3
76650,3
76652,1
76653,8
76656,3
76659,5
76660,1
76662,2
76663,1
76665,2
76666,6
76668,1
76669,5
76672,7
76675,5
76678,4
76679,2
76681,2
76684,2
76685,5
76688,1
76691,6
76692,1
76694,1
76697,2
76698,4
76700,1
76701,2
76704,6
76707,2
76710,6
76711,1
76714,2
76716,3
76717,8
76720,4
76723,6
76724,3
76726,3
76729,1
76730,5
76733,5
76736,9
76739,1
76742,1
76743,4
76746,3
76748,4
76749,7
76752,1
76755,3
76756,1
76758,2
76761,1
76762,4
76765,4
76768,7
76771,4
76774,2
76775,2
76777,1
76778,2
76780,4
76781,6
76784,3
76787,5
76790,2
76793,3
76794,8
76797,3
76800,5
76803,6
76806,2
76807,5
76810,2
76812,2
76813,7
76816,3
76819,5
76820,1
76822,2
76825,3
76826,3
76828,1
76829,2
76832,7
76835,1
76836,2
76838,3
76839,3
76841,1
76842,1
76844,3
76845,5
76848,3
76851,3
76852,1
76854,2
76855,2
76857,5
76858,5
76861,1
76864,6
76867,6
76870,6
76871,2
76873,1
76874,3
76876,1
76877,3
76883,5
76884,2
76886,1
76887,1
76889,7
76890,6
76893,5
76896,8
76899,2
76902,4
76903,4
76906,2
76908,2
76909,11
76912,2
76915,6
76916,1
76918,2
76919,3
76921,2
76922,4
76925,2
76928,3
76931,2
76934,3
76935,4
76940,1
76941,2
76944,6
76947,10
76948,2
76950,4
76953,2
76954,6
76956,1
76957,4
76960,10
76963,1
76964,1
76966,3
76967,1
76969,2
76970,1
76972,2
76973,6
76976,4
76979,4
76982,1
76983,1
76986,4
76989,2
76992,3
76995,2
76996,2
76998,1
76999,10
77001,2
77002,2
77004,1
77005,7
77008,1
77011,8
77012,2
77015,2
77017,6
77018,3
77021,3
77024,12
77027,1
77030,5
77031,2
77033,2
77034,2
77036,3
77037,3
77040,3
77043,4
77044,1
77046,1
77049,3
77050,4
77052,1
77053,3
77056,10
77059,1
77062,4
77063,1
77065,1
77066,3
77068,2
77069,5
77072,5
77075,2
77076,1
77078,1
77079,2
77081,2
77082,3
77085,3
77088,4
77091,2
77094,1
77095,3
77097,2
77098,2
77100,1
77101,4
77104,5
77107,1
77108,1
77110,1
77113,4
77114,3
77117,2
77120,6
77123,2
77126,2
77127,1
77129,3
77130,1
77132,1
77133,11
77136,3
77139,9
77142,2
77145,5
77146,7
77149,3
77152,8
77155,7
77158,5
77159,2
77161,2
77162,1
77165,3
77168,6
77171,5
77172,2
77175,2
77178,8
77180,1
77181,4
77184,7
77187,1
77190,4
77191,1
77193,1
77194,1
77196,1
77197,3
77200,6
77203,4
77204,1
77206,2
77207,2
77209,1
77210,2
77213,3
77216,10
77219,2
77222,5
77223,5
77225,1
77229,6
77232,5
77235,4
77236,1
77238,1
77239,1
77241,3
77242,5
77248,4
77251,1
77254,1
77255,3
77257,1
77261,4
77264,1
77267,4
77270,3
77271,1
77273,2
77274,3
77277,2
77280,6
77283,1
77286,4
77287,2
77289,1
77292,2
77293,7
77296,1
77299,8
77303,2
77305,3
77306,5
77308,2
77309,1
77312,4
77315,3
77316,1
77318,4
77319,1
77321,3
77322,1
77324,1
77325,6
77328,5
77331,5
77332,2
77334,3
77335,1
77338,1
77340,1
77341,3
77344,2
77347,4
77348,1
77350,4
77351,3
77354,4
77357,7
77360,2
77363,5
77364,1
77366,2
77367,3
77369,3
77370,4
77373,3
77376,8
77379,1
77382,6
77383,3
77386,1
77389,7
77392,5
77395,5
77396,2
77398,3
77399,2
77402,3
77405,1
77408,5
77411,4
77412,1
77414,6
77415,2
77417,3
77418,3
77420,1
77421,6
77424,3
77427,4
77428,1
77430,1
77433,1
77434,4
77436,1
77437,3
77440,6
77443,1
77444,1
77446,4
77447,4
77449,1
77450,2
77452,1
77453,14
77456,4
77459,2
77460,2
77462,5
77463,1
77465,5
77466,5
77468,1
77469,6
77472,6
77478,3
77479,2
77481,1
77482,2
77484,1
77485,6
77488,4
77491,6
77495,2
77497,1
77498,1
77500,1
77501,4
77504,4
77507,2
77510,5
77511,6
77514,1
77517,6
77520,4
77523,2
77524,1
77526,3
77527,1
77529,1
77530,6
77532,2
77533,1
77536,11
77539,3
77542,3
77543,1
77545,1
77548,2
77549,2
77552,5
77555,4
77556,1
77558,1
77559,3
77561,1
77562,4
77568,6
77571,2
77572,1
77574,3
77575,3
77577,2
77578,2
77581,4
77584,1
77587,6
77590,1
77591,2
77593,1
77594,3
77597,3
77600,8
77603,1
77606,2
77607,6
77609,2
77610,1
77613,7
77616,1
77619,6
77623,2
77625,1
77626,8
77629,1
77632,4
77636,1
77638,1
77644,2
77645,4
77648,1
77651,5
77652,4
77654,1
77655,2
77657,1
77658,4
77661,2
77664,5
77667,1
77670,3
77671,1
77674,1
77676,6
77677,5
77680,3
77683,6
77686,2
77689,5
77692,1
77693,1
77696,4
77699,3
77700,1
77702,3
77703,2
77706,3
77708,1
77709,1
77712,3
77715,7
77716,1
77718,1
77719,1
77721,2
77722,3
77725,3
77728,2
77731,2
77734,6
77737,1
77741,3
77744,2
77747,7
77750,1
77751,5
77753,3
77754,6
77757,1
77760,9
77763,1
77766,2
77767,1
77769,1
77770,3
77772,2
77773,5
77776,5
77779,5
77782,2
77785,2
77786,5
77788,1
77789,2
77792,2
77795,2
77796,3
77798,4
77799,4
77801,1
77804,1
77805,3
77808,5
77811,3
77812,3
77814,1
77815,1
77817,2
77818,5
77821,1
77824,3
77828,1
77830,5
77831,3
77833,3
77834,1
77836,1
77837,2
77840,2
77843,2
77846,1
77849,2
77850,4
77852,2
77853,1
77856,12
77859,3
77862,3
77863,2
77865,1
77866,3
77869,6
77872,3
77875,4
77876,2
77878,4
77879,1
77881,2
77882,2
77884,1
77885,2
77888,7
77894,7
77895,1
77897,2
77898,3
77900,2
77901,8
77907,3
77913,3
77914,4
77916,1
77917,6
77920,4
77923,1
77926,1
77927,2
77930,1
77932,2
77933,4
77936,2
77939,13
77940,1
77942,1
77943,1
77945,2
77946,5
77949,3
77952,6
77955,1
77956,1
77958,5
77959,3
77961,2
77962,1
77965,7
77968,4
77971,6
77972,3
77974,1
77975,1
77977,1
77978,8
77984,6
77987,1
77988,1
77990,3
77991,3
77993,2
77997,2
78000,1
78003,2
78004,1
78007,1
78009,6
78010,3
78013,2
78016,4
78019,2
78022,1
78025,1
78028,1
78029,4
78032,6
78035,4
78036,1
78041,6
78042,1
78044,1
78045,1
78048,10
78051,2
78054,2
78055,1
78057,1
78058,3
78061,3
78067,5
78068,1
78070,1
78073,2
78074,4
78076,1
78077,2
78080,5
78083,1
78086,7
78087,1
78089,1
78090,1
78093,6
78096,2
78099,1
78105,2
78106,4
78112,2
78115,2
78118,4
78119,1
78122,2
78124,2
78125,2
78128,2
78134,1
78135,3
78137,1
78138,3
78140,2
78141,2
78144,6
78147,4
78148,1
78150,4
78151,1
78153,4
78154,5
78156,1
78157,2
78160,3
78163,2
78164,3
78166,2
78167,2
78170,2
78176,2
78182,8
78183,2
78185,2
78186,1
78188,2
78189,3
78192,2
78195,4
78196,3
78198,1
78201,2
78202,2
78208,4
78212,1
78214,1
78215,3
78220,1
78221,3
78227,6
78228,3
78230,3
78231,1
78233,6
78234,3
78237,1
78240,8
78243,3
78246,3
78249,2
78250,3
78252,1
78253,6
78256,1
78259,7
78263,1
78265,2
78266,3
78268,2
78269,3
78272,3
78275,2
78279,5
78282,1
78284,5
78285,3
78288,3
78291,5
78294,1
78295,1
78297,1
78298,5
78301,2
78304,6
78307,2
78308,2
78310,1
78311,5
78313,1
78314,1
78316,2
78317,2
78320,4
78323,3
78324,2
78326,1
78329,2
78330,1
78333,3
78336,3
78339,1
78342,5
78343,2
78346,1
78348,1
78352,2
78355,6
78356,4
78359,1
78361,2
78362,3
78364,1
78365,1
78368,2
78371,1
78374,2
78375,2
78378,1
78380,5
78381,5
78387,3
78388,1
78391,2
78393,1
78394,5
78397,2
78400,9
78403,2
78406,4
78409,4
78410,5
78412,1
78413,6
78416,2
78419,2
78422,3
78423,1
78425,1
78426,2
78429,3
78432,8
78438,3
78439,1
78442,1
78444,1
78445,9
78448,2
78451,5
78454,3
78457,2
78458,3
78461,1
78464,2
78470,3
78473,1
78477,8
78480,3
78483,6
78484,1
78486,3
78487,1
78489,1
78490,3
78492,1
78493,4
78496,3
78499,4
78502,3
78505,3
78509,3
78512,3
78515,1
78516,1
78518,1
78519,3
78521,6
78522,2
78525,3
78528,7
78531,2
78532,1
78534,4
78535,2
78537,2
78540,1
78541,3
78544,4
78547,3
78548,2
78550,2
78551,2
78553,3
78554,2
78556,1
78557,1
78560,2
78563,2
78567,1
78569,1
78570,2
78573,5
78576,4
78579,4
78585,4
78586,2
78589,2
78592,1
78595,1
78598,2
78602,1
78605,3
78611,3
78614,2
78615,1
78617,1
78618,2
78620,1
78621,2
78624,3
78630,2
78631,3
78637,5
78640,3
78643,6
78647,2
78649,2
78650,3
78653,2
78656,6
78659,1
78662,5
78663,3
78665,2
78666,1
78669,3
78672,3
78675,3
78678,1
78681,2
78682,3
78684,1
78685,2
78688,5
78691,2
78692,1
78694,2
78695,1
78701,2
78704,1
78707,3
78708,1
78710,1
78713,4
78714,2
78716,1
78720,5
78726,3
78727,3
78732,1
78733,3
78736,2
78739,6
78745,1
78746,2
78752,3
78755,3
78758,1
78759,1
78761,1
78764,2
78765,5
78768,3
78771,5
78774,2
78777,1
78778,3
78781,3
78784,1
78787,1
78788,1
78790,2
78791,2
78794,2
78796,1
78797,1
78800,1
78803,2
78804,1
78806,2
78807,3
78809,2
78810,2
78812,1
78813,1
78816,4
78819,2
78820,1
78822,2
78823,1
78825,1
78826,1
78829,3
78832,1
78835,2
78838,1
78841,2
78842,1
78845,1
78848,7
78854,4
78857,1
78858,1
78860,5
78861,3
78864,2
78867,2
78868,1
78871,2
78873,1
78874,1
78877,3
78880,3
78883,1
78884,2
78886,3
78887,2
78889,2
78893,4
78896,3
78899,5
78900,1
78903,2
78905,1
78909,1
78912,3
78915,2
78918,5
78919,1
78921,2
78922,1
78925,1
78928,4
78931,1
78932,1
78935,1
78937,1
78938,4
78941,1
78944,7
78947,4
78951,4
78953,1
78954,1
78956,2
78957,2
78960,1
78963,2
78966,2
78969,4
78970,2
78973,2
78976,5
78979,1
78982,3
78983,2
78986,1
78989,2
78992,2
78995,3
78998,3
78999,1
79001,2
79002,6
79005,1
79008,5
79011,1
79014,2
79015,1
79020,1
79021,5
79024,1
79027,3
79030,1
79033,2
79034,4
79036,3
79037,2
79040,8
79043,2
79046,4
79050,4
79052,1
79053,4
79059,1
79062,2
79063,1
79065,2
79072,7
79078,3
79081,1
79082,1
79084,1
79085,2
79091,4
79094,7
79095,1
79098,1
79104,6
79107,5
79108,1
79110,1
79111,2
79117,5
79120,1
79123,5
79126,1
79129,4
79132,1
79133,2
79136,6
79139,2
79146,2
79148,2
79149,6
79152,1
79155,7
79159,1
79161,2
79162,3
79164,1
79165,1
79168,5
79171,1
79174,2
79178,1
79180,1
79181,1
79184,4
79187,3
79190,2
79193,2
79197,1
79200,4
79203,1
79206,2
79207,2
79209,2
79213,7
79216,2
79219,3
79220,2
79223,2
79225,2
79226,3
79229,2
79232,1
79238,5
79239,2
79242,1
79244,1
79245,4
79248,3
79251,3
79254,3
79255,1
79257,2
79258,2
79261,1
79264,1
79268,1
79270,4
79273,1
79276,1
79277,5
79280,1
79283,2
79284,1
79286,1
79289,1
79290,3
79292,1
79293,3
79296,5
79299,3
79303,2
79306,2
79309,2
79312,2
79315,6
79316,2
79318,1
79319,1
79321,1
79322,2
79325,2
79328,4
79331,2
79334,3
79335,1
79341,1
79344,2
79347,3
79348,2
79350,1
79351,1
79353,2
79354,1
79356,2
79357,1
79360,2
79363,3
79366,4
79367,1
79369,1
79370,1
79373,3
79379,5
79380,1
79382,1
79383,3
79386,4
79389,2
79392,4
79395,2
79398,2
79401,2
79402,1
79404,1
79405,3
79408,2
79411,4
79412,2
79415,1
79417,2
79418,3
79421,1
79424,4
79427,2
79428,1
79430,1
79431,2
79433,1
79434,1
79437,2
79440,4
79443,3
79447,1
79449,1
79452,1
79453,1
79456,4
79459,1
79462,2
79463,1
79465,1
79468,2
79469,3
79472,3
79475,2
79479,1
79481,1
79482,3
79484,1
79485,1
79488,4
79491,1
79494,2
79495,1
79497,1
79498,3
79500,1
79501,1
79504,3
79507,1
79510,1
79511,2
79513,2
79514,3
79517,1
79520,7
79527,2
79529,2
79532,1
79533,3
79536,2
79539,1
79540,2
79542,1
79546,1
79549,2
79552,2
79555,4
79558,1
79559,1
79562,1
79564,1
79565,1
79568,2
79571,4
79578,1
79580,1
79581,1
79584,5
79587,1
79590,2
79591,2
79597,1
79603,1
79604,1
79606,2
79607,1
79609,1
79610,1
79613,2
79616,1
79619,4
79622,2
79623,3
79626,1
79628,2
79629,3
79635,1
79641,2
79645,2
79648,7
79654,2
79655,1
79657,1
79658,1
79660,1
79664,5
79667,2
79668,5
79670,3
79673,1
79674,2
79677,1
79680,3
79683,1
79686,2
79687,4
79689,1
79692,1
79693,3
79699,3
79702,1
79705,1
79706,1
79709,2
79712,2
79715,1
79718,1
79719,2
79721,1
79724,4
79725,1
79731,4
79732,1
79734,1
79735,2
79737,1
79738,6
79741,1
79744,3
79750,1
79751,1
79754,1
79757,6
79760,3
79763,3
79766,1
79770,3
79776,4
79779,1
79782,3
79785,1
79789,6
79792,1
79795,2
79796,1
79799,1
79801,1
79808,2
79811,2
79814,1
79815,3
79817,2
79818,1
79821,5
79824,3
79827,2
79830,3
79833,1
79834,1
79837,1
79840,2
79843,1
79846,1
79847,1
79853,1
79856,1
79859,3
79860,1
79866,2
79868,3
79869,2
79872,2
79878,1
79879,3
79881,1
79882,2
79884,2
79885,4
79891,2
79892,1
79894,2
79898,1
79901,4
79904,3
79910,4
79911,2
79917,3
79920,3
79923,2
79924,2
79927,1
79929,2
79930,3
79932,1
79936,4
79939,3
79942,1
79948,1
79949,2
79952,1
79955,3
79958,1
79961,2
79962,2
79965,1
79968,1
79974,1
79975,2
79977,1
79978,2
79981,5
79984,1
79987,3
79988,1
79990,1
79993,4
79994,4
79996,1
80000,2
80003,2
80006,2
80009,2
80013,2
80016,2
80019,3
80020,1
80022,3
80025,1
80026,2
80032,2
80035,2
80038,3
80039,3
80041,1
80042,1
80044,1
80045,2
80051,1
80052,1
80054,3
80055,2
80058,3
80061,1
80064,4
80070,1
80077,2
80080,1
80083,3
80084,1
80086,2
80087,1
80089,1
80093,1
80096,6
80099,4
80106,2
80109,3
80115,1
80116,1
80118,2
80121,1
80125,4
80128,3
80131,2
80134,3
80135,1
80137,2
80140,1
80141,5
80147,3
80150,1
80153,1
80154,1
80160,1
80163,1
80166,2
80169,1
80173,2
80176,1
80179,1
80182,2
80185,1
80186,3
80189,1
80192,5
80198,1
80199,1
80202,1
80205,1
80208,2
80211,3
80212,2
80214,1
80217,2
80218,1
80220,2
80221,1
80224,3
80227,2
80230,1
80231,1
80234,1
80237,1
80240,3
80243,3
80249,2
80250,1
80253,1
80256,5
80259,2
80262,2
80263,2
80265,2
80266,2
80269,1
80272,1
80275,3
80276,2
80281,2
80285,1
80288,4
80291,1
80294,2
80295,1
80297,1
80301,3
80304,2
80307,6
80310,1
80311,1
80313,1
80317,1
80320,3
80323,2
80324,1
80326,2
80327,1
80329,1
80330,2
80332,1
80333,3
80336,1
80339,2
80342,2
80345,1
80346,1
80348,1
80352,2
80355,1
80358,1
80359,1
80364,1
80365,2
80371,2
80372,1
80374,2
80375,1
80377,1
80378,1
80381,3
80384,5
80390,1
80397,1
80400,1
80403,4
80404,1
80406,2
80409,1
80413,1
80416,3
80420,2
80422,2
80423,2
80425,1
80428,2
80429,5
80432,1
80435,4
80436,1
80439,2
80441,2
80442,2
80448,4
80451,3
80452,2
80454,1
80458,1
80461,3
80467,3
80470,1
80473,1
80474,2
80477,1
80483,1
80484,2
80486,5
80493,1
80496,2
80499,2
80500,1
80502,1
80505,2
80506,2
80512,3
80518,2
80519,2
80522,2
80525,1
80528,3
80531,3
80534,1
80537,3
80538,3
80544,2
80547,1
80550,1
80551,2
80553,2
80556,1
80560,3
80563,7
80569,1
80570,2
80579,2
80583,2
80586,1
80589,3
80595,2
80599,1
80601,1
80605,2
80608,3
80615,2
80620,1
80621,4
80624,1
80627,2
80630,1
80633,1
80634,3
80640,2
80643,2
80646,2
80647,3
80650,1
80652,4
80653,3
80656,1
80659,1
80662,1
80663,1
80665,1
80666,2
80672,3
80675,2
80678,3
80679,1
80685,5
80688,2
80691,2
80692,3
80697,2
80698,3
80700,1
80704,3
80707,1
80711,3
80716,2
80717,1
80720,1
80723,4
80726,1
80727,1
80733,1
80736,2
80739,1
80742,1
80743,3
80749,3
80755,7
80762,1
80768,4
80772,1
80774,2
80781,2
80787,3
80790,1
80791,1
80793,1
80794,1
80796,1
80800,5
80809,1
80810,1
80813,2
80816,1
80819,1
80822,1
80825,4
80826,3
80829,1
80832,3
80836,1
80838,2
80839,1
80845,3
80851,3
80858,1
80861,1
80864,1
80867,1
80870,2
80877,1
80883,2
80889,1
80890,3
80896,3
80900,1
80902,2
80906,1
80909,2
80915,2
80916,2
80919,1
80921,1
80922,2
80925,1
80928,2
80931,2
80932,1
80934,3
80935,1
80938,1
80940,3
80941,6
80947,2
80950,1
80954,2
80960,5
80964,1
80966,1
80967,2
80970,1
80973,4
80976,2
80979,2
80983,1
80989,1
80992,3
80995,2
80998,2
81004,1
81011,1
81017,1
81018,2
81020,1
81021,2
81024,1
81028,1
81030,5
81031,1
81034,1
81036,1
81037,1
81043,1
81049,2
81053,1
81056,2
81060,1
81062,3
81065,1
81066,2
81069,3
81072,2
81076,2
81078,3
81081,1
81088,1
81094,2
81095,1
81097,1
81101,2
81104,1
81107,2
81117,2
81120,3
81126,1
81130,1
81133,2
81139,2
81140,1
81152,3
81155,1
81158,1
81159,1
81165,1
81168,1
81174,1
81178,2
81184,2
81187,1
81190,1
81194,1
81197,2
81200,1
81203,5
81204,2
81207,1
81209,2
81210,1
81216,3
81219,2
81223,2
81228,2
81229,6
81232,1
81235,1
81236,1
81238,1
81242,4
81248,3
81254,1
81258,1
81260,2
81261,3
81267,1
81271,1
81273,1
81274,1
81280,3
81286,2
81287,1
81289,1
81290,2
81293,2
81299,2
81300,1
81302,1
81303,1
81305,1
81306,2
81309,2
81312,3
81315,1
81316,1
81318,2
81319,1
81324,1
81325,1
81328,1
81331,1
81335,1
81338,2
81341,3
81344,2
81347,2
81350,1
81351,2
81354,2
81356,1
81357,3
81360,1
81363,3
81364,1
81367,1
81370,1
81372,1
81373,1
81376,5
81382,1
81383,3
81389,2
81396,2
81399,1
81402,1
81405,3
81411,1
81412,1
81414,2
81415,1
81421,3
81424,2
81427,1
81430,1
81431,1
81434,1
81440,4
81446,3
81447,2
81450,2
81459,1
81460,1
81466,2
81469,1
81472,3
81478,2
81479,2
81481,1
81485,1
81488,1
81491,3
81492,1
81497,2
81501,2
81504,2
81507,3
81510,1
81517,2
81520,4
81523,3
81529,1
81530,1
81536,2
81540,1
81542,3
81549,3
81555,1
81558,1
81561,2
81562,1
81564,1
81565,2
81568,1
81578,1
81581,3
81590,1
81594,1
81607,3
81612,3
81613,2
81616,1
81619,2
81625,2
81626,3
81629,2
81632,6
81639,1
81641,1
81644,1
81645,1
81648,1
81651,1
81654,2
81657,1
81658,1
81667,1
81670,5
81671,1
81674,1
81677,1
81680,1
81683,3
81686,2
81687,1
81689,1
81690,2
81692,2
81693,1
81696,1
81708,1
81709,4
81712,1
81716,1
81722,1
81725,2
81728,6
81731,1
81734,2
81740,1
81741,3
81747,3
81748,3
81753,1
81754,2
81760,1
81763,2
81766,1
81767,2
81770,1
81772,3
81773,2
81776,1
81779,3
81786,2
81792,2
81798,2
81802,1
81805,2
81808,1
81811,1
81812,1
81814,3
81817,3
81818,2
81821,1
81824,4
81827,1
81828,1
81830,4
81837,1
81846,1
81847,1
81849,3
81850,1
81852,1
81853,3
81856,1
81862,2
81863,3
81869,1
81872,1
81875,3
81878,1
81879,1
81881,1
81882,3
81888,2
81891,2
81892,1
81894,2
81898,1
81901,3
81907,2
81908,1
81914,1
81917,1
81920,1
81923,1
81926,1
81927,1
81930,1
81933,3
81936,3
81939,1
81940,2
81942,1
81945,1
81949,3
81952,1
81958,1
81962,1
81965,3
81971,2
81975,1
81977,2
81978,1
81981,1
81984,2
81988,1
81990,1
81994,1
81996,2
82003,1
82009,1
82010,1
82013,1
82022,3
82023,1
82028,4
82029,1
82032,1
82035,1
82042,2
82045,2
82048,3
82051,1
82054,1
82058,1
82061,3
82064,1
82067,4
82070,1
82073,2
82074,2
82080,1
82090,1
82099,2
82102,1
82103,1
82105,1
82118,2
82122,1
82125,2
82128,3
82131,1
82138,1
82144,3
82150,2
82154,1
82157,2
82160,2
82163,1
82167,1
82176,1
82179,1
82182,1
82183,1
82186,1
82188,1
82189,5
82195,1
82198,1
82199,1
82201,1
82202,1
82208,2
82211,1
82214,2
82215,1
82218,1
82221,1
82224,2
82227,1
82231,1
82234,1
82237,2
82240,2
82243,4
82246,1
82250,4
82259,3
82262,1
82265,1
82272,3
82275,1
82278,2
82285,2
82291,1
82301,1
82304,1
82307,1
82310,1
82316,1
82317,2
82320,1
82323,1
82326,1
82329,1
82336,1
82339,1
82342,1
82348,1
82349,2
82352,1
82361,2
82362,2
82368,2
82374,1
82378,1
82380,1
82381,1
82384,2
82387,1
82391,1
82394,1
82397,1
82400,2
82403,1
82406,1
82407,2
82410,1
82413,3
82416,2
82419,1
82425,1
82428,1
82432,1
82436,1
82438,1
82444,1
82448,4
82457,2
82461,1
82467,1
82471,2
82473,1
82477,1
82480,1
82483,3
82492,1
82496,1
82499,1
82505,2
82512,2
82515,3
82522,2
82528,1
82531,1
82534,1
82538,1
82541,1
82544,1
82547,2
82563,1
82566,3
82572,2
82573,2
82582,2
82592,1
82595,1
82598,2
82601,1
82602,1
82605,1
82612,1
82617,2
82624,4
82628,1
82630,1
82636,1
82637,2
82644,1
82646,2
82653,1
82656,6
82659,3
82660,1
82662,2
82666,1
82668,1
82682,1
82684,1
82685,1
82688,1
82691,1
82694,1
82701,2
82704,1
82707,3
82717,1
82720,2
82723,1
82726,2
82727,2
82733,1
82736,1
82739,1
82742,2
82755,1
82758,1
82762,1
82771,2
82778,1
82781,2
82784,5
82790,2
82791,2
82797,3
82800,1
82803,2
82804,1
82807,1
82809,1
82813,1
82816,2
82819,2
82822,1
82829,1
82835,7
82845,1
82848,2
82855,1
82858,1
82861,2
82864,1
82867,2
82871,3
82873,1
82874,1
82876,1
82880,2
82883,1
82886,1
82887,1
82889,1
82890,1
82900,2
82902,1
82908,1
82915,1
82921,2
82924,1
82925,1
82931,1
82938,2
82944,1
82947,1
82950,1
82956,1
82957,2
82970,2
82976,1
82982,1
82986,1
82988,1
82989,3
82992,1
82995,5
83008,3
83011,1
83014,3
83015,2
83017,1
83021,5
83024,2
83033,1
83034,1
83037,1
83040,1
83044,1
83046,1
83047,2
83052,1
83053,2
83059,2
83065,1
83066,2
83068,1
83072,3
83079,1
83082,2
83084,1
83085,1
83088,1
83091,1
83092,1
83098,2
83100,1
83110,1
83111,3
83113,1
83114,1
83117,1
83120,1
83123,1
83129,1
83130,2
83133,1
83136,2
83139,1
83145,3
83149,1
83152,1
83155,2
83156,1
83158,1
83165,1
83168,1
83172,1
83174,3
83175,2
83178,1
83181,2
83193,1
83200,1
83203,1
83206,3
83210,1
83212,1
83213,2
83222,2
83226,4
83229,1
83238,1
83242,1
83245,3
83251,1
83255,1
83257,1
83264,1
83274,1
83277,1
83283,2
83284,1
83289,1
83290,1
83296,1
83303,1
83312,1
83315,2
83321,1
83325,1
83328,2
83341,1
83351,1
83354,1
83357,2
83360,1
83363,1
83367,2
83373,1
83376,1
83382,1
83385,1
83386,2
83392,3
83398,3
83404,1
83411,3
83414,1
83424,2
83434,1
83437,1
83449,1
83456,4
83463,1
83472,3
83481,1
83494,3
83495,1
83500,1
83501,1
83504,3
83507,2
83513,2
83517,1
83523,1
83532,1
83533,4
83539,1
83540,1
83542,1
83545,1
83546,1
83549,1
83555,2
83561,1
83565,1
83574,1
83578,1
83584,2
83587,1
83590,2
83597,4
83603,1
83607,1
83610,1
83612,1
83616,2
83622,1
83623,1
83628,1
83636,1
83642,1
83648,1
83654,1
83655,1
83664,1
83680,2
83686,1
83687,2
83699,2
83705,1
83712,2
83718,1
83725,2
83731,1
83732,1
83738,1
83741,1
83750,1
83751,1
83757,1
83770,2
83776,1
83782,1
83789,2
83798,1
83799,1
83801,2
83802,1
83805,1
83808,1
83812,1
83814,1
83827,1
83840,1
83843,1
83849,1
83850,1
83853,1
83859,1
83865,1
83866,1
83876,1
83878,2
83891,2
83898,1
83901,1
83904,1
83907,1
83913,1
83914,1
83917,2
83920,1
83926,1
83929,1
83930,2
83939,2
83942,2
83943,1
83949,2
83958,1
83961,2
83968,1
83978,1
83981,2
83997,1
84000,2
84006,3
84007,1
84010,1
84016,1
84020,1
84025,1
84026,1
84038,1
84045,1
84051,1
84068,1
84071,1
84074,1
84076,1
84080,2
84089,2
84093,2
84096,1
84099,2
84102,2
84103,1
84112,1
84124,1
84128,2
84137,1
84138,2
84148,1
84157,1
84160,1
84169,1
84170,1
84176,1
84179,1
84183,1
84185,1
84186,1
84192,1
84195,2
84198,2
84205,1
84214,1
84215,1
84217,2
84218,1
84224,1
84230,2
84237,2
84243,2
84246,1
84249,1
84250,1
84253,1
84256,2
84272,1
84281,1
84285,1
84288,1
84294,2
84300,1
84310,1
84314,1
84333,1
84336,1
84339,1
84346,1
84348,1
84359,1
84371,1
84377,1
84378,2
84384,2
84397,1
84403,1
84410,1
84429,2
84436,1
84448,2
84457,2
84461,1
84464,1
84467,2
84477,1
84480,1
84486,3
84489,1
84492,1
84499,1
84518,2
84525,2
84535,1
84537,1
84541,1
84544,2
84548,1
84550,1
84556,1
84563,2
84569,1
84576,1
84579,2
84583,1
84595,1
84598,1
84601,2
84605,1
84614,1
84615,1
84627,1
84634,1
84646,1
84666,1
84672,2
84678,1
84682,1
84688,1
84691,2
84698,1
84704,2
84710,1
84720,1
84723,2
84729,1
84739,1
84742,2
84743,1
84749,1
84755,1
84761,2
84768,1
84774,1
84780,1
84793,3
84794,1
84797,1
84803,1
84806,1
84819,1
84825,1
84858,1
84861,1
84867,1
84870,1
84874,1
84903,2
84912,2
84915,1
84918,1
84925,1
84928,3
84935,1
84941,1
84947,1
84953,1
84976,1
84979,2
84986,1
84999,1
85004,1
85011,1
85014,1
85034,1
85037,1
85043,1
85049,1
85056,1
85068,1
85082,2
85104,1
85107,2
85113,1
85114,1
85129,1
85152,1
85159,1
85168,1
85184,2
85194,1
85197,2
85203,3
85210,1
85225,1
85226,1
85235,1
85241,1
85242,1
85244,1
85248,1
85254,1
85260,1
85270,1
85292,1
85312,2
85325,1
85331,1
85350,1
85356,1
85369,3
85370,2
85372,1
85379,1
85382,1
85385,1
85388,1
85411,1
85412,1
85421,1
85433,1
85434,1
85437,1
85443,3
85446,1
85452,1
85453,1
85456,1
85460,2
85462,1
85466,1
85475,1
85491,1
85504,2
85510,1
85530,1
85539,1
85555,2
85568,1
85578,2
85584,1
85594,1
85604,1
85612,1
85616,1
85619,1
85639,1
85648,1
85652,1
85654,1
85657,1
85664,2
85670,2
85676,1
85677,1
85680,1
85683,1
85684,1
85687,1
85689,1
85692,1
85699,1
85718,1
85722,1
85734,1
85744,1
85747,1
85751,1
85760,1
85769,1
85773,2
85779,1
85780,1
85786,1
85792,1
85798,1
85799,1
85804,1
85818,1
85821,1
85824,1
85827,1
85833,1
85843,1
85856,2
85859,1
85862,2
85863,1
85865,1
85869,3
85881,1
85888,2
85891,1
85895,1
85901,1
85920,1
85946,1
85952,1
85965,2
85974,1
85981,2
85997,3
86010,1
86013,2
86016,1
86029,1
86045,1
86048,3
86061,1
86073,1
86086,1
86103,1
86106,2
86112,1
86144,1
86150,1
86157,1
86176,1
86185,1
86186,1
86189,2
86221,2
86228,1
86233,1
86234,1
86240,1
86253,1
86272,1
86275,1
86278,1
86294,1
86297,1
86310,1
86317,1
86323,1
86330,1
86342,1
86349,1
86355,1
86371,1
86374,1
86378,1
86381,1
86387,1
86391,1
86406,1
86410,1
86413,1
86432,1
86444,1
86445,2
86448,1
86451,1
86457,1
86467,1
86470,1
86471,1
86519,1
86538,1
86547,1
86553,1
86572,1
86579,1
86611,1
86615,1
86649,1
86653,1
86668,1
86669,1
86682,2
86684,1
86694,1
86698,1
86701,1
86707,1
86717,1
86720,2
86733,1
86739,2
86752,1
86803,1
86806,1
86816,1
86822,1
86829,1
86841,1
86848,2
86861,1
86905,2
86906,1
86938,1
86951,1
86957,1
86967,1
87015,1
87021,1
87027,1
87046,2
87059,1
87060,1
87066,1
87075,1
87107,1
87114,1
87143,1
87161,1
87162,1
87174,2
87187,2
87197,1
87222,1
87225,1
87232,2
87244,1
87251,1
87261,1
87270,1
87280,1
87296,1
87299,1
87303,1
87309,1
87315,1
87322,1
87331,1
87341,2
87347,1
87367,1
87373,2
87382,1
87385,1
87396,1
87399,2
87417,1
87418,1
87421,1
87424,1
87456,1
87462,1
87469,1
87495,1
87508,1
87527,1
87552,2
87559,1
87571,1
87577,1
87578,1
87581,1
87597,1
87603,1
87635,1
87636,1
87642,2
87670,1
87673,1
87683,1
87718,2
87721,1
87722,1
87744,1
87760,1
87763,1
87776,1
87795,1
87804,1
87808,1
87812,1
87821,2
87830,1
87878,1
87879,1
87891,1
87897,1
87898,1
87920,1
87936,1
87945,1
87948,1
87958,1
87959,1
87962,1
87975,1
87981,1
87997,1
88020,1
88026,1
88039,1
88051,1
88064,2
88084,1
88090,1
88102,1
88131,1
88134,1
88144,1
88147,1
88151,1
88160,1
88192,1
88198,1
88205,1
88214,1
88227,1
88230,1
88243,1
88314,1
88323,1
88327,1
88333,1
88372,1
88387,1
88397,1
88409,1
88435,2
88452,1
88502,1
88528,1
88538,1
88547,1
88563,1
88564,1
88579,1
88595,1
88596,1
88605,1
88608,1
88620,1
88634,1
88640,1
88669,1
88672,1
88678,2
88684,1
88698,1
88742,1
88746,1
88762,1
88774,1
88781,1
88800,1
88813,1
88825,1
88832,1
88845,1
88857,1
88858,1
88870,1
88887,1
88890,2
88896,1
88919,1
88925,1
88935,1
88940,1
88982,1
89028,1
89030,1
89031,2
89062,1
89069,1
89088,1
89113,1
89156,1
89162,1
89229,1
89235,1
89241,1
89248,1
89264,1
89286,1
89331,1
89344,1
89347,1
89366,1
89372,1
89373,1
89421,1
89440,1
89475,1
89482,1
89485,1
89542,1
89543,1
89555,1
89593,1
89613,1
89654,2
89661,1
89664,2
89671,1
89677,1
89709,1
89712,1
89718,2
89732,1
89734,1
89760,1
89772,1
89795,1
89799,1
89820,1
89836,1
89843,2
89866,1
89872,1
89900,1
89907,1
89930,1
89964,1
89978,1
90000,1
90016,1
90032,1
90071,1
90073,1
90112,1
90131,1
90137,1
90176,1
90182,1
90208,1
90221,1
90227,1
90233,1
90237,1
90252,2
90262,1
90272,1
90282,1
90292,1
90330,1
90358,1
90387,1
90426,1
90445,1
90454,1
90471,1
90489,1
90490,1
90496,1
90499,1
90531,1
90554,1
90573,1
90624,1
90663,1
90685,1
90695,1
90700,1
90720,1
90733,1
90759,1
90768,1
90781,2
90796,2
90819,1
90845,1
90861,1
90873,1
90874,1
90877,2
90896,1
90899,1
90903,1
90944,1
90960,1
90969,1
90972,1
90976,1
91030,1
91040,1
91107,1
91127,1
91194,1
91220,1
91223,1
91239,1
91242,1
91245,1
91251,1
91257,1
91261,1
91264,1
91271,1
91312,1
91328,1
91363,1
91392,1
91431,1
91433,1
91469,1
91507,1
91543,1
91559,1
91603,1
91629,1
91635,2
91648,1
91731,1
91760,1
91763,2
91773,1
91782,1
91802,1
91817,1
91824,1
91833,1
91862,1
91932,1
91955,2
91975,1
91977,1
91993,1
92016,1
92052,1
92080,1
92083,1
92115,1
92137,1
92154,1
92160,1
92179,1
92182,1
92189,1
92192,1
92198,1
92217,1
92243,1
92269,1
92282,1
92294,1
92345,1
92349,1
92368,1
92381,1
92384,1
92390,1
92391,1
92435,1
92441,1
92537,1
92602,1
92628,1
92640,1
92643,1
92646,1
92682,1
92685,1
92710,1
92730,1
92780,1
92784,1
92826,2
92861,1
92870,1
92931,2
92979,1
92992,1
93004,1
93027,1
93046,1
93069,1
93078,1
93107,1
93184,1
93238,1
93245,1
93248,1
93254,1
93274,1
93283,1
93302,1
93306,1
93325,1
93347,1
93350,1
93395,1
93440,1
93447,1
93501,1
93546,1
93568,1
93590,1
93591,1
93600,1
93639,1
93645,1
93652,1
93702,1
93715,1
93769,1
93773,1
93782,1
93805,1
93824,1
93843,1
93850,1
93885,1
93907,1
93945,1
93990,2
94073,1
94087,1
94089,1
94112,1
94122,1
94134,1
94137,1
94182,1
94183,1
94205,1
94221,1
94230,1
94237,1
94278,1
94329,1
94339,1
94374,1
94413,1
94419,1
94487,1
94528,1
94541,1
94560,1
94563,1
94566,1
94576,1
94592,1
94599,2
94662,1
94684,1
94685,1
94688,1
94695,1
94700,1
94701,1
94710,1
94720,1
94732,1
94758,1
94822,1
94857,1
94928,1
94931,1
94966,1
95024,1
95034,1
95040,1
95060,1
95069,1
95079,1
95158,1
95177,1
95200,1
95219,1
95228,1
95238,1
95264,1
95280,1
95290,2
95292,1
95322,1
95331,1
95372,1
95398,1
95412,1
95414,1
95433,1
95434,1
95463,2
95597,1
95660,1
95677,1
95693,1
95725,1
95731,1
95744,1
95757,1
95763,1
95769,1
95785,1
95792,1
95814,1
95833,1
95884,1
95888,1
95904,1
95910,1
95927,1
96019,1
96058,1
96100,1
96102,1
96103,1
96128,2
96157,1
96179,1
96212,1
96288,1
96314,1
96317,1
96345,1
96352,2
96397,1
96409,1
96422,1
96460,1
96467,1
96480,1
96576,1
96640,1
96650,1
96653,1
96710,1
96717,1
96720,1
96742,1
96774,1
96781,1
96787,1
96793,1
96794,1
96832,1
96851,1
96858,1
96864,1
96871,1
96951,1
96970,1
96989,1
97002,1
97017,1
97024,1
97033,1
97043,1
97062,1
97069,1
97101,1
97145,1
97165,1
97178,1
97190,1
97229,1
97232,1
97235,1
97248,1
97268,1
97274,1
97276,1
97280,1
97296,1
97312,1
97325,2
97376,1
97383,1
97395,1
97405,1
97408,1
97411,1
97436,1
97453,1
97456,1
97472,1
97497,1
97507,1
97520,1
97543,1
97549,1
97561,1
97571,1
97623,1
97645,2
97664,1
97670,1
97684,1
97696,1
97702,1
97709,1
97734,1
97738,1
97747,1
97753,1
97789,1
97865,1
97888,1
97914,1
97964,1
97971,1
97981,1
98022,1
98036,1
98057,1
98080,1
98086,1
98103,1
98106,1
98112,1
98125,1
98134,1
98137,1
98144,1
98156,1
98173,1
98215,1
98221,1
98227,1
98243,1
98246,1
98253,1
98278,1
98282,1
98304,1
98323,1
98342,1
98352,1
98368,1
98394,1
98451,2
98474,1
98490,1
98518,1
98521,1
98560,1
98605,1
98611,1
98618,1
98643,1
98698,1
98701,1
98739,1
98756,1
98774,1
98806,1
98858,1
98861,1
98864,1
98892,1
98899,1
98963,1
98989,1
98995,1
99008,1
99030,1
99053,1
99063,1
99072,1
99101,1
99104,2
99133,1
99158,1
99161,1
99164,1
99168,1
99181,1
99187,1
99194,1
99216,2
99232,1
99260,1
99261,1
99264,1
99318,1
99322,2
99344,1
99360,1
99373,1
99385,1
99386,1
99398,1
99449,1
99462,1
99485,1
99494,1
99501,1
99507,1
99513,1
99532,1
99545,1
99555,1
99568,1
99572,1
99574,1
99667,1
99673,1
99677,1
99712,1
99715,1
99719,1
99731,1
99744,1
99748,1
99760,1
99802,1
99808,1
99814,1
99815,1
99831,1
99840,2
99879,1
99897,1
99910,1
99923,1
99936,1
99968,1
99990,1
99993,1
100009,1
100038,1
100045,1
100074,1
100109,1
100128,2
100160,1
100196,1
100205,1
100221,1
100266,1
100301,1
100323,1
100326,1
100333,1
100339,1
100346,1
100396,1
100422,1
100441,1
100448,2
100487,1
100544,2
100563,1
100570,2
100596,1
100608,1
100611,1
100627,1
100634,1
100640,1
100675,1
100726,1
100742,1
100800,2
100819,1
100828,1
100832,1
100877,1
100887,1
100916,1
100960,1
101005,1
101066,1
101082,1
101120,1
101129,1
101139,1
101210,1
101216,1
101222,1
101306,1
101344,1
101357,1
101376,1
101392,1
101428,1
101440,1
101443,1
101453,1
101460,1
101472,1
101516,1
101523,1
101561,1
101581,1
101591,1
101600,1
101626,1
101632,1
101638,1
101651,1
101738,1
101770,1
101792,1
101804,1
101805,1
101831,3
101840,1
101856,1
101907,1
101917,1
101933,1
101952,1
101955,1
101962,1
101971,1
102003,1
102016,1
102022,1
102052,1
102061,1
102125,2
102131,1
102144,1
102147,1
102163,1
102259,1
102265,1
102294,1
102316,1
102317,2
102349,1
102361,1
102365,1
102394,1
102413,1
102425,1
102442,1
102473,1
102522,1
102566,1
102611,1
102627,1
102665,1
102697,1
102704,1
102755,1
102848,1
102854,1
102868,1
102912,1
102979,1
103066,1
103148,1
103158,1
103174,1
103181,1
103197,2
103220,1
103277,1
103290,1
103328,1
103405,1
103475,1
103523,1
103533,1
103540,1
103603,1
103629,1
103686,1
103696,1
103763,1
103770,1
103779,1
103783,1
103788,1
103805,1
103833,1
103840,1
103885,1
103898,1
103910,1
103942,1
103994,1
104003,1
104070,1
104163,1
104192,1
104201,1
104211,1
104313,1
104343,1
104371,1
104400,1
104480,1
104512,1
104550,1
104717,1
104748,1
104755,1
104908,1
104983,1
105043,1
105088,1
105194,1
105203,1
105209,1
105229,1
105305,1
105351,1
105465,1
105497,1
105523,1
105597,1
105635,1
105661,1
105702,1
105840,1
105904,1
105936,1
105971,1
106182,1
106221,1
106230,1
106301,1
106349,1
106448,1
106624,1
106646,1
106678,1
106688,1
106724,1
106832,1
106918,1
106950,1
107088,1
107107,1
107305,1
107322,1
107411,1
107520,1
107533,1
107642,1
108041,1
108211,1
108240,1
108445,1
109107,1
109306,1
109347,1
109376,1
109616,1
109853,1
109881,1
110464,1
110621,1
110717,1
110740,1
111139,1
111402,1
111923,1
112003,1
112019,1
112163,1
112269,1
112464,1
112768,1
113245,1
113674,1
113844,1
114265,1
115833,1
116172,1
116550,1
116736,1
116768,1
117510,1
117661,1
118358,1
118380,1
119622,1
121088,1
121133,1
121862,1
122217,1
122461,1
123802,1
124112,1
124666,1
125462,1
129312,1
129504,1
130016,1
130349,1
130752,1
132128,1
132455,1
135187,1
136445,1
136646,1
137318,1
138633,1
138836,1
141511,1
142295,1
148807,1
153510,1
154083,1
155962,1
156055,1
156717,1
156928,1
157651,1
160020,1
160400,1
160595,1
162873,1
163254,1
164544,1
165098,1
172493,1
172877,1
177555,1
182314,1
182317,1
183427,1
187456,1
188314,1
188809,1
189030,1
194797,1
196723,1
197290,1
200467,1
202714,1
206547,1
206630,1
207213,1
208096,1
208435,1
209651,1
213411,1
219578,1
219916,1
221772,1
226150,1
227178,1
228330,1
232637,1
233609,1
236128,1
236461,1
240058,1
242227,1
244921,1
253651,1
254115,1
260090,1
263011,1
267507,1
274804,1
282080,1
282243,1
285805,1
291276,1
292180,1
293065,1
294048,1
294643,1
294733,1
299987,1
300352,1
304992,1
306054,1
311724,1
312999,1
316448,1
320121,1
321309,1
322912,1
337174,1
338829,1
340512,1
349161,1
359155,1
375296,1
378336,1
379949,1
382054,1
394368,1
396775,1
399136,1
404608,1
407568,1
407677,1
414531,1
422054,1
425772,1
438067,1
456512,1
456547,1
457488,1
472121,1
472503,1
474131,1
485075,1
485113,1
487856,1
504384,1
526393,1
531792,1
540909,1
541881,1
542426,1
542630,1
550073,1
557594,1
576848,1
584576,1
604326,1
626810,1
646755,1
648144,1
654630,1
656115,1
668016,1
671776,1
677126,1
683098,1
705165,1
711034,1
716064,1
725946,1
730464,1
736089,1
746285,1
760329,1
786240,1
789088,1
804282,1
813280,1
831526,1
870573,1
875351,1
913258,1
925005,1
928736,1
980896,1
1017059,1
1074522,1
1189309,1
1268166,1
1336694,1
1347024,1
1453651,1
1554579,1
1572928,1
1594016,1
1609670,1
1680262,1
1724585,1
1738791,1
1779946,1
1934154,1
2110534,1
2181283,1
2253977,1
2270377,1
2434595,1
2737811,1
2894458,1
2977766,1
3200726,1
3271641,1
3785996,1
3852524,1
4513210,1
4564019,1
5191367,1
5482086,1
5719283,1
5786131,1
5791814,1
5895603,1
6330298,1
7034076,1
8352594,1
