# Samples: 167646, Average: 14458.9 ns, StdDev: 68019.3 ns, Quartiles: 11491.0/12051.0/14035.0 ns
10749,1
10752,1
10772,1
10794,1
10812,1
10816,1
10819,3
10822,2
10823,1
10829,2
10835,4
10836,1
10839,1
10842,2
10854,3
10855,2
10857,2
10860,2
10861,4
10864,2
10867,3
10868,1
10870,3
10873,2
10874,3
10877,3
10880,6
10883,2
10886,3
10887,4
10889,2
10890,1
10892,3
10893,13
10896,6
10899,14
10900,4
10902,3
10903,4
10905,4
10906,9
10908,1
10909,7
10912,23
10915,7
10916,1
10918,9
10919,19
10921,3
10922,8
10924,7
10925,31
10928,11
10931,31
10932,6
10934,10
10935,8
10937,19
10938,27
10940,2
10941,17
10944,57
10947,21
10948,1
10950,42
10951,26
10953,8
10954,12
10956,13
10957,52
10960,31
10963,51
10964,16
10966,22
10967,10
10969,31
10970,42
10972,5
10973,29
10976,89
10979,35
10980,6
10982,53
10983,40
10985,10
10986,28
10988,15
10989,79
10992,42
10995,119
10996,25
10998,36
10999,23
11001,66
11002,77
11004,6
11005,43
11008,156
11011,57
11012,6
11014,84
11015,77
11017,32
11018,40
11020,45
11021,133
11024,71
11027,148
11028,52
11030,38
11031,32
11033,79
11034,127
11036,18
11037,69
11040,219
11043,73
11044,11
11046,121
11047,88
11049,32
11050,51
11052,54
11053,163
11056,93
11059,180
11060,59
11062,71
11063,53
11065,114
11066,164
11068,19
11069,86
11072,259
11075,92
11076,28
11078,186
11079,112
11081,47
11082,74
11084,58
11085,258
11088,131
11091,265
11092,64
11094,80
11095,52
11097,132
11098,188
11100,26
11101,122
11104,330
11107,124
11108,20
11110,206
11111,130
11113,56
11114,76
11116,69
11117,270
11120,152
11123,263
11124,77
11126,85
11127,59
11129,145
11130,207
11132,38
11133,112
11136,376
11139,117
11140,24
11142,207
11143,156
11145,60
11146,87
11148,79
11149,303
11152,153
11155,333
11156,107
11158,67
11159,63
11161,156
11162,218
11164,37
11165,119
11168,395
11171,154
11172,37
11174,229
11175,167
11177,59
11178,103
11180,87
11181,323
11184,162
11187,339
11188,90
11190,80
11191,57
11193,157
11194,223
11196,24
11197,118
11200,428
11203,103
11204,24
11206,218
11207,174
11209,80
11210,79
11212,70
11213,303
11216,134
11219,313
11220,106
11222,91
11223,53
11225,142
11226,247
11228,45
11229,126
11232,408
11235,128
11236,34
11238,231
11239,167
11241,54
11242,100
11244,81
11245,326
11248,167
11251,317
11252,82
11254,94
11255,56
11257,157
11258,289
11260,25
11261,131
11264,423
11267,157
11268,22
11270,271
11271,170
11273,72
11274,95
11276,83
11277,329
11280,154
11283,349
11284,75
11286,104
11287,71
11289,174
11290,264
11292,34
11293,137
11296,378
11299,144
11300,29
11302,269
11303,151
11305,61
11306,109
11308,83
11309,334
11312,153
11315,359
11316,91
11318,111
11319,90
11321,173
11322,263
11324,40
11325,128
11328,427
11331,137
11332,33
11334,234
11335,171
11337,52
11338,111
11340,78
11341,331
11344,173
11347,339
11348,83
11350,103
11351,69
11353,178
11354,275
11356,41
11357,150
11360,441
11363,143
11364,26
11366,262
11367,175
11369,72
11370,86
11372,81
11373,329
11376,167
11379,345
11380,95
11382,100
11383,87
11385,170
11386,280
11388,40
11389,168
11392,443
11395,161
11396,26
11398,253
11399,172
11401,61
11402,111
11404,94
11405,353
11408,204
11411,370
11412,94
11414,104
11415,89
11417,169
11418,270
11420,41
11421,125
11424,405
11427,130
11428,34
11430,276
11431,202
11433,84
11434,99
11436,84
11437,343
11440,170
11443,344
11444,90
11446,97
11447,82
11449,163
11450,295
11452,36
11453,120
11456,422
11459,154
11460,38
11462,250
11463,175
11465,63
11466,104
11468,76
11469,389
11472,193
11475,358
11476,95
11478,106
11479,70
11481,186
11482,246
11484,29
11485,140
11488,421
11491,153
11492,43
11494,260
11495,153
11497,84
11498,103
11500,86
11501,315
11504,159
11507,360
11508,81
11510,99
11511,65
11513,168
11514,263
11516,39
11517,150
11520,420
11523,134
11524,29
11526,245
11527,181
11529,70
11530,102
11532,78
11533,372
11536,176
11539,316
11540,91
11542,116
11543,60
11545,170
11546,250
11548,24
11549,118
11552,410
11555,144
11556,28
11558,221
11559,184
11561,70
11562,79
11564,82
11565,370
11568,174
11571,326
11572,69
11574,106
11575,81
11577,142
11578,236
11580,28
11581,143
11584,395
11587,119
11588,35
11590,230
11591,152
11593,70
11594,92
11596,64
11597,284
11600,151
11603,291
11604,97
11606,87
11607,61
11609,156
11610,215
11612,38
11613,115
11616,381
11619,134
11620,38
11622,222
11623,139
11625,62
11626,99
11628,69
11629,254
11632,143
11635,261
11636,69
11638,77
11639,65
11641,136
11642,210
11644,36
11645,130
11648,337
11651,98
11652,17
11654,172
11655,113
11657,61
11658,81
11660,79
11661,249
11664,136
11667,295
11668,62
11670,88
11671,58
11673,130
11674,189
11676,26
11677,98
11680,304
11683,103
11684,28
11686,178
11687,119
11689,53
11690,69
11692,68
11693,248
11696,118
11699,244
11700,59
11702,79
11703,58
11705,117
11706,181
11708,22
11709,107
11712,335
11715,108
11716,30
11718,172
11719,136
11721,49
11722,72
11724,50
11725,283
11728,152
11731,255
11732,57
11734,99
11735,53
11737,139
11738,183
11740,19
11741,94
11744,325
11747,121
11748,34
11750,189
11751,134
11753,55
11754,70
11756,68
11757,296
11760,154
11763,254
11764,70
11766,85
11767,48
11769,131
11770,219
11772,35
11773,101
11776,336
11779,108
11780,17
11782,183
11783,121
11785,60
11786,80
11788,63
11789,269
11792,136
11795,249
11796,56
11798,79
11799,49
11801,147
11802,186
11804,32
11805,109
11808,336
11811,113
11812,26
11814,202
11815,123
11817,45
11818,80
11820,66
11821,247
11824,149
11827,297
11828,68
11830,80
11831,54
11833,120
11834,214
11836,31
11837,109
11840,402
11843,112
11844,39
11846,192
11847,129
11849,49
11850,65
11852,66
11853,258
11856,135
11859,260
11860,72
11862,79
11863,54
11865,136
11866,186
11868,29
11869,119
11872,316
11875,111
11876,32
11878,199
11879,138
11881,48
11882,72
11884,60
11885,293
11888,142
11891,257
11892,58
11894,76
11895,50
11897,134
11898,179
11900,23
11901,128
11904,325
11907,115
11908,32
11910,174
11911,128
11913,52
11914,102
11916,64
11917,237
11920,146
11923,228
11924,55
11926,71
11927,45
11929,110
11930,200
11932,24
11933,95
11936,325
11939,106
11940,28
11942,185
11943,111
11945,48
11946,78
11948,64
11949,245
11952,110
11955,233
11956,62
11958,61
11959,56
11961,127
11962,184
11964,26
11965,99
11968,294
11971,100
11972,22
11974,191
11975,135
11977,45
11978,61
11980,58
11981,238
11984,111
11987,224
11988,69
11990,64
11991,53
11993,103
11994,206
11996,29
11997,89
12000,285
12003,106
12004,27
12006,204
12007,109
12009,54
12010,67
12012,61
12013,252
12016,123
12019,225
12020,59
12022,76
12023,41
12025,116
12026,175
12028,19
12029,91
12032,283
12035,79
12036,22
12038,174
12039,129
12041,46
12042,79
12044,75
12045,247
12048,128
12051,230
12052,61
12054,60
12055,46
12057,111
12058,167
12060,25
12061,106
12064,302
12067,93
12068,29
12070,158
12071,123
12073,43
12074,76
12076,52
12077,226
12080,110
12083,207
12084,56
12086,71
12087,32
12089,126
12090,169
12092,20
12093,97
12096,256
12099,81
12100,26
12102,171
12103,122
12105,46
12106,66
12108,55
12109,218
12112,134
12115,234
12116,62
12118,69
12119,60
12121,106
12122,167
12124,27
12125,93
12128,280
12131,96
12132,24
12134,155
12135,122
12137,54
12138,78
12140,57
12141,250
12144,116
12147,223
12148,59
12150,67
12151,46
12153,113
12154,159
12156,24
12157,96
12160,256
12163,102
12164,19
12166,143
12167,114
12169,58
12170,84
12172,72
12173,229
12176,104
12179,213
12180,60
12182,66
12183,45
12185,116
12186,180
12188,15
12189,87
12192,302
12195,89
12196,26
12198,141
12199,115
12201,42
12202,66
12204,58
12205,243
12208,115
12211,218
12212,60
12214,65
12215,39
12217,98
12218,159
12220,24
12221,87
12224,249
12227,91
12228,27
12230,147
12231,114
12233,37
12234,54
12236,48
12237,221
12240,100
12243,224
12244,58
12246,64
12247,48
12249,96
12250,166
12252,14
12253,76
12256,261
12259,101
12260,22
12262,137
12263,117
12265,39
12266,52
12268,44
12269,216
12272,100
12275,209
12276,51
12278,46
12279,41
12281,93
12282,148
12284,25
12285,78
12288,239
12291,70
12292,17
12294,152
12295,87
12297,35
12298,66
12300,44
12301,180
12304,105
12307,156
12308,52
12310,58
12311,34
12313,96
12314,137
12316,14
12317,87
12320,219
12323,57
12324,16
12326,129
12327,93
12329,29
12330,44
12332,50
12333,157
12336,69
12339,155
12340,41
12342,60
12343,37
12345,68
12346,137
12348,10
12349,72
12352,187
12355,67
12356,13
12358,98
12359,62
12361,33
12362,46
12364,38
12365,168
12368,71
12371,135
12372,33
12374,36
12375,25
12377,72
12378,92
12380,10
12381,49
12384,153
12387,57
12388,9
12390,92
12391,67
12393,25
12394,41
12396,25
12397,121
12400,57
12403,135
12404,28
12406,39
12407,30
12409,47
12410,68
12412,7
12413,55
12416,139
12419,64
12420,12
12422,85
12423,53
12425,27
12426,34
12428,21
12429,99
12432,67
12435,109
12436,29
12438,36
12439,16
12441,39
12442,83
12444,8
12445,35
12448,101
12451,39
12452,11
12454,72
12455,51
12457,15
12458,31
12460,28
12461,78
12464,48
12467,77
12468,21
12470,28
12471,15
12473,44
12474,59
12476,7
12477,33
12480,90
12483,28
12484,8
12486,70
12487,43
12489,14
12490,22
12492,13
12493,65
12496,49
12499,78
12500,20
12502,27
12503,24
12505,39
12506,53
12508,4
12509,30
12512,83
12515,23
12516,9
12518,51
12519,40
12521,17
12522,19
12524,20
12525,60
12528,35
12531,67
12532,13
12534,22
12535,11
12537,33
12538,40
12540,9
12541,27
12544,77
12547,22
12548,12
12550,48
12551,24
12553,19
12554,23
12556,17
12557,73
12560,36
12563,61
12564,17
12566,19
12567,14
12569,28
12570,45
12572,4
12573,25
12576,55
12579,19
12580,6
12582,37
12583,32
12585,7
12586,20
12588,8
12589,54
12592,29
12595,75
12596,27
12598,13
12599,13
12601,32
12602,42
12604,5
12605,24
12608,85
12611,28
12612,10
12614,40
12615,30
12617,11
12618,20
12620,10
12621,72
12624,23
12627,42
12628,14
12630,10
12631,10
12633,23
12634,32
12636,9
12637,21
12640,63
12643,23
12644,5
12646,36
12647,28
12649,8
12650,22
12652,16
12653,64
12656,30
12659,53
12660,12
12662,16
12663,8
12665,25
12666,37
12668,7
12669,19
12672,77
12675,15
12676,7
12678,36
12679,34
12681,11
12682,15
12684,23
12685,49
12688,25
12691,49
12692,18
12694,23
12695,9
12697,26
12698,32
12700,2
12701,22
12704,69
12707,26
12708,4
12710,39
12711,28
12713,3
12714,19
12716,14
12717,51
12720,27
12723,41
12724,14
12726,12
12727,9
12729,23
12730,47
12732,3
12733,24
12736,64
12739,17
12740,5
12742,41
12743,33
12745,10
12746,20
12748,10
12749,44
12752,29
12755,66
12756,22
12758,15
12759,13
12761,17
12762,37
12764,3
12765,22
12768,64
12771,13
12772,5
12774,43
12775,31
12777,8
12778,16
12780,16
12781,34
12784,26
12787,54
12788,17
12790,19
12791,13
12793,20
12794,37
12796,3
12797,20
12800,69
12803,25
12804,2
12806,31
12807,18
12809,12
12810,16
12812,6
12813,56
12816,24
12819,51
12820,13
12822,17
12823,9
12825,26
12826,28
12828,6
12829,19
12832,69
12835,8
12836,8
12838,28
12839,28
12841,6
12842,19
12844,10
12845,44
12848,34
12851,43
12852,11
12854,14
12855,10
12857,20
12858,44
12860,10
12861,18
12864,58
12867,22
12868,2
12870,38
12871,23
12873,8
12874,15
12876,10
12877,42
12880,28
12883,58
12884,16
12886,17
12887,10
12889,28
12890,31
12892,5
12893,21
12896,69
12899,20
12900,2
12902,22
12903,18
12905,10
12906,13
12908,8
12909,43
12912,24
12915,67
12916,10
12918,10
12919,13
12921,25
12922,29
12924,4
12925,21
12928,71
12931,20
12932,4
12934,41
12935,24
12937,4
12938,18
12940,18
12941,54
12944,24
12947,43
12948,16
12950,14
12951,13
12953,26
12954,42
12956,4
12957,18
12960,78
12963,15
12964,8
12966,34
12967,19
12969,8
12970,15
12972,10
12973,40
12976,23
12979,40
12980,17
12982,11
12983,11
12985,23
12986,37
12988,2
12989,21
12992,59
12995,15
12996,6
12998,29
12999,25
13001,6
13002,21
13004,12
13005,45
13008,15
13011,46
13012,9
13014,9
13015,5
13017,23
13018,32
13020,5
13021,15
13024,48
13027,29
13028,3
13030,28
13031,22
13033,13
13034,9
13036,8
13037,44
13040,23
13043,38
13044,7
13046,22
13047,14
13049,20
13050,27
13052,1
13053,21
13056,53
13059,12
13060,4
13062,28
13063,14
13065,9
13066,14
13068,6
13069,29
13072,17
13075,44
13076,9
13078,8
13079,12
13081,21
13082,27
13084,3
13085,17
13088,56
13091,18
13092,4
13094,30
13095,17
13097,8
13098,14
13100,9
13101,32
13104,22
13107,40
13108,7
13110,12
13111,10
13113,18
13114,24
13116,5
13117,14
13120,48
13123,9
13124,4
13126,29
13127,13
13129,12
13130,14
13132,6
13133,35
13136,22
13139,36
13140,5
13142,11
13143,10
13145,19
13146,18
13148,2
13149,13
13152,52
13155,11
13158,24
13159,30
13161,9
13162,18
13164,7
13165,28
13168,13
13171,35
13172,4
13174,12
13175,7
13177,20
13178,26
13180,3
13181,22
13184,52
13187,11
13188,3
13190,30
13191,22
13193,11
13194,15
13196,13
13197,36
13200,14
13203,43
13204,10
13206,12
13207,5
13209,19
13210,32
13212,4
13213,14
13216,41
13219,17
13220,2
13222,23
13223,24
13225,10
13226,13
13228,5
13229,35
13232,14
13235,38
13236,10
13238,14
13239,10
13241,17
13242,27
13244,3
13245,17
13248,49
13251,18
13252,2
13254,33
13255,18
13257,8
13258,14
13260,7
13261,32
13264,17
13267,50
13268,10
13270,6
13271,17
13273,22
13274,32
13276,6
13277,11
13280,53
13283,11
13284,4
13286,32
13287,17
13289,16
13290,13
13292,8
13293,37
13296,22
13299,50
13300,10
13302,9
13303,8
13305,18
13306,19
13308,5
13309,15
13312,46
13315,11
13316,5
13318,34
13319,16
13321,13
13322,13
13324,3
13325,41
13328,15
13331,35
13332,13
13334,14
13335,7
13337,20
13338,33
13340,6
13341,11
13344,50
13347,23
13348,3
13350,32
13351,18
13353,5
13354,13
13356,14
13357,46
13360,21
13363,45
13364,15
13366,9
13367,3
13369,23
13370,21
13372,9
13373,19
13376,58
13379,15
13380,5
13382,32
13383,21
13385,6
13386,14
13388,10
13389,46
13392,14
13395,48
13396,8
13398,15
13399,6
13401,17
13402,50
13404,2
13405,17
13408,52
13411,18
13412,9
13414,41
13415,33
13417,8
13418,22
13420,9
13421,60
13424,27
13427,44
13428,15
13430,14
13431,4
13433,17
13434,40
13436,7
13437,24
13440,65
13443,27
13444,5
13446,34
13447,21
13449,8
13450,11
13452,14
13453,55
13456,21
13459,45
13460,13
13462,12
13463,5
13465,21
13466,21
13468,2
13469,18
13472,47
13475,17
13476,4
13478,34
13479,23
13481,10
13482,18
13484,12
13485,52
13488,16
13491,49
13492,10
13494,14
13495,6
13497,23
13498,40
13500,2
13501,16
13504,60
13507,16
13508,3
13510,36
13511,23
13513,10
13514,14
13516,12
13517,64
13520,20
13523,42
13524,16
13526,12
13527,15
13529,29
13530,38
13532,9
13533,20
13536,60
13539,24
13540,4
13542,36
13543,32
13545,11
13546,13
13548,15
13549,49
13552,30
13555,46
13556,24
13558,9
13559,9
13561,28
13562,31
13564,4
13565,23
13568,59
13571,29
13572,6
13574,33
13575,25
13577,14
13578,14
13580,18
13581,44
13584,27
13587,35
13588,12
13590,16
13591,16
13593,34
13594,34
13596,4
13597,21
13600,69
13603,19
13604,5
13606,37
13607,29
13609,8
13610,19
13612,11
13613,42
13616,27
13619,43
13620,10
13622,17
13623,11
13625,17
13626,44
13628,3
13629,15
13632,65
13635,25
13636,5
13638,38
13639,25
13641,13
13642,12
13644,16
13645,55
13648,25
13651,46
13652,10
13654,17
13655,9
13657,23
13658,40
13660,4
13661,12
13664,53
13667,21
13668,1
13670,35
13671,19
13673,13
13674,18
13676,18
13677,52
13680,19
13683,55
13684,11
13686,12
13687,16
13689,27
13690,46
13692,4
13693,18
13696,61
13699,29
13700,4
13702,30
13703,22
13705,7
13706,17
13708,10
13709,50
13712,26
13715,57
13716,7
13718,13
13719,12
13721,17
13722,26
13724,8
13725,15
13728,62
13731,28
13732,3
13734,25
13735,31
13737,10
13738,12
13740,11
13741,41
13744,19
13747,49
13748,12
13750,18
13751,7
13753,19
13754,42
13756,3
13757,21
13760,61
13763,19
13764,6
13766,39
13767,28
13769,11
13770,10
13772,8
13773,44
13776,29
13779,46
13780,15
13782,11
13783,9
13785,27
13786,22
13788,5
13789,19
13792,69
13795,20
13796,6
13798,41
13799,23
13801,13
13802,9
13804,16
13805,54
13808,31
13811,54
13812,5
13814,24
13815,12
13817,31
13818,30
13820,8
13821,10
13824,63
13827,21
13828,5
13830,34
13831,22
13833,10
13834,11
13836,13
13837,44
13840,26
13843,50
13844,11
13846,18
13847,6
13849,19
13850,33
13852,4
13853,29
13856,59
13859,15
13860,7
13862,37
13863,16
13865,16
13866,14
13868,19
13869,45
13872,21
13875,43
13876,11
13878,22
13879,9
13881,30
13882,42
13884,3
13885,16
13888,59
13891,20
13892,3
13894,34
13895,15
13897,4
13898,21
13900,13
13901,57
13904,22
13907,55
13908,15
13910,17
13911,14
13913,29
13914,30
13916,2
13917,17
13920,61
13923,17
13924,6
13926,25
13927,21
13929,10
13930,12
13932,11
13933,41
13936,18
13939,42
13940,13
13942,13
13943,14
13945,25
13946,33
13948,6
13949,13
13952,72
13955,20
13956,3
13958,27
13959,20
13961,6
13962,15
13964,14
13965,52
13968,26
13971,53
13972,16
13974,9
13975,8
13977,20
13978,40
13980,4
13981,15
13984,65
13987,27
13988,4
13990,27
13991,26
13993,8
13994,19
13996,12
13997,69
14000,19
14003,52
14004,12
14006,20
14007,10
14009,22
14010,38
14012,6
14013,28
14016,56
14019,16
14020,2
14022,34
14023,36
14025,6
14026,14
14028,12
14029,54
14032,25
14035,51
14036,8
14038,20
14039,6
14041,26
14042,31
14044,2
14045,21
14048,69
14051,19
14052,9
14054,29
14055,38
14057,8
14058,17
14060,11
14061,41
14064,22
14067,56
14068,15
14070,22
14071,8
14073,26
14074,37
14076,5
14077,16
14080,66
14083,21
14084,2
14086,34
14087,16
14089,14
14090,13
14092,14
14093,44
14096,24
14099,33
14100,12
14102,15
14103,11
14105,16
14106,23
14108,7
14109,21
14112,67
14115,24
14116,4
14118,58
14119,26
14121,9
14122,17
14124,10
14125,60
14128,24
14131,46
14132,11
14134,12
14135,11
14137,15
14138,41
14140,10
14141,12
14144,58
14147,20
14148,5
14150,43
14151,24
14153,4
14154,16
14156,6
14157,52
14160,31
14163,53
14164,18
14166,9
14167,10
14169,33
14170,45
14172,5
14173,16
14176,61
14179,23
14180,5
14182,35
14183,22
14185,22
14186,12
14188,11
14189,46
14192,24
14195,56
14196,13
14198,15
14199,6
14201,27
14202,35
14204,5
14205,16
14208,75
14211,25
14212,6
14214,34
14215,25
14217,8
14218,8
14220,8
14221,43
14224,26
14227,47
14228,15
14230,10
14231,13
14233,20
14234,30
14236,3
14237,20
14240,63
14243,15
14244,6
14246,42
14247,24
14249,10
14250,22
14252,9
14253,60
14256,23
14259,52
14260,14
14262,17
14263,6
14265,20
14266,37
14268,4
14269,21
14272,70
14275,27
14276,4
14278,39
14279,35
14281,12
14282,13
14284,11
14285,54
14288,32
14291,52
14292,14
14294,18
14295,10
14297,30
14298,37
14300,8
14301,28
14304,64
14307,18
14308,6
14310,29
14311,18
14313,9
14314,19
14316,12
14317,42
14320,28
14323,46
14324,16
14326,11
14327,9
14329,33
14330,43
14332,8
14333,21
14336,82
14339,29
14340,4
14342,49
14343,30
14345,15
14346,16
14348,10
14349,58
14352,26
14355,63
14356,15
14358,27
14359,4
14361,23
14362,43
14364,8
14365,25
14368,59
14371,25
14372,7
14374,51
14375,27
14377,5
14378,13
14380,10
14381,52
14384,25
14387,60
14388,17
14390,14
14391,13
14393,36
14394,41
14396,7
14397,27
14400,77
14403,13
14404,10
14406,39
14407,25
14409,12
14410,16
14412,16
14413,54
14416,31
14419,50
14420,8
14422,16
14423,17
14425,41
14426,53
14428,5
14429,26
14432,73
14435,27
14436,5
14438,50
14439,36
14441,16
14442,12
14444,15
14445,66
14448,32
14451,63
14452,13
14454,21
14455,16
14457,38
14458,45
14460,5
14461,37
14464,64
14467,20
14468,5
14470,56
14471,15
14473,14
14474,16
14476,11
14477,60
14480,36
14483,53
14484,12
14486,30
14487,15
14489,36
14490,44
14492,6
14493,21
14496,72
14499,25
14500,7
14502,50
14503,43
14505,13
14506,21
14508,13
14509,64
14512,31
14515,62
14516,17
14518,24
14519,14
14521,21
14522,47
14524,5
14525,29
14528,65
14531,23
14532,8
14534,52
14535,33
14537,13
14538,18
14540,20
14541,60
14544,46
14547,66
14548,21
14550,22
14551,17
14553,29
14554,53
14556,8
14557,17
14560,86
14563,23
14564,4
14566,53
14567,38
14569,15
14570,30
14572,9
14573,60
14576,32
14579,63
14580,18
14582,18
14583,12
14585,33
14586,50
14588,6
14589,33
14592,59
14595,26
14596,3
14598,59
14599,32
14601,13
14602,22
14604,12
14605,68
14608,33
14611,73
14612,20
14614,22
14615,8
14617,43
14618,46
14620,4
14621,18
14624,75
14627,19
14628,6
14630,54
14631,31
14633,12
14634,21
14636,11
14637,70
14640,43
14643,68
14644,15
14646,17
14647,16
14649,30
14650,50
14652,11
14653,36
14656,64
14659,24
14660,13
14662,53
14663,43
14665,11
14666,25
14668,19
14669,63
14672,41
14675,60
14676,9
14678,14
14679,10
14681,32
14682,45
14684,15
14685,28
14688,81
14691,15
14692,6
14694,56
14695,30
14697,11
14698,14
14700,12
14701,53
14704,43
14707,66
14708,18
14710,24
14711,17
14713,35
14714,57
14716,5
14717,30
14720,70
14723,34
14724,3
14726,51
14727,27
14729,21
14730,23
14732,12
14733,54
14736,40
14739,74
14740,25
14742,15
14743,22
14745,29
14746,51
14748,5
14749,26
14752,79
14755,27
14756,4
14758,43
14759,35
14761,13
14762,27
14764,17
14765,57
14768,24
14771,65
14772,13
14774,21
14775,16
14777,30
14778,46
14780,5
14781,28
14784,75
14787,19
14788,9
14790,45
14791,26
14793,12
14794,18
14796,20
14797,77
14800,39
14803,61
14804,15
14806,28
14807,17
14809,41
14810,53
14812,8
14813,27
14816,80
14819,32
14820,11
14822,50
14823,30
14825,19
14826,31
14828,17
14829,58
14832,26
14835,43
14836,16
14838,18
14839,10
14841,30
14842,52
14844,5
14845,26
14848,86
14851,23
14852,7
14854,45
14855,34
14857,18
14858,18
14860,17
14861,65
14864,40
14867,56
14868,18
14870,25
14871,15
14873,36
14874,45
14876,4
14877,33
14880,75
14883,28
14884,8
14886,46
14887,41
14889,15
14890,22
14892,21
14893,64
14896,36
14899,63
14900,22
14902,20
14903,13
14905,35
14906,50
14908,6
14909,37
14912,75
14915,29
14916,7
14918,50
14919,26
14921,10
14922,16
14924,19
14925,69
14928,32
14931,52
14932,5
14934,22
14935,6
14937,18
14938,49
14940,10
14941,28
14944,90
14947,17
14948,5
14950,69
14951,41
14953,13
14954,20
14956,9
14957,67
14960,25
14963,63
14964,13
14966,20
14967,15
14969,35
14970,47
14972,9
14973,23
14976,74
14979,33
14980,7
14982,44
14983,30
14985,14
14986,18
14988,17
14989,62
14992,36
14995,62
14996,21
14998,17
14999,15
15001,34
15002,53
15004,8
15005,36
15008,83
15011,32
15012,14
15014,50
15015,34
15017,10
15018,21
15020,13
15021,66
15024,25
15027,74
15028,17
15030,16
15031,10
15033,39
15034,54
15036,6
15037,14
15040,71
15043,18
15044,8
15046,41
15047,26
15049,10
15050,13
15052,15
15053,62
15056,28
15059,58
15060,18
15062,29
15063,14
15065,32
15066,51
15068,7
15069,29
15072,59
15075,35
15076,7
15078,40
15079,34
15081,12
15082,16
15084,9
15085,48
15088,28
15091,60
15092,14
15094,16
15095,8
15097,22
15098,53
15100,8
15101,22
15104,91
15107,25
15108,4
15110,46
15111,33
15113,11
15114,14
15116,14
15117,61
15120,26
15123,55
15124,22
15126,24
15127,14
15129,29
15130,45
15132,10
15133,18
15136,65
15139,27
15140,6
15142,40
15143,25
15145,7
15146,21
15148,15
15149,52
15152,31
15155,67
15156,18
15158,14
15159,10
15161,27
15162,44
15164,7
15165,21
15168,64
15171,19
15172,3
15174,44
15175,26
15177,7
15178,14
15180,16
15181,56
15184,20
15187,46
15188,15
15190,15
15191,7
15193,32
15194,39
15196,5
15197,28
15200,80
15203,21
15204,6
15206,43
15207,30
15209,8
15210,9
15212,8
15213,51
15216,22
15219,54
15220,12
15222,18
15223,16
15225,18
15226,30
15228,7
15229,17
15232,76
15235,22
15236,3
15238,49
15239,21
15241,8
15242,15
15244,20
15245,62
15248,30
15251,51
15252,10
15254,20
15255,10
15257,29
15258,57
15260,4
15261,21
15264,77
15267,21
15268,10
15270,45
15271,27
15273,11
15274,23
15276,10
15277,67
15280,24
15283,49
15284,21
15286,16
15287,17
15289,19
15290,32
15292,4
15293,22
15296,52
15299,17
15300,10
15302,29
15303,30
15305,15
15306,16
15308,10
15309,51
15312,26
15315,50
15316,15
15318,17
15319,8
15321,22
15322,47
15324,3
15325,17
15328,49
15331,20
15332,5
15334,46
15335,30
15337,7
15338,14
15340,15
15341,46
15344,25
15347,46
15348,15
15350,15
15351,9
15353,29
15354,29
15356,8
15357,26
15360,43
15363,18
15364,5
15366,34
15367,23
15369,9
15370,16
15372,10
15373,55
15376,17
15379,51
15380,17
15382,13
15383,7
15385,22
15386,35
15388,9
15389,16
15392,54
15395,26
15396,2
15398,37
15399,22
15401,14
15402,19
15404,13
15405,48
15408,19
15411,44
15412,15
15414,22
15415,15
15417,27
15418,37
15420,1
15421,15
15424,56
15427,21
15428,2
15430,30
15431,31
15433,11
15434,8
15436,6
15437,59
15440,21
15443,49
15444,9
15446,17
15447,9
15449,32
15450,28
15452,4
15453,23
15456,56
15459,17
15460,8
15462,28
15463,27
15465,6
15466,8
15468,14
15469,43
15472,28
15475,54
15476,12
15478,23
15479,14
15481,35
15482,38
15484,3
15485,24
15488,54
15491,22
15492,5
15494,33
15495,28
15497,8
15498,13
15500,20
15501,51
15504,21
15507,50
15508,9
15510,14
15511,4
15513,38
15514,32
15516,2
15517,31
15520,54
15523,22
15524,5
15526,34
15527,23
15529,9
15530,21
15532,13
15533,49
15536,30
15539,53
15540,16
15542,15
15543,8
15545,25
15546,37
15548,6
15549,15
15552,68
15555,19
15556,6
15558,30
15559,24
15561,8
15562,18
15564,16
15565,46
15568,20
15571,46
15572,8
15574,17
15575,14
15577,24
15578,27
15580,6
15581,24
15584,57
15587,14
15590,35
15591,25
15593,11
15594,22
15596,18
15597,61
15600,26
15603,32
15604,7
15606,16
15607,13
15609,31
15610,32
15612,3
15613,23
15616,61
15619,21
15620,5
15622,37
15623,23
15625,13
15626,9
15628,9
15629,39
15632,22
15635,53
15636,15
15638,17
15639,9
15641,30
15642,49
15644,6
15645,21
15648,57
15651,17
15652,4
15654,28
15655,22
15657,8
15658,7
15660,15
15661,53
15664,25
15667,50
15668,7
15670,16
15671,11
15673,28
15674,36
15676,5
15677,18
15680,57
15683,16
15684,10
15686,37
15687,21
15689,12
15690,14
15692,26
15693,53
15696,15
15699,39
15700,11
15702,24
15703,14
15705,18
15706,36
15708,5
15709,20
15712,65
15715,27
15716,8
15718,37
15719,25
15721,6
15722,11
15724,8
15725,41
15728,26
15731,43
15732,14
15734,12
15735,7
15737,26
15738,33
15740,4
15741,22
15744,63
15747,21
15748,4
15750,28
15751,23
15753,6
15754,12
15756,7
15757,44
15760,22
15763,47
15764,9
15766,12
15767,7
15769,21
15770,23
15772,1
15773,14
15776,52
15779,23
15780,11
15782,30
15783,18
15785,3
15786,12
15788,5
15789,62
15792,22
15795,41
15796,13
15798,12
15799,9
15801,28
15802,39
15804,4
15805,20
15808,60
15811,11
15812,6
15814,32
15815,24
15817,12
15818,11
15820,10
15821,46
15824,21
15827,37
15828,5
15830,13
15831,11
15833,28
15834,29
15836,3
15837,14
15840,55
15843,18
15844,7
15846,34
15847,23
15849,8
15850,18
15852,13
15853,61
15856,17
15859,39
15860,8
15862,13
15863,6
15865,28
15866,27
15868,2
15869,21
15872,53
15875,25
15876,6
15878,31
15879,18
15881,5
15882,11
15884,8
15885,49
15888,15
15891,42
15892,7
15894,12
15895,10
15897,18
15898,24
15900,5
15901,24
15904,42
15907,17
15908,7
15910,27
15911,15
15913,9
15914,7
15916,9
15917,41
15920,17
15923,45
15924,8
15926,12
15927,11
15929,22
15930,30
15932,3
15933,15
15936,58
15939,23
15940,4
15942,21
15943,23
15945,5
15946,12
15948,10
15949,33
15952,16
15955,35
15956,7
15958,11
15959,7
15961,24
15962,28
15964,8
15965,16
15968,46
15971,14
15972,5
15974,32
15975,22
15977,9
15978,15
15980,8
15981,39
15984,9
15987,42
15988,6
15990,10
15991,7
15993,20
15994,22
15996,8
15997,13
16000,38
16003,18
16004,2
16006,19
16007,20
16009,5
16010,7
16012,6
16013,41
16016,18
16019,27
16020,13
16022,14
16023,7
16025,13
16026,20
16028,3
16029,15
16032,41
16035,14
16036,7
16038,16
16039,23
16041,5
16042,8
16044,11
16045,42
16048,13
16051,32
16052,8
16054,8
16055,5
16057,19
16058,23
16060,3
16061,7
16064,36
16067,16
16068,3
16070,24
16071,20
16073,7
16074,9
16076,3
16077,32
16080,18
16083,32
16084,13
16086,12
16087,7
16089,16
16090,19
16092,2
16093,14
16096,38
16099,16
16100,4
16102,20
16103,15
16105,8
16106,11
16108,4
16109,30
16112,21
16115,16
16116,4
16118,10
16119,5
16121,19
16122,14
16124,4
16125,17
16128,37
16131,9
16132,1
16134,26
16135,13
16137,4
16138,8
16140,6
16141,21
16144,20
16147,22
16148,7
16150,8
16151,5
16153,14
16154,20
16156,4
16157,15
16160,40
16163,6
16164,1
16166,22
16167,9
16169,4
16170,9
16172,5
16173,30
16176,19
16179,30
16180,3
16182,7
16183,5
16185,13
16186,22
16188,2
16189,13
16192,32
16195,16
16196,1
16198,24
16199,11
16201,5
16202,5
16204,3
16205,33
16208,19
16211,25
16212,8
16214,4
16215,7
16217,15
16218,27
16220,3
16221,9
16224,33
16227,12
16228,5
16230,22
16231,19
16233,4
16234,4
16236,9
16237,19
16240,3
16243,28
16244,9
16246,6
16247,5
16249,13
16250,24
16252,1
16253,9
16256,31
16259,14
16260,4
16262,14
16263,14
16265,2
16266,9
16268,9
16269,21
16272,17
16275,20
16276,4
16278,2
16279,6
16281,15
16282,15
16284,1
16285,9
16288,41
16291,7
16292,1
16294,10
16295,12
16297,2
16298,6
16300,3
16301,20
16304,11
16307,9
16308,7
16310,4
16311,2
16313,14
16314,18
16316,5
16317,10
16320,27
16323,4
16324,2
16326,15
16327,16
16329,4
16330,13
16332,6
16333,28
16336,16
16339,31
16340,6
16342,9
16343,10
16345,9
16346,12
16348,6
16349,8
16352,32
16355,8
16356,2
16358,23
16359,11
16361,7
16362,5
16364,4
16365,16
16368,4
16371,26
16372,1
16374,10
16375,3
16377,10
16378,19
16380,4
16381,9
16384,23
16387,6
16388,3
16390,19
16391,13
16393,6
16394,7
16396,5
16397,22
16400,12
16403,18
16404,3
16406,4
16407,4
16409,5
16410,17
16412,2
16413,11
16416,36
16419,14
16420,1
16422,10
16423,4
16425,4
16426,8
16428,4
16429,15
16432,14
16435,11
16436,5
16438,4
16439,4
16441,15
16442,17
16444,3
16445,9
16448,22
16451,4
16452,2
16454,18
16455,7
16457,4
16458,5
16460,1
16461,22
16464,5
16467,24
16468,4
16470,5
16471,4
16473,13
16474,15
16476,1
16477,6
16480,23
16483,6
16484,2
16486,16
16487,13
16489,4
16490,8
16492,2
16493,19
16496,6
16499,22
16500,6
16502,6
16503,4
16505,9
16506,19
16508,2
16509,3
16512,20
16515,8
16518,9
16519,8
16521,4
16522,8
16524,4
16525,21
16528,7
16531,20
16532,2
16534,2
16535,3
16537,10
16538,15
16541,7
16544,21
16547,5
16548,5
16550,8
16551,6
16553,3
16554,8
16556,4
16557,18
16560,7
16563,17
16564,4
16566,6
16567,3
16569,9
16570,17
16572,1
16573,8
16576,20
16579,10
16582,10
16583,9
16585,3
16586,5
16588,5
16589,15
16592,12
16595,16
16596,9
16598,7
16599,4
16601,12
16602,15
16604,2
16605,9
16608,24
16611,4
16612,1
16614,15
16615,9
16617,5
16618,5
16620,6
16621,18
16624,10
16627,19
16628,3
16630,2
16631,1
16633,9
16634,12
16636,3
16637,11
16640,22
16643,5
16644,3
16646,11
16647,8
16649,5
16650,1
16652,7
16653,13
16656,10
16659,15
16660,4
16662,6
16663,4
16665,8
16666,11
16668,2
16669,14
16672,25
16675,5
16676,3
16678,12
16679,7
16681,4
16682,5
16684,4
16685,20
16688,6
16691,23
16692,4
16694,9
16695,2
16697,2
16698,16
16700,1
16701,2
16704,17
16707,6
16708,3
16710,20
16711,5
16713,3
16714,3
16716,4
16717,9
16720,3
16723,16
16724,5
16726,8
16727,2
16729,7
16730,14
16733,7
16736,19
16739,5
16740,1
16742,12
16743,6
16745,2
16746,6
16748,1
16749,19
16752,7
16755,21
16756,2
16759,4
16761,6
16762,16
16764,3
16765,3
16768,20
16771,5
16772,2
16774,5
16775,10
16778,4
16780,3
16781,15
16784,7
16787,14
16788,6
16790,4
16791,3
16793,6
16794,8
16796,1
16797,4
16800,20
16803,5
16806,11
16807,7
16809,4
16810,2
16812,2
16813,19
16816,2
16819,11
16820,5
16822,8
16823,4
16825,6
16826,11
16828,4
16829,7
16832,7
16835,6
16836,1
16838,13
16839,7
16841,2
16842,3
16844,6
16845,11
16848,12
16851,17
16852,3
16854,4
16855,4
16857,5
16858,7
16860,1
16861,4
16864,13
16867,4
16868,3
16870,10
16871,5
16873,2
16874,6
16876,3
16877,18
16880,5
16883,16
16884,3
16886,7
16887,3
16889,11
16890,10
16892,2
16893,10
16896,16
16899,6
16902,8
16903,8
16905,1
16906,5
16908,2
16909,18
16912,8
16915,13
16916,1
16918,4
16919,2
16921,8
16922,4
16925,7
16928,18
16931,10
16932,2
16934,11
16935,8
16937,3
16938,4
16940,4
16941,13
16944,7
16947,12
16948,5
16950,3
16951,2
16953,6
16954,11
16956,3
16957,4
16960,19
16963,4
16966,12
16967,8
16969,3
16970,3
16972,5
16973,12
16976,5
16979,11
16980,3
16982,7
16983,1
16985,7
16986,14
16989,5
16992,21
16995,8
16998,11
17001,1
17002,2
17004,6
17005,10
17008,6
17011,13
17012,2
17014,5
17015,1
17017,6
17018,13
17020,1
17021,4
17024,18
17027,9
17028,2
17030,18
17031,5
17033,2
17034,5
17036,3
17037,11
17040,6
17043,16
17044,3
17046,2
17047,6
17049,6
17050,8
17053,6
17056,15
17059,5
17060,2
17062,14
17063,4
17065,1
17066,1
17068,1
17069,8
17072,9
17075,12
17076,4
17078,4
17079,3
17081,3
17082,8
17084,1
17085,4
17088,18
17091,5
17094,14
17095,5
17097,2
17098,8
17100,3
17101,10
17104,8
17107,12
17108,1
17110,1
17111,2
17113,9
17114,8
17116,1
17117,5
17120,16
17123,4
17126,7
17127,1
17129,2
17130,2
17132,3
17133,8
17136,6
17139,15
17140,1
17142,2
17143,1
17145,3
17146,6
17149,3
17152,21
17155,8
17156,2
17158,6
17159,1
17161,1
17162,4
17164,2
17165,14
17168,2
17171,11
17174,2
17175,2
17177,7
17178,4
17180,4
17181,5
17184,12
17187,8
17188,1
17190,6
17191,7
17194,4
17196,2
17197,10
17200,4
17203,12
17204,3
17206,1
17207,3
17209,5
17210,7
17212,2
17213,6
17216,9
17220,1
17222,5
17223,3
17225,5
17226,2
17228,2
17229,9
17232,12
17235,14
17236,3
17238,2
17239,3
17241,1
17242,12
17245,2
17248,15
17251,6
17254,6
17255,3
17258,5
17260,3
17261,11
17264,9
17267,13
17268,1
17270,5
17271,4
17273,7
17274,13
17277,6
17280,14
17283,8
17286,9
17287,9
17289,1
17290,4
17292,2
17293,16
17296,5
17299,9
17300,5
17302,1
17303,3
17305,4
17306,5
17308,1
17309,3
17312,18
17315,5
17318,5
17319,7
17321,2
17322,4
17324,1
17325,9
17328,2
17331,11
17332,2
17334,3
17335,4
17337,2
17338,9
17340,1
17341,2
17344,11
17347,7
17350,7
17351,6
17353,5
17354,3
17356,8
17357,6
17360,5
17363,13
17364,4
17366,2
17369,4
17370,5
17373,7
17376,18
17379,6
17382,15
17383,8
17385,1
17386,9
17388,2
17389,9
17392,4
17395,6
17396,2
17398,4
17399,3
17401,3
17402,13
17404,1
17405,4
17408,14
17411,6
17412,1
17414,12
17415,2
17417,2
17418,2
17420,1
17421,15
17424,7
17427,10
17428,5
17430,1
17431,2
17433,2
17434,8
17436,1
17437,2
17440,13
17443,4
17444,2
17446,9
17447,3
17449,1
17450,7
17452,4
17453,13
17456,7
17459,14
17462,4
17463,2
17465,4
17466,6
17468,1
17469,2
17472,12
17475,1
17476,1
17478,11
17479,6
17481,4
17482,2
17484,5
17485,10
17488,7
17491,12
17492,7
17494,2
17495,1
17497,5
17498,3
17500,5
17501,3
17504,14
17507,6
17510,3
17511,5
17514,7
17516,6
17517,12
17520,6
17523,11
17524,5
17526,5
17527,5
17529,10
17530,7
17533,3
17536,17
17539,6
17540,1
17542,6
17543,3
17545,2
17546,2
17548,3
17549,12
17552,4
17555,8
17558,1
17559,2
17561,5
17562,10
17565,7
17568,20
17571,11
17574,6
17575,4
17577,1
17578,3
17580,2
17581,9
17584,2
17587,7
17588,2
17590,2
17591,2
17593,4
17594,11
17597,1
17600,11
17603,6
17604,1
17606,11
17607,6
17609,1
17610,2
17613,14
17616,3
17619,9
17620,3
17622,4
17623,2
17625,8
17626,6
17628,1
17629,8
17632,15
17635,8
17636,1
17638,7
17639,2
17641,2
17642,2
17644,3
17645,12
17648,6
17651,16
17652,5
17654,2
17655,4
17657,4
17658,9
17660,2
17661,3
17664,10
17667,2
17668,3
17670,11
17671,7
17673,4
17674,3
17676,1
17677,8
17680,4
17683,14
17684,3
17686,4
17687,1
17689,5
17690,6
17693,4
17696,10
17699,7
17702,6
17703,7
17705,2
17706,3
17708,2
17709,3
17712,3
17715,9
17716,1
17718,3
17719,2
17721,3
17722,5
17725,8
17728,16
17731,6
17734,7
17735,1
17737,2
17738,4
17740,3
17741,7
17744,7
17747,9
17748,3
17750,5
17753,2
17754,5
17756,1
17757,4
17760,14
17763,6
17764,1
17766,7
17767,6
17769,1
17770,3
17773,8
17776,8
17779,9
17780,2
17782,1
17783,3
17785,5
17786,5
17789,5
17792,16
17795,8
17798,3
17799,4
17801,5
17802,4
17804,2
17805,7
17808,5
17811,7
17812,3
17814,1
17815,3
17817,4
17818,7
17821,5
17824,6
17827,6
17828,1
17830,8
17831,4
17833,2
17834,3
17836,1
17837,12
17840,7
17843,13
17844,1
17846,1
17849,2
17850,6
17853,3
17856,8
17859,1
17860,1
17862,4
17863,4
17865,2
17866,5
17868,1
17869,9
17872,3
17875,10
17876,3
17881,3
17882,8
17884,1
17885,3
17888,10
17891,3
17892,1
17894,4
17895,5
17897,1
17898,1
17900,4
17901,10
17904,3
17907,14
17908,3
17910,3
17913,5
17914,5
17916,2
17917,9
17920,9
17923,4
17926,7
17927,4
17930,5
17932,5
17933,10
17936,4
17939,8
17940,1
17942,2
17943,1
17945,5
17946,4
17949,6
17952,10
17955,4
17956,1
17958,9
17959,2
17962,2
17965,8
17968,1
17971,7
17974,3
17975,1
17977,4
17978,4
17981,3
17984,11
17987,2
17988,1
17990,12
17991,3
17993,2
17994,3
17996,2
17997,9
18000,3
18003,12
18006,3
18007,4
18009,6
18010,5
18013,3
18016,9
18019,6
18022,13
18023,3
18025,1
18026,1
18028,2
18029,14
18032,7
18035,10
18036,1
18039,4
18041,5
18042,5
18045,4
18048,9
18054,6
18055,7
18057,2
18058,4
18060,3
18061,5
18064,10
18067,5
18068,8
18070,3
18071,3
18073,6
18074,6
18076,2
18077,7
18080,11
18083,3
18086,4
18087,2
18089,3
18090,1
18092,1
18093,8
18096,3
18099,9
18100,2
18105,5
18106,8
18108,1
18109,4
18112,8
18115,5
18116,2
18118,8
18119,4
18121,2
18122,1
18124,1
18125,4
18128,5
18131,6
18132,3
18134,3
18135,1
18138,6
18141,4
18144,12
18147,1
18148,2
18150,5
18151,3
18154,1
18156,2
18157,12
18160,3
18163,13
18164,4
18166,4
18167,1
18169,2
18170,7
18172,1
18173,5
18176,8
18179,5
18182,4
18183,5
18185,2
18186,6
18188,3
18189,5
18192,3
18195,5
18198,2
18199,3
18201,5
18202,11
18204,1
18208,4
18211,11
18214,6
18215,3
18217,3
18218,2
18220,1
18221,7
18224,4
18227,9
18228,3
18230,2
18233,4
18234,8
18237,3
18240,9
18243,5
18246,6
18247,3
18249,6
18250,3
18252,1
18253,7
18256,2
18259,6
18260,3
18263,4
18265,4
18266,4
18269,3
18272,11
18276,2
18278,4
18279,3
18282,2
18284,4
18285,7
18288,3
18291,4
18292,4
18294,3
18295,1
18297,7
18298,7
18301,4
18304,7
18307,3
18310,5
18311,5
18314,2
18316,4
18317,7
18320,4
18323,3
18324,2
18326,2
18327,2
18329,5
18330,8
18332,1
18333,3
18336,12
18339,3
18342,4
18343,3
18345,1
18346,3
18348,1
18349,6
18352,6
18355,5
18359,4
18361,5
18362,9
18365,5
18368,4
18372,1
18374,5
18375,5
18377,1
18378,1
18380,5
18381,5
18384,9
18387,4
18388,4
18390,2
18391,2
18393,4
18394,4
18396,2
18397,6
18400,11
18403,2
18406,4
18407,6
18412,1
18413,6
18416,2
18419,4
18420,3
18422,2
18423,3
18425,3
18426,5
18428,1
18429,2
18432,4
18435,1
18438,6
18439,4
18441,2
18442,3
18444,1
18445,10
18448,7
18451,5
18452,2
18454,2
18457,3
18458,6
18461,5
18464,8
18467,3
18468,1
18470,3
18471,4
18474,3
18476,1
18477,3
18480,5
18483,4
18486,2
18487,1
18489,4
18490,7
18493,3
18496,5
18499,4
18500,1
18502,2
18503,2
18506,1
18508,2
18509,6
18512,6
18515,3
18516,2
18518,4
18521,1
18522,5
18524,2
18525,1
18528,1
18531,4
18532,1
18534,8
18535,2
18538,1
18540,2
18541,7
18544,1
18547,1
18548,2
18551,4
18553,4
18554,9
18557,3
18560,4
18563,2
18566,3
18567,5
18569,2
18570,1
18572,2
18573,7
18579,3
18580,2
18582,1
18583,1
18585,2
18586,7
18588,3
18589,1
18592,7
18595,1
18598,2
18599,2
18601,2
18602,3
18605,5
18608,3
18611,6
18612,2
18614,4
18615,2
18617,1
18618,4
18621,3
18624,5
18627,3
18628,1
18630,5
18631,1
18633,1
18634,3
18637,4
18640,2
18643,7
18646,2
18649,3
18650,3
18652,2
18656,6
18659,1
18660,3
18662,6
18663,2
18665,3
18666,1
18669,6
18672,2
18675,4
18678,1
18679,1
18681,1
18682,5
18685,3
18688,9
18691,5
18694,1
18695,3
18698,1
18700,2
18701,3
18704,4
18707,5
18711,1
18713,3
18714,4
18717,1
18720,7
18723,3
18724,1
18726,3
18727,2
18729,2
18730,1
18732,2
18733,3
18736,3
18739,2
18740,1
18742,1
18743,1
18745,3
18746,3
18749,1
18752,6
18755,4
18756,1
18758,3
18759,3
18761,2
18762,4
18765,4
18768,4
18771,4
18775,1
18777,4
18778,4
18781,4
18784,3
18787,2
18790,4
18791,2
18793,2
18794,2
18796,2
18797,6
18803,3
18807,3
18810,2
18813,1
18816,4
18820,2
18822,2
18823,4
18825,1
18828,1
18829,4
18832,1
18835,2
18836,1
18838,1
18839,1
18841,3
18842,1
18844,1
18845,1
18848,3
18851,2
18852,1
18854,1
18857,1
18858,1
18864,1
18867,6
18871,2
18873,3
18874,1
18877,1
18880,6
18886,2
18887,1
18889,1
18890,1
18892,2
18893,4
18896,2
18899,7
18903,1
18905,1
18906,1
18909,1
18912,9
18915,2
18918,3
18919,3
18922,2
18924,2
18925,6
18931,2
18932,1
18934,1
18937,3
18938,4
18940,1
18944,5
18947,4
18948,1
18950,2
18951,1
18953,1
18954,1
18956,1
18957,3
18960,3
18963,5
18964,1
18966,1
18967,1
18976,2
18982,2
18983,2
18985,1
18988,2
18989,4
18992,2
18995,3
19001,3
19002,3
19005,1
19008,3
19011,1
19012,1
19014,2
19017,1
19018,1
19021,3
19024,3
19027,3
19030,1
19031,1
19034,3
19040,4
19043,2
19046,4
19047,1
19049,2
19052,5
19053,1
19056,1
19060,3
19062,2
19065,4
19066,1
19069,1
19072,5
19075,1
19076,1
19078,3
19079,2
19082,1
19085,2
19088,2
19091,1
19095,2
19097,1
19098,2
19101,1
19104,4
19107,2
19108,1
19110,1
19111,1
19117,2
19120,3
19123,2
19124,2
19129,2
19130,1
19133,1
19136,4
19139,1
19143,3
19148,1
19149,3
19155,2
19161,1
19168,4
19172,1
19174,1
19175,1
19177,1
19180,1
19181,1
19184,1
19190,1
19193,1
19194,1
19197,2
19203,1
19206,2
19209,2
19212,1
19213,3
19216,4
19219,3
19223,1
19225,2
19226,3
19229,1
19232,2
19238,4
19241,2
19242,1
19245,4
19251,2
19255,1
19257,1
19260,1
19261,2
19264,3
19267,1
19270,1
19271,2
19274,1
19277,3
19280,1
19283,1
19284,1
19286,1
19289,1
19296,4
19302,2
19303,1
19312,4
19315,2
19316,2
19319,2
19322,3
19328,1
19331,1
19332,1
19334,3
19335,1
19338,2
19340,1
19341,1
19351,1
19354,3
19357,1
19360,4
19366,2
19367,2
19370,1
19373,2
19376,2
19379,2
19380,1
19383,1
19385,1
19386,3
19389,4
19392,3
19398,2
19399,2
19404,1
19405,2
19408,1
19411,2
19415,2
19417,2
19418,4
19424,1
19427,2
19428,2
19430,2
19434,1
19436,1
19437,4
19440,4
19443,3
19446,2
19450,3
19452,1
19456,7
19462,1
19465,1
19466,1
19469,1
19472,1
19475,1
19476,1
19479,1
19482,1
19488,1
19491,1
19495,3
19501,5
19504,1
19507,1
19508,1
19513,2
19520,6
19523,1
19529,1
19530,1
19536,2
19540,1
19542,1
19549,2
19552,4
19558,2
19559,1
19562,1
19564,1
19565,1
19568,2
19571,2
19578,1
19580,2
19581,1
19584,1
19590,1
19591,2
19600,1
19603,1
19604,2
19609,2
19610,2
19616,2
19619,1
19622,1
19623,1
19625,2
19629,3
19632,1
19635,3
19636,1
19641,2
19645,1
19648,1
19654,3
19655,1
19661,4
19664,1
19667,3
19673,3
19674,1
19680,1
19686,1
19689,1
19690,1
19692,1
19693,1
19699,2
19705,1
19706,1
19709,3
19712,2
19716,1
19718,2
19719,1
19724,1
19725,1
19731,2
19735,1
19737,1
19744,2
19750,3
19751,2
19753,1
19757,2
19766,1
19769,1
19770,2
19773,2
19776,1
19782,2
19783,2
19788,1
19789,4
19792,1
19801,1
19802,2
19805,1
19808,2
19811,1
19814,2
19821,3
19833,1
19834,1
19836,1
19837,1
19840,4
19846,3
19847,1
19850,1
19852,1
19853,1
19859,3
19862,1
19865,4
19866,2
19869,2
19872,2
19875,1
19878,1
19881,2
19891,1
19892,1
19894,2
19897,2
19898,1
19901,1
19904,8
19907,1
19910,1
19911,2
19914,1
19916,1
19917,2
19926,1
19929,1
19930,2
19933,1
19936,4
19939,1
19942,3
19943,1
19948,1
19955,4
19956,1
19961,1
19962,3
19964,1
19968,2
19971,1
19975,1
19977,1
19980,1
19981,1
19984,2
19988,1
19993,1
19996,1
19997,2
20000,5
20004,2
20006,1
20007,3
20019,4
20020,3
20022,2
20023,1
20025,2
20029,3
20032,2
20035,1
20038,1
20039,1
20042,1
20045,1
20048,1
20051,2
20061,1
20064,5
20067,1
20068,1
20070,2
20073,2
20074,1
20077,1
20080,1
20083,1
20089,1
20090,4
20093,1
20096,4
20099,3
20103,2
20105,1
20106,1
20108,1
20109,4
20115,1
20122,1
20125,1
20128,2
20134,4
20135,2
20137,2
20140,1
20141,2
20144,2
20147,1
20150,3
20153,3
20154,3
20157,1
20160,3
20163,1
20167,1
20173,1
20179,2
20186,4
20192,1
20198,1
20202,1
20204,1
20205,1
20208,2
20211,1
20215,1
20220,1
20224,2
20227,1
20228,1
20230,2
20231,2
20233,2
20237,1
20240,1
20243,4
20244,1
20247,1
20250,1
20256,2
20259,2
20263,1
20266,1
20268,1
20269,1
20276,1
20278,2
20281,1
20282,2
20288,2
20291,5
20292,1
20294,2
20295,2
20298,1
20300,1
20301,1
20304,1
20307,1
20310,1
20311,1
20314,3
20317,2
20320,2
20326,2
20327,1
20333,5
20336,1
20339,3
20342,1
20343,2
20345,1
20346,3
20349,2
20352,2
20355,1
20358,2
20359,2
20362,1
20371,2
20374,3
20375,3
20378,1
20384,6
20387,1
20390,1
20391,1
20393,1
20397,2
20403,2
20409,3
20410,2
20412,1
20413,2
20416,2
20419,1
20422,1
20423,2
20425,1
20429,1
20436,2
20439,1
20441,3
20442,2
20445,2
20448,2
20454,3
20461,3
20467,4
20470,2
20473,1
20474,1
20477,1
20480,4
20486,1
20492,2
20493,1
20496,2
20499,1
20505,2
20506,2
20509,3
20512,1
20515,3
20518,1
20525,3
20528,2
20531,3
20540,1
20544,7
20547,1
20550,3
20553,1
20557,2
20560,2
20563,2
20564,3
20566,1
20567,1
20569,1
20570,1
20572,1
20576,2
20579,1
20582,1
20583,2
20586,2
20589,3
20592,1
20595,4
20598,3
20601,1
20602,2
20605,1
20608,5
20614,2
20615,2
20617,1
20621,2
20624,1
20627,1
20630,1
20633,1
20634,1
20640,2
20643,2
20647,2
20652,1
20653,3
20656,2
20659,3
20666,2
20668,1
20669,1
20672,3
20678,2
20679,2
20682,2
20685,3
20688,1
20694,2
20695,1
20697,1
20698,3
20704,2
20707,1
20710,2
20713,1
20717,3
20720,1
20727,1
20729,2
20730,2
20733,2
20736,5
20740,2
20742,1
20743,1
20745,2
20749,3
20755,3
20758,1
20759,1
20761,1
20762,2
20765,1
20768,6
20771,2
20774,1
20775,1
20777,1
20778,2
20781,3
20784,1
20787,2
20788,1
20793,2
20797,2
20803,1
20806,1
20809,1
20810,1
20813,3
20816,1
20819,2
20822,1
20823,1
20826,3
20832,2
20841,1
20842,1
20845,3
20851,4
20864,1
20867,2
20870,2
20874,2
20876,1
20877,3
20880,2
20889,1
20890,2
20896,2
20902,2
20903,3
20905,2
20909,3
20912,1
20915,1
20921,1
20922,2
20928,2
20934,5
20947,2
20948,2
20951,1
20953,2
20954,2
20957,2
20960,1
20973,5
20976,2
20979,4
20980,1
20982,1
20985,1
20986,2
20989,1
20992,4
20996,1
20999,2
21002,2
21004,1
21005,2
21012,1
21017,1
21018,1
21024,1
21027,1
21028,1
21030,1
21049,1
21050,2
21053,2
21056,1
21062,1
21063,2
21068,1
21069,1
21072,1
21076,1
21078,1
21079,1
21082,1
21088,1
21091,1
21095,1
21101,4
21104,1
21107,4
21108,1
21110,1
21114,4
21120,2
21126,3
21127,1
21129,1
21132,1
21133,2
21139,1
21142,1
21145,1
21146,1
21152,1
21159,1
21165,4
21168,1
21171,3
21177,1
21178,1
21184,2
21187,1
21190,1
21200,1
21203,2
21209,1
21210,1
21213,2
21216,2
21219,1
21220,1
21222,3
21223,2
21226,1
21229,1
21235,2
21236,1
21238,1
21248,1
21251,2
21254,1
21261,1
21270,1
21277,1
21280,2
21284,1
21287,2
21293,1
21296,2
21299,1
21300,1
21305,1
21306,1
21309,2
21312,1
21315,2
21318,1
21319,2
21322,2
21325,2
21331,2
21334,1
21335,1
21337,2
21338,1
21341,1
21344,1
21350,1
21351,2
21360,2
21363,1
21366,2
21367,1
21373,1
21376,1
21379,1
21383,1
21385,1
21386,1
21388,1
21389,1
21395,1
21401,1
21408,1
21411,1
21414,1
21415,1
21417,1
21421,3
21428,1
21430,2
21434,2
21440,5
21443,1
21446,1
21447,2
21450,1
21452,1
21453,5
21456,2
21459,4
21460,1
21462,1
21465,1
21469,1
21472,1
21478,1
21479,1
21497,1
21498,2
21504,2
21510,1
21511,1
21516,1
21517,2
21524,1
21530,1
21536,1
21542,4
21543,1
21545,1
21546,1
21558,1
21578,1
21584,1
21587,3
21591,1
21593,2
21597,1
21606,2
21616,1
21619,2
21625,1
21628,1
21632,1
21645,1
21648,1
21651,1
21657,2
21658,1
21664,1
21671,1
21677,3
21683,1
21686,1
21690,1
21696,1
21702,2
21703,1
21709,1
21715,1
21728,1
21734,2
21747,1
21750,1
21753,1
21757,1
21766,1
21767,1
21772,1
21773,1
21779,1
21786,2
21792,1
21798,1
21804,1
21805,1
21817,1
21818,2
21824,1
21828,1
21831,1
21834,1
21837,1
21843,2
21862,2
21863,1
21868,1
21872,1
21876,2
21878,1
21888,1
21901,1
21907,2
21920,1
21923,1
21926,1
21927,1
21930,2
21933,2
21939,1
21945,1
21946,2
21949,1
21952,3
21955,3
21958,1
21971,1
21974,1
21987,1
21991,1
21996,2
22003,1
22006,1
22007,1
22010,1
22022,1
22023,1
22026,1
22035,1
22041,1
22042,3
22051,1
22054,1
22055,1
22058,1
22064,1
22080,1
22086,1
22090,1
22092,3
22093,2
22096,1
22106,2
22118,1
22125,1
22131,1
22134,1
22141,1
22144,2
22163,2
22169,2
22170,1
22176,2
22179,1
22182,1
22186,2
22189,2
22198,1
22199,1
22201,1
22221,1
22233,1
22234,2
22237,1
22240,2
22246,1
22247,2
22250,1
22253,1
22256,1
22259,1
22268,1
22279,1
22285,1
22310,3
22317,1
22320,2
22326,1
22339,1
22342,3
22343,1
22349,1
22355,1
22368,1
22380,1
22387,1
22391,1
22403,1
22404,1
22406,1
22416,1
22419,1
22422,1
22423,1
22432,2
22438,1
22439,1
22448,1
22451,1
22457,1
22458,1
22470,2
22480,2
22490,1
22508,1
22509,2
22512,2
22525,2
22534,1
22554,2
22556,1
22557,1
22560,1
22563,1
22566,1
22567,1
22579,2
22582,1
22592,2
22627,1
22630,2
22631,1
22643,1
22647,1
22650,1
22656,1
22659,1
22662,1
22666,1
22675,1
22691,1
22694,1
22697,1
22698,1
22701,1
22704,2
22707,1
22710,1
22720,1
22724,2
22726,3
22727,1
22729,2
22733,1
22739,2
22742,2
22745,1
22746,1
22748,1
22752,2
22755,1
22758,1
22764,1
22768,2
22772,1
22777,1
22778,3
22794,1
22803,1
22804,1
22809,2
22810,2
22816,2
22819,1
22822,1
22828,1
22829,2
22835,1
22845,1
22848,1
22851,1
22854,2
22860,1
22867,1
22873,1
22874,1
22876,1
22880,2
22886,1
22899,2
22900,1
22905,1
22906,1
22909,1
22912,1
22916,1
22918,1
22922,1
22938,1
22941,1
22957,1
22963,1
22976,1
22989,1
22995,1
23008,1
23015,1
23018,1
23021,2
23027,1
23030,1
23033,1
23047,1
23049,1
23052,1
23072,1
23075,1
23078,1
23084,1
23085,3
23088,2
23098,1
23101,1
23104,1
23110,1
23117,1
23139,1
23142,1
23149,1
23155,1
23156,1
23161,2
23168,5
23178,1
23181,1
23200,3
23206,3
23212,1
23228,1
23232,1
23235,1
23239,1
23248,1
23251,1
23255,2
23277,1
23280,1
23286,1
23289,1
23296,1
23299,1
23300,1
23309,1
23315,1
23328,1
23334,3
23335,1
23341,1
23344,1
23350,1
23357,2
23360,2
23363,1
23366,1
23379,3
23382,1
23385,1
23392,1
23395,2
23398,1
23405,1
23421,2
23424,1
23430,2
23437,3
23443,1
23444,2
23453,1
23456,1
23460,1
23462,1
23463,2
23475,1
23485,1
23495,1
23498,1
23501,2
23507,1
23514,2
23520,1
23523,1
23536,2
23543,1
23546,1
23552,1
23562,1
23565,1
23568,1
23574,1
23581,1
23590,1
23591,1
23600,2
23607,1
23610,1
23616,2
23626,1
23635,1
23639,1
23648,3
23651,1
23652,1
23654,2
23660,1
23661,1
23674,1
23680,1
23684,1
23702,1
23709,1
23716,1
23718,1
23722,1
23725,1
23728,2
23734,1
23737,2
23741,1
23744,2
23750,1
23751,1
23754,1
23760,1
23763,2
23770,1
23773,2
23776,2
23779,1
23780,1
23782,3
23785,1
23789,2
23795,1
23796,1
23801,1
23808,3
23812,1
23821,2
23827,1
23834,1
23837,1
23849,1
23853,1
23856,1
23859,1
23862,1
23865,2
23872,1
23878,3
23879,1
23884,1
23885,2
23897,2
23917,1
23920,1
23923,1
23929,1
23930,2
23933,1
23936,1
23955,1
23959,1
23961,2
23974,1
23975,1
23987,1
23996,1
24000,3
24003,1
24013,1
24016,2
24020,1
24023,1
24026,1
24032,1
24039,1
24045,1
24051,1
24057,1
24061,2
24068,1
24070,1
24071,1
24083,1
24089,1
24093,1
24096,1
24099,1
24102,1
24109,1
24116,1
24121,1
24128,1
24134,2
24141,2
24147,1
24166,1
24173,2
24183,1
24198,1
24208,2
24218,1
24220,1
24231,1
24236,1
24237,1
24240,1
24246,1
24249,1
24253,2
24256,2
24262,1
24265,1
24269,1
24294,1
24295,1
24301,1
24314,1
24339,2
24346,1
24348,1
24358,1
24381,1
24384,2
24400,1
24403,1
24410,2
24419,1
24428,1
24429,3
24442,1
24451,1
24458,1
24467,1
24477,1
24480,2
24493,2
24512,3
24518,1
24519,1
24524,2
24544,1
24563,1
24569,1
24573,1
24576,3
24585,1
24595,1
24608,1
24627,1
24640,1
24659,1
24675,1
24676,1
24685,1
24688,1
24711,1
24717,1
24726,1
24736,1
24739,1
24742,3
24749,1
24756,1
24771,1
24784,1
24800,4
24819,1
24825,1
24832,1
24867,1
24874,1
24880,1
24892,1
24896,1
24903,1
24906,1
24909,1
24941,1
24944,2
24947,1
24953,1
24954,1
24970,1
24989,1
25005,1
25008,1
25021,1
25030,1
25037,2
25040,1
25056,1
25065,1
25069,1
25075,1
25088,1
25095,1
25104,2
25120,1
25129,1
25133,2
25140,1
25158,1
25159,1
25184,1
25197,1
25228,1
25245,1
25277,1
25287,1
25299,1
25300,1
25312,1
25315,1
25325,1
25328,1
25334,1
25347,1
25369,1
25376,1
25382,1
25389,2
25408,3
25433,1
25447,1
25456,1
25459,1
25472,1
25485,1
25497,2
25529,1
25548,1
25555,1
25645,1
25661,1
25686,1
25689,1
25693,1
25696,1
25741,1
25760,1
25767,1
25789,1
25808,1
25824,1
25895,1
25901,2
25908,1
25927,1
25930,1
25952,1
25971,1
25974,1
25984,1
25987,1
26016,1
26061,1
26067,1
26141,1
26163,1
26173,1
26265,1
26266,1
26278,1
26333,1
26365,1
26368,1
26439,1
26464,2
26470,1
26489,1
26521,1
26532,1
26534,1
26554,1
26589,2
26604,1
26653,1
26662,1
26663,1
26810,1
26995,1
27104,1
27321,1
27353,1
27360,1
27497,1
27603,1
27833,1
27897,1
28058,1
28295,1
28308,1
28512,1
28624,1
28704,1
28883,1
29043,1
29766,1
29932,1
30454,1
30688,1
30893,1
31411,1
31872,1
33050,1
33658,1
34266,1
34445,1
37136,1
37853,1
38509,1
38583,1
39244,1
39699,1
39705,1
39725,1
40572,1
44102,1
44979,1
50371,1
52426,1
52691,1
54310,1
56800,1
61146,1
65920,1
68396,1
68870,1
69469,1
71575,1
71814,1
71827,1
72019,1
72316,1
73671,1
73955,1
74864,1
77894,1
78365,1
79270,1
81472,1
83908,1
85127,1
88829,1
90413,1
91479,1
98329,1
99142,1
99456,1
100198,1
101117,1
102042,1
103494,1
103658,1
106061,1
108023,1
108972,1
109779,1
110560,1
111594,1
112646,1
114598,1
115270,1
118009,1
118841,1
118998,1
119148,1
119431,1
120179,1
120195,1
120224,1
120665,1
123588,1
126102,1
126839,1
126963,1
128396,1
129158,1
129766,1
132394,1
133165,1
133210,1
134355,1
134503,1
135552,1
135801,1
137543,1
137895,1
137901,1
141382,1
142951,1
143120,1
143356,1
143593,1
144832,1
145766,1
146240,1
148928,1
149564,1
150874,1
150960,1
151130,1
151353,1
151892,1
151972,1
153699,1
153939,1
154339,1
154692,1
155494,1
156102,1
156861,1
158966,1
159187,1
159264,1
159373,1
159962,1
161280,1
163335,1
164198,1
164230,1
164601,1
165197,1
165386,1
166327,1
167405,1
169034,1
169229,1
169984,1
170678,1
170679,1
171260,1
172281,1
172826,1
173334,1
173379,1
173491,1
173683,1
174701,1
175668,1
178541,1
179831,1
180915,1
181190,1
183853,1
186028,1
186246,1
186665,1
187408,1
188170,1
188640,1
190573,1
190596,1
195255,1
195584,1
195604,1
195897,1
198636,1
198656,1
200301,1
200489,1
202612,1
202685,1
203046,1
205392,1
205414,1
205667,1
209610,1
209863,1
210195,1
211725,1
215078,1
215123,1
216109,1
217258,1
217766,1
218106,1
218493,1
220800,1
220980,1
222365,1
223290,1
226276,1
227257,1
229740,1
230861,1
231357,1
232621,1
234771,1
236345,1
237440,1
239229,1
240851,1
241587,1
243808,1
247149,1
247872,1
248615,1
249036,1
250784,1
254416,1
254771,1
254848,1
255059,1
260029,1
263268,1
263328,1
271651,1
274842,1
276972,1
280301,1
282400,1
289024,1
292186,1
302970,1
304256,1
304876,1
305926,1
312845,1
329056,1
330823,1
332140,1
335092,1
335094,1
335206,1
343622,1
346567,1
352224,1
353008,1
361657,1
361965,1
362240,1
363789,1
371207,1
371863,1
372377,1
373402,1
375696,1
377728,1
381555,1
382042,1
389715,1
390324,1
390441,1
395360,1
396781,1
397657,1
403571,1
403827,1
409382,1
411782,1
419130,1
426464,1
439577,1
440211,1
440889,1
449453,1
451207,1
466647,1
466694,1
477273,1
479776,1
488742,1
514531,1
522083,1
524243,1
534582,1
542058,1
547863,1
548983,1
549952,1
561059,1
561536,1
563539,1
575891,1
592685,1
644166,1
704915,1
747712,1
869728,1
1062026,1
1665818,1
1786970,1
2391562,1
2730163,1
2743175,1
2744601,1
2745991,1
2749709,1
2754234,1
2766752,1
2767738,1
2770234,1
2777248,1
2780134,1
2786598,1
2787418,1
2787737,1
2792627,1
2799258,1
2810675,1
2814230,1
2825936,1
2828531,1
2828793,1
2829699,1
2830243,1
2838842,1
2867104,1
2871113,1
2878365,1
2880093,1
2887975,1
2955898,1
2984653,1
3003530,1
3066548,1
3083831,1
3188471,1
3294924,1
3433408,1
3440153,1
3466646,1
3486214,1
3539296,1
3550925,1
3552327,1
3552695,1
3562368,1
3563782,1
3565190,1
3575763,1
3578560,1
3582560,1
3582847,1
3591020,1
3595856,1
3639763,1
3646128,1
3651744,1
3907705,1
4154367,1
8649834,1
9749654,1
