# Samples: 175710, Average: 39730.2 ns, StdDev: 74334.9 ns, Quartiles: 34787.0/36778.0/39011.0 ns
11539,1
11773,1
11926,1
12637,1
12695,1
12698,1
12745,1
12954,1
13190,1
13910,1
15798,1
24781,1
24905,1
24906,1
25005,1
25335,1
25360,1
25434,1
25437,1
25613,1
25632,1
25706,1
25725,1
25770,1
25872,1
25917,1
25929,1
25972,1
25981,1
26000,1
26006,1
26057,1
26071,1
26115,1
26137,1
26208,1
26378,1
26400,1
26432,1
26435,1
26436,1
26457,1
26531,1
26557,1
26563,1
26569,1
26576,1
26583,2
26598,1
26602,1
26633,1
26646,1
26653,1
26679,1
26688,1
26698,1
26704,1
26707,1
26711,1
26726,1
26727,1
26736,1
26755,1
26756,1
26758,1
26768,1
26771,1
26787,2
26791,1
26794,1
26797,1
26804,1
26838,1
26854,1
26867,1
26874,1
26877,1
26880,1
26902,1
26921,1
26928,1
26931,1
26934,1
26947,1
26953,2
26976,1
26986,1
26999,1
27008,1
27018,1
27024,1
27030,1
27037,3
27046,1
27066,1
27069,1
27078,1
27129,1
27136,1
27146,1
27156,1
27159,1
27165,1
27171,2
27172,1
27177,1
27178,1
27184,1
27187,1
27188,1
27229,1
27242,1
27260,1
27267,1
27273,1
27277,1
27280,2
27283,1
27286,1
27289,1
27305,1
27306,1
27331,1
27335,2
27337,1
27344,1
27357,1
27363,1
27364,1
27372,1
27382,3
27389,1
27392,1
27408,1
27415,1
27417,1
27421,1
27430,1
27434,1
27440,1
27443,1
27447,1
27450,1
27453,1
27459,1
27463,1
27472,2
27479,2
27482,1
27485,2
27488,1
27498,1
27520,1
27542,1
27543,1
27549,1
27555,1
27556,1
27562,1
27568,1
27571,1
27581,1
27587,1
27590,1
27593,1
27594,1
27600,1
27639,1
27667,1
27683,1
27690,1
27693,1
27696,4
27699,1
27702,1
27706,2
27709,2
27718,1
27722,2
27728,1
27731,1
27735,1
27741,1
27747,1
27776,1
27780,1
27785,2
27805,1
27817,2
27818,1
27824,1
27837,1
27843,1
27856,1
27860,1
27863,1
27869,1
27872,1
27876,1
27879,1
27881,3
27882,2
27894,1
27901,1
27914,2
27920,1
27923,1
27926,1
27939,2
27946,1
27949,1
27955,1
27962,1
27971,1
27977,1
27981,1
27990,2
28000,1
28003,2
28006,1
28009,1
28010,2
28016,5
28019,1
28025,1
28029,1
28032,1
28035,1
28036,1
28048,2
28058,1
28068,1
28073,1
28083,1
28086,1
28099,1
28100,1
28112,1
28115,1
28118,2
28119,1
28131,1
28138,1
28141,1
28144,1
28150,3
28151,1
28157,1
28163,1
28166,2
28170,2
28182,1
28189,3
28192,2
28195,3
28202,1
28208,3
28211,1
28227,2
28233,1
28247,1
28250,1
28252,2
28259,1
28260,1
28262,1
28265,1
28272,2
28279,1
28284,1
28285,1
28288,2
28294,1
28298,1
28300,1
28304,1
28310,2
28323,1
28330,2
28333,1
28336,2
28342,2
28349,1
28356,1
28361,1
28362,3
28375,1
28378,1
28380,1
28390,1
28391,1
28394,1
28397,1
28400,2
28406,1
28413,2
28420,1
28422,1
28426,1
28445,2
28451,1
28457,1
28458,2
28464,2
28467,1
28468,1
28480,1
28483,1
28489,1
28490,1
28492,1
28496,2
28515,2
28518,1
28522,1
28531,1
28535,2
28538,1
28540,1
28541,1
28550,1
28554,1
28557,1
28560,3
28566,2
28579,1
28592,1
28595,1
28598,1
28602,1
28604,1
28605,1
28611,1
28617,1
28618,1
28624,1
28627,1
28637,1
28646,1
28647,1
28662,2
28663,1
28669,6
28672,1
28676,2
28682,1
28688,1
28694,1
28701,1
28707,1
28708,1
28710,1
28720,1
28726,1
28727,1
28730,1
28733,1
28742,1
28746,2
28752,1
28756,1
28758,1
28765,1
28778,1
28784,1
28790,1
28791,1
28796,1
28797,1
28806,1
28807,1
28810,1
28812,1
28816,1
28822,1
28835,1
28836,1
28839,1
28842,1
28851,1
28854,3
28858,1
28860,1
28861,3
28867,1
28873,2
28874,1
28877,1
28880,1
28890,2
28893,2
28899,1
28900,2
28906,2
28912,3
28916,1
28918,1
28919,1
28921,1
28922,1
28931,3
28937,1
28941,1
28950,3
28953,1
28957,2
28963,1
28969,2
28972,1
28976,1
28982,2
28983,2
28989,3
28992,1
29002,1
29008,1
29011,1
29014,2
29021,1
29027,2
29028,1
29034,1
29043,1
29044,1
29047,2
29053,3
29056,1
29059,3
29062,1
29065,2
29066,2
29072,4
29078,1
29079,1
29085,1
29094,1
29098,2
29101,1
29104,2
29113,1
29117,3
29123,4
29124,1
29133,2
29139,1
29143,1
29149,2
29152,1
29155,1
29156,1
29159,1
29161,1
29162,2
29168,2
29174,4
29175,1
29177,1
29178,1
29180,2
29181,2
29187,2
29190,1
29193,1
29196,1
29200,2
29206,1
29207,2
29213,1
29216,1
29219,1
29225,1
29226,1
29232,6
29236,1
29238,1
29242,1
29251,1
29252,1
29264,2
29270,3
29277,2
29280,1
29283,1
29284,2
29290,2
29296,1
29303,2
29308,2
29309,1
29315,1
29316,1
29318,1
29319,1
29321,1
29322,2
29325,1
29328,1
29331,1
29334,1
29335,1
29340,1
29350,1
29354,4
29360,1
29367,2
29370,2
29372,2
29373,3
29376,1
29385,2
29386,1
29392,5
29395,1
29398,1
29401,1
29402,1
29405,1
29408,2
29411,1
29415,2
29421,1
29424,2
29430,2
29431,3
29434,2
29436,1
29437,2
29443,2
29444,1
29447,1
29449,1
29450,2
29453,1
29456,5
29475,1
29479,1
29481,1
29482,1
29485,1
29488,1
29491,1
29492,1
29495,1
29501,1
29504,1
29517,1
29520,1
29523,1
29526,1
29527,1
29530,1
29532,1
29533,2
29539,3
29540,1
29543,1
29545,1
29546,4
29549,2
29552,1
29555,2
29559,1
29564,1
29568,2
29571,1
29572,1
29574,2
29577,2
29581,1
29584,4
29590,3
29597,2
29600,1
29603,2
29607,1
29609,1
29610,2
29613,2
29616,1
29619,1
29622,1
29623,1
29626,2
29629,2
29635,2
29641,1
29648,2
29651,3
29654,2
29661,3
29667,2
29670,1
29673,2
29674,1
29680,1
29683,1
29690,1
29692,1
29693,2
29699,3
29703,1
29705,1
29706,2
29712,4
29718,1
29719,3
29722,2
29725,1
29728,1
29731,3
29732,1
29734,2
29737,1
29741,1
29744,6
29747,1
29750,3
29751,1
29756,3
29757,2
29760,2
29763,2
29766,2
29769,1
29770,1
29773,3
29776,2
29782,1
29783,1
29786,1
29789,2
29792,1
29795,2
29798,1
29801,1
29802,1
29808,3
29812,1
29814,3
29817,1
29821,2
29824,4
29827,3
29828,1
29830,1
29831,1
29833,1
29834,2
29840,4
29846,2
29852,3
29853,3
29856,1
29859,4
29863,1
29865,3
29866,3
29872,2
29875,2
29876,1
29879,1
29881,1
29882,1
29885,1
29888,1
29891,6
29894,3
29897,1
29898,3
29901,1
29904,3
29907,4
29910,2
29914,2
29916,1
29917,1
29920,2
29923,4
29927,1
29929,1
29930,1
29936,2
29939,1
29942,2
29943,1
29945,1
29949,4
29952,1
29955,3
29956,1
29961,1
29962,3
29965,2
29971,1
29974,2
29977,1
29978,1
29980,1
29981,4
29987,3
29988,1
29991,1
29994,4
29997,1
30000,3
30006,3
30007,2
30013,1
30016,1
30019,5
30025,1
30026,2
30028,1
30029,1
30032,3
30039,1
30044,1
30045,2
30048,6
30051,3
30057,1
30058,3
30061,1
30064,1
30070,1
30073,2
30077,1
30080,2
30083,1
30084,1
30089,2
30090,3
30096,2
30103,2
30108,1
30109,1
30112,2
30115,1
30116,1
30119,1
30121,1
30122,1
30125,1
30128,4
30131,4
30134,2
30135,6
30137,1
30141,6
30144,1
30147,5
30148,2
30150,1
30153,2
30154,1
30156,2
30157,1
30160,2
30167,1
30169,1
30170,1
30172,2
30173,2
30179,2
30180,1
30185,1
30186,5
30192,2
30195,2
30198,4
30204,1
30205,4
30208,2
30211,4
30212,1
30215,1
30217,1
30218,4
30220,1
30224,1
30227,1
30230,3
30231,2
30234,1
30236,1
30237,3
30240,1
30243,3
30246,2
30247,1
30249,4
30250,4
30253,1
30256,2
30259,1
30262,4
30265,1
30266,1
30268,1
30269,3
30272,3
30275,4
30276,1
30279,1
30285,1
30288,3
30294,1
30295,2
30297,1
30298,2
30300,1
30301,3
30304,1
30307,3
30311,2
30313,1
30314,5
30317,1
30320,6
30324,1
30326,1
30330,2
30332,1
30333,2
30336,1
30339,2
30342,1
30343,1
30345,2
30346,2
30348,1
30349,1
30352,6
30355,2
30356,1
30361,2
30362,3
30365,10
30368,1
30375,1
30377,2
30378,1
30380,1
30384,2
30387,2
30388,1
30390,1
30391,1
30396,1
30397,2
30400,3
30403,1
30404,1
30406,1
30409,1
30410,4
30413,3
30416,2
30419,2
30422,2
30423,1
30426,3
30428,2
30429,2
30432,1
30435,4
30436,1
30438,1
30441,2
30442,3
30445,3
30448,4
30451,3
30452,2
30454,4
30455,4
30457,1
30458,3
30461,2
30471,1
30473,3
30477,2
30480,6
30486,2
30487,3
30490,1
30493,4
30496,1
30499,4
30502,2
30505,2
30506,1
30508,1
30509,1
30512,4
30515,4
30518,3
30519,2
30521,1
30524,1
30525,4
30528,3
30531,4
30534,3
30537,1
30538,1
30541,1
30544,4
30547,1
30548,1
30551,1
30553,2
30554,2
30556,1
30557,6
30560,4
30563,3
30564,2
30569,1
30570,2
30573,2
30576,1
30582,2
30583,3
30588,1
30589,2
30592,2
30595,3
30596,2
30601,3
30602,3
30604,1
30605,1
30608,7
30611,2
30614,4
30615,1
30617,2
30618,1
30621,3
30624,2
30627,8
30631,1
30633,4
30634,2
30637,3
30640,2
30646,3
30653,3
30656,3
30659,5
30663,1
30665,2
30666,1
30669,1
30678,4
30679,1
30681,1
30684,1
30685,3
30688,1
30691,1
30694,1
30697,1
30698,2
30700,2
30701,1
30704,5
30707,1
30710,4
30711,2
30716,2
30717,2
30720,4
30723,8
30724,2
30726,1
30730,5
30733,1
30736,2
30739,1
30742,5
30745,1
30748,1
30749,3
30752,2
30755,3
30758,1
30759,2
30761,1
30762,3
30764,1
30765,2
30768,6
30771,2
30774,5
30775,2
30777,1
30778,1
30781,4
30784,3
30787,9
30788,2
30790,2
30791,1
30793,1
30794,1
30796,1
30797,1
30800,8
30803,2
30806,2
30807,3
30810,1
30812,2
30813,4
30816,1
30819,5
30820,1
30822,1
30825,2
30826,1
30829,3
30832,3
30835,2
30838,3
30839,2
30841,1
30845,3
30848,1
30851,8
30854,1
30857,4
30858,2
30861,1
30864,3
30873,1
30874,1
30876,2
30877,4
30880,4
30883,2
30884,1
30887,1
30889,1
30890,4
30893,3
30896,5
30899,1
30902,1
30903,2
30905,2
30908,2
30909,6
30915,2
30916,1
30918,1
30919,1
30921,2
30922,5
30925,1
30928,5
30931,3
30934,3
30935,3
30937,1
30938,1
30940,2
30941,2
30947,2
30948,2
30950,3
30953,3
30954,4
30957,1
30960,5
30963,1
30966,4
30967,2
30970,1
30973,4
30979,8
30980,1
30982,1
30983,1
30985,1
30986,5
30988,2
30989,1
30992,7
30995,3
30996,1
30998,1
30999,3
31001,2
31002,1
31004,1
31005,3
31008,1
31011,3
31012,4
31014,1
31017,3
31018,2
31021,1
31024,7
31027,1
31028,1
31030,3
31033,1
31036,3
31037,4
31040,1
31043,3
31044,3
31046,1
31047,1
31049,2
31050,7
31053,4
31056,5
31059,1
31062,1
31063,3
31066,1
31069,1
31072,3
31075,5
31076,3
31078,1
31081,1
31082,3
31085,1
31088,4
31091,3
31094,3
31095,2
31098,2
31100,2
31101,1
31104,1
31107,8
31111,1
31113,4
31114,6
31116,1
31117,1
31120,5
31123,3
31126,3
31127,2
31129,1
31133,4
31136,2
31139,4
31142,2
31145,2
31146,6
31148,1
31149,3
31152,5
31156,1
31158,4
31159,4
31161,1
31162,1
31164,3
31165,2
31168,3
31171,3
31174,1
31175,1
31177,3
31178,1
31181,5
31184,6
31187,1
31188,1
31190,4
31191,2
31194,2
31196,1
31197,4
31200,1
31203,8
31204,1
31206,3
31210,3
31213,2
31216,8
31220,1
31222,1
31223,1
31226,3
31228,2
31229,10
31232,2
31235,7
31236,3
31239,1
31241,2
31242,3
31245,2
31248,10
31251,4
31254,3
31255,4
31258,2
31260,2
31261,1
31264,3
31267,6
31268,2
31273,3
31274,3
31276,1
31280,9
31286,7
31287,2
31289,2
31292,1
31293,6
31296,2
31299,12
31300,1
31302,2
31305,1
31306,5
31309,1
31312,4
31316,1
31318,5
31324,1
31325,5
31328,2
31331,8
31332,1
31337,1
31338,3
31340,2
31344,5
31347,2
31348,2
31350,4
31351,3
31356,1
31357,5
31360,1
31363,4
31364,3
31366,3
31367,1
31369,3
31370,5
31372,1
31373,2
31376,9
31379,3
31382,3
31383,2
31385,4
31386,1
31388,2
31389,1
31392,5
31395,9
31396,2
31399,2
31401,5
31402,4
31405,3
31408,7
31414,4
31415,6
31417,1
31418,3
31420,2
31421,9
31424,1
31427,11
31433,5
31434,4
31437,1
31440,4
31443,1
31444,1
31446,6
31447,1
31449,2
31452,2
31453,7
31456,2
31459,7
31460,1
31463,3
31465,2
31466,6
31472,7
31475,2
31476,1
31478,2
31479,1
31481,2
31482,2
31484,4
31485,7
31488,4
31491,3
31492,2
31494,2
31497,1
31498,5
31500,3
31501,3
31504,18
31507,1
31508,1
31510,5
31511,4
31513,3
31516,2
31517,7
31520,3
31523,6
31524,1
31526,4
31529,2
31530,2
31532,1
31533,1
31536,12
31539,2
31540,2
31542,4
31543,3
31546,2
31548,3
31549,6
31552,3
31555,4
31556,2
31558,4
31559,4
31561,6
31562,6
31565,2
31568,12
31571,4
31574,7
31575,4
31578,2
31580,3
31581,9
31584,3
31587,7
31590,1
31593,2
31594,4
31600,15
31603,5
31604,1
31606,5
31607,5
31609,1
31610,2
31612,1
31613,2
31616,4
31619,9
31620,1
31622,2
31625,4
31626,3
31629,4
31632,15
31635,4
31638,4
31639,6
31642,1
31644,2
31645,7
31648,3
31651,9
31652,5
31654,2
31655,1
31657,4
31658,7
31661,3
31664,11
31667,1
31668,1
31670,6
31671,4
31673,1
31674,4
31676,4
31677,7
31680,2
31683,10
31684,1
31686,1
31687,2
31689,5
31690,7
31693,2
31696,11
31699,1
31700,1
31702,7
31703,5
31705,3
31706,1
31708,1
31709,10
31712,2
31715,10
31716,1
31718,2
31719,2
31721,2
31722,6
31724,2
31725,5
31728,10
31731,2
31732,1
31734,6
31735,6
31737,1
31738,2
31740,1
31741,7
31744,6
31747,6
31750,3
31753,4
31754,4
31756,1
31760,11
31763,6
31766,5
31767,2
31769,1
31770,3
31772,3
31773,14
31776,3
31779,12
31782,6
31785,7
31786,7
31788,1
31789,4
31792,11
31795,3
31796,1
31798,7
31799,6
31802,3
31804,2
31805,13
31811,11
31812,2
31814,1
31817,5
31818,10
31821,4
31824,16
31827,10
31830,8
31831,1
31833,2
31834,3
31836,3
31837,10
31840,4
31843,7
31844,5
31846,2
31849,7
31850,9
31853,5
31856,14
31859,6
31862,6
31863,4
31865,1
31866,2
31868,2
31869,11
31872,2
31875,7
31876,6
31878,1
31879,3
31881,11
31882,7
31884,2
31885,1
31888,16
31891,2
31894,6
31895,3
31898,3
31900,1
31901,5
31904,3
31907,12
31908,5
31910,2
31911,1
31913,3
31914,8
31916,1
31917,2
31920,16
31924,1
31926,7
31927,4
31929,4
31930,3
31932,3
31933,10
31936,2
31939,7
31940,8
31942,2
31943,4
31945,5
31946,12
31948,1
31949,4
31952,6
31955,7
31956,2
31958,8
31959,10
31961,3
31962,1
31964,7
31965,9
31968,6
31971,10
31972,3
31974,5
31975,3
31977,5
31978,5
31981,6
31984,18
31987,5
31988,1
31990,10
31991,5
31993,3
31994,4
31996,2
31997,11
32000,6
32003,10
32004,1
32007,1
32009,10
32010,13
32012,3
32013,2
32016,15
32019,2
32022,7
32023,3
32025,2
32026,5
32028,1
32029,11
32032,7
32035,13
32036,5
32038,4
32039,2
32041,5
32042,7
32044,2
32045,2
32048,14
32051,7
32054,8
32055,2
32057,1
32058,4
32060,1
32061,10
32064,6
32067,13
32068,7
32070,1
32071,1
32073,6
32074,10
32077,4
32080,16
32083,3
32086,12
32087,8
32089,3
32090,4
32092,7
32093,11
32096,6
32099,12
32100,6
32103,3
32105,6
32106,9
32109,7
32112,18
32115,8
32116,7
32118,10
32119,6
32121,1
32122,8
32124,1
32125,18
32128,2
32131,18
32132,6
32134,5
32135,1
32137,10
32138,13
32141,4
32144,20
32147,8
32148,1
32150,13
32151,12
32153,4
32154,5
32156,7
32157,17
32160,6
32163,17
32164,9
32166,5
32167,4
32169,4
32170,13
32172,3
32173,10
32176,19
32179,7
32180,2
32182,7
32183,10
32186,2
32188,7
32189,17
32192,11
32195,10
32196,2
32198,2
32199,2
32201,9
32202,14
32205,3
32208,18
32211,7
32214,16
32215,6
32217,4
32218,2
32220,3
32221,14
32224,9
32227,26
32228,3
32230,4
32231,5
32233,8
32234,16
32236,7
32237,7
32240,24
32243,12
32244,1
32246,11
32247,11
32249,3
32250,4
32252,5
32253,27
32256,6
32259,26
32260,5
32262,4
32263,2
32265,7
32266,8
32269,5
32272,19
32275,3
32276,4
32278,20
32279,8
32281,1
32282,4
32284,4
32285,15
32288,8
32291,23
32292,9
32294,5
32295,1
32297,8
32298,3
32300,1
32301,2
32304,26
32307,9
32308,8
32310,18
32311,9
32313,3
32314,5
32316,2
32317,21
32320,8
32323,17
32324,4
32326,4
32327,3
32329,15
32330,17
32332,1
32333,8
32336,33
32339,3
32340,2
32342,13
32343,11
32346,2
32348,3
32349,19
32352,10
32355,32
32356,7
32358,1
32359,5
32361,13
32362,12
32364,2
32365,6
32368,29
32371,12
32372,2
32374,19
32375,6
32377,5
32378,6
32380,7
32381,21
32384,16
32387,17
32388,1
32390,8
32391,3
32393,14
32394,13
32396,1
32397,9
32400,31
32403,11
32404,4
32406,13
32407,8
32409,4
32410,10
32412,1
32413,34
32416,14
32419,30
32420,5
32422,5
32423,4
32425,9
32426,11
32428,4
32429,4
32432,26
32435,7
32436,2
32438,14
32439,10
32441,5
32442,6
32444,4
32445,25
32448,8
32451,21
32452,5
32454,5
32455,2
32457,12
32458,26
32461,12
32464,27
32467,12
32468,1
32470,16
32471,15
32473,5
32474,7
32476,9
32477,28
32480,10
32483,24
32484,4
32486,7
32487,5
32489,13
32490,12
32492,1
32493,9
32496,37
32499,10
32500,3
32502,12
32503,16
32505,2
32506,6
32508,7
32509,31
32512,9
32515,24
32516,6
32518,6
32519,7
32521,14
32522,14
32524,1
32525,11
32528,34
32531,12
32532,3
32534,18
32535,17
32537,12
32538,11
32540,5
32541,38
32544,6
32547,34
32548,9
32550,9
32551,3
32553,9
32554,21
32556,1
32557,9
32560,34
32563,13
32564,3
32566,18
32567,15
32569,3
32570,8
32572,6
32573,19
32576,11
32579,29
32580,5
32582,9
32583,4
32585,17
32586,23
32588,4
32589,8
32592,44
32595,13
32596,4
32598,24
32599,15
32601,7
32602,4
32604,6
32605,30
32608,17
32611,32
32612,8
32614,10
32615,7
32617,24
32618,30
32620,4
32621,10
32624,32
32627,8
32628,2
32630,22
32631,21
32633,5
32634,8
32636,8
32637,39
32640,5
32643,26
32644,7
32646,7
32647,6
32649,23
32650,27
32652,4
32653,6
32656,33
32659,9
32660,1
32662,28
32663,17
32665,6
32666,11
32668,10
32669,35
32672,14
32675,32
32676,6
32678,8
32679,6
32681,23
32682,31
32684,3
32685,6
32688,45
32691,16
32692,4
32694,19
32695,20
32697,10
32698,6
32700,11
32701,38
32704,14
32707,26
32708,6
32710,11
32711,7
32713,14
32714,25
32716,2
32717,8
32720,40
32723,12
32724,1
32726,19
32727,11
32729,6
32730,11
32732,8
32733,27
32736,16
32739,46
32740,9
32742,7
32743,7
32745,21
32746,25
32748,4
32749,20
32752,38
32755,15
32756,1
32758,27
32759,9
32761,5
32762,9
32764,12
32765,35
32768,19
32771,33
32772,11
32774,9
32775,7
32777,15
32778,41
32780,3
32781,14
32784,46
32787,23
32788,6
32790,28
32791,16
32793,8
32794,6
32796,11
32797,43
32800,21
32803,26
32804,13
32806,5
32807,5
32809,13
32810,24
32812,4
32813,19
32816,39
32819,15
32820,1
32822,30
32823,13
32825,9
32826,12
32828,10
32829,44
32832,19
32835,32
32836,9
32838,12
32839,8
32841,19
32842,29
32844,3
32845,14
32848,50
32851,12
32852,3
32854,30
32855,19
32857,3
32858,13
32860,14
32861,27
32864,21
32867,31
32868,12
32870,10
32871,9
32873,18
32874,37
32876,4
32877,16
32880,64
32883,12
32884,1
32886,27
32887,21
32889,2
32890,10
32892,12
32893,41
32896,14
32899,29
32900,12
32902,9
32903,6
32905,26
32906,35
32908,4
32909,17
32912,60
32915,18
32916,1
32918,32
32919,25
32921,4
32922,12
32924,13
32925,36
32928,25
32931,42
32932,15
32934,15
32935,10
32937,22
32938,31
32940,2
32941,10
32944,48
32947,17
32948,2
32950,30
32951,24
32953,9
32954,10
32956,10
32957,52
32960,20
32963,36
32964,9
32966,8
32967,13
32969,20
32970,29
32972,6
32973,21
32976,44
32979,23
32980,7
32982,47
32983,28
32985,5
32986,13
32988,15
32989,47
32992,14
32995,32
32996,9
32998,14
32999,6
33001,27
33002,45
33004,8
33005,18
33008,51
33011,16
33012,4
33014,35
33015,21
33017,5
33018,7
33020,14
33021,43
33024,20
33027,49
33028,14
33030,10
33031,11
33033,26
33034,30
33036,2
33037,13
33040,56
33043,16
33044,3
33046,31
33047,26
33049,9
33050,17
33052,11
33053,41
33056,25
33059,48
33060,12
33062,12
33063,10
33065,28
33066,33
33068,2
33069,15
33072,56
33075,18
33076,6
33078,30
33079,29
33081,12
33082,11
33084,17
33085,46
33088,24
33091,54
33092,9
33094,17
33095,12
33097,23
33098,40
33100,2
33101,14
33104,55
33107,28
33108,6
33110,31
33111,26
33113,5
33114,11
33116,12
33117,47
33120,19
33123,47
33124,15
33126,15
33127,7
33129,34
33130,40
33132,3
33133,20
33136,64
33139,11
33140,1
33142,41
33143,30
33145,11
33146,8
33148,9
33149,62
33152,17
33155,48
33156,14
33158,13
33159,8
33161,30
33162,47
33164,2
33165,25
33168,70
33171,15
33172,3
33174,47
33175,19
33177,8
33178,10
33180,12
33181,51
33184,24
33187,46
33188,15
33190,27
33191,7
33193,25
33194,29
33196,2
33197,22
33200,71
33203,17
33204,3
33206,36
33207,34
33209,9
33210,18
33212,10
33213,39
33216,20
33219,53
33220,12
33222,10
33223,12
33225,21
33226,40
33228,3
33229,19
33232,56
33235,15
33236,5
33238,34
33239,28
33241,8
33242,20
33244,13
33245,64
33248,24
33251,50
33252,9
33254,11
33255,13
33257,25
33258,43
33260,2
33261,19
33264,63
33267,12
33268,2
33270,39
33271,24
33273,7
33274,12
33276,16
33277,50
33280,13
33283,46
33284,8
33286,16
33287,8
33289,33
33290,38
33292,3
33293,22
33296,80
33299,20
33300,6
33302,43
33303,23
33305,8
33306,12
33308,16
33309,50
33312,26
33315,48
33316,12
33318,10
33319,6
33321,28
33322,43
33324,7
33325,14
33328,69
33331,20
33332,9
33334,45
33335,36
33337,19
33338,9
33340,13
33341,52
33344,27
33347,60
33348,15
33350,17
33351,10
33353,30
33354,43
33356,4
33357,22
33360,66
33363,17
33364,5
33366,41
33367,22
33369,9
33370,18
33372,17
33373,57
33376,20
33379,67
33380,14
33382,16
33383,13
33385,28
33386,57
33388,7
33389,28
33392,68
33395,24
33396,5
33398,46
33399,31
33401,7
33402,12
33404,11
33405,61
33408,30
33411,57
33412,18
33414,28
33415,13
33417,30
33418,41
33420,5
33421,28
33424,74
33427,14
33428,8
33430,55
33431,37
33433,10
33434,16
33436,15
33437,74
33440,28
33443,59
33444,11
33446,23
33447,12
33449,36
33450,38
33452,6
33453,13
33456,78
33459,29
33460,1
33462,47
33463,26
33465,13
33466,16
33468,15
33469,62
33472,27
33475,63
33476,17
33478,17
33479,11
33481,32
33482,46
33484,6
33485,19
33488,94
33491,18
33492,3
33494,46
33495,32
33497,10
33498,9
33500,15
33501,61
33504,20
33507,72
33508,20
33510,16
33511,6
33513,30
33514,39
33516,9
33517,23
33520,84
33523,27
33524,8
33526,58
33527,40
33529,8
33530,14
33532,7
33533,63
33536,32
33539,63
33540,17
33542,10
33543,14
33545,29
33546,52
33548,4
33549,21
33552,71
33555,23
33556,6
33558,49
33559,38
33561,12
33562,18
33564,24
33565,68
33568,28
33571,65
33572,11
33574,12
33575,6
33577,35
33578,44
33580,11
33581,40
33584,79
33587,21
33588,8
33590,56
33591,36
33593,10
33594,17
33596,20
33597,76
33600,35
33603,70
33604,17
33606,26
33607,15
33609,32
33610,42
33612,4
33613,22
33616,105
33619,25
33620,7
33622,55
33623,24
33625,14
33626,21
33628,19
33629,61
33632,40
33635,65
33636,14
33638,14
33639,8
33641,28
33642,56
33644,5
33645,25
33648,81
33651,23
33652,6
33654,44
33655,30
33657,12
33658,18
33660,27
33661,58
33664,25
33667,77
33668,24
33670,19
33671,9
33673,39
33674,51
33676,2
33677,25
33680,75
33683,20
33684,4
33686,46
33687,26
33689,12
33690,16
33692,11
33693,89
33696,31
33699,71
33700,16
33702,22
33703,10
33705,33
33706,76
33708,8
33709,26
33712,88
33715,18
33716,7
33718,43
33719,30
33721,8
33722,15
33724,19
33725,69
33728,36
33731,72
33732,21
33734,14
33735,8
33737,34
33738,58
33740,3
33741,19
33744,87
33747,24
33748,6
33750,62
33751,39
33753,11
33754,17
33756,16
33757,99
33760,26
33763,80
33764,10
33766,29
33767,17
33769,24
33770,56
33772,9
33773,29
33776,90
33779,20
33780,2
33782,43
33783,40
33785,18
33786,22
33788,15
33789,60
33792,31
33795,80
33796,20
33798,16
33799,13
33801,33
33802,34
33804,9
33805,12
33808,86
33811,32
33812,10
33814,52
33815,44
33817,12
33818,18
33820,22
33821,94
33824,26
33827,90
33828,20
33830,14
33831,15
33833,44
33834,52
33836,4
33837,26
33840,91
33843,23
33844,7
33846,57
33847,37
33849,10
33850,22
33852,21
33853,73
33856,32
33859,75
33860,18
33862,17
33863,8
33865,33
33866,56
33868,8
33869,25
33872,85
33875,28
33876,6
33878,54
33879,43
33881,20
33882,15
33884,23
33885,62
33888,34
33891,80
33892,18
33894,18
33895,12
33897,35
33898,54
33900,5
33901,23
33904,90
33907,19
33908,6
33910,53
33911,39
33913,10
33914,16
33916,23
33917,71
33920,31
33923,61
33924,14
33926,15
33927,12
33929,33
33930,53
33932,13
33933,22
33936,93
33939,26
33940,7
33942,63
33943,36
33945,9
33946,22
33948,15
33949,80
33952,31
33955,96
33956,22
33958,21
33959,12
33961,46
33962,53
33964,4
33965,18
33968,100
33971,19
33972,5
33974,43
33975,31
33977,13
33978,19
33980,22
33981,64
33984,34
33987,82
33988,20
33990,14
33991,13
33993,45
33994,68
33996,6
33997,33
34000,89
34003,30
34004,10
34006,55
34007,34
34009,6
34010,26
34012,19
34013,84
34016,36
34019,79
34020,22
34022,21
34023,15
34025,35
34026,41
34028,9
34029,25
34032,101
34035,28
34036,9
34038,55
34039,45
34041,15
34042,19
34044,15
34045,67
34048,39
34051,72
34052,19
34054,24
34055,11
34057,38
34058,47
34060,6
34061,29
34064,91
34067,22
34068,5
34070,60
34071,37
34073,11
34074,28
34076,17
34077,86
34080,43
34083,69
34084,18
34086,26
34087,13
34089,41
34090,48
34092,10
34093,23
34096,92
34099,19
34100,5
34102,51
34103,40
34105,17
34106,23
34108,20
34109,92
34112,34
34115,81
34116,21
34118,18
34119,10
34121,41
34122,44
34124,5
34125,25
34128,104
34131,26
34132,6
34134,61
34135,53
34137,18
34138,22
34140,12
34141,86
34144,36
34147,59
34148,23
34150,28
34151,9
34153,39
34154,48
34156,5
34157,20
34160,93
34163,22
34164,8
34166,61
34167,33
34169,17
34170,24
34172,22
34173,82
34176,39
34179,89
34180,13
34182,20
34183,9
34185,39
34186,50
34188,9
34189,33
34192,106
34195,23
34196,4
34198,50
34199,39
34201,19
34202,21
34204,27
34205,74
34208,37
34211,67
34212,25
34214,23
34215,14
34217,37
34218,58
34220,4
34221,26
34224,103
34227,29
34228,9
34230,65
34231,39
34233,16
34234,15
34236,19
34237,76
34240,30
34243,96
34244,19
34246,19
34247,20
34249,46
34250,71
34252,7
34253,26
34256,90
34259,32
34260,5
34262,70
34263,39
34265,18
34266,22
34268,18
34269,75
34272,24
34275,87
34276,21
34278,16
34279,15
34281,38
34282,55
34284,12
34285,25
34288,90
34291,32
34292,6
34294,66
34295,43
34297,14
34298,15
34300,18
34301,102
34304,38
34307,103
34308,19
34310,26
34311,15
34313,45
34314,66
34316,17
34317,26
34320,113
34323,35
34324,8
34326,48
34327,46
34329,7
34330,19
34332,14
34333,74
34336,36
34339,84
34340,18
34342,19
34343,11
34345,31
34346,65
34348,2
34349,32
34352,100
34355,34
34356,12
34358,54
34359,33
34361,13
34362,18
34364,22
34365,97
34368,29
34371,87
34372,20
34374,21
34375,12
34377,38
34378,52
34380,5
34381,34
34384,87
34387,24
34388,8
34390,61
34391,56
34393,12
34394,23
34396,18
34397,78
34400,38
34403,86
34404,29
34406,20
34407,19
34409,43
34410,72
34412,8
34413,32
34416,88
34419,26
34420,4
34422,59
34423,42
34425,18
34426,23
34428,24
34429,85
34432,39
34435,95
34436,19
34438,18
34439,17
34441,31
34442,65
34444,5
34445,38
34448,114
34451,16
34452,7
34454,51
34455,38
34457,18
34458,19
34460,30
34461,74
34464,33
34467,64
34468,20
34470,25
34471,16
34473,46
34474,73
34476,9
34477,27
34480,98
34483,25
34484,9
34486,65
34487,47
34489,12
34490,17
34492,23
34493,79
34496,39
34499,91
34500,9
34502,18
34503,15
34505,42
34506,69
34508,10
34509,29
34512,105
34515,24
34516,5
34518,59
34519,37
34521,14
34522,21
34524,10
34525,84
34528,29
34531,98
34532,15
34534,17
34535,17
34537,55
34538,67
34540,7
34541,34
34544,97
34547,27
34548,6
34550,74
34551,36
34553,13
34554,33
34556,21
34557,75
34560,42
34563,91
34564,21
34566,21
34567,9
34569,40
34570,60
34572,8
34573,27
34576,102
34579,20
34580,4
34582,61
34583,40
34585,13
34586,21
34588,18
34589,73
34592,36
34595,67
34596,15
34598,19
34599,16
34601,42
34602,67
34604,7
34605,27
34608,91
34611,33
34612,9
34614,59
34615,45
34617,15
34618,17
34620,27
34621,79
34624,36
34627,83
34628,30
34630,19
34631,11
34633,39
34634,56
34636,4
34637,30
34640,98
34643,27
34644,2
34646,55
34647,37
34649,13
34650,21
34652,13
34653,83
34656,32
34659,75
34660,21
34662,18
34663,6
34665,53
34666,54
34668,5
34669,23
34672,113
34675,40
34676,5
34678,58
34679,48
34681,10
34682,29
34684,25
34685,73
34688,27
34691,87
34692,25
34694,20
34695,17
34697,41
34698,60
34700,3
34701,26
34704,104
34707,26
34708,13
34710,65
34711,37
34713,21
34714,22
34716,10
34717,92
34720,29
34723,77
34724,16
34726,27
34727,14
34729,43
34730,78
34732,10
34733,25
34736,113
34739,21
34740,7
34742,73
34743,46
34745,14
34746,17
34748,26
34749,96
34752,34
34755,79
34756,17
34758,14
34759,16
34761,43
34762,62
34764,7
34765,25
34768,93
34771,27
34772,12
34774,60
34775,42
34777,18
34778,26
34780,21
34781,90
34784,34
34787,72
34788,18
34790,18
34791,12
34793,32
34794,64
34796,4
34797,34
34800,105
34803,24
34804,13
34806,59
34807,37
34809,19
34810,22
34812,20
34813,81
34816,39
34819,79
34820,18
34822,24
34823,16
34825,42
34826,61
34828,2
34829,27
34832,104
34835,29
34836,3
34838,64
34839,29
34841,8
34842,27
34844,19
34845,72
34848,38
34851,88
34852,25
34854,22
34855,14
34857,43
34858,59
34860,3
34861,31
34864,81
34867,25
34868,8
34870,67
34871,43
34873,11
34874,18
34876,23
34877,78
34880,36
34883,92
34884,28
34886,17
34887,15
34889,46
34890,75
34892,5
34893,29
34896,101
34899,26
34900,4
34902,58
34903,44
34905,10
34906,19
34908,18
34909,71
34912,39
34915,87
34916,19
34918,21
34919,20
34921,51
34922,50
34924,7
34925,32
34928,102
34931,19
34932,9
34934,51
34935,39
34937,15
34938,22
34940,19
34941,92
34944,36
34947,93
34948,25
34950,17
34951,17
34953,49
34954,71
34956,4
34957,40
34960,122
34963,27
34964,4
34966,52
34967,44
34969,13
34970,23
34972,22
34973,87
34976,32
34979,68
34980,24
34982,28
34983,20
34985,38
34986,64
34988,6
34989,26
34992,118
34995,23
34996,3
34998,64
34999,39
35001,5
35002,27
35004,26
35005,84
35008,28
35011,86
35012,12
35014,20
35015,12
35017,44
35018,76
35020,11
35021,18
35024,103
35027,18
35028,6
35030,53
35031,40
35033,17
35034,23
35036,19
35037,89
35040,40
35043,75
35044,23
35046,19
35047,10
35049,40
35050,72
35052,11
35053,29
35056,123
35059,34
35060,6
35062,69
35063,38
35065,17
35066,19
35068,30
35069,80
35072,31
35075,84
35076,27
35078,16
35079,11
35081,53
35082,52
35084,9
35085,25
35088,100
35091,35
35092,6
35094,59
35095,31
35097,14
35098,13
35100,30
35101,83
35104,32
35107,98
35108,23
35110,17
35111,17
35113,43
35114,57
35116,11
35117,16
35120,98
35123,19
35124,7
35126,63
35127,34
35129,16
35130,15
35132,17
35133,76
35136,34
35139,75
35140,15
35142,13
35143,11
35145,44
35146,59
35148,4
35149,26
35152,113
35155,18
35156,7
35158,69
35159,38
35161,17
35162,25
35164,18
35165,74
35168,43
35171,95
35172,17
35174,12
35175,11
35177,62
35178,65
35180,5
35181,26
35184,115
35187,28
35188,9
35190,64
35191,44
35193,8
35194,23
35196,18
35197,82
35200,41
35203,85
35204,26
35206,23
35207,10
35209,43
35210,60
35212,8
35213,31
35216,92
35219,21
35220,7
35222,71
35223,32
35225,17
35226,21
35228,23
35229,81
35232,35
35235,84
35236,23
35238,17
35239,12
35241,39
35242,59
35244,7
35245,36
35248,103
35251,24
35252,12
35254,55
35255,43
35257,13
35258,33
35260,19
35261,89
35264,28
35267,84
35268,29
35270,20
35271,16
35273,46
35274,69
35276,10
35277,24
35280,119
35283,30
35284,11
35286,53
35287,49
35289,17
35290,32
35292,24
35293,74
35296,34
35299,79
35300,24
35302,21
35303,15
35305,38
35306,69
35308,7
35309,29
35312,127
35315,28
35316,7
35318,53
35319,36
35321,14
35322,23
35324,22
35325,73
35328,34
35331,89
35332,20
35334,17
35335,15
35337,47
35338,70
35340,11
35341,37
35344,119
35347,21
35348,4
35350,57
35351,37
35353,10
35354,20
35356,19
35357,90
35360,31
35363,84
35364,20
35366,18
35367,16
35369,39
35370,67
35372,12
35373,23
35376,95
35379,32
35380,5
35382,63
35383,48
35385,22
35386,26
35388,22
35389,94
35392,28
35395,71
35396,14
35398,23
35399,20
35401,38
35402,57
35404,4
35405,28
35408,100
35411,23
35412,9
35414,71
35415,51
35417,18
35418,31
35420,23
35421,73
35424,42
35427,102
35428,25
35430,21
35431,8
35433,58
35434,67
35436,11
35437,24
35440,82
35443,31
35444,6
35446,75
35447,42
35449,11
35450,19
35452,14
35453,68
35456,30
35459,98
35460,23
35462,20
35463,15
35465,43
35466,54
35468,11
35469,33
35472,93
35475,26
35476,6
35478,61
35479,39
35481,18
35482,17
35484,17
35485,70
35488,33
35491,87
35492,15
35494,21
35495,13
35497,48
35498,67
35500,4
35501,30
35504,108
35507,35
35508,8
35510,60
35511,45
35513,7
35514,18
35516,24
35517,83
35520,41
35523,95
35524,20
35526,20
35527,7
35529,42
35530,60
35532,4
35533,33
35536,90
35539,35
35540,8
35542,65
35543,49
35545,14
35546,27
35548,18
35549,73
35552,32
35555,76
35556,16
35558,23
35559,15
35561,38
35562,59
35564,10
35565,21
35568,98
35571,25
35572,6
35574,71
35575,45
35577,17
35578,24
35580,27
35581,94
35584,34
35587,90
35588,18
35590,38
35591,14
35593,56
35594,65
35596,5
35597,33
35600,118
35603,30
35604,8
35606,69
35607,42
35609,12
35610,27
35612,20
35613,100
35616,36
35619,82
35620,19
35622,30
35623,15
35625,50
35626,65
35628,13
35629,28
35632,103
35635,26
35636,4
35638,59
35639,40
35641,14
35642,22
35644,18
35645,95
35648,39
35651,93
35652,22
35654,21
35655,18
35657,41
35658,74
35660,11
35661,34
35664,107
35667,30
35668,6
35670,63
35671,45
35673,10
35674,15
35676,26
35677,99
35680,54
35683,102
35684,17
35686,20
35687,13
35689,38
35690,80
35692,8
35693,22
35696,106
35699,23
35700,8
35702,66
35703,46
35705,10
35706,26
35708,15
35709,83
35712,43
35715,95
35716,22
35718,26
35719,14
35721,45
35722,63
35724,2
35725,30
35728,83
35731,26
35732,5
35734,73
35735,40
35737,12
35738,24
35740,25
35741,90
35744,39
35747,93
35748,15
35750,17
35751,13
35753,35
35754,70
35756,11
35757,34
35760,90
35763,20
35764,6
35766,73
35767,57
35769,13
35770,23
35772,32
35773,84
35776,27
35779,84
35780,29
35782,20
35783,18
35785,36
35786,54
35788,10
35789,28
35792,116
35795,28
35796,11
35798,64
35799,37
35801,19
35802,19
35804,22
35805,73
35808,43
35811,86
35812,22
35814,29
35815,18
35817,45
35818,68
35820,4
35821,24
35824,94
35827,18
35828,9
35830,53
35831,57
35833,13
35834,23
35836,20
35837,93
35840,25
35843,84
35844,32
35846,14
35847,20
35849,38
35850,62
35852,13
35853,24
35856,114
35859,25
35860,11
35862,63
35863,39
35865,11
35866,26
35868,22
35869,96
35872,42
35875,80
35876,22
35878,29
35879,17
35881,41
35882,67
35884,8
35885,34
35888,88
35891,27
35892,4
35894,74
35895,32
35897,12
35898,20
35900,16
35901,88
35904,39
35907,83
35908,21
35910,17
35911,17
35913,59
35914,57
35916,6
35917,28
35920,101
35923,38
35924,6
35926,69
35927,33
35929,15
35930,28
35932,28
35933,95
35936,36
35939,78
35940,20
35942,22
35943,15
35945,44
35946,73
35948,3
35949,36
35952,120
35955,23
35956,13
35958,67
35959,31
35961,15
35962,25
35964,28
35965,86
35968,33
35971,78
35972,21
35974,20
35975,12
35977,44
35978,65
35980,12
35981,33
35984,125
35987,29
35988,9
35990,60
35991,43
35993,16
35994,26
35996,18
35997,79
36000,38
36003,89
36004,27
36006,19
36007,12
36009,41
36010,72
36012,5
36013,29
36016,129
36019,31
36020,10
36022,87
36023,43
36025,11
36026,26
36028,23
36029,88
36032,35
36035,74
36036,25
36038,22
36039,16
36041,54
36042,67
36044,3
36045,26
36048,103
36051,31
36052,6
36054,61
36055,49
36057,4
36058,22
36060,31
36061,81
36064,43
36067,76
36068,15
36070,27
36071,16
36073,42
36074,63
36076,3
36077,30
36080,91
36083,31
36084,6
36086,66
36087,34
36089,17
36090,21
36092,23
36093,100
36096,41
36099,105
36100,18
36102,18
36103,12
36105,37
36106,68
36108,13
36109,33
36112,116
36115,31
36116,9
36118,64
36119,51
36121,20
36122,17
36124,24
36125,77
36128,34
36131,105
36132,29
36134,20
36135,10
36137,53
36138,67
36140,8
36141,22
36144,122
36147,27
36148,6
36150,56
36151,46
36153,9
36154,29
36156,21
36157,84
36160,31
36163,97
36164,22
36166,18
36167,14
36169,42
36170,68
36172,8
36173,27
36176,103
36179,25
36180,9
36182,75
36183,42
36185,12
36186,20
36188,15
36189,89
36192,27
36195,86
36196,14
36198,23
36199,13
36201,42
36202,65
36204,6
36205,29
36208,112
36211,41
36212,4
36214,72
36215,50
36217,6
36218,21
36220,18
36221,77
36224,28
36227,73
36228,22
36230,17
36231,18
36233,40
36234,63
36236,6
36237,32
36240,108
36243,35
36244,4
36246,65
36247,48
36249,16
36250,15
36252,30
36253,100
36256,45
36259,70
36260,22
36262,20
36263,16
36265,42
36266,60
36268,2
36269,29
36272,122
36275,22
36276,8
36278,79
36279,38
36281,17
36282,20
36284,18
36285,88
36288,32
36291,73
36292,14
36294,17
36295,20
36297,43
36298,63
36300,8
36301,26
36304,98
36307,30
36308,8
36310,66
36311,51
36313,18
36314,22
36316,19
36317,83
36320,32
36323,81
36324,20
36326,21
36327,20
36329,41
36330,51
36332,6
36333,29
36336,120
36339,30
36340,7
36342,63
36343,40
36345,21
36346,26
36348,13
36349,91
36352,37
36355,88
36356,20
36358,23
36359,15
36361,35
36362,58
36364,7
36365,27
36368,101
36371,32
36372,8
36374,60
36375,46
36377,13
36378,24
36380,24
36381,97
36384,46
36387,77
36388,24
36390,21
36391,10
36393,45
36394,57
36396,4
36397,32
36400,95
36403,33
36404,11
36406,63
36407,40
36409,11
36410,27
36412,15
36413,92
36416,46
36419,88
36420,27
36422,27
36423,16
36425,39
36426,56
36428,10
36429,29
36432,114
36435,37
36436,7
36438,62
36439,35
36441,14
36442,18
36444,19
36445,76
36448,30
36451,85
36452,26
36454,17
36455,19
36457,54
36458,88
36460,6
36461,36
36464,99
36467,43
36468,5
36470,49
36471,35
36473,7
36474,24
36476,20
36477,92
36480,39
36483,77
36484,21
36486,23
36487,15
36489,28
36490,78
36492,10
36493,32
36496,115
36499,23
36500,10
36502,63
36503,41
36505,15
36506,25
36508,25
36509,82
36512,25
36515,80
36516,24
36518,24
36519,12
36521,47
36522,76
36524,8
36525,28
36528,108
36531,36
36532,6
36534,73
36535,29
36537,17
36538,22
36540,24
36541,87
36544,37
36547,52
36548,20
36550,18
36551,11
36553,37
36554,62
36556,5
36557,32
36560,97
36563,28
36564,5
36566,60
36567,41
36569,11
36570,20
36572,20
36573,84
36576,37
36579,64
36580,16
36582,23
36583,16
36585,44
36586,67
36588,11
36589,33
36592,87
36595,37
36596,8
36598,61
36599,41
36601,10
36602,23
36604,22
36605,71
36608,36
36611,92
36612,16
36614,22
36615,15
36617,41
36618,61
36620,8
36621,28
36624,97
36627,38
36628,12
36630,60
36631,41
36633,14
36634,21
36636,20
36637,70
36640,39
36643,66
36644,18
36646,18
36647,12
36649,27
36650,47
36652,8
36653,26
36656,84
36659,27
36660,6
36662,54
36663,36
36665,16
36666,27
36668,14
36669,86
36672,33
36675,91
36676,18
36678,22
36679,17
36681,35
36682,49
36684,7
36685,27
36688,106
36691,36
36692,5
36694,71
36695,45
36697,11
36698,24
36700,17
36701,87
36704,35
36707,78
36708,22
36710,20
36711,17
36713,34
36714,66
36716,8
36717,24
36720,79
36723,30
36724,8
36726,63
36727,40
36729,12
36730,25
36732,29
36733,77
36736,30
36739,81
36740,19
36742,25
36743,17
36745,35
36746,67
36748,4
36749,31
36752,93
36755,30
36756,8
36758,58
36759,50
36761,16
36762,14
36764,16
36765,79
36768,31
36771,79
36772,15
36774,21
36775,12
36777,34
36778,52
36780,4
36781,32
36784,100
36787,25
36788,6
36790,49
36791,48
36793,16
36794,22
36796,18
36797,80
36800,35
36803,77
36804,18
36806,14
36807,12
36809,36
36810,60
36812,4
36813,34
36816,101
36819,36
36820,7
36822,57
36823,30
36825,16
36826,17
36828,20
36829,83
36832,27
36835,93
36836,19
36838,21
36839,11
36841,32
36842,59
36844,6
36845,31
36848,102
36851,20
36852,9
36854,65
36855,45
36857,8
36858,21
36860,27
36861,85
36864,31
36867,72
36868,15
36870,21
36871,18
36873,39
36874,58
36876,8
36877,20
36880,97
36883,19
36884,5
36886,69
36887,39
36889,14
36890,23
36892,29
36893,78
36896,36
36899,60
36900,22
36902,16
36903,24
36905,30
36906,42
36908,4
36909,35
36912,104
36915,37
36916,6
36918,50
36919,40
36921,17
36922,20
36924,25
36925,78
36928,31
36931,79
36932,19
36934,21
36935,15
36937,30
36938,59
36940,8
36941,33
36944,89
36947,27
36948,10
36950,54
36951,39
36953,14
36954,21
36956,26
36957,60
36960,47
36963,71
36964,16
36966,13
36967,13
36969,35
36970,53
36972,6
36973,27
36976,101
36979,36
36980,4
36982,62
36983,60
36985,15
36986,24
36988,24
36989,73
36992,40
36995,58
36996,23
36998,25
36999,17
37001,32
37002,59
37004,5
37005,29
37008,106
37011,29
37012,7
37014,46
37015,38
37017,10
37018,19
37020,25
37021,75
37024,31
37027,73
37028,19
37030,16
37031,13
37033,36
37034,58
37036,11
37037,21
37040,105
37043,26
37044,3
37046,53
37047,39
37049,19
37050,22
37052,22
37053,69
37056,43
37059,94
37060,25
37062,27
37063,11
37065,34
37066,49
37068,8
37069,27
37072,107
37075,25
37076,4
37078,51
37079,40
37081,13
37082,17
37084,29
37085,75
37088,31
37091,72
37092,12
37094,20
37095,10
37097,41
37098,64
37100,10
37101,22
37104,94
37107,32
37108,7
37110,54
37111,37
37113,11
37114,15
37116,11
37117,77
37120,22
37123,69
37124,18
37126,22
37127,10
37129,39
37130,54
37132,7
37133,27
37136,106
37139,39
37140,7
37142,68
37143,31
37145,9
37146,25
37148,19
37149,79
37152,31
37155,93
37156,14
37158,28
37159,15
37161,43
37162,43
37164,4
37165,26
37168,97
37171,29
37172,9
37174,55
37175,37
37177,10
37178,19
37180,14
37181,73
37184,50
37187,86
37188,20
37190,17
37191,18
37193,39
37194,42
37196,5
37197,25
37200,100
37203,27
37204,1
37206,49
37207,41
37209,15
37210,13
37212,11
37213,58
37216,18
37219,90
37220,11
37222,21
37223,14
37225,43
37226,48
37228,12
37229,28
37232,77
37235,32
37236,7
37238,58
37239,40
37241,14
37242,20
37244,23
37245,62
37248,31
37251,75
37252,12
37254,17
37255,11
37257,39
37258,50
37260,1
37261,26
37264,104
37267,26
37268,9
37270,50
37271,21
37273,10
37274,18
37276,21
37277,87
37280,27
37283,66
37284,9
37286,19
37287,13
37289,48
37290,50
37292,3
37293,27
37296,106
37299,23
37300,2
37302,56
37303,44
37305,14
37306,12
37308,18
37309,75
37312,36
37315,61
37316,20
37318,21
37319,12
37321,36
37322,57
37324,7
37325,27
37328,94
37331,26
37332,6
37334,50
37335,49
37337,11
37338,24
37340,19
37341,71
37344,36
37347,79
37348,15
37350,32
37351,13
37353,38
37354,62
37356,4
37357,33
37360,100
37363,33
37364,11
37366,51
37367,36
37369,17
37370,20
37372,32
37373,78
37376,32
37379,77
37380,17
37382,20
37383,10
37385,33
37386,68
37388,6
37389,30
37392,105
37395,37
37396,5
37398,64
37399,41
37401,13
37402,20
37404,24
37405,83
37408,38
37411,66
37412,19
37414,16
37415,12
37417,43
37418,65
37420,4
37421,29
37424,98
37427,21
37428,6
37430,53
37431,38
37433,9
37434,16
37436,25
37437,77
37440,33
37443,83
37444,27
37446,23
37447,17
37449,31
37450,59
37452,3
37453,23
37456,86
37459,19
37460,10
37462,45
37463,33
37465,15
37466,18
37468,20
37469,77
37472,29
37475,89
37476,15
37478,16
37479,17
37481,36
37482,53
37484,5
37485,32
37488,105
37491,30
37492,7
37494,59
37495,36
37497,13
37498,23
37500,21
37501,82
37504,30
37507,69
37508,17
37510,21
37511,11
37513,44
37514,49
37516,4
37517,21
37520,102
37523,30
37524,5
37526,55
37527,35
37529,21
37530,17
37532,19
37533,65
37536,29
37539,69
37540,22
37542,25
37543,13
37545,45
37546,51
37548,5
37549,31
37552,95
37555,24
37556,6
37558,59
37559,36
37561,13
37562,21
37564,19
37565,69
37568,29
37571,86
37572,24
37574,19
37575,11
37577,31
37578,55
37580,9
37581,30
37584,104
37587,31
37588,6
37590,58
37591,38
37593,5
37594,21
37596,26
37597,80
37600,34
37603,64
37604,18
37606,15
37607,20
37609,31
37610,49
37612,6
37613,21
37616,87
37619,26
37620,5
37622,57
37623,36
37625,6
37626,13
37628,24
37629,78
37632,23
37635,75
37636,16
37638,17
37639,14
37641,38
37642,48
37644,6
37645,15
37648,75
37651,29
37652,6
37654,56
37655,38
37657,15
37658,31
37660,20
37661,72
37664,38
37667,68
37668,20
37670,19
37671,13
37673,42
37674,46
37676,8
37677,22
37680,83
37683,16
37684,3
37686,62
37687,36
37689,20
37690,18
37692,19
37693,84
37696,38
37699,90
37700,28
37702,28
37703,9
37705,51
37706,60
37708,8
37709,20
37712,105
37715,32
37716,6
37718,44
37719,43
37721,10
37722,24
37724,20
37725,77
37728,33
37731,81
37732,9
37734,16
37735,9
37737,26
37738,54
37740,7
37741,28
37744,96
37747,23
37748,9
37750,52
37751,37
37753,7
37754,16
37756,16
37757,63
37760,47
37763,83
37764,19
37766,17
37767,14
37769,41
37770,43
37772,2
37773,24
37776,99
37779,23
37780,7
37782,49
37783,45
37785,13
37786,14
37788,8
37789,88
37792,32
37795,62
37796,18
37798,17
37799,12
37801,34
37802,53
37804,3
37805,18
37808,99
37811,20
37812,6
37814,67
37815,35
37817,11
37818,17
37820,26
37821,81
37824,38
37827,61
37828,22
37830,28
37831,16
37833,32
37834,63
37836,5
37837,32
37840,105
37843,13
37844,5
37846,38
37847,41
37849,15
37850,13
37852,17
37853,63
37856,35
37859,70
37860,15
37862,16
37863,7
37865,38
37866,49
37868,8
37869,20
37872,85
37875,25
37876,8
37878,55
37879,44
37881,17
37882,16
37884,21
37885,63
37888,36
37891,63
37892,10
37894,14
37895,7
37897,34
37898,55
37900,3
37901,27
37904,103
37907,25
37908,3
37910,51
37911,40
37913,16
37914,17
37916,23
37917,62
37920,28
37923,64
37924,19
37926,24
37927,11
37929,40
37930,67
37932,8
37933,30
37936,95
37939,24
37940,4
37942,60
37943,43
37945,16
37946,22
37948,22
37949,70
37952,24
37955,72
37956,21
37958,16
37959,7
37961,39
37962,48
37964,4
37965,28
37968,92
37971,31
37972,5
37974,45
37975,45
37977,9
37978,18
37980,17
37981,81
37984,31
37987,58
37988,27
37990,10
37991,13
37993,40
37994,54
37996,7
37997,28
38000,96
38003,28
38004,4
38006,55
38007,34
38009,6
38010,24
38012,23
38013,75
38016,33
38019,79
38020,16
38022,24
38023,14
38025,35
38026,54
38028,5
38029,21
38032,91
38035,28
38036,5
38038,52
38039,42
38041,21
38042,16
38044,30
38045,76
38048,25
38051,71
38052,16
38054,16
38055,10
38057,29
38058,53
38060,8
38061,23
38064,88
38067,26
38068,7
38070,52
38071,30
38073,9
38074,24
38076,13
38077,76
38080,33
38083,70
38084,14
38086,31
38087,9
38089,35
38090,45
38092,8
38093,28
38096,85
38099,27
38100,4
38102,59
38103,39
38105,14
38106,14
38108,14
38109,75
38112,30
38115,76
38116,23
38118,22
38119,12
38121,36
38122,52
38124,3
38125,22
38128,92
38131,16
38132,8
38134,61
38135,38
38137,6
38138,16
38140,20
38141,68
38144,36
38147,75
38148,14
38150,25
38151,20
38153,34
38154,68
38156,3
38157,26
38160,94
38163,22
38164,7
38166,52
38167,38
38169,11
38170,11
38172,20
38173,80
38176,34
38179,76
38180,12
38182,20
38183,10
38185,38
38186,66
38188,8
38189,35
38192,97
38195,31
38196,11
38198,59
38199,48
38201,5
38202,21
38204,15
38205,72
38208,32
38211,61
38212,15
38214,21
38215,20
38217,29
38218,49
38220,5
38221,22
38224,92
38227,32
38228,5
38230,65
38231,33
38233,9
38234,14
38236,16
38237,69
38240,28
38243,82
38244,16
38246,23
38247,21
38249,26
38250,46
38252,8
38253,23
38256,87
38259,27
38260,3
38262,62
38263,33
38265,10
38266,21
38268,18
38269,59
38272,24
38275,78
38276,13
38278,13
38279,7
38281,33
38282,45
38284,6
38285,19
38288,77
38291,33
38292,4
38294,54
38295,37
38297,18
38298,12
38300,15
38301,91
38304,31
38307,62
38308,27
38310,13
38311,14
38313,33
38314,58
38316,4
38317,23
38320,100
38323,30
38324,5
38326,48
38327,32
38329,14
38330,28
38332,25
38333,85
38336,25
38339,76
38340,13
38342,13
38343,16
38345,58
38346,60
38348,12
38349,22
38352,93
38355,18
38356,5
38358,46
38359,34
38361,8
38362,14
38364,20
38365,78
38368,26
38371,85
38372,16
38374,29
38375,15
38377,42
38378,48
38380,6
38381,22
38384,88
38387,32
38388,5
38390,63
38391,30
38393,11
38394,17
38396,15
38397,86
38400,29
38403,87
38404,19
38406,21
38407,11
38409,30
38410,49
38412,4
38413,24
38416,80
38419,25
38420,6
38422,62
38423,44
38425,13
38426,20
38428,17
38429,86
38432,26
38435,68
38436,16
38438,14
38439,12
38441,38
38442,67
38444,12
38445,28
38448,84
38451,24
38452,6
38454,58
38455,39
38457,17
38458,11
38460,15
38461,68
38464,18
38467,69
38468,22
38470,17
38471,14
38473,33
38474,61
38476,6
38477,21
38480,93
38483,27
38484,11
38486,60
38487,37
38489,14
38490,14
38492,29
38493,70
38496,20
38499,80
38500,19
38502,22
38503,13
38505,31
38506,54
38508,12
38509,36
38512,89
38515,26
38516,8
38518,52
38519,34
38521,9
38522,10
38524,18
38525,71
38528,30
38531,64
38532,22
38534,11
38535,9
38537,45
38538,51
38540,4
38541,26
38544,107
38547,21
38548,4
38550,43
38551,35
38553,11
38554,23
38556,20
38557,80
38560,38
38563,79
38564,19
38566,19
38567,19
38569,29
38570,59
38572,3
38573,17
38576,103
38579,28
38580,3
38582,47
38583,30
38585,8
38586,25
38588,19
38589,64
38592,37
38595,70
38596,19
38598,20
38599,16
38601,39
38602,48
38604,10
38605,25
38608,84
38611,19
38612,5
38614,54
38615,33
38617,10
38618,22
38620,21
38621,82
38624,24
38627,74
38628,24
38630,23
38631,11
38633,38
38634,58
38636,8
38637,17
38640,99
38643,24
38644,6
38646,59
38647,43
38649,15
38650,20
38652,14
38653,83
38656,34
38659,96
38660,25
38662,27
38663,11
38665,37
38666,57
38668,7
38669,23
38672,105
38675,29
38676,4
38678,51
38679,40
38681,9
38682,19
38684,20
38685,69
38688,27
38691,77
38692,21
38694,18
38695,15
38697,34
38698,68
38700,5
38701,25
38704,96
38707,17
38708,7
38710,60
38711,28
38713,15
38714,29
38716,12
38717,85
38720,30
38723,87
38724,15
38726,18
38727,24
38729,40
38730,58
38732,9
38733,28
38736,94
38739,23
38740,4
38742,73
38743,38
38745,15
38746,17
38748,12
38749,79
38752,39
38755,79
38756,15
38758,20
38759,15
38761,49
38762,54
38764,5
38765,34
38768,100
38771,23
38772,7
38774,66
38775,35
38777,10
38778,23
38780,15
38781,66
38784,23
38787,69
38788,22
38790,26
38791,18
38793,31
38794,57
38796,12
38797,26
38800,100
38803,25
38804,7
38806,64
38807,40
38809,14
38810,17
38812,27
38813,79
38816,26
38819,84
38820,18
38822,20
38823,12
38825,35
38826,63
38828,6
38829,26
38832,95
38835,31
38836,1
38838,50
38839,36
38841,16
38842,18
38844,18
38845,67
38848,31
38851,65
38852,20
38854,15
38855,17
38857,34
38858,65
38860,3
38861,20
38864,99
38867,22
38868,15
38870,47
38871,39
38873,16
38874,16
38876,15
38877,71
38880,30
38883,71
38884,24
38886,19
38887,12
38889,35
38890,65
38892,4
38893,24
38896,90
38899,20
38900,2
38902,49
38903,39
38905,14
38906,21
38908,18
38909,85
38912,40
38915,74
38916,23
38918,18
38919,7
38921,37
38922,55
38924,9
38925,23
38928,82
38931,25
38932,3
38934,51
38935,43
38937,12
38938,14
38940,20
38941,71
38944,41
38947,69
38948,19
38950,18
38951,11
38953,32
38954,51
38956,6
38957,24
38960,99
38963,27
38964,7
38966,45
38967,39
38969,19
38970,24
38972,16
38973,74
38976,34
38979,75
38980,19
38982,22
38983,13
38985,44
38986,53
38988,5
38989,27
38992,88
38995,22
38996,9
38998,62
38999,46
39001,9
39002,6
39004,17
39005,89
39008,43
39011,88
39012,15
39014,10
39015,11
39017,44
39018,61
39020,10
39021,31
39024,84
39027,27
39028,11
39030,60
39031,35
39033,14
39034,14
39036,17
39037,75
39040,34
39043,78
39044,17
39046,16
39047,16
39049,46
39050,62
39052,7
39053,22
39056,101
39059,31
39060,6
39062,73
39063,36
39065,16
39066,20
39068,15
39069,68
39072,43
39075,74
39076,19
39078,29
39079,9
39081,29
39082,56
39084,6
39085,19
39088,116
39091,28
39092,9
39094,52
39095,44
39097,13
39098,23
39100,14
39101,89
39104,37
39107,73
39108,15
39110,16
39111,16
39113,42
39114,50
39116,3
39117,21
39120,92
39123,27
39124,4
39126,59
39127,37
39129,8
39130,19
39132,15
39133,71
39136,37
39139,79
39140,26
39142,20
39143,5
39145,43
39146,57
39148,5
39149,29
39152,92
39155,35
39156,10
39158,54
39159,39
39161,12
39162,24
39164,25
39165,81
39168,36
39171,84
39172,15
39174,21
39175,11
39177,34
39178,61
39180,7
39181,27
39184,90
39187,21
39188,9
39190,71
39191,32
39193,15
39194,23
39196,24
39197,78
39200,34
39203,74
39204,16
39206,19
39207,15
39209,38
39210,51
39212,8
39213,31
39216,100
39219,25
39220,7
39222,60
39223,48
39225,22
39226,26
39228,12
39229,74
39232,22
39235,71
39236,18
39238,23
39239,10
39241,40
39242,50
39244,5
39245,26
39248,84
39251,24
39252,7
39254,45
39255,41
39257,8
39258,22
39260,14
39261,82
39264,39
39267,80
39268,15
39270,14
39271,22
39273,33
39274,56
39276,5
39277,28
39280,93
39283,23
39284,8
39286,49
39287,40
39289,8
39290,20
39292,19
39293,79
39296,21
39299,69
39300,21
39302,23
39303,16
39305,45
39306,55
39308,4
39309,21
39312,105
39315,33
39316,10
39318,44
39319,34
39321,14
39322,24
39324,20
39325,67
39328,34
39331,82
39332,19
39334,14
39335,9
39337,47
39338,53
39340,5
39341,30
39344,89
39347,20
39348,5
39350,49
39351,32
39353,13
39354,24
39356,20
39357,63
39360,26
39363,68
39364,13
39366,17
39367,6
39369,48
39370,57
39372,5
39373,31
39376,84
39379,32
39380,8
39382,66
39383,41
39385,10
39386,17
39388,21
39389,70
39392,39
39395,79
39396,14
39398,25
39399,9
39401,36
39402,61
39404,3
39405,31
39408,87
39411,26
39412,3
39414,59
39415,35
39417,13
39418,18
39420,6
39421,59
39424,24
39427,74
39428,21
39430,17
39431,12
39433,45
39434,62
39436,8
39437,30
39440,96
39443,26
39444,3
39446,64
39447,27
39449,6
39450,24
39452,17
39453,75
39456,36
39459,78
39460,10
39462,27
39463,17
39465,41
39466,49
39468,10
39469,20
39472,87
39475,19
39476,9
39478,56
39479,38
39481,16
39482,14
39484,21
39485,60
39488,30
39491,74
39492,25
39494,13
39495,11
39497,39
39498,48
39500,6
39501,27
39504,88
39507,19
39508,7
39510,42
39511,32
39513,14
39514,26
39516,18
39517,76
39520,37
39523,81
39524,19
39526,18
39527,12
39529,24
39530,57
39532,3
39533,18
39536,97
39539,21
39540,4
39542,51
39543,30
39545,10
39546,20
39548,17
39549,66
39552,28
39555,75
39556,15
39558,20
39559,15
39561,32
39562,51
39564,6
39565,22
39568,75
39571,25
39572,7
39574,42
39575,32
39577,14
39578,15
39580,21
39581,67
39584,31
39587,74
39588,18
39590,14
39591,15
39593,33
39594,45
39596,7
39597,25
39600,110
39603,25
39604,6
39606,61
39607,42
39609,15
39610,16
39612,12
39613,67
39616,30
39619,64
39620,18
39622,20
39623,23
39625,26
39626,39
39628,5
39629,17
39632,89
39635,17
39636,8
39638,47
39639,30
39641,7
39642,19
39644,14
39645,49
39648,36
39651,69
39652,20
39654,14
39655,14
39657,29
39658,51
39660,6
39661,15
39664,85
39667,25
39668,7
39670,55
39671,34
39673,15
39674,19
39676,10
39677,64
39680,25
39683,71
39684,21
39686,15
39687,14
39689,32
39690,45
39692,6
39693,27
39696,79
39699,24
39700,5
39702,34
39703,30
39705,13
39706,22
39708,21
39709,74
39712,14
39715,66
39716,14
39718,23
39719,13
39721,32
39722,54
39724,6
39725,14
39728,85
39731,19
39732,2
39734,51
39735,25
39737,11
39738,17
39740,13
39741,65
39744,23
39747,61
39748,14
39750,11
39751,16
39753,28
39754,53
39756,10
39757,28
39760,83
39763,20
39764,1
39766,47
39767,36
39769,11
39770,13
39772,14
39773,47
39776,21
39779,71
39780,19
39782,19
39783,11
39785,29
39786,48
39788,1
39789,23
39792,69
39795,17
39796,6
39798,46
39799,35
39801,12
39802,20
39804,8
39805,65
39808,33
39811,58
39812,19
39814,16
39815,12
39817,25
39818,45
39820,5
39821,20
39824,85
39827,24
39828,7
39830,34
39831,26
39833,7
39834,26
39836,16
39837,77
39840,27
39843,62
39844,12
39846,19
39847,10
39849,27
39850,48
39852,5
39853,22
39856,70
39859,23
39860,4
39862,50
39863,27
39865,7
39866,17
39868,10
39869,58
39872,23
39875,67
39876,20
39878,11
39879,13
39881,33
39882,47
39884,7
39885,18
39888,73
39891,22
39892,3
39894,41
39895,27
39897,14
39898,12
39900,12
39901,70
39904,30
39907,45
39908,16
39910,10
39911,11
39913,29
39914,45
39916,6
39917,22
39920,85
39923,14
39924,6
39926,38
39927,25
39929,9
39930,18
39932,16
39933,74
39936,23
39939,56
39940,15
39942,23
39943,11
39945,26
39946,37
39948,8
39949,19
39952,67
39955,19
39956,1
39958,37
39959,25
39961,8
39962,21
39964,16
39965,53
39968,27
39971,57
39972,17
39974,20
39975,6
39977,38
39978,49
39980,5
39981,15
39984,62
39987,18
39988,4
39990,45
39991,27
39993,11
39994,18
39996,17
39997,51
40000,26
40003,57
40004,13
40006,22
40007,12
40009,32
40010,37
40012,5
40013,20
40016,67
40019,18
40020,5
40022,46
40023,22
40025,9
40026,9
40028,15
40029,71
40032,27
40035,60
40036,14
40038,14
40039,12
40041,32
40042,43
40044,5
40045,22
40048,80
40051,14
40052,5
40054,40
40055,24
40057,9
40058,15
40060,16
40061,69
40064,24
40067,57
40068,11
40070,19
40071,5
40073,26
40074,36
40076,6
40077,14
40080,83
40083,20
40084,5
40086,46
40087,23
40089,12
40090,11
40092,11
40093,46
40096,25
40099,54
40100,12
40102,14
40103,5
40105,20
40106,37
40108,6
40109,23
40112,68
40115,16
40116,5
40118,35
40119,25
40121,12
40122,13
40124,12
40125,54
40128,27
40131,45
40132,9
40134,19
40135,14
40137,23
40138,47
40140,5
40141,33
40144,63
40147,18
40148,5
40150,38
40151,37
40153,10
40154,16
40156,13
40157,57
40160,24
40163,42
40164,12
40166,16
40167,6
40169,23
40170,40
40172,7
40173,22
40176,74
40179,23
40180,4
40182,45
40183,34
40185,6
40186,18
40188,14
40189,52
40192,20
40195,75
40196,13
40198,13
40199,7
40201,28
40202,43
40204,2
40205,23
40208,61
40211,17
40212,3
40214,43
40215,27
40217,19
40218,11
40220,11
40221,53
40224,28
40227,44
40228,16
40230,16
40231,10
40233,29
40234,43
40236,3
40237,19
40240,60
40243,15
40244,4
40246,43
40247,34
40249,8
40250,15
40252,20
40253,48
40256,24
40259,58
40260,10
40262,15
40263,12
40265,32
40266,42
40268,8
40269,13
40272,68
40275,17
40276,6
40278,33
40279,25
40281,11
40282,10
40284,10
40285,46
40288,16
40291,51
40292,12
40294,17
40295,8
40297,33
40298,51
40300,6
40301,17
40304,63
40307,14
40308,6
40310,30
40311,24
40313,7
40314,9
40316,22
40317,47
40320,21
40323,55
40324,19
40326,20
40327,6
40329,23
40330,38
40332,4
40333,16
40336,81
40339,16
40340,3
40342,46
40343,28
40345,9
40346,17
40348,12
40349,38
40352,20
40355,35
40356,11
40358,13
40359,12
40361,26
40362,35
40364,1
40365,16
40368,57
40371,14
40372,4
40374,45
40375,24
40377,8
40378,8
40380,16
40381,49
40384,19
40387,57
40388,8
40390,11
40391,8
40393,23
40394,36
40396,4
40397,14
40400,54
40403,16
40404,7
40406,47
40407,31
40409,6
40410,9
40412,9
40413,43
40416,23
40419,54
40420,11
40422,11
40423,8
40425,21
40426,41
40428,5
40429,15
40432,54
40435,20
40436,6
40438,37
40439,37
40441,3
40442,9
40444,13
40445,53
40448,21
40451,51
40452,12
40454,8
40455,7
40457,29
40458,42
40460,5
40461,9
40464,65
40467,20
40468,8
40470,41
40471,25
40473,11
40474,7
40476,7
40477,42
40480,25
40483,50
40484,14
40486,16
40487,3
40489,22
40490,32
40492,3
40493,16
40496,53
40499,18
40500,4
40502,30
40503,24
40505,5
40506,10
40508,10
40509,49
40512,29
40515,44
40516,11
40518,12
40519,6
40521,32
40522,39
40524,3
40525,18
40528,51
40531,15
40532,3
40534,27
40535,21
40537,10
40538,16
40540,14
40541,57
40544,11
40547,47
40548,13
40550,11
40551,5
40553,15
40554,33
40556,9
40557,10
40560,49
40563,9
40564,2
40566,26
40567,17
40569,7
40570,7
40572,9
40573,44
40576,18
40579,44
40580,13
40582,10
40583,6
40585,22
40586,34
40588,5
40589,15
40592,54
40595,17
40596,3
40598,32
40599,21
40601,6
40602,7
40604,10
40605,43
40608,20
40611,31
40612,10
40614,10
40615,12
40617,21
40618,35
40620,1
40621,11
40624,52
40627,10
40628,2
40630,40
40631,17
40633,5
40634,6
40636,11
40637,37
40640,23
40643,42
40644,11
40646,9
40647,4
40649,23
40650,40
40652,3
40653,20
40656,56
40659,15
40660,1
40662,38
40663,28
40665,10
40666,10
40668,12
40669,33
40672,14
40675,32
40676,9
40678,11
40679,10
40681,25
40682,30
40684,7
40685,11
40688,48
40691,14
40692,3
40694,35
40695,30
40697,12
40698,13
40700,12
40701,55
40704,14
40707,38
40708,13
40710,16
40711,9
40713,23
40714,30
40716,5
40717,17
40720,41
40723,11
40724,3
40726,42
40727,22
40729,6
40730,14
40732,10
40733,34
40736,24
40739,34
40740,6
40742,12
40743,6
40745,16
40746,25
40748,3
40749,12
40752,44
40755,14
40756,1
40758,24
40759,16
40761,9
40762,7
40764,7
40765,37
40768,19
40771,36
40772,9
40774,5
40775,9
40777,19
40778,24
40780,4
40781,12
40784,43
40787,15
40788,3
40790,27
40791,22
40793,10
40794,12
40796,9
40797,34
40800,11
40803,32
40804,8
40806,15
40807,5
40809,22
40810,24
40812,2
40813,15
40816,64
40819,10
40820,3
40822,29
40823,17
40825,5
40826,10
40828,12
40829,28
40832,19
40835,36
40836,7
40838,12
40839,6
40841,18
40842,29
40844,2
40845,11
40848,42
40851,12
40852,2
40854,41
40855,23
40857,4
40858,14
40860,3
40861,42
40864,18
40867,29
40868,8
40870,12
40871,5
40873,25
40874,26
40876,3
40877,18
40880,39
40883,12
40884,5
40886,40
40887,20
40889,9
40890,8
40892,12
40893,43
40896,15
40899,39
40900,6
40902,5
40903,13
40905,19
40906,27
40908,1
40909,13
40912,50
40915,10
40916,4
40918,26
40919,16
40921,8
40922,12
40924,7
40925,35
40928,15
40931,34
40932,6
40934,10
40935,7
40937,17
40938,21
40940,4
40941,8
40944,40
40947,6
40948,2
40950,36
40951,17
40953,9
40954,13
40956,9
40957,43
40960,20
40963,36
40964,11
40966,12
40967,7
40969,23
40970,26
40972,2
40973,12
40976,51
40979,11
40980,1
40982,32
40983,16
40985,8
40986,15
40988,12
40989,33
40992,21
40995,44
40996,7
40998,10
40999,4
41001,14
41002,25
41004,3
41005,14
41008,34
41011,11
41012,2
41014,34
41015,17
41017,4
41018,10
41020,12
41021,35
41024,14
41027,39
41028,7
41030,11
41031,5
41033,18
41034,22
41036,5
41037,12
41040,60
41043,11
41044,2
41046,20
41047,27
41049,6
41050,6
41052,6
41053,27
41056,18
41059,37
41060,7
41062,13
41063,9
41065,15
41066,27
41068,6
41069,17
41072,40
41075,13
41076,3
41078,29
41079,12
41081,6
41082,6
41084,8
41085,19
41088,7
41091,27
41092,10
41094,11
41095,6
41097,19
41098,22
41100,1
41101,11
41104,35
41107,7
41108,5
41110,19
41111,15
41113,5
41114,8
41116,10
41117,33
41120,15
41123,42
41124,2
41126,7
41127,6
41129,14
41130,30
41132,1
41133,11
41136,27
41139,16
41140,1
41142,23
41143,20
41145,3
41146,7
41148,4
41149,27
41152,17
41155,37
41156,8
41158,5
41159,3
41161,13
41162,20
41164,2
41165,10
41168,33
41171,17
41172,1
41174,13
41175,16
41177,10
41178,9
41180,11
41181,30
41184,11
41187,41
41188,6
41190,7
41191,5
41193,13
41194,23
41196,3
41197,9
41200,49
41203,12
41204,2
41206,22
41207,13
41209,5
41210,6
41212,6
41213,31
41216,9
41219,30
41220,4
41222,10
41223,10
41225,23
41226,20
41228,5
41229,12
41232,38
41235,10
41236,4
41238,18
41239,15
41241,4
41242,3
41244,9
41245,37
41248,16
41251,33
41252,8
41254,5
41255,3
41257,19
41258,18
41260,3
41261,12
41264,39
41267,7
41268,3
41270,14
41271,13
41273,3
41274,11
41276,5
41277,30
41280,13
41283,24
41284,11
41286,8
41287,1
41289,17
41290,28
41292,3
41293,11
41296,33
41299,12
41300,1
41302,16
41303,8
41305,12
41306,7
41308,6
41309,13
41312,19
41315,36
41316,9
41318,12
41319,7
41321,14
41322,17
41324,2
41325,8
41328,38
41331,8
41332,2
41334,22
41335,14
41337,7
41338,9
41340,10
41341,31
41344,9
41347,20
41348,9
41350,5
41351,4
41353,15
41354,20
41356,2
41357,11
41360,36
41363,13
41364,1
41366,17
41367,11
41369,9
41370,9
41372,9
41373,22
41376,9
41379,21
41380,5
41382,5
41383,3
41385,17
41386,14
41388,1
41389,12
41392,38
41395,8
41396,3
41398,23
41399,10
41401,2
41402,7
41404,9
41405,20
41408,9
41411,26
41412,3
41414,10
41415,4
41417,11
41418,21
41420,2
41421,10
41424,33
41427,8
41428,5
41430,23
41431,13
41433,8
41434,10
41436,3
41437,28
41440,5
41443,17
41444,6
41446,7
41447,6
41449,21
41450,30
41452,3
41453,9
41456,31
41459,9
41460,2
41462,20
41463,13
41465,1
41468,4
41469,20
41472,5
41475,34
41476,6
41478,5
41479,9
41481,13
41482,19
41484,2
41485,6
41488,35
41491,4
41492,1
41494,10
41495,14
41497,6
41498,11
41500,4
41501,29
41504,9
41507,22
41508,5
41510,8
41511,3
41513,15
41514,27
41516,2
41517,9
41520,20
41523,8
41524,3
41526,11
41527,14
41529,5
41530,8
41532,6
41533,26
41536,8
41539,23
41540,4
41542,9
41543,4
41545,14
41546,24
41548,4
41549,7
41552,42
41555,10
41556,1
41558,12
41559,4
41561,4
41562,12
41564,4
41565,12
41568,9
41571,22
41572,4
41574,5
41575,1
41577,16
41578,15
41580,5
41581,5
41584,22
41587,8
41588,2
41590,19
41591,10
41593,3
41594,7
41596,7
41597,19
41600,10
41603,17
41604,2
41606,4
41607,7
41609,9
41610,14
41612,2
41613,5
41616,24
41619,5
41622,14
41623,7
41625,3
41626,5
41628,3
41629,21
41632,10
41635,17
41636,7
41638,2
41639,1
41641,3
41642,12
41644,3
41645,6
41648,26
41651,12
41654,15
41655,6
41657,5
41658,5
41660,5
41661,15
41664,10
41667,18
41668,3
41670,7
41673,8
41674,17
41677,10
41680,18
41683,5
41684,1
41686,16
41687,11
41689,5
41690,9
41692,1
41693,24
41696,5
41699,21
41700,4
41702,7
41703,2
41705,11
41706,15
41708,2
41709,6
41712,21
41715,9
41718,12
41719,7
41721,1
41722,2
41724,5
41725,22
41728,7
41731,17
41732,7
41734,7
41735,1
41737,4
41738,13
41740,2
41741,6
41744,21
41747,5
41748,2
41750,13
41751,3
41753,3
41754,5
41756,4
41757,17
41760,3
41763,10
41764,2
41766,3
41767,2
41769,5
41770,10
41772,1
41773,7
41776,26
41779,6
41780,2
41782,13
41783,7
41785,5
41786,4
41788,2
41789,15
41792,8
41795,16
41796,5
41798,3
41801,7
41802,13
41804,1
41805,3
41808,16
41811,7
41812,2
41814,9
41815,7
41817,4
41818,3
41820,1
41821,11
41824,2
41827,20
41828,2
41830,3
41831,5
41833,7
41834,12
41836,3
41837,4
41840,18
41843,1
41844,1
41846,7
41847,8
41849,6
41850,5
41852,1
41853,12
41856,6
41859,11
41860,6
41862,5
41863,1
41865,4
41866,9
41868,1
41869,1
41872,18
41875,2
41878,6
41879,5
41882,4
41884,3
41885,19
41888,6
41891,8
41892,5
41894,5
41895,1
41897,4
41898,6
41901,5
41904,20
41907,9
41908,4
41910,11
41911,7
41913,2
41914,6
41916,4
41917,16
41920,2
41923,10
41924,4
41926,8
41927,5
41929,6
41930,9
41932,1
41933,5
41936,18
41939,7
41940,2
41942,16
41943,6
41945,3
41946,2
41948,4
41949,13
41952,6
41955,9
41956,2
41958,2
41959,6
41961,6
41962,8
41964,2
41965,3
41968,20
41971,3
41974,5
41975,8
41977,1
41978,2
41980,1
41981,12
41984,5
41987,10
41988,4
41990,5
41991,1
41993,6
41994,8
41997,3
42000,16
42003,4
42004,1
42006,8
42007,3
42009,3
42010,1
42012,5
42013,10
42016,4
42019,12
42020,1
42022,6
42023,3
42025,5
42026,12
42029,5
42032,16
42035,9
42038,5
42039,4
42041,3
42042,1
42044,2
42045,12
42048,8
42051,8
42052,1
42054,5
42055,2
42057,8
42058,9
42060,1
42061,5
42064,6
42067,7
42070,9
42071,4
42073,1
42074,2
42076,3
42077,6
42080,4
42083,12
42084,5
42086,3
42089,6
42090,10
42092,1
42093,3
42096,8
42099,3
42102,13
42103,5
42105,3
42106,4
42108,1
42109,6
42112,5
42115,10
42116,3
42119,1
42121,8
42122,5
42124,2
42125,5
42128,11
42131,3
42132,1
42134,13
42135,3
42137,1
42138,2
42140,1
42141,10
42144,4
42147,8
42148,2
42150,2
42153,3
42154,7
42157,3
42160,8
42163,5
42166,8
42167,3
42170,2
42172,5
42173,8
42176,8
42179,8
42180,3
42182,2
42183,2
42185,3
42186,10
42189,3
42192,18
42195,4
42196,1
42198,9
42199,3
42201,3
42202,2
42204,1
42205,8
42208,4
42211,17
42212,2
42214,2
42215,4
42217,1
42218,11
42221,1
42224,8
42227,4
42230,6
42231,4
42233,1
42234,5
42236,3
42237,8
42240,5
42243,5
42244,1
42246,1
42247,1
42249,3
42250,8
42252,1
42253,2
42256,3
42260,1
42262,6
42263,2
42265,3
42266,1
42268,3
42269,3
42272,6
42275,6
42276,3
42278,3
42279,2
42281,4
42282,10
42288,13
42291,2
42292,1
42294,7
42295,1
42297,4
42298,4
42300,1
42301,14
42304,3
42307,10
42308,2
42310,3
42313,3
42314,9
42316,1
42317,2
42320,8
42323,2
42326,9
42327,4
42329,1
42330,1
42332,3
42333,12
42336,2
42339,4
42340,1
42345,7
42346,7
42349,2
42352,15
42355,5
42358,2
42359,4
42361,1
42362,1
42364,1
42365,8
42368,4
42371,8
42372,1
42374,5
42378,8
42381,2
42384,8
42387,7
42390,7
42391,3
42393,3
42396,1
42397,7
42400,4
42403,8
42404,1
42406,1
42409,5
42410,5
42412,3
42413,2
42416,6
42419,2
42422,11
42425,1
42426,1
42428,1
42429,2
42432,2
42435,6
42436,1
42439,1
42441,3
42442,3
42444,1
42445,2
42448,5
42451,1
42454,5
42455,2
42457,2
42458,1
42460,1
42461,7
42464,3
42467,11
42468,2
42470,1
42471,1
42473,3
42474,6
42476,1
42477,1
42480,9
42483,1
42484,3
42486,8
42487,1
42492,2
42493,9
42496,2
42499,5
42500,2
42502,2
42505,3
42506,3
42509,3
42512,9
42515,1
42518,4
42519,5
42521,2
42522,1
42524,1
42525,7
42528,2
42531,4
42532,1
42534,4
42537,3
42538,10
42541,1
42544,7
42547,5
42550,7
42551,1
42556,1
42557,6
42560,2
42563,3
42564,2
42569,2
42570,4
42573,2
42576,2
42579,3
42580,2
42582,9
42583,6
42585,3
42586,1
42589,3
42592,7
42595,2
42596,1
42601,6
42602,1
42604,1
42605,2
42608,2
42611,2
42612,1
42614,3
42615,5
42618,3
42620,1
42621,8
42624,2
42627,6
42628,1
42631,2
42633,3
42634,4
42637,1
42640,5
42643,2
42646,3
42647,6
42649,1
42650,1
42653,3
42656,3
42659,7
42660,1
42662,1
42665,3
42666,5
42669,2
42672,3
42675,2
42678,7
42679,3
42682,5
42684,1
42685,9
42688,2
42691,5
42692,1
42697,4
42698,8
42700,1
42701,1
42704,5
42707,2
42710,4
42711,3
42713,2
42716,3
42717,5
42720,3
42723,9
42724,3
42726,1
42727,2
42729,4
42730,3
42732,2
42736,12
42739,1
42740,1
42742,3
42743,4
42745,1
42746,2
42748,3
42749,10
42752,1
42755,5
42756,1
42758,2
42759,2
42761,2
42762,3
42765,1
42768,6
42771,2
42774,7
42775,2
42777,1
42781,7
42784,4
42787,6
42790,2
42793,2
42794,3
42796,1
42800,9
42803,1
42806,4
42807,5
42809,1
42810,6
42813,8
42816,2
42819,3
42820,2
42822,1
42823,1
42825,2
42826,8
42828,1
42832,8
42836,1
42838,4
42839,3
42841,1
42844,2
42845,3
42848,2
42851,2
42852,2
42854,2
42855,1
42857,4
42858,4
42861,2
42864,4
42867,1
42868,1
42870,2
42871,1
42874,1
42876,2
42877,4
42880,3
42883,4
42886,2
42887,1
42889,2
42890,8
42892,1
42893,3
42896,8
42899,5
42900,1
42902,4
42903,2
42905,1
42908,1
42909,13
42912,2
42915,3
42916,2
42918,4
42919,2
42922,2
42924,1
42925,1
42928,8
42931,2
42934,3
42935,2
42938,2
42940,1
42941,6
42944,1
42947,6
42948,1
42950,3
42953,2
42954,5
42960,7
42963,2
42966,5
42967,2
42970,1
42972,1
42973,3
42976,2
42979,3
42980,3
42985,1
42986,1
42989,1
42992,11
42995,2
42996,1
42998,4
43001,1
43002,1
43005,5
43008,1
43011,7
43012,1
43017,1
43018,4
43020,1
43021,5
43024,6
43027,4
43028,1
43030,1
43031,2
43033,3
43034,6
43036,1
43037,6
43040,4
43043,2
43044,1
43046,1
43049,1
43050,2
43052,2
43053,1
43056,5
43059,1
43062,6
43063,5
43066,1
43068,3
43069,2
43072,1
43075,8
43076,3
43081,2
43082,3
43085,2
43088,5
43091,1
43092,1
43094,4
43095,1
43098,2
43100,4
43101,4
43107,5
43108,2
43111,1
43113,2
43114,6
43117,1
43120,5
43123,2
43126,3
43127,3
43130,1
43132,1
43133,7
43136,3
43139,8
43142,1
43145,1
43146,1
43149,1
43152,4
43155,1
43158,1
43159,1
43162,1
43164,1
43165,4
43168,3
43171,2
43172,1
43177,1
43178,3
43184,4
43187,4
43188,1
43190,2
43191,3
43193,1
43194,2
43196,1
43197,5
43200,2
43203,6
43206,3
43209,1
43210,4
43213,2
43216,7
43219,1
43222,1
43223,2
43225,1
43229,3
43232,3
43235,2
43236,1
43238,2
43239,1
43241,1
43242,5
43244,1
43245,2
43248,2
43254,2
43255,5
43257,1
43258,2
43260,3
43261,5
43264,1
43267,6
43270,4
43271,1
43273,1
43274,2
43277,2
43280,7
43286,4
43287,5
43290,1
43292,1
43293,1
43296,1
43299,5
43300,2
43306,2
43308,1
43309,1
43312,6
43315,1
43316,1
43318,2
43322,3
43324,2
43325,4
43328,1
43331,2
43332,1
43334,1
43335,2
43337,1
43338,4
43340,1
43344,2
43347,2
43348,2
43350,3
43351,4
43353,1
43356,1
43357,3
43360,4
43363,5
43364,1
43369,7
43370,4
43373,3
43376,4
43379,3
43382,6
43383,1
43388,1
43389,6
43392,2
43395,8
43396,1
43398,2
43399,1
43401,4
43402,5
43405,1
43408,5
43411,2
43412,1
43414,4
43415,3
43420,2
43421,8
43424,2
43427,5
43428,1
43430,2
43433,2
43434,3
43437,3
43440,3
43443,1
43446,1
43447,2
43449,1
43450,1
43452,1
43453,3
43456,2
43459,4
43460,3
43462,1
43463,1
43465,2
43466,6
43472,6
43475,4
43476,1
43478,3
43479,2
43482,1
43485,2
43491,5
43492,1
43494,1
43495,1
43498,5
43501,2
43504,2
43507,1
43510,5
43511,3
43513,2
43514,1
43516,2
43517,3
43520,2
43523,3
43524,1
43526,3
43527,1
43529,2
43530,6
43532,1
43533,2
43536,3
43539,1
43542,3
43543,2
43548,2
43549,5
43552,2
43555,3
43562,4
43564,1
43565,3
43568,3
43574,2
43575,1
43581,8
43584,1
43587,5
43588,1
43590,4
43591,1
43593,3
43594,4
43597,1
43600,4
43603,2
43604,1
43606,5
43607,2
43609,1
43613,4
43619,5
43620,2
43622,1
43623,1
43625,5
43626,4
43628,1
43629,2
43632,3
43635,2
43638,3
43639,1
43641,2
43642,3
43645,6
43648,1
43651,4
43652,1
43654,2
43655,1
43657,2
43658,2
43660,1
43664,5
43667,3
43670,5
43671,1
43673,1
43674,2
43677,7
43680,4
43683,5
43686,2
43687,1
43689,2
43690,2
43692,1
43693,1
43696,5
43699,3
43700,1
43702,6
43703,1
43708,1
43709,3
43715,3
43716,1
43718,3
43719,1
43721,1
43722,1
43725,4
43728,8
43731,4
43732,1
43734,3
43735,3
43737,2
43738,3
43740,1
43741,3
43744,4
43747,3
43748,1
43750,1
43753,2
43754,3
43757,2
43760,2
43763,4
43764,1
43766,2
43769,1
43772,2
43773,5
43776,2
43779,5
43780,1
43782,2
43783,1
43786,3
43792,4
43795,1
43798,1
43802,1
43805,2
43808,1
43811,2
43812,2
43814,3
43815,1
43817,1
43821,3
43824,2
43827,2
43830,5
43831,3
43834,1
43836,1
43837,1
43840,2
43843,4
43844,4
43850,4
43853,1
43856,4
43860,2
43862,2
43863,4
43865,1
43866,3
43869,5
43872,2
43875,8
43876,1
43878,1
43879,4
43881,2
43882,2
43885,2
43888,5
43891,1
43894,4
43895,1
43897,1
43900,2
43901,5
43904,2
43907,4
43908,1
43913,1
43914,2
43920,5
43923,2
43926,1
43927,4
43929,1
43933,1
43939,3
43940,1
43942,1
43943,1
43945,3
43946,1
43949,2
43952,2
43955,2
43958,3
43959,2
43961,1
43962,1
43964,3
43965,7
43968,2
43971,2
43972,2
43975,2
43977,4
43978,5
43980,2
43984,4
43987,2
43990,2
43991,1
43994,1
43996,2
43997,5
44003,2
44004,1
44006,1
44007,2
44009,3
44010,5
44016,3
44019,1
44022,2
44023,1
44025,2
44028,1
44029,7
44032,1
44035,6
44036,1
44038,2
44039,1
44041,5
44042,2
44048,2
44054,2
44055,3
44058,3
44060,3
44061,3
44064,2
44067,6
44070,1
44071,1
44074,2
44077,5
44080,3
44083,2
44086,3
44087,1
44090,1
44093,2
44096,1
44099,2
44100,1
44102,2
44105,1
44106,1
44108,1
44109,2
44112,3
44115,1
44118,4
44119,3
44121,1
44124,1
44125,4
44131,5
44134,1
44138,3
44140,2
44141,3
44144,5
44147,2
44150,2
44151,1
44153,1
44154,2
44156,2
44160,1
44164,3
44166,1
44169,2
44170,3
44173,2
44176,6
44179,1
44182,4
44189,3
44195,5
44196,1
44198,1
44199,1
44201,2
44202,4
44205,1
44208,7
44214,8
44218,2
44220,1
44221,2
44227,4
44228,1
44231,1
44233,3
44234,4
44237,2
44240,4
44246,2
44252,1
44253,3
44256,3
44259,1
44260,1
44262,4
44263,1
44265,1
44266,4
44269,3
44272,4
44278,2
44279,1
44281,1
44282,1
44284,1
44285,4
44288,1
44291,4
44294,1
44297,1
44298,2
44301,3
44304,3
44310,4
44311,5
44313,2
44314,2
44317,3
44323,4
44324,1
44326,1
44329,2
44330,5
44332,1
44333,1
44336,3
44339,1
44340,1
44342,2
44343,2
44345,1
44346,1
44348,2
44349,2
44352,1
44355,1
44358,1
44362,4
44368,2
44371,1
44374,2
44375,1
44377,1
44380,1
44381,5
44384,1
44387,5
44390,1
44393,1
44394,6
44397,3
44400,6
44406,2
44407,2
44409,1
44410,1
44413,6
44416,2
44419,4
44420,2
44422,3
44425,3
44426,2
44429,2
44432,3
44435,1
44436,1
44438,2
44439,1
44441,1
44444,2
44445,2
44448,1
44451,8
44452,1
44455,1
44461,3
44464,7
44467,1
44468,1
44471,2
44473,2
44477,3
44480,1
44483,5
44487,1
44490,1
44493,2
44496,3
44499,1
44500,1
44502,2
44503,1
44508,2
44509,5
44512,1
44515,3
44516,2
44519,1
44521,2
44522,2
44525,1
44528,5
44531,2
44534,1
44537,2
44538,1
44540,1
44541,6
44544,2
44547,4
44548,2
44550,2
44553,2
44554,3
44556,1
44560,6
44563,1
44564,1
44566,2
44567,3
44569,1
44572,2
44573,11
44579,2
44580,1
44583,1
44585,2
44586,1
44588,1
44589,2
44592,4
44595,2
44596,1
44598,5
44599,2
44602,1
44605,2
44608,1
44611,3
44612,1
44614,1
44617,1
44618,3
44620,1
44621,2
44624,7
44627,3
44630,4
44631,3
44634,6
44637,5
44640,1
44643,1
44646,3
44647,2
44650,4
44652,1
44653,2
44656,3
44659,1
44662,4
44669,4
44675,2
44676,2
44678,1
44679,2
44681,2
44682,3
44684,1
44688,2
44691,2
44694,1
44695,6
44697,1
44700,1
44701,2
44704,3
44707,2
44710,1
44714,3
44716,1
44717,2
44723,1
44726,5
44727,3
44730,2
44733,1
44736,1
44739,4
44740,1
44743,1
44745,1
44746,3
44749,1
44752,3
44755,1
44758,3
44759,1
44762,1
44764,1
44771,5
44772,2
44775,1
44777,1
44778,1
44784,2
44787,2
44788,1
44790,2
44791,1
44793,2
44794,3
44797,7
44803,1
44806,3
44809,3
44812,1
44813,1
44816,5
44819,1
44822,2
44823,2
44828,1
44829,2
44832,1
44835,3
44836,2
44838,1
44841,3
44842,2
44844,1
44845,2
44848,3
44855,2
44857,1
44858,1
44860,4
44861,1
44867,4
44870,1
44880,6
44886,4
44887,2
44889,1
44890,1
44892,1
44893,3
44896,1
44899,5
44900,1
44902,1
44905,2
44909,1
44912,7
44919,3
44922,1
44925,2
44928,1
44931,5
44932,1
44934,1
44937,2
44941,1
44944,4
44947,2
44948,1
44950,1
44951,2
44953,1
44954,1
44956,1
44957,2
44960,3
44963,4
44966,2
44969,2
44970,2
44972,1
44973,1
44976,8
44982,2
44983,2
44985,1
44989,2
44992,1
44995,5
45001,3
45002,3
45005,2
45008,1
45012,1
45014,1
45015,1
45018,2
45021,7
45024,4
45027,1
45028,1
45033,3
45034,2
45036,1
45040,2
45046,5
45047,3
45052,1
45053,1
45056,3
45059,7
45060,1
45062,3
45065,2
45066,3
45069,2
45072,8
45075,1
45078,3
45079,2
45084,1
45085,4
45088,1
45091,3
45097,2
45098,2
45104,4
45107,2
45110,1
45111,1
45113,1
45114,1
45117,2
45120,1
45123,2
45129,1
45130,3
45133,2
45136,2
45139,1
45142,5
45143,1
45145,1
45146,1
45148,1
45149,2
45155,1
45158,1
45162,2
45165,1
45168,4
45171,3
45174,2
45175,3
45181,3
45187,2
45190,1
45193,1
45197,1
45200,3
45203,1
45206,4
45209,3
45210,2
45213,1
45216,1
45219,6
45220,1
45223,1
45226,2
45229,1
45232,7
45238,3
45239,2
45241,1
45242,1
45245,3
45248,2
45251,3
45252,1
45255,1
45258,5
45261,1
45264,6
45267,2
45270,5
45271,1
45274,1
45277,3
45280,3
45283,8
45284,3
45289,1
45290,2
45293,1
45296,4
45302,4
45303,4
45306,1
45308,1
45309,5
45315,2
45316,2
45318,2
45321,1
45322,4
45325,1
45328,6
45334,4
45335,2
45341,6
45344,3
45347,4
45348,1
45350,1
45353,4
45354,2
45360,9
45363,1
45364,1
45366,2
45367,1
45369,3
45370,2
45373,6
45376,1
45379,4
45380,1
45385,1
45386,6
45392,3
45395,1
45398,2
45399,2
45401,1
45404,1
45405,2
45408,1
45411,4
45414,1
45417,2
45418,2
45424,4
45427,2
45430,4
45431,1
45436,2
45437,3
45440,1
45443,3
45444,1
45447,2
45449,2
45450,3
45456,5
45459,1
45460,1
45462,2
45465,2
45466,1
45469,2
45472,3
45475,5
45481,1
45482,2
45485,1
45488,3
45491,2
45494,6
45495,1
45498,1
45500,2
45501,1
45504,5
45507,1
45508,1
45510,3
45513,2
45514,4
45517,1
45520,4
45523,1
45526,1
45527,1
45529,1
45530,1
45532,3
45533,3
45536,1
45539,3
45545,3
45546,1
45549,1
45552,3
45555,5
45558,4
45559,2
45561,1
45562,2
45564,3
45565,6
45568,1
45571,6
45575,1
45577,1
45578,2
45584,6
45587,2
45590,5
45591,1
45594,1
45597,4
45600,1
45603,5
45604,2
45609,1
45610,3
45613,2
45616,4
45622,3
45623,2
45625,1
45626,2
45629,1
45632,1
45635,1
45641,1
45642,5
45645,1
45648,3
45651,3
45652,1
45654,3
45655,3
45658,1
45661,4
45664,2
45667,2
45668,1
45670,3
45673,3
45674,4
45677,3
45680,6
45683,1
45689,1
45692,1
45693,6
45696,2
45699,2
45700,2
45705,3
45709,1
45712,7
45715,2
45719,4
45724,1
45725,1
45728,1
45731,1
45732,2
45734,1
45737,3
45738,2
45741,2
45744,5
45747,3
45748,1
45750,2
45751,3
45753,1
45754,1
45757,2
45763,3
45766,2
45769,1
45770,4
45773,1
45776,3
45779,2
45780,1
45782,1
45786,1
45788,1
45789,6
45792,1
45795,5
45798,1
45801,1
45804,1
45805,1
45808,3
45811,2
45812,1
45814,2
45817,1
45818,2
45820,1
45821,2
45827,5
45830,2
45833,1
45834,2
45837,1
45840,8
45843,2
45846,4
45847,2
45850,3
45852,1
45853,3
45859,2
45866,2
45869,1
45872,5
45875,3
45879,1
45881,1
45885,4
45888,1
45891,5
45892,3
45895,2
45897,1
45898,2
45900,1
45901,2
45904,2
45910,1
45911,2
45916,1
45917,1
45920,1
45923,5
45926,1
45929,2
45930,1
45933,1
45936,4
45940,1
45942,1
45943,1
45945,2
45946,1
45949,4
45952,2
45955,1
45956,2
45958,2
45965,1
45968,4
45974,4
45978,1
45980,2
45981,2
45984,1
45987,5
45988,3
45990,1
45993,1
45994,2
45997,1
46000,2
46003,2
46004,1
46006,4
46007,2
46009,2
46010,1
46012,2
46013,3
46016,1
46019,4
46022,1
46025,1
46026,5
46028,1
46029,1
46032,2
46035,2
46038,3
46042,2
46044,1
46045,2
46048,1
46051,3
46055,1
46057,3
46058,3
46061,1
46064,4
46067,2
46068,1
46070,2
46076,1
46077,1
46080,4
46083,5
46084,1
46090,1
46092,1
46093,2
46096,7
46099,2
46100,2
46102,1
46103,1
46106,1
46108,1
46109,4
46115,3
46118,2
46119,1
46121,2
46122,2
46125,2
46128,3
46131,1
46134,5
46135,3
46138,1
46140,1
46141,3
46144,1
46147,2
46150,2
46153,3
46154,1
46156,1
46160,2
46163,2
46166,2
46167,2
46169,1
46170,1
46173,4
46176,1
46180,1
46182,1
46185,2
46186,2
46189,1
46192,2
46198,2
46199,1
46204,3
46205,5
46208,1
46212,2
46214,2
46215,2
46217,1
46218,1
46221,3
46224,2
46227,3
46230,6
46231,1
46234,1
46237,8
46240,1
46243,4
46244,1
46246,1
46247,1
46249,1
46250,1
46256,6
46259,3
46263,1
46265,1
46268,2
46269,3
46272,2
46275,2
46282,2
46285,1
46288,2
46291,2
46295,2
46301,2
46307,3
46310,2
46313,1
46320,4
46323,3
46326,3
46329,1
46330,1
46332,1
46333,1
46336,1
46339,2
46342,3
46343,1
46345,1
46352,4
46361,1
46362,1
46365,1
46368,2
46371,1
46372,1
46374,1
46375,1
46377,1
46378,6
46384,3
46387,1
46390,2
46391,1
46394,1
46396,1
46397,3
46403,5
46404,2
46406,1
46409,1
46410,3
46412,1
46413,3
46416,3
46422,1
46423,1
46429,1
46432,1
46435,5
46436,1
46439,2
46445,1
46448,2
46454,1
46455,1
46460,1
46461,6
46464,1
46467,2
46468,1
46470,2
46474,1
46480,3
46483,4
46484,1
46486,1
46489,1
46492,2
46493,3
46499,1
46502,2
46505,2
46506,3
46509,2
46512,5
46518,2
46524,1
46525,4
46528,1
46531,5
46535,2
46537,2
46538,5
46541,1
46544,2
46550,1
46553,1
46554,1
46556,1
46557,1
46560,5
46564,3
46566,1
46570,2
46576,3
46579,1
46582,1
46583,1
46585,2
46586,1
46595,2
46596,1
46598,3
46602,2
46605,1
46608,3
46611,1
46614,2
46615,2
46620,1
46621,2
46627,3
46628,3
46633,1
46634,2
46637,1
46640,3
46646,2
46647,1
46650,1
46652,1
46653,4
46656,1
46662,2
46663,1
46665,1
46666,1
46668,1
46669,2
46672,1
46675,2
46678,1
46679,2
46682,2
46685,1
46688,1
46694,1
46697,1
46698,2
46701,2
46704,6
46711,2
46716,1
46717,2
46729,1
46730,1
46733,2
46736,4
46743,1
46745,1
46748,1
46749,3
46752,2
46755,1
46762,3
46765,2
46768,1
46771,1
46774,2
46777,1
46780,1
46781,2
46787,1
46794,1
46800,9
46803,1
46806,1
46807,1
46809,1
46810,1
46813,2
46816,1
46819,4
46823,1
46825,1
46828,1
46829,1
46832,4
46835,2
46838,2
46839,1
46842,2
46844,1
46845,1
46848,1
46851,2
46854,2
46855,1
46857,4
46858,2
46861,1
46864,1
46868,1
46870,2
46871,2
46874,1
46877,2
46880,1
46883,3
46889,1
46890,1
46893,1
46896,5
46899,1
46906,1
46908,3
46909,2
46915,3
46916,1
46919,1
46922,2
46924,1
46925,1
46928,4
46931,2
46935,4
46938,1
46940,1
46941,2
46944,1
46947,6
46948,1
46951,1
46953,1
46956,1
46957,1
46966,2
46970,2
46979,2
46980,1
46985,1
46999,1
47001,1
47004,1
47005,1
47008,2
47011,1
47014,2
47017,1
47018,1
47024,2
47027,1
47030,1
47043,3
47044,2
47047,1
47050,2
47056,3
47062,1
47063,1
47068,1
47069,3
47075,3
47079,1
47085,1
47088,5
47094,1
47098,1
47101,2
47104,1
47107,2
47108,3
47114,1
47120,2
47123,1
47132,1
47133,1
47139,2
47142,1
47145,1
47146,1
47149,1
47152,3
47158,2
47159,1
47161,1
47168,1
47171,4
47174,1
47175,1
47177,1
47178,5
47180,2
47184,2
47196,2
47197,2
47200,1
47203,2
47204,1
47207,1
47209,1
47213,1
47216,3
47223,3
47226,1
47229,4
47232,2
47235,4
47236,1
47238,1
47239,1
47241,1
47242,1
47245,1
47248,2
47251,1
47254,3
47255,1
47257,1
47261,1
47267,3
47277,1
47280,2
47283,2
47287,2
47290,2
47293,2
47296,1
47299,4
47302,1
47308,1
47312,3
47318,1
47319,3
47324,1
47325,3
47331,1
47332,2
47337,1
47338,1
47341,1
47344,1
47347,1
47350,2
47353,1
47357,2
47360,1
47363,1
47364,1
47369,3
47370,1
47372,1
47376,1
47379,2
47382,1
47389,4
47392,1
47405,2
47412,1
47414,3
47415,1
47417,1
47420,2
47421,3
47427,7
47430,1
47431,1
47434,1
47436,1
47440,3
47443,1
47446,1
47447,2
47453,3
47459,3
47472,4
47475,3
47478,1
47479,1
47484,2
47485,1
47492,1
47497,3
47498,1
47501,2
47504,5
47510,2
47511,2
47516,1
47517,4
47520,1
47523,2
47524,1
47526,1
47530,3
47532,1
47536,2
47542,1
47543,4
47549,1
47555,6
47561,1
47562,3
47565,1
47568,2
47571,3
47574,2
47578,1
47580,1
47581,5
47584,2
47594,1
47597,2
47600,1
47607,1
47609,1
47612,1
47613,1
47616,1
47619,1
47625,1
47629,2
47632,3
47638,1
47639,2
47642,1
47645,3
47648,1
47658,5
47661,1
47664,1
47667,3
47670,1
47673,1
47676,1
47683,2
47686,1
47687,1
47689,2
47690,2
47696,1
47702,5
47703,3
47705,3
47708,1
47709,3
47712,2
47716,1
47718,1
47721,2
47728,2
47731,2
47734,1
47737,2
47740,1
47741,2
47744,1
47747,1
47748,1
47753,1
47754,2
47760,4
47769,1
47773,3
47776,1
47779,2
47788,1
47789,1
47792,3
47798,2
47799,2
47801,1
47808,1
47811,1
47812,1
47814,1
47817,2
47820,1
47824,1
47830,1
47831,2
47833,1
47834,1
47837,2
47843,2
47844,1
47850,1
47853,1
47856,5
47859,1
47865,1
47868,1
47869,1
47875,2
47876,1
47879,3
47885,1
47888,3
47891,2
47894,1
47898,1
47904,4
47907,1
47910,1
47911,1
47913,1
47914,3
47916,1
47920,3
47923,1
47926,2
47927,1
47933,3
47936,1
47939,1
47945,1
47946,1
47952,3
47959,1
47961,1
47962,1
47965,1
47968,1
47971,2
47972,1
47977,2
47981,1
47987,1
47991,1
47996,1
48000,1
48003,4
48009,2
48010,3
48013,2
48016,5
48022,1
48023,1
48029,4
48032,2
48035,1
48036,2
48041,1
48042,1
48048,4
48054,3
48058,2
48061,2
48064,1
48067,1
48074,1
48080,2
48083,2
48093,4
48096,1
48099,2
48102,1
48105,1
48106,1
48112,2
48119,1
48125,2
48131,3
48132,1
48134,1
48135,1
48138,1
48141,1
48144,4
48147,3
48151,1
48157,2
48160,1
48163,2
48169,3
48170,3
48173,2
48176,3
48182,2
48183,2
48188,2
48189,3
48195,1
48201,1
48205,1
48208,1
48211,2
48215,2
48220,2
48221,1
48227,1
48231,1
48240,1
48243,2
48244,1
48246,2
48247,1
48249,1
48253,4
48259,3
48263,1
48265,1
48266,1
48268,1
48272,3
48275,1
48278,2
48281,1
48284,2
48285,2
48291,1
48301,1
48304,1
48310,1
48311,1
48313,3
48316,1
48317,2
48320,1
48323,1
48326,1
48329,2
48330,1
48336,2
48339,1
48343,1
48349,5
48352,1
48355,1
48356,1
48361,2
48368,3
48374,4
48377,1
48381,2
48384,1
48387,2
48388,1
48394,2
48400,4
48406,1
48410,1
48412,1
48416,2
48419,2
48423,1
48426,1
48432,1
48435,1
48439,1
48445,1
48451,3
48464,2
48470,3
48476,1
48477,4
48480,1
48483,2
48486,2
48493,1
48496,2
48502,2
48503,1
48506,2
48512,2
48515,1
48518,1
48519,1
48522,2
48534,1
48540,2
48544,1
48547,3
48550,2
48554,2
48557,1
48560,3
48563,1
48564,1
48566,1
48567,1
48570,3
48573,2
48576,1
48579,1
48580,1
48585,2
48586,1
48592,1
48598,1
48599,1
48602,1
48604,1
48605,4
48611,2
48614,1
48618,2
48620,1
48621,1
48624,2
48627,1
48630,1
48631,2
48636,1
48643,2
48649,1
48653,1
48656,1
48659,3
48662,1
48663,1
48665,1
48666,1
48669,1
48672,2
48678,1
48682,1
48688,1
48694,1
48701,2
48707,4
48708,1
48714,1
48720,1
48726,1
48727,1
48730,1
48733,2
48739,1
48746,1
48752,1
48755,1
48758,3
48762,1
48765,1
48768,1
48777,1
48778,1
48784,2
48787,1
48790,1
48796,1
48797,3
48803,1
48809,1
48810,1
48816,4
48822,1
48825,1
48829,2
48832,1
48835,1
48842,2
48845,1
48848,1
48851,2
48854,2
48860,2
48864,1
48867,1
48873,1
48874,1
48876,1
48877,1
48880,2
48883,2
48886,1
48893,1
48896,3
48899,2
48902,1
48905,1
48906,1
48912,2
48915,1
48918,1
48922,1
48924,1
48928,1
48931,1
48932,1
48937,1
48938,1
48941,1
48944,1
48947,2
48951,1
48956,1
48957,1
48960,2
48963,1
48969,1
48976,4
48982,3
48988,1
48989,2
48995,3
48998,1
49001,1
49005,1
49008,3
49014,1
49015,1
49024,1
49027,1
49028,1
49037,1
49040,2
49046,4
49047,1
49052,1
49053,3
49056,1
49059,1
49062,2
49065,1
49066,1
49068,1
49072,1
49075,1
49078,2
49082,1
49085,3
49091,1
49094,1
49101,2
49108,1
49114,1
49117,3
49120,1
49123,1
49130,1
49133,1
49136,2
49143,1
49145,1
49146,1
49149,3
49155,1
49158,1
49159,1
49168,2
49174,1
49178,1
49184,1
49187,2
49193,3
49194,1
49196,1
49197,1
49203,1
49206,1
49209,3
49213,2
49216,2
49222,2
49226,3
49232,2
49238,1
49242,1
49245,2
49248,1
49251,3
49258,1
49264,4
49270,1
49271,1
49274,1
49277,1
49287,1
49289,2
49290,1
49292,1
49296,1
49299,2
49306,1
49309,1
49315,2
49316,1
49318,1
49321,1
49322,1
49328,3
49335,1
49341,1
49347,1
49353,2
49354,1
49367,1
49370,1
49373,1
49379,1
49385,1
49389,1
49392,1
49402,1
49404,1
49408,1
49411,2
49421,1
49424,1
49427,1
49430,1
49431,2
49433,1
49436,1
49437,1
49440,1
49443,2
49447,1
49450,1
49456,2
49468,1
49482,1
49488,2
49495,1
49500,1
49501,2
49504,1
49511,1
49520,1
49523,2
49527,1
49529,1
49542,1
49546,1
49549,2
49555,1
49562,1
49564,1
49571,2
49578,3
49580,1
49584,3
49591,1
49594,1
49596,1
49597,2
49600,1
49603,1
49604,1
49607,1
49619,1
49622,1
49623,1
49632,2
49635,2
49641,1
49644,1
49648,3
49661,2
49667,2
49668,1
49671,1
49680,1
49686,1
49687,1
49692,1
49693,1
49696,2
49699,2
49709,1
49712,2
49728,1
49731,1
49737,1
49740,1
49741,1
49750,2
49754,1
49756,1
49757,1
49763,1
49769,1
49776,2
49779,2
49788,1
49789,2
49792,1
49802,1
49815,1
49824,2
49827,1
49828,1
49834,1
49840,1
49844,1
49853,2
49859,2
49865,2
49866,1
49869,1
49882,1
49891,1
49892,1
49898,3
49900,1
49901,1
49907,1
49910,2
49917,2
49923,2
49930,1
49936,1
49942,1
49949,1
49958,1
49961,1
49968,3
49974,2
49975,1
49981,1
49987,2
49994,1
50000,2
50006,1
50022,1
50026,1
50029,1
50032,1
50038,1
50044,2
50045,1
50055,1
50057,2
50058,1
50061,2
50064,1
50070,1
50076,1
50080,2
50083,1
50090,1
50096,1
50105,1
50106,2
50137,1
50144,1
50148,1
50173,1
50179,1
50182,1
50189,1
50192,1
50195,1
50198,1
50204,1
50224,1
50230,1
50234,1
50237,1
50240,1
50243,2
50247,1
50256,1
50260,1
50263,1
50291,1
50295,1
50301,2
50313,1
50314,1
50317,1
50320,2
50326,2
50339,1
50343,1
50349,2
50358,2
50377,1
50378,1
50384,3
50393,1
50394,2
50397,1
50410,1
50422,1
50432,1
50438,1
50441,2
50452,2
50454,3
50455,1
50467,1
50477,1
50489,1
50493,1
50499,1
50525,1
50534,1
50541,1
50544,1
50550,1
50556,1
50563,1
50569,1
50583,1
50589,1
50608,2
50611,1
50615,2
50624,1
50640,2
50643,1
50653,2
50659,1
50672,1
50678,1
50679,2
50691,1
50692,1
50704,1
50710,1
50711,1
50716,1
50720,1
50729,1
50733,1
50736,1
50742,1
50746,1
50748,1
50749,2
50752,1
50758,1
50762,2
50768,1
50780,1
50787,1
50807,2
50810,1
50820,1
50823,3
50825,1
50826,1
50829,1
50832,2
50838,2
50864,1
50902,1
50903,1
50908,1
50912,1
50922,1
50947,1
50950,2
50954,1
50960,2
50966,1
50973,2
50980,1
51002,1
51011,1
51024,3
51037,2
51044,1
51107,1
51123,2
51127,1
51132,1
51133,2
51136,2
51139,1
51155,1
51158,1
51159,1
51191,1
51197,1
51226,1
51229,1
51242,1
51248,2
51260,1
51261,2
51267,1
51268,1
51270,1
51280,1
51293,1
51318,1
51319,1
51338,1
51350,1
51388,1
51395,1
51398,1
51440,1
51444,1
51450,1
51466,1
51472,1
51475,1
51478,1
51485,1
51504,1
51510,2
51511,1
51520,1
51523,1
51529,1
51536,2
51542,1
51546,1
51549,1
51568,1
51587,1
51591,1
51607,1
51616,1
51619,1
51642,1
51648,1
51654,1
51658,1
51664,2
51670,1
51703,1
51721,1
51722,1
51728,1
51732,1
51735,1
51737,1
51754,1
51764,1
51773,1
51799,1
51817,1
51901,1
51926,1
51952,3
51978,1
51984,1
52000,1
52003,1
52035,1
52038,1
52042,1
52074,1
52077,1
52093,1
52106,1
52160,2
52173,2
52176,1
52192,1
52198,3
52208,2
52218,1
52220,1
52233,2
52266,1
52291,1
52304,1
52317,1
52361,1
52362,1
52381,1
52384,1
52400,1
52416,1
52425,1
52432,1
52503,1
52509,2
52528,1
52535,1
52579,1
52611,1
52618,1
52624,2
52643,1
52663,1
52695,1
52704,1
52711,1
52720,1
52733,1
52739,1
52745,1
52752,1
52755,1
52759,1
52761,1
52765,1
52788,1
52806,1
52851,1
52855,1
52867,1
52893,1
52912,1
52919,1
52938,1
52944,1
52973,1
52979,1
52989,1
53021,1
53027,1
53034,2
53104,1
53116,1
53139,1
53187,1
53196,1
53200,1
53219,1
53225,1
53315,1
53319,1
53325,1
53331,1
53341,1
53366,1
53367,1
53373,1
53379,1
53408,1
53411,2
53476,1
53485,1
53494,1
53520,1
53558,1
53568,1
53591,1
53609,1
53613,1
53616,1
53623,1
53629,1
53667,1
53674,1
53680,1
53686,1
53735,1
53766,1
53795,2
53815,1
53840,1
53859,1
53866,1
53884,1
53898,1
53942,1
53975,1
54007,1
54058,1
54067,1
54115,1
54160,1
54176,1
54211,1
54275,1
54416,1
54448,1
54464,1
54480,2
54512,1
54608,1
54633,1
54691,1
54710,1
54742,3
54762,1
54768,1
54842,1
54887,1
54935,1
54941,1
54998,1
55052,1
55101,1
55114,1
55120,1
55149,1
55184,1
55191,1
55222,1
55241,1
55242,1
55308,1
55357,1
55376,1
55415,1
55449,1
55453,1
55472,1
55485,1
55619,1
55638,1
55658,1
55719,1
55744,1
55796,1
55799,1
55821,1
55894,1
55907,1
56019,1
56023,1
56048,1
56061,1
56099,1
56138,1
56176,1
56259,1
56304,1
56368,2
56425,1
56589,1
56663,1
56755,1
56791,1
56794,1
56842,1
57008,1
57180,1
57251,1
57257,1
57287,1
57302,1
57306,1
57322,1
57334,1
57392,1
57418,1
57475,2
57974,1
57994,1
58058,1
58122,1
58211,1
58374,1
58531,1
58640,1
58704,1
58755,1
58762,1
58839,1
59014,1
59168,1
59469,1
60096,1
60265,1
60314,1
60316,1
60752,1
60823,1
60841,1
61104,1
61283,1
61488,1
61782,1
62236,1
62276,1
62320,1
62333,1
62345,1
62381,1
62903,1
63113,1
63735,1
64695,1
66160,1
66541,1
67164,1
67376,1
67420,1
68010,1
68070,1
69891,1
70070,1
70940,1
71680,1
73709,1
73914,1
74007,1
74281,1
76205,1
76873,1
77597,1
78276,1
78358,1
78474,1
78506,1
78713,1
78877,1
78969,1
79990,1
80176,1
81507,1
82284,1
82323,1
82717,1
83472,1
84486,1
85059,1
85680,1
87251,1
88108,1
88835,1
89616,1
89827,1
93447,1
93449,1
94487,1
95306,1
95548,1
95603,1
95977,1
96384,1
97463,1
97748,1
99817,1
100669,1
101252,1
103856,1
106336,1
106723,1
107043,1
107632,1
110845,1
112019,1
112867,1
113664,1
113667,1
114032,1
114746,1
116086,1
117056,1
117232,1
117283,1
117808,1
120285,1
120342,1
121581,1
121974,1
123731,1
123942,1
126506,1
127248,1
127433,1
129309,1
130384,1
132144,1
133197,1
135318,1
135526,1
136003,1
138186,1
141955,1
142167,1
142404,1
143379,1
147452,1
148727,1
150646,1
150781,1
152624,1
153059,1
153219,1
154499,1
154570,1
157300,1
158467,1
158800,1
161030,1
161136,1
161673,1
162150,1
165552,1
165632,1
165894,1
167338,1
167652,1
168499,1
171680,1
172537,1
173248,1
173328,1
173430,1
174173,1
175843,1
177578,1
178323,1
178327,1
179440,1
179545,1
179703,1
180020,1
182077,1
183172,1
186521,1
187850,1
189862,1
190038,1
190729,1
193148,1
193757,1
194880,1
197498,1
198416,1
198960,1
200611,1
201475,1
203037,1
203683,1
204963,1
208634,1
209120,1
209341,1
209869,1
210490,1
210938,1
213123,1
213335,1
213572,1
213833,1
214618,1
215651,1
215894,1
216605,1
216976,1
218333,1
218755,1
219107,1
219949,1
220388,1
221453,1
224857,1
225565,1
225763,1
225767,1
226323,1
227604,1
229129,1
229232,1
229930,1
230070,1
230519,1
230620,1
232029,1
233444,1
234390,1
236697,1
236957,1
237449,1
237462,1
237587,1
238518,1
239344,1
240125,1
241975,1
242634,1
242742,1
242893,1
243722,1
244064,1
244112,1
244784,1
244932,1
245693,1
246679,1
247472,2
248368,1
248560,1
249488,1
249491,1
249866,1
250570,1
251114,1
252349,1
252477,1
252890,1
252928,1
253002,1
254502,1
256791,1
257156,1
257331,1
257926,1
258224,1
258768,1
259011,1
259680,1
260345,1
260870,1
261226,1
261321,1
262774,1
262832,1
262953,1
263145,1
263408,1
263808,1
266167,1
266871,1
267492,1
267568,1
268461,1
273184,1
273267,1
274060,1
274116,1
275184,1
276039,1
277744,1
277991,1
278019,1
279107,1
280141,1
282448,1
282589,1
286039,1
286461,1
292921,1
301597,1
303482,1
307635,1
310909,1
311280,1
314608,1
314678,1
314877,1
321456,1
322710,1
324755,1
326391,1
329050,1
330061,1
334669,1
340412,1
340816,1
341552,1
345078,1
346525,1
351712,1
354608,1
355299,1
355961,1
356349,1
358121,1
358153,1
358672,1
360214,1
361194,1
363504,1
364154,1
365846,1
373929,1
377369,1
377530,1
377865,1
379050,1
386377,1
392902,1
392951,1
395920,1
397879,1
401124,1
406531,1
410806,1
427712,1
431581,1
434934,1
436477,1
445939,1
447904,1
448528,1
448874,1
449751,1
457072,1
465600,1
466710,1
468995,1
473232,1
478320,1
478774,1
478966,1
481264,1
482691,1
483427,1
485623,1
486217,1
487882,1
491117,1
492253,1
496765,1
497408,1
500304,1
510736,1
513981,1
516653,1
524573,1
524644,1
527984,1
537334,1
538346,1
540470,1
540874,1
542298,1
547139,1
548870,1
551693,1
554525,1
555433,1
565955,1
567498,1
569434,1
572045,1
577104,1
578608,1
579405,1
587706,1
590281,1
591987,1
593258,1
596403,1
598144,1
599715,1
602281,1
608359,1
608544,1
623895,1
629239,1
683469,1
690716,1
706615,1
709226,1
710954,1
725354,1
725840,1
733882,1
742720,1
744246,1
746461,1
747044,1
750512,1
750611,1
750646,1
753590,1
754422,1
754602,1
754941,1
755210,1
755802,1
756137,1
756995,1
759158,1
759945,1
760259,1
760726,1
761636,1
761968,1
761984,1
762384,1
762403,1
762653,1
762749,1
764189,1
765488,1
765540,1
765802,1
767440,1
768410,1
768871,1
769034,1
769382,1
770022,1
772236,1
772313,1
772323,1
774173,1
774189,1
774775,1
775830,1
776432,1
776470,1
777738,1
779318,1
786976,1
790339,1
805446,1
805750,1
806819,1
807747,1
818576,1
845523,1
846409,1
849414,1
851533,1
851684,1
859376,1
859801,1
861408,1
879200,1
897808,1
900035,1
901568,1
924263,1
934995,1
1080586,1
1189936,1
1251914,1
1448659,1
1487341,1
1495846,1
1499242,1
1519408,1
1522515,1
1524675,1
1526224,1
1530320,1
1531866,1
1532393,1
1533257,1
1533725,1
1533911,1
1534051,1
1534198,1
1534422,1
1535107,1
1537072,1
1537769,1
1537984,1
1539017,1
1540284,1
1540368,1
1541511,1
1541828,1
1542217,1
1543543,1
1543607,1
1547017,1
1547888,1
1549219,1
1550435,1
1553756,1
1556489,1
1559683,1
1562781,1
1567760,1
1573123,1
1576534,1
1578471,1
1580060,1
1582422,1
1582599,1
1587232,1
1589725,1
1590089,1
1590768,1
1591735,1
1598070,1
1598912,1
1614534,1
1628182,1
1630893,1
1631500,1
1633904,1
1651872,1
1652566,1
1682333,1
1689750,1
1694365,1
1702428,1
1723837,1
1732729,1
1754957,1
1788899,1
1799574,1
1803114,1
1822371,1
1829965,1
1850794,1
3113597,1
3126275,1
3127030,1
3127331,1
3127722,1
3128748,1
3133955,1
3134486,1
3136490,1
3137549,1
3138992,1
3141264,1
3141718,1
3142359,1
3144057,1
3144503,1
3149411,1
3150346,1
3150761,1
3151002,1
3152714,1
3155677,1
3158352,1
3159190,1
3159894,1
3159945,1
3160445,1
3162454,1
3165408,1
3167072,1
3168310,1
3175383,1
3178851,1
3179619,1
3181385,1
3181913,1
3183693,1
3185213,1
3198397,1
3201488,1
3201619,1
3202733,1
3209098,1
3210103,1
3225740,1
3230771,1
3233699,1
3240508,1
3252317,1
3258916,1
3259894,1
3263888,1
3268003,1
3269379,1
3361354,1
3372736,1
3395053,1
3407836,1
3410826,1
3440297,1
3485437,1
3525039,1
3544016,1
3544291,1
3560323,1
3571411,1
3575516,1
3604713,1
3640791,1
3733206,1
