# Samples: 113606, Average: 60609.2 ns, StdDev: 15064.0 ns, Quartiles: 57632.0/59799.0/62135.0 ns
13498,1
13581,1
14058,1
14064,1
14154,1
14157,1
14317,1
14397,1
15363,1
16090,1
44023,1
44112,1
44790,1
47049,1
47380,1
47430,1
47446,1
47651,1
47738,1
47882,1
47920,1
47940,1
47955,1
47961,1
48010,1
48135,1
48138,1
48252,1
48266,1
48330,2
48617,1
48656,1
48736,2
48758,1
48893,1
48905,1
48915,1
48957,1
49031,1
49072,2
49088,1
49168,1
49187,1
49200,1
49220,1
49276,1
49299,1
49357,1
49367,1
49382,1
49389,1
49421,1
49437,1
49494,1
49539,2
49546,1
49558,1
49596,1
49597,1
49610,1
49628,1
49629,1
49655,1
49680,1
49702,1
49709,1
49715,1
49725,1
49731,1
49757,1
49763,1
49767,1
49801,1
49804,1
49808,2
49828,1
49830,1
49840,1
49843,1
49846,1
49859,1
49911,1
49916,1
49917,1
49936,2
49942,1
49946,1
49955,1
49968,1
49978,1
49980,1
49987,1
50000,1
50003,1
50009,1
50010,1
50016,1
50055,1
50058,1
50073,1
50077,1
50090,2
50096,1
50102,1
50108,2
50121,1
50135,2
50141,1
50147,1
50148,1
50163,1
50166,1
50167,1
50186,1
50192,1
50199,1
50205,1
50218,1
50224,1
50227,2
50237,1
50247,1
50256,1
50260,1
50262,1
50265,1
50269,1
50282,1
50295,2
50297,1
50301,1
50307,2
50330,1
50345,1
50356,1
50358,1
50365,1
50388,1
50390,1
50396,1
50397,1
50403,2
50429,1
50435,2
50461,1
50467,1
50484,1
50486,1
50487,1
50499,3
50505,1
50512,3
50521,1
50524,1
50531,4
50537,1
50541,1
50544,2
50550,2
50556,1
50563,1
50569,1
50570,5
50573,1
50585,1
50589,1
50592,1
50595,1
50601,1
50608,2
50614,2
50621,1
50627,1
50633,1
50640,1
50644,1
50650,1
50653,1
50659,1
50672,3
50675,1
50678,2
50685,2
50691,1
50711,1
50717,1
50730,1
50762,1
50768,2
50774,1
50781,1
50784,1
50787,1
50793,1
50797,1
50810,1
50813,2
50816,1
50819,2
50822,1
50829,1
50832,1
50836,1
50839,2
50841,1
50845,2
50848,1
50852,1
50858,1
50864,1
50877,1
50889,1
50903,1
50912,1
50915,1
50928,1
50931,1
50934,2
50935,1
50947,1
50960,2
50973,2
50992,2
50998,1
50999,1
51002,2
51004,1
51005,1
51012,1
51014,1
51015,1
51018,1
51024,2
51027,1
51028,1
51030,2
51031,2
51034,1
51037,2
51043,1
51046,1
51050,1
51052,1
51053,1
51056,1
51059,1
51062,1
51063,1
51069,4
51072,1
51075,1
51076,1
51078,1
51088,3
51094,1
51095,1
51101,1
51120,4
51133,1
51143,2
51146,4
51152,1
51161,1
51162,1
51165,1
51171,2
51177,1
51184,2
51187,1
51190,3
51196,1
51209,1
51216,3
51220,1
51229,3
51232,1
51235,1
51242,1
51248,1
51251,1
51254,2
51255,2
51260,1
51261,1
51267,2
51268,1
51273,2
51274,3
51277,1
51280,1
51286,1
51293,2
51296,4
51299,1
51300,1
51302,1
51305,1
51306,2
51309,1
51312,1
51324,1
51331,3
51332,1
51337,1
51338,1
51344,1
51350,4
51351,4
51354,1
51356,2
51357,4
51367,1
51369,1
51370,1
51373,1
51379,2
51386,1
51389,2
51395,1
51398,1
51402,3
51408,1
51414,1
51424,1
51427,2
51431,1
51434,1
51437,1
51440,2
51443,1
51453,1
51459,2
51465,1
51468,1
51469,1
51472,1
51475,1
51479,1
51488,1
51491,2
51495,1
51504,1
51507,1
51510,3
51514,1
51517,1
51523,1
51524,1
51526,1
51532,1
51539,1
51549,1
51552,1
51555,3
51562,1
51568,2
51581,2
51584,1
51587,1
51588,2
51593,1
51594,1
51597,2
51603,1
51604,1
51606,2
51616,1
51620,1
51626,1
51629,2
51638,1
51645,2
51652,2
51658,2
51664,1
51667,1
51670,1
51671,2
51673,1
51677,1
51680,1
51690,2
51699,1
51702,2
51706,1
51709,2
51715,2
51716,1
51721,1
51725,1
51728,1
51734,3
51737,1
51747,1
51754,1
51757,1
51760,1
51773,1
51779,1
51785,3
51786,1
51795,1
51798,1
51799,2
51805,4
51808,1
51811,3
51812,1
51814,2
51817,1
51818,4
51824,2
51827,2
51828,1
51833,1
51837,1
51843,4
51844,2
51849,1
51850,1
51856,3
51859,1
51862,2
51863,1
51865,1
51869,2
51875,1
51876,1
51878,1
51882,5
51885,1
51888,1
51895,2
51898,1
51900,1
51901,1
51904,2
51907,1
51910,1
51911,1
51920,5
51923,1
51926,2
51927,2
51929,1
51933,3
51936,3
51939,2
51940,2
51942,1
51943,1
51945,1
51946,1
51952,3
51955,1
51958,3
51961,1
51962,1
51964,3
51965,1
51971,2
51975,1
51977,2
51978,3
51981,1
51984,1
51987,1
51988,1
51990,2
51994,1
51996,3
51997,2
52000,2
52003,2
52004,1
52006,2
52009,2
52010,3
52012,1
52019,1
52022,1
52023,2
52025,2
52026,1
52028,1
52029,4
52035,1
52038,1
52041,1
52042,2
52045,2
52048,3
52051,3
52054,3
52055,3
52061,4
52064,1
52068,1
52070,1
52073,2
52074,3
52077,3
52080,1
52083,1
52086,1
52087,1
52089,1
52092,1
52096,2
52100,1
52102,2
52105,1
52106,2
52112,1
52118,3
52119,2
52121,3
52124,1
52131,1
52132,1
52137,3
52141,2
52144,1
52150,1
52151,2
52154,1
52157,1
52163,2
52166,2
52167,1
52169,1
52170,1
52176,2
52179,1
52180,1
52183,4
52189,1
52192,1
52195,3
52196,1
52198,1
52201,1
52202,1
52208,3
52211,1
52214,2
52215,1
52217,1
52221,2
52227,4
52237,2
52240,4
52246,1
52247,1
52249,1
52250,1
52253,3
52256,2
52259,3
52265,2
52266,2
52269,2
52278,1
52279,5
52284,1
52285,2
52288,2
52291,2
52297,2
52304,5
52307,1
52311,1
52314,2
52317,3
52320,2
52323,1
52329,3
52330,1
52333,2
52336,1
52339,1
52342,1
52343,1
52345,2
52346,1
52348,1
52349,2
52355,2
52356,1
52358,1
52359,1
52361,1
52362,2
52365,1
52368,5
52371,1
52372,2
52374,1
52375,1
52380,1
52381,2
52384,1
52387,2
52388,1
52393,2
52394,3
52400,2
52403,1
52406,2
52407,2
52409,1
52413,1
52416,5
52419,1
52422,1
52425,1
52426,2
52429,1
52432,5
52438,5
52439,2
52445,2
52448,2
52451,4
52452,1
52461,1
52464,4
52467,2
52470,2
52471,2
52473,2
52477,3
52480,1
52483,2
52490,1
52496,1
52499,1
52500,1
52502,1
52503,1
52505,1
52508,1
52509,3
52512,1
52515,2
52521,1
52522,3
52528,6
52534,4
52535,2
52540,1
52541,5
52544,1
52547,5
52548,1
52550,1
52551,1
52553,1
52554,3
52560,4
52563,1
52566,4
52567,1
52569,2
52573,2
52576,1
52579,2
52585,2
52586,1
52589,2
52592,2
52598,1
52599,2
52601,1
52604,1
52605,5
52608,2
52611,4
52617,1
52618,3
52621,2
52624,3
52627,1
52630,6
52631,1
52633,1
52634,3
52637,3
52640,1
52643,2
52646,1
52649,2
52650,2
52656,6
52659,1
52660,2
52662,2
52663,2
52665,1
52666,1
52669,1
52675,1
52676,1
52678,1
52681,3
52682,1
52685,2
52688,5
52691,1
52694,4
52695,1
52697,1
52700,2
52701,2
52704,1
52707,4
52708,2
52711,1
52713,4
52714,1
52720,5
52723,6
52726,2
52727,3
52729,1
52733,8
52739,2
52742,1
52743,2
52745,4
52746,1
52749,2
52752,3
52755,2
52756,1
52758,3
52765,2
52771,3
52774,1
52777,2
52778,3
52780,1
52781,2
52784,2
52787,1
52790,2
52791,2
52797,6
52800,2
52803,3
52804,2
52810,5
52812,1
52813,1
52816,4
52819,3
52822,6
52826,1
52829,3
52835,2
52836,1
52838,1
52839,1
52841,1
52842,1
52845,1
52848,7
52851,1
52852,1
52854,5
52855,2
52857,2
52860,1
52861,2
52864,2
52867,2
52870,3
52873,5
52874,4
52876,1
52877,1
52880,4
52886,2
52887,1
52893,3
52899,5
52905,1
52906,3
52909,3
52912,3
52918,4
52919,3
52921,1
52922,4
52924,2
52925,3
52931,4
52932,1
52935,2
52938,3
52941,2
52944,6
52950,5
52951,2
52957,4
52960,2
52963,3
52964,2
52966,2
52967,2
52969,2
52970,4
52973,1
52976,5
52979,2
52982,2
52983,1
52986,3
52988,1
52989,3
52995,4
52996,1
52998,2
53001,2
53002,1
53005,1
53008,5
53011,1
53014,2
53015,1
53021,1
53024,1
53027,10
53028,2
53030,2
53031,1
53033,2
53040,3
53044,1
53046,3
53047,2
53050,3
53052,1
53053,3
53056,1
53059,2
53062,1
53063,1
53065,2
53066,5
53069,1
53072,4
53075,1
53078,3
53079,3
53081,1
53082,1
53085,4
53091,4
53095,1
53097,1
53098,3
53101,1
53104,5
53107,1
53110,6
53111,4
53114,2
53117,4
53120,1
53123,2
53126,3
53127,2
53130,5
53132,1
53133,1
53136,4
53140,1
53142,2
53143,3
53148,1
53149,3
53152,2
53155,8
53158,1
53159,1
53161,1
53162,3
53165,1
53168,3
53171,1
53174,2
53175,1
53178,1
53180,1
53181,6
53184,2
53187,4
53188,2
53191,1
53193,2
53194,3
53196,1
53197,4
53200,9
53203,2
53206,4
53207,2
53212,1
53213,6
53216,2
53219,5
53223,1
53225,3
53226,1
53228,1
53229,2
53232,3
53235,5
53238,6
53239,2
53242,2
53244,1
53245,4
53248,1
53251,7
53254,1
53257,3
53258,5
53260,1
53261,3
53264,6
53267,3
53270,1
53271,3
53273,1
53274,1
53276,1
53277,1
53283,3
53286,2
53289,1
53290,3
53293,4
53296,3
53302,5
53303,3
53306,2
53308,1
53309,4
53312,1
53315,3
53316,1
53318,1
53321,2
53322,4
53325,3
53328,4
53334,3
53335,4
53340,2
53341,11
53344,3
53347,4
53350,3
53351,1
53353,3
53354,3
53357,1
53360,6
53366,4
53367,2
53370,2
53373,7
53376,2
53379,6
53380,1
53382,1
53383,3
53385,2
53386,3
53389,1
53392,5
53395,1
53398,3
53399,2
53404,2
53408,1
53411,3
53412,3
53414,1
53417,1
53418,3
53421,2
53424,7
53427,1
53430,2
53431,5
53436,1
53437,7
53440,3
53443,6
53444,1
53446,1
53447,1
53449,1
53450,3
53452,1
53453,4
53456,10
53459,2
53462,3
53463,4
53465,1
53468,2
53469,7
53472,2
53475,4
53476,1
53478,2
53479,1
53481,2
53482,2
53485,1
53488,7
53491,2
53494,9
53497,3
53498,3
53500,3
53501,3
53504,1
53507,5
53510,1
53511,1
53513,3
53514,2
53517,2
53520,6
53523,3
53524,1
53526,3
53527,4
53530,4
53532,2
53533,3
53536,1
53539,9
53540,1
53543,2
53545,3
53546,4
53548,1
53552,6
53555,2
53558,6
53559,2
53561,2
53562,5
53564,3
53565,8
53568,3
53571,6
53574,1
53575,1
53577,2
53578,4
53580,1
53581,3
53584,9
53587,1
53588,1
53590,5
53591,3
53593,1
53594,2
53597,5
53600,6
53603,6
53604,3
53606,3
53607,2
53609,1
53610,6
53613,1
53616,6
53619,4
53622,3
53623,2
53626,3
53629,6
53632,5
53635,5
53636,3
53638,3
53639,1
53641,2
53642,7
53644,1
53645,2
53648,5
53651,3
53652,1
53654,5
53655,3
53657,1
53660,2
53661,6
53664,2
53667,5
53668,3
53670,3
53671,1
53673,3
53674,5
53676,1
53677,4
53680,5
53683,3
53684,2
53686,2
53687,4
53689,1
53690,3
53693,11
53696,3
53699,6
53700,2
53703,2
53705,1
53706,2
53708,2
53709,1
53712,7
53715,2
53718,8
53719,4
53721,1
53722,3
53724,3
53725,10
53728,5
53731,8
53732,1
53734,2
53737,3
53738,5
53740,1
53741,2
53744,8
53747,1
53748,1
53750,4
53751,8
53754,2
53757,7
53760,2
53763,8
53766,4
53767,1
53769,1
53770,4
53772,1
53773,4
53776,12
53779,6
53780,1
53782,6
53783,2
53785,1
53786,1
53788,2
53789,7
53792,1
53795,3
53796,1
53798,7
53799,1
53801,6
53802,6
53805,1
53808,10
53811,1
53814,3
53815,3
53817,2
53818,1
53820,2
53821,6
53824,2
53827,6
53828,1
53830,1
53831,2
53833,5
53834,3
53837,5
53840,12
53843,2
53846,4
53847,5
53849,2
53853,12
53856,4
53859,5
53860,2
53862,1
53863,1
53865,4
53866,6
53869,2
53872,4
53875,3
53876,1
53878,4
53879,2
53881,1
53882,2
53884,2
53885,7
53888,1
53891,7
53892,1
53894,3
53897,6
53898,5
53904,8
53910,6
53911,4
53913,1
53914,1
53916,1
53917,4
53920,3
53923,9
53924,2
53927,2
53929,2
53930,3
53933,1
53936,5
53939,2
53940,2
53942,3
53948,1
53949,8
53952,6
53955,8
53956,1
53958,2
53959,2
53961,4
53962,6
53965,3
53968,9
53971,2
53974,5
53975,6
53977,4
53978,1
53981,6
53984,4
53987,6
53988,1
53990,1
53993,5
53994,5
53996,2
53997,2
54000,9
54004,1
54006,6
54007,5
54009,2
54010,4
54012,1
54013,7
54016,4
54019,4
54025,3
54026,5
54032,4
54035,5
54036,2
54038,5
54039,4
54041,1
54042,4
54045,7
54048,4
54051,10
54052,3
54054,1
54057,5
54058,1
54060,1
54061,5
54064,8
54067,5
54068,1
54070,4
54071,5
54074,1
54076,3
54077,5
54080,5
54083,8
54084,2
54086,2
54087,1
54089,5
54090,5
54093,3
54096,9
54099,4
54100,1
54102,4
54103,4
54106,2
54108,2
54109,8
54112,3
54115,12
54116,2
54118,7
54119,1
54121,3
54122,8
54125,2
54128,10
54134,6
54135,8
54137,1
54138,2
54140,1
54141,9
54144,3
54147,8
54148,2
54150,3
54151,1
54153,6
54154,8
54157,5
54160,9
54163,2
54166,6
54167,2
54169,2
54170,2
54172,2
54173,8
54176,2
54179,7
54180,1
54182,4
54183,6
54185,1
54186,10
54189,1
54192,17
54195,4
54198,5
54199,5
54201,2
54202,5
54204,2
54205,7
54208,4
54211,11
54212,2
54214,1
54217,3
54218,9
54220,1
54221,2
54224,15
54227,1
54230,5
54231,4
54233,1
54234,2
54236,1
54237,10
54240,7
54243,8
54244,2
54247,2
54249,2
54250,7
54252,2
54253,3
54256,7
54259,6
54262,10
54263,6
54265,2
54266,1
54269,19
54272,7
54275,6
54278,3
54279,1
54281,6
54282,3
54284,2
54285,5
54288,14
54291,4
54292,1
54294,3
54295,3
54298,3
54300,2
54301,10
54304,4
54307,4
54308,2
54311,1
54313,7
54314,9
54317,2
54320,18
54323,4
54326,4
54327,2
54329,3
54330,1
54332,1
54333,4
54336,6
54339,7
54340,3
54342,2
54343,4
54345,5
54346,8
54348,1
54349,7
54352,11
54356,1
54358,6
54359,4
54361,1
54362,1
54364,2
54365,16
54368,3
54371,7
54372,2
54374,1
54375,2
54377,6
54378,9
54381,4
54384,11
54387,3
54390,10
54391,4
54393,3
54394,1
54396,1
54397,14
54400,2
54403,10
54406,7
54407,2
54409,4
54410,8
54412,1
54413,4
54416,10
54419,2
54422,10
54423,4
54425,2
54426,1
54428,2
54429,8
54432,2
54435,8
54436,1
54438,1
54439,2
54441,6
54442,6
54445,3
54448,18
54451,5
54454,6
54455,6
54457,2
54458,5
54460,1
54461,14
54464,4
54467,12
54468,3
54470,3
54473,7
54474,7
54476,1
54477,4
54480,14
54483,3
54484,1
54486,10
54487,2
54489,5
54492,4
54493,10
54496,1
54499,7
54502,4
54503,1
54505,3
54506,12
54509,2
54512,10
54515,2
54518,6
54519,6
54521,4
54522,5
54524,1
54525,8
54528,1
54531,6
54532,3
54534,4
54535,1
54537,3
54538,8
54540,2
54541,3
54544,16
54547,5
54548,2
54550,7
54551,4
54553,2
54554,2
54556,3
54557,12
54560,3
54563,11
54564,3
54566,2
54567,4
54569,5
54570,7
54573,4
54576,12
54579,4
54582,9
54583,10
54585,2
54586,5
54589,9
54592,5
54595,12
54596,2
54598,2
54599,2
54601,4
54602,8
54604,3
54605,2
54608,13
54611,1
54614,6
54615,5
54617,2
54618,1
54620,2
54621,10
54624,5
54627,8
54628,3
54630,4
54631,2
54633,6
54634,6
54636,2
54637,6
54640,15
54643,3
54646,8
54647,8
54649,2
54650,7
54652,1
54653,12
54656,5
54659,7
54660,3
54662,1
54665,9
54666,8
54669,4
54672,14
54675,6
54678,3
54679,8
54681,1
54682,2
54684,1
54685,10
54688,4
54691,14
54692,6
54694,3
54695,2
54697,6
54698,9
54700,2
54701,5
54704,14
54707,7
54708,2
54710,11
54711,8
54713,2
54714,3
54716,6
54717,9
54720,7
54723,11
54724,2
54726,3
54727,4
54729,7
54730,10
54732,2
54733,5
54736,16
54739,4
54742,10
54743,2
54745,1
54746,2
54748,4
54749,7
54752,7
54755,16
54756,1
54758,5
54759,2
54761,4
54762,6
54764,2
54765,4
54768,10
54771,3
54772,1
54774,13
54775,8
54777,5
54778,3
54780,2
54781,13
54784,5
54787,13
54788,2
54790,6
54791,3
54793,8
54794,7
54796,1
54797,4
54800,19
54803,4
54806,14
54807,5
54809,1
54810,3
54812,4
54813,12
54816,8
54819,9
54820,4
54822,6
54823,3
54825,4
54826,10
54829,5
54832,15
54835,1
54836,1
54838,5
54839,9
54841,2
54842,9
54844,2
54845,12
54848,5
54851,15
54852,5
54854,4
54855,1
54857,11
54858,7
54861,3
54864,8
54867,4
54868,2
54870,9
54871,6
54873,3
54874,3
54876,2
54877,16
54880,7
54883,12
54884,4
54886,3
54887,1
54889,6
54890,20
54892,3
54893,6
54896,18
54899,6
54902,10
54903,6
54905,3
54906,6
54908,1
54909,12
54912,4
54915,10
54916,6
54918,4
54919,3
54921,7
54922,8
54925,2
54928,18
54931,5
54934,8
54935,5
54937,3
54938,4
54940,3
54941,14
54944,7
54947,16
54948,4
54950,6
54951,2
54953,12
54954,12
54956,1
54957,5
54960,8
54963,7
54964,2
54966,13
54967,6
54969,4
54970,3
54972,4
54973,12
54976,5
54979,13
54980,1
54982,3
54983,1
54985,4
54986,10
54988,3
54989,7
54992,10
54995,1
54996,1
54998,11
54999,3
55001,3
55002,3
55004,2
55005,16
55008,9
55011,18
55012,1
55014,3
55015,1
55017,3
55018,12
55020,3
55021,6
55024,18
55027,5
55028,1
55030,12
55031,15
55033,2
55034,1
55036,1
55037,14
55040,5
55043,15
55044,2
55046,3
55047,6
55049,5
55050,9
55052,1
55053,6
55056,16
55059,4
55060,3
55062,10
55063,6
55065,3
55066,4
55068,4
55069,13
55072,11
55075,15
55076,7
55078,2
55081,10
55082,13
55084,2
55085,3
55088,20
55091,2
55094,11
55095,10
55097,2
55098,2
55100,1
55101,14
55104,8
55107,14
55108,9
55110,2
55111,2
55113,6
55114,4
55117,4
55120,17
55123,5
55124,1
55126,12
55127,10
55129,1
55130,3
55132,5
55133,24
55136,14
55139,15
55140,3
55142,3
55143,2
55145,11
55146,12
55149,8
55152,22
55155,4
55158,9
55159,8
55161,2
55162,3
55164,8
55165,20
55168,9
55171,22
55172,5
55174,5
55175,3
55177,11
55178,12
55181,5
55184,27
55187,6
55190,11
55191,9
55193,4
55194,9
55196,2
55197,15
55200,4
55203,18
55204,5
55206,6
55207,3
55209,8
55210,9
55213,4
55216,22
55219,4
55220,1
55222,20
55223,11
55225,2
55226,2
55228,1
55229,14
55232,7
55235,20
55236,2
55238,6
55239,2
55241,5
55242,7
55244,2
55245,8
55248,18
55251,7
55252,3
55254,16
55255,5
55257,3
55258,4
55260,6
55261,22
55264,12
55267,15
55268,9
55270,8
55271,5
55273,10
55274,10
55276,2
55277,12
55280,19
55283,4
55284,1
55286,10
55287,8
55289,3
55290,6
55292,2
55293,19
55296,7
55299,14
55300,6
55302,2
55303,1
55305,5
55306,13
55308,1
55309,7
55312,21
55315,12
55318,7
55319,8
55321,6
55322,3
55324,4
55325,12
55328,8
55331,15
55332,2
55334,7
55335,4
55337,12
55338,18
55341,5
55344,22
55347,9
55348,4
55350,16
55351,13
55353,6
55354,9
55356,4
55357,25
55360,8
55363,21
55364,5
55366,10
55367,6
55369,9
55370,12
55372,1
55373,3
55376,20
55379,6
55382,13
55383,8
55385,2
55386,5
55388,6
55389,18
55392,8
55395,13
55396,3
55398,1
55399,3
55401,10
55402,13
55404,3
55405,5
55408,19
55411,7
55412,2
55414,17
55415,8
55417,4
55418,7
55420,4
55421,13
55424,15
55427,25
55428,2
55430,6
55431,3
55433,13
55434,18
55437,8
55440,22
55443,10
55446,14
55447,12
55449,1
55450,4
55452,4
55453,14
55456,6
55459,23
55460,5
55462,4
55463,5
55465,11
55466,8
55468,4
55469,13
55472,25
55475,8
55476,1
55478,18
55479,7
55481,6
55482,2
55484,3
55485,18
55488,11
55491,24
55492,3
55494,4
55495,6
55497,13
55498,17
55500,3
55501,6
55504,22
55507,8
55508,2
55510,16
55511,10
55513,2
55514,10
55516,5
55517,20
55520,5
55523,25
55524,8
55526,3
55527,3
55529,12
55530,12
55533,5
55536,41
55539,9
55540,1
55542,14
55543,6
55545,3
55546,7
55548,3
55549,20
55552,5
55555,17
55556,4
55558,5
55559,5
55561,8
55562,23
55564,3
55565,11
55568,30
55571,7
55572,1
55574,10
55575,10
55577,3
55578,4
55580,6
55581,18
55584,6
55587,25
55588,5
55590,11
55591,4
55593,7
55594,11
55596,2
55597,5
55600,30
55603,3
55604,1
55606,15
55607,6
55609,4
55610,7
55612,4
55613,15
55616,11
55619,26
55620,5
55622,8
55623,5
55625,9
55626,19
55629,10
55632,28
55635,3
55636,3
55638,16
55639,10
55641,5
55642,5
55644,10
55645,35
55648,11
55651,24
55652,9
55654,6
55655,6
55657,12
55658,15
55660,1
55661,13
55664,28
55667,10
55668,1
55670,13
55671,9
55673,5
55674,4
55676,7
55677,20
55680,11
55683,33
55684,6
55686,12
55687,3
55689,17
55690,15
55693,7
55696,21
55699,5
55702,17
55703,9
55705,5
55706,3
55708,7
55709,22
55712,15
55715,24
55716,7
55718,7
55719,2
55721,15
55722,16
55724,2
55725,3
55728,22
55731,13
55732,5
55734,19
55735,11
55738,6
55740,7
55741,21
55744,14
55747,24
55748,5
55750,7
55751,2
55753,16
55754,14
55757,13
55760,37
55763,8
55764,4
55766,18
55767,11
55769,5
55770,7
55772,4
55773,23
55776,9
55779,14
55780,5
55782,3
55783,5
55785,9
55786,16
55788,1
55789,10
55792,25
55795,8
55796,4
55798,25
55799,19
55801,8
55802,3
55804,10
55805,25
55808,12
55811,23
55812,10
55814,1
55815,9
55817,9
55818,19
55820,1
55821,11
55824,35
55827,10
55828,3
55830,13
55831,15
55833,3
55834,8
55836,7
55837,28
55840,12
55843,22
55844,7
55846,5
55847,5
55849,11
55850,17
55853,5
55856,44
55859,13
55860,1
55862,14
55863,10
55865,8
55866,4
55868,4
55869,16
55872,16
55875,26
55876,9
55878,9
55879,9
55881,10
55882,17
55884,2
55885,5
55888,32
55891,10
55892,2
55894,15
55895,8
55897,5
55898,6
55900,2
55901,29
55904,9
55907,18
55908,6
55910,8
55911,1
55913,15
55914,20
55916,1
55917,5
55920,31
55923,5
55924,5
55926,17
55927,24
55929,1
55930,8
55932,8
55933,28
55936,15
55939,29
55940,4
55942,7
55943,6
55945,11
55946,10
55948,4
55949,10
55952,27
55955,8
55956,3
55958,21
55959,18
55961,2
55962,6
55964,7
55965,39
55968,9
55971,31
55972,3
55974,4
55975,3
55977,14
55978,28
55980,2
55981,7
55984,44
55987,15
55990,26
55991,15
55993,1
55994,6
55996,5
55997,18
56000,15
56003,26
56004,4
56006,4
56007,4
56009,13
56010,21
56012,3
56013,12
56016,41
56019,13
56020,4
56022,15
56023,15
56025,12
56026,10
56028,10
56029,23
56032,10
56035,33
56036,7
56038,4
56039,6
56041,12
56042,24
56044,3
56045,7
56048,35
56051,15
56052,6
56054,21
56055,8
56057,8
56058,8
56060,8
56061,31
56064,8
56067,31
56068,4
56070,5
56071,5
56073,18
56074,21
56076,1
56077,7
56080,32
56083,9
56084,6
56086,24
56087,20
56089,3
56090,12
56092,6
56093,22
56096,15
56099,32
56100,11
56102,11
56103,7
56105,17
56106,21
56108,3
56109,11
56112,39
56115,8
56116,2
56118,23
56119,16
56121,6
56122,8
56124,5
56125,22
56128,10
56131,34
56132,3
56134,8
56135,3
56137,14
56138,30
56140,1
56141,12
56144,42
56147,10
56148,3
56150,21
56151,14
56153,5
56154,3
56156,10
56157,32
56160,20
56163,32
56164,7
56166,10
56167,5
56169,21
56170,22
56173,11
56176,44
56179,13
56180,3
56182,25
56183,15
56185,4
56186,9
56188,6
56189,42
56192,15
56195,32
56198,12
56199,5
56201,21
56202,21
56204,4
56205,12
56208,38
56211,15
56212,2
56214,29
56215,14
56217,6
56218,6
56220,11
56221,35
56224,16
56227,27
56228,9
56230,11
56231,4
56233,15
56234,28
56236,3
56237,10
56240,38
56243,11
56244,5
56246,24
56247,18
56249,5
56250,6
56252,8
56253,36
56256,12
56259,35
56260,8
56262,5
56263,3
56265,20
56266,21
56268,4
56269,13
56272,40
56275,5
56276,4
56278,25
56279,17
56281,5
56282,5
56284,9
56285,27
56288,20
56291,23
56292,14
56294,10
56295,4
56297,18
56298,25
56300,3
56301,11
56304,41
56307,12
56308,3
56310,23
56311,25
56313,9
56314,13
56316,13
56317,32
56320,22
56323,31
56324,15
56326,11
56327,9
56329,22
56330,15
56332,4
56333,10
56336,47
56339,10
56340,3
56342,26
56343,14
56345,5
56346,4
56348,4
56349,38
56352,23
56355,40
56356,17
56358,7
56359,8
56361,18
56362,24
56364,1
56365,8
56368,51
56371,11
56372,2
56374,26
56375,25
56377,7
56378,9
56380,10
56381,36
56384,17
56387,34
56388,4
56390,7
56391,5
56393,12
56394,24
56396,3
56397,9
56400,46
56403,9
56404,1
56406,26
56407,14
56409,6
56410,11
56412,8
56413,34
56416,14
56419,36
56420,16
56422,11
56423,8
56425,17
56426,21
56428,3
56429,16
56432,43
56435,11
56436,2
56438,23
56439,21
56441,9
56442,11
56444,7
56445,40
56448,28
56451,30
56452,6
56454,15
56455,4
56457,16
56458,20
56460,4
56461,9
56464,54
56467,14
56468,3
56470,33
56471,19
56473,5
56474,5
56476,5
56477,54
56480,16
56483,36
56484,11
56486,10
56487,3
56489,20
56490,29
56492,1
56493,14
56496,39
56499,9
56500,2
56502,25
56503,19
56505,10
56506,13
56508,9
56509,33
56512,15
56515,34
56516,8
56518,13
56519,5
56521,20
56522,23
56524,8
56525,11
56528,43
56531,19
56532,4
56534,30
56535,18
56537,9
56538,19
56540,11
56541,46
56544,17
56547,39
56548,12
56550,9
56551,9
56553,19
56554,29
56556,2
56557,13
56560,32
56563,16
56564,3
56566,22
56567,20
56569,13
56570,13
56572,12
56573,46
56576,22
56579,37
56580,18
56582,9
56583,6
56585,19
56586,27
56588,2
56589,18
56592,50
56595,12
56596,4
56598,33
56599,21
56601,9
56602,10
56604,15
56605,45
56608,16
56611,43
56612,8
56614,11
56615,6
56617,18
56618,33
56620,2
56621,12
56624,66
56627,12
56628,3
56630,21
56631,23
56633,9
56634,7
56636,13
56637,39
56640,23
56643,39
56644,11
56646,11
56647,8
56649,22
56650,33
56652,2
56653,10
56656,58
56659,20
56660,4
56662,32
56663,16
56665,7
56666,11
56668,4
56669,40
56672,18
56675,37
56676,11
56678,6
56679,7
56681,8
56682,26
56684,3
56685,15
56688,60
56691,21
56692,4
56694,28
56695,22
56697,6
56698,11
56700,8
56701,47
56704,26
56707,44
56708,15
56710,16
56711,11
56713,22
56714,28
56716,6
56717,11
56720,53
56723,14
56724,3
56726,20
56727,29
56729,8
56730,7
56732,14
56733,58
56736,21
56739,37
56740,6
56742,15
56743,7
56745,16
56746,22
56748,5
56749,12
56752,46
56755,14
56756,2
56758,31
56759,22
56761,5
56762,9
56764,12
56765,46
56768,23
56771,48
56772,11
56774,5
56775,8
56777,23
56778,36
56780,2
56781,20
56784,62
56787,17
56788,7
56790,32
56791,24
56793,4
56794,5
56796,10
56797,46
56800,17
56803,40
56804,12
56806,12
56807,10
56809,28
56810,35
56812,7
56813,19
56816,68
56819,14
56820,2
56822,29
56823,18
56825,6
56826,11
56828,7
56829,41
56832,21
56835,50
56836,6
56838,12
56839,5
56841,22
56842,40
56845,16
56848,56
56851,25
56852,3
56854,24
56855,19
56857,4
56858,13
56860,10
56861,46
56864,20
56867,53
56868,10
56870,16
56871,4
56873,17
56874,20
56876,7
56877,21
56880,52
56883,21
56884,4
56886,32
56887,24
56889,7
56890,11
56892,6
56893,34
56896,22
56899,28
56900,16
56902,10
56903,7
56905,22
56906,38
56908,4
56909,14
56912,59
56915,7
56918,34
56919,23
56921,15
56922,18
56924,10
56925,33
56928,23
56931,38
56932,7
56934,8
56935,10
56937,26
56938,21
56940,4
56941,19
56944,49
56947,12
56948,3
56950,37
56951,22
56953,6
56954,8
56956,12
56957,47
56960,22
56963,47
56964,6
56966,8
56967,6
56969,28
56970,47
56972,5
56973,22
56976,60
56979,10
56980,5
56982,33
56983,21
56985,8
56986,13
56988,4
56989,48
56992,13
56995,45
56996,6
56998,18
56999,6
57001,25
57002,30
57004,4
57005,14
57008,64
57011,15
57012,5
57014,44
57015,19
57017,13
57018,10
57020,11
57021,36
57024,16
57027,32
57028,12
57030,12
57031,9
57033,22
57034,34
57036,4
57037,16
57040,45
57043,27
57044,7
57046,26
57047,22
57049,11
57050,3
57052,10
57053,39
57056,17
57059,37
57060,14
57062,11
57063,6
57065,16
57066,24
57068,1
57069,11
57072,62
57075,21
57076,1
57078,32
57079,13
57081,11
57082,10
57084,14
57085,43
57088,23
57091,35
57092,9
57094,8
57095,3
57097,19
57098,29
57100,3
57101,17
57104,59
57107,21
57108,3
57110,40
57111,24
57113,5
57114,13
57116,8
57117,47
57120,12
57123,53
57124,14
57126,12
57127,7
57129,22
57130,26
57132,2
57133,19
57136,56
57139,13
57140,6
57142,28
57143,24
57145,10
57146,13
57148,10
57149,43
57152,12
57155,45
57156,6
57158,9
57159,6
57161,24
57162,39
57164,3
57165,15
57168,57
57171,9
57172,4
57174,35
57175,17
57177,7
57178,13
57180,9
57181,38
57184,22
57187,44
57188,15
57190,16
57191,15
57193,16
57194,28
57196,3
57197,13
57200,58
57203,15
57204,6
57206,41
57207,16
57209,12
57210,8
57212,13
57213,53
57216,17
57219,36
57220,14
57222,11
57223,9
57225,20
57226,36
57228,6
57229,18
57232,50
57235,12
57236,6
57238,34
57239,22
57241,8
57242,12
57244,11
57245,44
57248,19
57251,48
57252,10
57254,12
57255,12
57257,27
57258,43
57260,3
57261,24
57264,56
57267,18
57268,2
57270,26
57271,20
57273,9
57274,10
57276,13
57277,46
57280,22
57283,47
57284,9
57286,10
57287,12
57289,25
57290,32
57292,4
57293,13
57296,53
57299,13
57300,1
57302,39
57303,30
57305,5
57306,11
57308,12
57309,59
57312,28
57315,44
57316,19
57318,18
57319,5
57321,36
57322,34
57324,4
57325,18
57328,46
57331,6
57332,5
57334,33
57335,35
57337,6
57338,12
57340,12
57341,38
57344,16
57347,39
57348,10
57350,16
57351,10
57353,28
57354,30
57356,1
57357,14
57360,53
57363,22
57364,4
57366,29
57367,25
57369,10
57370,13
57372,16
57373,59
57376,11
57379,51
57380,10
57382,15
57383,5
57385,25
57386,37
57388,7
57389,12
57392,45
57395,20
57396,7
57398,42
57399,15
57401,7
57402,12
57404,8
57405,38
57408,14
57411,39
57412,22
57414,12
57415,4
57417,28
57418,27
57420,5
57421,21
57424,61
57427,14
57428,1
57430,43
57431,23
57433,5
57434,8
57436,13
57437,49
57440,27
57443,42
57444,14
57446,18
57447,5
57449,34
57450,34
57452,1
57453,12
57456,49
57459,19
57460,3
57462,40
57463,20
57465,13
57466,19
57468,11
57469,42
57472,32
57475,39
57476,11
57478,7
57479,11
57481,22
57482,25
57484,6
57485,30
57488,60
57491,19
57492,7
57494,46
57495,23
57497,8
57498,16
57500,15
57501,56
57504,25
57507,46
57508,12
57510,18
57511,3
57513,31
57514,40
57516,3
57517,26
57520,54
57523,20
57524,1
57526,30
57527,28
57529,7
57530,15
57532,18
57533,41
57536,22
57539,47
57540,11
57542,23
57543,9
57545,19
57546,36
57548,3
57549,14
57552,59
57555,19
57556,4
57558,38
57559,23
57561,7
57562,8
57564,13
57565,41
57568,23
57571,48
57572,9
57574,14
57575,13
57577,33
57578,28
57580,6
57581,19
57584,66
57587,20
57588,1
57590,31
57591,28
57593,9
57594,18
57596,12
57597,51
57600,17
57603,49
57604,19
57606,10
57607,7
57609,25
57610,44
57612,5
57613,13
57616,50
57619,14
57620,7
57622,28
57623,24
57625,5
57626,8
57628,8
57629,51
57632,27
57635,43
57636,8
57638,15
57639,11
57641,29
57642,39
57644,4
57645,14
57648,63
57651,24
57652,4
57654,46
57655,29
57657,8
57658,12
57660,15
57661,51
57664,23
57667,48
57668,12
57670,17
57671,9
57673,23
57674,29
57676,7
57677,19
57680,65
57683,16
57684,4
57686,25
57687,25
57689,11
57690,14
57692,10
57693,59
57696,13
57699,47
57700,14
57702,8
57703,9
57705,33
57706,43
57708,5
57709,11
57712,57
57715,15
57716,3
57718,34
57719,25
57721,8
57722,13
57724,13
57725,53
57728,23
57731,39
57732,12
57734,13
57735,11
57737,26
57738,32
57740,8
57741,14
57744,59
57747,14
57748,4
57750,37
57751,20
57753,5
57754,12
57756,8
57757,40
57760,18
57763,38
57764,9
57766,17
57767,10
57769,30
57770,29
57772,5
57773,10
57776,62
57779,24
57780,5
57782,30
57783,22
57785,8
57786,12
57788,11
57789,40
57792,17
57795,52
57796,12
57798,17
57799,8
57801,27
57802,36
57804,5
57805,19
57808,78
57811,20
57812,8
57814,29
57815,26
57817,8
57818,19
57820,16
57821,43
57824,22
57827,49
57828,12
57830,16
57831,13
57833,22
57834,46
57836,3
57837,14
57840,68
57843,13
57844,4
57846,41
57847,25
57849,10
57850,13
57852,11
57853,44
57856,19
57859,56
57860,9
57862,10
57863,15
57865,21
57866,37
57868,4
57869,24
57872,53
57875,14
57876,4
57878,39
57879,22
57881,13
57882,9
57884,12
57885,46
57888,21
57891,61
57892,14
57894,12
57895,12
57897,25
57898,50
57900,9
57901,13
57904,65
57907,18
57908,1
57910,42
57911,26
57913,5
57914,6
57916,19
57917,45
57920,22
57923,55
57924,12
57926,14
57927,11
57929,20
57930,44
57932,6
57933,23
57936,54
57939,21
57940,3
57942,34
57943,22
57945,16
57946,11
57948,12
57949,47
57952,22
57955,48
57956,11
57958,12
57959,6
57961,21
57962,37
57964,6
57965,21
57968,72
57971,32
57972,6
57974,40
57975,25
57977,13
57978,17
57980,19
57981,52
57984,31
57987,50
57988,9
57990,12
57991,7
57993,22
57994,24
57996,4
57997,17
58000,62
58003,20
58004,5
58006,31
58007,29
58009,12
58010,14
58012,17
58013,55
58016,17
58019,50
58020,12
58022,9
58023,6
58025,18
58026,36
58028,9
58029,20
58032,64
58035,20
58036,5
58038,32
58039,26
58041,10
58042,18
58044,11
58045,36
58048,20
58051,53
58052,14
58054,18
58055,6
58057,25
58058,32
58060,4
58061,16
58064,80
58067,15
58068,3
58070,38
58071,19
58073,9
58074,14
58076,14
58077,42
58080,25
58083,45
58084,17
58086,16
58087,10
58089,31
58090,37
58092,2
58093,21
58096,51
58099,21
58100,1
58102,41
58103,21
58105,11
58106,13
58108,7
58109,45
58112,33
58115,51
58116,5
58118,17
58119,8
58121,31
58122,36
58124,3
58125,17
58128,60
58131,21
58132,6
58134,38
58135,26
58137,7
58138,13
58140,10
58141,39
58144,23
58147,38
58148,7
58150,15
58151,13
58153,25
58154,44
58156,9
58157,12
58160,66
58163,17
58164,4
58166,36
58167,27
58169,7
58170,20
58172,18
58173,46
58176,24
58179,54
58180,10
58182,12
58183,8
58185,20
58186,39
58188,2
58189,19
58192,73
58195,14
58196,4
58198,36
58199,28
58201,7
58202,10
58204,11
58205,51
58208,32
58211,54
58212,8
58214,14
58215,9
58217,19
58218,51
58220,5
58221,18
58224,65
58227,11
58228,2
58230,35
58231,26
58233,10
58234,19
58236,15
58237,50
58240,23
58243,63
58244,13
58246,9
58247,9
58249,18
58250,30
58252,4
58253,20
58256,60
58259,16
58260,5
58262,38
58263,34
58265,8
58266,18
58268,8
58269,36
58272,22
58275,41
58276,12
58278,12
58279,9
58281,24
58282,27
58284,4
58285,22
58288,57
58291,22
58292,2
58294,34
58295,28
58297,3
58298,16
58300,13
58301,44
58304,21
58307,52
58308,8
58310,10
58311,8
58313,19
58314,26
58316,7
58317,12
58320,65
58323,15
58324,6
58326,39
58327,24
58329,7
58330,15
58332,15
58333,47
58336,27
58339,45
58340,17
58342,13
58343,9
58345,23
58346,34
58348,6
58349,12
58352,67
58355,21
58356,6
58358,29
58359,19
58361,6
58362,11
58364,12
58365,61
58368,24
58371,47
58372,15
58374,15
58375,7
58377,22
58378,32
58380,2
58381,22
58384,60
58387,19
58388,5
58390,31
58391,28
58393,16
58394,15
58396,13
58397,56
58400,22
58403,54
58404,7
58406,20
58407,3
58409,27
58410,30
58412,4
58413,13
58416,54
58419,23
58420,5
58422,37
58423,27
58425,6
58426,18
58428,11
58429,45
58432,19
58435,54
58436,14
58438,12
58439,12
58441,27
58442,29
58444,6
58445,20
58448,73
58451,21
58452,4
58454,48
58455,27
58457,10
58458,13
58460,9
58461,46
58464,25
58467,47
58468,10
58470,14
58471,12
58473,20
58474,41
58476,1
58477,23
58480,53
58483,15
58484,4
58486,50
58487,18
58489,5
58490,14
58492,11
58493,42
58496,19
58499,43
58500,11
58502,13
58503,12
58505,25
58506,32
58508,8
58509,14
58512,78
58515,14
58516,3
58518,43
58519,28
58521,9
58522,12
58524,16
58525,49
58528,28
58531,44
58532,18
58534,13
58535,8
58537,15
58538,38
58540,7
58541,18
58544,59
58547,22
58548,5
58550,38
58551,20
58553,8
58554,9
58556,5
58557,42
58560,14
58563,46
58564,6
58566,19
58567,4
58569,26
58570,45
58572,5
58573,12
58576,55
58579,19
58580,2
58582,42
58583,21
58585,17
58586,11
58588,12
58589,50
58592,23
58595,41
58596,15
58598,7
58599,12
58601,27
58602,32
58604,4
58605,17
58608,66
58611,21
58612,5
58614,34
58615,17
58617,13
58618,8
58620,16
58621,68
58624,22
58627,41
58628,7
58630,23
58631,8
58633,24
58634,44
58636,3
58637,19
58640,63
58643,18
58644,3
58646,38
58647,13
58649,10
58650,16
58652,17
58653,41
58656,21
58659,45
58660,15
58662,18
58663,12
58665,30
58666,27
58668,7
58669,15
58672,63
58675,21
58676,2
58678,38
58679,17
58681,13
58682,11
58684,9
58685,60
58688,19
58691,54
58692,13
58694,12
58695,13
58697,29
58698,43
58700,5
58701,17
58704,60
58707,15
58708,4
58710,37
58711,19
58713,9
58714,7
58716,12
58717,56
58720,22
58723,39
58724,18
58726,17
58727,11
58729,30
58730,22
58732,6
58733,10
58736,52
58739,22
58742,37
58743,25
58745,11
58746,17
58748,14
58749,58
58752,18
58755,40
58756,13
58758,13
58759,11
58761,23
58762,33
58764,7
58765,18
58768,58
58771,21
58772,5
58774,38
58775,27
58777,9
58778,16
58780,8
58781,39
58784,19
58787,49
58788,11
58790,9
58791,14
58793,25
58794,24
58796,6
58797,13
58800,61
58803,14
58804,5
58806,43
58807,24
58809,4
58810,10
58812,15
58813,49
58816,25
58819,36
58820,11
58822,18
58823,4
58825,29
58826,47
58828,4
58829,35
58832,62
58835,19
58836,6
58838,32
58839,24
58841,10
58842,16
58844,18
58845,48
58848,15
58851,57
58852,7
58854,9
58855,7
58857,21
58858,31
58860,3
58861,21
58864,57
58867,22
58868,8
58870,40
58871,25
58873,8
58874,12
58876,18
58877,53
58880,15
58883,47
58884,12
58886,11
58887,12
58889,23
58890,42
58892,2
58893,10
58896,64
58899,19
58900,8
58902,36
58903,23
58905,14
58906,16
58908,14
58909,52
58912,14
58915,62
58916,7
58918,11
58919,11
58921,21
58922,34
58924,6
58925,16
58928,68
58931,18
58932,7
58934,37
58935,22
58937,8
58938,11
58940,11
58941,45
58944,22
58947,47
58948,6
58950,13
58951,10
58953,20
58954,28
58956,7
58957,14
58960,46
58963,26
58964,5
58966,29
58967,22
58969,9
58970,9
58972,12
58973,39
58976,24
58979,48
58980,10
58982,9
58983,11
58985,26
58986,34
58988,6
58989,21
58992,61
58995,12
58996,12
58998,37
58999,18
59001,10
59002,11
59004,13
59005,51
59008,24
59011,55
59012,18
59014,21
59015,10
59017,25
59018,24
59020,7
59021,23
59024,68
59027,8
59028,6
59030,29
59031,17
59033,6
59034,18
59036,15
59037,54
59040,25
59043,52
59044,8
59046,17
59047,9
59049,29
59050,45
59052,2
59053,19
59056,62
59059,8
59060,2
59062,54
59063,25
59065,12
59066,17
59068,9
59069,53
59072,22
59075,48
59076,13
59078,15
59079,5
59081,28
59082,35
59084,3
59085,23
59088,57
59091,17
59092,7
59094,41
59095,28
59097,8
59098,15
59100,12
59101,44
59104,23
59107,45
59108,19
59110,13
59111,11
59113,33
59114,34
59116,2
59117,23
59120,55
59123,24
59124,5
59126,34
59127,21
59129,10
59130,11
59132,14
59133,61
59136,21
59139,56
59140,14
59142,9
59143,11
59145,24
59146,36
59148,3
59149,21
59152,59
59155,14
59156,6
59158,43
59159,22
59161,9
59162,12
59164,10
59165,48
59168,27
59171,52
59172,13
59174,16
59175,9
59177,25
59178,41
59180,8
59181,18
59184,62
59187,26
59188,4
59190,28
59191,20
59193,11
59194,9
59196,16
59197,52
59200,22
59203,53
59204,15
59206,12
59207,10
59209,23
59210,42
59212,3
59213,19
59216,65
59219,17
59220,6
59222,34
59223,36
59225,7
59226,17
59228,7
59229,51
59232,23
59235,49
59236,14
59238,19
59239,9
59241,25
59242,40
59244,1
59245,13
59248,68
59251,14
59252,4
59254,33
59255,30
59257,6
59258,11
59260,13
59261,44
59264,20
59267,45
59268,15
59270,9
59271,9
59273,32
59274,28
59276,6
59277,16
59280,66
59283,22
59284,5
59286,52
59287,26
59289,8
59290,15
59292,12
59293,30
59296,26
59299,47
59300,12
59302,15
59303,6
59305,15
59306,42
59308,4
59309,23
59312,36
59315,18
59316,6
59318,41
59319,14
59321,11
59322,17
59324,11
59325,53
59328,21
59331,65
59332,9
59334,6
59335,5
59337,26
59338,47
59340,7
59341,19
59344,57
59347,10
59348,1
59350,35
59351,21
59353,5
59354,15
59356,12
59357,45
59360,17
59363,52
59364,12
59366,11
59367,11
59369,30
59370,42
59372,4
59373,14
59376,62
59379,20
59380,4
59382,40
59383,25
59385,10
59386,12
59388,17
59389,57
59392,16
59395,45
59396,15
59398,14
59399,8
59401,21
59402,24
59404,4
59405,21
59408,61
59411,20
59412,6
59414,42
59415,22
59417,9
59418,20
59420,12
59421,45
59424,27
59427,55
59428,12
59430,19
59431,4
59433,27
59434,34
59436,3
59437,14
59440,59
59443,20
59444,3
59446,33
59447,18
59449,10
59450,19
59452,25
59453,42
59456,18
59459,46
59460,18
59462,15
59463,11
59465,26
59466,31
59468,5
59469,22
59472,65
59475,18
59476,5
59478,37
59479,21
59481,8
59482,13
59484,13
59485,40
59488,25
59491,63
59492,20
59494,14
59495,8
59497,25
59498,34
59500,7
59501,25
59504,58
59507,19
59508,7
59510,41
59511,20
59513,7
59514,9
59516,14
59517,44
59520,27
59523,48
59524,13
59526,10
59527,14
59529,22
59530,41
59532,6
59533,18
59536,57
59539,20
59540,6
59542,22
59543,28
59545,12
59546,17
59548,8
59549,54
59552,23
59555,53
59556,11
59558,18
59559,8
59561,33
59562,34
59564,3
59565,20
59568,66
59571,19
59572,3
59574,37
59575,24
59577,13
59578,18
59580,17
59581,50
59584,28
59587,56
59588,10
59590,15
59591,11
59593,28
59594,35
59596,6
59597,18
59600,59
59603,20
59604,7
59606,29
59607,17
59609,5
59610,14
59612,12
59613,58
59616,25
59619,61
59620,16
59622,13
59623,9
59625,25
59626,38
59628,6
59629,16
59632,49
59635,21
59636,3
59638,36
59639,25
59641,8
59642,16
59644,14
59645,57
59648,18
59651,55
59652,11
59654,13
59655,9
59657,16
59658,32
59660,5
59661,29
59664,63
59667,15
59668,5
59670,40
59671,24
59673,8
59674,16
59676,13
59677,51
59680,23
59683,49
59684,13
59686,12
59687,10
59689,23
59690,31
59692,7
59693,10
59696,75
59699,20
59700,6
59702,45
59703,31
59705,9
59706,15
59708,18
59709,41
59712,23
59715,44
59716,13
59718,12
59719,9
59721,25
59722,28
59724,4
59725,18
59728,48
59731,18
59732,2
59734,45
59735,28
59737,5
59738,13
59740,14
59741,48
59744,34
59747,54
59748,11
59750,16
59751,4
59753,29
59754,35
59756,4
59757,17
59760,55
59763,16
59764,6
59766,42
59767,28
59769,12
59770,10
59772,19
59773,50
59776,20
59779,44
59780,13
59782,12
59783,8
59785,31
59786,37
59788,5
59789,19
59792,60
59795,11
59796,5
59798,42
59799,24
59801,4
59802,14
59804,9
59805,40
59808,16
59811,51
59812,18
59814,14
59815,11
59817,19
59818,39
59820,1
59821,24
59824,58
59827,15
59828,2
59830,41
59831,22
59833,12
59834,8
59836,19
59837,54
59840,13
59843,50
59844,14
59846,14
59847,11
59849,23
59850,38
59852,5
59853,14
59856,60
59859,14
59860,3
59862,54
59863,28
59865,7
59866,19
59868,14
59869,52
59872,25
59875,46
59876,11
59878,14
59879,4
59881,24
59882,43
59884,4
59885,20
59888,56
59891,20
59892,7
59894,27
59895,28
59897,8
59898,15
59900,18
59901,50
59904,21
59907,38
59908,7
59910,14
59911,4
59913,30
59914,30
59916,6
59917,16
59920,74
59923,19
59924,5
59926,33
59927,15
59929,15
59930,8
59932,15
59933,45
59936,29
59939,47
59940,9
59942,13
59943,8
59945,15
59946,41
59948,5
59949,14
59952,59
59955,17
59956,1
59958,33
59959,20
59961,9
59962,10
59964,12
59965,58
59968,21
59971,51
59972,13
59974,16
59975,6
59977,29
59978,29
59980,7
59981,27
59984,49
59987,20
59988,5
59990,28
59991,25
59993,7
59994,9
59996,18
59997,51
60000,16
60003,52
60004,16
60006,10
60007,7
60009,25
60010,33
60012,8
60013,13
60016,60
60019,27
60020,5
60022,37
60023,32
60025,7
60026,11
60028,13
60029,55
60032,22
60035,48
60036,19
60038,14
60039,8
60041,36
60042,41
60044,6
60045,14
60048,74
60051,17
60052,6
60054,51
60055,26
60057,11
60058,14
60060,17
60061,67
60064,22
60067,44
60068,11
60070,14
60071,7
60073,29
60074,29
60076,9
60077,14
60080,63
60083,18
60084,4
60086,44
60087,17
60089,6
60090,12
60092,7
60093,41
60096,22
60099,48
60100,15
60102,16
60103,10
60105,20
60106,41
60108,1
60109,14
60112,56
60115,14
60116,5
60118,43
60119,28
60121,6
60122,13
60124,13
60125,43
60128,25
60131,46
60132,10
60134,14
60135,8
60137,22
60138,39
60140,6
60141,12
60144,48
60147,24
60148,6
60150,26
60151,30
60153,11
60154,11
60156,15
60157,51
60160,15
60163,38
60164,9
60166,13
60167,10
60169,18
60170,36
60172,4
60173,19
60176,64
60179,14
60180,5
60182,37
60183,25
60185,7
60186,15
60188,17
60189,41
60192,14
60195,44
60196,17
60198,13
60199,12
60201,25
60202,38
60204,3
60205,17
60208,69
60211,18
60212,7
60214,51
60215,15
60217,9
60218,11
60220,11
60221,48
60224,18
60227,59
60228,17
60230,19
60231,13
60233,18
60234,38
60236,4
60237,18
60240,58
60243,17
60244,3
60246,26
60247,25
60249,7
60250,10
60252,16
60253,48
60256,26
60259,48
60260,15
60262,11
60263,10
60265,26
60266,29
60268,9
60269,22
60272,59
60275,16
60276,2
60278,26
60279,14
60281,14
60282,12
60284,13
60285,36
60288,24
60291,39
60292,15
60294,10
60295,8
60297,14
60298,35
60300,4
60301,21
60304,65
60307,13
60308,3
60310,40
60311,23
60313,9
60314,17
60316,16
60317,37
60320,26
60323,45
60324,12
60326,13
60327,12
60329,27
60330,39
60332,6
60333,14
60336,59
60339,20
60340,4
60342,28
60343,25
60345,5
60346,13
60348,7
60349,54
60352,34
60355,36
60356,10
60358,15
60359,7
60361,28
60362,32
60364,2
60365,17
60368,44
60371,14
60372,4
60374,42
60375,34
60377,7
60378,9
60380,13
60381,49
60384,22
60387,46
60388,15
60390,13
60391,8
60393,31
60394,24
60396,5
60397,21
60400,70
60403,24
60404,4
60406,24
60407,30
60409,6
60410,23
60412,14
60413,48
60416,16
60419,49
60420,10
60422,23
60423,6
60425,36
60426,35
60428,6
60429,18
60432,58
60435,15
60436,5
60438,47
60439,16
60441,10
60442,10
60444,15
60445,45
60448,20
60451,37
60452,9
60454,13
60455,9
60457,28
60458,32
60460,7
60461,16
60464,78
60467,16
60468,3
60470,40
60471,22
60473,10
60474,7
60476,10
60477,46
60480,26
60483,46
60484,17
60486,12
60487,9
60489,22
60490,41
60492,7
60493,14
60496,54
60499,18
60500,3
60502,31
60503,13
60505,8
60506,15
60508,13
60509,38
60512,21
60515,51
60516,10
60518,8
60519,6
60521,22
60522,26
60524,3
60525,11
60528,61
60531,27
60532,5
60534,38
60535,18
60537,12
60538,12
60540,13
60541,48
60544,17
60547,55
60548,8
60550,11
60551,6
60553,22
60554,39
60556,7
60557,13
60560,46
60563,18
60564,4
60566,32
60567,24
60569,8
60570,13
60572,7
60573,57
60576,24
60579,47
60580,13
60582,15
60583,8
60585,23
60586,48
60588,4
60589,23
60592,61
60595,22
60596,4
60598,20
60599,27
60601,6
60602,14
60604,21
60605,45
60608,20
60611,36
60612,15
60614,18
60615,7
60617,24
60618,33
60620,6
60621,13
60624,62
60627,17
60628,7
60630,44
60631,27
60633,10
60634,9
60636,12
60637,40
60640,32
60643,60
60644,10
60646,11
60647,7
60649,31
60650,33
60652,1
60653,14
60656,61
60659,20
60660,3
60662,37
60663,31
60665,9
60666,5
60668,12
60669,38
60672,18
60675,43
60676,22
60678,10
60679,14
60681,16
60682,29
60684,5
60685,18
60688,52
60691,11
60692,3
60694,35
60695,28
60697,12
60698,12
60700,8
60701,53
60704,18
60707,45
60708,9
60710,9
60711,6
60713,28
60714,41
60716,6
60717,25
60720,64
60723,19
60724,4
60726,43
60727,23
60729,9
60730,13
60732,15
60733,56
60736,16
60739,58
60740,10
60742,10
60743,4
60745,34
60746,34
60748,3
60749,15
60752,63
60755,15
60756,5
60758,36
60759,18
60761,10
60762,15
60764,9
60765,42
60768,17
60771,42
60772,9
60774,12
60775,3
60777,23
60778,46
60780,7
60781,17
60784,51
60787,26
60788,5
60790,45
60791,21
60793,7
60794,17
60796,17
60797,65
60800,18
60803,46
60804,10
60806,8
60807,10
60809,27
60810,30
60812,3
60813,21
60816,47
60819,12
60820,7
60822,37
60823,38
60825,9
60826,21
60828,16
60829,42
60832,22
60835,58
60836,13
60838,14
60839,9
60841,17
60842,28
60844,4
60845,20
60848,54
60851,19
60852,10
60854,30
60855,29
60857,2
60858,10
60860,9
60861,54
60864,32
60867,42
60868,15
60870,14
60871,10
60873,23
60874,28
60876,2
60877,17
60880,59
60883,17
60884,3
60886,30
60887,19
60889,7
60890,6
60892,10
60893,45
60896,17
60899,37
60900,18
60902,9
60903,12
60905,24
60906,21
60908,3
60909,19
60912,57
60915,18
60916,4
60918,36
60919,25
60921,11
60922,10
60924,18
60925,41
60928,19
60931,57
60932,17
60934,22
60935,6
60937,24
60938,27
60940,4
60941,15
60944,60
60947,19
60948,5
60950,43
60951,29
60953,9
60954,15
60956,7
60957,45
60960,31
60963,41
60964,7
60966,11
60967,11
60969,30
60970,36
60973,16
60976,55
60979,9
60980,7
60982,39
60983,19
60985,6
60986,8
60988,11
60989,44
60992,23
60995,54
60996,11
60998,10
60999,8
61001,22
61002,40
61004,7
61005,17
61008,60
61011,19
61012,3
61014,42
61015,22
61017,5
61018,16
61020,14
61021,52
61024,25
61027,51
61028,11
61030,11
61031,10
61033,30
61034,41
61036,5
61037,14
61040,50
61043,15
61044,4
61046,40
61047,21
61049,6
61050,12
61052,9
61053,59
61056,23
61059,40
61060,12
61062,14
61063,11
61065,30
61066,34
61068,3
61069,15
61072,57
61075,19
61076,1
61078,34
61079,26
61081,9
61082,15
61084,16
61085,50
61088,21
61091,42
61092,13
61094,15
61095,6
61097,24
61098,35
61100,5
61101,17
61104,62
61107,16
61108,2
61110,33
61111,17
61113,7
61114,14
61116,9
61117,43
61120,23
61123,50
61124,12
61126,14
61127,12
61129,18
61130,39
61132,4
61133,19
61136,65
61139,17
61140,3
61142,40
61143,20
61145,13
61146,14
61148,7
61149,50
61152,16
61155,46
61156,14
61158,13
61159,9
61161,18
61162,34
61164,4
61165,15
61168,62
61171,16
61172,4
61174,30
61175,23
61177,8
61178,14
61180,15
61181,51
61184,20
61187,44
61188,10
61190,3
61191,4
61193,21
61194,35
61196,5
61197,10
61200,43
61203,18
61204,7
61206,32
61207,23
61209,8
61210,5
61212,12
61213,44
61216,22
61219,46
61220,13
61222,14
61223,11
61225,20
61226,40
61228,2
61229,21
61232,68
61235,14
61236,3
61238,31
61239,29
61241,7
61242,8
61244,11
61245,71
61248,20
61251,46
61252,16
61254,14
61255,5
61257,11
61258,31
61260,2
61261,18
61264,53
61267,20
61268,4
61270,29
61271,24
61273,13
61274,10
61276,16
61277,41
61280,17
61283,55
61284,7
61286,10
61287,12
61289,24
61290,41
61292,7
61293,7
61296,51
61299,18
61300,4
61302,41
61303,21
61305,12
61306,14
61308,12
61309,48
61312,21
61315,47
61316,11
61318,8
61319,10
61321,21
61322,31
61324,5
61325,18
61328,53
61331,15
61332,3
61334,34
61335,40
61337,7
61338,12
61340,6
61341,37
61344,24
61347,49
61348,13
61350,8
61351,6
61353,14
61354,24
61356,6
61357,13
61360,49
61363,11
61364,5
61366,29
61367,31
61369,6
61370,5
61372,12
61373,45
61376,13
61379,42
61380,15
61382,15
61383,7
61385,16
61386,20
61388,3
61389,22
61392,53
61395,11
61396,2
61398,33
61399,20
61401,8
61402,6
61404,15
61405,36
61408,18
61411,38
61412,7
61414,13
61415,9
61417,21
61418,33
61420,3
61421,17
61424,55
61427,27
61428,3
61430,29
61431,20
61433,8
61434,18
61436,11
61437,40
61440,15
61443,51
61444,12
61446,17
61447,6
61449,24
61450,43
61452,5
61453,16
61456,59
61459,20
61460,3
61462,38
61463,22
61465,5
61466,15
61468,11
61469,35
61472,11
61475,48
61476,9
61478,13
61479,10
61481,28
61482,40
61484,6
61485,14
61488,65
61491,13
61492,3
61494,25
61495,27
61497,8
61498,9
61500,10
61501,43
61504,26
61507,35
61508,10
61510,14
61511,9
61513,22
61514,40
61516,3
61517,19
61520,43
61523,11
61524,2
61526,35
61527,20
61529,3
61530,10
61532,10
61533,43
61536,12
61539,42
61540,9
61542,15
61543,10
61545,20
61546,28
61548,3
61549,18
61552,49
61555,20
61556,5
61558,27
61559,28
61561,8
61562,9
61564,8
61565,36
61568,17
61571,45
61572,10
61574,8
61575,5
61577,25
61578,37
61580,2
61581,9
61584,65
61587,15
61588,3
61590,35
61591,19
61593,5
61594,9
61596,16
61597,47
61600,28
61603,44
61604,16
61606,17
61607,8
61609,16
61610,31
61612,4
61613,9
61616,63
61619,17
61620,7
61622,43
61623,23
61625,6
61626,11
61628,10
61629,44
61632,23
61635,40
61636,10
61638,16
61639,3
61641,34
61642,35
61644,4
61645,12
61648,48
61651,14
61652,5
61654,29
61655,18
61657,2
61658,16
61660,8
61661,50
61664,21
61667,43
61668,13
61670,10
61671,13
61673,22
61674,30
61676,3
61677,16
61680,57
61683,11
61684,4
61686,29
61687,19
61689,9
61690,8
61692,3
61693,42
61696,20
61699,52
61700,8
61702,15
61703,8
61705,12
61706,33
61708,10
61709,18
61712,50
61715,15
61716,2
61718,36
61719,17
61721,7
61722,14
61724,16
61725,46
61728,22
61731,34
61732,7
61734,11
61735,3
61737,19
61738,31
61740,6
61741,11
61744,63
61747,16
61748,3
61750,31
61751,21
61753,9
61754,4
61756,6
61757,34
61760,24
61763,41
61764,18
61766,7
61767,4
61769,29
61770,21
61772,8
61773,22
61776,53
61779,19
61780,3
61782,32
61783,18
61785,4
61786,15
61788,9
61789,43
61792,23
61795,37
61796,15
61798,11
61799,5
61801,15
61802,31
61804,7
61805,16
61808,50
61811,22
61812,4
61814,26
61815,28
61817,6
61818,12
61820,8
61821,36
61824,27
61827,35
61828,14
61830,16
61831,7
61833,23
61834,34
61836,6
61837,12
61840,53
61843,20
61844,6
61846,31
61847,19
61849,7
61850,10
61852,13
61853,48
61856,18
61859,46
61860,11
61862,16
61863,11
61865,26
61866,31
61868,4
61869,23
61872,44
61875,10
61876,6
61878,20
61879,24
61881,7
61882,15
61884,8
61885,47
61888,15
61891,34
61892,10
61894,10
61895,4
61897,19
61898,22
61900,9
61901,12
61904,59
61907,16
61908,3
61910,34
61911,21
61913,7
61914,3
61916,11
61917,37
61920,18
61923,41
61924,9
61926,20
61927,5
61929,18
61930,24
61932,6
61933,17
61936,55
61939,10
61940,4
61942,27
61943,33
61945,10
61946,10
61948,7
61949,31
61952,21
61955,45
61956,9
61958,11
61959,8
61961,23
61962,21
61964,7
61965,10
61968,56
61971,8
61972,2
61974,21
61975,33
61977,4
61978,17
61980,8
61981,40
61984,12
61987,58
61988,11
61990,15
61991,6
61993,16
61994,25
61996,4
61997,11
62000,40
62003,20
62004,1
62006,13
62007,16
62009,8
62010,14
62012,11
62013,48
62016,19
62019,57
62020,12
62022,6
62023,6
62025,29
62026,43
62028,5
62029,11
62032,48
62035,16
62036,5
62038,28
62039,26
62041,7
62042,9
62044,11
62045,33
62048,22
62051,48
62052,7
62054,8
62055,8
62057,11
62058,36
62060,10
62061,10
62064,43
62067,18
62068,5
62070,35
62071,26
62073,4
62074,15
62076,10
62077,40
62080,18
62083,31
62084,14
62086,8
62087,6
62089,25
62090,28
62092,2
62093,11
62096,49
62099,15
62100,4
62102,30
62103,17
62105,10
62106,13
62108,6
62109,41
62112,18
62115,37
62116,12
62118,11
62119,7
62121,20
62122,37
62124,4
62125,9
62128,47
62131,13
62132,4
62134,24
62135,17
62137,5
62138,11
62140,11
62141,44
62144,20
62147,36
62148,10
62150,8
62151,9
62153,21
62154,30
62156,3
62157,18
62160,49
62163,13
62164,5
62166,29
62167,24
62169,10
62170,12
62172,11
62173,38
62176,19
62179,41
62180,11
62182,12
62183,11
62185,22
62186,32
62188,4
62189,11
62192,61
62195,24
62198,29
62199,15
62201,6
62202,14
62204,10
62205,38
62208,17
62211,36
62212,10
62214,7
62215,5
62217,24
62218,23
62220,3
62221,24
62224,63
62227,12
62228,4
62230,37
62231,15
62233,8
62234,15
62236,10
62237,48
62240,20
62243,37
62244,15
62246,8
62247,6
62249,23
62250,29
62252,3
62253,21
62256,39
62259,19
62260,3
62262,29
62263,17
62265,6
62266,17
62268,5
62269,44
62272,17
62275,37
62276,6
62278,6
62279,4
62281,23
62282,33
62284,2
62285,9
62288,31
62291,13
62292,5
62294,29
62295,21
62297,9
62298,11
62300,9
62301,40
62304,21
62307,45
62308,7
62310,9
62311,8
62313,15
62314,35
62316,1
62317,14
62320,55
62323,9
62324,5
62326,22
62327,12
62329,9
62330,14
62332,13
62333,46
62336,20
62339,32
62340,5
62342,10
62343,9
62345,17
62346,25
62348,3
62349,9
62352,44
62355,14
62356,4
62358,26
62359,21
62361,12
62362,7
62364,5
62365,41
62368,16
62371,40
62372,7
62374,12
62375,9
62377,17
62378,42
62380,5
62381,16
62384,48
62387,12
62388,1
62390,36
62391,21
62393,8
62394,5
62396,12
62397,37
62400,24
62403,47
62404,9
62406,11
62407,7
62409,28
62410,33
62412,1
62413,13
62416,44
62419,11
62420,4
62422,29
62423,19
62425,9
62426,10
62428,14
62429,26
62432,22
62435,42
62436,11
62438,13
62439,5
62441,22
62442,36
62444,1
62445,14
62448,48
62451,15
62452,4
62454,32
62455,15
62457,7
62458,15
62460,6
62461,44
62464,25
62467,37
62468,9
62470,15
62471,8
62473,9
62474,31
62476,5
62477,13
62480,48
62483,9
62484,4
62486,38
62487,19
62489,8
62490,12
62492,9
62493,37
62496,17
62499,24
62500,5
62502,14
62503,3
62505,28
62506,25
62508,7
62509,9
62512,47
62515,24
62516,5
62518,32
62519,19
62521,6
62522,12
62524,13
62525,42
62528,19
62531,37
62532,5
62534,9
62535,10
62537,23
62538,32
62540,8
62541,14
62544,46
62547,10
62548,2
62550,29
62551,14
62553,7
62554,14
62556,11
62557,31
62560,17
62563,39
62564,11
62566,6
62567,4
62569,16
62570,29
62572,4
62573,13
62576,61
62579,16
62580,5
62582,32
62583,19
62585,8
62586,8
62588,12
62589,28
62592,14
62595,36
62596,9
62598,9
62599,8
62601,23
62602,34
62604,6
62605,18
62608,39
62611,21
62612,4
62614,27
62615,18
62617,8
62618,12
62620,5
62621,34
62624,22
62627,46
62628,15
62630,9
62631,8
62633,20
62634,26
62636,4
62637,13
62640,58
62643,16
62644,4
62646,25
62647,27
62649,8
62650,9
62652,10
62653,35
62656,30
62659,39
62660,10
62662,9
62663,7
62665,22
62666,30
62668,4
62669,13
62672,46
62675,17
62676,4
62678,26
62679,16
62681,6
62682,10
62684,10
62685,28
62688,19
62691,50
62692,10
62694,14
62695,5
62697,14
62698,20
62700,1
62701,15
62704,46
62707,21
62708,2
62710,30
62711,17
62713,6
62714,9
62716,9
62717,32
62720,16
62723,34
62724,11
62726,8
62727,5
62729,16
62730,29
62733,15
62736,39
62739,12
62740,2
62742,29
62743,12
62745,9
62746,9
62748,11
62749,37
62752,17
62755,34
62756,6
62758,8
62759,11
62761,24
62762,35
62764,2
62765,12
62768,51
62771,13
62772,4
62774,21
62775,18
62777,3
62778,8
62780,12
62781,29
62784,10
62787,37
62788,8
62790,12
62791,10
62793,24
62794,35
62797,14
62800,38
62803,7
62804,3
62806,33
62807,19
62809,5
62810,6
62812,4
62813,36
62816,9
62819,49
62820,10
62822,11
62823,4
62825,15
62826,21
62828,2
62829,12
62832,43
62835,15
62836,6
62838,23
62839,21
62841,4
62842,7
62844,9
62845,40
62848,13
62851,38
62852,12
62854,14
62855,6
62857,18
62858,39
62860,3
62861,11
62864,44
62867,18
62868,3
62870,20
62871,25
62873,7
62874,15
62876,8
62877,34
62880,14
62883,31
62884,6
62886,7
62887,6
62889,20
62890,31
62892,2
62893,14
62896,38
62899,7
62900,2
62902,24
62903,18
62905,5
62906,9
62908,15
62909,43
62912,21
62915,47
62916,11
62918,4
62919,12
62921,19
62922,32
62924,5
62925,17
62928,38
62931,13
62932,5
62934,24
62935,15
62937,3
62938,14
62940,14
62941,38
62944,11
62947,46
62948,12
62950,13
62951,7
62953,13
62954,30
62956,5
62957,15
62960,42
62963,8
62964,3
62966,26
62967,14
62969,7
62970,6
62972,11
62973,31
62976,19
62979,45
62980,6
62982,10
62983,2
62985,15
62986,27
62988,1
62989,11
62992,45
62995,12
62996,3
62998,33
62999,20
63001,8
63002,13
63004,10
63005,34
63008,13
63011,28
63012,1
63014,5
63015,12
63017,16
63018,19
63020,3
63021,12
63024,27
63027,17
63028,3
63030,37
63031,23
63033,3
63034,11
63036,6
63037,39
63040,12
63043,22
63044,9
63046,15
63047,7
63049,16
63050,23
63052,3
63053,10
63056,38
63059,13
63060,2
63062,22
63063,13
63065,5
63066,13
63068,7
63069,35
63072,12
63075,35
63076,18
63078,13
63079,6
63081,14
63082,29
63084,3
63085,11
63088,42
63091,8
63092,2
63094,24
63095,18
63097,7
63098,10
63100,10
63101,36
63104,15
63107,30
63108,11
63110,14
63111,8
63113,18
63114,29
63116,3
63117,7
63120,45
63123,9
63124,4
63126,25
63127,13
63129,7
63130,11
63132,12
63133,33
63136,12
63139,32
63140,6
63142,5
63143,8
63145,15
63146,24
63148,3
63149,13
63152,40
63155,12
63156,3
63158,27
63159,18
63161,6
63162,12
63164,8
63165,27
63168,14
63171,33
63172,12
63174,13
63175,7
63177,11
63178,25
63180,3
63181,15
63184,35
63187,14
63188,1
63190,23
63191,18
63193,7
63194,10
63196,8
63197,31
63200,12
63203,36
63204,5
63206,8
63207,7
63209,17
63210,22
63212,3
63213,8
63216,47
63219,9
63220,4
63222,19
63223,18
63225,5
63226,15
63228,10
63229,39
63232,18
63235,27
63236,3
63238,10
63239,7
63241,16
63242,17
63244,1
63245,11
63248,46
63251,10
63252,2
63254,21
63255,23
63257,9
63258,11
63260,6
63261,43
63264,18
63267,38
63268,10
63270,9
63271,5
63273,12
63274,19
63277,14
63280,39
63283,13
63284,3
63286,19
63287,10
63289,5
63290,8
63292,9
63293,24
63296,13
63299,35
63300,5
63302,7
63303,7
63305,18
63306,31
63308,2
63309,10
63312,40
63315,9
63316,2
63318,23
63319,14
63321,5
63322,13
63324,8
63325,29
63328,12
63331,26
63332,5
63334,12
63335,9
63337,3
63338,24
63340,1
63341,16
63344,34
63347,16
63348,3
63350,22
63351,23
63353,3
63354,9
63356,12
63357,33
63360,18
63363,37
63364,7
63366,7
63367,4
63369,16
63370,29
63372,2
63373,10
63376,37
63379,13
63380,1
63382,24
63383,21
63385,2
63386,12
63388,5
63389,21
63392,26
63395,32
63396,11
63398,7
63399,5
63401,18
63402,19
63404,2
63405,12
63408,43
63411,19
63412,2
63414,17
63415,21
63417,3
63418,7
63420,10
63421,34
63424,13
63427,31
63428,10
63430,6
63431,10
63433,19
63434,28
63436,3
63437,9
63440,37
63443,8
63444,1
63446,29
63447,18
63449,5
63450,7
63452,7
63453,30
63456,11
63459,31
63460,12
63462,7
63463,5
63465,13
63466,19
63468,5
63469,12
63472,37
63475,12
63476,4
63478,12
63479,9
63481,6
63482,7
63484,12
63485,32
63488,12
63491,20
63492,4
63494,12
63495,1
63497,11
63498,15
63500,2
63501,11
63504,39
63507,16
63508,2
63510,28
63511,10
63513,5
63514,9
63516,11
63517,34
63520,14
63523,37
63524,8
63526,9
63527,9
63529,16
63530,18
63532,1
63533,6
63536,43
63539,7
63542,24
63543,14
63545,8
63546,4
63548,7
63549,30
63552,16
63555,29
63556,7
63558,6
63559,3
63561,10
63562,24
63564,6
63565,7
63568,42
63571,8
63572,4
63574,34
63575,6
63577,7
63578,5
63580,6
63581,24
63584,13
63587,22
63588,8
63590,9
63591,6
63593,11
63594,18
63597,7
63600,29
63603,11
63604,2
63606,22
63607,8
63609,8
63610,4
63612,10
63613,24
63616,10
63619,18
63620,7
63622,6
63623,5
63625,8
63626,14
63628,3
63629,10
63632,31
63635,8
63636,3
63638,16
63639,11
63641,6
63642,7
63644,5
63645,29
63648,13
63651,27
63652,9
63654,5
63655,5
63657,8
63658,18
63660,2
63661,8
63664,30
63667,8
63670,18
63671,19
63673,3
63674,7
63676,6
63677,23
63680,7
63683,26
63684,8
63686,6
63687,5
63689,19
63690,16
63692,2
63693,6
63696,32
63699,9
63700,2
63702,17
63703,21
63705,3
63706,3
63709,23
63712,12
63715,39
63716,4
63718,8
63719,5
63721,12
63722,27
63724,5
63725,19
63728,31
63731,10
63732,6
63734,22
63735,16
63737,4
63738,6
63740,5
63741,25
63744,11
63747,31
63748,5
63750,4
63751,9
63753,16
63754,10
63756,3
63757,12
63760,40
63763,7
63764,2
63766,24
63767,16
63769,6
63770,2
63772,6
63773,21
63776,10
63779,26
63780,3
63782,6
63783,10
63785,12
63786,19
63788,3
63789,12
63792,27
63795,12
63796,5
63798,25
63799,15
63801,2
63802,6
63804,4
63805,23
63808,9
63811,28
63812,7
63814,8
63815,2
63817,9
63818,21
63820,4
63821,4
63824,27
63827,8
63828,1
63830,19
63831,13
63833,4
63834,5
63836,8
63837,30
63840,10
63843,30
63844,3
63846,12
63847,4
63849,9
63850,26
63852,2
63853,9
63856,29
63859,5
63862,21
63863,8
63865,3
63866,6
63868,6
63869,15
63872,14
63875,23
63876,3
63878,11
63879,8
63881,9
63882,23
63884,1
63885,11
63888,34
63891,7
63894,19
63895,14
63897,4
63898,1
63900,7
63901,23
63904,7
63907,31
63908,9
63910,10
63911,1
63913,9
63914,18
63917,10
63920,31
63923,6
63924,2
63926,12
63927,15
63929,4
63930,4
63932,8
63933,25
63936,13
63939,23
63940,7
63942,6
63943,4
63945,8
63946,22
63948,1
63949,7
63952,26
63955,9
63958,11
63959,14
63961,3
63962,8
63964,7
63965,19
63968,7
63971,22
63972,9
63974,8
63975,1
63977,6
63978,12
63980,1
63981,9
63984,23
63987,3
63988,1
63990,16
63991,10
63993,6
63994,5
63996,8
63997,23
64000,8
64003,20
64004,8
64006,6
64007,1
64009,10
64010,16
64012,2
64013,13
64016,18
64019,10
64020,1
64022,13
64023,8
64025,5
64026,8
64028,3
64029,26
64032,6
64035,22
64036,2
64038,8
64039,2
64041,14
64042,12
64044,2
64045,4
64048,24
64051,7
64052,2
64054,19
64055,10
64057,5
64058,5
64060,9
64061,28
64064,9
64067,20
64068,11
64070,3
64071,4
64073,9
64074,15
64076,1
64077,5
64080,17
64083,7
64084,3
64086,17
64087,5
64089,7
64090,4
64092,3
64093,14
64096,7
64099,23
64100,7
64102,4
64103,5
64105,9
64106,16
64108,1
64109,6
64112,17
64115,4
64116,1
64118,15
64119,5
64121,2
64122,3
64124,8
64125,18
64128,9
64131,15
64132,7
64134,7
64135,2
64137,16
64138,11
64140,4
64141,3
64144,36
64147,9
64148,1
64150,16
64151,8
64153,4
64154,5
64156,5
64157,17
64160,8
64163,20
64164,7
64166,2
64167,5
64169,7
64170,15
64172,1
64173,9
64176,25
64179,7
64180,1
64182,16
64183,11
64185,1
64186,3
64188,5
64189,25
64192,9
64195,23
64196,7
64198,5
64199,5
64201,8
64202,22
64204,3
64205,5
64208,17
64211,11
64214,20
64215,6
64217,5
64218,1
64220,5
64221,14
64224,5
64227,19
64228,2
64230,2
64231,2
64233,8
64234,13
64236,2
64237,6
64240,32
64243,3
64244,3
64246,10
64247,8
64250,5
64252,2
64253,18
64256,6
64259,24
64260,4
64262,7
64263,3
64265,12
64266,18
64268,3
64269,3
64272,23
64275,6
64278,11
64279,12
64281,3
64282,3
64284,4
64285,19
64288,7
64291,14
64292,5
64294,4
64295,4
64297,10
64298,14
64300,2
64301,9
64304,19
64307,7
64308,2
64310,12
64311,4
64313,6
64314,8
64316,5
64317,12
64320,6
64323,21
64324,4
64326,6
64327,7
64329,13
64330,11
64332,2
64333,8
64336,23
64339,10
64342,10
64343,11
64345,4
64346,6
64348,4
64349,15
64352,4
64355,12
64356,7
64359,4
64361,4
64362,7
64364,1
64365,8
64368,26
64371,7
64372,1
64374,17
64375,10
64377,2
64378,4
64380,9
64381,19
64384,7
64387,13
64388,6
64390,4
64391,4
64393,7
64394,13
64396,1
64397,2
64400,10
64403,4
64404,1
64406,17
64407,12
64409,2
64410,5
64412,5
64413,11
64416,10
64419,22
64420,6
64422,1
64423,4
64425,8
64426,9
64429,7
64432,22
64435,2
64436,2
64438,9
64439,11
64442,3
64444,5
64445,17
64448,5
64451,10
64452,2
64454,4
64455,4
64457,9
64458,10
64460,1
64461,8
64464,18
64467,3
64468,2
64470,10
64471,6
64473,2
64474,4
64476,10
64477,24
64480,7
64483,7
64484,4
64486,5
64487,4
64489,10
64490,11
64493,4
64496,12
64499,8
64500,2
64502,12
64503,6
64505,3
64506,3
64508,4
64509,11
64512,5
64515,18
64516,2
64518,6
64519,3
64521,6
64522,13
64525,1
64528,20
64531,4
64532,1
64534,10
64535,5
64537,4
64538,4
64541,14
64544,3
64547,12
64548,2
64550,4
64551,2
64553,5
64554,11
64556,1
64557,6
64560,11
64564,4
64566,3
64567,6
64569,3
64570,6
64572,6
64573,6
64576,6
64579,9
64580,6
64582,4
64583,3
64585,5
64586,10
64589,3
64592,16
64595,1
64596,1
64598,10
64599,4
64601,2
64602,4
64604,2
64605,19
64608,7
64611,10
64612,5
64614,4
64617,10
64618,7
64620,2
64621,4
64624,21
64627,4
64628,3
64630,12
64631,4
64633,1
64634,5
64636,4
64637,11
64640,4
64643,11
64644,3
64646,4
64647,4
64649,9
64650,6
64652,1
64653,1
64656,15
64659,5
64660,1
64662,10
64663,10
64665,2
64668,1
64669,22
64672,6
64675,8
64676,3
64678,2
64679,2
64681,1
64682,9
64684,1
64685,3
64688,13
64691,7
64692,2
64694,4
64695,8
64698,3
64700,7
64701,8
64704,3
64707,13
64708,2
64710,4
64713,7
64714,9
64717,5
64720,20
64723,5
64724,1
64726,3
64727,4
64729,1
64730,6
64732,5
64733,8
64736,3
64739,11
64740,5
64742,1
64743,3
64745,6
64746,9
64749,2
64752,13
64755,2
64758,6
64759,10
64761,2
64762,4
64764,4
64765,13
64768,7
64771,12
64772,1
64774,4
64775,3
64777,6
64778,14
64780,2
64781,5
64784,12
64787,6
64788,1
64790,12
64791,8
64793,2
64794,5
64796,3
64797,6
64800,9
64803,6
64804,4
64806,4
64807,4
64809,9
64810,7
64812,1
64813,6
64816,8
64819,4
64820,1
64822,8
64823,4
64825,1
64826,2
64828,3
64829,8
64832,4
64835,4
64836,1
64838,3
64839,1
64841,4
64842,5
64845,3
64848,15
64851,4
64852,1
64854,8
64855,3
64857,6
64858,3
64860,1
64861,17
64864,3
64867,10
64868,3
64870,3
64871,6
64873,5
64874,6
64876,1
64877,2
64880,14
64883,5
64884,1
64886,7
64887,6
64889,3
64890,3
64892,2
64893,7
64896,7
64899,12
64900,6
64902,6
64903,5
64905,4
64906,6
64909,7
64912,12
64915,1
64916,1
64918,4
64919,2
64921,3
64922,4
64924,2
64925,10
64928,4
64931,10
64932,2
64934,4
64935,1
64937,4
64938,5
64940,2
64941,3
64944,13
64947,3
64948,1
64950,7
64951,3
64954,3
64956,3
64957,14
64960,3
64963,5
64964,1
64966,3
64967,1
64969,7
64970,13
64972,1
64973,5
64976,13
64979,3
64980,1
64982,4
64983,2
64985,1
64986,2
64988,1
64989,10
64992,4
64995,8
64996,1
64998,3
65001,4
65002,7
65005,8
65008,8
65011,4
65012,2
65014,10
65015,7
65017,1
65018,4
65020,4
65021,14
65024,5
65027,3
65030,1
65031,1
65033,7
65034,7
65036,1
65040,9
65043,4
65044,1
65046,7
65047,5
65049,4
65050,1
65053,9
65056,2
65059,6
65060,4
65065,5
65066,4
65069,5
65072,18
65075,2
65076,2
65078,6
65079,4
65081,4
65082,4
65084,3
65085,8
65088,8
65091,12
65092,1
65094,4
65095,2
65097,4
65098,4
65100,1
65101,3
65104,10
65107,1
65108,1
65110,4
65111,6
65113,1
65114,2
65116,4
65117,9
65120,5
65123,5
65124,1
65126,2
65127,4
65129,3
65130,10
65132,1
65133,3
65136,6
65139,2
65140,1
65142,3
65143,4
65146,3
65148,2
65149,8
65152,2
65155,11
65156,5
65158,2
65159,1
65161,2
65162,7
65164,1
65165,4
65168,12
65171,1
65172,1
65174,5
65175,3
65178,1
65180,3
65181,8
65184,4
65187,9
65190,3
65191,1
65193,5
65194,4
65197,4
65200,7
65203,1
65204,1
65206,6
65207,2
65209,4
65210,2
65212,3
65213,9
65216,4
65219,6
65220,3
65222,2
65223,2
65225,8
65226,5
65229,3
65232,6
65238,1
65239,4
65241,2
65244,2
65245,12
65248,4
65251,8
65252,2
65254,1
65255,3
65257,3
65258,8
65260,2
65261,4
65264,10
65267,3
65270,6
65271,5
65273,2
65276,2
65277,7
65280,4
65283,6
65286,2
65289,3
65290,3
65292,1
65293,4
65296,11
65299,5
65300,1
65302,5
65303,1
65305,2
65306,2
65308,1
65309,7
65312,10
65315,7
65316,3
65319,4
65321,5
65322,9
65324,1
65325,4
65328,7
65331,5
65334,5
65335,4
65340,2
65341,7
65344,2
65347,9
65348,4
65350,3
65351,3
65353,3
65354,5
65356,2
65357,4
65360,17
65363,1
65366,5
65367,6
65369,2
65372,1
65373,2
65376,1
65379,6
65380,1
65382,2
65383,1
65385,8
65386,6
65389,1
65392,13
65395,5
65396,1
65398,11
65399,1
65401,2
65402,1
65404,1
65405,7
65408,3
65411,8
65412,2
65414,2
65415,1
65417,3
65418,6
65420,1
65421,3
65424,11
65427,3
65430,4
65431,3
65433,1
65434,2
65436,4
65437,9
65440,3
65443,7
65444,2
65447,2
65449,6
65450,6
65456,13
65459,2
65460,1
65462,4
65463,2
65465,3
65466,2
65468,3
65469,10
65472,4
65475,8
65476,3
65478,1
65479,1
65481,1
65482,7
65485,4
65488,7
65491,2
65494,4
65495,2
65497,1
65498,1
65501,6
65504,2
65507,7
65508,2
65510,3
65511,1
65513,4
65514,2
65516,1
65517,3
65520,10
65523,1
65526,6
65527,3
65529,1
65532,1
65533,5
65536,2
65539,6
65540,2
65542,4
65543,1
65545,1
65546,6
65548,3
65552,12
65555,1
65558,4
65559,1
65564,2
65565,6
65568,4
65571,6
65572,2
65574,2
65575,1
65577,3
65578,8
65581,1
65584,12
65587,3
65588,1
65590,3
65591,3
65596,2
65597,3
65600,4
65603,6
65604,5
65606,2
65607,1
65609,3
65610,5
65612,1
65613,3
65616,7
65619,1
65620,2
65622,8
65623,4
65625,1
65626,1
65628,1
65629,4
65632,4
65635,4
65636,3
65638,2
65641,5
65642,7
65644,1
65645,3
65648,4
65651,2
65652,1
65654,6
65655,1
65657,1
65658,2
65660,2
65661,5
65664,3
65667,5
65668,1
65670,2
65673,2
65674,5
65680,9
65684,1
65686,8
65687,1
65689,1
65690,1
65692,1
65693,5
65696,3
65699,9
65700,2
65702,2
65703,2
65705,5
65706,3
65708,4
65709,4
65712,1
65715,5
65716,1
65718,5
65719,4
65722,1
65724,1
65725,2
65728,3
65731,7
65732,1
65734,1
65735,1
65737,3
65738,3
65740,1
65741,2
65744,9
65748,1
65750,5
65751,5
65753,1
65754,4
65757,4
65760,4
65763,9
65764,1
65766,1
65767,2
65769,1
65770,10
65773,1
65776,7
65779,3
65782,5
65783,3
65788,2
65789,12
65792,4
65795,5
65796,2
65798,1
65801,2
65804,1
65805,1
65808,6
65812,1
65815,1
65817,3
65818,5
65820,1
65821,8
65824,3
65827,4
65828,1
65830,2
65831,3
65833,4
65834,3
65840,9
65843,3
65846,1
65847,1
65849,1
65850,1
65852,2
65853,5
65856,1
65859,3
65860,2
65862,1
65863,1
65865,4
65866,1
65869,2
65872,7
65875,2
65876,1
65878,3
65879,4
65881,1
65882,2
65884,1
65885,4
65888,2
65891,4
65892,3
65894,2
65895,1
65897,1
65898,1
65901,1
65904,9
65907,5
65910,6
65911,3
65913,1
65914,3
65916,1
65917,8
65920,2
65923,4
65924,1
65927,2
65929,4
65930,4
65932,1
65933,1
65936,6
65939,2
65942,3
65943,4
65945,2
65946,1
65948,2
65949,2
65952,2
65955,9
65956,2
65958,3
65959,3
65961,6
65962,4
65965,1
65968,6
65971,2
65972,1
65974,3
65975,3
65978,1
65981,1
65984,2
65987,4
65988,1
65990,3
65991,3
65993,1
65994,5
66000,4
66003,1
66006,3
66007,1
66009,2
66010,1
66012,1
66013,6
66016,2
66019,11
66020,1
66022,3
66023,1
66025,2
66026,4
66029,2
66032,9
66038,4
66039,1
66042,2
66044,1
66045,4
66048,5
66051,5
66052,2
66057,1
66058,4
66060,3
66061,1
66064,4
66067,2
66068,2
66070,4
66071,4
66074,1
66076,1
66077,4
66080,1
66083,4
66084,2
66086,4
66089,4
66090,2
66096,4
66102,2
66103,4
66108,1
66109,4
66112,1
66115,4
66116,3
66121,1
66122,2
66125,2
66128,4
66134,1
66135,2
66138,4
66141,3
66144,2
66147,3
66148,1
66150,2
66151,2
66153,2
66154,3
66157,2
66160,1
66163,1
66164,2
66166,3
66167,4
66169,2
66172,3
66173,5
66176,6
66179,3
66182,2
66183,2
66185,1
66186,3
66188,2
66189,2
66192,5
66195,3
66198,6
66199,2
66201,1
66205,3
66208,3
66211,4
66212,1
66215,1
66217,4
66218,4
66220,1
66224,4
66227,1
66228,2
66230,7
66231,2
66233,2
66234,4
66236,1
66237,6
66240,2
66243,5
66246,3
66249,6
66250,4
66252,1
66253,2
66256,6
66259,2
66260,1
66262,2
66263,2
66265,1
66266,2
66268,3
66269,2
66272,6
66275,5
66278,2
66279,3
66281,1
66282,6
66285,1
66288,5
66291,1
66294,7
66295,2
66297,1
66298,3
66301,6
66304,2
66307,3
66308,1
66313,2
66314,4
66316,1
66317,3
66320,3
66323,2
66326,2
66327,1
66329,2
66330,1
66333,6
66336,4
66339,6
66340,2
66345,2
66346,1
66348,1
66349,2
66352,8
66355,2
66356,1
66358,3
66359,2
66361,1
66362,2
66364,2
66365,7
66368,6
66371,1
66372,2
66374,1
66377,3
66378,3
66384,3
66387,2
66390,2
66391,1
66393,1
66396,1
66397,4
66400,1
66406,2
66407,2
66409,5
66410,5
66416,5
66422,4
66425,2
66426,1
66428,1
66429,3
66432,1
66435,6
66436,1
66438,2
66439,2
66441,2
66442,3
66445,3
66448,7
66451,3
66454,2
66455,2
66458,2
66460,1
66461,5
66464,1
66467,4
66468,1
66470,2
66471,1
66473,2
66476,1
66477,1
66480,7
66483,1
66486,4
66487,3
66489,1
66492,1
66493,2
66496,4
66499,6
66503,1
66505,1
66506,1
66512,4
66515,3
66518,4
66519,2
66521,3
66522,3
66525,4
66528,2
66531,6
66535,2
66537,3
66538,3
66544,7
66547,1
66548,1
66550,3
66551,1
66553,1
66554,1
66556,1
66557,4
66560,2
66563,4
66564,1
66569,1
66570,3
66572,2
66576,4
66579,4
66582,1
66583,2
66585,1
66586,1
66588,1
66589,4
66592,1
66595,3
66596,1
66598,1
66601,3
66602,2
66604,1
66605,2
66608,5
66611,1
66612,1
66614,2
66615,4
66618,1
66620,2
66621,4
66624,4
66627,1
66628,1
66630,1
66634,2
66640,5
66646,4
66649,1
66650,2
66653,4
66656,4
66659,3
66662,2
66665,2
66666,1
66668,2
66669,3
66672,7
66675,3
66678,2
66681,1
66685,3
66691,3
66692,1
66695,1
66697,5
66698,1
66701,1
66704,3
66707,3
66708,1
66710,3
66714,1
66716,1
66717,8
66720,2
66723,8
66724,2
66726,3
66727,2
66730,6
66733,2
66736,4
66739,2
66742,3
66743,4
66745,1
66748,1
66749,4
66752,2
66755,6
66756,1
66758,1
66759,2
66761,1
66762,2
66764,1
66765,1
66768,4
66771,1
66775,2
66777,1
66778,4
66780,1
66781,3
66784,1
66787,3
66788,1
66790,1
66793,1
66794,1
66796,1
66797,2
66800,3
66803,2
66804,1
66806,3
66807,1
66810,2
66812,1
66813,4
66816,2
66819,6
66822,1
66823,1
66825,1
66826,3
66829,1
66832,4
66835,1
66838,1
66839,3
66841,1
66844,2
66845,3
66848,3
66851,7
66857,2
66858,3
66860,1
66864,8
66868,1
66870,1
66871,3
66873,1
66876,2
66877,1
66880,2
66883,3
66884,1
66890,3
66893,1
66896,6
66899,1
66902,3
66903,2
66906,1
66909,3
66912,3
66915,3
66918,1
66919,1
66921,2
66922,5
66924,1
66925,3
66928,6
66934,4
66935,1
66938,1
66941,5
66947,7
66950,2
66953,2
66954,3
66956,1
66957,1
66960,3
66963,2
66966,4
66973,1
66976,2
66979,7
66980,1
66983,1
66985,2
66986,2
66989,3
66992,4
66995,2
66996,1
66998,4
66999,1
67001,1
67005,1
67008,1
67011,3
67014,2
67015,1
67017,1
67018,3
67020,1
67021,1
67024,3
67027,2
67031,2
67034,1
67036,1
67037,4
67040,2
67043,3
67046,2
67047,1
67049,3
67050,3
67053,3
67056,3
67062,4
67063,2
67068,1
67069,3
67072,3
67075,2
67078,4
67081,1
67082,3
67085,1
67088,6
67094,2
67095,1
67097,1
67100,1
67101,2
67104,3
67107,5
67108,1
67110,2
67111,1
67113,2
67114,2
67117,1
67120,4
67123,5
67124,1
67126,5
67127,2
67132,1
67133,4
67136,1
67140,1
67142,3
67145,3
67146,3
67148,1
67149,1
67152,2
67155,1
67158,4
67159,1
67161,1
67162,1
67164,1
67165,3
67168,3
67171,4
67177,3
67178,2
67181,1
67184,4
67187,1
67190,4
67191,3
67193,1
67194,2
67196,2
67197,6
67200,2
67203,2
67204,1
67206,1
67207,2
67209,1
67210,5
67213,1
67216,5
67219,1
67220,1
67222,3
67223,2
67225,1
67226,1
67228,1
67229,1
67235,6
67239,1
67241,1
67245,1
67248,3
67251,1
67255,3
67257,1
67258,1
67260,1
67261,4
67264,2
67267,2
67268,2
67274,2
67276,2
67277,2
67280,4
67286,2
67287,4
67289,1
67292,3
67293,3
67296,3
67299,4
67305,2
67306,4
67312,6
67315,1
67318,1
67322,1
67324,1
67325,4
67331,2
67334,2
67337,1
67341,4
67344,4
67347,3
67350,5
67351,1
67353,1
67354,1
67356,1
67357,2
67360,4
67363,4
67364,1
67369,2
67370,5
67376,4
67379,2
67382,2
67383,2
67385,3
67386,1
67389,3
67392,1
67395,5
67398,1
67401,3
67402,5
67405,1
67408,9
67412,2
67414,2
67415,1
67417,2
67418,1
67421,7
67424,1
67427,6
67428,2
67430,4
67433,5
67434,2
67437,2
67440,4
67444,2
67446,3
67447,2
67449,1
67450,1
67452,2
67453,2
67456,1
67459,1
67460,1
67462,2
67463,1
67465,5
67466,1
67472,1
67478,3
67481,2
67484,1
67485,3
67488,2
67491,2
67495,1
67498,1
67501,1
67504,5
67507,1
67510,1
67513,2
67514,2
67516,3
67517,7
67520,3
67523,3
67526,1
67527,1
67529,1
67530,2
67533,1
67536,5
67539,1
67542,1
67543,1
67546,1
67548,2
67549,7
67552,3
67555,4
67558,1
67562,5
67565,1
67568,3
67571,1
67574,5
67575,3
67578,1
67581,4
67584,2
67587,3
67588,1
67590,1
67593,3
67594,5
67597,2
67600,5
67607,1
67613,3
67619,3
67625,1
67628,3
67632,5
67635,2
67636,1
67638,1
67639,1
67641,4
67642,3
67644,1
67645,3
67651,2
67655,2
67658,1
67661,4
67664,3
67667,2
67668,1
67670,2
67671,2
67674,3
67677,1
67680,1
67683,5
67684,1
67686,1
67689,2
67690,4
67693,2
67696,7
67699,1
67702,3
67703,1
67705,1
67706,1
67708,1
67709,2
67712,2
67715,3
67718,3
67721,1
67722,4
67725,3
67728,6
67731,1
67734,3
67735,2
67737,1
67738,1
67741,5
67744,1
67747,2
67748,1
67750,1
67751,2
67753,2
67754,3
67760,5
67763,2
67766,1
67767,3
67770,1
67772,1
67773,4
67779,5
67780,1
67782,1
67783,1
67785,1
67786,1
67789,1
67792,9
67795,2
67798,4
67799,1
67801,1
67804,1
67805,1
67808,1
67811,3
67812,1
67818,4
67820,1
67821,3
67824,4
67827,1
67828,1
67831,2
67833,3
67834,1
67836,1
67840,4
67843,2
67846,1
67847,1
67850,2
67856,8
67859,1
67862,3
67863,2
67866,1
67869,5
67872,3
67875,2
67876,1
67881,2
67882,4
67885,1
67888,2
67891,1
67895,2
67897,1
67900,1
67901,4
67907,1
67908,1
67913,1
67914,4
67917,1
67920,8
67926,4
67929,1
67930,2
67933,2
67936,1
67939,4
67942,1
67945,1
67946,2
67949,1
67952,3
67955,1
67956,1
67958,4
67959,2
67962,2
67965,4
67968,1
67971,4
67978,4
67981,1
67984,3
67987,1
67990,5
67991,3
67994,1
67997,3
68003,2
68004,1
68006,1
68009,2
68010,2
68012,2
68013,3
68016,5
68020,1
68023,1
68029,3
68032,2
68035,3
68038,1
68041,2
68042,1
68048,6
68060,1
68061,2
68064,2
68067,1
68068,3
68074,3
68077,4
68080,4
68086,1
68087,3
68092,2
68093,1
68096,1
68099,2
68106,6
68112,9
68115,1
68118,1
68119,1
68121,1
68122,1
68124,2
68125,3
68131,1
68134,2
68138,1
68140,1
68144,5
68147,1
68150,5
68153,3
68157,3
68163,3
68169,3
68176,4
68179,1
68182,2
68183,3
68188,1
68189,2
68192,2
68195,1
68198,1
68199,2
68201,2
68202,2
68208,3
68211,1
68214,2
68215,1
68217,1
68218,1
68221,5
68227,1
68230,2
68231,2
68233,1
68240,1
68243,1
68246,2
68253,3
68256,1
68259,3
68260,1
68265,1
68266,3
68268,1
68269,1
68272,6
68275,1
68278,4
68279,3
68282,1
68285,2
68288,5
68291,6
68292,2
68295,1
68304,9
68307,1
68310,2
68311,1
68313,1
68314,1
68316,1
68317,5
68323,4
68327,3
68329,2
68330,2
68333,1
68336,1
68342,3
68343,1
68349,1
68352,1
68355,5
68356,1
68361,2
68362,2
68364,1
68368,3
68371,1
68374,3
68375,4
68381,4
68384,2
68387,1
68388,1
68391,1
68394,2
68397,2
68400,3
68403,2
68404,1
68406,2
68407,1
68410,2
68413,7
68416,2
68419,2
68420,2
68425,3
68426,1
68432,1
68435,1
68438,3
68439,2
68444,1
68445,4
68448,1
68451,4
68454,1
68455,1
68457,4
68458,1
68461,1
68464,1
68467,1
68470,4
68471,1
68474,1
68476,2
68477,3
68480,1
68483,5
68487,1
68489,3
68490,2
68492,1
68493,1
68496,4
68499,4
68502,7
68503,1
68506,2
68512,1
68515,1
68518,1
68519,1
68522,1
68524,1
68525,1
68528,3
68534,2
68535,3
68538,1
68544,1
68547,2
68553,1
68560,3
68563,1
68566,1
68567,2
68573,4
68579,2
68582,1
68586,2
68592,5
68596,2
68598,3
68602,1
68604,2
68605,3
68608,1
68611,6
68617,2
68618,2
68620,1
68621,2
68624,6
68627,1
68630,4
68631,2
68636,1
68637,4
68640,2
68643,1
68644,1
68650,2
68653,1
68659,2
68663,2
68665,1
68669,4
68672,1
68678,1
68681,3
68682,1
68688,5
68694,1
68698,2
68701,2
68707,3
68708,2
68710,1
68711,2
68713,3
68714,5
68716,1
68717,2
68720,7
68723,2
68726,3
68733,1
68736,2
68739,3
68740,1
68742,1
68743,1
68745,2
68746,3
68748,1
68752,1
68755,1
68756,1
68758,4
68759,1
68762,1
68764,1
68765,3
68768,2
68771,3
68772,1
68775,1
68777,1
68778,3
68781,2
68784,5
68787,1
68791,1
68793,3
68797,7
68800,2
68803,2
68804,1
68806,1
68809,1
68810,4
68812,1
68813,1
68816,2
68819,1
68820,2
68822,1
68826,1
68828,1
68829,4
68832,1
68835,4
68836,3
68839,2
68841,1
68845,2
68848,5
68854,1
68857,2
68860,1
68861,3
68864,1
68867,3
68871,1
68873,1
68874,3
68877,2
68880,4
68883,1
68890,1
68893,5
68896,1
68899,2
68905,1
68906,4
68912,3
68918,5
68919,1
68931,2
68932,1
68937,2
68938,4
68940,1
68941,1
68944,4
68947,1
68950,1
68951,2
68956,1
68957,2
68960,1
68963,2
68966,1
68969,3
68970,2
68973,2
68976,2
68982,1
68983,2
68986,1
68988,2
68989,2
68992,1
68995,6
68998,1
68999,1
69008,2
69014,3
69015,1
69017,2
69018,1
69020,1
69021,1
69027,2
69028,1
69030,1
69031,1
69033,1
69037,3
69043,1
69046,3
69050,2
69052,1
69053,3
69056,1
69059,4
69060,1
69065,2
69066,4
69072,4
69075,2
69081,1
69084,1
69091,3
69098,3
69101,2
69104,2
69107,1
69110,1
69111,2
69117,1
69120,2
69123,2
69129,2
69130,2
69132,1
69133,1
69136,2
69140,1
69142,1
69143,1
69146,1
69148,1
69149,1
69152,1
69155,3
69159,1
69161,2
69162,1
69168,3
69174,4
69175,1
69181,2
69187,1
69188,2
69190,1
69193,2
69194,3
69197,3
69200,3
69203,1
69206,2
69207,3
69210,1
69213,2
69219,1
69220,1
69226,1
69229,1
69232,6
69239,2
69242,1
69245,3
69251,3
69252,1
69254,1
69257,1
69258,2
69267,1
69270,4
69271,1
69274,1
69276,1
69277,3
69280,1
69283,2
69284,1
69292,1
69296,2
69302,1
69303,2
69309,2
69315,1
69316,3
69321,2
69328,3
69334,4
69335,1
69340,1
69341,2
69344,1
69347,2
69350,1
69353,1
69354,1
69363,1
69366,3
69367,5
69369,1
69370,1
69373,3
69376,1
69379,1
69380,1
69382,1
69383,1
69386,2
69388,1
69389,2
69392,2
69395,2
69398,1
69399,1
69405,2
69408,2
69411,3
69414,3
69417,2
69418,1
69420,1
69421,1
69424,3
69430,4
69431,3
69436,1
69437,2
69443,1
69450,1
69453,2
69456,1
69459,2
69463,1
69465,1
69466,1
69468,1
69469,3
69472,1
69475,1
69476,1
69482,1
69485,1
69488,3
69491,1
69494,2
69495,2
69498,1
69500,1
69501,1
69504,1
69508,2
69510,1
69513,3
69514,1
69517,2
69520,4
69523,3
69526,1
69527,2
69529,1
69532,1
69533,1
69536,2
69540,2
69542,1
69545,3
69546,4
69549,1
69552,2
69558,3
69561,1
69562,2
69564,1
69565,1
69571,1
69572,1
69574,1
69577,1
69578,2
69581,1
69584,2
69590,1
69591,2
69597,1
69603,2
69604,1
69606,1
69610,2
69613,1
69616,3
69619,2
69620,1
69622,2
69623,1
69626,1
69628,2
69629,3
69635,2
69636,1
69639,2
69641,1
69642,2
69648,2
69651,2
69654,3
69655,1
69658,1
69664,1
69667,2
69668,2
69671,1
69673,2
69674,2
69676,1
69677,3
69680,2
69683,2
69684,1
69686,1
69687,3
69689,2
69690,1
69693,1
69696,1
69699,2
69700,1
69702,1
69703,1
69705,1
69706,3
69712,1
69715,2
69718,1
69719,2
69721,1
69725,2
69728,3
69731,1
69732,1
69737,3
69738,2
69741,3
69744,4
69747,1
69751,1
69753,1
69754,2
69757,3
69760,2
69763,2
69764,1
69766,1
69769,1
69770,3
69773,3
69776,3
69779,2
69782,2
69783,1
69789,3
69792,1
69798,1
69801,1
69802,7
69808,2
69814,1
69818,1
69820,1
69821,2
69831,2
69833,1
69834,4
69840,3
69846,2
69847,1
69850,1
69853,3
69856,1
69859,1
69865,1
69866,3
69872,2
69879,1
69884,1
69885,3
69891,3
69898,3
69901,1
69904,2
69907,1
69910,1
69911,1
69916,1
69917,3
69920,2
69923,1
69926,1
69930,3
69933,1
69939,1
69943,3
69949,4
69955,2
69958,1
69959,1
69961,1
69962,2
69964,1
69968,3
69974,1
69975,1
69978,1
69981,2
69984,2
69987,1
69994,1
69997,2
70000,4
70006,1
70007,1
70010,2
70012,1
70013,2
70019,2
70023,1
70026,1
70029,2
70032,3
70038,2
70039,1
70045,2
70051,1
70054,1
70058,3
70060,1
70064,1
70067,1
70068,1
70070,1
70074,1
70077,2
70080,1
70083,3
70092,2
70096,4
70099,1
70102,1
70105,1
70108,1
70109,1
70121,1
70122,3
70125,1
70128,1
70134,1
70135,1
70137,1
70140,1
70141,4
70147,1
70151,2
70153,4
70154,2
70157,1
70160,4
70163,1
70164,1
70166,4
70170,1
70172,1
70173,2
70180,1
70183,1
70186,1
70189,1
70192,2
70195,2
70198,1
70199,1
70202,1
70204,1
70205,1
70208,2
70217,3
70218,1
70224,1
70236,1
70237,3
70243,5
70244,2
70246,1
70247,1
70249,1
70250,1
70253,1
70256,5
70259,1
70262,1
70263,2
70265,1
70269,2
70272,1
70275,1
70281,1
70282,2
70284,1
70288,3
70291,2
70294,1
70295,1
70297,1
70298,1
70301,2
70304,1
70307,3
70310,1
70313,1
70317,1
70320,2
70326,1
70327,1
70339,1
70340,2
70343,1
70346,1
70352,1
70355,1
70358,2
70359,1
70361,1
70362,2
70364,2
70371,2
70377,3
70378,1
70387,1
70390,1
70391,1
70393,1
70397,1
70400,1
70403,2
70406,1
70409,1
70416,2
70422,4
70423,3
70425,1
70429,3
70432,1
70435,1
70439,1
70441,2
70442,1
70448,3
70451,1
70452,1
70460,1
70467,1
70470,1
70471,2
70477,2
70480,4
70483,3
70484,1
70486,1
70489,1
70490,1
70493,2
70496,1
70503,2
70505,1
70506,2
70508,1
70512,2
70515,2
70519,2
70521,2
70522,1
70524,1
70525,3
70528,1
70531,1
70537,2
70538,1
70541,1
70544,3
70551,1
70557,4
70560,2
70563,3
70564,1
70566,1
70570,1
70576,2
70583,1
70585,1
70586,1
70588,2
70589,2
70592,2
70599,1
70601,2
70602,1
70605,2
70608,2
70621,2
70627,1
70630,1
70634,2
70640,1
70646,1
70647,2
70650,1
70653,1
70659,2
70665,1
70666,3
70672,4
70678,3
70681,1
70685,3
70688,1
70691,1
70694,1
70698,3
70700,1
70707,2
70710,3
70714,1
70717,1
70727,1
70729,1
70730,2
70742,2
70743,2
70746,1
70752,1
70761,2
70762,2
70765,1
70768,5
70771,1
70774,1
70775,1
70781,3
70788,1
70790,3
70793,3
70797,2
70800,5
70803,1
70806,1
70807,1
70813,1
70819,1
70820,2
70822,2
70825,2
70826,3
70832,4
70838,2
70839,1
70842,1
70845,7
70848,2
70851,2
70852,1
70854,1
70855,1
70857,1
70861,2
70864,2
70874,1
70876,3
70880,2
70883,1
70887,1
70890,2
70896,3
70902,2
70903,2
70906,1
70909,3
70915,2
70928,2
70934,1
70940,2
70941,1
70947,2
70950,1
70960,2
70970,1
70973,1
70976,3
70979,1
70980,2
70985,1
70986,2
70992,1
70995,1
70996,1
70998,1
70999,1
71001,1
71005,1
71008,1
71011,1
71014,1
71024,4
71030,2
71033,1
71034,2
71037,5
71050,1
71052,1
71053,2
71056,6
71062,1
71065,1
71072,1
71075,1
71076,1
71079,2
71081,1
71082,1
71088,4
71091,2
71094,2
71098,1
71100,2
71101,1
71104,1
71107,2
71114,5
71120,1
71123,1
71127,1
71130,1
71133,2
71136,2
71139,3
71143,1
71146,2
71152,1
71155,1
71159,1
71162,1
71165,3
71168,1
71171,2
71177,1
71178,2
71184,2
71190,1
71191,1
71196,1
71197,1
71203,1
71206,1
71207,1
71209,3
71213,2
71216,4
71219,1
71223,1
71226,1
71228,1
71229,1
71235,1
71236,1
71239,1
71241,4
71242,1
71245,1
71248,2
71254,2
71257,1
71258,1
71261,2
71264,2
71277,2
71283,2
71284,1
71286,1
71293,1
71305,3
71306,1
71312,1
71318,1
71319,1
71325,3
71331,1
71337,1
71344,3
71351,1
71356,1
71357,4
71363,1
71364,1
71367,1
71369,1
71370,3
71373,1
71376,1
71382,1
71389,1
71399,1
71402,2
71414,1
71415,1
71420,2
71421,2
71427,1
71428,1
71431,1
71440,2
71443,1
71452,1
71453,1
71459,1
71466,1
71469,2
71472,2
71485,3
71488,2
71491,1
71495,1
71501,1
71504,1
71511,1
71513,5
71514,1
71517,2
71520,1
71523,2
71526,1
71529,1
71530,1
71536,2
71539,2
71542,2
71549,1
71552,1
71555,2
71561,2
71562,3
71568,1
71575,1
71577,1
71581,1
71587,3
71588,1
71590,1
71593,1
71596,1
71600,1
71610,1
71619,4
71625,1
71626,2
71641,1
71645,1
71648,1
71657,2
71658,2
71664,1
71667,3
71668,2
71670,2
71674,1
71683,1
71693,1
71696,2
71700,1
71703,2
71709,4
71715,2
71716,1
71722,2
71725,1
71728,1
71734,2
71735,1
71737,1
71744,1
71747,1
71750,1
71754,1
71760,2
71764,1
71766,2
71767,1
71769,1
71770,1
71773,2
71779,2
71786,2
71792,3
71798,4
71801,1
71811,2
71817,2
71818,1
71824,2
71830,1
71849,2
71856,2
71862,1
71863,1
71869,2
71872,1
71875,2
71888,2
71894,1
71898,1
71901,1
71907,4
71913,1
71914,2
71917,1
71920,3
71927,1
71942,1
71945,2
71952,2
71962,1
71964,1
71968,2
71971,2
71977,1
71990,1
71991,1
71996,1
71997,2
72003,2
72004,1
72007,1
72012,1
72013,2
72016,2
72022,1
72035,1
72041,1
72048,1
72054,1
72061,3
72064,1
72067,1
72074,2
72080,2
72086,2
72087,2
72093,1
72096,1
72099,1
72108,1
72112,1
72118,1
72119,1
72124,1
72125,1
72128,2
72131,1
72134,1
72157,2
72164,1
72166,1
72176,3
72188,1
72189,3
72195,1
72201,1
72204,1
72205,1
72208,2
72214,3
72215,2
72218,1
72227,2
72230,1
72231,1
72240,3
72244,1
72259,1
72262,1
72265,2
72266,2
72278,1
72284,2
72285,1
72288,1
72297,2
72298,2
72304,1
72308,1
72310,1
72317,1
72329,1
72336,3
72342,1
72343,1
72348,1
72349,2
72355,2
72358,1
72361,1
72371,1
72374,1
72378,1
72381,1
72384,1
72394,1
72397,1
72400,1
72406,1
72407,1
72413,2
72419,3
72426,1
72429,1
72438,1
72442,1
72445,1
72448,2
72454,1
72458,1
72470,1
72483,2
72486,1
72487,2
72489,1
72493,1
72496,3
72502,2
72509,3
72515,1
72522,1
72531,1
72538,1
72541,2
72547,1
72550,1
72567,1
72570,1
72573,1
72576,2
72579,2
72585,1
72592,2
72605,1
72614,1
72620,1
72630,1
72633,1
72643,1
72644,2
72649,1
72656,4
72659,1
72662,2
72665,1
72666,1
72668,1
72669,2
72695,2
72700,1
72701,3
72711,1
72714,1
72720,1
72727,1
72732,1
72745,1
72746,1
72752,3
72755,1
72758,1
72759,1
72764,1
72765,1
72771,3
72772,1
72775,1
72778,1
72816,2
72819,1
72822,1
72829,2
72838,1
72841,1
72842,1
72845,1
72848,2
72854,2
72855,1
72861,1
72873,1
72877,1
72880,1
72886,3
72899,1
72905,1
72906,1
72909,1
72912,2
72919,2
72921,1
72925,1
72944,1
72947,1
72956,1
72960,1
72972,1
72976,2
72992,1
72995,2
72998,1
73002,1
73014,2
73021,1
73024,2
73033,1
73034,1
73040,3
73043,1
73047,3
73049,1
73052,1
73053,1
73056,1
73072,2
73078,2
73097,1
73098,1
73110,1
73111,2
73116,1
73117,1
73123,1
73124,1
73130,2
73133,2
73136,2
73142,1
73145,3
73146,1
73149,2
73156,1
73158,1
73165,1
73171,2
73174,1
73178,1
73200,2
73203,2
73207,3
73212,1
73216,1
73232,3
73238,1
73245,2
73258,1
73270,3
73274,1
73277,1
73296,4
73308,1
73312,1
73315,3
73322,2
73325,1
73328,2
73335,2
73344,1
73347,2
73350,1
73357,1
73360,2
73363,1
73367,1
73373,1
73379,1
73382,1
73389,1
73401,1
73440,1
73443,1
73446,1
73450,2
73453,1
73456,1
73459,1
73466,1
73469,2
73478,1
73488,1
73501,1
73508,1
73514,1
73520,2
73527,1
73530,1
73549,1
73552,1
73568,1
73571,1
73578,2
73591,1
73597,3
73610,1
73613,1
73616,2
73619,1
73623,1
73629,1
73632,1
73648,2
73651,1
73652,1
73654,2
73655,1
73657,1
73664,1
73667,3
73671,1
73677,1
73683,1
73686,1
73687,1
73689,1
73692,1
73693,1
73702,1
73705,1
73712,3
73718,2
73722,1
73725,1
73731,1
73737,1
73744,1
73747,1
73751,1
73756,1
73760,1
73764,1
73772,1
73785,2
73789,1
73792,1
73808,1
73814,1
73818,1
73821,1
73833,1
73837,1
73846,1
73853,2
73859,1
73866,1
73872,1
73875,1
73885,1
73891,2
73897,1
73904,1
73910,1
73923,1
73930,1
73955,1
73959,1
73961,1
73962,1
73968,1
73981,1
73987,2
73994,1
73996,1
74000,1
74006,2
74010,1
74019,2
74022,1
74023,1
74026,1
74029,2
74051,2
74058,1
74064,1
74067,1
74077,3
74083,2
74093,1
74102,2
74108,1
74109,1
74112,3
74128,1
74140,1
74144,1
74154,1
74160,2
74163,2
74167,2
74172,1
74173,2
74179,1
74182,1
74185,2
74192,2
74202,1
74211,1
74217,1
74218,1
74228,1
74230,1
74234,1
74237,1
74275,1
74282,3
74288,2
74294,2
74308,1
74310,1
74314,2
74320,2
74326,1
74333,1
74339,1
74340,1
74342,1
74345,1
74355,1
74358,2
74365,1
74377,1
74378,1
74384,1
74390,1
74391,1
74393,1
74396,1
74397,1
74404,1
74409,1
74410,1
74422,1
74435,2
74436,1
74455,1
74458,1
74461,2
74473,1
74477,3
74480,2
74493,1
74512,2
74531,2
74534,1
74544,1
74550,1
74557,1
74560,1
74563,1
74570,1
74582,1
74602,1
74605,1
74611,1
74614,2
74615,1
74620,1
74631,1
74640,1
74643,1
74646,1
74647,2
74653,2
74660,1
74662,1
74666,1
74688,1
74691,3
74697,1
74698,1
74704,2
74708,1
74711,1
74723,1
74730,1
74736,2
74743,2
74749,1
74768,3
74778,1
74781,1
74807,1
74813,1
74822,1
74832,1
74839,1
74842,1
74845,1
74857,1
74858,2
74861,1
74864,3
74870,2
74877,1
74889,1
74896,1
74909,2
74912,2
74915,4
74947,1
74954,1
74960,1
74970,1
74976,1
74985,1
74998,1
74999,2
75008,1
75014,1
75021,1
75024,1
75027,2
75037,1
75043,1
75049,1
75053,1
75056,1
75063,1
75068,1
75079,1
75091,1
75095,1
75100,1
75104,1
75111,1
75114,1
75117,1
75120,1
75126,1
75130,1
75133,2
75143,1
75152,1
75178,1
75181,1
75190,1
75193,1
75197,1
75203,1
75209,1
75216,1
75222,1
75235,1
75236,1
75239,1
75241,1
75245,1
75248,1
75255,1
75258,1
75267,1
75277,1
75287,1
75302,1
75305,1
75328,1
75331,2
75332,1
75344,1
75350,1
75363,1
75367,1
75369,1
75376,4
75388,1
75395,1
75408,2
75430,1
75433,1
75434,1
75440,1
75447,1
75452,1
75456,1
75468,1
75469,1
75472,2
75485,2
75491,1
75492,2
75494,1
75510,1
75517,1
75523,1
75527,1
75533,1
75536,1
75543,2
75549,2
75555,1
75558,1
75561,1
75568,1
75581,2
75609,1
75619,2
75626,2
75632,1
75639,2
75641,1
75644,1
75645,1
75651,1
75657,1
75677,1
75683,1
75687,1
75696,1
75702,2
75703,1
75705,1
75708,1
75715,1
75721,1
75725,1
75728,1
75731,1
75735,1
75741,1
75750,1
75751,1
75754,1
75766,1
75769,1
75779,1
75780,1
75799,1
75824,2
75827,1
75830,1
75833,1
75840,1
75843,1
75856,3
75869,1
75878,1
75882,1
75888,1
75891,1
75894,1
75901,1
75904,1
75923,1
75933,1
75936,1
75945,2
75946,1
75952,2
75961,1
75971,1
75984,1
75994,1
76000,1
76010,1
76016,2
76022,1
76029,1
76048,2
76054,1
76055,1
76058,1
76064,1
76080,1
76087,1
76102,1
76112,1
76138,1
76144,1
76150,1
76151,1
76160,1
76166,1
76167,1
76176,1
76182,1
76183,2
76189,1
76201,1
76202,3
76208,1
76218,2
76220,1
76224,1
76227,2
76234,1
76240,1
76253,1
76259,1
76266,1
76269,1
76278,1
76281,1
76285,1
76291,1
76298,1
76300,1
76304,1
76308,1
76323,1
76329,1
76330,1
76336,1
76342,1
76345,1
76349,2
76352,1
76368,1
76381,2
76384,2
76394,1
76409,1
76413,2
76425,1
76435,2
76438,1
76444,1
76451,1
76464,1
76470,2
76471,1
76489,1
76502,1
76509,1
76528,1
76541,1
76547,2
76554,1
76560,1
76569,1
76573,1
76585,1
76611,1
76618,1
76637,1
76640,1
76644,1
76668,1
76669,1
76682,1
76694,1
76695,1
76701,3
76707,1
76713,1
76714,1
76726,1
76727,1
76733,1
76752,1
76758,1
76759,1
76771,1
76784,1
76809,2
76810,1
76823,1
76864,1
76867,1
76880,1
76892,1
76896,1
76899,1
76918,1
76922,1
76924,1
76931,1
76938,1
76954,1
76960,1
76966,1
76982,1
76992,1
77002,1
77008,1
77037,1
77040,2
77046,1
77059,1
77066,2
77072,1
77078,1
77085,1
77094,1
77097,1
77123,1
77126,1
77129,1
77156,1
77162,1
77165,1
77168,2
77178,1
77184,1
77187,1
77194,1
77207,1
77219,1
77225,1
77226,1
77241,1
77248,1
77252,1
77257,1
77261,1
77286,1
77287,1
77290,2
77293,1
77302,2
77309,1
77328,1
77354,1
77366,1
77392,1
77398,3
77399,1
77411,1
77424,1
77427,1
77430,1
77434,1
77446,1
77453,1
77459,1
77462,2
77482,1
77494,1
77498,1
77504,1
77507,1
77526,2
77539,2
77540,1
77542,1
77545,1
77559,1
77562,1
77564,1
77565,1
77584,1
77588,1
77607,1
77609,3
77610,1
77616,1
77625,1
77629,2
77642,1
77648,1
77658,1
77661,2
77667,1
77671,1
77673,1
77696,1
77712,1
77719,1
77722,1
77728,1
77734,1
77760,1
77769,1
77770,2
77776,1
77821,1
77828,2
77830,1
77834,1
77846,2
77859,1
77879,1
77891,2
77898,1
77900,1
77908,1
77910,1
77911,1
77936,1
77943,1
77946,1
77975,1
77984,1
77987,2
78006,1
78007,1
78009,1
78013,1
78016,1
78026,2
78045,1
78054,1
78083,1
78084,1
78086,1
78089,1
78090,1
78099,1
78105,1
78115,1
78118,1
78125,1
78156,1
78172,1
78176,1
78179,1
78198,1
78199,1
78211,1
78215,1
78262,1
78263,1
78269,2
78285,1
78288,1
78294,1
78320,1
78332,1
78339,3
78346,1
78352,1
78358,1
78361,1
78365,1
78371,2
78381,1
78384,1
78397,2
78410,1
78416,1
78422,1
78429,2
78439,1
78454,1
78461,2
78467,2
78477,1
78499,1
78505,1
78525,1
78537,1
78538,1
78544,1
78554,1
78567,1
78576,1
78589,1
78621,1
78628,1
78653,1
78660,2
78675,1
78678,2
78685,1
78691,1
78711,1
78729,1
78730,1
78736,1
78743,1
78749,1
78768,1
78778,1
78780,1
78800,1
78819,1
78823,1
78826,1
78832,2
78839,2
78845,2
78864,1
78871,1
78928,1
78973,1
78979,1
79027,1
79034,1
79044,1
79062,2
79085,1
79094,1
79104,1
79126,1
79127,1
79133,1
79145,1
79165,1
79168,1
79171,1
79177,1
79178,1
79191,1
79206,1
79210,2
79280,1
79293,1
79305,1
79306,1
79331,2
79344,2
79350,1
79354,1
79357,1
79363,1
79382,1
79389,1
79392,1
79395,1
79408,1
79427,1
79440,1
79446,2
79459,1
79469,1
79472,2
79478,1
79485,1
79495,1
79523,1
79526,1
79536,2
79555,2
79558,1
79562,1
79581,1
79593,1
79594,1
79613,1
79619,1
79620,1
79632,1
79661,1
79670,1
79677,1
79689,1
79702,2
79712,1
79728,1
79741,1
79747,1
79754,1
79767,1
79773,1
79792,1
79818,1
79821,1
79831,1
79833,1
79837,1
79849,1
79856,1
79862,1
79868,2
79875,1
79882,1
79885,1
79891,1
79901,2
79904,1
79914,1
79927,1
79933,2
79971,2
79975,1
79990,2
79991,2
79996,1
80004,1
80009,1
80023,2
80045,1
80048,1
80061,2
80073,1
80080,1
80086,1
80096,2
80099,1
80125,1
80128,2
80131,1
80140,1
80141,1
80144,1
80157,1
80176,2
80198,1
80199,1
80237,2
80240,3
80243,1
80266,1
80297,1
80300,1
80326,1
80329,1
80336,1
80342,1
80349,1
80355,1
80393,1
80400,1
80419,1
80425,1
80432,1
80438,1
80451,2
80454,1
80471,1
80473,1
80483,1
80496,1
80502,1
80534,1
80547,1
80595,1
80605,1
80608,2
80624,1
80637,1
80640,1
80662,1
80669,1
80675,1
80681,2
80682,1
80694,1
80711,1
80720,1
80745,1
80771,1
80797,2
80803,1
80816,1
80829,1
80848,2
80854,3
80874,1
80886,2
80899,2
80902,1
80905,1
80919,1
80928,1
80938,1
80951,1
80976,1
80982,2
80992,2
80995,1
81001,1
81040,2
81068,1
81072,2
81097,1
81104,1
81116,1
81123,1
81129,1
81142,1
81145,1
81155,1
81168,1
81178,1
81187,3
81200,1
81206,1
81242,1
81245,1
81267,1
81268,1
81273,1
81280,2
81290,1
81299,1
81309,1
81312,1
81328,1
81331,1
81340,1
81344,1
81347,1
81351,1
81386,1
81408,1
81449,1
81453,1
81459,1
81463,1
81507,1
81517,1
81545,2
81552,1
81565,1
81571,2
81577,1
81584,1
81590,1
81591,1
81604,1
81610,1
81623,2
81635,1
81642,1
81652,1
81680,1
81687,1
81693,1
81706,1
81718,1
81725,1
81734,1
81741,1
81782,1
81789,1
81802,2
81827,1
81866,1
81881,1
81898,1
81920,1
81924,1
81936,3
81962,1
81964,1
81974,1
82006,1
82013,1
82019,1
82025,1
82054,1
82067,1
82080,1
82089,1
82090,1
82102,1
82115,1
82128,2
82188,1
82192,2
82217,1
82237,1
82243,1
82246,1
82253,1
82266,1
82269,2
82288,1
82301,1
82304,1
82314,1
82320,1
82348,1
82359,1
82365,1
82375,1
82378,1
82384,1
82396,1
82400,1
82413,1
82416,1
82425,1
82429,1
82432,1
82435,1
82455,1
82461,1
82474,1
82480,1
82489,1
82512,1
82518,1
82525,1
82531,1
82534,1
82557,1
82563,1
82582,1
82630,1
82633,1
82659,2
82694,1
82720,1
82729,2
82736,2
82739,1
82749,2
82778,1
82787,2
82800,1
82822,1
82826,1
82832,1
82851,1
82857,1
82867,1
82909,2
82934,1
82950,1
82954,1
82964,1
82966,2
82967,1
82989,1
83011,2
83018,1
83024,1
83037,2
83050,1
83053,1
83091,1
83104,3
83149,1
83152,1
83171,2
83178,1
83181,1
83184,1
83187,1
83190,1
83239,2
83248,2
83255,1
83264,1
83274,1
83284,1
83287,1
83293,2
83312,1
83344,1
83350,1
83356,1
83408,2
83412,1
83427,1
83447,1
83460,1
83466,1
83488,1
83513,1
83549,1
83590,1
83613,1
83639,1
83642,1
83693,1
83728,1
83734,1
83753,1
83760,1
83798,2
83840,1
83853,1
83872,1
83881,1
83884,1
83904,1
83908,1
83958,1
83987,1
83990,2
83991,1
84003,1
84010,1
84016,1
84076,1
84086,1
84112,1
84150,1
84163,1
84170,1
84189,1
84195,1
84204,1
84240,1
84265,1
84301,1
84304,1
84323,2
84339,1
84348,1
84349,1
84355,1
84362,1
84375,1
84413,1
84448,1
84521,1
84524,1
84528,1
84534,1
84566,1
84570,1
84592,1
84618,1
84633,1
84640,1
84649,1
84659,1
84685,1
84688,1
84701,1
84733,1
84736,1
84771,1
84793,1
84797,1
84816,1
84823,1
84829,1
84871,1
84874,1
84906,1
84944,1
84951,1
84953,1
85002,1
85015,1
85021,1
85040,1
85091,1
85219,1
85232,2
85248,1
85257,1
85261,1
85277,2
85286,1
85296,1
85308,1
85319,1
85367,1
85402,1
85408,1
85424,1
85430,1
85436,1
85463,1
85469,1
85475,1
85476,1
85488,1
85494,2
85543,1
85552,1
85603,1
85616,1
85639,1
85654,1
85661,2
85664,1
85764,1
85795,1
85827,1
85856,1
85872,1
85916,1
85917,1
86006,1
86064,1
86074,1
86096,1
86166,1
86185,1
86205,1
86211,2
86224,1
86250,1
86256,1
86301,1
86307,1
86327,1
86330,1
86339,1
86410,1
86425,1
86438,1
86448,1
86525,2
86531,1
86544,1
86557,1
86564,1
86570,1
86573,1
86583,1
86588,1
86608,1
86634,1
86640,1
86653,1
86684,1
86819,1
86845,1
86848,1
86922,1
86948,2
86966,1
86985,1
87036,1
87037,1
87066,1
87107,1
87165,1
87180,1
87209,1
87219,1
87222,2
87286,1
87312,1
87315,1
87350,1
87408,1
87465,1
87472,1
87562,1
87600,1
87635,1
87664,1
87715,1
87728,1
87779,1
87875,1
87881,1
87885,1
87904,1
88003,1
88022,1
88073,1
88080,1
88118,1
88122,1
88163,1
88169,1
88230,1
88234,2
88247,1
88310,1
88375,1
88605,1
88614,1
88637,1
88640,1
88771,1
88778,1
88791,1
88807,1
88835,1
88886,1
88906,1
88909,1
88922,1
88982,1
89037,1
89063,1
89072,1
89111,1
89200,1
89277,1
89303,1
89341,1
89376,1
89527,1
89561,1
89593,1
89600,1
89696,1
89706,1
89718,1
89744,1
89770,1
89840,1
89916,1
90019,1
90073,1
90076,1
90128,2
90288,1
90333,1
90339,1
90377,1
90995,1
91181,1
91248,1
91469,1
91676,1
91709,1
91741,1
91776,1
91930,1
91968,1
91997,1
92010,1
92016,1
92224,1
92320,1
92327,1
92438,1
92522,1
92566,1
92601,1
92758,1
92886,1
92944,1
93373,1
93488,1
93911,1
94013,1
94035,1
94092,1
94445,1
94621,1
94695,1
94998,1
95322,1
98333,1
98935,1
99895,1
100115,1
101005,1
102349,1
104630,1
105731,1
109143,1
109546,1
109891,1
110532,1
111162,1
112368,1
112793,1
114500,1
115222,1
116835,1
116925,1
119702,1
120041,1
121193,1
121197,1
121399,1
121507,1
122752,1
123232,1
123466,1
123856,1
124234,1
127571,1
128883,1
129271,1
130342,1
135014,1
135507,1
135607,1
137853,1
138819,1
141754,1
142288,1
143590,1
144864,1
145632,1
148541,1
150839,1
151443,1
159382,1
159712,1
168675,1
174407,1
175898,1
179750,1
182224,1
186765,1
190438,1
191228,1
195094,1
197011,1
197382,1
197446,1
200138,1
200362,1
202307,1
202909,1
206752,1
208355,1
210570,1
212531,1
212656,1
220214,1
223107,1
227075,1
231002,1
234585,1
236105,1
238294,1
245235,1
247299,1
251508,1
256397,1
259997,1
260163,1
260816,1
263427,1
264131,1
265763,1
265808,1
268624,1
279376,1
290602,1
295856,1
303072,1
304121,1
304189,1
311081,1
313446,1
314554,1
315415,1
316243,1
322202,1
327447,1
328310,1
329289,1
334413,1
337373,1
348051,1
358666,1
361706,1
368266,1
370825,1
371213,1
378989,1
386755,1
389402,1
395821,1
404669,1
410474,1
418013,1
431920,1
435440,1
441162,1
448983,1
452221,1
455312,1
458640,1
466327,1
473130,1
481408,1
490861,1
507094,1
516924,1
517040,1
519555,1
523312,1
547466,1
550102,1
555254,1
561904,1
569101,1
586595,1
587014,1
588413,1
603501,1
606442,1
613808,1
631305,1
650509,1
651136,1
656183,1
661897,1
669712,1
677392,1
689520,1
690250,1
691091,1
704471,1
706377,1
798583,1
805162,1
826119,1
941065,1
955536,1
1031146,1
1106288,1
1185565,1
1217590,1
1480384,1
