# Samples: 73966, Average: 37139.8 ns, StdDev: 6143.3 ns, Quartiles: 33699.0/36029.0/38948.0 ns
6327,1
6755,1
6765,1
6778,1
7542,1
13843,1
25693,1
25981,1
26074,1
26262,1
26276,1
26288,1
26384,1
26464,1
26505,1
26544,1
26640,1
26650,1
26697,1
26711,1
26723,1
26740,1
26755,1
26781,1
26793,1
26800,1
26825,1
26896,1
26924,1
27015,1
27040,1
27095,1
27110,1
27120,1
27126,3
27130,1
27139,1
27158,1
27162,1
27168,1
27172,1
27174,1
27200,1
27210,1
27213,1
27260,1
27296,1
27302,1
27334,1
27340,1
27350,1
27383,1
27392,1
27443,1
27453,2
27481,1
27488,1
27514,1
27523,1
27536,1
27549,2
27556,1
27565,1
27577,1
27581,1
27584,2
27600,2
27625,1
27626,1
27629,1
27632,1
27645,1
27648,1
27651,1
27652,1
27661,1
27667,1
27674,1
27689,1
27690,1
27693,2
27696,2
27702,1
27703,1
27708,1
27712,2
27721,1
27722,1
27728,1
27731,1
27747,2
27753,2
27760,3
27766,1
27776,1
27779,2
27785,1
27786,1
27798,2
27804,1
27805,1
27811,1
27815,1
27817,2
27824,1
27827,2
27830,1
27837,1
27840,1
27847,1
27856,1
27862,1
27865,1
27872,1
27875,1
27878,1
27879,1
27884,1
27888,2
27894,1
27895,2
27897,1
27901,1
27913,1
27914,2
27917,1
27920,2
27926,2
27933,1
27936,4
27939,1
27940,1
27943,1
27945,2
27946,1
27949,1
27958,1
27959,1
27965,1
27968,1
27971,2
27972,1
27974,1
27975,1
27977,1
27978,1
27981,1
27984,3
27993,1
27994,1
27997,1
28000,2
28003,2
28010,2
28013,1
28022,2
28023,1
28028,1
28029,2
28032,1
28036,1
28044,1
28048,2
28051,2
28057,2
28058,2
28071,2
28073,1
28074,1
28077,1
28080,4
28087,1
28096,1
28100,1
28108,1
28109,1
28112,3
28115,3
28118,1
28128,1
28132,1
28135,1
28137,1
28141,1
28144,1
28150,1
28151,1
28157,2
28160,2
28163,2
28164,1
28166,1
28169,2
28176,1
28183,1
28186,1
28188,1
28189,2
28192,1
28195,2
28201,2
28202,1
28208,1
28214,4
28215,1
28218,1
28220,1
28221,2
28224,1
28227,2
28228,2
28233,1
28234,1
28236,1
28240,1
28246,1
28247,1
28252,1
28253,2
28256,2
28262,2
28266,2
28269,2
28275,2
28278,1
28279,1
28281,1
28282,1
28285,3
28288,2
28291,1
28292,1
28294,1
28297,2
28298,1
28304,1
28310,1
28314,1
28317,2
28320,1
28323,2
28326,1
28329,1
28336,1
28343,1
28348,1
28349,1
28352,2
28355,2
28359,1
28361,1
28362,2
28365,1
28368,4
28374,1
28377,1
28378,3
28381,2
28384,3
28388,1
28391,1
28394,2
28397,2
28400,1
28403,1
28406,1
28409,1
28410,1
28412,1
28413,1
28416,3
28419,1
28423,1
28425,1
28428,1
28429,2
28432,4
28435,2
28438,1
28441,1
28445,1
28448,1
28451,1
28458,1
28460,1
28461,2
28464,2
28467,1
28470,1
28471,1
28473,1
28480,3
28483,3
28486,1
28489,1
28490,2
28492,1
28493,1
28496,4
28499,3
28502,1
28503,1
28509,3
28512,3
28515,1
28516,1
28521,1
28522,1
28528,4
28532,1
28534,2
28535,2
28537,1
28541,2
28547,2
28548,1
28550,1
28554,1
28560,2
28564,1
28566,1
28567,1
28570,2
28573,1
28576,1
28579,2
28582,1
28589,1
28592,2
28595,2
28599,2
28608,1
28611,5
28612,1
28614,1
28621,1
28624,1
28627,1
28628,1
28631,1
28633,2
28634,1
28637,1
28640,2
28643,3
28646,1
28649,2
28650,2
28653,1
28656,2
28659,1
28662,2
28663,2
28665,1
28666,2
28669,2
28672,4
28675,2
28678,3
28681,1
28682,1
28685,1
28688,4
28694,1
28695,1
28697,1
28698,3
28701,1
28707,4
28713,4
28714,2
28717,1
28723,1
28726,3
28727,1
28730,1
28732,1
28733,1
28736,1
28739,2
28740,1
28745,1
28746,3
28749,1
28752,5
28755,1
28758,2
28762,4
28765,2
28771,3
28774,1
28775,1
28780,1
28781,1
28784,2
28790,4
28794,1
28797,3
28803,2
28809,1
28810,2
28813,2
28816,3
28819,3
28826,2
28829,1
28832,2
28835,3
28836,1
28845,4
28848,2
28851,2
28852,1
28854,1
28855,2
28861,1
28864,1
28867,1
28871,1
28874,2
28877,2
28880,2
28883,2
28887,1
28889,1
28890,1
28893,2
28896,2
28902,1
28903,1
28909,1
28912,1
28918,2
28925,3
28928,3
28931,2
28935,1
28938,2
28940,2
28941,1
28944,6
28948,1
28950,4
28951,1
28957,2
28960,2
28963,1
28969,1
28970,3
28972,1
28973,2
28976,2
28979,2
28982,1
28989,1
28992,1
28995,2
29005,1
29008,4
29011,2
29012,2
29014,1
29015,1
29017,4
29018,1
29021,2
29024,2
29027,4
29028,1
29030,1
29031,1
29033,1
29034,2
29037,1
29040,3
29043,3
29046,2
29047,1
29052,3
29053,1
29056,4
29059,3
29060,1
29065,2
29066,1
29069,3
29072,2
29079,2
29082,3
29085,1
29088,3
29091,2
29097,1
29098,3
29101,1
29107,1
29110,1
29111,1
29113,3
29114,1
29116,1
29117,1
29120,2
29129,2
29133,1
29136,2
29139,2
29142,3
29143,3
29145,1
29146,1
29149,5
29152,1
29155,3
29164,1
29165,5
29168,4
29171,4
29172,1
29174,1
29175,4
29178,2
29180,2
29187,2
29188,1
29191,1
29193,3
29194,3
29197,1
29200,2
29206,1
29207,3
29210,2
29212,1
29213,3
29216,3
29220,1
29223,2
29225,2
29226,1
29229,1
29236,1
29238,4
29239,2
29242,1
29245,1
29248,1
29251,4
29257,2
29261,2
29264,2
29267,3
29270,2
29271,2
29273,1
29276,1
29277,2
29280,1
29283,1
29284,1
29286,1
29290,2
29293,1
29296,5
29299,1
29302,3
29303,1
29305,2
29308,1
29309,2
29312,2
29316,1
29318,3
29319,2
29321,3
29322,1
29325,4
29328,2
29331,1
29334,1
29335,1
29338,1
29340,1
29341,1
29347,2
29351,2
29353,1
29354,4
29360,4
29363,2
29366,2
29367,4
29370,1
29372,3
29373,3
29379,3
29382,4
29386,1
29388,1
29392,4
29396,1
29398,3
29399,2
29401,2
29402,1
29404,2
29405,1
29408,2
29411,1
29417,2
29418,2
29421,2
29424,5
29428,1
29433,2
29437,4
29440,2
29443,2
29447,1
29450,3
29452,1
29456,5
29459,4
29462,3
29463,1
29465,1
29466,2
29469,4
29472,2
29475,1
29479,1
29482,2
29484,1
29485,5
29488,1
29491,1
29492,2
29494,1
29497,1
29501,2
29504,1
29507,1
29510,1
29513,3
29514,1
29516,1
29517,1
29520,2
29524,1
29526,2
29527,1
29530,1
29532,1
29533,4
29536,4
29539,3
29542,2
29546,4
29549,2
29552,2
29555,2
29558,3
29559,2
29561,2
29562,3
29564,2
29565,3
29571,1
29572,2
29574,2
29578,2
29580,1
29584,3
29587,4
29590,1
29591,1
29596,1
29597,4
29600,2
29603,3
29604,2
29606,2
29607,1
29609,4
29610,2
29616,2
29619,1
29620,2
29622,2
29623,1
29626,3
29628,1
29629,6
29632,3
29635,5
29638,1
29641,1
29642,2
29645,1
29648,2
29651,4
29654,3
29655,1
29657,2
29661,1
29664,2
29667,2
29668,2
29670,4
29671,2
29674,2
29676,1
29677,1
29680,3
29683,5
29684,1
29686,2
29687,1
29690,1
29692,1
29693,4
29696,3
29700,1
29702,1
29705,2
29706,4
29709,1
29712,7
29715,5
29716,1
29718,3
29719,1
29721,1
29722,1
29724,3
29725,4
29728,3
29731,2
29732,1
29735,1
29737,3
29738,3
29741,4
29744,3
29747,3
29751,1
29753,1
29754,1
29757,7
29760,1
29763,5
29766,2
29767,1
29769,1
29772,1
29773,1
29776,3
29779,1
29780,1
29782,2
29783,1
29785,2
29786,2
29788,1
29789,5
29792,5
29795,3
29796,1
29798,3
29801,2
29802,2
29805,1
29808,1
29811,2
29812,1
29814,1
29815,5
29817,1
29818,2
29821,4
29824,5
29827,2
29830,1
29831,2
29833,2
29834,1
29840,2
29843,1
29846,4
29847,2
29849,2
29852,3
29853,4
29856,2
29859,4
29860,3
29862,1
29863,1
29865,3
29866,2
29869,3
29872,4
29875,2
29876,1
29878,3
29881,1
29884,1
29885,2
29888,2
29891,6
29892,2
29895,2
29897,2
29901,2
29904,4
29907,5
29910,2
29911,4
29914,2
29916,2
29917,3
29920,2
29923,2
29924,1
29926,3
29927,1
29929,2
29930,4
29933,1
29936,4
29942,2
29946,1
29948,1
29949,2
29952,4
29955,2
29956,3
29958,1
29961,3
29962,1
29965,4
29968,6
29971,2
29974,3
29975,3
29977,2
29978,3
29980,1
29981,3
29984,1
29987,4
29988,4
29990,1
29991,1
29993,2
29994,7
29997,4
30000,8
30006,4
30007,2
30009,1
30010,4
30012,1
30013,3
30016,3
30019,2
30022,1
30023,1
30025,1
30026,1
30029,2
30032,8
30035,2
30036,1
30038,2
30039,1
30041,2
30042,1
30044,1
30045,2
30048,1
30051,3
30052,1
30054,1
30055,1
30057,3
30058,3
30061,4
30064,5
30067,5
30070,4
30071,5
30074,1
30076,2
30077,6
30080,3
30083,7
30084,1
30086,5
30089,3
30090,2
30092,2
30093,3
30096,4
30099,1
30102,1
30103,2
30105,1
30106,4
30109,4
30112,5
30115,6
30116,1
30118,2
30121,3
30122,3
30124,2
30125,4
30128,2
30131,6
30132,2
30134,5
30135,5
30137,1
30140,1
30141,3
30144,2
30147,5
30148,1
30150,1
30151,1
30153,3
30154,2
30157,2
30160,5
30163,3
30164,1
30166,5
30167,5
30169,1
30170,4
30172,4
30173,1
30176,2
30179,2
30182,6
30183,1
30185,3
30186,2
30189,4
30192,12
30195,1
30198,4
30199,7
30201,2
30202,2
30204,2
30205,7
30208,7
30211,6
30215,4
30217,1
30218,8
30221,3
30224,6
30227,1
30230,3
30231,3
30236,1
30237,11
30240,2
30243,9
30246,3
30247,2
30249,1
30250,5
30253,1
30256,4
30259,2
30260,2
30262,5
30263,2
30265,2
30266,2
30268,2
30269,4
30272,2
30275,7
30278,2
30279,2
30281,4
30282,5
30285,4
30288,8
30291,1
30292,1
30294,6
30295,1
30297,4
30298,1
30301,2
30304,5
30307,3
30308,1
30310,4
30311,2
30313,5
30314,4
30316,1
30317,3
30320,4
30323,2
30324,2
30326,5
30327,1
30329,2
30330,5
30332,1
30333,5
30336,3
30339,4
30340,3
30342,3
30343,1
30345,7
30346,6
30348,1
30349,4
30352,7
30355,2
30356,3
30358,5
30359,1
30362,3
30365,5
30368,6
30371,6
30374,2
30375,1
30377,2
30378,5
30381,7
30384,11
30387,4
30388,1
30390,4
30391,4
30393,2
30394,1
30396,1
30397,7
30400,3
30403,3
30404,1
30406,1
30407,1
30409,1
30410,2
30412,1
30413,7
30416,9
30419,7
30422,2
30423,2
30425,2
30426,1
30428,2
30429,6
30432,6
30435,7
30436,1
30438,3
30439,1
30441,5
30442,5
30444,2
30445,4
30448,7
30451,1
30454,6
30455,2
30458,4
30461,8
30464,5
30467,9
30468,3
30470,2
30471,1
30473,6
30474,7
30480,7
30483,4
30484,2
30486,8
30487,1
30489,2
30490,3
30492,1
30493,2
30496,2
30499,6
30500,1
30502,5
30503,2
30505,3
30506,5
30508,1
30509,5
30512,10
30515,4
30516,1
30518,10
30519,8
30521,1
30522,3
30524,1
30525,6
30528,3
30531,4
30532,1
30534,4
30535,2
30537,5
30538,3
30540,3
30541,2
30544,5
30547,4
30550,3
30551,3
30553,4
30554,2
30556,3
30557,3
30560,9
30563,11
30564,1
30566,5
30567,3
30569,3
30572,2
30573,3
30576,9
30579,7
30580,3
30582,2
30583,3
30585,5
30586,2
30588,1
30589,6
30592,3
30595,6
30596,3
30598,5
30599,1
30601,5
30602,5
30605,2
30608,10
30611,7
30612,1
30614,7
30615,2
30617,2
30618,3
30621,10
30624,6
30627,6
30628,1
30630,6
30631,2
30633,3
30634,4
30636,2
30637,4
30640,6
30643,7
30644,2
30646,11
30647,2
30650,2
30652,2
30653,3
30656,6
30659,7
30660,3
30662,2
30663,4
30665,5
30666,6
30668,2
30669,9
30672,10
30675,4
30676,2
30678,7
30679,1
30682,6
30685,7
30688,7
30691,9
30692,4
30694,3
30697,4
30698,2
30701,9
30704,9
30707,2
30710,5
30711,4
30713,1
30714,7
30716,1
30717,11
30720,6
30723,9
30724,1
30726,2
30727,2
30729,1
30730,6
30733,5
30736,7
30739,3
30740,1
30742,10
30743,3
30746,6
30748,4
30749,7
30752,10
30755,2
30756,2
30758,5
30759,1
30761,3
30762,6
30765,3
30768,11
30771,2
30772,3
30774,5
30775,2
30777,3
30778,2
30780,1
30781,12
30784,7
30787,15
30788,2
30790,8
30793,4
30794,6
30797,2
30800,8
30803,5
30804,1
30806,4
30807,3
30809,3
30810,3
30812,1
30813,11
30816,3
30819,6
30820,2
30822,4
30823,1
30825,4
30826,5
30829,7
30832,14
30835,5
30836,2
30838,5
30839,5
30841,4
30842,6
30844,1
30845,6
30848,4
30851,7
30852,1
30854,5
30855,1
30857,2
30858,6
30860,1
30861,6
30864,9
30867,7
30868,4
30870,8
30871,3
30873,5
30874,2
30876,1
30877,7
30880,6
30883,8
30884,5
30886,2
30887,4
30889,5
30890,5
30893,7
30896,12
30899,9
30900,1
30902,5
30903,1
30905,8
30906,7
30908,1
30909,7
30912,11
30915,11
30916,2
30918,5
30919,1
30921,4
30922,6
30924,2
30925,9
30928,15
30931,8
30932,3
30934,11
30935,3
30937,3
30938,3
30940,3
30941,12
30944,6
30947,7
30948,6
30950,3
30951,3
30953,6
30954,6
30956,2
30957,9
30960,14
30963,7
30964,1
30966,10
30967,7
30969,4
30970,2
30973,5
30976,9
30979,5
30980,2
30982,6
30983,3
30985,5
30986,7
30988,1
30989,4
30992,11
30995,9
30996,1
30998,8
30999,2
31001,3
31002,4
31004,4
31005,11
31008,7
31011,11
31012,4
31014,4
31015,2
31017,4
31018,1
31020,2
31021,10
31024,10
31027,7
31030,6
31031,2
31033,4
31034,9
31036,3
31037,7
31040,5
31043,11
31044,3
31046,6
31047,2
31049,5
31050,5
31052,1
31053,7
31056,14
31059,2
31060,3
31062,14
31063,5
31065,3
31066,4
31068,1
31069,13
31072,9
31075,25
31076,3
31078,3
31079,6
31081,5
31082,12
31084,4
31085,7
31088,14
31091,4
31092,1
31094,8
31095,4
31097,5
31098,5
31100,4
31101,9
31104,5
31107,8
31108,3
31111,9
31113,2
31114,10
31116,4
31117,8
31120,23
31123,6
31124,2
31126,8
31127,4
31129,4
31130,6
31132,3
31133,14
31136,10
31139,8
31142,6
31143,7
31145,6
31146,9
31148,2
31149,9
31152,13
31155,12
31156,2
31158,7
31159,5
31161,3
31162,2
31164,3
31165,14
31168,10
31171,15
31172,2
31174,3
31175,4
31177,7
31178,12
31180,4
31181,12
31184,17
31187,5
31188,2
31190,10
31191,8
31193,4
31194,1
31196,2
31197,9
31200,13
31203,11
31204,5
31206,3
31207,2
31209,1
31210,9
31212,2
31213,4
31216,8
31219,7
31222,14
31223,2
31225,5
31226,7
31228,3
31229,17
31232,12
31235,10
31236,4
31238,9
31241,9
31242,13
31245,12
31248,17
31251,7
31252,3
31254,8
31255,3
31257,3
31258,3
31260,3
31261,16
31264,7
31267,12
31268,4
31270,5
31271,3
31273,7
31274,11
31276,1
31277,6
31280,22
31283,5
31284,2
31286,9
31287,7
31289,3
31290,8
31292,7
31293,11
31296,9
31299,13
31300,2
31302,4
31303,1
31305,7
31306,11
31308,2
31309,15
31312,13
31315,6
31316,4
31318,14
31319,4
31321,2
31322,8
31324,3
31325,19
31328,7
31331,15
31332,4
31334,9
31335,3
31337,7
31338,10
31340,1
31341,11
31344,13
31347,9
31348,3
31350,7
31351,10
31353,6
31354,11
31356,4
31357,16
31360,10
31363,12
31364,1
31366,4
31367,3
31369,8
31370,8
31372,2
31373,4
31376,16
31379,11
31380,3
31382,9
31383,4
31385,2
31386,5
31388,5
31389,11
31392,5
31395,12
31396,4
31398,3
31399,1
31401,7
31402,6
31404,1
31405,10
31408,21
31411,6
31412,1
31414,7
31415,2
31417,3
31418,7
31420,2
31421,13
31424,9
31427,13
31428,4
31430,3
31431,2
31433,5
31434,9
31436,6
31437,11
31440,24
31443,6
31446,13
31447,6
31449,4
31450,8
31452,4
31453,14
31456,7
31459,12
31460,3
31462,3
31463,5
31465,6
31466,6
31468,1
31469,4
31472,14
31475,10
31476,1
31478,8
31479,8
31481,2
31482,3
31484,4
31485,12
31488,15
31491,11
31492,4
31494,7
31495,2
31497,5
31498,8
31500,1
31501,4
31504,16
31507,10
31508,2
31510,13
31511,6
31513,4
31514,3
31516,2
31517,15
31520,6
31523,17
31524,4
31526,5
31527,1
31529,3
31530,12
31533,9
31536,18
31539,7
31540,4
31542,14
31543,7
31545,2
31546,9
31548,5
31549,15
31552,10
31555,20
31556,4
31558,5
31559,8
31561,8
31562,10
31564,2
31565,5
31568,17
31571,1
31572,2
31574,5
31575,12
31577,4
31578,8
31580,5
31581,15
31584,12
31587,12
31588,4
31590,11
31591,3
31593,8
31594,13
31597,14
31600,19
31603,10
31604,3
31606,8
31607,2
31609,4
31610,8
31612,1
31613,17
31616,10
31619,18
31620,4
31622,6
31623,4
31625,5
31626,11
31628,4
31629,6
31632,18
31635,11
31636,3
31638,6
31639,13
31641,1
31642,4
31644,1
31645,10
31648,12
31651,11
31652,5
31654,6
31655,4
31657,3
31658,5
31660,1
31661,8
31664,18
31667,9
31670,6
31671,2
31673,6
31674,3
31676,4
31677,16
31680,4
31683,10
31684,4
31686,8
31687,4
31689,6
31690,9
31692,4
31693,11
31696,22
31699,12
31700,5
31702,7
31703,5
31705,6
31706,5
31708,3
31709,13
31712,15
31715,17
31716,4
31718,8
31719,6
31721,7
31722,11
31724,1
31725,15
31728,16
31731,15
31732,3
31734,11
31735,5
31737,2
31738,2
31740,5
31741,13
31744,14
31747,9
31748,6
31750,5
31751,7
31753,8
31754,7
31756,2
31757,12
31760,11
31763,6
31764,4
31766,9
31767,3
31769,7
31770,5
31772,7
31773,17
31776,12
31779,19
31780,3
31782,6
31783,5
31785,6
31786,13
31788,1
31789,8
31792,32
31795,7
31796,3
31798,12
31799,8
31801,6
31802,7
31804,3
31805,12
31808,13
31811,12
31812,3
31814,11
31815,3
31817,9
31818,11
31820,2
31821,7
31824,18
31827,6
31828,1
31830,7
31831,4
31833,9
31834,6
31836,8
31837,15
31840,13
31843,18
31844,1
31846,3
31847,6
31849,3
31850,10
31852,6
31853,4
31856,17
31859,17
31860,1
31862,15
31863,10
31865,1
31866,6
31868,2
31869,16
31872,10
31875,13
31876,2
31878,9
31879,6
31881,13
31882,13
31885,11
31888,10
31891,7
31892,2
31894,9
31895,4
31897,7
31898,5
31900,6
31901,13
31904,7
31907,15
31908,2
31910,3
31911,2
31913,7
31914,14
31916,5
31917,13
31920,23
31923,14
31924,1
31926,8
31927,4
31929,3
31930,8
31932,4
31933,16
31936,11
31939,13
31940,5
31942,6
31943,6
31945,6
31946,3
31948,4
31949,16
31952,19
31955,5
31956,3
31958,10
31959,7
31961,1
31962,8
31964,4
31965,14
31968,16
31971,15
31972,2
31974,6
31975,5
31977,13
31978,10
31980,3
31981,4
31984,16
31987,14
31988,8
31990,13
31991,10
31993,2
31994,4
31996,3
31997,16
32000,15
32003,11
32004,1
32006,9
32007,4
32009,7
32010,15
32012,5
32013,12
32016,28
32019,9
32022,13
32023,6
32025,8
32026,7
32029,17
32032,15
32035,21
32036,6
32038,9
32039,4
32041,10
32042,10
32044,2
32045,8
32048,17
32051,14
32052,5
32054,10
32055,7
32057,4
32058,7
32060,3
32061,21
32064,9
32067,15
32068,6
32070,10
32071,13
32073,11
32074,16
32076,4
32077,9
32080,20
32083,9
32084,2
32086,14
32087,7
32089,1
32090,3
32092,3
32093,14
32096,7
32099,18
32100,8
32102,8
32103,10
32105,8
32106,9
32108,4
32109,7
32112,22
32115,12
32116,1
32118,17
32119,8
32121,7
32122,6
32124,1
32125,14
32128,14
32131,16
32132,4
32134,3
32135,9
32137,9
32138,10
32140,2
32141,6
32144,16
32147,10
32148,3
32150,12
32151,8
32153,8
32154,3
32156,1
32157,16
32160,17
32163,11
32164,5
32166,8
32167,3
32169,7
32170,16
32172,2
32173,13
32176,26
32179,11
32180,1
32182,12
32183,7
32185,8
32186,8
32188,5
32189,20
32192,7
32195,16
32196,8
32198,8
32199,5
32201,5
32202,11
32204,2
32205,11
32208,16
32211,7
32212,4
32214,16
32215,9
32217,2
32218,5
32220,6
32221,22
32224,12
32227,20
32228,4
32230,7
32231,6
32233,10
32234,10
32236,3
32237,11
32240,23
32243,3
32244,1
32246,16
32247,10
32249,5
32250,10
32252,6
32253,13
32256,11
32259,21
32260,3
32262,9
32263,4
32265,8
32266,17
32268,2
32269,13
32272,20
32275,10
32276,1
32278,10
32279,5
32281,5
32282,12
32285,13
32288,8
32291,23
32292,8
32294,8
32295,9
32297,6
32298,14
32300,4
32301,15
32304,17
32307,10
32308,2
32310,10
32311,4
32313,1
32314,7
32316,4
32317,15
32320,12
32323,14
32324,5
32326,13
32327,6
32329,10
32330,14
32332,1
32333,12
32336,15
32339,10
32340,3
32342,15
32343,7
32345,6
32346,9
32348,2
32349,21
32352,15
32355,20
32356,4
32358,4
32359,6
32361,13
32362,9
32364,4
32365,14
32368,20
32371,9
32372,8
32374,14
32375,9
32377,3
32378,6
32380,3
32381,24
32384,8
32387,13
32388,5
32390,16
32391,1
32393,8
32394,11
32396,1
32397,11
32400,20
32403,12
32404,5
32406,14
32407,10
32409,6
32410,3
32412,5
32413,19
32416,13
32419,10
32420,6
32422,5
32423,9
32425,10
32426,7
32428,1
32429,16
32432,19
32435,6
32436,2
32438,15
32439,15
32441,6
32442,12
32444,5
32445,14
32448,15
32451,18
32452,5
32454,5
32455,7
32457,10
32458,11
32460,1
32461,16
32464,23
32467,6
32468,1
32470,13
32471,14
32473,11
32474,8
32476,5
32477,19
32480,11
32483,11
32484,3
32486,13
32487,5
32489,6
32490,9
32492,4
32493,10
32496,16
32499,8
32500,5
32502,10
32503,10
32505,3
32506,14
32508,8
32509,17
32512,20
32515,20
32516,6
32518,14
32519,5
32521,10
32522,13
32524,2
32525,6
32528,18
32531,19
32532,4
32534,12
32535,10
32537,5
32538,6
32540,6
32541,21
32544,15
32547,19
32548,3
32550,6
32551,10
32553,15
32554,21
32556,4
32557,15
32560,18
32563,11
32564,2
32566,11
32567,9
32569,2
32570,5
32572,6
32573,19
32576,14
32579,26
32580,4
32582,13
32583,4
32585,11
32586,6
32588,2
32589,10
32592,29
32595,9
32596,4
32598,14
32599,11
32601,5
32602,18
32604,7
32605,13
32608,12
32611,13
32612,5
32614,10
32615,7
32617,10
32618,14
32620,2
32621,11
32624,24
32627,19
32628,5
32630,11
32631,8
32633,8
32634,13
32636,7
32637,20
32640,19
32643,17
32644,5
32646,11
32647,7
32649,7
32650,17
32652,4
32653,11
32656,16
32659,10
32660,4
32662,15
32663,11
32665,2
32666,11
32668,9
32669,15
32672,19
32675,23
32676,2
32678,6
32679,4
32681,12
32682,16
32684,2
32685,8
32688,24
32691,12
32692,3
32694,12
32695,7
32697,7
32698,9
32700,3
32701,28
32704,19
32707,12
32708,5
32710,9
32711,7
32713,10
32714,10
32716,2
32717,7
32720,24
32723,12
32724,2
32726,13
32727,6
32729,9
32730,14
32732,2
32733,18
32736,20
32739,20
32740,5
32742,9
32743,9
32745,11
32746,14
32748,2
32749,11
32752,29
32755,19
32756,1
32758,13
32759,7
32761,9
32762,8
32764,10
32765,30
32768,9
32771,23
32772,5
32774,11
32775,6
32777,5
32778,15
32780,2
32781,14
32784,27
32787,17
32788,5
32790,21
32791,7
32793,6
32794,10
32796,5
32797,26
32800,16
32803,14
32804,4
32806,11
32807,6
32809,10
32810,25
32812,3
32813,12
32816,29
32819,10
32820,3
32822,14
32823,19
32825,9
32826,9
32828,5
32829,24
32832,12
32835,20
32836,3
32838,12
32839,3
32841,8
32842,16
32844,6
32845,9
32848,27
32851,16
32852,5
32854,12
32855,9
32857,8
32858,8
32860,7
32861,21
32864,16
32867,24
32868,4
32870,11
32871,5
32873,17
32874,8
32876,2
32877,14
32880,22
32883,12
32884,4
32886,19
32887,2
32889,4
32890,11
32892,3
32893,11
32896,13
32899,24
32900,8
32902,10
32903,5
32905,8
32906,18
32908,4
32909,12
32912,33
32915,17
32916,1
32918,15
32919,14
32921,6
32922,17
32924,4
32925,20
32928,13
32931,20
32932,5
32934,9
32935,4
32937,10
32938,16
32940,4
32941,10
32944,24
32947,17
32948,3
32950,19
32951,17
32953,5
32954,5
32956,3
32957,15
32960,11
32963,19
32964,10
32966,7
32967,6
32969,9
32970,17
32972,3
32973,10
32976,25
32979,18
32980,3
32982,14
32983,8
32985,6
32986,7
32988,4
32989,23
32992,18
32995,21
32996,10
32998,10
32999,10
33001,13
33002,16
33004,5
33005,17
33008,26
33011,12
33012,3
33014,13
33015,16
33017,8
33018,8
33020,4
33021,22
33024,25
33027,19
33028,7
33030,7
33031,8
33033,9
33034,23
33036,3
33037,15
33040,24
33043,16
33044,1
33046,20
33047,8
33049,6
33050,11
33052,1
33053,23
33056,20
33059,21
33060,3
33062,11
33063,11
33065,5
33066,16
33068,5
33069,14
33072,22
33075,7
33076,4
33078,17
33079,14
33081,8
33082,11
33084,3
33085,20
33088,10
33091,21
33092,9
33094,5
33095,7
33097,21
33098,16
33100,2
33101,18
33104,22
33107,12
33108,4
33110,17
33111,12
33113,9
33114,11
33116,7
33117,24
33120,13
33123,25
33124,2
33126,7
33127,7
33129,12
33130,19
33132,5
33133,9
33136,23
33139,16
33140,8
33142,20
33143,11
33145,6
33146,9
33148,6
33149,23
33152,18
33155,15
33156,7
33158,8
33159,7
33161,9
33162,18
33164,3
33165,11
33168,31
33171,9
33172,1
33174,20
33175,11
33177,6
33178,6
33180,6
33181,18
33184,16
33187,22
33188,9
33190,5
33191,2
33193,9
33194,14
33196,5
33197,8
33200,33
33203,11
33204,4
33206,15
33207,8
33209,8
33210,12
33212,8
33213,21
33216,19
33219,14
33220,9
33222,15
33223,6
33225,10
33226,16
33228,7
33229,8
33232,31
33235,14
33236,3
33238,24
33239,10
33241,5
33242,9
33244,6
33245,24
33248,19
33251,22
33252,1
33254,11
33255,5
33257,9
33258,14
33260,3
33261,13
33264,26
33267,12
33268,3
33270,23
33271,6
33273,8
33274,7
33276,6
33277,10
33280,14
33283,21
33284,4
33286,9
33287,4
33289,7
33290,15
33293,14
33296,24
33299,16
33300,3
33302,14
33303,8
33305,11
33306,11
33308,6
33309,21
33312,26
33315,19
33316,8
33318,8
33319,10
33321,8
33322,15
33324,4
33325,15
33328,20
33331,14
33332,3
33334,24
33335,19
33337,5
33338,10
33340,2
33341,20
33344,21
33347,22
33348,5
33350,6
33351,9
33353,14
33354,16
33356,3
33357,14
33360,25
33363,15
33364,4
33366,13
33367,12
33369,4
33370,15
33372,6
33373,17
33376,18
33379,30
33380,7
33382,10
33383,7
33385,12
33386,21
33388,1
33389,13
33392,26
33395,11
33396,3
33398,20
33399,18
33401,8
33402,11
33404,7
33405,24
33408,23
33411,19
33412,6
33414,9
33415,5
33417,9
33418,19
33420,2
33421,17
33424,37
33427,11
33428,5
33430,22
33431,15
33433,8
33434,8
33436,10
33437,27
33440,16
33443,18
33444,8
33446,11
33447,4
33449,11
33450,17
33452,3
33453,19
33456,25
33459,19
33460,3
33462,12
33463,10
33465,11
33466,9
33468,9
33469,17
33472,22
33475,21
33476,5
33478,7
33479,9
33481,16
33482,18
33484,3
33485,11
33488,23
33491,18
33492,3
33494,21
33495,6
33497,7
33498,9
33500,3
33501,17
33504,21
33507,16
33508,4
33510,9
33511,7
33513,9
33514,8
33516,4
33517,12
33520,27
33523,20
33524,3
33526,29
33527,15
33529,4
33530,6
33532,3
33533,28
33536,15
33539,25
33540,2
33542,4
33543,10
33545,9
33546,17
33548,5
33549,21
33552,29
33555,8
33556,2
33558,12
33559,15
33561,6
33562,9
33564,5
33565,24
33568,21
33571,24
33572,5
33574,14
33575,8
33577,11
33578,20
33580,3
33581,7
33584,28
33587,16
33588,5
33590,25
33591,15
33593,6
33594,7
33596,3
33597,27
33600,19
33603,21
33604,5
33606,7
33607,8
33609,9
33610,17
33612,4
33613,14
33616,31
33619,6
33620,2
33622,17
33623,9
33625,7
33626,11
33628,7
33629,19
33632,18
33635,26
33636,6
33638,15
33639,5
33641,9
33642,23
33644,5
33645,7
33648,35
33651,13
33652,5
33654,22
33655,11
33657,7
33658,10
33660,4
33661,26
33664,15
33667,21
33668,3
33670,8
33671,5
33673,17
33674,16
33676,3
33677,18
33680,31
33683,19
33684,1
33686,23
33687,12
33689,4
33690,16
33692,8
33693,19
33696,22
33699,31
33700,4
33702,9
33703,6
33705,13
33706,24
33708,2
33709,22
33712,31
33715,15
33716,4
33718,16
33719,14
33721,5
33722,13
33724,2
33725,21
33728,14
33731,18
33732,3
33734,10
33735,10
33737,12
33738,19
33741,16
33744,20
33747,8
33748,4
33750,18
33751,12
33753,9
33754,8
33756,9
33757,28
33760,13
33763,21
33764,2
33766,9
33767,7
33769,12
33770,12
33772,3
33773,15
33776,26
33779,14
33780,2
33782,19
33783,16
33785,8
33786,16
33788,4
33789,29
33792,25
33795,33
33796,2
33798,16
33799,8
33801,10
33802,15
33804,2
33805,11
33808,27
33811,13
33812,8
33814,14
33815,12
33817,8
33818,14
33820,6
33821,24
33824,14
33827,32
33828,8
33830,9
33831,7
33833,11
33834,18
33836,4
33837,9
33840,36
33843,20
33844,2
33846,17
33847,12
33849,6
33850,9
33852,5
33853,22
33856,18
33859,20
33860,4
33862,11
33863,8
33865,14
33866,21
33868,4
33869,17
33872,29
33875,18
33876,1
33878,19
33879,10
33881,7
33882,13
33884,2
33885,18
33888,16
33891,11
33892,6
33894,11
33895,6
33897,13
33898,21
33900,4
33901,19
33904,32
33907,14
33908,3
33910,22
33911,11
33913,9
33914,10
33916,8
33917,24
33920,16
33923,36
33924,9
33926,8
33927,7
33929,8
33930,20
33932,4
33933,12
33936,33
33939,15
33940,2
33942,9
33943,11
33945,8
33946,15
33948,3
33949,23
33952,13
33955,19
33956,5
33958,14
33959,8
33961,7
33962,21
33964,6
33965,16
33968,33
33971,19
33974,18
33975,10
33977,9
33978,11
33981,26
33984,20
33987,27
33988,14
33990,13
33991,7
33993,16
33994,22
33996,3
33997,18
34000,28
34003,16
34004,2
34006,22
34007,14
34009,9
34010,13
34012,9
34013,13
34016,16
34019,27
34020,11
34022,16
34023,6
34025,15
34026,12
34028,3
34029,16
34032,32
34035,18
34036,6
34038,25
34039,8
34041,4
34042,14
34044,8
34045,27
34048,24
34051,20
34052,5
34054,13
34055,5
34057,12
34058,23
34060,4
34061,12
34064,23
34067,14
34068,4
34070,18
34071,15
34073,4
34074,11
34076,9
34077,29
34080,10
34083,30
34084,16
34086,6
34087,7
34089,14
34090,21
34092,4
34093,11
34096,24
34099,19
34102,15
34103,14
34105,6
34106,14
34108,3
34109,24
34112,22
34115,25
34116,6
34118,10
34119,10
34121,11
34122,20
34124,5
34125,7
34128,35
34131,16
34132,2
34134,13
34135,11
34137,4
34138,13
34140,6
34141,26
34144,16
34147,18
34148,3
34150,15
34151,5
34153,8
34154,20
34156,3
34157,15
34160,31
34163,17
34164,6
34166,15
34167,15
34169,7
34170,13
34172,14
34173,28
34176,17
34179,20
34180,7
34182,8
34183,6
34185,15
34186,20
34188,3
34189,16
34192,34
34195,20
34196,1
34198,15
34199,9
34201,4
34202,8
34204,4
34205,25
34208,23
34211,26
34212,7
34214,12
34215,7
34217,13
34218,17
34220,5
34221,20
34224,27
34227,13
34228,4
34230,13
34231,16
34233,5
34234,14
34236,6
34237,28
34240,21
34243,21
34244,4
34246,12
34247,7
34249,21
34250,11
34252,2
34253,14
34256,38
34259,6
34260,5
34262,22
34263,14
34265,3
34266,11
34268,6
34269,29
34272,20
34275,27
34276,7
34278,10
34279,5
34281,11
34282,8
34284,5
34285,13
34288,30
34291,15
34292,3
34294,14
34295,16
34297,7
34298,8
34300,4
34301,30
34304,20
34307,22
34308,8
34310,10
34311,13
34313,8
34314,11
34316,3
34317,23
34320,24
34323,14
34324,4
34326,27
34327,17
34329,9
34330,11
34332,6
34333,17
34336,27
34339,38
34340,9
34342,15
34343,8
34345,15
34346,12
34348,4
34349,20
34352,39
34355,15
34356,5
34358,30
34359,18
34361,9
34362,7
34364,8
34365,24
34368,20
34371,18
34372,3
34374,11
34375,5
34377,7
34378,25
34380,4
34381,9
34384,30
34387,13
34388,5
34390,15
34391,14
34393,9
34394,8
34396,11
34397,27
34400,15
34403,29
34404,13
34406,14
34407,7
34409,9
34410,11
34412,6
34413,13
34416,41
34419,17
34420,3
34422,21
34423,21
34425,9
34426,8
34428,8
34429,29
34432,18
34435,20
34436,3
34438,10
34439,6
34441,18
34442,18
34444,6
34445,20
34448,36
34451,14
34452,4
34454,13
34455,9
34457,7
34458,15
34460,11
34461,25
34464,22
34467,17
34468,5
34470,18
34471,7
34473,11
34474,22
34476,8
34477,16
34480,31
34483,19
34484,5
34486,18
34487,13
34489,7
34490,7
34492,6
34493,22
34496,14
34499,22
34500,3
34502,11
34503,8
34505,7
34506,21
34508,4
34509,13
34512,39
34515,15
34516,4
34518,20
34519,20
34521,12
34522,9
34524,9
34525,17
34528,18
34531,26
34532,5
34534,15
34535,4
34537,16
34538,20
34540,3
34541,14
34544,39
34547,13
34548,5
34550,19
34551,15
34553,7
34554,16
34556,10
34557,24
34560,21
34563,27
34564,6
34566,10
34567,10
34569,21
34570,16
34573,17
34576,34
34579,16
34580,5
34582,24
34583,13
34585,5
34586,8
34588,2
34589,19
34592,14
34595,19
34596,7
34598,7
34599,6
34601,16
34602,18
34604,6
34605,15
34608,45
34611,16
34612,5
34614,19
34615,14
34617,5
34618,14
34620,10
34621,30
34624,21
34627,19
34628,5
34630,13
34631,7
34633,12
34634,19
34636,3
34637,16
34640,36
34643,18
34644,6
34646,17
34647,14
34649,7
34650,20
34652,6
34653,23
34656,20
34659,20
34660,3
34662,8
34663,7
34665,9
34666,18
34668,5
34669,16
34672,33
34675,15
34676,9
34678,19
34679,13
34681,10
34682,7
34684,8
34685,25
34688,30
34691,19
34692,4
34694,6
34695,4
34697,5
34698,19
34700,5
34701,17
34704,26
34707,13
34708,3
34710,25
34711,6
34713,6
34714,14
34716,11
34717,20
34720,18
34723,23
34724,11
34726,12
34727,10
34729,14
34730,24
34732,7
34733,22
34736,26
34739,16
34740,8
34742,26
34743,7
34745,13
34746,14
34748,5
34749,28
34752,17
34755,20
34756,7
34758,12
34759,13
34761,16
34762,18
34764,4
34765,16
34768,41
34771,10
34772,7
34774,21
34775,15
34777,10
34778,10
34780,5
34781,24
34784,21
34787,27
34788,9
34790,9
34791,10
34793,10
34794,21
34796,5
34797,10
34800,22
34803,9
34804,3
34806,20
34807,14
34809,12
34810,11
34812,7
34813,23
34816,17
34819,33
34820,8
34822,11
34823,8
34825,16
34826,13
34828,5
34829,12
34832,23
34835,16
34836,5
34838,22
34839,13
34841,10
34842,11
34844,6
34845,26
34848,23
34851,17
34852,5
34854,11
34855,13
34857,11
34858,14
34860,7
34861,22
34864,30
34867,14
34868,3
34870,24
34871,6
34873,6
34874,11
34876,7
34877,23
34880,27
34883,25
34884,6
34886,18
34887,5
34889,20
34890,18
34892,5
34893,17
34896,26
34899,20
34902,14
34903,11
34905,14
34906,11
34908,7
34909,21
34912,17
34915,30
34916,4
34918,14
34919,6
34921,14
34922,21
34924,4
34925,12
34928,28
34931,14
34932,6
34934,20
34935,9
34937,10
34938,11
34940,6
34941,24
34944,15
34947,28
34948,8
34950,8
34951,4
34953,12
34954,20
34956,5
34957,15
34960,41
34963,24
34964,4
34966,21
34967,15
34969,9
34970,10
34972,9
34973,26
34976,16
34979,25
34980,4
34982,12
34983,12
34985,9
34986,15
34988,2
34989,16
34992,28
34995,12
34996,7
34998,21
34999,12
35001,12
35002,12
35004,4
35005,31
35008,12
35011,22
35012,4
35014,8
35015,10
35017,10
35018,19
35020,3
35021,18
35024,26
35027,14
35028,6
35030,22
35031,9
35033,6
35034,17
35036,3
35037,23
35040,20
35043,21
35044,6
35046,9
35047,8
35049,15
35050,19
35052,8
35053,14
35056,35
35059,20
35060,3
35062,22
35063,9
35065,5
35066,14
35068,4
35069,24
35072,18
35075,23
35076,7
35078,15
35079,5
35081,14
35082,22
35084,7
35085,17
35088,30
35091,11
35092,7
35094,18
35095,8
35097,6
35098,10
35100,8
35101,28
35104,22
35107,14
35108,2
35110,12
35111,8
35113,10
35114,29
35116,3
35117,17
35120,30
35123,20
35124,3
35126,23
35127,9
35129,4
35130,14
35132,5
35133,25
35136,20
35139,36
35140,4
35142,14
35143,10
35145,11
35146,15
35148,2
35149,18
35152,32
35155,14
35156,10
35158,20
35159,10
35161,9
35162,16
35164,7
35165,19
35168,17
35171,25
35172,12
35174,8
35175,14
35177,12
35178,25
35180,1
35181,11
35184,42
35187,12
35188,3
35190,17
35191,11
35193,9
35194,9
35196,5
35197,21
35200,18
35203,17
35204,1
35206,16
35207,9
35209,14
35210,20
35212,3
35213,10
35216,29
35219,20
35220,2
35222,21
35223,15
35225,10
35226,5
35228,7
35229,38
35232,23
35235,30
35236,4
35238,12
35239,7
35241,16
35242,24
35244,4
35245,17
35248,26
35251,14
35252,3
35254,21
35255,12
35257,6
35258,13
35260,5
35261,29
35264,21
35267,28
35268,11
35270,9
35271,9
35273,12
35274,22
35276,2
35277,13
35280,25
35283,11
35284,3
35286,25
35287,9
35289,8
35290,20
35292,5
35293,29
35296,10
35299,26
35300,8
35302,10
35303,14
35305,9
35306,18
35308,7
35309,20
35312,35
35315,9
35316,7
35318,15
35319,20
35321,12
35322,10
35324,6
35325,21
35328,17
35331,27
35332,5
35334,16
35335,10
35337,13
35338,18
35340,3
35341,19
35344,32
35347,14
35348,4
35350,22
35351,6
35353,9
35354,10
35356,3
35357,28
35360,26
35363,24
35364,4
35366,16
35367,8
35369,15
35370,9
35372,4
35373,12
35376,38
35379,23
35380,3
35382,16
35383,17
35385,8
35386,10
35388,5
35389,22
35392,24
35395,25
35396,10
35398,7
35399,12
35401,12
35402,25
35404,5
35405,11
35408,28
35411,25
35412,4
35414,19
35415,12
35417,12
35418,7
35420,12
35421,22
35424,17
35427,19
35428,4
35430,10
35431,10
35433,11
35434,19
35436,7
35437,10
35440,31
35443,16
35444,3
35446,23
35447,10
35449,7
35450,10
35452,4
35453,27
35456,27
35459,21
35460,4
35462,14
35463,5
35465,12
35466,13
35468,7
35469,22
35472,27
35475,12
35476,2
35478,15
35479,13
35481,9
35482,13
35484,3
35485,25
35488,31
35491,21
35492,6
35494,16
35495,9
35497,11
35498,20
35500,6
35501,16
35504,35
35507,15
35508,1
35510,13
35511,14
35513,7
35514,12
35516,1
35517,30
35520,11
35523,21
35524,4
35526,7
35527,9
35529,14
35530,27
35532,3
35533,15
35536,30
35539,14
35540,3
35542,22
35543,16
35545,4
35546,10
35548,10
35549,28
35552,23
35555,32
35556,12
35558,14
35559,8
35561,12
35562,14
35564,5
35565,14
35568,41
35571,13
35572,5
35574,26
35575,17
35577,5
35578,14
35580,6
35581,31
35584,20
35587,21
35588,9
35590,16
35591,9
35593,9
35594,18
35596,3
35597,11
35600,29
35603,12
35604,1
35606,20
35607,11
35609,4
35610,8
35612,10
35613,22
35616,29
35619,22
35620,7
35622,12
35623,4
35625,11
35626,25
35628,5
35629,12
35632,42
35635,24
35636,4
35638,20
35639,10
35641,6
35642,17
35644,2
35645,23
35648,14
35651,29
35652,6
35654,12
35655,8
35657,10
35658,21
35660,4
35661,20
35664,33
35667,11
35668,2
35670,19
35671,10
35673,9
35674,12
35676,2
35677,29
35680,18
35683,28
35684,8
35686,15
35687,8
35689,16
35690,19
35692,3
35693,13
35696,28
35699,21
35702,17
35703,11
35705,7
35706,15
35708,5
35709,23
35712,21
35715,21
35716,4
35718,5
35719,5
35721,10
35722,21
35724,6
35725,17
35728,37
35731,12
35734,17
35735,8
35737,7
35738,14
35740,6
35741,21
35744,20
35747,27
35748,6
35750,14
35751,7
35753,16
35754,15
35756,7
35757,23
35760,33
35763,14
35764,3
35766,13
35767,10
35769,18
35770,16
35772,5
35773,29
35776,14
35779,26
35780,8
35782,9
35783,3
35785,16
35786,21
35789,17
35792,31
35795,16
35796,4
35798,24
35799,16
35801,3
35802,11
35804,6
35805,29
35808,14
35811,21
35812,11
35814,12
35815,10
35817,12
35818,22
35820,4
35821,25
35824,27
35827,14
35828,6
35830,18
35831,19
35833,10
35834,14
35836,3
35837,23
35840,14
35843,18
35844,8
35846,9
35847,9
35849,15
35850,20
35852,5
35853,17
35856,37
35859,12
35860,7
35862,23
35863,10
35865,10
35866,12
35868,5
35869,29
35872,23
35875,26
35876,5
35878,10
35879,6
35881,12
35882,22
35884,4
35885,18
35888,35
35891,16
35892,6
35894,21
35895,13
35897,7
35898,5
35900,13
35901,24
35904,25
35907,25
35908,11
35910,13
35911,10
35913,13
35914,22
35916,5
35917,18
35920,33
35923,17
35924,5
35926,16
35927,7
35929,9
35930,5
35932,7
35933,17
35936,24
35939,27
35940,7
35942,15
35943,5
35945,12
35946,14
35948,3
35949,17
35952,40
35955,14
35956,3
35958,23
35959,8
35961,9
35962,15
35964,4
35965,32
35968,24
35971,25
35972,7
35974,15
35975,10
35977,14
35978,21
35980,8
35981,20
35984,33
35987,15
35988,4
35990,19
35991,14
35993,7
35994,13
35996,3
35997,28
36000,22
36003,22
36004,9
36006,10
36007,6
36009,14
36010,17
36012,3
36013,18
36016,34
36019,11
36020,3
36022,22
36023,13
36025,10
36026,15
36028,5
36029,29
36032,20
36035,21
36036,5
36038,11
36039,11
36041,7
36042,21
36044,4
36045,13
36048,26
36051,19
36052,4
36054,16
36055,14
36057,13
36058,14
36060,11
36061,24
36064,21
36067,27
36068,7
36070,18
36071,8
36073,10
36074,20
36076,3
36077,13
36080,31
36083,13
36084,3
36086,27
36087,17
36089,14
36090,10
36092,7
36093,26
36096,22
36099,26
36100,7
36102,10
36103,6
36105,15
36106,30
36108,4
36109,13
36112,33
36115,12
36116,3
36118,25
36119,12
36121,3
36122,9
36124,8
36125,27
36128,9
36131,28
36132,4
36134,5
36135,6
36137,16
36138,11
36140,4
36141,17
36144,40
36147,22
36150,21
36151,19
36153,12
36154,14
36156,2
36157,23
36160,20
36163,28
36164,5
36166,13
36167,11
36169,17
36170,14
36172,7
36173,12
36176,31
36179,17
36180,3
36182,15
36183,14
36185,4
36186,13
36188,7
36189,18
36192,16
36195,36
36196,5
36198,7
36199,10
36201,11
36202,20
36204,5
36205,16
36208,40
36211,11
36212,4
36214,21
36215,9
36217,7
36218,12
36220,9
36221,18
36224,22
36227,18
36228,6
36230,4
36231,9
36233,9
36234,15
36236,3
36237,14
36240,37
36243,27
36244,1
36246,15
36247,16
36249,12
36250,8
36252,5
36253,33
36256,21
36259,31
36260,5
36262,17
36263,7
36265,11
36266,25
36268,2
36269,16
36272,26
36275,15
36276,6
36278,19
36279,15
36281,7
36282,6
36284,3
36285,28
36288,17
36291,29
36292,4
36294,9
36295,3
36297,13
36298,15
36300,3
36301,12
36304,38
36307,15
36308,3
36310,17
36311,7
36313,12
36314,11
36316,6
36317,21
36320,18
36323,22
36324,8
36326,10
36327,5
36329,14
36330,22
36332,5
36333,20
36336,34
36339,16
36342,17
36343,15
36345,5
36346,13
36348,5
36349,27
36352,23
36355,25
36356,3
36358,9
36359,8
36361,10
36362,26
36364,4
36365,11
36368,26
36371,24
36372,1
36374,28
36375,14
36377,7
36378,6
36380,11
36381,25
36384,20
36387,22
36388,9
36390,10
36391,7
36393,13
36394,8
36396,4
36397,22
36400,38
36403,16
36404,3
36406,20
36407,14
36409,9
36410,9
36412,4
36413,29
36416,20
36419,20
36420,2
36422,6
36423,7
36425,15
36426,22
36428,1
36429,18
36432,40
36435,10
36436,5
36438,22
36439,12
36441,9
36442,8
36444,6
36445,30
36448,25
36451,23
36452,12
36454,7
36455,10
36457,14
36458,25
36460,4
36461,17
36464,41
36467,17
36468,4
36470,15
36471,9
36473,6
36474,12
36476,1
36477,27
36480,22
36483,21
36484,1
36486,10
36487,4
36489,12
36490,23
36492,5
36493,12
36496,17
36499,12
36500,2
36502,14
36503,15
36505,10
36506,11
36508,1
36509,29
36512,16
36515,31
36516,7
36518,13
36519,12
36521,10
36522,15
36524,4
36525,19
36528,35
36531,24
36532,7
36534,18
36535,13
36537,8
36538,10
36540,7
36541,23
36544,22
36547,20
36548,5
36550,15
36551,9
36553,14
36554,15
36556,5
36557,15
36560,30
36563,13
36564,3
36566,17
36567,11
36569,12
36570,10
36572,7
36573,25
36576,20
36579,15
36580,6
36582,12
36583,5
36585,13
36586,15
36588,3
36589,15
36592,30
36595,10
36596,9
36598,14
36599,9
36601,5
36602,12
36604,4
36605,25
36608,20
36611,24
36612,6
36614,11
36615,12
36617,16
36618,13
36620,7
36621,7
36624,26
36627,16
36628,2
36630,13
36631,12
36633,7
36634,15
36636,9
36637,26
36640,30
36643,13
36644,6
36646,6
36647,7
36649,11
36650,16
36652,2
36653,13
36656,26
36659,17
36660,4
36662,21
36663,13
36665,8
36666,9
36668,8
36669,26
36672,18
36675,23
36676,5
36678,14
36679,10
36681,12
36682,17
36684,2
36685,11
36688,23
36691,14
36692,2
36694,18
36695,18
36697,4
36698,9
36700,5
36701,27
36704,18
36707,29
36708,6
36710,8
36711,6
36713,8
36714,18
36716,5
36717,11
36720,25
36723,13
36726,19
36727,14
36729,14
36730,13
36732,5
36733,25
36736,26
36739,19
36740,6
36742,9
36743,7
36745,13
36746,19
36748,5
36749,17
36752,29
36755,10
36756,4
36758,15
36759,14
36761,6
36762,5
36764,9
36765,26
36768,15
36771,22
36772,6
36774,16
36775,15
36777,11
36778,14
36780,2
36781,13
36784,24
36787,16
36788,3
36790,11
36791,11
36793,13
36794,9
36796,9
36797,30
36800,16
36803,26
36804,5
36806,10
36807,8
36809,13
36810,15
36812,2
36813,9
36816,25
36819,21
36820,7
36822,19
36823,13
36825,6
36826,5
36828,7
36829,21
36832,14
36835,20
36836,7
36838,12
36839,6
36841,10
36842,14
36844,1
36845,15
36848,27
36851,15
36852,6
36854,13
36855,13
36857,9
36858,13
36860,3
36861,19
36864,19
36867,22
36868,8
36870,11
36871,5
36873,5
36874,8
36876,1
36877,17
36880,39
36883,16
36884,1
36886,12
36887,12
36889,6
36890,8
36892,4
36893,29
36896,15
36899,27
36900,2
36902,7
36903,10
36905,11
36906,16
36908,3
36909,6
36912,26
36915,21
36916,3
36918,19
36919,7
36921,6
36922,12
36924,8
36925,27
36928,19
36931,16
36932,7
36934,14
36935,8
36937,10
36938,17
36940,2
36941,19
36944,30
36947,10
36948,3
36950,22
36951,15
36953,8
36954,13
36956,5
36957,15
36960,20
36963,19
36964,3
36966,14
36967,6
36969,13
36970,20
36972,3
36973,10
36976,26
36979,11
36980,1
36982,17
36983,14
36985,4
36986,14
36988,4
36989,19
36992,17
36995,25
36996,6
36998,11
36999,7
37001,9
37002,17
37004,3
37005,14
37008,19
37011,12
37012,2
37014,15
37015,7
37017,5
37018,9
37020,5
37021,11
37024,16
37027,20
37028,5
37030,10
37031,3
37033,16
37034,21
37036,1
37037,13
37040,30
37043,11
37044,1
37046,15
37047,11
37049,5
37050,8
37052,1
37053,20
37056,21
37059,17
37060,6
37062,7
37063,5
37065,10
37066,18
37068,5
37069,11
37072,22
37075,11
37076,4
37078,13
37079,12
37081,8
37082,7
37084,6
37085,23
37088,27
37091,20
37092,6
37094,4
37095,6
37097,18
37098,11
37100,7
37101,6
37104,31
37107,17
37108,5
37110,14
37111,11
37113,9
37114,8
37116,7
37117,25
37120,23
37123,19
37124,5
37126,8
37127,3
37129,7
37130,12
37132,5
37133,16
37136,19
37139,13
37140,2
37142,19
37143,9
37145,8
37146,7
37148,1
37149,23
37152,21
37155,20
37156,10
37158,12
37159,6
37161,15
37162,9
37164,6
37165,13
37168,31
37171,12
37172,5
37174,11
37175,6
37177,9
37178,10
37180,4
37181,23
37184,22
37187,18
37188,6
37190,8
37191,8
37193,15
37194,10
37196,2
37197,11
37200,21
37203,11
37204,3
37206,9
37207,5
37209,5
37210,13
37212,5
37213,23
37216,17
37219,18
37220,6
37222,9
37223,3
37225,13
37226,19
37228,1
37229,20
37232,22
37235,9
37236,3
37238,19
37239,13
37241,6
37242,12
37244,5
37245,19
37248,18
37251,24
37252,3
37254,8
37255,5
37257,13
37258,7
37260,2
37261,22
37264,23
37267,22
37268,3
37270,25
37271,11
37273,5
37274,10
37276,6
37277,21
37280,17
37283,25
37284,3
37286,23
37287,11
37289,13
37290,15
37292,1
37293,20
37296,30
37299,19
37300,5
37302,21
37303,12
37305,4
37306,10
37308,5
37309,27
37312,10
37315,18
37316,10
37318,7
37319,12
37321,19
37322,11
37324,4
37325,10
37328,18
37331,13
37332,1
37334,12
37335,7
37337,3
37338,6
37340,5
37341,20
37344,16
37347,17
37348,6
37350,14
37351,4
37353,7
37354,18
37357,8
37360,32
37363,12
37364,1
37366,15
37367,12
37369,7
37370,4
37372,3
37373,23
37376,13
37379,14
37380,7
37382,7
37383,8
37385,3
37386,16
37388,4
37389,10
37392,18
37395,15
37396,3
37398,12
37399,9
37401,4
37402,11
37404,6
37405,12
37408,18
37411,21
37412,5
37414,9
37415,5
37417,7
37418,14
37420,2
37421,13
37424,28
37427,15
37428,2
37430,15
37431,10
37433,8
37434,16
37436,9
37437,15
37440,17
37443,18
37444,9
37446,9
37447,9
37449,6
37450,10
37452,4
37453,10
37456,23
37459,12
37460,3
37462,13
37463,11
37465,6
37466,9
37468,3
37469,13
37472,7
37475,19
37476,7
37478,14
37479,6
37481,16
37482,9
37484,4
37485,16
37488,28
37491,12
37492,4
37494,20
37495,8
37497,6
37498,8
37500,8
37501,14
37504,9
37507,17
37508,7
37510,7
37511,9
37513,15
37514,14
37516,4
37517,10
37520,33
37523,15
37524,7
37526,17
37527,9
37529,7
37530,2
37532,2
37533,21
37536,16
37539,20
37540,7
37542,10
37543,7
37545,12
37546,19
37548,4
37549,12
37552,25
37555,9
37556,4
37558,14
37559,16
37561,3
37562,13
37564,2
37565,19
37568,12
37571,17
37572,3
37574,5
37575,5
37577,15
37578,17
37580,1
37581,8
37584,27
37587,14
37588,2
37590,14
37591,5
37593,5
37594,14
37596,1
37597,18
37600,14
37603,18
37604,5
37606,11
37607,5
37609,4
37610,15
37612,1
37613,12
37616,16
37619,10
37620,3
37622,8
37623,12
37625,3
37626,7
37628,5
37629,19
37632,16
37635,25
37636,7
37638,4
37639,6
37641,11
37642,18
37644,2
37645,10
37648,26
37651,13
37652,6
37654,9
37655,11
37657,4
37658,9
37660,3
37661,26
37664,10
37667,19
37668,6
37670,8
37671,4
37673,10
37674,15
37677,7
37680,35
37683,18
37684,2
37686,15
37687,14
37689,6
37690,5
37692,8
37693,24
37696,19
37699,15
37700,3
37702,8
37703,3
37705,7
37706,14
37708,2
37709,14
37712,19
37715,13
37716,2
37718,18
37719,4
37721,5
37722,6
37724,2
37725,15
37728,12
37731,13
37732,12
37734,9
37735,8
37737,7
37738,17
37740,5
37741,9
37744,20
37747,7
37748,3
37750,17
37751,7
37753,6
37754,9
37756,5
37757,16
37760,19
37763,13
37764,3
37766,11
37767,6
37769,13
37770,18
37772,2
37773,20
37776,30
37779,10
37780,5
37782,13
37783,11
37785,6
37786,8
37788,4
37789,15
37792,19
37795,19
37796,2
37798,12
37799,5
37801,7
37802,17
37804,3
37805,16
37808,21
37811,13
37812,2
37814,11
37815,8
37817,6
37818,10
37820,5
37821,14
37824,12
37827,22
37828,4
37830,6
37831,2
37833,9
37834,19
37837,18
37840,21
37843,10
37844,1
37846,21
37847,12
37849,7
37850,15
37852,4
37853,23
37856,19
37859,17
37860,4
37862,2
37863,3
37865,7
37866,11
37868,2
37869,16
37872,20
37875,15
37876,5
37878,15
37879,5
37881,5
37882,9
37884,8
37885,9
37888,15
37891,25
37892,4
37894,6
37895,4
37897,8
37898,12
37900,3
37901,10
37904,24
37907,11
37908,4
37910,12
37911,8
37913,4
37914,13
37916,5
37917,24
37920,14
37923,22
37924,4
37926,6
37927,4
37929,10
37930,16
37932,5
37933,10
37936,18
37939,10
37940,4
37942,20
37943,8
37945,1
37946,15
37948,5
37949,18
37952,17
37955,15
37956,6
37958,8
37959,5
37961,9
37962,19
37964,3
37965,11
37968,22
37971,16
37972,3
37974,14
37975,8
37977,10
37978,8
37980,3
37981,14
37984,15
37987,18
37988,10
37990,7
37991,5
37993,15
37994,13
37996,2
37997,11
38000,22
38003,10
38004,4
38006,14
38007,8
38009,3
38010,11
38012,9
38013,21
38016,17
38019,19
38020,1
38022,8
38023,4
38025,6
38026,17
38028,4
38029,8
38032,19
38035,14
38036,2
38038,16
38039,7
38041,6
38042,11
38044,9
38045,21
38048,16
38051,13
38052,2
38054,6
38055,5
38057,8
38058,13
38060,5
38061,13
38064,22
38067,12
38068,1
38070,14
38071,11
38073,7
38074,5
38076,3
38077,19
38080,13
38083,19
38084,7
38086,13
38087,4
38089,14
38090,10
38092,2
38093,13
38096,19
38099,9
38100,4
38102,10
38103,9
38105,6
38106,8
38108,7
38109,17
38112,8
38115,20
38116,6
38118,9
38119,3
38121,12
38122,14
38124,3
38125,9
38128,32
38131,9
38132,4
38134,8
38135,5
38137,7
38138,8
38140,5
38141,14
38144,13
38147,19
38148,4
38150,6
38151,5
38153,8
38154,15
38156,1
38157,18
38160,21
38163,12
38164,1
38166,14
38167,8
38169,8
38170,6
38172,4
38173,19
38176,16
38179,16
38180,3
38182,6
38183,7
38185,7
38186,14
38188,3
38189,10
38192,15
38195,11
38196,3
38198,10
38199,7
38201,5
38202,15
38204,3
38205,17
38208,13
38211,22
38212,2
38214,6
38215,6
38217,7
38218,10
38220,4
38221,6
38224,16
38227,14
38228,3
38230,7
38231,10
38233,6
38234,8
38236,3
38237,15
38240,13
38243,23
38244,4
38246,7
38247,2
38249,9
38250,7
38253,7
38256,17
38259,9
38260,3
38262,11
38263,13
38265,8
38266,5
38268,3
38269,17
38272,11
38275,13
38276,3
38278,9
38279,3
38281,7
38282,14
38284,2
38285,6
38288,23
38291,14
38292,1
38294,11
38295,7
38297,3
38298,6
38300,2
38301,12
38304,17
38307,11
38310,8
38311,6
38313,10
38314,15
38316,6
38317,5
38320,19
38323,8
38324,2
38326,12
38327,9
38329,5
38330,9
38332,8
38333,12
38336,15
38339,20
38340,7
38342,5
38343,4
38345,10
38346,8
38348,3
38349,6
38352,29
38355,12
38356,3
38358,17
38359,12
38361,5
38362,6
38364,3
38365,14
38368,12
38371,14
38372,6
38374,6
38375,10
38377,7
38378,9
38380,4
38381,7
38384,21
38387,12
38388,4
38390,9
38391,7
38393,2
38394,5
38396,3
38397,17
38400,12
38403,19
38404,2
38406,5
38407,3
38409,10
38410,15
38412,1
38413,8
38416,19
38419,11
38420,4
38422,13
38423,9
38425,4
38426,8
38428,6
38429,19
38432,16
38435,20
38436,6
38438,8
38439,3
38441,10
38442,11
38444,5
38445,11
38448,22
38451,10
38452,1
38454,10
38455,4
38457,4
38458,6
38460,5
38461,10
38464,10
38467,24
38468,5
38470,4
38471,9
38473,7
38474,11
38476,1
38477,9
38480,18
38483,12
38484,2
38486,10
38487,6
38489,7
38490,2
38492,2
38493,17
38496,16
38499,16
38500,6
38502,9
38503,3
38505,8
38506,8
38508,4
38509,11
38512,21
38515,8
38516,2
38518,11
38519,9
38521,3
38522,8
38524,3
38525,14
38528,12
38531,13
38532,3
38534,5
38535,4
38537,7
38538,11
38540,1
38541,9
38544,27
38547,9
38548,2
38550,16
38551,9
38553,7
38554,5
38556,2
38557,11
38560,9
38563,11
38564,6
38566,4
38567,4
38569,10
38570,9
38572,1
38573,11
38576,23
38579,9
38582,16
38583,4
38585,5
38586,8
38588,4
38589,12
38592,15
38595,17
38596,4
38598,6
38599,5
38601,12
38602,11
38604,5
38605,11
38608,19
38611,18
38612,4
38614,27
38615,9
38617,8
38618,8
38620,6
38621,13
38624,14
38627,13
38628,2
38630,5
38631,6
38633,9
38634,12
38636,1
38637,9
38640,24
38643,11
38646,18
38647,8
38649,6
38650,4
38652,5
38653,13
38656,15
38659,16
38660,7
38662,5
38663,6
38665,7
38666,14
38668,3
38669,12
38672,19
38675,4
38676,3
38678,14
38679,8
38681,1
38682,10
38684,2
38685,12
38688,19
38691,18
38692,8
38694,6
38695,4
38697,6
38698,13
38700,2
38701,6
38704,20
38707,17
38708,2
38710,15
38711,7
38713,3
38714,6
38716,5
38717,18
38720,13
38723,17
38724,9
38726,6
38727,8
38729,6
38730,14
38732,4
38733,7
38736,14
38739,8
38740,2
38742,10
38743,4
38745,3
38746,6
38748,4
38749,13
38752,18
38755,15
38758,7
38759,6
38761,12
38762,13
38765,8
38768,21
38771,11
38772,4
38774,11
38775,13
38777,3
38778,15
38780,3
38781,13
38784,14
38787,13
38788,3
38790,3
38791,2
38793,6
38794,10
38796,2
38797,8
38800,15
38803,6
38804,1
38806,9
38807,9
38809,1
38810,6
38812,3
38813,12
38816,12
38819,15
38820,7
38822,7
38823,3
38825,12
38826,13
38828,5
38829,10
38832,20
38835,8
38836,2
38838,12
38839,4
38841,5
38842,9
38844,3
38845,3
38848,13
38851,17
38852,4
38854,6
38855,1
38857,16
38858,9
38860,2
38861,10
38864,26
38867,6
38868,2
38870,7
38871,6
38873,2
38874,5
38876,3
38877,19
38880,7
38883,12
38884,3
38886,11
38887,4
38889,3
38890,12
38893,9
38896,21
38899,6
38900,4
38902,14
38903,11
38905,2
38906,10
38908,3
38909,13
38912,10
38915,24
38916,5
38918,8
38919,7
38921,8
38922,12
38924,1
38925,8
38928,13
38931,17
38932,2
38934,11
38935,4
38937,4
38938,5
38940,2
38941,16
38944,10
38947,18
38948,10
38950,7
38951,3
38953,5
38954,11
38956,1
38957,13
38960,30
38963,7
38964,4
38966,10
38967,7
38969,4
38970,6
38972,2
38973,17
38976,13
38979,16
38980,4
38982,10
38983,5
38985,4
38986,12
38988,2
38989,10
38992,20
38995,17
38996,3
38998,11
38999,11
39001,6
39002,7
39005,13
39008,16
39011,13
39012,5
39014,3
39015,8
39017,5
39018,6
39020,3
39021,14
39024,23
39027,11
39028,3
39030,10
39031,4
39033,4
39034,8
39036,5
39037,18
39040,16
39043,14
39044,6
39046,6
39047,5
39049,6
39050,19
39052,1
39053,11
39056,21
39059,8
39060,2
39062,12
39063,11
39065,3
39066,12
39068,5
39069,12
39072,11
39075,14
39076,4
39078,10
39079,3
39081,6
39082,12
39084,3
39085,10
39088,21
39091,7
39092,1
39094,9
39095,12
39097,6
39098,6
39100,3
39101,17
39104,12
39107,16
39108,4
39110,10
39111,5
39113,8
39114,9
39117,5
39120,14
39123,10
39124,6
39126,10
39127,6
39129,3
39130,5
39132,4
39133,21
39136,6
39139,13
39140,4
39142,8
39145,5
39146,14
39148,2
39149,7
39152,14
39155,13
39156,2
39158,6
39159,7
39161,4
39162,4
39164,3
39165,13
39168,18
39171,13
39172,3
39174,7
39175,6
39177,7
39178,14
39180,1
39181,9
39184,20
39187,7
39188,2
39190,8
39191,2
39193,5
39194,7
39196,3
39197,16
39200,9
39203,13
39204,3
39206,7
39207,4
39209,6
39210,7
39212,3
39213,10
39216,18
39219,6
39220,1
39222,12
39223,13
39225,6
39226,5
39228,3
39229,14
39232,9
39235,7
39236,4
39238,5
39239,7
39241,5
39242,5
39244,2
39245,5
39248,21
39251,5
39252,2
39254,10
39255,4
39257,3
39258,7
39260,5
39261,17
39264,9
39267,18
39268,3
39270,14
39271,4
39273,5
39274,7
39276,2
39277,11
39280,13
39283,4
39284,6
39286,8
39287,6
39289,1
39290,7
39292,5
39293,10
39296,9
39299,10
39300,5
39302,2
39303,4
39305,11
39306,7
39308,2
39309,11
39312,15
39315,6
39316,2
39318,12
39319,9
39321,8
39322,3
39324,3
39325,10
39328,9
39331,11
39332,5
39334,9
39335,6
39337,6
39338,10
39340,3
39341,7
39344,8
39347,7
39348,2
39350,10
39351,2
39353,2
39354,5
39356,5
39357,11
39360,15
39363,15
39366,4
39367,3
39369,6
39370,10
39373,4
39376,16
39379,6
39380,2
39382,12
39383,6
39385,4
39386,5
39388,3
39389,16
39392,11
39395,18
39396,5
39398,10
39399,1
39401,5
39402,14
39404,1
39405,8
39408,11
39411,9
39412,1
39414,8
39415,13
39417,3
39418,6
39420,7
39421,14
39424,12
39427,12
39428,4
39430,9
39431,3
39433,8
39434,9
39436,3
39437,9
39440,12
39443,14
39444,3
39446,7
39447,5
39449,9
39450,6
39452,1
39453,15
39456,7
39459,12
39460,3
39462,4
39463,4
39465,8
39466,18
39468,2
39469,13
39472,9
39475,7
39476,1
39478,6
39479,11
39481,1
39482,7
39485,15
39488,7
39491,14
39492,3
39494,5
39495,2
39497,9
39498,8
39501,7
39504,12
39507,5
39508,1
39510,9
39511,8
39513,6
39514,5
39516,3
39517,10
39520,12
39523,7
39524,3
39526,6
39527,3
39529,6
39530,13
39532,2
39533,6
39536,12
39539,7
39540,1
39542,8
39543,11
39545,5
39546,1
39548,3
39549,15
39552,15
39555,13
39556,5
39558,4
39559,7
39561,6
39562,4
39565,8
39568,14
39571,5
39572,3
39574,11
39575,6
39578,5
39580,1
39581,15
39584,12
39587,13
39588,3
39590,4
39591,3
39593,8
39594,13
39596,2
39597,9
39600,14
39603,9
39604,4
39606,8
39607,7
39609,5
39610,5
39612,7
39613,10
39616,8
39619,19
39620,3
39622,3
39623,8
39625,5
39626,5
39628,1
39629,10
39632,17
39635,11
39636,4
39638,11
39639,4
39641,8
39642,6
39644,3
39645,9
39648,8
39651,14
39652,2
39654,6
39655,3
39657,11
39658,15
39660,2
39661,6
39664,13
39667,10
39668,4
39670,13
39671,9
39673,4
39674,12
39677,11
39680,8
39683,12
39684,4
39686,4
39687,3
39689,6
39690,14
39692,2
39693,11
39696,17
39699,5
39700,4
39702,5
39703,4
39705,5
39706,6
39708,3
39709,14
39712,10
39715,8
39716,2
39718,3
39719,3
39721,7
39722,13
39724,3
39725,9
39728,22
39731,5
39732,1
39734,12
39735,7
39737,2
39738,4
39740,1
39741,15
39744,7
39747,17
39748,3
39750,6
39751,2
39753,3
39754,5
39756,1
39757,9
39760,11
39763,9
39766,3
39767,7
39769,5
39770,11
39772,4
39773,17
39776,4
39779,12
39780,1
39782,9
39783,6
39785,5
39786,6
39788,3
39789,13
39792,15
39795,10
39796,3
39798,8
39799,5
39801,2
39802,3
39805,14
39808,10
39811,14
39812,3
39814,13
39815,5
39817,4
39818,7
39820,3
39821,5
39824,11
39827,1
39828,2
39830,9
39831,5
39833,2
39834,4
39836,3
39837,14
39840,11
39843,14
39844,6
39846,6
39847,1
39849,5
39850,8
39852,2
39853,12
39856,13
39859,8
39860,1
39862,11
39863,6
39865,4
39866,7
39868,6
39869,11
39872,13
39875,7
39876,2
39878,6
39879,1
39881,6
39882,8
39885,7
39888,14
39891,7
39892,2
39894,15
39895,4
39897,3
39898,4
39900,1
39901,9
39904,6
39907,15
39908,4
39910,6
39911,2
39913,5
39914,5
39917,3
39920,18
39923,5
39924,3
39926,12
39927,4
39929,3
39930,2
39932,4
39933,11
39936,5
39939,11
39940,3
39942,8
39943,7
39945,5
39946,12
39949,7
39952,11
39955,10
39956,3
39958,13
39959,5
39961,8
39962,10
39964,5
39965,9
39968,7
39971,15
39972,2
39974,8
39975,2
39977,1
39978,12
39980,2
39981,4
39984,15
39987,8
39988,1
39990,7
39991,3
39993,4
39994,10
39996,4
39997,15
40000,6
40003,9
40004,2
40006,4
40007,4
40009,6
40010,6
40012,2
40013,7
40016,19
40019,7
40020,3
40022,10
40023,2
40025,4
40028,3
40029,16
40032,5
40035,12
40036,1
40038,7
40039,3
40041,9
40042,1
40044,3
40045,9
40048,9
40051,6
40052,1
40054,7
40055,5
40057,2
40058,2
40060,4
40061,13
40064,4
40067,7
40070,5
40071,3
40073,5
40074,9
40076,3
40077,4
40080,12
40084,1
40086,12
40087,3
40089,5
40090,2
40092,3
40093,13
40096,9
40099,11
40100,4
40102,3
40103,4
40105,4
40106,8
40108,2
40109,6
40112,12
40115,10
40116,2
40118,6
40119,5
40121,5
40122,3
40124,1
40125,14
40128,5
40131,15
40132,2
40134,6
40135,5
40137,10
40138,5
40141,4
40144,14
40147,7
40148,1
40150,13
40151,2
40153,3
40154,9
40156,5
40157,12
40160,12
40163,7
40164,5
40166,4
40167,1
40169,2
40170,11
40172,3
40173,5
40176,15
40179,6
40180,4
40182,3
40183,2
40185,2
40186,4
40188,2
40189,11
40192,10
40195,10
40196,4
40198,1
40199,2
40201,8
40202,7
40205,6
40208,14
40211,3
40212,3
40214,6
40215,1
40218,4
40220,2
40221,9
40224,9
40227,14
40228,1
40230,6
40231,1
40233,3
40234,9
40236,2
40237,7
40240,10
40243,7
40244,1
40246,3
40247,5
40249,5
40250,5
40252,4
40253,9
40256,15
40259,8
40260,1
40262,5
40263,3
40265,2
40266,12
40269,8
40272,11
40275,10
40276,1
40278,5
40279,6
40281,2
40282,3
40284,2
40285,10
40288,8
40291,10
40292,1
40294,7
40295,3
40297,5
40298,10
40301,2
40304,12
40307,7
40308,3
40310,3
40311,2
40313,1
40314,3
40316,1
40317,8
40320,15
40323,13
40324,2
40326,3
40327,3
40329,4
40330,7
40332,3
40333,3
40336,9
40339,6
40340,1
40342,14
40343,2
40345,4
40346,6
40348,6
40349,11
40352,9
40355,11
40356,1
40358,4
40359,4
40361,4
40362,8
40364,1
40365,6
40368,10
40371,6
40374,4
40375,4
40377,4
40378,3
40380,2
40381,10
40384,5
40387,11
40388,4
40390,7
40391,3
40393,3
40394,9
40396,3
40397,4
40400,14
40403,4
40404,2
40406,3
40407,4
40410,4
40413,13
40416,9
40419,10
40422,7
40423,3
40425,3
40426,7
40429,8
40432,11
40435,4
40436,5
40438,8
40439,6
40441,1
40442,3
40444,3
40445,8
40448,5
40451,6
40454,2
40455,2
40457,5
40458,7
40460,1
40461,8
40464,7
40467,8
40468,1
40470,5
40471,9
40473,1
40474,2
40476,3
40477,6
40480,9
40483,9
40484,2
40486,7
40487,2
40489,2
40490,6
40492,2
40493,6
40496,11
40499,7
40502,12
40503,4
40506,7
40508,1
40509,2
40512,11
40515,4
40516,3
40518,7
40519,2
40521,4
40522,6
40524,1
40525,6
40528,4
40531,2
40534,8
40535,1
40537,3
40538,5
40540,2
40541,7
40544,10
40547,6
40548,2
40550,6
40551,2
40553,1
40554,6
40556,2
40557,3
40560,15
40563,3
40564,2
40566,5
40567,3
40570,1
40572,1
40573,7
40576,6
40579,9
40580,2
40582,6
40583,3
40585,1
40586,8
40588,1
40589,7
40592,8
40595,5
40596,2
40598,6
40599,7
40601,5
40602,10
40604,2
40605,5
40608,13
40611,7
40612,1
40614,4
40615,1
40617,3
40618,6
40620,4
40621,4
40624,5
40627,9
40628,1
40630,7
40631,2
40633,4
40634,5
40637,9
40640,2
40643,6
40644,1
40646,6
40647,1
40649,6
40650,8
40653,9
40656,11
40659,9
40662,6
40663,5
40665,3
40666,4
40669,5
40672,10
40675,6
40676,4
40678,1
40679,2
40681,2
40682,6
40684,2
40685,8
40688,8
40691,4
40694,7
40695,3
40697,2
40698,2
40700,1
40701,6
40704,6
40707,9
40708,2
40710,2
40711,3
40713,5
40714,7
40716,1
40717,3
40720,16
40723,2
40724,1
40726,3
40727,1
40729,1
40730,4
40732,4
40733,3
40736,8
40739,6
40740,2
40742,3
40743,2
40745,4
40746,10
40749,3
40752,7
40755,3
40756,4
40758,8
40759,3
40761,2
40762,5
40764,4
40765,6
40768,6
40771,11
40772,2
40775,2
40777,7
40778,7
40781,5
40784,7
40787,4
40788,1
40790,8
40791,1
40793,1
40794,2
40796,1
40797,6
40800,3
40803,6
40804,3
40806,5
40807,2
40809,3
40810,3
40812,1
40813,8
40816,11
40819,4
40820,1
40822,4
40823,4
40825,2
40826,4
40828,3
40829,8
40832,5
40835,11
40836,1
40838,8
40841,3
40842,2
40844,2
40845,1
40848,6
40851,4
40854,7
40855,1
40858,3
40860,4
40861,6
40864,8
40867,5
40868,3
40870,1
40871,1
40873,5
40874,14
40876,1
40877,6
40880,11
40883,1
40884,1
40886,5
40887,6
40889,1
40890,6
40892,4
40893,9
40896,10
40899,6
40902,3
40903,1
40905,5
40906,7
40909,2
40912,10
40915,4
40916,2
40918,5
40919,3
40921,1
40922,5
40924,3
40925,8
40928,3
40931,12
40934,3
40935,1
40937,1
40938,3
40941,2
40944,13
40947,3
40950,7
40951,6
40953,2
40954,3
40957,10
40960,4
40963,8
40964,1
40966,5
40969,2
40970,5
40973,2
40976,11
40979,3
40980,2
40982,3
40983,4
40986,1
40988,3
40989,3
40992,8
40995,7
40996,3
40998,3
41001,3
41002,7
41005,8
41008,7
41011,3
41012,1
41014,3
41015,5
41017,3
41018,5
41020,3
41021,7
41024,6
41027,4
41028,3
41030,2
41031,2
41033,3
41034,1
41036,2
41037,5
41040,8
41043,5
41044,2
41046,7
41049,2
41050,2
41052,3
41053,4
41056,9
41059,4
41060,2
41062,4
41063,2
41065,3
41068,2
41069,6
41072,5
41075,3
41076,5
41078,4
41081,2
41082,1
41084,4
41085,3
41088,5
41091,5
41092,3
41094,1
41095,2
41097,5
41098,5
41100,2
41101,5
41104,12
41107,4
41110,8
41111,2
41113,1
41114,3
41116,3
41117,9
41120,5
41123,6
41124,3
41126,6
41127,1
41129,5
41130,6
41132,1
41133,14
41136,11
41139,5
41140,2
41142,4
41143,2
41145,1
41146,2
41148,2
41149,4
41152,4
41155,5
41156,2
41158,4
41159,4
41161,3
41162,3
41165,4
41168,12
41171,6
41172,1
41174,8
41175,7
41177,1
41178,2
41180,2
41181,2
41184,8
41187,8
41190,3
41194,7
41196,2
41197,3
41200,10
41203,3
41206,6
41207,4
41209,2
41210,2
41212,2
41213,9
41216,4
41219,5
41220,3
41223,3
41225,3
41226,3
41228,2
41229,8
41232,14
41235,9
41236,1
41238,4
41239,1
41241,3
41245,8
41248,3
41251,3
41252,4
41255,1
41257,3
41258,8
41260,2
41261,2
41264,9
41267,8
41268,1
41270,3
41271,2
41273,1
41274,3
41277,11
41280,3
41283,8
41284,1
41286,4
41287,1
41290,4
41293,3
41296,7
41299,2
41302,1
41303,3
41305,1
41306,3
41308,2
41309,5
41312,7
41315,6
41316,2
41318,6
41319,1
41321,2
41322,6
41325,3
41328,8
41331,4
41332,2
41334,5
41335,4
41338,2
41340,1
41341,5
41344,4
41347,7
41350,4
41351,1
41353,8
41354,5
41356,1
41357,1
41360,5
41363,4
41366,2
41367,2
41369,1
41370,4
41373,6
41376,8
41379,5
41380,2
41382,4
41385,5
41386,7
41388,1
41389,1
41392,7
41395,1
41398,7
41399,7
41401,6
41402,4
41405,5
41408,4
41411,7
41412,2
41414,3
41415,1
41417,2
41418,6
41420,1
41421,4
41424,7
41427,6
41428,2
41430,5
41431,4
41433,2
41434,2
41436,2
41437,5
41440,3
41443,6
41446,2
41447,1
41449,5
41450,2
41456,11
41459,1
41460,1
41462,6
41463,5
41465,3
41466,4
41468,1
41469,7
41472,3
41475,7
41478,1
41481,5
41482,2
41485,5
41488,5
41491,3
41492,1
41494,5
41495,3
41498,2
41501,8
41504,7
41507,6
41508,2
41510,2
41511,1
41513,2
41514,5
41516,1
41517,3
41520,5
41523,1
41524,2
41526,4
41527,2
41529,3
41530,3
41533,5
41536,7
41539,4
41540,1
41542,5
41543,1
41545,4
41546,1
41548,1
41549,6
41552,6
41555,5
41558,14
41559,1
41561,1
41562,4
41565,6
41568,1
41571,3
41572,1
41574,4
41575,1
41578,2
41580,1
41581,6
41584,8
41587,1
41588,1
41590,6
41591,4
41593,4
41594,3
41597,5
41600,4
41603,6
41604,3
41606,5
41609,1
41610,7
41613,7
41616,6
41619,6
41620,1
41622,7
41623,5
41626,1
41628,1
41629,1
41632,3
41635,3
41636,1
41638,2
41639,1
41641,1
41642,6
41644,1
41645,6
41648,9
41651,3
41655,1
41657,1
41660,2
41661,3
41664,6
41667,8
41668,1
41670,4
41671,3
41674,9
41677,3
41680,2
41683,3
41684,1
41686,6
41687,5
41690,1
41693,6
41696,8
41699,6
41700,1
41702,3
41703,1
41706,3
41708,3
41709,2
41712,7
41715,3
41718,5
41719,2
41722,3
41724,2
41725,8
41728,7
41731,5
41732,1
41734,2
41735,2
41738,3
41740,1
41741,4
41744,8
41747,5
41748,1
41750,4
41751,3
41754,4
41756,1
41757,4
41760,5
41763,3
41767,1
41769,4
41770,1
41772,1
41773,3
41776,8
41779,3
41780,1
41782,4
41785,2
41786,2
41788,1
41789,6
41792,6
41795,3
41798,2
41799,5
41801,2
41802,3
41804,2
41805,3
41808,9
41811,2
41814,7
41815,2
41817,1
41820,1
41821,6
41824,3
41827,5
41828,2
41830,3
41831,1
41833,2
41834,3
41837,5
41840,8
41843,5
41846,3
41847,4
41849,1
41850,2
41852,2
41853,7
41856,4
41859,10
41862,1
41863,1
41865,1
41866,4
41868,1
41869,5
41872,6
41875,2
41878,2
41879,1
41881,1
41884,1
41885,7
41888,5
41891,5
41892,3
41894,2
41897,3
41898,3
41900,1
41901,6
41904,6
41907,4
41908,1
41910,7
41911,5
41913,3
41914,2
41917,4
41920,5
41923,6
41924,4
41926,2
41929,4
41930,6
41933,3
41936,4
41939,5
41942,4
41943,2
41946,6
41948,1
41949,1
41952,2
41955,10
41956,4
41958,4
41961,3
41962,3
41964,2
41965,5
41968,11
41971,1
41972,1
41974,2
41975,4
41977,2
41978,2
41980,3
41981,4
41984,2
41987,3
41988,2
41993,2
41994,3
41996,1
41997,2
42000,7
42003,8
42004,1
42007,4
42010,3
42012,1
42013,8
42016,4
42019,3
42022,1
42023,5
42026,5
42029,6
42032,3
42035,4
42036,1
42038,6
42041,2
42042,2
42044,1
42045,4
42048,6
42051,6
42054,3
42055,4
42057,3
42058,5
42060,1
42061,1
42064,11
42067,5
42068,1
42070,6
42071,1
42073,1
42074,1
42077,6
42080,2
42083,4
42087,2
42089,3
42090,1
42092,1
42093,4
42096,6
42099,5
42103,3
42106,2
42108,2
42109,7
42112,4
42115,4
42116,3
42118,1
42119,2
42121,5
42122,6
42124,1
42125,6
42128,5
42131,1
42132,2
42134,2
42135,6
42137,1
42138,1
42140,1
42141,4
42144,5
42147,3
42148,2
42150,3
42151,1
42153,4
42154,2
42157,5
42160,10
42163,8
42164,2
42166,10
42167,2
42169,1
42170,4
42172,1
42173,6
42176,4
42179,3
42182,3
42183,1
42185,1
42186,5
42188,1
42189,2
42192,4
42195,6
42198,2
42199,1
42201,1
42202,2
42204,4
42205,5
42208,3
42211,6
42214,3
42215,2
42217,3
42218,5
42220,2
42221,6
42224,6
42227,5
42228,1
42230,3
42233,1
42237,6
42240,2
42243,9
42244,2
42246,3
42247,1
42249,4
42250,3
42253,6
42256,6
42259,5
42262,2
42265,1
42266,1
42269,5
42272,4
42275,7
42276,1
42278,3
42281,4
42282,1
42285,4
42288,5
42291,4
42292,1
42294,6
42295,1
42298,4
42301,4
42304,3
42307,6
42308,2
42310,3
42313,3
42317,1
42320,7
42323,3
42326,4
42327,1
42329,2
42330,3
42332,2
42333,5
42336,2
42339,3
42340,2
42342,3
42343,2
42345,1
42346,2
42348,1
42349,4
42352,7
42355,1
42356,1
42358,4
42361,2
42362,3
42364,1
42365,5
42368,1
42371,3
42372,2
42374,2
42377,1
42378,1
42380,1
42384,4
42387,6
42390,4
42393,2
42394,4
42397,2
42400,4
42403,8
42409,2
42410,2
42412,2
42413,1
42416,5
42419,5
42422,2
42423,5
42426,4
42428,1
42432,4
42435,3
42438,2
42439,2
42442,4
42444,1
42445,5
42448,5
42451,2
42452,1
42454,4
42455,3
42457,3
42458,1
42460,2
42461,9
42464,2
42467,4
42468,3
42470,2
42471,3
42473,5
42474,3
42476,1
42477,3
42480,7
42483,3
42486,3
42487,2
42489,3
42490,6
42492,2
42493,5
42496,4
42499,2
42500,1
42505,2
42506,2
42508,1
42509,8
42512,8
42515,1
42516,1
42518,3
42521,2
42522,2
42525,2
42528,7
42531,2
42532,1
42534,2
42535,1
42537,3
42538,2
42541,1
42544,7
42547,6
42548,1
42550,7
42551,1
42553,1
42554,3
42556,1
42557,7
42560,5
42563,5
42564,1
42566,1
42567,1
42569,2
42570,2
42572,1
42573,5
42576,5
42579,3
42582,4
42583,3
42586,1
42588,1
42589,4
42592,5
42595,3
42596,1
42598,1
42599,1
42601,4
42602,5
42604,2
42605,3
42608,4
42611,1
42614,1
42615,7
42617,1
42618,2
42620,2
42621,3
42624,3
42627,4
42628,2
42630,2
42631,1
42633,1
42634,2
42636,1
42637,3
42640,15
42643,1
42646,2
42647,3
42649,2
42650,2
42653,2
42656,8
42659,3
42662,2
42665,2
42666,2
42669,4
42672,7
42675,5
42676,1
42678,5
42679,1
42681,3
42682,2
42684,1
42685,3
42688,5
42691,2
42692,1
42697,3
42698,7
42700,1
42701,2
42704,8
42707,3
42710,4
42711,1
42713,1
42714,3
42717,7
42720,4
42723,4
42726,1
42727,2
42730,5
42732,1
42733,1
42736,5
42739,3
42740,1
42742,6
42743,3
42748,1
42749,6
42752,3
42755,6
42758,4
42761,6
42762,5
42764,1
42765,2
42768,3
42771,3
42774,2
42775,1
42777,3
42778,1
42781,5
42784,4
42787,2
42788,1
42790,3
42791,2
42793,2
42794,3
42797,4
42800,8
42803,4
42804,1
42806,2
42807,1
42809,3
42810,2
42812,2
42813,6
42816,4
42819,2
42820,1
42822,2
42823,1
42825,3
42826,2
42828,1
42829,4
42832,9
42835,3
42838,4
42839,4
42841,3
42842,4
42844,2
42845,2
42848,2
42851,2
42852,2
42855,3
42857,3
42858,7
42861,3
42864,4
42867,4
42870,1
42871,3
42873,1
42874,4
42876,3
42877,5
42880,5
42883,7
42886,3
42887,2
42889,3
42890,2
42892,3
42893,4
42896,10
42899,5
42900,1
42902,4
42903,3
42905,1
42906,2
42908,2
42909,8
42912,5
42915,5
42916,1
42918,1
42921,3
42922,1
42925,1
42928,7
42931,4
42932,1
42934,6
42935,2
42937,2
42938,1
42940,1
42941,6
42944,4
42947,3
42948,2
42950,2
42951,1
42953,3
42954,2
42957,2
42960,6
42963,5
42964,1
42966,2
42967,1
42969,1
42970,3
42972,1
42973,6
42976,3
42979,4
42982,1
42983,1
42985,2
42986,5
42989,3
42992,10
42995,3
42998,2
42999,1
43001,1
43002,2
43005,1
43008,3
43011,4
43014,1
43015,2
43017,1
43018,6
43020,3
43021,2
43024,7
43027,2
43030,3
43031,2
43033,3
43036,3
43037,3
43040,6
43043,4
43044,1
43046,2
43047,1
43049,2
43050,4
43052,1
43053,4
43056,8
43059,6
43062,2
43063,3
43065,1
43066,2
43068,1
43069,1
43072,4
43075,5
43078,1
43079,2
43081,3
43082,2
43084,1
43085,3
43088,9
43091,2
43094,2
43095,4
43097,3
43098,1
43100,1
43101,6
43104,5
43107,5
43108,1
43110,1
43113,2
43114,1
43116,1
43117,4
43120,9
43123,4
43124,1
43126,1
43127,3
43129,3
43130,2
43133,5
43136,4
43139,7
43140,2
43142,3
43146,3
43149,1
43152,6
43155,1
43156,2
43158,2
43159,3
43162,3
43165,4
43168,5
43171,7
43174,2
43177,1
43178,3
43184,8
43187,1
43188,2
43190,3
43191,2
43193,2
43197,6
43200,4
43203,4
43204,3
43206,3
43207,1
43209,1
43210,4
43216,3
43219,3
43220,1
43222,1
43223,1
43225,1
43226,2
43229,5
43232,1
43235,4
43236,1
43238,2
43239,2
43241,1
43242,4
43245,3
43248,6
43251,2
43254,8
43257,2
43258,1
43260,1
43261,4
43264,3
43267,6
43268,1
43273,2
43274,3
43276,1
43277,6
43280,3
43283,4
43284,1
43286,7
43287,1
43289,1
43290,3
43292,1
43293,5
43296,2
43299,3
43300,1
43303,2
43305,1
43306,3
43308,1
43309,1
43312,5
43315,3
43318,7
43319,3
43321,1
43322,3
43324,1
43325,6
43328,8
43331,5
43332,1
43334,1
43335,1
43337,3
43338,4
43340,1
43341,5
43344,4
43347,3
43350,2
43351,1
43353,1
43357,3
43360,5
43363,2
43364,1
43366,4
43369,2
43370,7
43373,3
43376,4
43379,1
43380,1
43382,1
43383,4
43385,2
43386,2
43388,1
43389,5
43392,3
43395,5
43396,1
43398,1
43399,2
43402,2
43404,1
43405,1
43408,4
43411,3
43412,1
43415,2
43418,3
43420,3
43421,4
43424,1
43427,9
43428,2
43431,1
43433,1
43434,2
43436,1
43437,7
43440,5
43446,1
43447,2
43449,3
43450,2
43452,1
43453,5
43456,5
43459,3
43460,1
43462,3
43463,3
43465,4
43466,2
43469,5
43472,6
43475,1
43476,1
43478,3
43479,1
43481,1
43482,2
43485,5
43488,4
43491,4
43494,1
43495,2
43497,3
43498,1
43501,4
43504,6
43507,2
43508,2
43510,3
43511,1
43513,1
43514,1
43516,1
43517,5
43520,2
43523,2
43526,2
43527,4
43529,2
43530,4
43533,4
43536,7
43539,5
43542,3
43543,2
43546,2
43548,4
43549,3
43552,1
43555,4
43556,2
43558,4
43559,2
43561,2
43562,5
43564,2
43565,2
43568,5
43571,2
43574,9
43575,2
43577,2
43580,2
43581,3
43584,5
43587,4
43588,1
43590,3
43591,1
43593,1
43594,2
43596,2
43597,5
43600,3
43603,2
43606,1
43607,2
43609,1
43613,4
43616,1
43619,4
43620,2
43623,2
43625,2
43626,1
43629,1
43632,5
43635,1
43638,2
43639,5
43642,1
43644,3
43645,2
43648,3
43651,4
43652,2
43654,2
43655,3
43657,3
43658,3
43660,1
43661,1
43664,3
43667,2
43670,4
43671,3
43673,2
43674,1
43676,1
43677,4
43680,4
43683,3
43686,1
43687,4
43689,4
43690,5
43693,1
43696,8
43699,2
43700,1
43702,1
43703,3
43705,1
43706,5
43708,1
43709,3
43712,2
43715,6
43716,1
43718,4
43719,1
43721,3
43722,1
43724,2
43725,2
43728,6
43731,6
43734,2
43735,3
43737,1
43738,3
43740,2
43741,6
43744,2
43747,4
43748,2
43750,1
43753,3
43754,3
43760,1
43763,2
43766,4
43767,3
43769,1
43770,2
43773,4
43776,1
43779,9
43780,1
43782,1
43783,2
43786,4
43788,1
43789,1
43792,5
43795,1
43796,1
43798,4
43799,2
43801,2
43802,2
43805,4
43808,2
43811,2
43812,1
43814,4
43817,4
43818,3
43821,2
43824,6
43827,3
43830,5
43833,1
43834,2
43836,2
43837,4
43840,3
43843,5
43844,2
43847,3
43849,1
43850,6
43853,2
43856,8
43859,5
43860,1
43862,3
43863,5
43865,3
43866,3
43868,5
43869,2
43872,6
43875,6
43876,2
43879,1
43881,1
43882,3
43885,5
43888,9
43891,3
43892,1
43894,2
43895,6
43897,2
43900,1
43901,5
43904,4
43907,5
43908,3
43910,2
43911,2
43913,2
43914,2
43920,5
43923,3
43926,5
43927,2
43929,1
43932,1
43933,7
43936,2
43939,3
43940,2
43942,2
43943,1
43945,1
43946,8
43949,2
43952,3
43955,2
43958,5
43959,2
43961,3
43962,2
43964,1
43965,2
43968,3
43971,9
43972,1
43974,2
43975,2
43977,2
43978,5
43980,1
43981,2
43984,8
43987,3
43988,1
43990,5
43991,3
43993,2
43994,1
43997,2
44000,4
44003,1
44006,1
44007,2
44009,1
44010,5
44013,4
44016,4
44019,1
44022,6
44023,3
44025,1
44026,2
44028,1
44029,3
44032,3
44035,3
44036,2
44038,2
44039,1
44041,1
44042,3
44045,3
44048,5
44052,1
44054,4
44057,1
44058,1
44060,1
44061,6
44064,4
44067,6
44068,1
44070,2
44071,1
44073,2
44074,4
44076,1
44077,3
44080,3
44083,2
44086,3
44087,1
44090,3
44092,1
44093,5
44096,6
44099,6
44100,4
44102,1
44103,1
44105,7
44106,3
44109,5
44112,6
44115,4
44118,3
44119,2
44121,2
44122,1
44125,9
44128,4
44131,4
44132,1
44134,5
44135,1
44137,2
44138,3
44140,1
44141,6
44144,4
44147,3
44148,2
44150,2
44151,3
44153,2
44154,2
44156,1
44157,1
44160,2
44163,2
44164,2
44166,1
44167,1
44169,2
44170,1
44172,1
44173,3
44176,5
44179,2
44182,5
44183,5
44186,4
44188,1
44189,6
44192,3
44195,3
44198,3
44199,4
44201,6
44202,3
44205,3
44208,3
44211,1
44214,3
44215,2
44217,2
44218,2
44220,2
44221,2
44224,3
44227,3
44228,1
44230,2
44233,1
44234,2
44236,2
44237,1
44240,9
44243,3
44244,1
44246,1
44247,1
44249,3
44250,4
44252,2
44253,4
44256,3
44259,2
44262,2
44263,2
44266,2
44269,3
44272,4
44275,4
44278,1
44279,4
44281,1
44284,3
44285,4
44288,2
44291,3
44294,2
44295,2
44297,1
44298,5
44304,5
44307,1
44310,1
44311,3
44317,3
44320,6
44323,5
44329,3
44330,3
44333,3
44336,9
44339,2
44342,3
44343,3
44345,4
44346,1
44348,1
44352,5
44355,2
44356,2
44358,2
44361,1
44362,3
44364,2
44365,3
44368,9
44371,1
44372,1
44374,3
44375,2
44377,1
44378,1
44381,4
44384,1
44387,5
44388,1
44391,1
44393,2
44394,4
44397,4
44400,5
44403,2
44406,2
44407,1
44409,2
44410,1
44412,2
44413,5
44416,1
44419,6
44420,1
44422,3
44423,4
44425,2
44426,2
44428,1
44429,3
44432,3
44435,1
44438,1
44439,4
44444,2
44445,1
44448,8
44451,5
44452,1
44454,4
44455,3
44457,1
44458,2
44460,1
44461,3
44464,4
44467,4
44470,4
44473,2
44477,7
44480,3
44483,4
44484,1
44486,3
44487,1
44489,1
44490,5
44492,1
44493,3
44496,11
44500,2
44502,4
44503,2
44505,5
44506,5
44508,3
44509,4
44512,6
44515,5
44518,3
44519,2
44521,2
44528,4
44531,3
44532,1
44534,2
44535,3
44537,2
44538,3
44540,1
44541,2
44544,4
44547,5
44550,6
44551,2
44556,2
44557,1
44560,9
44563,3
44566,3
44570,3
44573,6
44579,4
44580,2
44582,2
44583,3
44585,3
44586,2
44588,2
44589,3
44592,5
44596,1
44598,3
44599,1
44601,2
44602,1
44605,2
44608,4
44611,5
44612,1
44614,1
44617,1
44618,2
44621,3
44624,2
44627,4
44630,5
44631,1
44633,2
44634,1
44636,1
44637,3
44640,5
44643,6
44644,1
44646,4
44647,3
44650,3
44653,5
44656,5
44659,2
44662,2
44666,1
44668,1
44669,4
44672,3
44675,5
44676,2
44678,1
44681,5
44682,3
44684,1
44685,2
44688,7
44691,3
44692,1
44694,3
44697,1
44698,1
44701,3
44704,2
44707,6
44708,1
44710,1
44711,2
44713,3
44714,4
44716,1
44717,5
44720,8
44723,3
44724,1
44726,8
44727,3
44729,3
44730,2
44736,3
44739,1
44742,2
44743,2
44745,2
44746,3
44749,1
44752,8
44755,3
44756,1
44758,4
44759,2
44761,4
44762,6
44764,3
44765,5
44768,3
44771,3
44772,2
44774,1
44778,5
44780,1
44781,3
44784,2
44787,6
44788,2
44790,1
44791,3
44793,3
44794,3
44796,2
44797,1
44800,4
44803,2
44807,1
44809,1
44810,2
44813,1
44816,6
44819,1
44822,4
44823,3
44825,2
44828,1
44829,5
44832,2
44835,5
44836,2
44838,2
44841,2
44842,2
44845,5
44848,3
44855,3
44857,1
44858,3
44860,1
44861,3
44864,4
44867,8
44868,1
44871,1
44874,4
44876,1
44877,2
44880,6
44887,1
44890,1
44892,4
44893,3
44896,4
44899,3
44900,1
44902,1
44903,1
44905,3
44906,5
44909,2
44912,3
44915,2
44916,1
44918,5
44919,1
44921,1
44922,5
44924,1
44925,4
44928,5
44931,2
44934,2
44937,1
44938,3
44940,1
44941,1
44944,3
44947,3
44950,5
44951,1
44953,2
44954,3
44957,4
44963,2
44966,2
44967,2
44969,5
44970,1
44973,2
44976,9
44982,3
44983,1
44985,1
44986,2
44988,1
44989,4
44992,4
44995,4
44996,3
44999,2
45002,7
45004,1
45005,5
45008,4
45011,1
45012,1
45014,4
45015,1
45018,5
45021,4
45024,5
45027,4
45028,6
45030,1
45031,2
45033,1
45034,3
45036,1
45037,1
45040,5
45043,1
45044,2
45047,1
45049,1
45050,4
45053,3
45059,2
45060,2
45062,5
45065,4
45066,5
45069,2
45072,9
45075,1
45078,4
45079,1
45081,1
45082,2
45084,1
45085,2
45088,3
45091,1
45092,2
45094,1
45097,3
45098,4
45100,2
45101,2
45104,7
45107,3
45110,3
45111,2
45114,3
45116,1
45117,4
45120,2
45123,1
45124,1
45126,2
45127,1
45130,4
45132,1
45133,1
45136,5
45139,1
45142,1
45145,2
45146,1
45148,1
45149,2
45152,3
45155,3
45158,1
45159,3
45161,1
45162,1
45165,3
45168,6
45171,1
45177,1
45178,2
45180,1
45181,4
45184,3
45187,5
45190,1
45193,1
45194,3
45196,1
45197,4
45200,6
45203,5
45206,2
45207,1
45209,1
45210,3
45212,1
45213,1
45216,2
45219,4
45220,1
45222,1
45226,1
45228,1
45229,3
45232,1
45235,4
45238,6
45239,1
45241,1
45242,2
45245,3
45248,6
45251,4
45254,2
45255,1
45258,3
45260,1
45261,2
45264,6
45267,2
45268,1
45270,1
45273,1
45274,2
45277,4
45280,2
45283,3
45286,2
45290,2
45293,3
45296,6
45299,5
45300,1
45302,2
45305,4
45306,1
45308,1
45309,2
45312,2
45315,5
45318,1
45319,1
45321,3
45322,4
45325,1
45328,4
45331,2
45334,2
45338,1
45340,1
45341,2
45344,2
45347,5
45348,1
45354,4
45356,1
45357,1
45360,4
45363,2
45366,1
45367,1
45369,2
45370,1
45373,8
45376,3
45379,3
45382,2
45383,1
45386,1
45388,1
45389,4
45392,3
45395,2
45396,1
45398,5
45399,2
45401,1
45405,3
45408,3
45411,4
45412,2
45414,4
45415,2
45417,1
45418,2
45421,1
45424,6
45427,2
45428,2
45431,1
45433,1
45434,1
45436,1
45437,3
45440,2
45443,5
45450,4
45453,1
45456,7
45459,2
45460,1
45463,3
45466,1
45468,3
45469,4
45472,3
45475,4
45476,1
45478,1
45481,4
45482,7
45485,5
45488,1
45491,1
45492,1
45494,1
45495,3
45497,2
45498,2
45501,4
45504,3
45507,2
45508,1
45510,2
45511,1
45513,1
45514,1
45517,6
45520,4
45524,1
45526,1
45527,1
45532,2
45533,2
45536,2
45539,4
45542,4
45543,1
45545,2
45546,2
45549,6
45552,5
45555,3
45556,3
45558,4
45559,1
45561,1
45564,1
45565,4
45568,4
45572,1
45574,2
45577,3
45578,6
45581,3
45584,6
45587,2
45590,2
45591,1
45593,2
45594,1
45596,1
45597,2
45600,3
45603,4
45604,1
45606,3
45607,3
45610,5
45613,2
45616,4
45619,3
45622,5
45623,2
45628,1
45629,7
45632,3
45635,5
45636,1
45638,2
45639,1
45641,1
45642,3
45644,1
45645,3
45648,1
45652,2
45654,4
45658,1
45660,1
45661,4
45664,2
45667,1
45670,2
45671,1
45673,2
45674,4
45676,1
45677,2
45680,3
45683,3
45687,2
45689,2
45690,1
45699,3
45705,3
45706,1
45709,3
45712,3
45715,4
45716,2
45718,3
45719,1
45724,1
45725,2
45728,1
45731,2
45732,2
45734,1
45738,3
45741,2
45744,1
45747,2
45750,6
45751,1
45753,1
45756,2
45757,2
45760,3
45763,4
45766,2
45767,1
45770,2
45773,1
45776,4
45779,4
45780,2
45782,3
45783,4
45785,1
45786,1
45789,2
45792,4
45795,3
45801,3
45804,1
45805,2
45808,3
45811,3
45812,1
45814,3
45815,2
45818,1
45820,1
45821,3
45824,1
45827,6
45828,2
45830,1
45833,1
45834,2
45837,2
45840,5
45846,3
45852,1
45853,3
45856,2
45859,5
45862,1
45863,2
45865,3
45866,3
45869,3
45872,2
45876,2
45878,1
45882,1
45885,4
45888,3
45891,3
45892,1
45894,1
45897,2
45898,3
45900,1
45901,1
45904,2
45907,3
45910,2
45911,5
45913,4
45914,2
45917,2
45920,2
45923,3
45929,1
45930,1
45933,5
45936,6
45939,2
45942,4
45943,4
45946,1
45949,1
45952,2
45955,4
45956,1
45959,1
45965,1
45968,3
45971,1
45972,1
45974,3
45975,2
45978,4
45980,3
45981,3
45987,3
45988,3
45990,1
45991,4
45993,1
45994,1
45996,1
45997,3
46000,8
46003,1
46006,2
46007,1
46009,3
46012,1
46013,1
46016,5
46019,1
46022,2
46025,2
46026,4
46029,3
46032,6
46035,2
46038,2
46041,2
46042,3
46045,4
46048,1
46051,4
46052,2
46055,3
46058,1
46060,1
46064,4
46067,4
46071,2
46073,1
46074,2
46076,1
46077,5
46080,3
46083,1
46084,2
46089,1
46090,4
46092,2
46093,4
46096,4
46099,3
46102,4
46106,1
46109,1
46112,3
46115,2
46118,1
46119,2
46121,2
46122,1
46125,3
46128,3
46131,3
46134,4
46135,2
46137,1
46138,1
46140,1
46141,4
46144,1
46147,3
46151,1
46153,3
46154,3
46157,2
46160,4
46163,2
46164,2
46166,2
46167,1
46169,3
46173,3
46176,5
46179,2
46182,1
46183,1
46185,3
46186,4
46189,1
46192,2
46195,1
46198,2
46199,2
46201,1
46202,1
46204,2
46205,3
46208,1
46211,6
46212,2
46214,3
46215,1
46217,2
46218,1
46220,1
46221,2
46224,6
46227,2
46228,3
46230,2
46231,2
46233,1
46234,2
46236,1
46237,4
46243,3
46246,1
46247,2
46250,1
46253,3
46256,7
46259,3
46262,3
46263,1
46265,1
46268,1
46269,3
46272,3
46275,5
46276,3
46281,1
46282,1
46285,1
46288,5
46291,2
46294,5
46297,1
46298,1
46301,5
46304,1
46307,2
46310,2
46313,1
46314,5
46317,1
46320,3
46323,2
46326,3
46329,3
46330,1
46333,2
46336,4
46339,3
46340,2
46342,2
46345,3
46346,3
46348,1
46349,4
46352,7
46355,1
46356,1
46358,4
46359,1
46361,1
46364,1
46368,3
46371,3
46374,3
46375,1
46377,3
46380,1
46384,3
46387,2
46388,1
46390,1
46394,2
46396,1
46397,3
46400,3
46403,1
46404,1
46407,1
46409,1
46410,8
46413,2
46416,4
46419,1
46420,1
46422,2
46423,1
46425,3
46428,1
46429,2
46435,1
46436,1
46438,2
46439,2
46442,3
46448,4
46451,3
46454,4
46457,1
46458,2
46460,2
46461,2
46464,1
46467,4
46468,2
46470,1
46471,2
46473,3
46474,1
46480,5
46483,3
46484,1
46486,4
46487,1
46489,2
46490,3
46492,2
46493,3
46496,1
46499,1
46502,4
46503,1
46505,3
46506,2
46512,2
46515,1
46518,2
46519,1
46521,2
46522,3
46524,2
46525,2
46528,2
46531,2
46532,1
46534,2
46537,2
46538,7
46541,1
46544,5
46547,4
46550,4
46551,1
46554,5
46557,3
46563,3
46566,1
46567,1
46569,1
46570,3
46573,2
46576,8
46579,1
46580,1
46582,1
46583,4
46586,1
46588,1
46589,5
46592,2
46595,1
46598,1
46602,6
46605,3
46608,1
46611,2
46612,1
46614,2
46615,1
46617,2
46620,1
46621,1
46624,1
46627,3
46631,2
46633,2
46636,1
46640,8
46643,4
46644,1
46646,2
46649,2
46650,4
46653,4
46656,1
46659,2
46662,3
46663,1
46666,1
46668,1
46669,5
46672,3
46675,1
46678,1
46679,4
46681,1
46682,1
46684,1
46685,2
46688,2
46691,5
46694,2
46695,1
46697,4
46698,5
46701,2
46704,6
46707,2
46710,1
46711,3
46713,2
46714,2
46716,3
46717,7
46720,1
46723,2
46727,1
46729,2
46730,1
46733,3
46736,3
46739,1
46742,1
46743,1
46745,1
46748,1
46749,6
46752,3
46758,1
46759,1
46761,2
46762,3
46764,1
46765,1
46768,2
46771,1
46774,3
46775,3
46781,2
46784,2
46787,2
46788,1
46790,2
46793,1
46794,4
46797,2
46800,1
46803,1
46806,2
46807,1
46809,1
46816,5
46819,2
46823,2
46825,4
46826,5
46832,6
46835,2
46836,1
46838,1
46839,2
46842,2
46845,3
46848,3
46851,2
46852,2
46854,1
46858,1
46860,1
46864,8
46867,2
46870,2
46871,2
46874,2
46877,2
46880,7
46883,6
46886,3
46889,1
46890,1
46893,3
46896,2
46900,1
46902,1
46905,1
46906,3
46908,2
46909,2
46912,2
46915,5
46916,1
46918,2
46919,1
46922,1
46924,2
46925,1
46928,1
46931,2
46934,2
46935,1
46937,1
46938,2
46941,2
46944,1
46947,1
46950,3
46951,1
46953,1
46954,4
46956,1
46957,3
46960,4
46963,1
46966,3
46969,1
46973,2
46976,5
46979,3
46980,1
46982,1
46986,1
46989,1
46992,4
46995,1
46998,2
46999,4
47002,1
47005,2
47008,3
47011,5
47012,3
47014,2
47017,2
47018,1
47020,2
47021,1
47024,1
47027,1
47030,3
47031,1
47034,1
47037,3
47040,2
47043,3
47044,2
47046,2
47047,1
47049,3
47050,2
47053,2
47056,5
47059,2
47063,1
47068,3
47069,4
47072,4
47075,6
47076,1
47078,3
47079,3
47081,4
47082,3
47085,1
47088,3
47091,2
47094,1
47100,2
47101,1
47104,6
47107,5
47108,1
47110,2
47111,1
47114,1
47116,1
47117,2
47120,2
47123,2
47126,1
47127,3
47132,2
47133,3
47136,4
47139,3
47140,2
47145,1
47146,1
47148,1
47152,5
47155,1
47156,1
47158,1
47159,3
47162,2
47165,7
47168,4
47171,6
47172,1
47175,2
47177,5
47178,4
47180,1
47181,3
47184,5
47187,1
47190,1
47191,3
47197,5
47200,3
47203,1
47204,2
47206,1
47207,1
47209,2
47210,1
47216,5
47219,2
47222,2
47223,2
47225,2
47228,1
47229,6
47232,4
47235,2
47236,1
47238,1
47239,1
47242,3
47248,8
47251,1
47252,2
47254,3
47255,2
47258,2
47261,4
47267,3
47268,2
47270,3
47271,1
47273,2
47274,2
47277,3
47280,1
47283,1
47286,2
47287,2
47289,2
47290,1
47292,1
47293,1
47296,1
47299,1
47300,1
47302,1
47303,1
47305,1
47306,1
47309,3
47312,2
47318,3
47319,3
47322,1
47325,4
47328,3
47331,1
47332,1
47334,1
47337,1
47338,1
47341,1
47344,3
47347,1
47348,1
47351,2
47356,2
47357,3
47363,2
47364,1
47366,2
47370,2
47372,1
47373,1
47376,5
47379,2
47382,1
47383,1
47385,2
47386,4
47388,2
47389,3
47392,2
47395,1
47398,1
47401,1
47402,2
47405,1
47408,6
47411,1
47415,2
47420,1
47421,4
47424,1
47427,2
47430,1
47433,1
47434,2
47436,1
47437,4
47440,4
47443,1
47446,1
47449,1
47450,3
47453,1
47456,3
47459,3
47463,1
47466,1
47469,1
47472,4
47475,4
47478,3
47479,2
47482,2
47485,3
47488,3
47491,4
47492,2
47494,1
47495,1
47498,2
47501,2
47504,4
47508,1
47510,3
47511,2
47514,1
47516,1
47523,3
47529,2
47530,3
47533,1
47536,3
47539,2
47540,1
47542,1
47543,2
47545,1
47548,1
47549,4
47552,1
47555,4
47558,1
47561,2
47562,1
47564,1
47568,2
47571,2
47574,3
47575,2
47578,2
47581,1
47588,1
47593,1
47594,2
47597,3
47600,2
47603,2
47606,1
47607,2
47612,2
47613,4
47616,1
47619,1
47623,1
47626,3
47629,2
47632,5
47635,3
47636,1
47638,2
47639,1
47641,1
47644,1
47645,2
47648,1
47651,2
47655,1
47657,1
47658,3
47661,1
47664,3
47667,3
47668,1
47670,4
47671,2
47676,2
47677,5
47680,4
47683,3
47684,1
47686,1
47689,2
47690,2
47696,1
47702,5
47703,1
47705,1
47708,2
47709,1
47712,2
47715,2
47716,2
47719,2
47728,2
47731,3
47741,1
47744,2
47747,2
47748,1
47751,2
47753,1
47754,3
47757,2
47760,4
47763,2
47764,1
47767,1
47772,1
47773,1
47776,2
47779,2
47780,2
47782,1
47783,1
47785,2
47786,1
47789,1
47792,2
47795,2
47798,1
47799,1
47801,1
47802,1
47805,1
47808,1
47811,4
47812,2
47814,1
47815,4
47818,4
47821,1
47827,1
47830,1
47831,2
47833,3
47834,1
47837,4
47840,1
47843,1
47844,1
47850,1
47852,1
47853,4
47856,3
47859,1
47862,1
47863,1
47865,1
47868,1
47869,2
47872,5
47875,1
47876,4
47885,2
47888,1
47891,1
47894,1
47895,1
47898,2
47900,2
47901,1
47907,3
47908,2
47910,1
47911,2
47917,1
47920,2
47923,2
47926,2
47927,1
47929,1
47930,1
47936,1
47939,3
47942,3
47945,1
47946,1
47948,1
47949,1
47952,5
47955,1
47958,2
47959,6
47962,1
47968,1
47971,1
47974,1
47975,1
47977,2
47981,1
47984,6
47987,2
47988,1
47990,1
47994,2
47997,6
48000,2
48004,1
48006,1
48009,3
48016,4
48022,2
48023,1
48026,1
48029,1
48032,3
48035,4
48038,1
48041,1
48045,1
48048,4
48051,2
48055,1
48061,2
48064,2
48067,4
48073,3
48074,1
48077,1
48080,1
48086,2
48087,3
48090,1
48093,1
48096,1
48099,1
48105,1
48106,2
48109,1
48112,4
48115,2
48116,1
48122,2
48125,5
48128,2
48131,4
48134,2
48137,1
48138,1
48141,3
48144,2
48150,2
48153,1
48156,1
48163,5
48164,1
48169,1
48170,1
48172,3
48173,2
48176,3
48179,1
48183,1
48188,1
48189,2
48195,2
48196,1
48198,2
48201,1
48202,2
48204,1
48208,4
48211,3
48215,3
48218,2
48221,1
48224,2
48227,5
48230,1
48231,2
48237,1
48240,3
48244,1
48246,2
48249,1
48250,3
48252,2
48253,3
48256,2
48259,3
48260,1
48263,1
48265,1
48266,3
48268,1
48269,1
48278,1
48282,1
48285,2
48288,1
48291,2
48298,1
48304,2
48307,1
48311,2
48313,2
48314,1
48320,1
48323,1
48329,3
48330,1
48333,5
48336,1
48339,2
48342,3
48345,2
48349,2
48352,4
48355,1
48358,2
48361,1
48364,2
48365,1
48374,2
48375,1
48378,1
48381,1
48387,2
48390,1
48397,2
48400,5
48403,1
48406,2
48407,3
48410,1
48412,1
48413,2
48416,2
48419,2
48420,1
48422,1
48423,1
48429,2
48432,2
48438,3
48442,2
48444,1
48445,6
48448,4
48452,1
48454,1
48455,1
48457,1
48458,2
48461,3
48464,2
48470,3
48471,2
48474,1
48477,2
48480,2
48483,4
48484,2
48486,1
48487,2
48489,3
48490,3
48492,1
48493,2
48496,3
48502,1
48503,2
48505,1
48506,1
48509,1
48512,2
48518,1
48522,3
48525,2
48528,4
48531,2
48532,1
48534,1
48537,2
48541,3
48547,1
48550,1
48553,1
48554,1
48557,1
48560,1
48563,4
48564,1
48566,2
48569,1
48573,4
48576,1
48579,1
48580,1
48583,1
48586,2
48589,1
48595,2
48598,2
48599,1
48608,1
48611,3
48612,2
48614,2
48618,2
48620,1
48621,2
48624,1
48627,1
48628,1
48631,1
48633,1
48634,2
48637,2
48640,1
48644,1
48649,1
48650,2
48652,1
48653,1
48656,3
48659,2
48660,1
48662,2
48666,1
48668,1
48672,1
48675,2
48678,1
48681,1
48682,1
48685,2
48688,3
48691,1
48694,1
48695,1
48700,1
48701,3
48707,1
48711,1
48713,2
48717,1
48720,4
48724,2
48726,2
48729,2
48732,1
48733,1
48739,4
48742,1
48746,1
48748,1
48749,1
48752,2
48755,2
48758,1
48759,3
48762,2
48764,1
48765,3
48771,2
48778,1
48784,3
48787,3
48790,1
48791,1
48794,1
48796,1
48797,6
48800,1
48807,1
48809,1
48812,1
48813,1
48816,5
48819,2
48822,3
48826,2
48832,2
48835,1
48836,1
48838,1
48841,1
48848,5
48851,3
48854,1
48857,1
48858,2
48860,1
48861,2
48864,2
48867,2
48870,2
48871,1
48873,2
48876,2
48877,2
48880,4
48883,2
48889,1
48892,1
48893,1
48899,5
48903,1
48905,1
48908,2
48909,2
48912,3
48915,2
48918,1
48919,1
48922,1
48924,1
48925,1
48928,2
48931,5
48932,1
48934,1
48935,2
48938,2
48941,2
48954,1
48957,2
48963,3
48970,2
48976,2
48979,1
48982,2
48986,1
48989,1
48992,2
48995,2
48998,2
49002,1
49008,3
49011,1
49014,1
49015,2
49017,2
49018,1
49021,2
49024,1
49027,1
49030,1
49037,2
49040,1
49043,1
49046,1
49047,1
49049,1
49052,1
49056,1
49059,1
49065,2
49066,1
49069,1
49072,1
49075,1
49078,1
49082,2
49091,1
49092,1
49094,1
49097,2
49098,2
49101,1
49104,2
49110,1
49111,1
49113,1
49117,3
49123,2
49132,1
49133,2
49136,1
49139,2
49149,1
49152,2
49155,3
49159,1
49161,2
49162,1
49164,1
49168,1
49171,1
49200,2
49207,2
49216,2
49219,2
49220,1
49225,1
49226,1
49229,1
49235,1
49238,1
49242,2
49244,1
49245,3
49248,1
49257,2
49258,1
49264,1
49267,1
49268,1
49270,2
49271,2
49273,1
49274,1
49277,1
49284,1
49286,2
49293,1
49299,1
49309,1
49312,1
49315,3
49319,1
49321,2
49322,2
49324,2
49328,1
49332,1
49334,1
49335,2
49337,1
49341,1
49344,3
49347,2
49353,1
49354,2
49357,1
49363,2
49366,1
49372,2
49373,2
49386,1
49388,1
49389,1
49392,2
49395,1
49398,1
49399,1
49405,1
49408,2
49411,1
49414,1
49415,1
49417,1
49418,2
49421,1
49424,2
49427,1
49430,1
49431,1
49436,1
49440,2
49444,1
49450,2
49453,1
49456,1
49459,1
49462,1
49463,1
49466,1
49469,1
49472,1
49475,3
49476,1
49478,3
49481,2
49485,1
49491,2
49494,1
49498,2
49501,1
49507,2
49508,1
49510,1
49516,1
49517,1
49520,2
49523,1
49524,1
49530,1
49539,1
49542,1
49543,2
49545,1
49552,1
49562,1
49564,1
49568,1
49571,2
49572,1
49577,2
49578,1
49584,1
49590,2
49600,1
49603,3
49607,1
49610,1
49613,2
49616,1
49622,1
49625,1
49628,1
49629,1
49632,1
49635,1
49639,1
49642,2
49645,2
49648,2
49651,1
49657,1
49667,2
49670,1
49673,2
49680,1
49692,1
49696,1
49700,1
49702,1
49712,1
49718,1
49722,3
49728,4
49731,1
49732,1
49737,1
49744,1
49747,1
49748,1
49751,1
49754,2
49757,1
49760,1
49763,2
49764,1
49766,2
49767,1
49769,1
49773,1
49776,2
49779,1
49782,2
49795,1
49798,2
49799,2
49801,1
49811,1
49815,1
49817,1
49820,1
49827,1
49831,1
49834,1
49837,2
49840,1
49852,1
49856,1
49865,2
49869,1
49876,1
49885,3
49891,1
49900,1
49904,1
49908,1
49911,1
49917,2
49923,1
49930,2
49932,1
49936,1
49942,1
49948,1
49949,1
49952,2
49955,1
49958,1
49961,4
49965,1
49977,2
49978,1
49981,2
49984,1
49990,1
49994,2
49996,1
50000,2
50010,1
50013,2
50019,2
50020,1
50036,1
50038,1
50039,1
50045,1
50048,2
50067,2
50071,1
50073,1
50076,1
50093,1
50099,1
50108,1
50109,1
50118,1
50125,1
50131,1
50132,1
50134,1
50140,1
50150,1
50154,2
50156,1
50160,1
50164,1
50167,1
50169,2
50179,1
50186,1
50201,1
50204,1
50208,1
50224,3
50227,1
50230,2
50233,1
50234,2
50240,1
50246,1
50247,1
50250,1
50256,1
50259,2
50262,1
50269,1
50285,3
50288,2
50292,1
50295,1
50300,1
50307,2
50311,1
50313,1
50317,1
50320,1
50326,1
50333,1
50343,1
50348,1
50352,2
50361,1
50368,1
50378,1
50381,2
50384,1
50387,1
50390,2
50393,1
50396,1
50404,2
50407,1
50413,1
50422,1
50432,1
50454,2
50457,1
50458,1
50460,1
50461,1
50467,1
50468,1
50473,2
50487,1
50492,1
50493,2
50496,1
50499,1
50509,1
50512,3
50522,3
50525,1
50528,1
50547,1
50550,1
50560,2
50569,1
50573,1
50576,2
50582,1
50583,2
50588,1
50595,1
50605,1
50608,1
50612,1
50614,2
50618,1
50627,1
50636,1
50640,1
50665,1
50666,2
50672,1
50678,1
50681,1
50682,1
50688,1
50691,1
50707,1
50720,2
50723,2
50729,2
50742,1
50743,1
50745,1
50746,1
50762,1
50787,1
50800,1
50819,2
50825,1
50832,1
50841,1
50845,1
50848,2
50852,1
50858,1
50877,1
50886,2
50896,1
50903,1
50909,1
50916,1
50921,1
50922,1
50924,1
50925,1
50957,1
50966,1
50967,1
50979,1
50989,1
50995,1
50998,1
51011,1
51014,1
51021,1
51024,1
51033,1
51043,2
51049,1
51053,1
51056,3
51059,1
51060,1
51062,1
51072,1
51075,1
51081,1
51082,1
51084,1
51107,3
51140,1
51158,1
51161,1
51168,1
51171,1
51184,2
51194,1
51203,1
51226,1
51244,1
51248,2
51270,1
51273,1
51274,1
51286,1
51293,1
51302,1
51305,1
51306,1
51318,1
51322,1
51325,1
51328,1
51344,1
51350,1
51351,1
51354,2
51363,2
51369,2
51370,1
51383,1
51392,1
51401,1
51408,1
51421,2
51427,1
51433,1
51465,1
51478,1
51479,1
51488,1
51498,1
51504,3
51523,1
51529,1
51530,1
51542,2
51549,1
51568,1
51571,1
51577,1
51581,1
51593,1
51600,1
51603,1
51607,1
51626,1
51629,1
51632,1
51648,3
51651,2
51655,1
51658,1
51664,3
51670,1
51673,1
51683,1
51690,1
51696,1
51702,1
51715,2
51763,1
51770,1
51773,3
51776,1
51779,1
51785,1
51808,2
51827,1
51831,2
51833,2
51840,1
51843,1
51852,1
51891,1
51895,1
51900,1
51901,2
51908,1
51910,1
51911,1
51916,1
51924,1
51932,1
51933,2
51936,1
51949,2
51952,1
51965,1
51975,1
51978,1
51988,1
51990,1
51997,1
52003,3
52010,1
52016,2
52028,1
52029,1
52032,1
52035,2
52051,1
52074,1
52083,1
52092,1
52106,2
52109,1
52115,1
52118,1
52137,1
52144,1
52150,1
52157,1
52166,1
52176,1
52185,1
52189,1
52215,1
52218,1
52240,1
52250,1
52256,1
52259,3
52279,1
52294,1
52298,1
52307,2
52317,1
52323,1
52352,1
52378,1
52387,1
52388,1
52400,1
52409,1
52419,1
52426,2
52432,1
52451,1
52461,1
52467,1
52471,2
52473,1
52519,1
52525,2
52534,1
52538,1
52563,1
52566,1
52582,1
52595,1
52611,2
52618,1
52637,1
52644,1
52652,1
52656,1
52662,2
52669,1
52685,1
52688,1
52694,1
52695,1
52701,1
52713,2
52717,1
52746,1
52755,1
52797,1
52809,2
52813,1
52826,1
52845,1
52848,1
52854,1
52867,2
52874,2
52887,1
52928,2
52937,1
52957,2
52960,1
52973,1
52980,1
53021,1
53037,1
53040,1
53066,1
53069,2
53075,1
53085,1
53088,1
53091,1
53126,1
53130,1
53136,1
53164,1
53180,1
53181,2
53206,1
53210,1
53238,1
53245,1
53258,1
53271,1
53308,1
53328,1
53331,1
53335,1
53340,1
53344,1
53347,1
53386,1
53389,1
53392,1
53408,1
53411,1
53436,1
53437,1
53440,1
53449,1
53456,2
53498,1
53514,1
53520,1
53526,1
53533,1
53539,1
53558,1
53597,1
53604,1
53622,1
53628,1
53635,1
53638,1
53641,1
53648,1
53680,3
53683,1
53699,1
53712,1
53715,1
53728,1
53731,1
53744,2
53767,1
53785,1
53792,1
53811,1
53821,1
53830,1
53837,1
53840,1
53846,1
53865,1
53869,1
53885,1
53891,1
53916,1
53930,1
53943,1
53946,1
53952,1
53978,1
53981,1
53984,1
53993,1
54007,2
54019,1
54036,1
54045,1
54070,1
54083,1
54138,1
54144,1
54163,1
54179,1
54217,1
54221,1
54224,1
54227,1
54230,1
54256,1
54263,1
54288,1
54301,1
54307,1
54314,1
54329,1
54375,1
54391,1
54406,1
54422,1
54426,1
54448,1
54451,2
54460,1
54473,1
54538,1
54541,1
54547,1
54566,1
54569,1
54592,1
54599,1
54614,1
54618,1
54627,1
54653,1
54660,1
54669,1
54730,1
54755,1
54774,1
54787,1
54816,1
54832,1
54851,1
54864,1
54870,1
54886,1
54890,2
54909,1
54925,1
54928,1
54937,1
54940,1
54941,2
54944,1
54954,1
54963,1
54970,1
54973,1
54992,1
54996,1
55046,1
55078,2
55088,1
55092,1
55114,1
55142,1
55171,1
55190,1
55204,1
55261,1
55277,1
55286,1
55312,1
55395,1
55405,1
55484,1
55485,1
55491,1
55494,1
55510,1
55530,1
55542,1
55543,1
55546,1
55549,2
55568,2
55574,1
55578,1
55591,1
55616,1
55619,1
55628,1
55658,1
55664,1
55677,1
55683,1
55693,1
55719,1
55728,1
55731,1
55751,1
55779,2
55785,1
55789,1
55799,1
55811,1
55824,1
55837,1
55879,1
55884,1
55885,1
55910,1
55920,1
55926,1
55945,1
55971,2
55981,1
56019,1
56067,1
56083,1
56086,1
56092,1
56096,1
56099,1
56105,1
56137,1
56157,1
56160,1
56170,1
56182,1
56198,2
56208,1
56259,2
56279,1
56285,1
56291,1
56292,1
56330,1
56342,1
56352,1
56355,1
56364,1
56381,1
56387,1
56393,1
56425,1
56470,1
56521,1
56531,1
56573,1
56576,1
56580,1
56617,1
56652,1
56739,2
56755,1
56758,1
56784,1
56806,1
56816,2
56823,1
56841,1
56851,1
56874,1
56889,1
56896,1
56900,1
56918,1
56928,1
56940,1
56960,1
56970,1
57011,1
57031,1
57046,1
57126,1
57130,1
57142,1
57146,1
57149,2
57219,1
57242,1
57252,1
57315,1
57386,1
57437,1
57539,1
57562,1
57577,1
57590,1
57591,1
57597,1
57654,1
57667,1
57699,1
57702,1
57728,2
57760,1
57827,1
57834,1
57840,1
57878,1
57885,1
57923,1
57936,2
57942,1
57945,1
57972,1
57981,1
58003,1
58042,1
58070,1
58086,1
58131,1
58169,1
58185,1
58199,1
58202,1
58211,1
58233,1
58243,1
58269,1
58288,1
58301,1
58313,1
58320,1
58377,1
58438,1
58445,1
58451,1
58525,1
58554,1
58563,1
58582,1
58585,1
58595,1
58617,1
58723,2
58730,1
58758,1
58787,1
58845,1
58851,1
58864,1
58877,1
58906,1
58909,1
58921,1
58932,1
58957,1
58982,1
58986,1
58996,1
59030,1
59056,1
59088,1
59161,1
59168,1
59171,1
59177,1
59193,1
59197,1
59268,1
59270,1
59277,1
59296,1
59299,1
59305,1
59325,1
59341,1
59392,1
59415,1
59428,1
59453,1
59460,1
59466,1
59498,1
59511,1
59549,1
59575,1
59616,1
59626,1
59683,1
59747,1
59776,1
59779,1
59792,1
59796,1
59834,1
59862,1
59904,1
59927,1
59940,1
59972,1
59980,1
59994,1
60013,1
60077,1
60087,1
60134,1
60138,1
60167,1
60169,1
60214,1
60217,1
60246,1
60253,1
60285,1
60301,1
60323,1
60375,1
60390,1
60393,1
60409,1
60490,1
60525,1
60564,1
60592,1
60598,1
60726,1
60758,1
60780,1
60816,2
60842,1
60861,1
60909,1
60915,1
60928,1
60934,1
60963,1
60976,1
61020,1
61104,1
61130,1
61156,1
61168,1
61171,1
61184,1
61206,1
61220,1
61289,1
61309,1
61340,1
61347,1
61354,1
61360,1
61366,1
61427,1
61462,1
61501,1
61520,2
61552,1
61594,1
61607,1
61625,1
61661,1
61670,1
61677,1
61702,1
61763,1
61773,1
61786,1
61824,1
61843,1
61872,1
61975,1
61994,1
61997,1
62020,1
62023,1
62032,1
62058,1
62067,1
62105,1
62128,2
62140,1
62176,1
62185,1
62214,1
62259,1
62307,1
62320,2
62340,1
62358,1
62368,1
62422,1
62426,1
62451,1
62492,1
62572,1
62640,1
62660,1
62765,1
62788,1
62877,1
62909,2
62922,1
63031,1
63120,1
63187,1
63264,1
63322,1
63325,1
63443,1
63460,1
63494,1
63497,1
63500,1
63516,1
63526,1
63556,1
63609,1
63626,1
63632,1
63644,1
63757,1
63779,1
63805,1
63856,1
63862,1
63901,1
64009,1
64022,2
64045,1
64103,1
64276,1
64317,1
64336,1
64352,1
64375,1
64393,1
64458,1
64473,1
64480,1
64483,1
64611,1
64624,1
64678,1
64701,1
64809,1
64854,1
64867,2
64896,1
64912,1
64944,1
64957,1
65002,1
65162,1
65200,1
65270,1
65305,1
65319,1
65360,1
65395,1
65398,1
65558,1
65568,1
65584,1
65661,1
65722,1
65731,1
65741,1
65853,1
65901,1
65904,1
65945,1
65949,1
65961,1
65968,1
66090,1
66150,1
66176,1
66189,1
66218,1
66246,1
66262,1
66362,1
66406,1
66407,1
66476,1
66499,1
66589,1
66636,1
66736,1
66790,1
66796,1
66813,1
66832,1
66864,1
66886,1
66909,1
66931,1
66944,1
66960,1
67008,1
67068,1
67072,1
67085,1
67188,1
67264,1
67280,1
67398,1
67408,2
67447,1
67539,1
67588,1
67600,1
67613,1
67651,1
67715,1
67728,1
67747,2
67757,1
67814,1
67863,1
67920,1
67933,1
67939,1
67948,1
67964,1
67965,1
68010,1
68036,1
68116,1
68134,1
68150,1
68250,1
68269,1
68301,1
68426,1
68515,1
68531,1
68547,2
68589,1
68621,1
68656,1
68704,1
68800,1
68842,1
68854,1
68858,1
68893,1
68944,1
69008,1
69031,1
69033,1
69050,1
69123,1
69162,1
69213,1
69283,1
69328,2
69337,1
69341,1
69376,1
69418,1
69431,2
69456,1
69482,1
69488,1
69495,1
69520,1
69526,1
69619,1
69684,1
69718,1
69754,2
69798,1
69831,1
69837,2
69853,1
69872,1
69894,1
69968,1
69997,1
70089,1
70176,1
70204,1
70263,1
70377,1
70451,1
70615,1
70678,1
70742,1
70793,1
70906,1
71033,1
71050,1
71068,1
71078,1
71082,1
71120,1
71130,1
71193,1
71197,1
71206,1
71210,1
71213,1
71252,1
71267,1
71303,1
71315,1
71335,1
71428,1
71446,1
71459,1
71484,1
71501,1
71526,1
71584,1
71594,1
71619,1
71718,1
71732,1
71747,1
71785,1
71811,1
71843,2
71878,1
71952,1
71987,1
71991,1
72118,1
72128,1
72173,1
72176,1
72202,1
72275,1
72282,1
72307,1
72329,1
72432,1
72471,1
72486,1
72489,1
72490,1
72522,1
72534,1
72569,1
72586,1
72643,1
72653,1
72704,1
72742,1
72761,1
72873,1
72880,1
72915,1
72973,1
73084,1
73130,1
73213,1
73280,1
73286,1
73296,1
73376,1
73379,1
73495,1
73680,1
73728,1
73731,1
73942,1
73964,1
73996,1
74080,1
74087,1
74141,1
74153,1
74154,1
74236,1
74294,1
74326,1
74368,1
74397,1
74416,1
74474,1
74621,1
74653,1
74726,1
74809,1
74941,1
74976,1
75069,1
75075,1
75139,1
75293,1
75303,1
75316,1
75318,1
75350,1
75399,1
75414,1
75433,1
75440,2
75460,1
75706,1
75715,1
75741,1
75747,1
75805,1
75837,1
75869,1
76029,1
76048,1
76102,1
76231,1
76275,1
76304,1
76371,1
76378,1
76410,1
76435,1
76448,1
76508,1
76544,1
76589,1
76941,1
76950,1
76951,1
77002,1
77091,1
77149,1
77369,1
77459,1
77562,1
77671,1
77689,1
77827,1
77994,1
78093,1
78132,1
78262,1
78442,1
78486,1
78505,1
78509,1
78547,1
78551,1
78672,1
78678,1
78810,1
78855,1
78864,1
78870,1
79047,1
79063,1
79219,1
79271,1
79309,1
79408,1
79504,1
79671,1
79773,1
79815,1
79882,1
79984,1
80125,1
80144,1
80205,1
80640,1
80669,1
80688,1
81002,1
81024,1
81197,1
81412,1
81600,1
81632,1
81635,1
81853,1
81859,1
81866,1
81872,1
81952,1
82019,1
82080,1
82153,1
82166,1
82249,1
82339,1
82489,1
82602,1
82618,1
82807,1
82915,1
82947,1
83005,1
83088,1
83194,1
83222,1
83267,1
83421,1
83527,1
83529,1
83543,1
83699,1
83728,1
83914,1
83984,1
83994,1
84000,1
84009,1
84073,1
84189,1
84563,1
84586,1
84650,1
84970,1
84976,1
84982,1
84995,1
85066,1
85114,1
85165,1
85290,1
85348,1
85507,1
85600,1
85648,1
85687,1
85712,1
85776,1
85847,1
85923,1
85980,1
85987,1
86172,1
86269,1
86345,1
86460,1
86631,1
86752,1
86979,1
87017,1
87018,1
87197,1
87235,1
87252,1
87267,1
87328,1
87341,1
87379,1
87459,1
87491,2
87587,1
87606,1
87702,1
87856,1
87987,1
88099,1
88118,1
88137,1
88176,1
88220,1
88317,1
88413,1
88460,1
88490,1
88538,1
88698,1
88787,1
88835,1
88947,1
88982,1
89072,1
89168,1
89210,1
89284,1
89335,1
89415,1
89427,1
89501,1
89536,1
89546,1
89549,1
89594,1
89597,1
89658,1
89664,1
89687,1
89696,1
89891,1
89911,2
89936,1
89997,1
90220,1
90285,1
90288,2
90294,1
90320,1
90323,1
90327,1
90566,1
90589,1
90624,1
90640,1
90643,1
90695,1
90730,1
90733,1
90784,1
91014,1
91056,1
91082,1
91241,1
91274,1
91277,1
91584,1
91600,1
91625,1
91638,1
91766,1
91808,1
91910,1
91971,1
92096,1
92188,1
92218,1
92250,1
92304,1
92457,1
92467,1
92566,1
92599,1
92637,1
92694,1
92717,1
92819,1
92825,1
92864,1
92934,1
92973,1
93129,1
93149,1
93155,1
93162,1
93194,1
93245,1
93520,1
93552,1
93654,1
93655,1
93673,1
93844,1
93862,1
93888,1
94013,1
94042,1
94054,1
94096,1
94167,1
94185,1
94281,1
94336,1
94339,1
94365,1
94483,1
94487,1
94653,1
94662,1
94739,1
94819,1
94839,1
94877,1
95478,1
95568,1
95776,1
95959,1
96122,1
96285,1
96691,1
96813,1
96842,1
96935,1
96953,1
97510,1
98020,1
98109,1
98332,1
98346,1
98666,1
98688,1
99024,1
99638,1
100918,1
103370,1
103760,1
104118,1
106118,1
109152,1
157148,1
158941,1
373258,1
