# Samples: 59230, Average: 12765.9 ns, StdDev: 1231.2 ns, Quartiles: 12038.0/12644.0/13254.0 ns
6157,1
6163,1
6176,1
6214,1
6227,1
6234,1
6278,1
6349,1
6394,1
6400,1
6432,1
6435,1
6454,1
6470,1
6569,1
6627,1
7108,1
8691,1
9933,1
10087,1
10166,1
10214,1
10256,1
10265,1
10279,1
10304,1
10330,1
10336,1
10349,1
10355,1
10358,1
10362,1
10368,1
10375,1
10381,1
10387,1
10393,1
10400,1
10409,1
10410,1
10413,2
10425,1
10435,1
10444,1
10445,1
10448,1
10451,1
10457,1
10464,1
10467,2
10470,1
10480,2
10483,1
10490,2
10492,1
10496,3
10499,1
10503,1
10515,3
10518,1
10521,1
10522,2
10525,1
10528,2
10531,1
10537,1
10538,1
10550,1
10553,1
10560,1
10563,1
10570,1
10573,1
10576,3
10579,4
10582,1
10586,1
10588,1
10589,1
10592,3
10595,1
10598,1
10601,1
10602,1
10604,1
10605,2
10611,1
10615,1
10618,1
10620,1
10624,2
10627,4
10637,2
10643,2
10646,3
10649,2
10650,1
10652,1
10653,1
10656,1
10659,1
10662,1
10669,2
10672,1
10676,1
10678,2
10679,1
10685,6
10688,1
10694,1
10695,1
10700,1
10701,4
10704,1
10708,1
10713,1
10714,3
10717,1
10720,3
10726,1
10727,2
10732,1
10733,3
10739,3
10742,1
10745,1
10746,2
10749,1
10752,3
10755,4
10758,1
10759,1
10765,3
10771,1
10774,3
10775,1
10777,2
10781,3
10784,4
10787,4
10788,2
10790,7
10791,1
10793,1
10794,1
10796,2
10797,5
10800,3
10803,4
10804,4
10806,2
10809,2
10810,5
10812,1
10813,7
10816,2
10819,3
10822,1
10823,2
10828,2
10829,2
10832,2
10835,1
10838,1
10839,1
10841,1
10842,2
10845,1
10848,2
10851,2
10854,1
10855,2
10858,4
10860,1
10861,7
10864,2
10867,2
10868,3
10870,1
10871,1
10873,2
10874,3
10876,1
10877,7
10880,3
10883,1
10884,1
10887,1
10889,1
10890,1
10893,3
10896,3
10899,4
10902,1
10903,1
10905,1
10906,3
10908,2
10909,3
10912,2
10915,2
10916,2
10918,4
10919,2
10921,1
10922,1
10925,5
10928,2
10931,2
10934,1
10935,1
10937,1
10938,7
10941,4
10944,3
10947,1
10950,3
10951,3
10953,2
10954,2
10956,2
10957,3
10960,2
10963,6
10964,1
10966,2
10967,3
10969,3
10970,3
10972,1
10973,2
10976,5
10979,3
10980,1
10982,4
10983,2
10986,3
10988,1
10989,5
10992,1
10995,7
10996,2
10998,2
10999,3
11001,3
11002,2
11004,2
11005,3
11008,3
11011,2
11012,1
11014,3
11018,2
11020,2
11021,6
11024,4
11027,4
11030,2
11031,2
11033,3
11034,3
11037,1
11043,6
11044,1
11046,4
11049,1
11053,2
11056,5
11059,7
11060,2
11062,4
11063,1
11065,3
11066,5
11069,1
11072,5
11075,6
11078,2
11079,4
11081,1
11082,3
11085,10
11088,1
11091,5
11092,1
11094,2
11095,1
11097,3
11098,6
11101,2
11104,6
11107,3
11110,5
11111,4
11113,1
11114,3
11116,2
11117,8
11120,4
11123,4
11124,2
11126,5
11127,3
11129,2
11130,3
11132,1
11133,4
11136,9
11139,4
11142,8
11143,1
11146,2
11148,1
11149,7
11152,7
11155,3
11156,2
11158,3
11159,2
11161,8
11162,4
11164,1
11165,3
11168,12
11171,3
11172,2
11174,7
11175,6
11177,3
11178,3
11180,1
11181,5
11184,4
11187,6
11188,1
11190,5
11191,2
11193,4
11194,7
11196,3
11197,5
11200,15
11203,4
11204,1
11206,4
11207,6
11209,2
11210,7
11212,2
11213,7
11216,11
11219,6
11220,3
11222,7
11223,3
11225,4
11226,7
11228,2
11229,7
11232,13
11235,6
11236,1
11238,14
11239,6
11241,3
11242,5
11244,2
11245,15
11248,8
11251,8
11252,5
11254,9
11255,6
11257,11
11258,14
11260,1
11261,11
11264,17
11267,10
11270,11
11271,11
11273,3
11274,10
11276,3
11277,19
11280,12
11283,17
11284,3
11286,4
11287,1
11289,9
11290,9
11292,1
11293,10
11296,15
11299,6
11300,2
11302,15
11303,13
11305,5
11306,5
11308,6
11309,16
11312,11
11315,13
11316,4
11318,9
11319,6
11321,10
11322,23
11324,5
11325,11
11328,33
11331,13
11332,3
11334,13
11335,17
11337,5
11338,8
11340,8
11341,20
11344,16
11347,27
11348,8
11350,8
11351,5
11353,21
11354,17
11356,3
11357,21
11360,27
11363,13
11364,4
11366,13
11367,17
11369,8
11370,8
11372,6
11373,30
11376,23
11379,22
11380,8
11382,9
11383,3
11385,13
11386,27
11388,5
11389,17
11392,41
11395,19
11396,5
11398,35
11399,16
11401,9
11402,17
11404,6
11405,20
11408,19
11411,31
11412,5
11414,15
11415,6
11417,20
11418,22
11420,6
11421,17
11424,43
11427,22
11428,5
11430,23
11431,25
11433,7
11434,12
11436,11
11437,29
11440,26
11443,39
11444,9
11446,18
11447,8
11449,21
11450,33
11452,4
11453,10
11456,48
11459,20
11460,6
11462,23
11463,17
11465,14
11466,24
11468,8
11469,42
11472,21
11475,36
11476,11
11478,20
11479,7
11481,20
11482,28
11484,7
11485,19
11488,42
11491,30
11492,6
11494,31
11495,25
11497,12
11498,20
11500,6
11501,39
11504,32
11507,44
11508,10
11510,18
11511,14
11513,31
11514,35
11516,5
11517,19
11520,58
11523,29
11524,8
11526,35
11527,22
11529,11
11530,24
11532,10
11533,63
11536,38
11539,44
11540,10
11542,20
11543,12
11545,24
11546,40
11548,6
11549,29
11552,59
11555,35
11556,12
11558,42
11559,26
11561,15
11562,27
11564,16
11565,53
11568,40
11571,53
11572,15
11574,23
11575,17
11577,33
11578,47
11580,10
11581,34
11584,70
11587,32
11588,8
11590,49
11591,30
11593,16
11594,27
11596,10
11597,62
11600,37
11603,65
11604,10
11606,17
11607,22
11609,33
11610,42
11612,9
11613,29
11616,69
11619,33
11620,4
11622,40
11623,28
11625,21
11626,27
11628,12
11629,74
11632,45
11635,65
11636,17
11638,21
11639,25
11641,27
11642,42
11644,11
11645,42
11648,76
11651,30
11652,8
11654,55
11655,37
11657,16
11658,31
11660,16
11661,55
11664,54
11667,62
11668,12
11670,21
11671,25
11673,24
11674,51
11676,9
11677,43
11680,80
11683,38
11684,10
11686,55
11687,35
11689,30
11690,30
11692,19
11693,62
11696,46
11699,71
11700,11
11702,30
11703,19
11705,37
11706,39
11708,7
11709,34
11712,93
11715,39
11716,20
11718,50
11719,35
11721,27
11722,41
11724,17
11725,88
11728,48
11731,69
11732,22
11734,32
11735,20
11737,39
11738,53
11740,16
11741,46
11744,95
11747,47
11748,15
11750,68
11751,38
11753,22
11754,19
11756,10
11757,67
11760,59
11763,79
11764,19
11766,39
11767,17
11769,30
11770,50
11772,14
11773,45
11776,94
11779,31
11780,9
11782,69
11783,46
11785,19
11786,30
11788,33
11789,69
11792,49
11795,88
11796,14
11798,32
11799,19
11801,34
11802,54
11804,11
11805,46
11808,109
11811,59
11812,12
11814,54
11815,39
11817,30
11818,30
11820,16
11821,90
11824,70
11827,81
11828,20
11830,34
11831,28
11833,41
11834,46
11836,12
11837,45
11840,109
11843,52
11844,14
11846,71
11847,38
11849,16
11850,33
11852,20
11853,86
11856,62
11859,86
11860,27
11862,37
11863,35
11865,58
11866,52
11868,23
11869,37
11872,99
11875,39
11876,9
11878,71
11879,36
11881,15
11882,43
11884,30
11885,84
11888,48
11891,80
11892,25
11894,40
11895,35
11897,49
11898,61
11900,8
11901,37
11904,84
11907,62
11908,12
11910,64
11911,36
11913,26
11914,35
11916,24
11917,103
11920,39
11923,66
11924,12
11926,29
11927,25
11929,35
11930,66
11932,10
11933,42
11936,87
11939,44
11940,11
11942,62
11943,43
11945,36
11946,41
11948,18
11949,91
11952,51
11955,96
11956,19
11958,37
11959,17
11961,40
11962,72
11964,8
11965,45
11968,106
11971,37
11972,10
11974,64
11975,32
11977,26
11978,37
11980,27
11981,77
11984,54
11987,76
11988,17
11990,37
11991,25
11993,33
11994,60
11996,12
11997,48
12000,112
12003,50
12004,8
12006,70
12007,38
12009,6
12010,19
12012,26
12013,78
12016,50
12019,73
12020,21
12022,36
12023,22
12025,32
12026,53
12028,16
12029,38
12032,116
12035,42
12036,8
12038,56
12039,32
12041,21
12042,27
12044,20
12045,92
12048,62
12051,78
12052,23
12054,34
12055,26
12057,53
12058,72
12060,13
12061,56
12064,116
12067,63
12068,16
12070,61
12071,52
12073,21
12074,34
12076,21
12077,70
12080,56
12083,78
12084,20
12086,30
12087,17
12089,41
12090,68
12092,11
12093,67
12096,105
12099,44
12100,10
12102,58
12103,39
12105,19
12106,42
12108,21
12109,83
12112,62
12115,66
12116,19
12118,37
12119,30
12121,45
12122,54
12124,9
12125,49
12128,95
12131,36
12132,12
12134,59
12135,42
12137,17
12138,34
12140,12
12141,92
12144,44
12147,84
12148,29
12150,33
12151,20
12153,36
12154,50
12156,15
12157,49
12160,114
12163,53
12164,16
12166,51
12167,44
12169,27
12170,33
12172,22
12173,88
12176,60
12179,86
12180,33
12182,36
12183,25
12185,39
12186,55
12188,7
12189,48
12192,115
12195,45
12196,11
12198,66
12199,32
12201,19
12202,33
12204,18
12205,73
12208,54
12211,88
12212,16
12214,35
12215,18
12217,42
12218,60
12220,9
12221,37
12224,103
12227,39
12228,7
12230,55
12231,40
12233,10
12234,32
12236,19
12237,82
12240,48
12243,81
12244,14
12246,25
12247,17
12249,34
12250,51
12252,14
12253,45
12256,75
12259,32
12260,10
12262,65
12263,45
12265,18
12266,37
12268,18
12269,79
12272,38
12275,66
12276,17
12278,28
12279,19
12281,38
12282,56
12284,14
12285,44
12288,101
12291,42
12292,14
12294,62
12295,46
12297,28
12298,27
12300,24
12301,82
12304,61
12307,64
12308,20
12310,40
12311,17
12313,51
12314,77
12316,12
12317,54
12320,111
12323,51
12324,11
12326,69
12327,34
12329,27
12330,40
12332,21
12333,101
12336,52
12339,88
12340,27
12342,26
12343,22
12345,36
12346,60
12348,9
12349,48
12352,101
12355,40
12356,11
12358,40
12359,41
12361,20
12362,44
12364,22
12365,78
12368,58
12371,79
12372,23
12374,24
12375,19
12377,41
12378,57
12380,10
12381,37
12384,94
12387,50
12388,10
12390,69
12391,37
12393,24
12394,43
12396,19
12397,78
12400,64
12403,88
12404,13
12406,21
12407,25
12409,38
12410,58
12412,8
12413,51
12416,108
12419,40
12420,10
12422,66
12423,34
12425,18
12426,29
12428,10
12429,97
12432,55
12435,70
12436,25
12438,26
12439,24
12441,41
12442,69
12444,11
12445,37
12448,112
12451,38
12452,13
12454,52
12455,59
12457,21
12458,32
12460,18
12461,70
12464,41
12467,85
12468,19
12470,29
12471,15
12473,47
12474,56
12476,12
12477,57
12480,111
12483,44
12484,4
12486,60
12487,38
12489,31
12490,24
12492,13
12493,72
12496,63
12499,69
12500,16
12502,29
12503,16
12505,36
12506,58
12508,12
12509,53
12512,92
12515,47
12516,7
12518,53
12519,38
12521,29
12522,35
12524,17
12525,67
12528,51
12531,81
12532,15
12534,36
12535,13
12537,35
12538,45
12540,11
12541,47
12544,90
12547,50
12548,12
12550,83
12551,40
12553,12
12554,28
12556,20
12557,73
12560,60
12563,79
12564,21
12566,27
12567,32
12569,45
12570,66
12572,13
12573,44
12576,110
12579,43
12580,9
12582,56
12583,42
12585,30
12586,22
12588,19
12589,80
12592,52
12595,75
12596,12
12598,21
12599,27
12601,43
12602,56
12604,8
12605,31
12608,113
12611,47
12612,12
12614,54
12615,38
12617,17
12618,28
12620,26
12621,90
12624,60
12627,97
12628,21
12630,39
12631,24
12633,49
12634,72
12636,12
12637,42
12640,97
12643,59
12644,8
12646,64
12647,40
12649,31
12650,24
12652,22
12653,80
12656,61
12659,84
12660,24
12662,30
12663,21
12665,34
12666,57
12668,6
12669,38
12672,92
12675,45
12676,11
12678,62
12679,45
12681,17
12682,26
12684,27
12685,81
12688,54
12691,85
12692,16
12694,27
12695,24
12697,36
12698,69
12700,10
12701,52
12704,90
12707,36
12708,13
12710,51
12711,47
12713,30
12714,39
12716,24
12717,79
12720,55
12723,84
12724,18
12726,50
12727,13
12729,36
12730,52
12732,12
12733,52
12736,95
12739,47
12740,9
12742,52
12743,33
12745,26
12746,37
12748,24
12749,88
12752,62
12755,85
12756,14
12758,36
12759,17
12761,40
12762,51
12764,10
12765,32
12768,86
12771,50
12772,8
12774,49
12775,50
12777,22
12778,33
12780,28
12781,88
12784,61
12787,73
12788,18
12790,30
12791,22
12793,42
12794,52
12796,8
12797,52
12800,103
12803,53
12804,10
12806,68
12807,30
12809,18
12810,36
12812,24
12813,70
12816,61
12819,89
12820,16
12822,41
12823,21
12825,37
12826,43
12828,7
12829,47
12832,98
12835,56
12836,12
12838,47
12839,45
12841,22
12842,32
12844,15
12845,84
12848,57
12851,74
12852,19
12854,32
12855,25
12857,36
12858,63
12860,10
12861,34
12864,109
12867,37
12868,12
12870,41
12871,41
12873,17
12874,33
12876,21
12877,80
12880,52
12883,88
12884,29
12886,28
12887,18
12889,47
12890,68
12892,10
12893,45
12896,123
12899,50
12900,12
12902,71
12903,47
12905,23
12906,52
12908,23
12909,83
12912,59
12915,83
12916,27
12918,28
12919,18
12921,48
12922,63
12924,14
12925,52
12928,103
12931,49
12932,13
12934,67
12935,41
12937,30
12938,36
12940,23
12941,94
12944,67
12947,77
12948,16
12950,33
12951,24
12953,30
12954,59
12956,9
12957,46
12960,115
12963,53
12964,15
12966,48
12967,52
12969,25
12970,47
12972,26
12973,96
12976,66
12979,102
12980,16
12982,28
12983,30
12985,30
12986,66
12988,7
12989,42
12992,112
12995,35
12996,8
12998,61
12999,47
13001,30
13002,22
13004,12
13005,81
13008,67
13011,80
13012,19
13014,36
13015,18
13017,44
13018,54
13020,16
13021,50
13024,94
13027,50
13028,13
13030,74
13031,50
13033,14
13034,39
13036,16
13037,85
13040,69
13043,88
13044,17
13046,24
13047,17
13049,39
13050,51
13052,7
13053,47
13056,117
13059,37
13060,17
13062,69
13063,37
13065,18
13066,43
13068,17
13069,69
13072,46
13075,83
13076,19
13078,35
13079,26
13081,42
13082,61
13084,14
13085,43
13088,89
13091,37
13092,10
13094,60
13095,43
13097,25
13098,23
13100,15
13101,82
13104,39
13107,69
13108,13
13110,34
13111,17
13113,38
13114,58
13116,9
13117,43
13120,92
13123,36
13124,6
13126,49
13127,40
13129,16
13130,35
13132,21
13133,69
13136,53
13139,91
13140,26
13142,27
13143,19
13145,38
13146,50
13148,11
13149,35
13152,79
13155,42
13156,8
13158,55
13159,26
13161,15
13162,28
13164,16
13165,73
13168,46
13171,69
13172,24
13174,26
13175,17
13177,36
13178,51
13180,7
13181,39
13184,93
13187,39
13188,15
13190,55
13191,36
13193,22
13194,35
13196,20
13197,73
13200,61
13203,84
13204,14
13206,33
13207,23
13209,44
13210,49
13212,11
13213,46
13216,103
13219,40
13220,13
13222,62
13223,42
13225,22
13226,36
13228,23
13229,78
13232,61
13235,91
13236,35
13238,39
13239,25
13241,42
13242,54
13244,16
13245,46
13248,94
13251,53
13252,10
13254,58
13255,34
13257,24
13258,31
13260,12
13261,94
13264,57
13267,75
13268,21
13270,35
13271,16
13273,30
13274,55
13276,7
13277,40
13280,86
13283,47
13284,16
13286,50
13287,30
13289,18
13290,30
13292,26
13293,78
13296,44
13299,86
13300,17
13302,33
13303,20
13305,28
13306,56
13308,24
13309,38
13312,103
13315,39
13316,14
13318,50
13319,40
13321,19
13322,38
13324,20
13325,76
13328,47
13331,71
13332,20
13334,30
13335,19
13337,37
13338,47
13340,6
13341,31
13344,108
13347,38
13348,13
13350,57
13351,52
13353,27
13354,26
13356,19
13357,71
13360,42
13363,80
13364,11
13366,24
13367,18
13369,39
13370,58
13372,7
13373,31
13376,78
13379,42
13380,8
13382,41
13383,35
13385,12
13386,27
13388,23
13389,71
13392,46
13395,84
13396,16
13398,28
13399,20
13401,29
13402,54
13404,13
13405,44
13408,89
13411,35
13412,11
13414,54
13415,30
13417,17
13418,28
13420,14
13421,56
13424,42
13427,82
13428,20
13430,37
13431,19
13433,23
13434,43
13436,7
13437,31
13440,83
13443,43
13444,20
13446,59
13447,27
13449,20
13450,18
13452,15
13453,74
13456,41
13459,62
13460,13
13462,33
13463,20
13465,39
13466,41
13468,5
13469,51
13472,67
13475,31
13476,11
13478,52
13479,45
13481,13
13482,24
13484,14
13485,63
13488,26
13491,64
13492,17
13494,33
13495,11
13497,22
13498,51
13500,5
13501,28
13504,71
13507,23
13508,6
13510,43
13511,26
13513,18
13514,20
13516,17
13517,43
13520,34
13523,64
13524,10
13526,26
13527,20
13529,26
13530,43
13532,6
13533,37
13536,64
13539,38
13540,4
13542,39
13543,23
13545,16
13546,22
13548,15
13549,44
13552,36
13555,42
13556,11
13558,29
13559,14
13561,28
13562,41
13564,7
13565,39
13568,74
13571,38
13572,5
13574,36
13575,23
13577,15
13578,14
13580,11
13581,46
13584,35
13587,53
13588,13
13590,21
13591,12
13593,34
13594,30
13596,4
13597,27
13600,58
13603,31
13604,10
13606,34
13607,25
13609,14
13610,23
13612,9
13613,44
13616,24
13619,47
13620,10
13622,25
13623,11
13625,26
13626,41
13628,10
13629,23
13632,61
13635,37
13636,4
13638,35
13639,17
13641,8
13642,27
13644,15
13645,42
13648,26
13651,44
13652,6
13654,28
13655,9
13657,21
13658,31
13660,8
13661,18
13664,44
13667,24
13668,5
13670,26
13671,16
13673,14
13674,15
13676,8
13677,39
13680,35
13683,37
13684,9
13686,24
13687,13
13689,18
13690,29
13692,6
13693,27
13696,52
13699,23
13700,2
13702,21
13703,22
13705,8
13706,19
13708,16
13709,49
13712,19
13715,44
13716,8
13718,11
13719,13
13721,14
13722,20
13724,8
13725,23
13728,46
13731,16
13732,7
13734,23
13735,17
13737,9
13738,10
13740,9
13741,37
13744,25
13747,30
13748,10
13750,14
13751,10
13753,11
13754,31
13756,4
13757,17
13760,40
13763,17
13764,7
13766,23
13767,12
13769,5
13770,13
13772,10
13773,33
13776,15
13779,30
13780,6
13782,19
13783,6
13785,13
13786,14
13788,4
13789,10
13792,40
13795,11
13796,1
13798,21
13799,8
13801,8
13802,13
13804,9
13805,27
13808,23
13811,26
13812,10
13814,9
13815,11
13817,12
13818,17
13820,1
13821,11
13824,35
13827,12
13828,3
13830,17
13831,13
13833,7
13834,10
13836,5
13837,30
13840,21
13843,21
13844,7
13846,7
13847,10
13849,9
13850,17
13852,5
13853,13
13856,39
13859,14
13860,3
13862,22
13863,11
13865,9
13866,9
13868,5
13869,16
13872,16
13875,21
13876,13
13878,12
13879,1
13881,12
13882,22
13884,3
13885,10
13888,20
13891,12
13892,6
13894,14
13895,4
13897,6
13898,10
13900,2
13901,19
13904,15
13907,20
13908,5
13910,9
13911,8
13913,5
13914,7
13916,3
13917,9
13920,26
13923,7
13924,1
13926,6
13927,9
13929,4
13930,10
13932,6
13933,16
13936,15
13939,16
13940,3
13942,9
13943,4
13945,3
13946,19
13948,3
13949,9
13952,24
13955,15
13958,13
13959,8
13961,5
13962,7
13964,2
13965,17
13968,8
13971,24
13972,4
13974,6
13975,2
13977,11
13978,14
13981,10
13984,22
13987,9
13988,1
13990,11
13991,4
13993,2
13994,9
13996,5
13997,21
14000,11
14003,20
14004,8
14006,7
14007,4
14009,10
14010,18
14012,2
14013,6
14016,23
14019,11
14020,3
14022,13
14023,12
14025,8
14026,6
14028,3
14029,21
14032,14
14035,14
14036,1
14038,10
14039,5
14041,8
14042,7
14044,1
14045,5
14048,17
14051,10
14054,16
14055,9
14057,2
14058,6
14060,6
14061,12
14064,4
14067,10
14068,3
14070,4
14071,6
14073,7
14074,8
14076,1
14077,12
14080,15
14083,4
14086,13
14087,8
14089,3
14090,7
14092,2
14093,10
14096,10
14099,12
14100,4
14102,3
14103,3
14105,8
14106,13
14108,4
14109,8
14112,12
14115,4
14116,2
14118,12
14119,8
14121,1
14122,5
14124,5
14125,12
14128,7
14131,10
14132,4
14134,2
14135,1
14137,6
14138,5
14140,2
14141,3
14144,18
14147,9
14150,11
14151,3
14153,4
14154,6
14156,2
14157,10
14160,4
14163,8
14164,4
14166,5
14167,3
14169,3
14170,7
14173,9
14176,12
14179,6
14180,2
14182,7
14183,6
14185,2
14186,5
14188,4
14189,5
14192,7
14195,7
14196,2
14198,6
14199,1
14201,2
14202,4
14204,2
14205,6
14208,14
14211,8
14214,7
14215,3
14217,4
14218,3
14220,2
14221,10
14224,5
14227,6
14228,5
14230,6
14231,3
14233,8
14234,8
14236,1
14237,10
14240,4
14243,6
14244,2
14246,9
14247,5
14249,1
14250,10
14252,5
14253,4
14256,8
14259,8
14260,1
14262,5
14263,4
14265,4
14266,7
14269,6
14272,4
14276,1
14278,9
14279,3
14281,4
14282,4
14284,4
14285,8
14288,8
14291,14
14292,1
14294,1
14295,1
14297,4
14298,5
14301,8
14304,8
14307,1
14308,1
14310,3
14311,3
14314,2
14316,1
14317,8
14320,3
14323,10
14326,5
14327,2
14329,4
14330,10
14332,3
14333,9
14336,11
14339,4
14342,3
14343,6
14345,4
14346,1
14348,3
14349,9
14352,7
14355,17
14358,4
14359,2
14361,3
14362,8
14364,1
14365,10
14368,11
14371,3
14374,6
14375,6
14377,2
14378,1
14380,2
14381,9
14384,9
14387,12
14390,1
14393,5
14394,5
14396,2
14397,4
14400,6
14403,7
14404,2
14406,8
14407,3
14409,3
14410,4
14412,5
14413,8
14416,8
14419,5
14422,1
14423,4
14425,6
14426,5
14429,2
14432,8
14435,5
14438,7
14439,2
14441,3
14442,2
14444,3
14445,10
14448,3
14451,7
14452,1
14454,2
14455,3
14457,3
14458,3
14460,1
14461,6
14464,11
14467,4
14470,3
14471,5
14473,4
14476,1
14477,4
14480,6
14483,7
14484,2
14486,3
14489,4
14490,6
14492,1
14493,2
14496,7
14499,6
14500,2
14502,6
14503,2
14505,3
14506,1
14508,2
14509,6
14512,3
14515,11
14518,2
14519,2
14521,3
14522,10
14524,1
14525,2
14528,4
14531,7
14532,1
14534,6
14535,1
14537,4
14538,4
14541,3
14544,3
14547,3
14548,1
14550,1
14551,4
14553,5
14554,2
14556,1
14557,1
14560,7
14563,5
14566,3
14567,3
14569,1
14570,3
14572,5
14573,7
14576,6
14579,5
14582,3
14583,4
14585,5
14586,9
14588,1
14592,13
14595,7
14598,6
14599,7
14602,4
14604,4
14605,13
14608,11
14611,7
14612,2
14614,3
14615,4
14617,5
14618,2
14620,1
14621,2
14624,8
14627,7
14630,10
14631,6
14633,6
14634,6
14636,2
14637,8
14640,9
14643,4
14644,4
14646,3
14647,1
14649,5
14650,5
14653,2
14656,10
14659,3
14660,1
14662,3
14663,6
14665,1
14666,1
14668,4
14669,8
14672,2
14675,10
14676,1
14678,6
14679,4
14681,3
14682,4
14685,5
14688,4
14694,4
14695,2
14697,2
14698,2
14701,5
14704,2
14707,7
14708,2
14710,4
14711,3
14713,2
14714,3
14716,2
14717,8
14720,12
14723,3
14724,1
14726,5
14727,2
14729,2
14730,1
14732,3
14733,6
14736,1
14739,5
14740,1
14742,3
14743,2
14745,3
14746,4
14749,5
14752,8
14755,5
14756,1
14758,4
14759,2
14761,2
14762,4
14764,3
14765,6
14768,5
14771,8
14772,1
14774,2
14777,3
14778,5
14780,1
14781,2
14784,6
14787,5
14790,5
14791,3
14793,1
14794,1
14796,1
14797,4
14800,4
14803,3
14804,2
14806,2
14807,1
14809,4
14810,3
14813,3
14816,7
14819,4
14820,1
14822,1
14823,5
14825,1
14826,4
14828,3
14829,6
14832,3
14835,6
14836,3
14838,2
14839,1
14841,1
14842,4
14844,2
14845,1
14848,10
14854,4
14855,3
14858,3
14860,2
14861,4
14864,5
14867,5
14868,2
14870,2
14871,2
14873,3
14874,1
14876,1
14877,2
14880,3
14883,3
14886,1
14887,2
14889,2
14890,2
14892,1
14893,4
14896,3
14899,6
14900,3
14902,3
14903,1
14905,5
14906,2
14909,9
14912,10
14915,2
14918,4
14919,2
14921,2
14924,2
14925,5
14928,3
14931,5
14937,2
14938,2
14941,2
14944,2
14947,1
14950,2
14951,3
14953,3
14956,2
14957,7
14960,3
14963,3
14964,1
14966,2
14967,2
14969,4
14970,4
14973,2
14976,4
14979,1
14982,2
14983,2
14988,3
14989,6
14992,4
14995,4
14996,1
14998,1
14999,1
15001,1
15002,5
15005,2
15008,6
15011,4
15012,1
15014,8
15015,2
15018,3
15020,2
15021,10
15024,3
15027,9
15028,2
15030,2
15031,2
15033,2
15034,3
15037,1
15040,8
15043,1
15046,2
15047,2
15049,1
15050,2
15052,1
15053,8
15056,3
15059,2
15062,1
15063,1
15065,1
15066,3
15068,1
15069,3
15072,6
15075,2
15078,4
15079,3
15082,3
15085,4
15088,3
15091,4
15094,2
15095,2
15097,3
15101,6
15104,3
15107,3
15108,2
15110,4
15111,2
15113,1
15114,2
15116,2
15117,3
15120,3
15123,3
15127,2
15129,1
15130,3
15132,1
15136,8
15142,5
15143,2
15145,1
15146,1
15148,1
15149,5
15152,3
15155,6
15158,3
15159,1
15161,1
15162,3
15165,1
15168,3
15171,2
15174,2
15175,1
15177,1
15178,1
15180,1
15181,5
15184,3
15187,7
15190,3
15191,2
15193,3
15194,4
15197,1
15200,4
15204,2
15206,2
15207,2
15209,2
15210,2
15212,2
15213,9
15216,4
15219,2
15222,1
15223,1
15225,3
15226,2
15228,1
15229,1
15232,3
15235,1
15238,2
15239,4
15241,1
15242,2
15244,2
15245,4
15248,4
15251,2
15252,1
15254,2
15255,2
15257,2
15258,4
15261,7
15264,3
15267,1
15270,5
15271,3
15273,1
15274,4
15276,1
15277,5
15280,2
15283,5
15284,1
15286,3
15287,3
15289,1
15290,5
15293,4
15296,11
15300,1
15302,4
15303,3
15306,1
15309,5
15312,3
15315,3
15316,2
15318,1
15319,2
15321,5
15322,2
15328,2
15332,1
15334,6
15335,1
15337,2
15338,1
15340,1
15341,2
15344,2
15347,9
15348,1
15351,1
15354,3
15356,1
15357,2
15360,8
15363,1
15366,2
15367,1
15369,1
15370,2
15372,1
15373,1
15376,2
15379,5
15380,1
15382,1
15383,2
15386,4
15389,2
15392,6
15398,3
15399,2
15401,2
15404,1
15405,2
15408,2
15411,3
15414,1
15415,2
15417,1
15418,2
15421,2
15424,1
15427,1
15430,1
15431,3
15433,3
15434,1
15437,1
15440,2
15443,4
15444,2
15446,3
15449,1
15450,1
15456,4
15459,2
15460,1
15462,1
15463,1
15466,1
15469,2
15472,2
15475,3
15476,1
15478,2
15479,3
15482,2
15485,1
15488,3
15491,2
15494,2
15495,2
15497,1
15498,2
15501,4
15504,1
15507,6
15508,1
15510,2
15511,3
15513,1
15514,1
15520,5
15526,4
15527,4
15532,2
15533,2
15536,1
15539,4
15540,3
15543,2
15545,1
15546,1
15549,1
15552,1
15555,4
15558,1
15559,2
15561,1
15562,1
15564,1
15565,2
15568,2
15571,4
15572,2
15577,1
15578,1
15581,3
15584,2
15590,1
15594,1
15596,1
15597,3
15600,3
15603,2
15604,1
15606,1
15607,1
15616,2
15622,2
15623,2
15626,1
15629,8
15632,2
15635,1
15636,1
15641,2
15642,2
15645,4
15648,1
15654,3
15655,4
15658,1
15660,1
15661,2
15664,2
15667,3
15670,1
15671,2
15674,2
15680,6
15683,1
15686,1
15687,1
15689,3
15690,2
15693,4
15696,6
15699,5
15703,2
15706,2
15709,1
15712,3
15715,1
15718,1
15721,2
15722,1
15725,1
15728,3
15734,1
15735,1
15737,4
15738,1
15744,5
15748,1
15750,2
15754,2
15757,2
15760,4
15763,3
15766,1
15767,1
15769,1
15770,1
15772,1
15773,3
15776,4
15779,1
15780,1
15782,2
15786,2
15789,3
15795,2
15798,2
15801,3
15802,2
15804,1
15805,2
15808,5
15811,3
15814,2
15815,3
15817,1
15818,2
15821,3
15824,1
15827,2
15828,1
15833,1
15834,2
15836,1
15837,1
15840,5
15843,2
15846,1
15853,3
15859,3
15862,2
15863,1
15865,1
15866,1
15868,2
15869,1
15872,4
15878,4
15879,1
15882,2
15884,2
15885,2
15888,1
15891,2
15907,2
15910,1
15914,2
15917,2
15923,1
15924,2
15929,1
15930,2
15932,1
15933,2
15936,2
15940,1
15943,1
15946,2
15949,4
15955,1
15958,2
15962,1
15964,2
15968,4
15974,3
15977,1
15980,1
15981,1
15984,4
15987,3
15990,1
15991,1
15994,1
16000,3
16003,1
16004,2
16007,2
16010,1
16013,4
16016,1
16019,3
16022,1
16023,1
16026,1
16029,3
16032,2
16035,1
16038,2
16042,1
16048,2
16051,3
16054,2
16057,2
16058,3
16060,1
16061,2
16064,2
16067,1
16068,1
16070,1
16071,1
16073,1
16080,3
16083,2
16086,2
16087,2
16089,1
16090,1
16096,4
16103,2
16108,1
16109,2
16112,1
16115,2
16125,1
16128,3
16135,2
16138,3
16140,1
16141,1
16144,2
16147,1
16154,1
16157,1
16160,2
16163,2
16167,2
16169,1
16170,1
16173,1
16179,2
16180,1
16182,1
16185,1
16189,3
16192,2
16199,1
16201,3
16204,1
16205,1
16208,1
16211,1
16215,1
16218,3
16224,2
16228,1
16230,2
16231,1
16233,1
16234,1
16240,1
16243,1
16244,1
16246,4
16247,1
16249,1
16250,1
16256,2
16259,4
16262,4
16263,1
16269,2
16281,2
16282,1
16284,1
16285,1
16288,3
16291,4
16292,1
16294,1
16297,1
16298,1
16301,1
16304,2
16307,2
16314,2
16317,1
16320,1
16326,1
16330,1
16332,2
16333,2
16336,1
16342,1
16343,1
16346,1
16349,2
16352,2
16356,2
16359,2
16362,2
16368,1
16381,1
16384,2
16387,1
16388,1
16390,1
16394,1
16397,1
16400,1
16403,1
16404,1
16406,1
16409,1
16410,1
16412,1
16416,4
16422,2
16425,1
16429,1
16432,2
16435,3
16448,1
16452,1
16455,1
16460,1
16461,1
16464,1
16467,2
16473,4
16474,1
16477,1
16480,1
16486,1
16487,1
16493,2
16496,2
16499,1
16502,1
16505,2
16506,1
16515,1
16521,1
16524,2
16528,1
16531,2
16535,1
16538,1
16541,1
16548,1
16550,1
16551,1
16553,1
16554,1
16560,2
16563,3
16564,1
16569,2
16573,3
16576,2
16579,1
16583,1
16586,1
16589,1
16595,1
16599,1
16608,2
16611,3
16614,1
16618,2
16624,1
16630,2
16631,1
16633,2
16634,4
16637,1
16640,2
16643,1
16646,3
16652,1
16659,1
16662,2
16672,2
16678,1
16681,1
16682,1
16684,1
16685,1
16688,2
16691,4
16694,1
16697,1
16710,1
16711,1
16714,2
16716,1
16717,1
16720,1
16724,1
16730,2
16732,1
16733,1
16739,1
16742,1
16748,2
16749,1
16752,2
16755,4
16756,1
16762,2
16771,2
16774,2
16775,3
16777,2
16778,2
16780,1
16781,2
16784,1
16788,1
16790,1
16793,1
16794,1
16797,1
16800,3
16803,1
16807,1
16809,1
16810,1
16812,1
16813,1
16816,1
16819,2
16820,1
16826,2
16832,2
16842,1
16844,1
16851,1
16852,1
16854,2
16857,1
16858,1
16860,1
16870,1
16871,1
16877,3
16880,1
16884,1
16890,1
16893,2
16896,3
16903,1
16909,1
16912,2
16922,2
16928,1
16931,1
16934,1
16938,1
16941,1
16944,3
16947,1
16953,1
16954,1
16966,1
16970,2
16973,2
16979,1
16980,1
16983,1
16985,1
16988,1
16992,1
16998,1
17017,1
17021,1
17024,2
17027,2
17033,1
17036,1
17043,2
17044,1
17056,2
17062,1
17066,2
17069,1
17075,2
17078,1
17092,1
17097,1
17098,1
17104,1
17117,1
17126,1
17127,1
17132,1
17136,2
17142,1
17143,1
17145,1
17149,2
17152,2
17155,3
17158,1
17159,2
17168,1
17171,4
17175,1
17177,1
17178,1
17181,2
17197,1
17204,1
17206,1
17209,2
17210,1
17222,1
17226,1
17235,2
17239,1
17241,1
17255,1
17267,1
17270,2
17280,1
17283,1
17287,1
17293,1
17299,3
17300,1
17305,2
17306,1
17315,1
17319,1
17325,1
17338,1
17344,3
17347,1
17350,1
17354,1
17356,1
17357,1
17363,1
17364,1
17367,1
17369,1
17370,1
17373,1
17376,2
17379,2
17382,1
17402,1
17412,1
17417,1
17431,1
17440,2
17443,1
17447,1
17494,2
17504,1
17510,1
17511,1
17514,1
17520,1
17523,3
17530,1
17536,1
17545,1
17549,1
17555,2
17559,1
17561,1
17564,1
17571,1
17580,1
17593,3
17600,3
17606,1
17619,1
17632,1
17641,1
17645,1
17651,1
17652,1
17657,1
17658,2
17686,1
17703,1
17715,1
17716,1
17718,1
17719,1
17728,1
17731,1
17734,1
17753,2
17754,1
17756,1
17757,1
17760,3
17763,1
17773,1
17776,1
17779,2
17789,1
17792,1
17795,1
17798,1
17799,1
17801,1
17802,1
17805,1
17817,1
17843,3
17846,1
17849,1
17850,1
17856,1
17859,1
17862,1
17863,1
17869,1
17872,1
17878,1
17888,1
17892,1
17894,1
17910,1
17913,1
17920,1
17926,1
17933,2
17958,1
17972,1
17981,1
17990,1
18003,1
18006,1
18009,1
18010,3
18013,1
18016,1
18022,2
18023,1
18026,1
18035,1
18048,1
18051,1
18054,1
18057,1
18058,1
18061,1
18064,1
18067,1
18070,1
18071,1
18099,2
18102,1
18103,1
18106,1
18112,1
18115,1
18128,1
18131,1
18135,1
18144,1
18147,1
18151,1
18154,1
18160,1
18163,1
18173,2
18176,1
18183,1
18196,1
18199,1
18208,1
18211,1
18217,1
18218,1
18227,1
18237,1
18240,1
18247,1
18249,1
18250,1
18253,2
18259,1
18262,1
18285,1
18288,2
18291,2
18304,1
18317,1
18320,1
18329,1
18336,1
18342,4
18349,3
18356,1
18361,1
18368,1
18371,1
18374,1
18375,1
18381,2
18393,1
18397,1
18400,1
18406,2
18412,1
18413,1
18419,1
18432,1
18435,1
18436,1
18438,1
18445,2
18486,1
18512,1
18515,1
18522,1
18537,1
18560,1
18576,1
18604,1
18605,3
18611,1
18620,1
18621,1
18627,1
18640,1
18643,1
18650,2
18656,2
18669,1
18682,1
18701,1
18704,1
18711,1
18720,1
18727,1
18729,2
18733,1
18739,2
18745,1
18746,2
18752,1
18774,1
18777,1
18784,1
18790,1
18796,1
18809,2
18848,1
18861,1
18867,1
18889,1
18890,1
18893,1
18902,1
18906,2
18921,1
18924,1
18932,1
18951,1
18998,1
19053,1
19059,1
19072,1
19082,1
19084,1
19092,1
19098,1
19117,1
19123,1
19129,2
19136,1
19155,1
19165,1
19180,1
19207,1
19219,2
19226,1
19241,1
19245,1
19251,2
19273,1
19299,1
19318,1
19334,1
19340,1
19341,1
19344,1
19353,1
19366,1
19373,1
19383,1
19411,1
19417,1
19424,1
19450,1
19501,1
19507,1
19524,1
19526,1
19536,1
19548,1
19558,1
19571,1
19578,1
19581,1
19584,1
19590,1
19603,1
19606,1
19632,1
19635,1
19661,1
19670,2
19680,1
19693,1
19705,1
19718,2
19725,1
19738,1
19741,1
19757,1
19779,1
19789,2
19802,2
19805,1
19811,1
19847,2
19879,1
19882,1
19885,1
19888,1
19929,1
19936,1
19943,1
19946,1
19975,1
19978,1
20000,1
20016,1
20051,1
20061,1
20083,1
20096,1
20109,2
20125,1
20128,1
20173,2
20180,1
20189,1
20262,1
20265,1
20268,1
20269,1
20279,1
20288,1
20358,1
20365,1
20397,2
20400,1
20422,1
20589,1
20595,1
20614,1
20660,1
20685,1
20691,1
20704,1
20726,1
20749,1
20755,1
20765,1
20826,1
20852,1
20928,1
20940,1
21053,1
21082,1
21108,1
21120,1
21140,1
21206,1
21209,1
21271,1
21280,1
21331,1
21427,1
21430,1
21443,1
21475,1
21478,1
21497,1
21510,1
21513,1
21587,1
21613,1
21648,1
21671,1
21683,1
21750,1
21751,1
21779,1
21821,1
21843,1
21856,1
21862,1
21863,1
21949,1
22099,1
22108,1
22121,1
22163,1
22176,1
22186,1
22221,1
22224,1
22237,1
22272,1
22278,1
22298,1
22310,1
22342,1
22410,1
22423,1
22490,1
22548,1
22832,1
22841,1
22842,1
23075,1
23094,1
23232,1
23379,1
23380,1
23395,1
23404,1
23450,1
23603,1
23677,1
23747,1
23994,1
24109,1
24131,1
24173,1
24346,1
24467,1
27670,1
30458,1
39184,1
71024,1
129140,1
