# Samples: 64467, Average: 6764.8 ns, StdDev: 2509.2 ns, Quartiles: 6307.0/6506.0/7031.0 ns
5943,1
5948,1
5965,1
5968,1
5971,1
5980,1
5984,1
5990,1
5993,3
5994,4
6000,4
6003,1
6006,5
6007,1
6010,2
6013,1
6016,1
6019,3
6023,1
6029,1
6032,4
6035,2
6038,5
6041,2
6042,1
6045,3
6051,7
6052,1
6055,1
6057,3
6058,3
6060,1
6061,4
6064,8
6067,1
6070,3
6074,1
6076,1
6077,3
6080,3
6083,2
6084,1
6089,1
6090,2
6092,3
6093,1
6096,9
6100,2
6102,3
6103,4
6106,2
6108,2
6109,3
6112,3
6115,4
6116,1
6118,1
6121,1
6122,3
6125,8
6128,14
6131,1
6134,12
6135,1
6137,3
6138,5
6140,1
6141,22
6144,9
6147,24
6148,7
6150,5
6151,2
6153,17
6154,26
6156,4
6157,11
6160,46
6163,20
6164,7
6166,41
6167,37
6169,15
6170,14
6172,22
6173,79
6176,43
6179,102
6180,20
6182,30
6183,18
6185,75
6186,90
6188,11
6189,54
6192,203
6195,63
6196,17
6198,154
6199,113
6201,31
6202,48
6204,61
6205,252
6208,115
6211,289
6212,84
6214,92
6215,53
6217,176
6218,241
6220,27
6221,123
6224,499
6227,127
6228,30
6230,317
6231,228
6233,77
6234,101
6236,125
6237,465
6240,193
6243,511
6244,131
6246,151
6247,100
6249,279
6250,452
6252,48
6253,204
6256,745
6259,202
6260,60
6262,448
6263,299
6265,99
6266,163
6268,158
6269,651
6272,284
6275,646
6276,157
6278,163
6279,96
6281,327
6282,465
6284,48
6285,218
6288,800
6291,237
6292,64
6294,512
6295,310
6297,113
6298,170
6300,191
6301,609
6304,275
6307,616
6308,174
6310,174
6311,102
6313,296
6314,452
6316,60
6317,232
6320,765
6323,210
6324,40
6326,438
6327,287
6329,92
6330,161
6332,140
6333,590
6336,242
6339,498
6340,152
6342,132
6343,83
6345,271
6346,414
6348,44
6349,153
6352,642
6355,163
6356,33
6358,328
6359,241
6361,70
6362,107
6364,89
6365,429
6368,172
6371,351
6372,98
6374,97
6375,68
6377,187
6378,256
6380,28
6381,116
6384,426
6387,120
6388,28
6390,217
6391,153
6393,48
6394,84
6396,59
6397,260
6400,113
6403,255
6404,64
6406,57
6407,55
6409,110
6410,175
6412,19
6413,72
6416,280
6419,74
6420,16
6422,140
6423,116
6425,38
6426,51
6428,41
6429,198
6432,77
6435,162
6436,44
6438,52
6439,23
6441,75
6442,115
6444,13
6445,60
6448,197
6451,56
6452,15
6454,123
6455,79
6457,26
6458,40
6460,32
6461,147
6464,66
6467,135
6468,34
6470,37
6471,24
6473,68
6474,120
6476,11
6477,42
6480,178
6483,41
6484,10
6486,95
6487,71
6489,17
6490,40
6492,38
6493,139
6496,54
6499,140
6500,33
6502,39
6503,29
6505,80
6506,120
6508,20
6509,46
6512,167
6515,50
6516,20
6518,136
6519,79
6521,37
6522,49
6524,55
6525,162
6528,65
6531,188
6532,50
6534,49
6535,39
6537,80
6538,123
6540,18
6541,64
6544,245
6547,62
6548,9
6550,138
6551,77
6553,41
6554,54
6556,45
6557,195
6560,79
6563,202
6564,41
6566,42
6567,31
6569,84
6570,135
6572,13
6573,77
6576,227
6579,60
6580,17
6582,142
6583,87
6585,21
6586,46
6588,51
6589,164
6592,89
6595,183
6596,39
6598,42
6599,30
6601,95
6602,145
6604,13
6605,61
6608,228
6611,50
6612,21
6614,136
6615,74
6617,24
6618,36
6620,40
6621,167
6624,79
6627,144
6628,28
6630,40
6631,22
6633,68
6634,98
6636,9
6637,59
6640,172
6643,51
6644,11
6646,94
6647,60
6649,25
6650,32
6652,31
6653,134
6656,61
6659,127
6660,27
6662,21
6663,24
6665,78
6666,90
6668,7
6669,46
6672,145
6675,45
6676,7
6678,77
6679,45
6681,18
6682,29
6684,35
6685,121
6688,48
6691,111
6692,41
6694,31
6695,21
6697,64
6698,73
6700,4
6701,44
6704,148
6707,37
6708,9
6710,72
6711,60
6713,12
6714,20
6716,30
6717,96
6720,50
6723,111
6724,26
6726,27
6727,15
6729,53
6730,71
6732,10
6733,36
6736,125
6739,33
6740,5
6742,81
6743,58
6745,13
6746,19
6748,30
6749,105
6752,50
6755,94
6756,30
6758,32
6759,24
6761,55
6762,65
6764,9
6765,35
6768,143
6771,34
6772,10
6774,78
6775,41
6777,20
6778,30
6780,21
6781,112
6784,43
6787,90
6788,19
6790,37
6791,22
6793,45
6794,72
6796,6
6797,39
6800,117
6803,34
6804,6
6806,78
6807,51
6809,19
6810,30
6812,31
6813,88
6816,41
6819,117
6820,23
6822,27
6823,17
6825,49
6826,72
6828,4
6829,29
6832,126
6835,29
6836,9
6838,86
6839,53
6841,22
6842,22
6844,31
6845,95
6848,48
6851,91
6852,24
6854,27
6855,12
6857,56
6858,65
6860,9
6861,33
6864,116
6867,27
6868,7
6870,61
6871,32
6873,18
6874,21
6876,14
6877,75
6880,35
6883,95
6884,17
6886,23
6887,17
6889,40
6890,56
6892,7
6893,28
6896,106
6899,32
6900,7
6902,60
6903,26
6905,12
6906,18
6908,21
6909,72
6912,33
6915,80
6916,22
6918,18
6919,16
6921,47
6922,55
6924,14
6925,28
6928,88
6931,31
6932,3
6934,53
6935,40
6937,16
6938,13
6940,21
6941,75
6944,38
6947,77
6948,20
6950,25
6951,14
6953,32
6954,52
6956,8
6957,29
6960,126
6963,26
6964,12
6966,59
6967,44
6969,11
6970,19
6972,28
6973,96
6976,40
6979,83
6980,15
6982,33
6983,10
6985,51
6986,64
6988,14
6989,28
6992,110
6995,35
6996,5
6998,81
6999,42
7001,24
7002,28
7004,18
7005,83
7008,39
7011,100
7012,25
7014,31
7015,18
7017,56
7018,92
7020,9
7021,26
7024,113
7027,36
7028,10
7030,71
7031,54
7033,25
7034,26
7036,32
7037,120
7040,45
7043,111
7044,26
7046,32
7047,21
7049,56
7050,89
7052,6
7053,52
7056,138
7059,30
7060,12
7062,108
7063,50
7065,19
7066,36
7068,29
7069,112
7072,47
7075,110
7076,33
7078,28
7079,25
7081,59
7082,72
7084,12
7085,55
7088,148
7091,28
7092,10
7094,80
7095,54
7097,27
7098,33
7100,34
7101,119
7104,48
7107,121
7108,28
7110,28
7111,21
7113,53
7114,99
7116,10
7117,32
7120,137
7123,42
7124,8
7126,77
7127,48
7129,16
7130,31
7132,34
7133,99
7136,70
7139,109
7140,23
7142,19
7143,26
7145,53
7146,89
7148,7
7149,47
7152,150
7155,35
7156,11
7158,75
7159,58
7161,19
7162,28
7164,33
7165,109
7168,59
7171,110
7172,28
7174,34
7175,19
7177,55
7178,87
7180,7
7181,35
7184,132
7187,44
7188,6
7190,76
7191,53
7193,18
7194,28
7196,31
7197,103
7200,44
7203,95
7204,19
7206,24
7207,18
7209,55
7210,83
7212,9
7213,30
7216,134
7219,46
7220,16
7222,70
7223,64
7225,18
7226,27
7228,26
7229,110
7232,41
7235,103
7236,26
7238,30
7239,25
7241,51
7242,86
7244,13
7245,35
7248,146
7251,29
7252,15
7254,70
7255,54
7257,20
7258,33
7260,26
7261,98
7264,34
7267,121
7268,28
7270,31
7271,21
7273,55
7274,71
7276,12
7277,44
7280,146
7283,43
7284,6
7286,68
7287,37
7289,19
7290,26
7292,35
7293,103
7296,45
7299,102
7300,26
7302,29
7303,15
7305,50
7306,88
7308,12
7309,31
7312,117
7315,30
7316,11
7318,67
7319,53
7321,12
7322,35
7324,22
7325,108
7328,39
7331,106
7332,16
7334,16
7335,15
7337,51
7338,71
7340,10
7341,30
7344,136
7347,28
7348,8
7350,62
7351,44
7353,14
7354,16
7356,18
7357,77
7360,40
7363,81
7364,19
7366,18
7367,12
7369,34
7370,67
7372,2
7373,16
7376,92
7379,34
7380,6
7382,62
7383,29
7385,20
7386,19
7388,13
7389,84
7392,30
7395,67
7396,19
7398,20
7399,12
7401,35
7402,53
7404,5
7405,26
7408,87
7411,27
7412,3
7414,52
7415,30
7417,12
7418,17
7420,29
7421,57
7424,30
7427,64
7428,13
7430,12
7431,6
7433,36
7434,46
7436,4
7437,28
7440,53
7443,17
7444,7
7446,45
7447,34
7449,13
7450,20
7452,11
7453,48
7456,19
7459,67
7460,19
7462,11
7463,7
7465,29
7466,42
7468,1
7469,14
7472,63
7475,17
7476,5
7478,34
7479,25
7481,9
7482,13
7484,18
7485,51
7488,21
7491,36
7492,12
7494,9
7495,8
7497,25
7498,38
7500,1
7501,19
7504,65
7507,17
7508,2
7510,26
7511,22
7513,6
7514,9
7516,13
7517,45
7520,17
7523,46
7524,14
7526,14
7527,8
7529,18
7530,47
7532,6
7533,17
7536,43
7539,16
7540,5
7542,22
7543,24
7545,5
7546,10
7548,8
7549,36
7552,18
7555,36
7556,6
7558,13
7559,3
7561,19
7562,26
7564,2
7565,13
7568,48
7571,10
7574,22
7575,19
7577,6
7578,13
7580,6
7581,29
7584,10
7587,29
7588,5
7590,10
7591,7
7593,17
7594,28
7597,11
7600,38
7603,10
7604,4
7606,16
7607,14
7609,5
7610,4
7612,11
7613,35
7616,11
7619,32
7620,6
7622,6
7623,3
7625,11
7626,30
7628,2
7629,7
7632,24
7635,7
7636,3
7638,15
7639,18
7641,3
7642,5
7644,4
7645,25
7648,9
7651,28
7652,6
7654,8
7655,1
7657,13
7658,16
7661,9
7664,22
7667,3
7668,2
7670,13
7671,12
7673,2
7674,3
7676,3
7677,12
7680,13
7683,17
7684,5
7686,1
7687,4
7689,7
7690,7
7692,2
7693,9
7696,14
7699,4
7700,1
7702,14
7703,6
7705,3
7706,4
7708,4
7709,17
7712,11
7715,14
7716,3
7718,7
7719,3
7721,3
7722,16
7725,5
7728,14
7731,3
7732,1
7734,10
7735,8
7737,2
7738,1
7740,1
7741,19
7744,4
7747,10
7748,2
7750,3
7751,5
7753,2
7754,7
7757,4
7760,8
7763,7
7764,1
7766,13
7767,1
7769,1
7770,2
7772,2
7773,9
7776,2
7779,9
7780,2
7782,4
7783,1
7785,1
7786,4
7789,2
7792,13
7795,3
7796,3
7798,5
7799,2
7801,1
7802,1
7804,3
7805,12
7808,2
7811,6
7812,2
7814,2
7815,1
7817,2
7818,4
7820,1
7821,1
7824,10
7827,3
7828,1
7830,5
7831,1
7833,1
7834,1
7836,3
7837,7
7840,2
7843,3
7844,2
7846,1
7847,2
7849,4
7850,8
7856,5
7859,1
7860,1
7862,4
7863,2
7866,1
7868,2
7869,5
7872,1
7875,7
7876,3
7878,2
7879,1
7881,4
7882,3
7884,1
7885,2
7888,8
7891,2
7892,1
7894,1
7895,2
7897,2
7898,1
7900,1
7901,6
7904,2
7907,3
7910,1
7911,2
7913,3
7914,2
7917,1
7920,5
7923,1
7926,3
7927,2
7930,1
7933,8
7936,1
7939,3
7940,1
7942,2
7946,4
7949,2
7952,5
7955,1
7958,2
7959,2
7962,2
7964,1
7965,6
7968,1
7971,1
7972,2
7977,3
7978,3
7981,2
7984,7
7987,1
7988,1
7990,6
7991,3
7994,1
7997,1
8000,1
8003,4
8004,4
8006,1
8007,1
8010,4
8013,2
8016,5
8019,1
8022,3
8023,2
8025,1
8026,1
8028,2
8029,1
8032,2
8038,2
8039,1
8041,1
8042,1
8044,1
8045,2
8048,6
8051,2
8054,3
8055,2
8057,2
8060,1
8061,3
8064,2
8067,6
8068,1
8071,1
8074,2
8077,1
8080,5
8083,1
8086,2
8087,2
8090,1
8093,5
8096,3
8099,2
8100,2
8102,1
8106,2
8108,1
8112,2
8115,1
8118,3
8119,1
8122,1
8124,1
8128,2
8131,2
8134,2
8137,2
8138,1
8144,4
8150,2
8151,1
8153,2
8156,1
8157,4
8163,1
8166,2
8169,1
8170,2
8173,1
8176,3
8179,1
8180,1
8182,2
8183,1
8189,1
8195,2
8199,1
8202,1
8205,1
8208,3
8221,2
8224,1
8227,1
8231,1
8233,1
8234,2
8236,2
8240,4
8243,1
8246,5
8252,1
8253,3
8256,2
8259,3
8262,1
8265,3
8266,1
8268,1
8272,3
8284,1
8285,1
8291,3
8295,1
8297,1
8298,3
8301,3
8304,4
8307,1
8310,3
8311,4
8313,2
8314,2
8316,1
8317,5
8320,4
8323,4
8329,1
8330,5
8333,3
8336,4
8342,6
8343,1
8348,1
8349,9
8352,3
8355,7
8358,1
8361,2
8362,2
8365,1
8368,9
8371,1
8374,3
8375,2
8378,3
8381,4
8384,1
8387,7
8388,1
8390,1
8391,1
8393,2
8394,3
8397,1
8400,9
8403,3
8404,1
8406,3
8407,1
8409,2
8410,1
8412,2
8413,8
8416,4
8419,11
8420,2
8422,3
8423,2
8425,1
8426,8
8429,3
8432,7
8435,1
8436,1
8438,7
8439,1
8441,1
8442,2
8444,1
8445,3
8448,3
8451,4
8452,6
8454,3
8455,1
8457,3
8458,4
8460,1
8461,2
8464,9
8467,8
8468,1
8470,5
8471,3
8474,1
8476,3
8477,3
8480,5
8483,7
8486,1
8487,1
8489,1
8490,3
8492,3
8493,4
8496,7
8499,2
8503,1
8506,4
8508,1
8509,4
8512,2
8515,4
8521,3
8522,6
8525,2
8528,8
8531,2
8532,1
8534,4
8535,2
8537,2
8538,4
8541,10
8544,1
8547,1
8548,1
8550,1
8551,1
8553,7
8554,2
8560,2
8563,1
8566,3
8567,1
8569,1
8570,2
8573,3
8576,2
8579,1
8582,2
8585,4
8586,2
8588,1
8589,2
8592,4
8595,1
8596,1
8598,4
8599,1
8601,1
8602,2
8605,5
8608,2
8611,6
8612,2
8614,1
8615,2
8617,3
8618,2
8624,2
8627,1
8630,6
8631,1
8636,2
8637,1
8640,2
8643,3
8644,1
8646,1
8649,2
8650,2
8652,1
8653,3
8656,3
8659,1
8660,2
8662,5
8663,1
8665,1
8669,2
8675,3
8676,1
8678,1
8679,2
8681,1
8685,1
8688,4
8691,1
8694,2
8695,3
8700,2
8701,4
8704,1
8707,6
8708,1
8710,1
8711,1
8713,1
8714,1
8717,1
8720,7
8726,3
8727,4
8730,1
8733,4
8736,1
8745,2
8746,1
8752,1
8762,1
8764,3
8768,1
8772,1
8774,2
8775,1
8777,1
8778,1
8781,2
8784,3
8787,2
8788,1
8790,1
8796,2
8797,3
8803,2
8804,1
8809,3
8810,1
8813,2
8819,1
8823,2
8826,2
8829,1
8832,1
8835,3
8841,1
8842,4
8845,2
8848,1
8851,2
8854,3
8855,1
8860,1
8861,4
8867,3
8868,2
8870,2
8873,5
8874,1
8876,1
8877,1
8880,1
8883,3
8886,1
8887,2
8892,2
8893,2
8896,2
8899,6
8900,1
8902,1
8905,1
8906,3
8909,2
8912,4
8919,2
8921,2
8922,3
8924,1
8925,2
8928,1
8931,4
8932,1
8934,1
8935,1
8937,3
8938,2
8944,3
8948,1
8950,1
8951,1
8954,1
8957,1
8963,3
8966,2
8969,2
8970,4
8972,1
8973,1
8976,2
8979,2
8982,1
8983,2
8985,1
8989,3
8992,1
8995,3
8996,2
8999,1
9002,1
9008,3
9012,1
9014,1
9015,1
9021,1
9028,1
9034,3
9036,1
9037,1
9040,6
9043,1
9046,6
9047,1
9052,2
9053,4
9056,1
9060,1
9063,1
9066,1
9069,1
9072,2
9078,3
9079,1
9082,2
9085,2
9091,5
9094,2
9097,2
9098,1
9101,2
9104,3
9107,2
9110,4
9117,2
9120,1
9123,4
9126,2
9130,3
9133,1
9136,3
9142,1
9146,4
9148,1
9149,1
9152,5
9155,1
9156,2
9158,1
9159,1
9161,1
9162,3
9164,1
9165,1
9168,6
9171,1
9174,4
9177,1
9180,1
9181,2
9184,1
9187,2
9190,2
9200,1
9203,1
9206,1
9207,1
9210,1
9212,1
9213,4
9216,1
9219,3
9222,2
9223,1
9225,1
9226,2
9229,1
9232,3
9238,8
9239,3
9241,1
9244,1
9245,4
9251,3
9255,1
9257,2
9258,1
9264,5
9268,1
9270,3
9276,1
9277,3
9280,2
9283,1
9286,1
9289,3
9290,1
9300,1
9302,5
9303,2
9305,1
9306,1
9308,2
9309,4
9312,2
9315,3
9318,1
9319,1
9321,1
9322,3
9328,2
9332,1
9334,1
9335,4
9338,1
9347,3
9350,1
9351,1
9353,1
9354,7
9356,1
9360,5
9363,1
9366,1
9367,4
9370,2
9372,1
9373,2
9376,3
9379,1
9385,1
9386,1
9392,2
9395,1
9398,1
9399,1
9402,1
9405,2
9411,3
9412,1
9421,3
9424,5
9427,2
9430,2
9431,1
9433,2
9434,1
9436,1
9437,1
9443,2
9444,1
9447,1
9450,2
9456,3
9459,1
9462,1
9463,1
9465,1
9466,1
9469,5
9472,2
9475,6
9479,1
9482,2
9488,4
9492,1
9494,1
9495,2
9497,1
9500,1
9501,6
9504,1
9507,3
9510,1
9511,1
9514,2
9517,2
9520,5
9523,1
9524,1
9526,2
9527,1
9529,1
9530,2
9536,1
9539,4
9542,1
9543,2
9545,2
9546,2
9549,2
9552,4
9558,3
9565,3
9568,3
9571,3
9572,2
9575,1
9577,2
9578,3
9581,1
9584,1
9587,3
9588,1
9590,4
9591,2
9594,1
9597,3
9603,1
9604,1
9606,1
9607,1
9609,1
9610,5
9616,3
9620,2
9622,4
9626,2
9628,1
9629,2
9632,1
9635,1
9638,2
9642,2
9644,2
9645,2
9648,2
9651,1
9654,2
9655,1
9657,1
9658,1
9661,3
9664,2
9667,4
9671,1
9673,2
9677,2
9680,5
9683,1
9686,2
9687,2
9692,1
9693,3
9696,1
9699,3
9702,2
9703,1
9705,1
9706,1
9718,2
9719,1
9724,1
9725,1
9728,1
9731,1
9732,1
9737,2
9738,1
9744,5
9750,3
9753,1
9756,1
9757,2
9763,5
9766,1
9770,6
9776,3
9782,1
9789,1
9792,1
9795,2
9796,1
9801,2
9802,1
9808,6
9812,1
9814,1
9815,1
9818,1
9824,1
9827,3
9828,1
9833,2
9840,3
9846,1
9847,2
9850,2
9852,2
9853,3
9856,2
9862,1
9865,2
9866,2
9869,2
9872,4
9875,1
9876,2
9878,1
9879,2
9881,1
9882,1
9885,5
9888,1
9891,2
9895,1
9904,2
9907,2
9910,1
9911,1
9914,1
9916,2
9917,2
9920,1
9923,1
9924,1
9930,2
9936,1
9940,3
9942,1
9943,2
9949,2
9955,1
9959,1
9961,2
9962,2
9968,2
9971,1
9974,2
9975,2
9978,1
9980,1
9981,6
9990,1
9991,1
9993,2
9994,1
9997,3
10006,1
10007,1
10013,1
10019,2
10020,2
10025,1
10026,3
10029,1
10032,2
10036,1
10038,1
10041,1
10044,2
10045,5
10048,1
10051,2
10054,1
10055,1
10057,3
10058,1
10060,1
10061,1
10064,1
10073,1
10080,1
10083,3
10084,1
10086,2
10089,1
10090,2
10093,1
10099,2
10102,1
10108,1
10112,1
10115,1
10121,2
10128,3
10134,4
10135,2
10137,1
10141,1
10144,2
10154,1
10157,1
10160,3
10163,1
10164,1
10166,1
10167,2
10170,1
10173,1
10179,1
10183,1
10185,1
10192,2
10195,1
10201,1
10205,1
10211,4
10221,1
10224,3
10230,1
10231,2
10234,1
10237,1
10240,1
10243,1
10249,1
10256,2
10260,1
10262,1
10268,2
10269,2
10272,1
10276,1
10278,1
10279,1
10288,1
10291,1
10294,1
10300,2
10301,2
10307,1
10310,1
10313,2
10314,2
10320,3
10323,1
10327,3
10332,1
10336,2
10339,1
10346,1
10352,1
10355,1
10356,1
10358,2
10371,2
10375,1
10384,2
10390,1
10400,1
10403,1
10406,1
10407,1
10413,1
10416,3
10429,1
10438,1
10461,2
10467,1
10473,1
10474,1
10480,1
10493,1
10509,1
10512,1
10521,1
10525,1
10537,1
10547,1
10550,1
10551,1
10553,2
10563,1
10570,2
10573,1
10580,1
10582,1
10586,1
10595,3
10614,1
10615,2
10621,1
10624,3
10627,1
10628,1
10634,1
10640,1
10646,1
10652,1
10653,1
10656,1
10662,1
10666,1
10669,1
10672,1
10678,1
10688,1
10691,3
10698,1
10708,1
10710,1
10711,1
10717,2
10723,1
10727,1
10730,1
10739,1
10749,1
10755,2
10762,1
10774,1
10775,1
10781,2
10787,2
10790,1
10793,1
10797,1
10803,1
10819,1
10820,1
10832,1
10838,1
10841,1
10844,1
10851,2
10854,1
10857,1
10864,2
10871,1
10880,1
10883,1
10887,1
10890,1
10896,2
10899,1
10900,1
10902,1
10912,1
10915,1
10918,1
10921,1
10922,1
10928,2
10934,2
10944,1
10947,2
10950,1
10953,2
10954,2
10957,1
10960,1
10966,1
10979,1
10982,1
10985,2
10989,1
11005,1
11008,1
11037,1
11049,2
11050,1
11062,1
11063,1
11069,2
11081,1
11082,2
11091,1
11094,1
11107,1
11108,1
11111,1
11114,1
11120,1
11123,1
11127,1
11132,1
11145,1
11146,2
11152,1
11155,1
11159,1
11165,2
11172,1
11175,1
11177,2
11178,1
11184,2
11196,1
11197,2
11203,1
11206,1
11212,1
11222,1
11229,1
11235,1
11242,1
11248,1
11254,1
11260,1
11270,1
11273,1
11274,2
11286,1
11287,1
11289,1
11292,2
11293,1
11296,1
11299,1
11312,1
11318,1
11328,1
11337,2
11341,1
11344,2
11351,2
11360,1
11367,1
11369,1
11370,1
11376,1
11383,2
11385,1
11389,2
11395,1
11405,1
11411,1
11415,2
11418,1
11427,2
11434,1
11443,2
11446,1
11452,1
11453,2
11460,1
11462,1
11463,1
11472,2
11479,1
11485,1
11495,1
11497,1
11498,1
11504,1
11511,1
11517,1
11523,1
11530,2
11532,1
11533,1
11536,2
11539,1
11549,2
11555,5
11561,1
11562,1
11568,2
11581,1
11584,1
11587,1
11596,1
11600,3
11603,1
11607,1
11613,2
11619,1
11626,1
11639,1
11642,1
11645,3
11651,1
11654,1
11658,2
11664,3
11667,3
11670,2
11674,1
11683,1
11684,1
11689,1
11690,6
11696,1
11702,2
11703,1
11708,1
11709,4
11715,1
11718,1
11725,1
11728,1
11735,1
11738,1
11741,2
11744,2
11747,1
11748,1
11753,1
11754,1
11760,1
11766,1
11769,1
11770,3
11773,2
11776,3
11785,1
11786,1
11792,2
11798,2
11799,1
11804,1
11805,3
11811,2
11812,1
11818,2
11824,2
11830,4
11834,2
11837,1
11840,2
11849,1
11853,3
11856,3
11862,1
11869,1
11872,2
11875,3
11882,1
11888,3
11898,1
11901,1
11907,2
11914,1
11916,2
11917,1
11920,3
11923,2
11926,1
11933,2
11939,1
11946,2
11949,2
11952,1
11955,1
11959,1
11965,1
11971,1
11975,1
11977,3
11978,2
11980,1
11984,2
11994,1
11996,1
11997,3
12003,1
12006,1
12007,1
12010,3
12016,2
12029,1
12035,2
12039,1
12042,2
12045,1
12048,1
12055,1
12057,1
12060,1
12067,1
12074,1
12086,4
12092,2
12099,1
12105,1
12112,1
12115,1
12118,1
12122,1
12124,1
12131,1
12134,1
12135,1
12137,1
12138,1
12141,1
12147,1
12150,2
12151,1
12170,2
12176,1
12189,4
12192,1
12195,1
12198,1
12201,1
12208,2
12214,2
12217,1
12218,1
12220,1
12227,2
12234,2
12240,2
12243,1
12246,2
12252,1
12253,1
12256,1
12262,1
12265,1
12266,1
12275,2
12285,1
12291,1
12310,1
12317,2
12320,2
12324,1
12333,1
12336,1
12342,1
12345,1
12349,2
12355,2
12356,1
12359,1
12371,1
12380,2
12387,1
12406,1
12407,2
12413,1
12419,1
12426,1
12442,1
12445,4
12448,1
12458,1
12460,1
12464,1
12477,1
12483,2
12487,1
12489,1
12496,1
12502,1
12509,1
12528,2
12544,1
12547,1
12560,1
12564,1
12579,3
12580,1
12585,1
12604,1
12608,1
12624,1
12640,1
12643,1
12656,1
12669,1
12707,1
12720,2
12727,1
12732,1
12740,2
12765,2
12777,1
12797,2
12812,1
12816,1
12823,1
12848,1
12867,1
12870,1
12873,1
12918,1
12924,1
12944,1
12951,1
12957,1
13001,3
13024,1
13027,2
13033,1
13040,1
13065,1
13072,1
13111,1
13116,1
13130,1
13136,2
13178,1
13187,1
13213,1
13228,1
13238,1
13258,1
13289,1
13299,1
13309,1
13322,1
13331,1
13334,1
13373,1
13437,1
13447,1
13574,1
13577,1
13578,1
13623,1
13770,1
14007,1
14051,1
14090,1
14141,1
14192,1
14211,1
14224,1
14294,1
14365,1
14454,1
14806,1
14807,1
14864,1
15043,1
15139,1
15261,1
15331,1
16227,1
17641,1
613443,1
