# Samples: 41582, Average: 81561.7 ns, StdDev: 250413.8 ns, Quartiles: 55133.0/58589.0/62343.0 ns
39712,1
42246,1
43287,1
43603,1
43750,1
43770,1
43840,1
43907,1
44032,1
44164,1
44198,1
44275,1
44323,1
44336,1
44586,1
44602,1
44692,1
44697,1
44720,1
44745,1
44775,1
44851,1
44874,1
44934,1
44950,1
44960,1
45027,1
45037,1
45079,1
45164,1
45210,1
45273,1
45290,1
45385,1
45424,1
45479,2
45526,1
45539,1
45558,1
45597,1
45645,1
45670,1
45709,1
45751,1
45757,1
45786,1
45792,1
45799,1
45913,1
45920,1
45943,1
45945,1
45961,2
45962,1
45978,1
46000,1
46010,1
46026,1
46029,1
46048,1
46067,1
46073,1
46087,1
46096,1
46102,1
46106,1
46115,1
46128,1
46173,1
46182,1
46188,2
46202,1
46237,1
46266,1
46275,1
46288,1
46307,1
46314,1
46358,1
46362,1
46368,1
46391,1
46409,1
46413,2
46470,1
46490,1
46496,1
46499,1
46500,1
46512,1
46518,1
46528,1
46557,1
46560,1
46589,1
46631,1
46640,2
46650,2
46656,1
46663,1
46679,1
46688,1
46704,1
46707,1
46713,1
46727,1
46732,1
46739,1
46775,1
46784,2
46797,3
46803,1
46806,1
46816,1
46823,1
46829,1
46848,1
46854,1
46870,1
46883,1
46896,1
46915,1
46957,1
46963,2
46979,1
46982,1
46983,1
47008,1
47040,1
47043,1
47044,1
47047,1
47053,1
47072,1
47075,1
47079,1
47082,1
47088,2
47098,1
47107,1
47130,1
47168,1
47200,1
47203,1
47213,1
47229,1
47238,1
47244,1
47245,2
47258,1
47267,1
47283,2
47296,1
47302,1
47318,1
47321,1
47322,1
47328,1
47331,1
47338,1
47341,1
47351,1
47370,1
47379,1
47386,1
47392,1
47398,1
47414,1
47417,1
47436,2
47443,1
47452,1
47453,2
47456,1
47495,1
47510,1
47533,1
47549,1
47552,1
47555,1
47558,1
47565,1
47571,1
47572,1
47584,1
47590,1
47597,1
47603,1
47610,1
47613,1
47619,1
47620,1
47622,1
47625,1
47629,1
47632,1
47641,1
47648,6
47651,1
47655,1
47661,2
47664,1
47677,1
47680,1
47686,1
47689,2
47690,1
47696,1
47715,1
47718,2
47725,1
47731,1
47734,1
47738,1
47741,1
47744,2
47750,1
47754,1
47757,2
47776,4
47782,1
47783,1
47792,2
47795,1
47801,1
47811,1
47815,1
47821,2
47846,1
47850,1
47853,1
47856,1
47859,1
47863,2
47868,1
47879,1
47881,1
47884,1
47885,1
47888,1
47891,1
47897,1
47901,2
47904,1
47911,1
47917,2
47920,2
47924,2
47930,2
47949,1
47952,1
47962,1
47968,1
47971,1
47978,1
47984,1
47988,1
47990,1
47994,1
47997,1
48003,1
48010,1
48013,2
48023,1
48025,1
48026,1
48029,1
48032,1
48042,1
48045,2
48048,2
48055,1
48058,1
48061,1
48067,1
48083,1
48090,1
48096,2
48103,1
48106,1
48109,2
48121,1
48134,1
48141,1
48144,1
48153,1
48157,1
48160,1
48163,1
48166,3
48167,1
48176,1
48179,1
48185,1
48186,1
48192,1
48195,1
48198,1
48201,3
48204,1
48208,1
48211,1
48218,1
48227,1
48230,1
48231,2
48237,1
48240,1
48243,1
48246,1
48249,1
48253,1
48259,2
48268,1
48269,1
48272,2
48275,2
48276,2
48281,1
48297,1
48301,3
48310,4
48314,1
48317,1
48323,1
48326,1
48327,2
48339,2
48346,3
48348,1
48355,1
48371,2
48374,1
48378,1
48384,1
48387,1
48390,1
48394,1
48396,1
48400,1
48407,1
48409,2
48410,2
48422,3
48428,1
48435,2
48436,1
48442,1
48445,1
48448,2
48451,1
48454,4
48458,1
48460,1
48461,2
48467,2
48477,1
48480,2
48484,1
48486,2
48487,1
48489,1
48490,2
48493,2
48496,1
48500,1
48509,1
48512,1
48525,1
48531,3
48534,2
48537,2
48538,1
48541,1
48544,2
48553,1
48557,1
48560,1
48563,4
48567,1
48570,1
48576,3
48579,1
48582,1
48586,1
48601,1
48602,1
48604,1
48608,1
48611,1
48620,1
48621,2
48630,1
48631,1
48637,1
48640,3
48644,1
48650,1
48652,2
48653,1
48663,1
48665,3
48666,1
48669,2
48672,1
48679,1
48682,1
48684,2
48685,4
48692,1
48697,2
48698,1
48701,1
48704,2
48710,1
48713,1
48714,1
48717,1
48720,1
48723,2
48727,2
48729,1
48730,1
48733,2
48736,3
48743,1
48749,3
48752,3
48755,1
48761,1
48762,1
48765,1
48768,1
48771,1
48772,1
48775,1
48777,1
48778,1
48781,4
48784,2
48787,1
48788,1
48793,2
48794,2
48797,1
48800,3
48803,1
48806,1
48810,3
48813,1
48819,2
48825,1
48826,1
48829,1
48835,1
48836,1
48842,1
48845,3
48857,1
48858,1
48864,2
48867,1
48870,1
48880,2
48883,1
48887,1
48890,1
48896,4
48902,1
48906,3
48908,1
48909,1
48912,2
48915,1
48925,1
48944,1
48947,2
48953,2
48956,1
48957,1
48960,2
48963,3
48973,2
48976,3
48979,3
48985,2
48986,2
48989,2
48992,2
48998,1
49002,1
49011,3
49018,1
49020,1
49021,2
49024,1
49030,1
49031,1
49036,1
49037,2
49040,3
49043,1
49050,1
49053,2
49056,2
49059,1
49060,1
49062,2
49066,1
49069,1
49072,1
49075,2
49078,1
49081,1
49082,1
49084,1
49085,3
49088,4
49101,3
49104,3
49107,1
49114,2
49120,2
49123,1
49126,1
49127,3
49133,2
49136,3
49139,1
49145,2
49149,1
49152,3
49158,1
49159,2
49161,1
49162,3
49171,3
49175,1
49177,1
49178,2
49181,1
49184,2
49187,2
49188,1
49190,1
49191,2
49194,2
49196,1
49197,2
49200,2
49203,2
49204,1
49210,2
49216,1
49219,1
49222,1
49232,1
49235,4
49239,1
49248,3
49252,1
49254,2
49255,2
49258,1
49260,2
49261,1
49264,1
49267,1
49274,5
49276,1
49277,2
49283,2
49286,3
49293,2
49296,1
49299,2
49303,2
49305,1
49306,1
49309,2
49312,1
49318,1
49324,2
49325,2
49331,2
49332,1
49337,1
49338,1
49341,2
49344,2
49347,1
49350,1
49351,1
49354,1
49357,4
49363,3
49364,1
49370,1
49373,2
49376,2
49379,2
49382,2
49385,1
49389,1
49392,1
49399,2
49401,2
49402,2
49405,1
49408,2
49411,1
49420,2
49427,3
49428,2
49430,2
49431,1
49434,3
49437,1
49440,1
49443,3
49446,1
49452,1
49453,3
49456,1
49459,1
49462,2
49463,3
49466,2
49469,1
49472,2
49475,1
49478,1
49479,2
49484,2
49485,3
49488,3
49491,2
49492,1
49494,2
49497,1
49498,4
49501,2
49504,5
49510,2
49511,1
49514,1
49520,1
49523,3
49524,1
49526,3
49529,2
49530,2
49533,2
49536,3
49542,1
49543,1
49548,1
49549,1
49552,1
49555,2
49561,1
49565,4
49571,1
49572,1
49575,2
49578,1
49581,4
49584,1
49587,4
49588,1
49590,2
49591,2
49594,2
49596,1
49597,1
49600,2
49603,2
49606,3
49609,1
49612,1
49613,1
49616,1
49619,1
49620,1
49622,1
49623,1
49629,1
49632,2
49635,1
49638,1
49639,1
49641,1
49642,1
49645,3
49648,1
49651,4
49652,1
49654,2
49655,1
49657,2
49660,1
49664,6
49674,1
49677,3
49680,6
49683,2
49690,2
49692,1
49693,1
49696,1
49699,3
49700,1
49702,2
49703,3
49708,1
49709,4
49712,1
49715,2
49718,1
49719,3
49721,1
49722,6
49725,1
49728,2
49731,1
49734,2
49735,1
49738,1
49741,1
49750,2
49751,1
49753,1
49754,1
49757,2
49760,3
49763,2
49764,1
49766,1
49767,2
49769,2
49770,1
49773,2
49776,1
49779,3
49782,2
49783,1
49785,3
49789,2
49792,4
49795,1
49799,1
49801,2
49805,1
49811,1
49812,1
49814,1
49815,1
49817,1
49818,1
49821,1
49824,1
49828,1
49830,1
49834,2
49837,1
49840,2
49843,1
49844,2
49847,1
49849,1
49850,4
49853,1
49856,3
49859,1
49860,2
49862,1
49863,2
49868,1
49869,2
49872,2
49875,1
49878,1
49881,2
49884,1
49885,4
49888,3
49891,2
49894,2
49895,1
49897,1
49898,2
49901,1
49907,2
49910,1
49911,2
49913,2
49914,4
49917,1
49920,6
49923,1
49926,1
49927,1
49929,1
49933,5
49936,1
49939,2
49942,3
49943,1
49946,3
49948,2
49952,4
49955,3
49958,1
49959,1
49961,1
49964,1
49965,4
49971,2
49974,1
49977,1
49978,2
49981,1
49984,2
49993,2
49996,2
49997,1
50000,1
50003,4
50004,1
50006,1
50009,2
50013,1
50016,3
50019,1
50020,1
50022,2
50023,1
50025,1
50026,1
50028,2
50029,4
50032,1
50035,6
50036,2
50041,2
50042,1
50044,1
50048,4
50052,1
50054,3
50055,1
50057,1
50058,1
50061,4
50064,2
50067,1
50070,1
50071,1
50073,4
50074,1
50080,2
50083,3
50086,3
50087,1
50090,1
50092,1
50093,3
50096,2
50099,5
50100,1
50103,1
50106,1
50109,2
50112,1
50115,1
50116,1
50121,1
50122,1
50124,2
50125,1
50131,8
50134,1
50137,2
50140,1
50141,2
50150,4
50151,1
50153,3
50154,1
50157,2
50160,2
50163,2
50164,1
50170,1
50173,1
50176,2
50180,1
50182,2
50185,1
50186,3
50189,4
50192,1
50199,2
50201,3
50202,1
50205,2
50208,3
50211,1
50214,4
50215,3
50218,3
50221,4
50224,3
50227,2
50231,2
50233,2
50234,3
50240,4
50243,2
50246,1
50247,2
50249,2
50250,1
50252,1
50253,3
50259,3
50262,1
50266,4
50269,3
50272,4
50275,1
50278,2
50281,1
50282,2
50284,1
50285,3
50288,3
50291,3
50295,1
50297,1
50298,2
50301,1
50304,3
50307,1
50310,1
50311,1
50317,7
50320,3
50323,3
50326,2
50327,3
50329,1
50330,1
50332,3
50333,3
50336,7
50339,2
50342,6
50343,1
50345,1
50346,1
50349,3
50352,1
50355,2
50356,1
50359,1
50361,2
50362,2
50368,2
50371,1
50374,6
50375,2
50377,1
50380,3
50381,1
50384,1
50387,4
50390,1
50393,1
50397,1
50400,4
50403,1
50404,1
50406,3
50407,1
50410,3
50413,2
50416,2
50419,5
50420,2
50422,1
50425,1
50426,1
50432,7
50435,1
50438,2
50439,2
50441,1
50442,1
50444,1
50445,3
50448,4
50451,3
50452,1
50454,3
50455,1
50458,2
50461,2
50464,4
50470,4
50471,4
50473,2
50474,1
50477,2
50480,1
50483,1
50486,2
50487,2
50489,1
50490,5
50492,2
50493,2
50496,6
50499,1
50502,6
50503,1
50506,3
50509,4
50512,2
50515,2
50516,2
50518,2
50519,1
50521,2
50522,1
50525,3
50528,3
50531,1
50532,1
50534,3
50535,1
50537,1
50538,2
50540,1
50541,4
50544,2
50547,3
50548,2
50550,4
50551,1
50553,3
50554,2
50560,5
50563,2
50566,3
50567,1
50570,1
50573,2
50576,1
50579,3
50585,4
50586,1
50589,1
50592,1
50596,1
50598,2
50599,4
50601,1
50602,2
50604,1
50605,5
50608,2
50611,3
50614,1
50615,2
50617,2
50618,4
50624,6
50627,3
50630,2
50631,1
50633,2
50637,4
50643,2
50646,4
50649,1
50656,6
50659,1
50662,2
50663,1
50665,1
50666,2
50668,2
50669,1
50672,3
50675,3
50676,1
50678,1
50679,1
50681,3
50682,3
50685,2
50688,7
50691,2
50694,4
50697,1
50701,4
50707,3
50708,1
50710,1
50713,2
50714,2
50717,3
50720,7
50723,4
50726,1
50727,4
50730,2
50732,1
50733,4
50736,2
50739,6
50742,1
50746,1
50749,2
50755,2
50756,1
50758,3
50761,1
50762,3
50764,1
50765,5
50768,2
50771,5
50772,1
50775,1
50777,2
50778,7
50781,2
50784,4
50790,3
50793,2
50796,1
50797,6
50800,5
50803,4
50806,1
50807,2
50810,3
50813,3
50816,4
50819,5
50820,1
50822,3
50823,3
50825,1
50826,2
50829,1
50832,4
50835,2
50838,2
50839,1
50841,2
50842,4
50845,3
50848,7
50854,2
50855,1
50857,1
50858,2
50861,6
50864,2
50867,3
50873,2
50874,3
50876,2
50880,6
50883,2
50886,4
50887,2
50889,1
50893,6
50896,2
50899,3
50900,1
50902,1
50903,1
50905,1
50906,3
50908,2
50909,1
50912,5
50915,4
50916,1
50918,2
50922,1
50925,4
50928,2
50931,2
50934,2
50937,2
50938,1
50940,1
50941,4
50944,5
50947,6
50948,1
50950,2
50951,2
50954,3
50956,2
50957,4
50960,5
50963,1
50964,1
50966,3
50967,1
50969,3
50970,1
50972,1
50973,3
50976,2
50979,1
50982,4
50983,1
50985,2
50988,1
50989,3
50992,4
50996,2
50998,1
50999,2
51001,1
51002,2
51008,9
51011,4
51012,1
51014,4
51015,2
51017,2
51020,2
51021,2
51024,2
51027,7
51030,1
51031,1
51033,2
51034,2
51037,4
51040,9
51043,1
51046,1
51047,2
51049,2
51050,3
51052,1
51053,4
51056,6
51059,4
51060,1
51062,1
51065,1
51066,5
51069,3
51072,3
51075,5
51078,3
51079,4
51081,1
51082,3
51084,1
51085,2
51088,4
51091,1
51092,3
51094,2
51097,5
51098,6
51101,4
51104,6
51107,2
51110,4
51116,1
51117,3
51120,2
51123,2
51124,1
51126,1
51129,3
51130,3
51132,1
51133,4
51136,5
51139,4
51140,1
51142,6
51145,2
51146,2
51148,3
51149,3
51152,4
51156,1
51158,2
51162,3
51165,3
51168,4
51171,5
51172,2
51174,4
51175,3
51177,3
51178,2
51180,1
51181,2
51184,3
51187,8
51190,3
51191,3
51193,1
51194,2
51196,1
51197,1
51200,6
51203,1
51204,2
51206,4
51207,1
51209,3
51210,1
51212,1
51213,1
51216,4
51219,6
51222,1
51226,2
51229,4
51232,3
51235,2
51238,1
51239,1
51241,2
51242,2
51244,1
51245,2
51248,4
51251,6
51254,3
51255,4
51257,6
51258,5
51261,4
51264,3
51267,4
51270,2
51271,2
51273,1
51274,3
51276,1
51277,3
51280,2
51283,3
51284,1
51286,3
51287,1
51289,2
51290,2
51292,1
51293,2
51296,3
51300,2
51302,1
51303,2
51305,2
51306,3
51308,1
51309,6
51312,5
51315,1
51318,3
51319,3
51321,2
51322,1
51324,1
51328,6
51332,2
51334,1
51335,2
51340,3
51341,4
51344,1
51347,4
51350,1
51353,3
51354,3
51356,2
51357,5
51360,6
51363,1
51364,1
51366,4
51370,1
51372,1
51373,3
51376,2
51379,3
51380,1
51382,1
51385,2
51386,3
51388,1
51389,3
51392,8
51395,4
51396,1
51398,1
51399,3
51401,1
51402,2
51404,2
51405,5
51408,3
51411,5
51414,4
51415,1
51417,3
51418,4
51421,7
51424,7
51427,1
51430,4
51433,4
51434,1
51437,2
51440,3
51443,7
51444,1
51447,1
51449,4
51450,1
51453,3
51456,6
51459,2
51462,3
51463,1
51465,1
51466,2
51468,1
51469,4
51472,5
51475,2
51478,3
51481,4
51482,3
51484,1
51488,5
51491,2
51494,3
51495,3
51498,4
51500,4
51501,4
51504,2
51507,10
51508,2
51510,2
51511,2
51513,2
51514,7
51520,6
51523,1
51526,5
51527,2
51530,2
51532,2
51533,1
51536,4
51539,2
51540,1
51542,2
51543,1
51545,1
51546,5
51548,1
51549,4
51552,7
51555,3
51556,1
51558,3
51562,6
51565,1
51568,6
51571,6
51572,1
51574,2
51575,3
51577,4
51578,6
51581,2
51584,3
51587,1
51588,1
51590,4
51591,2
51593,1
51594,1
51597,5
51600,1
51603,4
51604,2
51607,1
51609,2
51610,3
51613,5
51616,6
51619,5
51620,1
51622,4
51623,2
51626,1
51628,1
51629,3
51632,2
51635,8
51638,1
51639,3
51641,4
51642,1
51644,1
51645,2
51648,8
51651,2
51652,1
51654,2
51655,3
51658,1
51660,1
51661,11
51664,2
51667,4
51668,1
51670,2
51671,2
51673,2
51674,3
51676,1
51677,4
51680,5
51683,5
51686,5
51687,1
51689,4
51690,1
51693,3
51696,1
51699,3
51700,1
51702,3
51703,1
51705,2
51706,2
51708,1
51709,3
51712,4
51715,3
51718,2
51719,2
51721,4
51722,2
51724,2
51725,2
51728,1
51731,4
51732,2
51734,2
51735,3
51737,5
51738,6
51740,2
51741,3
51744,14
51747,4
51750,5
51751,3
51753,2
51754,1
51756,3
51757,4
51760,7
51763,4
51766,1
51767,3
51769,2
51770,4
51773,3
51776,6
51779,5
51780,1
51782,5
51783,4
51786,2
51788,1
51789,4
51792,7
51795,2
51798,2
51799,2
51801,5
51802,4
51805,3
51808,4
51811,5
51814,7
51815,3
51817,2
51818,1
51820,1
51821,4
51824,4
51827,2
51828,2
51831,1
51833,2
51834,1
51837,5
51840,7
51843,2
51846,6
51847,1
51849,2
51850,2
51852,3
51853,3
51856,2
51859,10
51862,1
51863,1
51865,1
51866,6
51869,4
51872,3
51875,2
51878,8
51879,1
51881,3
51882,6
51884,1
51885,4
51888,1
51891,8
51892,1
51894,3
51895,1
51897,3
51898,6
51900,1
51901,2
51904,10
51907,3
51910,6
51911,4
51913,1
51914,3
51916,2
51917,15
51920,4
51923,6
51926,3
51927,3
51929,6
51930,4
51932,1
51933,3
51936,5
51939,2
51942,4
51943,2
51945,1
51946,1
51949,2
51952,2
51955,5
51958,2
51959,1
51961,1
51962,3
51965,3
51968,5
51971,1
51972,5
51974,4
51975,5
51977,1
51978,4
51981,4
51984,4
51987,5
51990,2
51991,2
51993,3
51994,5
52000,8
52003,3
52004,1
52006,1
52007,4
52010,3
52012,3
52013,7
52016,6
52019,7
52022,1
52023,3
52025,2
52026,1
52029,4
52032,3
52035,2
52038,5
52039,2
52041,3
52042,1
52044,4
52045,2
52048,11
52051,2
52052,1
52055,2
52057,1
52058,1
52060,1
52061,1
52064,6
52067,4
52068,1
52070,4
52071,4
52073,2
52074,3
52076,3
52077,8
52080,2
52083,4
52087,2
52089,5
52090,2
52093,2
52096,13
52099,8
52100,3
52102,3
52103,5
52105,1
52106,2
52108,1
52109,7
52112,4
52115,4
52118,4
52121,3
52122,4
52125,3
52128,7
52131,2
52134,4
52135,2
52137,2
52138,4
52140,2
52141,6
52144,3
52147,6
52148,3
52150,3
52153,2
52154,2
52157,1
52160,6
52163,8
52164,2
52166,4
52167,2
52169,2
52170,5
52172,2
52173,4
52176,1
52179,3
52182,3
52183,1
52185,4
52186,4
52188,2
52189,5
52192,2
52195,5
52198,3
52199,2
52201,1
52202,4
52204,1
52205,6
52208,1
52211,4
52212,1
52214,6
52215,2
52217,2
52218,4
52221,3
52224,5
52227,9
52228,1
52230,5
52231,2
52234,3
52236,2
52237,7
52240,2
52243,5
52244,3
52246,4
52247,1
52249,2
52250,1
52253,1
52256,3
52262,4
52263,2
52265,1
52266,4
52269,8
52272,3
52275,5
52276,1
52278,2
52281,4
52282,3
52285,2
52288,7
52291,5
52292,1
52294,7
52295,2
52297,2
52298,5
52300,2
52301,6
52304,4
52307,6
52308,1
52310,4
52311,2
52313,6
52314,6
52317,6
52320,4
52323,5
52326,5
52327,8
52329,1
52332,1
52333,7
52336,5
52339,7
52340,3
52342,5
52343,5
52345,3
52346,3
52348,1
52349,3
52352,4
52355,1
52358,5
52359,3
52362,5
52365,3
52368,1
52371,7
52374,5
52375,1
52377,1
52378,3
52380,1
52381,2
52384,10
52387,1
52388,1
52390,2
52393,4
52394,5
52396,1
52397,7
52400,5
52403,7
52404,2
52406,2
52407,4
52409,2
52410,3
52412,1
52413,2
52416,8
52419,3
52420,1
52422,4
52423,2
52426,3
52428,1
52429,3
52432,3
52435,7
52436,2
52438,1
52441,3
52442,5
52445,5
52448,12
52451,5
52454,2
52455,7
52457,3
52458,2
52460,1
52461,7
52464,3
52467,4
52468,2
52470,2
52471,2
52473,1
52474,5
52476,1
52477,8
52480,11
52483,2
52486,5
52487,2
52489,1
52490,2
52492,1
52493,4
52496,6
52499,7
52500,1
52502,7
52503,2
52505,3
52506,2
52508,1
52509,2
52512,12
52515,2
52516,1
52518,3
52519,5
52521,1
52522,2
52524,2
52525,8
52528,1
52531,9
52532,1
52534,2
52537,1
52538,7
52541,4
52544,7
52547,5
52550,4
52551,3
52553,1
52556,2
52557,6
52560,1
52563,10
52564,2
52566,2
52567,1
52569,8
52570,4
52573,2
52576,10
52579,3
52580,3
52582,2
52583,1
52585,2
52586,1
52588,2
52589,7
52592,4
52595,4
52596,4
52598,3
52601,3
52602,2
52605,2
52608,3
52611,2
52614,6
52615,4
52617,2
52618,4
52620,1
52621,7
52624,4
52627,3
52628,2
52630,3
52631,1
52633,4
52634,3
52636,1
52637,8
52640,9
52643,3
52646,4
52647,6
52650,5
52652,3
52653,4
52656,5
52659,7
52660,2
52662,3
52663,1
52665,1
52666,1
52669,6
52672,8
52675,6
52676,1
52678,4
52679,5
52681,2
52684,3
52685,9
52688,3
52691,8
52692,1
52694,1
52695,2
52697,9
52698,5
52700,1
52701,7
52704,4
52707,4
52708,1
52710,1
52711,1
52713,1
52714,2
52717,7
52720,4
52723,7
52724,1
52726,4
52729,3
52730,7
52732,2
52733,3
52736,10
52739,5
52740,1
52742,5
52743,4
52745,1
52746,4
52748,3
52749,6
52752,1
52755,8
52756,4
52758,3
52759,3
52761,2
52762,10
52764,1
52765,1
52768,8
52771,4
52772,1
52774,7
52775,4
52777,2
52780,1
52781,6
52784,5
52787,15
52788,3
52790,1
52791,1
52793,4
52794,6
52797,3
52800,9
52803,3
52804,2
52806,4
52807,2
52809,1
52810,4
52812,2
52813,4
52816,7
52819,4
52820,2
52822,3
52823,4
52825,1
52826,6
52829,3
52832,5
52835,4
52836,1
52838,2
52839,3
52842,4
52844,3
52845,8
52848,7
52851,2
52852,2
52854,1
52857,3
52858,6
52860,1
52861,3
52864,5
52867,3
52868,1
52870,1
52871,3
52873,2
52874,1
52876,2
52877,10
52880,2
52883,13
52884,2
52886,4
52889,3
52890,5
52892,1
52893,2
52896,6
52899,1
52902,7
52903,3
52905,1
52906,1
52908,3
52909,8
52912,3
52915,6
52916,1
52918,1
52919,1
52921,5
52922,3
52924,1
52925,4
52928,11
52931,5
52932,1
52934,5
52935,4
52938,3
52940,2
52941,5
52944,5
52947,7
52948,2
52950,3
52951,3
52953,4
52954,8
52957,3
52960,13
52963,1
52966,9
52967,4
52970,4
52972,1
52973,6
52976,3
52979,9
52980,1
52982,1
52983,4
52985,3
52986,2
52988,2
52989,6
52992,13
52995,4
52996,3
52998,4
52999,4
53001,1
53002,2
53004,1
53005,5
53008,5
53011,3
53012,1
53014,2
53015,3
53017,4
53018,6
53020,1
53021,2
53024,13
53027,2
53030,6
53031,1
53033,1
53034,3
53036,1
53037,5
53040,9
53043,5
53044,2
53046,5
53047,2
53049,4
53050,8
53052,1
53053,4
53056,11
53059,10
53060,2
53062,6
53063,2
53066,1
53068,4
53069,4
53072,2
53075,7
53076,3
53078,4
53081,4
53082,2
53084,1
53085,6
53088,10
53091,2
53094,9
53095,4
53098,2
53100,1
53101,6
53104,7
53107,5
53110,1
53111,1
53113,7
53114,6
53116,1
53120,11
53123,6
53126,4
53127,2
53129,1
53130,3
53132,4
53133,5
53136,5
53139,8
53142,2
53143,1
53145,3
53146,9
53148,1
53149,1
53152,11
53155,4
53156,1
53158,6
53159,6
53161,3
53162,1
53165,11
53168,6
53171,5
53172,4
53174,1
53175,2
53177,6
53178,5
53180,1
53181,3
53184,8
53187,7
53190,9
53191,1
53193,4
53194,2
53196,6
53197,5
53200,7
53203,10
53204,1
53206,3
53207,1
53209,1
53210,2
53212,1
53213,2
53216,14
53219,4
53222,10
53223,4
53225,1
53226,4
53228,2
53229,8
53232,3
53235,10
53236,1
53238,3
53239,2
53241,6
53242,5
53244,2
53245,1
53248,11
53251,4
53254,4
53255,5
53257,3
53258,4
53260,3
53261,4
53264,3
53267,7
53268,2
53270,1
53271,2
53273,4
53274,4
53276,1
53277,3
53280,5
53283,5
53284,1
53286,2
53287,1
53289,1
53292,2
53293,6
53296,8
53299,6
53300,2
53302,4
53305,7
53306,3
53309,7
53312,6
53315,4
53316,2
53318,6
53321,1
53322,3
53324,1
53325,12
53328,6
53331,1
53332,1
53334,3
53337,2
53338,5
53341,4
53344,11
53347,7
53350,6
53351,2
53353,1
53354,5
53356,2
53357,12
53360,2
53363,4
53364,1
53366,1
53367,2
53369,8
53370,3
53372,2
53373,4
53376,6
53379,4
53382,1
53383,3
53386,4
53388,3
53389,6
53392,1
53395,14
53396,2
53399,2
53401,6
53402,7
53404,2
53405,2
53408,7
53411,4
53412,1
53414,6
53415,4
53417,2
53420,5
53421,3
53424,4
53427,7
53428,2
53430,3
53431,4
53433,7
53434,7
53437,3
53440,10
53443,2
53446,8
53447,4
53449,1
53450,5
53452,2
53453,10
53456,4
53459,5
53460,2
53462,1
53463,1
53465,3
53466,5
53469,2
53472,4
53475,4
53478,5
53479,5
53481,4
53482,1
53484,5
53485,6
53488,5
53491,8
53492,1
53494,2
53495,2
53497,2
53498,8
53500,1
53501,2
53504,11
53507,4
53510,5
53511,3
53513,5
53514,4
53516,1
53517,13
53520,1
53523,6
53526,4
53527,2
53529,6
53530,4
53533,1
53536,8
53539,2
53540,2
53542,3
53543,3
53545,1
53546,5
53548,4
53549,10
53552,4
53555,9
53556,4
53558,5
53559,2
53562,6
53564,2
53565,4
53568,11
53571,4
53574,11
53575,2
53577,1
53578,2
53580,3
53581,5
53584,5
53587,7
53588,1
53590,5
53591,1
53593,3
53594,8
53596,1
53597,6
53600,13
53603,6
53604,1
53606,3
53607,3
53609,1
53610,3
53612,3
53613,4
53616,3
53619,10
53620,2
53622,2
53623,3
53625,3
53626,6
53628,1
53629,6
53632,9
53638,2
53639,3
53642,5
53644,3
53645,4
53648,2
53651,11
53652,2
53654,5
53655,3
53657,3
53658,5
53660,3
53661,6
53664,9
53667,1
53668,2
53670,3
53671,4
53673,3
53674,3
53676,2
53677,9
53680,3
53683,4
53684,1
53686,7
53687,1
53689,3
53690,5
53693,5
53696,9
53699,7
53702,4
53703,3
53705,3
53706,7
53708,3
53709,5
53712,5
53715,8
53716,3
53718,7
53719,4
53721,3
53722,4
53725,4
53728,10
53731,6
53734,6
53737,1
53738,6
53740,1
53741,4
53744,8
53747,8
53750,4
53751,1
53753,3
53754,5
53757,4
53760,10
53763,9
53766,8
53767,8
53769,2
53770,5
53772,2
53773,8
53776,6
53779,6
53780,2
53782,5
53783,4
53785,6
53786,6
53789,4
53792,9
53795,9
53796,2
53798,4
53799,2
53801,4
53802,5
53804,2
53805,3
53808,7
53811,6
53812,1
53814,1
53815,2
53817,8
53818,9
53821,3
53824,9
53827,4
53828,2
53830,7
53831,4
53833,2
53834,5
53836,1
53837,6
53840,3
53843,9
53846,5
53847,1
53849,1
53850,8
53853,1
53856,12
53859,3
53860,3
53862,6
53863,3
53865,1
53866,5
53868,2
53869,8
53872,8
53875,5
53876,3
53878,5
53879,1
53881,5
53882,5
53885,4
53888,11
53891,3
53892,1
53894,5
53895,2
53897,2
53898,4
53901,6
53904,8
53907,9
53908,2
53910,3
53911,3
53913,4
53914,3
53916,3
53917,2
53920,8
53923,7
53924,2
53926,1
53927,5
53929,4
53930,7
53932,2
53933,7
53936,3
53939,7
53940,4
53942,1
53943,1
53945,6
53946,8
53948,2
53949,2
53952,13
53955,8
53956,2
53958,5
53959,2
53961,2
53962,4
53964,4
53965,5
53968,2
53971,9
53972,1
53974,3
53975,5
53977,2
53978,5
53980,2
53981,8
53984,7
53987,5
53990,7
53991,4
53993,2
53994,3
53996,2
53997,5
54000,5
54003,9
54004,1
54006,5
54007,2
54009,2
54010,6
54012,5
54013,2
54016,15
54019,4
54022,5
54023,5
54025,4
54026,3
54028,2
54029,10
54032,6
54035,8
54036,1
54038,3
54039,2
54041,3
54042,6
54044,2
54045,9
54048,8
54051,5
54052,3
54054,13
54055,3
54057,3
54058,2
54060,4
54061,7
54064,10
54067,9
54068,3
54070,2
54073,6
54074,3
54076,1
54077,4
54080,13
54083,3
54084,1
54086,8
54087,4
54089,4
54090,2
54092,1
54093,8
54096,3
54099,8
54102,3
54103,1
54105,5
54106,7
54108,1
54109,2
54112,9
54115,2
54118,3
54119,2
54122,5
54124,1
54125,7
54128,10
54131,6
54132,5
54135,2
54137,3
54138,5
54140,1
54141,4
54144,8
54147,5
54148,1
54150,8
54151,6
54153,7
54154,1
54156,1
54157,6
54160,6
54163,5
54164,1
54166,3
54169,3
54170,2
54172,2
54173,8
54176,13
54179,3
54180,1
54182,6
54183,3
54185,4
54186,1
54189,9
54192,3
54195,11
54196,4
54198,7
54199,2
54201,1
54202,4
54205,4
54208,7
54211,7
54214,5
54215,3
54217,1
54218,8
54220,2
54221,8
54224,7
54227,13
54228,2
54230,4
54233,2
54234,6
54236,1
54237,5
54240,5
54243,4
54244,2
54246,2
54247,2
54249,2
54250,4
54252,5
54253,7
54256,3
54259,11
54260,2
54262,2
54263,4
54265,7
54266,3
54268,3
54269,7
54272,8
54275,7
54276,3
54278,4
54279,4
54281,1
54282,2
54284,1
54285,8
54288,3
54291,7
54292,6
54294,3
54297,6
54298,6
54301,6
54304,4
54307,4
54308,1
54310,4
54311,4
54313,5
54314,2
54316,2
54317,9
54320,7
54323,8
54326,3
54327,5
54329,2
54330,4
54332,1
54333,2
54336,15
54339,3
54340,3
54342,7
54343,3
54346,5
54349,10
54352,2
54355,11
54356,2
54358,5
54359,1
54361,4
54362,7
54365,3
54368,9
54371,4
54372,1
54374,9
54375,6
54377,3
54378,4
54380,2
54381,6
54384,4
54387,8
54388,1
54390,4
54393,3
54394,5
54396,1
54397,6
54400,11
54403,2
54406,7
54407,4
54409,2
54410,2
54412,1
54413,13
54416,4
54419,9
54420,5
54422,5
54426,2
54429,6
54432,7
54435,5
54436,1
54438,11
54439,5
54441,2
54442,3
54444,3
54445,8
54448,12
54451,8
54454,5
54455,4
54457,1
54458,4
54460,1
54461,2
54464,8
54467,6
54470,8
54471,4
54473,2
54474,4
54476,1
54477,8
54480,6
54483,9
54484,2
54486,3
54487,5
54489,7
54490,3
54492,2
54493,3
54496,6
54499,6
54500,1
54502,4
54503,5
54505,1
54506,2
54508,1
54509,7
54512,5
54515,6
54516,4
54518,3
54519,2
54521,5
54522,3
54525,2
54528,6
54531,4
54532,2
54534,9
54535,5
54537,2
54538,5
54541,4
54544,8
54547,7
54548,1
54550,4
54551,2
54553,3
54554,8
54556,1
54557,4
54560,9
54563,5
54564,2
54566,5
54567,5
54569,1
54570,2
54572,3
54573,8
54576,7
54579,11
54580,1
54582,3
54583,1
54585,4
54586,6
54588,3
54589,8
54592,12
54595,4
54596,1
54598,3
54599,6
54601,3
54602,2
54604,1
54605,10
54608,10
54611,1
54614,4
54615,4
54617,1
54618,7
54621,4
54624,9
54627,3
54628,2
54630,7
54631,3
54633,5
54634,3
54637,7
54640,8
54643,6
54644,1
54646,4
54647,3
54649,1
54650,9
54652,1
54653,5
54656,16
54659,4
54660,1
54662,6
54663,5
54665,1
54666,3
54669,7
54672,4
54675,11
54676,2
54678,4
54679,1
54681,6
54682,8
54685,7
54688,14
54691,1
54692,2
54694,5
54695,4
54697,5
54698,5
54700,3
54701,11
54704,7
54707,8
54708,2
54710,7
54711,1
54713,3
54714,10
54716,1
54717,5
54720,9
54723,2
54724,3
54726,5
54727,3
54732,1
54733,15
54736,8
54739,12
54740,1
54742,6
54745,3
54746,3
54748,1
54749,5
54752,6
54755,3
54756,1
54758,6
54759,5
54761,3
54762,6
54764,3
54765,11
54768,4
54771,6
54772,3
54774,1
54775,4
54777,6
54778,6
54780,4
54781,5
54784,7
54787,4
54790,5
54791,2
54794,7
54796,1
54797,10
54800,8
54803,9
54804,3
54806,3
54807,3
54809,1
54810,9
54812,1
54813,1
54816,12
54819,2
54820,1
54822,4
54823,6
54825,5
54826,5
54828,3
54829,10
54832,5
54835,10
54836,3
54838,7
54839,1
54841,3
54842,4
54845,2
54848,10
54851,5
54852,2
54854,9
54855,1
54857,6
54858,2
54860,4
54861,9
54864,5
54867,5
54868,2
54870,5
54871,2
54873,4
54874,6
54876,1
54877,2
54880,11
54883,5
54884,2
54886,6
54887,9
54889,1
54890,4
54893,10
54896,2
54899,9
54900,6
54902,5
54903,4
54905,2
54906,4
54908,2
54909,4
54912,6
54915,5
54916,1
54918,1
54919,7
54921,2
54922,5
54924,2
54925,9
54928,4
54931,10
54932,1
54934,2
54935,5
54937,5
54938,9
54941,6
54944,12
54947,4
54948,1
54950,7
54951,2
54953,4
54954,3
54956,1
54957,8
54960,3
54963,9
54964,1
54966,1
54967,2
54969,5
54970,6
54973,3
54976,10
54979,8
54982,6
54983,5
54985,1
54986,1
54988,2
54989,10
54992,5
54995,9
54996,4
54998,5
54999,4
55001,4
55002,8
55004,4
55005,5
55008,5
55011,4
55012,1
55014,6
55015,6
55017,1
55018,2
55020,3
55021,6
55024,10
55027,6
55028,3
55030,5
55031,1
55033,5
55034,8
55037,6
55040,13
55043,3
55046,11
55047,6
55049,7
55050,4
55052,2
55053,13
55056,5
55059,7
55060,2
55062,3
55063,1
55065,3
55066,5
55068,3
55069,5
55072,10
55075,1
55076,1
55078,7
55079,3
55081,3
55082,4
55084,1
55085,9
55088,6
55091,12
55092,1
55094,4
55095,3
55097,3
55098,3
55100,1
55101,3
55104,9
55107,5
55108,3
55110,12
55111,3
55113,2
55114,4
55117,9
55120,3
55123,8
55124,2
55126,7
55127,4
55129,4
55130,13
55133,6
55136,12
55139,6
55142,6
55145,3
55146,5
55148,2
55149,8
55152,6
55155,10
55156,3
55158,4
55159,2
55161,6
55162,5
55164,3
55165,4
55168,8
55171,4
55174,6
55175,4
55177,1
55180,2
55181,10
55184,8
55187,10
55188,3
55190,1
55193,4
55194,6
55197,7
55200,14
55203,4
55206,9
55207,1
55209,1
55210,6
55212,2
55213,7
55216,6
55219,10
55220,1
55222,1
55223,6
55225,3
55226,5
55229,2
55232,13
55235,5
55236,3
55238,7
55239,1
55241,4
55242,5
55244,3
55245,8
55248,6
55251,5
55252,3
55254,4
55255,2
55257,6
55258,6
55260,3
55261,3
55264,10
55267,8
55268,2
55270,7
55271,8
55273,4
55274,2
55276,4
55277,13
55280,10
55283,10
55286,4
55287,2
55289,6
55290,6
55292,1
55293,9
55296,13
55299,5
55300,1
55302,7
55303,1
55305,2
55306,4
55308,4
55309,9
55312,7
55315,10
55316,3
55318,7
55319,3
55321,6
55322,10
55325,10
55328,16
55331,2
55334,5
55335,3
55337,1
55338,6
55340,2
55341,11
55344,2
55347,6
55348,2
55350,4
55351,1
55353,2
55354,9
55356,2
55357,5
55360,7
55363,4
55364,1
55366,6
55367,2
55369,3
55370,4
55372,2
55373,15
55376,4
55379,8
55380,3
55382,3
55383,3
55385,4
55386,6
55388,2
55389,5
55392,8
55395,4
55398,7
55399,2
55402,5
55404,2
55405,7
55408,10
55411,13
55414,4
55415,1
55417,2
55418,9
55420,2
55421,3
55424,13
55427,1
55428,3
55430,7
55431,5
55433,1
55434,5
55436,3
55437,4
55440,5
55443,14
55444,5
55446,3
55447,6
55449,5
55450,5
55452,3
55453,6
55456,9
55459,9
55462,5
55463,3
55465,1
55466,3
55468,4
55469,6
55472,9
55475,7
55478,2
55479,5
55481,7
55482,8
55484,1
55485,7
55488,12
55491,4
55492,1
55494,4
55495,8
55497,5
55498,7
55500,4
55501,9
55504,2
55507,9
55508,2
55510,5
55511,2
55513,6
55514,8
55517,4
55520,13
55523,6
55524,2
55526,6
55527,1
55529,3
55530,6
55533,14
55536,5
55539,5
55540,6
55542,6
55543,1
55545,4
55546,9
55548,1
55549,3
55552,12
55555,7
55556,2
55558,4
55562,1
55564,3
55565,14
55568,5
55571,9
55572,2
55574,4
55577,4
55578,13
55580,1
55581,6
55584,9
55587,7
55588,1
55590,2
55591,6
55593,1
55594,4
55596,3
55597,7
55600,6
55603,8
55604,1
55606,4
55607,3
55609,4
55610,12
55612,2
55613,3
55616,11
55619,3
55622,6
55623,4
55625,2
55626,4
55628,1
55629,4
55632,8
55635,14
55636,2
55638,1
55639,4
55641,5
55642,6
55644,1
55645,5
55648,16
55651,9
55652,3
55654,13
55655,3
55657,2
55658,4
55661,8
55664,9
55667,11
55668,2
55670,4
55671,3
55673,3
55674,6
55676,1
55677,4
55680,13
55683,2
55684,1
55686,9
55687,3
55689,1
55690,6
55692,4
55693,11
55696,2
55699,8
55700,4
55702,3
55705,2
55706,10
55708,1
55709,5
55712,9
55715,9
55718,7
55719,9
55721,3
55722,1
55724,3
55725,11
55728,9
55731,13
55732,2
55734,2
55735,2
55737,5
55738,4
55740,2
55741,10
55744,6
55748,1
55750,7
55751,5
55753,2
55754,2
55756,2
55757,4
55760,8
55763,4
55764,2
55766,3
55767,1
55769,2
55770,2
55772,1
55773,9
55776,11
55779,6
55780,2
55782,7
55783,6
55785,1
55786,3
55788,1
55789,8
55792,6
55795,8
55796,1
55798,5
55799,2
55801,3
55802,5
55804,3
55805,6
55808,15
55811,6
55814,4
55815,4
55817,3
55818,3
55820,2
55821,7
55824,10
55827,11
55828,2
55830,6
55831,2
55833,5
55834,7
55837,9
55840,16
55843,4
55844,3
55846,6
55847,5
55849,2
55850,3
55852,2
55853,9
55856,9
55859,6
55860,4
55862,3
55865,6
55866,7
55869,4
55872,12
55875,3
55876,1
55878,10
55879,6
55881,2
55882,4
55884,2
55885,13
55888,3
55891,8
55892,3
55894,2
55895,3
55897,4
55898,7
55900,4
55901,3
55904,18
55907,7
55908,1
55910,3
55911,5
55913,3
55914,10
55916,4
55917,8
55920,5
55923,9
55924,1
55926,7
55927,4
55929,3
55930,8
55932,4
55933,4
55936,13
55939,3
55942,3
55943,1
55945,1
55946,5
55948,2
55949,14
55952,6
55955,12
55956,3
55958,3
55959,1
55961,4
55962,8
55965,4
55968,3
55971,9
55972,3
55974,8
55975,7
55977,1
55978,1
55980,1
55981,5
55984,11
55987,7
55988,3
55990,4
55991,5
55993,8
55994,6
55996,1
55997,5
56000,13
56003,3
56004,1
56006,10
56007,5
56009,1
56010,4
56012,3
56013,7
56016,4
56019,7
56020,2
56022,6
56023,3
56025,2
56026,6
56028,1
56029,1
56032,6
56035,6
56036,2
56038,12
56039,7
56041,4
56042,2
56044,1
56045,8
56048,4
56051,3
56052,1
56054,7
56055,4
56057,4
56058,9
56060,3
56061,5
56064,16
56067,5
56070,6
56071,6
56073,1
56074,2
56076,4
56077,8
56080,6
56083,6
56084,5
56086,7
56087,2
56089,4
56090,10
56093,7
56096,8
56099,4
56100,2
56102,8
56103,6
56108,1
56109,13
56112,3
56115,7
56116,2
56118,3
56119,3
56121,7
56122,11
56124,3
56125,3
56128,10
56131,3
56134,6
56135,1
56137,4
56138,4
56140,3
56141,5
56144,9
56147,14
56148,3
56150,2
56151,5
56153,6
56154,8
56157,3
56160,14
56163,4
56164,1
56166,7
56167,3
56169,7
56170,3
56172,3
56173,10
56176,7
56179,7
56180,1
56182,2
56183,2
56185,5
56186,9
56188,3
56189,7
56192,8
56195,3
56196,1
56198,6
56199,4
56201,3
56202,4
56204,4
56205,12
56208,8
56211,12
56214,6
56215,4
56217,4
56218,9
56221,6
56224,8
56227,6
56228,1
56230,9
56231,3
56233,2
56234,6
56236,3
56237,8
56240,7
56243,14
56244,2
56246,6
56247,3
56249,2
56250,8
56252,1
56253,11
56256,13
56259,3
56260,2
56262,6
56263,5
56265,3
56266,3
56268,5
56269,15
56272,8
56275,5
56276,4
56278,3
56279,5
56281,6
56282,9
56284,2
56285,11
56288,7
56291,5
56294,9
56295,6
56298,3
56300,1
56301,13
56304,6
56307,6
56308,1
56310,4
56311,4
56313,7
56314,9
56317,4
56320,11
56323,6
56324,1
56326,7
56327,1
56329,2
56330,4
56333,7
56336,9
56339,10
56340,4
56342,5
56343,3
56345,6
56346,14
56348,2
56349,8
56352,19
56355,3
56356,1
56358,5
56359,7
56361,1
56362,4
56364,3
56365,10
56368,5
56371,7
56372,3
56374,3
56375,3
56377,6
56378,5
56380,2
56381,7
56384,12
56387,2
56388,2
56390,6
56391,7
56393,6
56394,1
56396,1
56397,6
56400,6
56403,18
56404,2
56406,2
56407,2
56409,4
56410,12
56413,5
56416,9
56419,6
56420,1
56422,7
56423,4
56425,2
56426,2
56428,3
56429,9
56432,9
56435,10
56436,1
56438,1
56439,5
56441,5
56442,8
56444,3
56445,7
56448,16
56451,6
56452,2
56454,9
56455,6
56457,4
56458,5
56461,13
56464,7
56467,7
56468,1
56470,4
56471,1
56473,4
56474,12
56476,3
56477,10
56480,14
56483,7
56484,3
56486,7
56487,5
56490,4
56492,3
56493,14
56496,7
56499,10
56500,2
56502,1
56503,4
56505,5
56506,12
56508,3
56509,8
56512,14
56515,7
56516,2
56518,12
56519,7
56521,2
56522,3
56524,4
56525,10
56528,8
56531,14
56532,3
56534,9
56535,4
56537,3
56538,11
56541,8
56544,9
56547,6
56550,6
56551,1
56554,3
56556,4
56557,7
56560,9
56563,5
56564,2
56566,5
56567,3
56569,4
56570,12
56572,2
56573,6
56576,13
56579,7
56582,3
56583,2
56585,3
56586,3
56588,1
56589,13
56592,8
56595,5
56596,3
56598,2
56599,3
56601,6
56602,9
56604,2
56605,4
56608,15
56611,4
56614,8
56615,5
56617,2
56618,3
56620,1
56621,11
56624,4
56627,8
56628,1
56630,3
56633,6
56634,11
56636,1
56637,3
56640,11
56643,10
56646,7
56647,7
56649,4
56650,6
56652,3
56653,4
56656,5
56659,8
56660,1
56662,4
56663,6
56665,4
56666,10
56668,1
56669,4
56672,17
56675,4
56676,2
56678,4
56679,3
56681,4
56682,6
56684,4
56685,9
56688,5
56691,11
56692,4
56694,6
56695,5
56697,7
56698,10
56700,3
56701,7
56704,8
56707,9
56708,3
56710,5
56711,6
56714,8
56716,2
56717,13
56720,9
56723,9
56724,2
56726,4
56727,1
56729,8
56730,5
56732,1
56733,7
56736,13
56739,2
56740,3
56742,7
56743,4
56745,4
56746,4
56748,1
56749,14
56752,10
56755,10
56756,1
56758,4
56759,3
56761,4
56762,2
56764,2
56765,5
56768,16
56771,4
56772,1
56774,6
56775,9
56777,1
56778,4
56780,6
56781,10
56784,6
56787,13
56788,1
56790,3
56791,4
56793,6
56794,12
56797,8
56800,12
56803,6
56804,1
56806,10
56807,3
56809,3
56810,4
56812,1
56813,9
56816,10
56819,7
56820,2
56822,7
56825,8
56826,9
56828,2
56829,9
56832,10
56835,3
56838,7
56839,7
56841,5
56842,4
56844,2
56845,9
56848,9
56851,11
56854,3
56855,6
56857,3
56858,7
56860,1
56861,1
56864,18
56867,4
56870,10
56871,5
56873,6
56874,4
56876,4
56877,7
56880,8
56883,10
56884,3
56886,1
56887,4
56889,7
56890,8
56892,1
56893,3
56896,10
56899,5
56900,1
56902,7
56903,6
56905,1
56906,3
56908,1
56909,10
56912,6
56915,14
56916,2
56918,1
56919,4
56921,6
56922,4
56924,1
56925,7
56928,13
56931,5
56932,2
56934,9
56935,5
56937,4
56938,7
56940,5
56941,7
56944,7
56947,7
56948,1
56950,5
56951,2
56953,4
56954,11
56956,2
56957,5
56960,13
56963,5
56964,3
56966,10
56967,9
56969,4
56970,3
56972,1
56973,6
56976,10
56979,13
56980,1
56982,4
56983,2
56985,4
56986,11
56988,2
56989,6
56992,15
56995,5
56996,2
56998,6
56999,2
57001,2
57002,5
57004,2
57005,12
57008,4
57011,15
57012,3
57014,5
57015,1
57017,7
57018,11
57020,2
57021,4
57024,10
57027,5
57028,1
57030,6
57031,11
57033,3
57034,2
57036,4
57037,7
57040,5
57043,6
57044,2
57046,4
57047,4
57049,4
57050,11
57053,7
57056,13
57059,9
57060,4
57062,4
57063,5
57065,4
57066,2
57068,5
57069,11
57072,10
57075,13
57076,2
57078,3
57079,5
57081,6
57082,9
57084,1
57085,2
57088,13
57091,4
57092,1
57094,11
57095,4
57097,1
57098,5
57100,3
57101,9
57104,5
57107,15
57108,3
57110,6
57111,2
57113,3
57114,9
57116,2
57117,6
57120,14
57123,2
57124,2
57126,6
57127,6
57129,3
57130,10
57132,2
57133,15
57136,2
57139,10
57140,1
57142,5
57143,1
57145,7
57146,10
57149,6
57152,11
57155,4
57156,2
57158,8
57159,3
57161,2
57162,2
57164,8
57165,8
57168,8
57171,14
57172,2
57174,3
57175,6
57177,10
57178,4
57181,11
57184,11
57187,4
57188,1
57190,12
57191,13
57193,2
57194,7
57196,6
57197,10
57200,10
57203,9
57204,3
57206,3
57207,2
57209,4
57210,6
57213,3
57216,15
57219,6
57220,2
57222,5
57223,4
57225,3
57226,5
57228,1
57229,6
57232,6
57235,15
57236,1
57238,5
57239,2
57241,7
57242,6
57244,5
57245,6
57248,11
57251,9
57252,1
57254,8
57255,7
57258,2
57261,10
57264,10
57267,13
57270,4
57271,3
57273,4
57274,8
57276,6
57277,6
57280,11
57283,6
57284,1
57286,6
57287,4
57289,4
57290,3
57293,16
57296,11
57299,10
57300,3
57302,5
57303,2
57305,5
57306,13
57308,1
57309,2
57312,15
57315,3
57316,1
57318,13
57319,6
57321,2
57322,6
57324,3
57325,10
57328,5
57331,11
57332,2
57334,1
57335,2
57337,5
57338,9
57340,2
57341,4
57344,16
57347,4
57348,3
57350,9
57351,5
57353,2
57354,3
57356,2
57357,6
57360,7
57363,10
57364,4
57366,3
57367,6
57369,6
57370,4
57372,1
57373,5
57376,15
57379,5
57382,11
57383,4
57385,2
57386,5
57388,1
57389,12
57392,7
57395,14
57396,1
57398,8
57399,1
57401,2
57402,5
57404,1
57405,6
57408,14
57411,1
57412,1
57414,5
57415,7
57417,4
57418,3
57420,1
57421,9
57424,6
57427,9
57428,2
57430,8
57431,2
57433,3
57434,7
57436,2
57437,5
57440,16
57443,5
57444,1
57446,9
57447,7
57449,4
57450,4
57452,4
57453,13
57456,3
57459,10
57460,2
57462,8
57463,2
57465,4
57466,5
57468,1
57469,7
57472,16
57475,6
57478,9
57479,6
57481,2
57482,3
57484,2
57485,12
57488,12
57491,13
57492,4
57494,3
57495,2
57497,4
57498,7
57501,7
57504,12
57507,7
57510,4
57511,3
57513,2
57514,4
57516,5
57517,13
57520,9
57523,11
57524,4
57526,7
57527,2
57529,8
57530,7
57533,3
57536,9
57539,7
57540,2
57542,6
57543,1
57545,3
57546,1
57548,1
57549,8
57552,11
57555,13
57556,6
57558,4
57559,7
57561,6
57562,9
57564,3
57565,6
57568,10
57571,7
57572,3
57574,12
57575,4
57577,3
57578,4
57580,5
57581,8
57584,7
57587,14
57588,7
57590,2
57591,2
57593,6
57594,8
57597,5
57600,13
57603,9
57604,1
57606,2
57607,7
57609,3
57610,4
57612,2
57613,10
57616,7
57619,14
57620,5
57622,3
57623,3
57625,4
57626,15
57629,8
57632,18
57635,5
57638,7
57639,9
57641,1
57642,9
57644,1
57645,11
57648,5
57651,16
57652,3
57654,4
57655,3
57657,5
57658,13
57661,4
57664,15
57667,5
57668,3
57670,6
57671,4
57673,1
57674,5
57676,2
57677,13
57680,6
57683,10
57684,2
57686,5
57687,3
57689,3
57690,7
57692,4
57693,1
57696,15
57699,8
57700,2
57702,12
57703,7
57705,1
57706,5
57708,4
57709,11
57712,8
57715,8
57716,2
57718,3
57719,2
57721,7
57722,10
57724,2
57725,8
57728,13
57731,5
57732,2
57734,8
57735,5
57737,3
57738,3
57740,2
57741,9
57744,6
57747,10
57748,4
57750,5
57751,2
57753,2
57754,9
57756,3
57757,6
57760,15
57763,4
57764,1
57766,8
57767,5
57769,6
57770,8
57772,1
57773,9
57776,9
57779,8
57780,6
57782,4
57783,5
57785,4
57786,8
57789,11
57792,13
57795,3
57796,4
57798,12
57799,5
57801,2
57802,5
57804,2
57805,10
57808,3
57811,10
57812,3
57814,4
57815,3
57817,1
57818,8
57820,2
57821,6
57824,11
57827,15
57828,1
57830,7
57831,2
57833,2
57834,7
57836,3
57837,12
57840,14
57843,10
57844,2
57846,8
57847,5
57849,8
57850,6
57852,5
57853,7
57856,14
57859,7
57862,11
57863,4
57865,1
57866,8
57868,2
57869,16
57872,9
57875,11
57876,2
57878,1
57879,4
57881,6
57882,7
57884,1
57885,4
57888,10
57891,4
57892,2
57894,6
57895,3
57897,2
57898,6
57900,3
57901,10
57904,12
57907,12
57908,6
57910,2
57911,3
57913,5
57914,5
57916,1
57917,11
57920,17
57923,5
57926,7
57927,6
57929,3
57930,2
57933,5
57936,6
57939,7
57940,2
57942,4
57943,3
57945,7
57946,12
57948,1
57949,5
57952,7
57955,3
57956,2
57958,4
57959,2
57961,4
57962,1
57964,2
57965,8
57968,10
57971,8
57974,4
57975,1
57977,1
57978,2
57980,1
57981,8
57984,15
57987,6
57988,1
57990,7
57991,6
57993,3
57994,3
57996,3
57997,7
58000,9
58003,10
58004,6
58006,6
58009,5
58010,14
58012,1
58013,2
58016,13
58019,4
58020,3
58022,7
58023,9
58026,4
58028,2
58029,8
58032,5
58035,7
58036,2
58038,5
58039,3
58041,6
58042,6
58044,1
58045,5
58048,9
58051,3
58052,2
58054,9
58055,8
58057,4
58058,3
58060,1
58061,12
58064,8
58067,11
58068,3
58070,1
58071,3
58073,10
58074,9
58076,4
58077,5
58080,18
58083,4
58084,2
58086,12
58087,3
58089,2
58090,5
58092,2
58093,17
58096,7
58099,6
58100,2
58102,2
58103,1
58105,5
58106,7
58108,2
58109,6
58112,8
58115,8
58118,6
58119,8
58121,6
58122,4
58124,4
58125,13
58128,4
58131,11
58132,4
58134,6
58135,4
58137,4
58138,5
58140,3
58141,5
58144,11
58147,2
58150,3
58151,3
58153,6
58154,1
58156,3
58157,8
58160,4
58163,6
58164,5
58166,1
58167,5
58169,4
58170,14
58172,2
58173,11
58176,10
58179,5
58180,3
58182,8
58183,2
58185,1
58186,2
58188,3
58189,11
58192,4
58195,14
58196,3
58198,4
58199,1
58201,6
58202,10
58204,1
58205,5
58208,13
58211,3
58212,4
58214,14
58215,7
58217,2
58218,3
58220,1
58221,10
58224,8
58227,10
58228,3
58230,7
58233,7
58234,7
58236,4
58237,3
58240,9
58243,5
58244,2
58246,10
58247,4
58249,3
58250,7
58252,3
58253,14
58256,10
58259,8
58262,5
58263,2
58265,4
58266,6
58268,4
58269,3
58272,12
58275,9
58276,1
58278,9
58279,6
58281,5
58282,6
58284,3
58285,8
58288,7
58291,11
58292,1
58294,2
58295,2
58297,7
58298,14
58300,1
58301,5
58304,11
58307,3
58310,13
58311,3
58313,8
58314,3
58316,3
58317,6
58320,13
58323,11
58324,3
58326,7
58327,3
58329,4
58330,4
58332,2
58333,5
58336,14
58339,4
58342,8
58343,7
58346,1
58348,2
58349,8
58352,4
58355,8
58356,1
58358,4
58359,2
58361,5
58362,6
58364,1
58365,10
58368,20
58371,2
58372,2
58374,8
58375,9
58377,3
58378,2
58380,3
58381,7
58384,5
58387,6
58390,4
58391,2
58393,2
58394,4
58396,1
58397,7
58400,9
58403,7
58404,1
58406,8
58407,4
58409,1
58410,5
58412,4
58413,13
58416,11
58419,12
58420,1
58422,5
58423,5
58425,4
58426,5
58429,7
58432,15
58435,5
58436,1
58438,8
58439,3
58441,2
58442,7
58444,2
58445,10
58448,6
58451,14
58454,3
58455,1
58457,6
58458,10
58460,2
58461,4
58464,7
58467,8
58468,2
58470,6
58471,4
58473,2
58474,2
58476,2
58477,6
58480,6
58483,6
58484,4
58486,3
58487,3
58489,8
58490,5
58493,9
58496,12
58499,10
58502,2
58503,5
58505,3
58506,2
58508,1
58509,9
58512,8
58515,10
58516,2
58518,4
58519,1
58521,6
58524,4
58525,7
58528,17
58531,8
58532,3
58534,8
58535,6
58537,3
58538,4
58540,3
58541,10
58544,8
58547,15
58548,4
58550,8
58553,5
58554,8
58556,2
58557,9
58560,16
58563,3
58564,3
58566,4
58567,10
58569,3
58570,5
58572,2
58573,10
58576,6
58579,10
58580,2
58582,5
58583,2
58585,3
58586,10
58588,2
58589,7
58592,10
58595,5
58596,2
58598,12
58599,7
58601,2
58602,4
58604,3
58605,9
58608,6
58611,6
58612,3
58614,4
58615,2
58617,7
58618,7
58620,3
58621,5
58624,8
58627,7
58628,1
58630,5
58631,6
58633,2
58634,7
58636,4
58637,14
58640,8
58643,9
58644,2
58646,7
58647,1
58649,2
58650,7
58652,1
58653,10
58656,8
58659,8
58660,2
58662,9
58663,4
58665,5
58666,4
58668,3
58669,4
58672,6
58675,11
58676,2
58678,9
58679,4
58681,4
58682,16
58684,4
58685,8
58688,14
58691,7
58692,1
58694,11
58695,5
58697,6
58698,5
58700,3
58701,11
58704,8
58707,10
58708,1
58710,3
58713,5
58714,8
58717,13
58720,11
58723,10
58724,2
58726,5
58727,6
58730,4
58732,2
58733,11
58736,6
58739,10
58740,3
58742,6
58743,1
58745,5
58746,5
58748,3
58749,3
58752,9
58755,2
58756,1
58758,9
58759,5
58761,4
58762,2
58764,3
58765,12
58768,7
58771,11
58772,1
58774,7
58775,2
58777,6
58778,8
58781,5
58784,18
58787,7
58790,8
58791,7
58793,3
58794,3
58796,3
58797,6
58800,12
58803,7
58804,4
58806,3
58807,6
58809,7
58810,10
58813,5
58816,7
58819,10
58820,3
58822,13
58823,3
58825,4
58826,6
58828,1
58829,9
58832,4
58835,12
58836,4
58838,4
58839,4
58841,3
58842,4
58844,1
58845,4
58848,11
58851,3
58852,3
58854,3
58855,8
58858,5
58860,3
58861,10
58864,6
58867,8
58868,3
58870,4
58871,4
58873,6
58874,14
58876,1
58877,7
58880,10
58883,6
58884,4
58886,10
58887,8
58889,2
58890,5
58892,2
58893,10
58896,6
58899,9
58900,3
58902,3
58903,1
58905,1
58906,5
58908,3
58909,7
58912,12
58915,6
58918,8
58919,1
58921,1
58922,5
58924,4
58925,7
58931,11
58932,2
58934,6
58935,1
58937,3
58938,13
58940,3
58941,10
58944,19
58947,5
58948,4
58950,3
58951,8
58953,3
58954,5
58956,1
58957,9
58960,8
58963,8
58964,2
58966,2
58967,3
58969,8
58970,8
58973,9
58976,11
58979,3
58980,3
58982,8
58983,6
58985,4
58986,3
58988,2
58989,15
58992,9
58995,17
58996,5
58998,3
58999,2
59001,5
59002,3
59004,1
59005,7
59008,15
59011,3
59012,2
59014,9
59015,4
59017,3
59018,5
59020,3
59021,9
59024,6
59027,15
59028,5
59030,4
59031,3
59033,3
59034,13
59036,3
59037,8
59040,20
59043,5
59044,2
59046,10
59047,5
59049,2
59050,1
59052,4
59053,6
59056,8
59059,16
59060,5
59062,1
59063,1
59065,5
59066,11
59068,3
59069,3
59072,9
59075,4
59076,3
59078,5
59079,4
59081,3
59082,7
59084,2
59085,15
59088,7
59091,17
59092,4
59094,5
59095,1
59097,2
59098,11
59100,1
59101,6
59104,14
59107,11
59108,2
59110,12
59111,3
59113,3
59114,2
59116,1
59117,10
59120,6
59123,9
59126,2
59127,3
59129,5
59130,12
59132,1
59133,3
59136,14
59139,4
59142,11
59143,3
59145,3
59146,3
59148,2
59149,11
59152,3
59155,17
59156,4
59158,8
59159,2
59161,3
59162,11
59165,6
59168,9
59171,4
59172,1
59174,7
59175,4
59177,4
59178,2
59180,3
59181,11
59184,7
59187,7
59188,3
59190,4
59191,3
59193,1
59194,12
59196,2
59197,9
59200,8
59203,13
59204,1
59206,8
59207,2
59209,5
59210,3
59212,2
59213,11
59216,1
59219,13
59220,3
59222,6
59223,2
59225,6
59226,10
59229,4
59232,22
59235,4
59236,2
59238,5
59239,6
59241,4
59242,3
59245,7
59248,5
59251,6
59252,4
59254,1
59255,4
59257,3
59258,11
59260,2
59261,4
59264,12
59267,9
59268,2
59270,8
59271,6
59273,4
59274,6
59276,2
59277,11
59280,10
59283,9
59284,1
59286,2
59287,3
59289,8
59290,6
59292,3
59293,7
59296,11
59299,9
59300,1
59302,10
59303,2
59305,3
59306,2
59308,1
59309,6
59312,3
59315,9
59316,1
59318,2
59319,2
59321,4
59322,7
59324,2
59325,3
59328,16
59331,3
59334,10
59335,5
59337,2
59338,3
59340,4
59341,10
59344,5
59347,13
59348,2
59350,4
59351,3
59353,2
59354,10
59356,4
59357,3
59360,19
59363,9
59364,3
59366,10
59367,5
59369,3
59370,2
59372,1
59373,8
59376,4
59379,6
59382,2
59383,1
59385,6
59386,7
59389,4
59392,11
59395,5
59396,1
59398,6
59399,6
59401,5
59402,3
59404,4
59405,9
59408,8
59411,8
59412,4
59414,7
59415,4
59417,5
59418,7
59420,3
59421,4
59424,10
59427,6
59430,15
59431,3
59433,4
59434,11
59436,5
59437,12
59440,9
59443,8
59444,3
59446,2
59447,3
59449,8
59450,8
59452,2
59453,6
59456,13
59459,6
59460,2
59462,4
59465,3
59466,6
59468,2
59469,13
59472,12
59475,13
59476,3
59478,4
59479,3
59481,6
59482,4
59485,9
59488,19
59491,1
59494,11
59495,5
59497,3
59498,7
59500,3
59501,11
59504,5
59507,10
59508,1
59510,2
59511,3
59513,5
59514,9
59516,2
59517,1
59520,18
59523,7
59526,7
59527,7
59529,2
59530,1
59532,5
59533,13
59536,10
59539,13
59540,4
59542,5
59543,4
59545,4
59546,7
59548,2
59549,7
59552,12
59555,5
59556,2
59558,9
59559,5
59561,3
59562,7
59564,3
59565,12
59568,6
59571,7
59572,3
59574,3
59575,6
59577,3
59578,9
59580,2
59581,2
59584,15
59587,3
59588,2
59590,10
59591,5
59593,3
59594,5
59597,10
59600,4
59603,9
59604,3
59606,4
59607,4
59609,3
59610,7
59612,1
59613,9
59616,12
59619,3
59620,3
59622,6
59623,8
59625,1
59626,5
59628,3
59629,10
59632,8
59635,12
59636,2
59638,5
59639,3
59641,6
59642,11
59644,2
59645,5
59648,6
59651,6
59652,3
59654,6
59655,8
59657,3
59658,7
59660,1
59661,14
59664,7
59667,10
59668,5
59670,6
59671,1
59673,1
59674,5
59677,7
59680,12
59683,4
59684,1
59686,2
59687,6
59689,1
59690,3
59692,4
59693,16
59696,4
59699,5
59703,2
59705,5
59706,6
59709,13
59712,10
59715,4
59716,2
59718,7
59719,7
59721,4
59722,2
59724,3
59725,9
59728,8
59731,14
59732,2
59734,3
59735,1
59737,6
59738,5
59740,1
59741,6
59744,17
59747,3
59748,1
59750,9
59751,9
59753,2
59754,5
59756,3
59757,13
59760,10
59763,9
59764,1
59766,3
59767,1
59769,7
59770,7
59773,6
59776,13
59779,3
59780,2
59782,10
59783,4
59785,2
59786,4
59788,5
59789,14
59792,6
59795,10
59796,2
59798,2
59799,2
59801,3
59802,9
59804,2
59805,5
59808,10
59811,5
59812,3
59814,7
59815,2
59817,1
59818,2
59821,7
59824,7
59827,14
59830,3
59831,2
59833,3
59834,2
59836,2
59837,2
59840,12
59843,10
59844,1
59846,7
59847,11
59849,2
59850,2
59852,3
59853,3
59856,4
59859,11
59860,3
59862,7
59863,4
59865,3
59866,2
59868,2
59869,7
59872,12
59875,1
59876,1
59878,9
59879,2
59881,4
59882,3
59884,1
59885,11
59888,7
59891,7
59894,4
59895,6
59897,10
59898,10
59900,1
59901,3
59904,7
59907,1
59908,2
59910,9
59911,7
59913,3
59914,7
59916,2
59917,11
59920,9
59923,11
59924,1
59926,7
59927,1
59929,4
59930,8
59932,3
59933,3
59936,11
59939,2
59942,6
59943,6
59945,3
59946,2
59948,1
59949,15
59952,3
59955,4
59956,1
59958,1
59959,2
59961,7
59962,7
59964,3
59965,7
59968,10
59971,6
59972,2
59974,9
59975,6
59977,5
59978,7
59980,1
59981,10
59984,6
59987,13
59988,3
59990,3
59991,2
59993,3
59994,10
59996,3
59997,1
60000,15
60003,11
60004,1
60006,4
60007,5
60009,4
60010,3
60012,3
60013,8
60016,14
60019,7
60020,3
60022,3
60023,3
60025,6
60026,5
60028,2
60029,6
60032,13
60035,5
60036,1
60038,4
60039,4
60041,4
60042,3
60044,2
60045,11
60048,8
60051,12
60052,4
60054,2
60055,3
60057,3
60058,8
60060,1
60061,2
60064,13
60067,11
60068,1
60070,10
60071,3
60073,2
60074,5
60076,3
60077,10
60080,7
60083,9
60084,4
60086,5
60087,5
60089,5
60090,9
60092,1
60093,7
60096,10
60099,5
60100,3
60102,7
60103,8
60105,1
60106,4
60108,3
60109,4
60112,8
60115,8
60116,3
60118,6
60119,1
60121,6
60122,6
60125,7
60128,7
60131,4
60132,2
60134,7
60135,6
60137,1
60138,4
60140,3
60141,7
60144,8
60147,8
60148,3
60150,4
60151,5
60153,5
60154,7
60157,7
60160,13
60163,2
60166,6
60167,2
60169,1
60170,2
60172,3
60173,7
60176,6
60179,7
60180,1
60182,4
60183,2
60185,6
60186,9
60188,3
60189,7
60192,7
60195,4
60198,3
60199,3
60201,1
60202,5
60204,1
60205,12
60208,5
60211,14
60212,4
60214,4
60215,2
60217,6
60218,7
60220,1
60221,9
60224,16
60227,10
60228,2
60230,7
60231,8
60233,2
60234,2
60236,3
60237,9
60240,7
60243,5
60244,3
60246,6
60247,1
60249,2
60250,9
60252,1
60253,6
60256,13
60259,4
60260,1
60262,7
60263,7
60265,3
60266,8
60268,1
60269,8
60272,6
60275,10
60276,2
60278,6
60279,2
60281,4
60282,8
60284,1
60285,6
60288,12
60291,6
60292,1
60294,2
60295,8
60297,4
60298,4
60300,2
60301,3
60304,4
60307,12
60308,6
60310,5
60311,2
60313,3
60314,13
60316,1
60317,6
60320,6
60323,2
60324,2
60326,4
60327,3
60329,1
60330,5
60332,1
60333,8
60336,10
60339,11
60340,1
60342,7
60343,4
60345,7
60346,8
60348,1
60349,8
60352,6
60355,5
60356,1
60358,6
60359,5
60361,2
60362,3
60365,7
60368,4
60371,14
60372,3
60374,2
60375,4
60377,3
60378,5
60381,3
60384,15
60387,4
60388,1
60390,5
60391,5
60393,3
60394,2
60396,3
60397,9
60400,2
60403,8
60404,3
60406,6
60407,1
60409,9
60410,12
60413,1
60416,14
60419,6
60420,2
60422,7
60423,5
60425,2
60426,7
60429,8
60432,3
60435,14
60436,1
60438,7
60439,6
60441,4
60442,8
60444,3
60445,6
60448,8
60451,4
60452,1
60454,12
60455,5
60457,4
60458,4
60460,2
60461,11
60464,5
60467,10
60468,2
60471,3
60473,5
60474,3
60476,1
60477,9
60480,8
60483,6
60484,1
60486,7
60487,4
60489,8
60490,4
60492,4
60493,7
60496,1
60499,9
60500,4
60502,4
60503,3
60505,4
60506,5
60508,1
60509,7
60512,11
60515,7
60518,11
60519,3
60521,3
60522,6
60524,5
60525,13
60528,5
60531,8
60534,6
60535,3
60537,7
60538,8
60540,2
60541,11
60544,13
60547,6
60548,1
60550,5
60551,3
60553,1
60554,5
60556,2
60557,6
60560,1
60563,8
60564,3
60566,5
60567,3
60569,4
60570,6
60572,3
60573,8
60576,8
60579,5
60580,1
60582,8
60583,5
60585,2
60586,2
60588,1
60589,12
60592,7
60595,17
60596,1
60598,2
60599,1
60601,3
60602,11
60604,1
60605,2
60608,9
60611,3
60614,3
60615,3
60617,1
60618,5
60620,1
60621,9
60624,4
60627,6
60628,3
60630,2
60631,3
60633,7
60634,7
60636,5
60637,6
60640,13
60643,4
60646,4
60647,4
60649,3
60650,2
60652,3
60653,11
60656,1
60659,10
60660,3
60662,10
60665,5
60666,5
60668,4
60669,4
60672,15
60675,4
60678,4
60679,7
60681,2
60682,1
60684,3
60685,8
60688,9
60691,9
60694,1
60695,1
60697,9
60698,13
60701,8
60704,13
60707,5
60708,1
60710,9
60711,3
60713,6
60714,1
60716,2
60717,8
60720,9
60723,13
60724,1
60726,5
60727,1
60729,3
60730,11
60733,8
60736,15
60739,6
60740,1
60742,8
60743,7
60745,9
60746,2
60748,2
60749,8
60752,6
60755,6
60756,2
60758,7
60759,4
60761,4
60762,13
60764,4
60765,5
60768,11
60771,7
60772,2
60774,6
60775,3
60777,3
60778,4
60780,3
60781,8
60784,8
60787,11
60790,2
60791,4
60793,5
60794,16
60796,2
60797,6
60800,8
60803,7
60804,1
60806,7
60807,6
60809,1
60810,2
60812,1
60813,10
60816,5
60819,9
60820,7
60822,2
60823,1
60825,12
60826,8
60829,9
60832,12
60835,6
60836,1
60838,8
60839,4
60842,6
60844,2
60845,8
60848,9
60851,17
60852,2
60854,1
60855,3
60857,6
60858,5
60861,6
60864,11
60867,4
60870,2
60871,4
60873,2
60876,6
60877,13
60880,7
60883,7
60884,1
60886,5
60887,2
60889,3
60890,6
60892,3
60893,1
60896,6
60899,5
60900,1
60902,6
60903,7
60905,4
60906,3
60908,3
60909,11
60912,5
60915,9
60916,2
60918,5
60919,2
60921,6
60922,4
60924,3
60925,11
60928,11
60931,3
60934,12
60935,3
60937,3
60938,5
60940,1
60941,7
60947,13
60948,3
60950,3
60953,5
60954,7
60957,4
60960,14
60963,5
60964,1
60966,3
60967,5
60969,4
60970,3
60972,5
60973,8
60976,5
60979,10
60980,1
60982,3
60983,5
60985,10
60986,6
60988,3
60989,4
60992,18
60995,5
60996,1
60998,7
61001,2
61002,6
61004,1
61005,8
61008,4
61011,12
61012,2
61014,1
61015,3
61017,4
61018,8
61020,2
61021,5
61024,9
61027,4
61030,7
61031,5
61033,1
61034,5
61037,14
61040,8
61043,8
61044,1
61046,2
61047,1
61049,1
61050,9
61052,1
61053,5
61056,7
61059,4
61060,1
61062,7
61063,3
61065,4
61066,4
61068,2
61069,8
61072,7
61075,11
61076,3
61078,6
61079,3
61081,3
61082,2
61084,1
61085,7
61088,13
61091,1
61092,2
61094,6
61095,1
61098,5
61101,8
61104,7
61107,9
61108,2
61110,3
61111,4
61113,5
61114,8
61117,3
61120,12
61123,3
61124,3
61126,7
61127,1
61129,1
61130,1
61132,2
61133,11
61136,9
61139,9
61140,2
61142,3
61143,2
61145,5
61146,10
61148,2
61149,4
61152,7
61155,4
61156,1
61158,7
61159,6
61161,1
61162,4
61164,1
61165,6
61168,6
61171,10
61172,1
61174,2
61175,2
61177,1
61178,6
61180,1
61181,3
61184,13
61187,4
61188,1
61190,7
61191,2
61194,2
61196,3
61197,7
61200,6
61203,9
61204,3
61206,2
61207,3
61209,2
61210,7
61212,2
61213,1
61216,7
61219,3
61220,1
61222,6
61223,6
61225,4
61226,5
61228,3
61229,7
61232,4
61235,5
61236,4
61238,4
61239,1
61241,2
61242,4
61244,1
61245,5
61248,2
61251,5
61252,1
61254,4
61255,4
61257,1
61258,5
61260,4
61261,11
61264,7
61267,11
61268,2
61270,3
61271,2
61273,1
61274,6
61276,1
61277,5
61280,15
61283,7
61286,4
61287,3
61289,2
61290,2
61292,1
61293,9
61296,6
61299,7
61300,2
61302,5
61303,3
61305,6
61306,7
61308,1
61309,5
61312,9
61315,4
61316,2
61318,6
61319,4
61321,1
61322,2
61324,2
61325,7
61328,8
61331,5
61334,3
61335,3
61337,4
61338,7
61340,2
61341,7
61344,11
61347,10
61348,2
61350,3
61351,3
61353,4
61354,6
61356,1
61357,6
61360,9
61363,6
61364,1
61366,3
61367,4
61369,3
61370,15
61373,11
61376,10
61379,5
61380,2
61382,14
61383,5
61385,1
61386,4
61388,1
61389,6
61392,3
61395,10
61396,2
61398,2
61399,4
61401,6
61402,2
61404,2
61405,4
61408,11
61411,6
61412,4
61414,2
61415,5
61417,1
61418,1
61420,2
61421,5
61424,1
61427,7
61428,1
61430,3
61433,6
61434,4
61436,1
61437,6
61440,7
61443,1
61444,2
61446,10
61447,5
61449,2
61450,2
61453,12
61456,6
61459,8
61460,3
61463,1
61465,2
61466,5
61469,8
61472,15
61475,7
61478,7
61479,4
61481,1
61482,3
61484,1
61485,14
61488,9
61491,11
61492,1
61494,4
61497,3
61498,8
61500,1
61501,8
61504,9
61507,4
61508,1
61510,6
61511,4
61513,6
61514,4
61516,1
61517,8
61520,3
61523,5
61524,2
61529,8
61530,8
61532,1
61533,4
61536,4
61539,2
61540,1
61542,7
61543,5
61545,1
61546,2
61549,13
61552,11
61555,8
61556,2
61559,1
61561,8
61562,5
61564,2
61565,7
61568,17
61571,3
61572,2
61574,7
61575,6
61577,2
61578,6
61580,4
61581,8
61584,6
61587,5
61588,3
61590,3
61593,3
61594,6
61597,6
61600,12
61603,3
61604,1
61606,10
61607,4
61609,4
61610,3
61613,6
61616,8
61619,13
61622,1
61623,3
61625,6
61626,5
61628,3
61629,2
61632,8
61635,4
61636,1
61638,5
61639,5
61641,2
61642,5
61644,4
61645,6
61648,1
61651,9
61652,1
61654,2
61655,4
61657,3
61661,2
61664,8
61667,3
61668,1
61670,5
61671,6
61673,2
61674,7
61676,3
61677,7
61680,5
61683,11
61684,2
61686,3
61687,5
61689,2
61690,10
61693,4
61696,7
61699,7
61702,5
61703,8
61705,2
61706,2
61708,1
61709,1
61712,1
61715,8
61716,1
61718,3
61721,7
61722,9
61725,3
61728,8
61731,8
61732,2
61734,5
61735,4
61737,5
61738,5
61740,2
61741,6
61744,3
61747,9
61750,1
61753,3
61754,1
61757,3
61760,10
61763,3
61764,1
61766,8
61767,2
61769,4
61770,3
61772,1
61773,5
61776,5
61779,7
61780,3
61782,5
61783,2
61785,1
61786,8
61788,1
61789,4
61792,8
61795,8
61798,6
61799,3
61801,3
61802,2
61804,1
61805,9
61808,3
61811,8
61812,1
61814,7
61815,2
61817,3
61818,6
61821,5
61824,9
61827,4
61828,2
61830,6
61831,4
61833,4
61834,2
61836,4
61837,7
61840,4
61843,9
61844,3
61846,6
61847,3
61849,2
61850,6
61852,1
61853,8
61856,6
61859,2
61862,5
61863,3
61865,3
61866,2
61868,3
61869,6
61872,3
61875,9
61876,1
61878,3
61879,1
61881,3
61882,4
61884,2
61885,6
61888,11
61891,7
61892,2
61894,8
61895,3
61898,5
61900,1
61901,5
61904,3
61907,7
61908,2
61910,6
61913,2
61914,5
61917,4
61920,13
61923,1
61924,4
61926,6
61927,4
61929,1
61930,3
61932,2
61933,4
61936,3
61939,5
61940,1
61942,2
61943,3
61945,5
61946,5
61948,1
61949,1
61952,11
61955,7
61956,1
61958,6
61959,4
61961,2
61962,4
61964,1
61965,10
61968,2
61971,11
61972,1
61974,4
61975,3
61977,3
61978,4
61980,1
61981,4
61984,9
61987,5
61990,3
61991,7
61993,2
61994,3
61996,1
61997,13
62000,5
62003,4
62004,2
62006,2
62007,3
62009,5
62010,3
62012,2
62013,6
62016,10
62019,6
62020,1
62022,4
62023,3
62026,3
62028,1
62029,8
62032,5
62035,10
62036,2
62038,4
62039,2
62041,1
62042,10
62045,6
62048,9
62054,3
62055,6
62057,2
62058,3
62060,1
62061,15
62064,3
62067,12
62068,3
62070,4
62071,3
62073,5
62074,7
62077,1
62080,11
62086,11
62087,2
62089,3
62090,3
62092,1
62093,3
62096,8
62099,4
62100,2
62102,6
62103,1
62105,1
62106,9
62108,1
62109,3
62112,8
62115,1
62116,1
62118,6
62119,6
62121,1
62122,2
62125,7
62128,6
62131,8
62132,1
62134,2
62135,2
62137,4
62138,5
62140,1
62141,3
62144,15
62147,2
62148,1
62150,8
62151,1
62153,3
62154,3
62156,3
62157,8
62160,9
62163,6
62164,2
62166,4
62167,1
62169,4
62170,9
62172,1
62173,5
62176,10
62179,2
62180,2
62182,4
62183,1
62185,5
62186,4
62188,3
62189,9
62192,3
62195,6
62196,2
62198,1
62199,5
62201,3
62202,7
62205,4
62208,10
62211,3
62214,4
62215,3
62217,3
62218,2
62221,10
62224,4
62227,9
62228,1
62233,5
62234,6
62236,3
62237,6
62240,9
62243,5
62246,5
62247,1
62250,4
62252,3
62253,6
62256,4
62259,5
62262,3
62263,2
62265,3
62266,3
62269,3
62272,8
62275,6
62276,2
62278,6
62279,2
62281,3
62282,4
62284,2
62285,7
62288,5
62291,8
62292,1
62294,2
62297,3
62298,5
62300,1
62301,3
62304,3
62307,5
62308,2
62310,7
62311,2
62313,1
62314,1
62316,3
62317,13
62320,7
62323,5
62324,1
62326,1
62329,3
62330,2
62332,2
62333,1
62336,12
62339,7
62340,1
62342,7
62343,5
62345,2
62346,3
62348,1
62349,12
62352,2
62355,5
62356,1
62358,2
62359,2
62361,7
62362,5
62364,1
62365,9
62368,6
62371,2
62372,1
62374,5
62375,7
62377,1
62378,2
62380,1
62381,11
62384,3
62387,8
62388,1
62390,3
62391,4
62393,2
62394,8
62397,4
62400,5
62403,4
62404,1
62406,4
62407,10
62409,1
62410,4
62412,4
62413,8
62416,2
62419,5
62420,1
62422,4
62423,1
62425,5
62426,9
62429,3
62432,10
62435,3
62436,1
62438,7
62439,5
62441,2
62442,5
62444,2
62445,5
62448,4
62451,4
62452,1
62454,3
62455,1
62457,3
62458,4
62460,1
62461,2
62464,12
62467,1
62468,2
62470,9
62471,3
62473,2
62474,5
62476,5
62477,7
62480,11
62483,6
62484,3
62486,1
62489,2
62490,9
62492,1
62493,2
62496,14
62499,7
62502,5
62503,5
62505,4
62506,2
62508,2
62509,6
62512,5
62515,4
62516,1
62518,2
62519,1
62521,5
62522,3
62524,1
62525,1
62528,8
62531,5
62532,1
62534,7
62535,3
62538,2
62541,9
62544,8
62547,10
62548,2
62550,4
62551,2
62553,4
62554,6
62556,1
62557,1
62560,6
62563,7
62566,1
62567,3
62569,3
62570,3
62573,7
62576,6
62579,7
62582,1
62583,7
62585,2
62586,2
62589,4
62592,5
62595,1
62596,1
62598,3
62599,2
62601,4
62604,3
62605,7
62608,5
62611,5
62612,2
62614,6
62615,1
62617,4
62621,3
62624,5
62627,3
62628,2
62630,5
62631,3
62634,4
62637,7
62640,8
62643,7
62644,1
62646,2
62647,1
62649,5
62650,3
62652,1
62653,1
62656,10
62659,4
62660,2
62662,8
62663,2
62665,2
62666,5
62668,4
62669,8
62672,3
62675,8
62676,3
62678,5
62679,1
62681,7
62682,8
62684,1
62685,3
62688,15
62691,6
62692,1
62694,7
62695,5
62697,1
62698,3
62700,1
62701,6
62704,3
62707,8
62708,1
62710,6
62711,2
62713,2
62714,7
62716,2
62717,3
62720,7
62723,1
62726,7
62727,4
62729,1
62730,1
62732,1
62733,3
62736,6
62739,7
62740,4
62742,3
62743,6
62745,2
62746,5
62748,1
62749,4
62752,9
62755,5
62758,4
62759,3
62762,4
62764,3
62765,15
62768,3
62771,7
62772,2
62774,3
62775,1
62777,7
62778,9
62781,7
62784,10
62787,8
62790,5
62791,4
62794,4
62796,1
62797,6
62800,4
62803,10
62804,4
62806,1
62807,3
62809,3
62810,3
62812,1
62813,5
62816,8
62819,2
62820,2
62822,7
62823,2
62825,4
62826,4
62828,3
62829,5
62832,8
62835,7
62836,2
62838,1
62839,2
62841,3
62842,4
62844,1
62845,4
62848,6
62851,5
62852,1
62854,2
62855,3
62857,3
62860,1
62861,9
62864,7
62867,9
62868,2
62870,2
62871,2
62873,5
62874,3
62877,3
62880,9
62883,4
62884,2
62886,5
62887,2
62890,5
62892,2
62893,9
62896,2
62899,12
62900,2
62902,6
62903,1
62905,1
62906,7
62909,1
62912,10
62915,4
62916,1
62918,8
62919,2
62921,2
62922,4
62924,2
62925,8
62928,3
62931,9
62934,1
62935,1
62937,2
62938,6
62940,1
62941,3
62944,8
62947,3
62948,2
62950,1
62951,4
62954,3
62956,1
62957,9
62960,2
62963,9
62964,3
62967,1
62969,2
62970,5
62972,1
62973,8
62976,4
62979,6
62980,2
62982,4
62983,1
62985,1
62986,4
62989,4
62992,1
62995,8
62996,3
62998,1
62999,3
63001,6
63002,6
63005,4
63008,6
63011,4
63012,2
63014,6
63015,5
63017,4
63018,4
63020,1
63021,8
63024,2
63027,1
63028,1
63030,5
63033,2
63034,2
63036,1
63037,2
63040,4
63043,3
63046,2
63047,7
63049,1
63050,3
63052,2
63053,8
63056,2
63059,5
63060,2
63062,1
63063,5
63065,2
63066,7
63069,6
63072,7
63075,6
63076,1
63078,3
63079,6
63081,2
63082,2
63085,9
63088,4
63091,9
63092,4
63094,2
63095,2
63097,3
63098,3
63101,5
63104,8
63107,7
63108,1
63110,6
63111,2
63113,2
63114,3
63116,3
63117,7
63120,7
63123,4
63124,3
63126,1
63127,4
63129,3
63130,4
63133,8
63136,9
63139,3
63142,4
63143,5
63145,1
63146,2
63148,2
63149,6
63152,5
63155,8
63158,4
63161,4
63162,7
63164,2
63165,3
63168,9
63171,2
63174,3
63175,5
63177,1
63178,5
63180,1
63181,6
63184,4
63187,13
63190,2
63191,1
63193,5
63194,5
63196,1
63197,1
63200,5
63203,5
63204,1
63206,3
63207,2
63209,3
63210,5
63212,2
63213,7
63216,7
63219,6
63220,1
63222,5
63223,2
63225,2
63226,3
63228,2
63229,3
63232,7
63235,3
63236,1
63238,5
63239,1
63241,3
63242,2
63244,5
63245,7
63248,3
63251,5
63252,4
63254,3
63255,3
63257,4
63258,7
63260,1
63261,8
63264,7
63267,2
63270,10
63271,1
63273,1
63276,1
63277,8
63280,7
63283,6
63286,3
63287,1
63289,4
63290,5
63296,10
63299,2
63302,3
63303,4
63305,1
63306,2
63308,3
63309,6
63315,8
63318,2
63319,1
63321,6
63322,4
63324,1
63325,5
63328,9
63331,7
63332,1
63334,5
63335,2
63337,4
63340,1
63341,9
63344,4
63347,2
63348,2
63350,3
63351,3
63354,2
63356,1
63357,3
63360,9
63363,5
63364,3
63366,8
63367,9
63369,2
63370,2
63372,2
63373,3
63376,3
63379,5
63380,1
63385,4
63386,3
63389,2
63392,10
63395,3
63398,4
63399,5
63401,2
63402,2
63405,6
63408,4
63411,6
63414,2
63415,1
63417,4
63418,5
63420,2
63421,1
63424,6
63427,1
63428,1
63430,3
63431,3
63433,1
63434,1
63436,4
63437,5
63440,7
63443,8
63444,2
63446,3
63447,1
63449,5
63450,7
63453,3
63456,6
63459,6
63462,4
63463,1
63465,1
63466,4
63469,2
63472,6
63475,3
63476,3
63478,2
63479,3
63481,5
63482,1
63484,2
63485,4
63488,8
63491,3
63494,2
63495,4
63497,4
63498,1
63500,1
63501,11
63504,5
63507,5
63508,4
63510,3
63511,3
63513,2
63514,2
63517,4
63520,10
63523,4
63524,3
63526,3
63527,5
63529,1
63530,2
63533,5
63536,6
63539,9
63540,2
63542,1
63545,6
63546,5
63549,4
63552,6
63555,3
63558,7
63559,3
63561,2
63562,3
63564,2
63565,3
63568,8
63571,2
63572,2
63574,1
63575,1
63577,1
63578,3
63580,2
63581,6
63584,5
63587,2
63590,4
63591,4
63593,4
63594,1
63596,1
63597,3
63600,7
63603,5
63604,1
63606,2
63607,1
63609,3
63610,1
63612,2
63613,5
63616,6
63619,3
63620,2
63622,5
63623,3
63626,7
63628,2
63629,4
63632,1
63635,6
63638,5
63639,1
63641,5
63642,4
63644,2
63645,3
63648,4
63651,2
63655,4
63657,2
63658,2
63660,1
63661,2
63667,3
63668,2
63670,2
63671,1
63673,4
63674,3
63677,5
63680,11
63683,6
63686,3
63687,3
63689,1
63690,2
63692,4
63693,5
63696,2
63699,5
63702,4
63703,2
63705,3
63706,5
63709,5
63712,6
63715,2
63716,1
63718,3
63719,5
63721,4
63722,4
63724,4
63725,1
63728,5
63731,5
63732,3
63734,1
63737,3
63738,4
63740,1
63741,5
63744,8
63747,1
63750,2
63751,2
63753,2
63754,2
63756,2
63757,7
63760,3
63763,10
63764,1
63766,2
63767,1
63769,1
63770,5
63772,2
63773,6
63776,8
63779,2
63780,1
63782,9
63783,3
63785,1
63786,3
63789,4
63795,4
63796,1
63798,4
63801,1
63802,5
63804,2
63805,3
63808,5
63811,5
63812,1
63814,3
63815,4
63817,1
63820,1
63821,9
63824,3
63827,5
63828,1
63830,2
63831,2
63833,2
63834,6
63837,3
63840,12
63843,4
63844,1
63846,5
63847,2
63849,2
63850,2
63852,2
63853,5
63856,7
63859,6
63862,2
63863,2
63865,1
63866,6
63869,2
63872,9
63875,4
63878,5
63879,1
63881,1
63882,1
63884,2
63885,7
63888,3
63891,3
63892,1
63894,5
63897,2
63898,7
63901,3
63904,11
63907,1
63908,1
63910,4
63911,4
63913,1
63914,3
63917,2
63920,3
63923,5
63924,1
63926,1
63927,4
63929,4
63930,5
63932,3
63933,3
63936,7
63939,5
63942,1
63943,2
63945,2
63946,4
63949,7
63952,3
63955,10
63956,1
63958,2
63959,1
63961,2
63962,8
63965,2
63968,6
63971,6
63972,1
63974,2
63975,1
63977,3
63978,3
63980,2
63981,7
63984,5
63987,5
63993,1
63994,3
63997,4
64000,7
64003,4
64006,1
64007,4
64009,3
64010,4
64012,3
64013,3
64016,3
64019,9
64020,2
64022,2
64025,2
64026,8
64029,5
64032,9
64035,1
64038,2
64039,1
64041,1
64042,3
64045,5
64048,3
64051,6
64052,2
64054,1
64055,2
64057,4
64058,8
64060,2
64061,2
64064,3
64067,8
64068,1
64071,4
64073,1
64074,4
64076,1
64077,7
64080,3
64083,3
64086,3
64087,2
64089,2
64090,4
64092,1
64093,3
64096,6
64099,4
64100,1
64102,4
64103,2
64105,2
64106,2
64108,1
64109,6
64112,4
64115,7
64116,2
64118,4
64121,3
64122,4
64125,2
64128,7
64131,2
64134,1
64135,3
64137,1
64138,1
64140,2
64141,3
64144,4
64147,4
64148,1
64150,1
64151,3
64153,1
64154,4
64156,1
64157,4
64160,6
64163,4
64166,5
64167,1
64169,1
64170,1
64172,1
64173,7
64176,5
64179,5
64180,2
64182,4
64183,1
64185,1
64186,3
64188,1
64189,1
64192,3
64195,1
64196,1
64198,4
64199,4
64201,2
64202,3
64204,1
64205,3
64208,5
64211,3
64214,2
64215,1
64217,2
64218,3
64224,8
64227,1
64230,2
64233,1
64234,3
64236,4
64237,4
64240,2
64243,2
64244,1
64246,1
64247,1
64249,5
64250,6
64253,4
64256,6
64259,3
64260,1
64262,6
64263,5
64265,3
64266,1
64268,3
64269,9
64272,4
64275,4
64276,1
64278,2
64279,1
64281,3
64282,5
64285,4
64288,5
64291,6
64292,1
64294,3
64295,1
64298,1
64301,5
64304,4
64307,10
64308,1
64310,5
64311,2
64313,2
64314,3
64316,2
64317,4
64320,8
64323,2
64324,1
64326,6
64327,1
64330,2
64332,1
64333,5
64336,3
64339,6
64340,2
64342,2
64343,2
64345,2
64346,7
64348,1
64349,2
64352,10
64355,4
64356,3
64358,6
64359,1
64362,1
64364,2
64365,2
64371,6
64372,2
64374,3
64375,3
64377,2
64378,2
64381,3
64384,8
64387,4
64390,1
64391,1
64393,3
64394,2
64397,5
64400,2
64403,6
64404,1
64406,4
64409,1
64410,4
64413,2
64416,7
64419,1
64420,1
64422,3
64423,4
64426,2
64429,6
64432,5
64435,7
64436,1
64438,1
64439,2
64441,5
64442,2
64445,3
64448,5
64451,3
64452,1
64454,6
64455,5
64457,1
64458,2
64460,1
64461,6
64464,6
64467,5
64468,1
64470,2
64471,3
64473,2
64474,2
64477,1
64480,8
64483,4
64486,5
64487,1
64493,8
64496,5
64499,2
64502,5
64503,1
64505,5
64506,1
64508,1
64509,5
64512,3
64515,2
64518,2
64519,2
64521,2
64522,3
64524,2
64525,5
64528,2
64531,5
64532,1
64534,3
64535,2
64537,5
64538,2
64540,2
64541,4
64544,3
64547,2
64548,2
64550,3
64553,1
64554,3
64556,2
64557,10
64560,1
64563,5
64564,1
64566,2
64569,1
64570,3
64573,4
64576,4
64579,1
64580,1
64582,3
64583,4
64585,2
64589,3
64592,4
64595,5
64596,1
64598,4
64599,2
64601,3
64602,4
64605,4
64608,6
64611,4
64612,1
64614,2
64615,3
64617,1
64618,5
64621,3
64624,4
64627,6
64628,2
64630,2
64631,1
64633,4
64634,3
64636,1
64640,3
64643,4
64646,4
64647,1
64649,3
64650,1
64652,2
64653,6
64656,3
64659,2
64662,2
64665,1
64666,6
64672,5
64675,2
64676,2
64678,4
64679,5
64681,1
64682,3
64684,2
64685,2
64688,5
64691,3
64692,1
64694,6
64695,2
64697,2
64698,4
64700,1
64701,3
64704,4
64707,3
64710,5
64711,7
64717,5
64720,5
64723,8
64724,3
64726,2
64729,3
64730,5
64732,1
64733,1
64736,3
64739,3
64742,1
64743,3
64745,1
64746,2
64748,1
64749,5
64752,3
64755,2
64756,2
64758,1
64761,3
64762,1
64765,2
64768,7
64771,7
64774,1
64775,1
64777,2
64778,2
64780,2
64781,6
64784,3
64787,7
64788,1
64790,1
64791,2
64793,2
64794,6
64797,1
64800,3
64803,2
64806,4
64807,2
64809,1
64810,2
64812,1
64813,11
64816,6
64819,3
64820,1
64822,3
64825,2
64826,5
64828,2
64829,2
64832,3
64835,9
64838,6
64839,2
64841,1
64842,3
64845,2
64848,6
64851,12
64852,3
64854,1
64857,2
64858,4
64861,4
64864,8
64867,3
64870,5
64871,2
64873,4
64874,1
64876,2
64877,5
64880,2
64883,8
64884,2
64886,2
64889,2
64890,7
64893,2
64896,6
64899,4
64902,2
64903,1
64905,1
64906,3
64908,1
64909,8
64912,4
64915,6
64916,1
64918,2
64919,1
64921,2
64922,6
64928,7
64931,4
64932,1
64935,4
64937,2
64941,3
64944,3
64947,6
64948,3
64950,1
64951,2
64953,3
64954,4
64957,4
64960,7
64963,2
64966,3
64967,2
64969,5
64973,9
64976,5
64979,6
64980,3
64982,2
64985,1
64986,3
64988,1
64989,3
64992,6
64995,4
64996,1
64998,3
64999,2
65001,2
65002,1
65004,4
65005,2
65008,2
65011,4
65012,3
65014,2
65015,1
65018,1
65021,4
65024,4
65027,3
65028,1
65030,4
65031,1
65033,2
65034,1
65036,2
65037,3
65040,1
65043,5
65044,1
65046,2
65047,2
65049,1
65050,3
65052,2
65053,3
65056,4
65059,5
65062,2
65063,2
65065,2
65068,1
65069,2
65072,2
65075,3
65076,3
65078,1
65079,1
65081,4
65084,1
65085,5
65088,10
65091,1
65094,2
65095,2
65097,3
65098,5
65101,2
65104,2
65107,2
65111,1
65113,4
65114,3
65117,1
65120,7
65123,1
65129,1
65130,1
65132,1
65133,8
65136,2
65139,4
65140,2
65142,1
65143,3
65145,1
65146,3
65149,3
65152,1
65155,3
65158,4
65159,1
65161,3
65162,2
65164,3
65165,2
65168,3
65171,5
65172,1
65174,1
65175,1
65177,2
65178,4
65181,1
65184,5
65187,2
65190,8
65191,1
65193,1
65194,4
65197,1
65203,3
65204,1
65206,5
65207,3
65209,1
65210,3
65213,4
65216,7
65219,3
65222,2
65223,2
65226,2
65229,3
65232,5
65235,6
65236,1
65239,2
65241,1
65245,3
65248,6
65251,4
65252,1
65254,3
65255,1
65258,1
65260,1
65261,5
65264,2
65267,4
65268,2
65270,4
65271,2
65273,2
65274,2
65276,1
65277,2
65280,6
65283,3
65286,4
65287,3
65289,1
65290,2
65292,1
65293,4
65296,3
65299,3
65300,1
65302,1
65305,2
65306,2
65308,1
65309,2
65312,3
65315,2
65316,1
65318,2
65321,1
65324,4
65325,6
65328,2
65331,2
65335,2
65337,2
65338,3
65340,1
65341,3
65344,5
65347,1
65351,1
65353,2
65354,1
65356,1
65357,3
65360,2
65363,5
65366,4
65367,1
65369,5
65370,1
65372,1
65373,2
65376,10
65379,3
65380,1
65382,6
65383,5
65385,2
65386,4
65388,1
65389,5
65392,1
65395,5
65396,3
65398,1
65401,2
65402,6
65404,1
65405,1
65408,7
65411,2
65412,1
65414,2
65415,2
65418,1
65420,2
65421,8
65424,7
65427,2
65430,2
65431,2
65433,1
65434,3
65437,2
65440,7
65443,2
65444,1
65446,5
65447,1
65449,1
65450,2
65452,3
65453,2
65456,2
65459,3
65462,4
65463,2
65466,6
65468,1
65469,1
65472,9
65475,1
65478,2
65479,3
65481,1
65482,2
65484,1
65485,6
65488,3
65491,7
65492,1
65494,1
65495,1
65497,4
65498,3
65501,1
65504,4
65507,5
65510,6
65511,4
65516,1
65520,2
65523,4
65524,2
65526,3
65529,4
65536,3
65539,1
65540,2
65542,4
65545,2
65546,1
65549,6
65552,2
65555,3
65556,2
65558,3
65559,1
65561,2
65562,3
65565,1
65568,5
65571,2
65574,1
65575,4
65577,1
65578,1
65580,3
65581,4
65584,2
65587,2
65588,4
65590,2
65591,1
65593,2
65594,2
65597,3
65600,5
65603,5
65604,1
65606,2
65607,1
65610,3
65613,3
65616,8
65619,4
65620,2
65622,1
65625,1
65626,3
65628,1
65629,4
65632,8
65635,3
65636,1
65638,2
65639,2
65642,1
65645,1
65648,2
65651,3
65652,1
65654,2
65655,2
65657,2
65658,1
65661,2
65664,5
65667,3
65670,2
65676,1
65680,2
65683,1
65684,2
65686,2
65687,1
65689,1
65690,3
65693,1
65696,8
65702,1
65703,2
65705,1
65709,4
65712,3
65718,2
65719,1
65721,4
65722,5
65724,1
65725,1
65728,5
65731,1
65732,1
65735,2
65738,4
65740,1
65741,3
65744,2
65747,6
65748,1
65750,2
65751,1
65753,5
65754,3
65756,1
65757,4
65760,2
65763,1
65766,2
65767,3
65769,1
65773,3
65776,3
65779,4
65780,1
65782,1
65783,2
65785,2
65786,3
65788,1
65789,1
65792,3
65795,2
65796,1
65798,1
65799,2
65801,1
65804,1
65805,5
65808,2
65811,7
65812,1
65814,2
65815,1
65817,3
65818,4
65820,1
65824,7
65827,2
65830,4
65831,2
65834,2
65836,3
65837,8
65840,2
65843,6
65844,1
65846,2
65847,1
65849,2
65850,1
65852,1
65853,4
65856,3
65859,2
65862,8
65865,2
65869,2
65872,2
65875,6
65876,1
65878,2
65881,1
65882,5
65884,2
65885,4
65888,5
65891,1
65898,2
65900,1
65901,5
65904,2
65908,1
65910,2
65911,1
65913,2
65914,3
65920,4
65923,2
65926,5
65927,3
65929,4
65930,1
65933,5
65939,3
65940,1
65942,1
65943,2
65945,1
65946,2
65948,1
65952,2
65955,2
65956,1
65958,1
65959,2
65961,1
65962,1
65964,2
65965,4
65968,1
65971,1
65972,1
65974,2
65977,4
65978,3
65984,4
65987,1
65990,5
65993,2
65994,3
65996,1
65997,3
66000,4
66003,1
66009,3
66013,1
66016,5
66022,1
66023,1
66025,5
66026,1
66029,5
66032,2
66035,2
66038,1
66039,2
66041,3
66042,5
66045,1
66048,2
66051,1
66052,1
66054,4
66055,4
66057,4
66058,3
66061,3
66064,2
66067,3
66070,1
66071,2
66074,3
66077,2
66080,2
66083,2
66086,5
66087,6
66089,2
66090,1
66093,3
66099,2
66100,1
66103,1
66105,1
66106,4
66108,1
66109,3
66112,6
66115,2
66119,2
66121,3
66122,1
66125,2
66128,1
66131,2
66132,1
66134,1
66137,3
66138,4
66140,1
66144,2
66147,3
66150,3
66151,3
66153,1
66154,1
66156,1
66157,2
66160,4
66163,4
66166,1
66167,2
66169,2
66170,3
66173,4
66176,6
66182,3
66183,1
66186,2
66188,2
66189,3
66192,1
66195,4
66196,2
66198,2
66199,2
66201,1
66202,2
66205,1
66208,4
66214,3
66215,3
66217,3
66221,5
66224,2
66227,2
66228,2
66230,1
66234,3
66237,1
66240,6
66243,2
66247,2
66249,1
66250,1
66253,4
66256,4
66259,4
66260,1
66262,1
66263,1
66266,2
66268,1
66269,2
66272,5
66275,2
66278,1
66279,1
66284,1
66285,3
66288,3
66291,4
66294,2
66295,1
66297,1
66298,2
66304,6
66307,4
66310,3
66311,1
66313,1
66314,1
66316,2
66317,2
66320,4
66323,1
66326,1
66327,1
66329,1
66330,1
66333,2
66336,5
66339,1
66340,1
66342,5
66343,5
66345,3
66346,2
66349,3
66352,1
66355,2
66358,2
66359,2
66361,3
66365,3
66368,2
66374,6
66375,1
66377,2
66380,2
66381,2
66384,3
66390,2
66391,2
66393,1
66394,1
66397,2
66400,3
66403,1
66406,2
66407,2
66410,3
66412,2
66413,4
66416,3
66419,3
66422,2
66423,1
66425,2
66429,1
66432,4
66438,3
66439,1
66442,1
66444,2
66445,4
66451,5
66452,1
66457,2
66458,2
66461,3
66464,6
66467,2
66468,1
66470,2
66471,1
66474,2
66477,2
66480,2
66483,4
66484,2
66486,2
66489,2
66490,4
66492,1
66493,1
66496,2
66499,4
66500,2
66503,1
66505,2
66506,1
66508,3
66512,1
66515,4
66516,1
66518,1
66521,2
66522,2
66524,1
66528,5
66531,1
66534,6
66535,1
66537,1
66538,1
66540,1
66541,3
66544,3
66547,4
66550,1
66551,1
66553,1
66556,1
66557,1
66560,4
66563,2
66566,3
66567,1
66569,3
66570,1
66572,1
66573,3
66576,3
66579,2
66582,3
66585,2
66586,7
66589,2
66592,9
66595,3
66598,4
66599,3
66601,2
66604,1
66605,2
66608,4
66611,1
66612,1
66615,1
66617,3
66618,3
66624,6
66627,6
66630,3
66631,2
66633,3
66637,3
66640,3
66643,3
66644,1
66646,2
66647,1
66649,4
66650,4
66653,5
66656,1
66659,2
66660,1
66662,2
66663,2
66666,2
66668,2
66669,3
66675,3
66676,2
66678,1
66682,3
66688,4
66691,3
66692,1
66694,2
66695,2
66697,1
66698,1
66700,1
66704,1
66707,1
66713,2
66714,5
66716,2
66717,7
66720,2
66723,2
66726,4
66727,1
66730,4
66732,1
66733,2
66736,4
66742,1
66743,1
66748,1
66749,1
66752,7
66755,1
66756,1
66758,4
66759,2
66762,4
66765,3
66771,7
66774,3
66775,1
66778,2
66781,2
66784,4
66787,3
66788,1
66790,3
66791,1
66793,3
66794,2
66796,1
66797,3
66800,1
66803,1
66804,1
66806,1
66809,1
66810,7
66813,1
66816,8
66820,1
66822,1
66823,3
66828,1
66829,2
66832,7
66835,1
66838,1
66841,3
66848,3
66851,2
66854,1
66855,2
66861,2
66864,3
66867,4
66870,1
66873,2
66874,1
66876,1
66877,1
66880,3
66883,1
66886,6
66887,1
66890,1
66893,3
66896,2
66899,3
66902,1
66905,2
66906,6
66909,2
66912,1
66918,4
66919,1
66922,1
66924,1
66928,2
66931,5
66932,2
66934,2
66937,1
66938,3
66941,3
66944,5
66947,2
66950,1
66951,1
66953,1
66954,2
66956,2
66957,4
66960,2
66963,4
66966,2
66967,4
66969,4
66970,4
66976,2
66979,1
66982,3
66983,2
66988,2
66989,3
66992,2
66995,3
66996,1
66998,2
67002,4
67004,1
67005,2
67008,4
67014,3
67015,1
67017,1
67021,2
67024,3
67027,5
67030,1
67031,1
67033,1
67034,4
67036,1
67040,6
67043,3
67046,1
67047,2
67049,1
67050,1
67052,1
67053,3
67056,1
67059,2
67062,1
67063,2
67066,2
67072,3
67075,2
67078,2
67079,1
67081,2
67084,1
67085,3
67088,1
67091,3
67092,1
67094,1
67097,1
67098,4
67100,1
67101,3
67104,6
67107,1
67108,1
67110,2
67111,3
67114,1
67117,1
67120,3
67123,4
67124,2
67126,1
67127,1
67129,3
67130,2
67132,1
67133,1
67136,2
67139,2
67142,1
67145,1
67146,1
67149,4
67152,2
67155,2
67161,1
67162,3
67164,2
67168,6
67175,4
67180,1
67184,2
67187,4
67188,2
67190,1
67191,1
67193,3
67194,1
67196,2
67197,1
67200,6
67203,1
67206,2
67207,2
67210,1
67213,4
67216,1
67219,2
67222,4
67223,4
67225,1
67226,3
67229,2
67232,3
67235,2
67238,1
67239,1
67241,1
67242,1
67244,1
67245,3
67248,1
67251,4
67254,2
67255,1
67258,2
67260,1
67261,1
67264,8
67267,2
67270,2
67271,2
67274,2
67276,1
67277,1
67280,2
67283,2
67284,1
67287,1
67289,1
67290,2
67293,1
67296,11
67299,1
67300,1
67302,1
67303,4
67306,1
67309,1
67312,1
67315,2
67316,1
67318,1
67319,1
67322,1
67324,1
67325,1
67328,4
67331,3
67334,4
67335,1
67340,2
67341,3
67344,2
67347,2
67348,1
67350,1
67353,1
67354,5
67357,2
67360,2
67363,3
67367,3
67372,2
67373,1
67376,2
67379,2
67380,1
67385,1
67386,2
67389,1
67392,4
67398,1
67399,1
67401,1
67402,1
67405,1
67408,1
67411,1
67414,1
67415,2
67417,4
67418,3
67420,1
67421,2
67424,2
67427,1
67430,1
67433,1
67437,1
67440,3
67443,6
67446,2
67447,2
67450,2
67452,1
67453,1
67456,1
67459,1
67462,3
67463,2
67465,1
67468,1
67469,4
67472,3
67475,2
67478,1
67482,4
67484,1
67485,1
67488,3
67494,1
67495,4
67497,1
67498,1
67500,3
67501,4
67504,4
67507,3
67508,1
67511,6
67513,1
67514,1
67517,2
67520,3
67523,2
67526,1
67527,1
67530,3
67532,1
67533,1
67536,3
67539,3
67543,1
67546,3
67548,1
67549,1
67552,7
67555,2
67556,1
67559,1
67565,1
67568,1
67571,1
67574,1
67575,2
67578,3
67581,2
67584,3
67587,1
67588,1
67591,2
67594,1
67597,2
67600,2
67603,3
67606,2
67609,1
67610,2
67612,2
67616,3
67622,1
67623,2
67625,2
67626,1
67628,2
67629,4
67632,2
67635,2
67638,2
67639,1
67641,2
67642,2
67644,1
67648,4
67654,1
67655,2
67657,1
67658,1
67661,1
67664,2
67667,3
67670,1
67674,1
67676,2
67677,2
67680,3
67686,2
67687,3
67690,1
67692,1
67693,2
67696,3
67699,4
67702,1
67703,1
67705,1
67706,3
67709,2
67712,3
67715,1
67718,1
67719,1
67722,2
67724,2
67725,4
67728,2
67734,1
67737,4
67738,1
67741,1
67744,4
67747,1
67748,2
67750,1
67751,1
67753,2
67754,1
67756,1
67757,4
67760,2
67763,3
67764,1
67766,1
67769,1
67770,2
67773,3
67776,1
67779,2
67783,1
67789,1
67792,1
67795,3
67796,1
67798,2
67801,2
67802,4
67808,6
67814,2
67815,1
67820,1
67821,1
67824,1
67827,1
67828,2
67830,1
67831,1
67833,3
67836,1
67837,1
67840,4
67843,1
67846,1
67849,1
67850,1
67852,1
67853,2
67859,1
67860,3
67866,2
67869,4
67872,2
67875,1
67878,2
67879,1
67882,1
67884,1
67885,2
67888,2
67891,3
67897,1
67898,3
67901,2
67904,2
67907,1
67910,2
67911,1
67914,1
67916,2
67917,1
67923,1
67924,1
67926,2
67927,1
67930,5
67933,2
67936,1
67939,3
67942,3
67943,2
67945,1
67948,1
67949,10
67952,1
67955,3
67956,3
67958,1
67961,1
67962,4
67965,1
67968,2
67971,1
67975,3
67978,3
67980,2
67981,4
67984,1
67987,4
67990,1
67991,1
67994,1
67997,1
68000,3
68003,2
68006,2
68009,3
68010,1
68012,3
68013,3
68019,1
68026,1
68029,2
68032,3
68035,1
68038,1
68045,3
68048,1
68054,2
68055,1
68057,1
68058,3
68061,2
68064,3
68067,3
68070,2
68076,1
68077,3
68080,2
68083,4
68087,1
68090,2
68093,3
68096,3
68099,1
68102,1
68103,1
68106,1
68108,1
68109,4
68112,1
68115,1
68118,2
68122,1
68124,1
68128,2
68134,2
68137,1
68141,2
68144,2
68147,3
68148,1
68150,1
68151,1
68153,1
68154,2
68157,3
68160,2
68166,1
68169,1
68170,1
68172,2
68173,1
68176,1
68179,2
68180,1
68185,1
68186,1
68189,3
68192,5
68195,2
68199,1
68205,3
68208,1
68211,2
68214,1
68215,1
68218,2
68224,1
68230,2
68231,1
68233,1
68240,4
68243,2
68244,3
68250,1
68256,2
68263,2
68266,1
68268,2
68269,1
68272,2
68275,1
68278,1
68279,2
68281,1
68285,1
68288,1
68291,1
68294,1
68295,2
68298,1
68300,1
68301,3
68304,1
68307,1
68308,1
68310,2
68313,1
68314,2
68316,1
68317,2
68320,1
68323,3
68324,1
68326,1
68329,1
68330,6
68332,1
68336,1
68339,4
68345,1
68348,1
68349,1
68352,1
68355,1
68356,1
68358,2
68359,1
68362,1
68365,2
68368,1
68371,3
68374,1
68377,1
68378,2
68380,1
68381,1
68384,1
68387,1
68391,1
68393,1
68397,4
68403,3
68409,1
68410,1
68412,1
68413,1
68416,1
68419,1
68422,2
68423,2
68426,1
68428,1
68429,5
68432,4
68435,1
68436,1
68441,1
68442,3
68445,4
68451,2
68455,1
68464,2
68467,2
68468,2
68470,1
68471,2
68474,2
68480,4
68483,1
68487,4
68493,3
68499,2
68506,2
68509,2
68512,3
68515,3
68519,2
68521,1
68525,1
68528,5
68534,2
68535,1
68538,1
68541,1
68544,2
68548,1
68551,1
68553,1
68557,3
68560,1
68563,1
68564,1
68566,2
68567,1
68569,1
68570,1
68573,1
68576,3
68579,1
68588,1
68589,7
68598,1
68601,1
68602,2
68604,1
68608,1
68615,2
68618,1
68621,5
68624,1
68627,1
68628,2
68631,1
68634,1
68637,2
68640,3
68644,1
68646,3
68650,3
68652,1
68653,1
68656,1
68660,1
68665,1
68666,1
68669,1
68672,2
68678,1
68679,1
68681,1
68682,1
68684,2
68685,1
68688,2
68691,1
68694,2
68697,1
68698,1
68704,3
68707,2
68708,1
68710,1
68711,2
68717,2
68720,1
68723,1
68726,1
68729,1
68730,2
68732,4
68733,1
68736,1
68742,1
68743,1
68745,1
68746,1
68749,6
68755,4
68758,1
68759,1
68761,2
68768,2
68775,3
68777,1
68780,1
68781,3
68784,4
68787,4
68793,2
68794,1
68797,1
68800,1
68803,1
68806,1
68809,1
68810,1
68812,2
68813,1
68819,1
68820,1
68829,2
68832,3
68835,1
68839,1
68841,1
68842,1
68844,1
68848,3
68851,2
68852,2
68860,1
68861,4
68864,4
68867,5
68870,2
68871,3
68877,3
68880,1
68883,7
68886,1
68890,1
68893,2
68896,3
68899,1
68902,2
68905,1
68909,1
68912,1
68915,1
68918,1
68919,1
68921,2
68925,1
68928,2
68931,1
68941,3
68947,3
68950,1
68954,1
68957,2
68960,2
68963,1
68966,2
68976,3
68979,1
68980,1
68982,2
68986,1
68992,4
68998,1
68999,2
69002,1
69005,1
69011,1
69012,1
69014,1
69017,1
69024,2
69030,1
69034,1
69036,2
69037,2
69040,2
69043,1
69044,1
69047,2
69049,4
69050,1
69053,2
69056,2
69066,1
69075,2
69078,3
69081,1
69085,5
69088,1
69091,1
69095,1
69098,2
69101,1
69107,2
69108,1
69113,2
69114,1
69117,1
69120,1
69123,1
69126,2
69139,3
69142,1
69145,1
69146,1
69148,1
69152,3
69155,2
69158,2
69159,2
69161,1
69162,1
69171,1
69175,1
69177,1
69184,1
69187,3
69190,3
69193,1
69194,1
69196,1
69197,5
69200,2
69203,1
69207,1
69210,2
69213,1
69216,3
69219,1
69222,2
69226,1
69232,1
69235,2
69242,3
69248,2
69251,1
69254,2
69255,1
69258,2
69264,2
69267,2
69270,1
69271,1
69273,3
69274,2
69277,1
69280,1
69284,1
69286,2
69292,1
69296,2
69299,1
69302,2
69309,3
69312,2
69318,4
69319,1
69324,1
69325,1
69331,2
69344,4
69347,2
69357,4
69360,1
69363,2
69366,1
69370,1
69376,2
69379,2
69382,2
69383,1
69389,2
69392,1
69395,1
69398,2
69402,1
69404,1
69405,1
69408,2
69414,1
69415,1
69417,1
69421,4
69427,2
69430,2
69431,1
69434,2
69440,2
69446,1
69447,3
69449,2
69450,1
69453,2
69456,1
69459,2
69460,1
69466,1
69472,4
69476,1
69478,5
69479,1
69485,1
69488,1
69492,1
69494,1
69498,3
69501,1
69508,1
69511,2
69513,1
69514,2
69517,2
69523,2
69526,2
69529,1
69536,3
69539,1
69542,3
69543,2
69545,1
69546,1
69548,1
69549,2
69555,2
69561,1
69568,3
69572,1
69587,4
69588,1
69591,2
69593,3
69594,1
69597,2
69600,1
69604,1
69606,1
69613,1
69619,2
69620,1
69632,1
69635,3
69638,1
69641,1
69642,1
69645,1
69651,2
69654,1
69655,2
69657,1
69660,1
69664,2
69667,1
69670,2
69683,3
69687,1
69690,1
69693,1
69696,2
69699,1
69702,1
69703,1
69709,3
69715,1
69721,1
69722,1
69725,4
69728,2
69731,2
69735,1
69738,1
69740,1
69747,1
69750,1
69754,3
69760,5
69770,2
69773,4
69783,1
69785,2
69788,1
69792,1
69795,1
69798,2
69799,1
69801,2
69811,3
69817,1
69818,1
69827,1
69830,1
69834,1
69836,2
69837,1
69840,1
69843,3
69844,1
69849,1
69850,1
69852,1
69853,1
69856,4
69859,1
69869,2
69872,1
69875,2
69881,1
69885,2
69888,1
69894,2
69895,1
69898,3
69904,2
69907,1
69908,1
69913,3
69914,2
69920,2
69927,1
69929,1
69933,2
69936,2
69940,1
69942,1
69946,3
69948,1
69949,1
69958,1
69959,2
69961,1
69964,1
69968,1
69971,3
69972,1
69984,1
69990,1
69997,1
70000,1
70003,1
70009,1
70010,3
70012,1
70016,1
70023,1
70025,1
70032,2
70035,2
70038,1
70039,1
70041,4
70048,2
70052,1
70054,2
70055,1
70067,2
70070,1
70073,1
70086,1
70102,1
70103,1
70105,2
70112,3
70116,1
70119,1
70121,1
70125,2
70131,3
70134,3
70137,2
70138,2
70147,2
70150,1
70151,1
70163,1
70164,1
70167,1
70169,1
70176,3
70182,2
70185,2
70186,1
70189,1
70192,1
70195,1
70196,1
70202,1
70208,3
70220,2
70221,1
70224,3
70227,1
70230,1
70231,1
70234,1
70237,1
70240,5
70243,2
70253,1
70256,2
70259,3
70263,1
70265,1
70266,2
70272,2
70276,1
70279,1
70284,1
70288,1
70291,2
70294,2
70295,1
70297,1
70298,2
70301,1
70304,1
70310,2
70314,3
70316,1
70317,3
70323,1
70327,1
70329,1
70330,1
70332,1
70336,1
70340,1
70343,2
70345,2
70346,1
70348,1
70349,4
70355,2
70358,1
70362,1
70368,1
70371,2
70378,1
70381,1
70387,1
70391,2
70394,1
70397,3
70403,1
70406,1
70409,1
70413,2
70416,1
70419,3
70425,1
70426,1
70438,2
70442,1
70445,2
70451,5
70457,1
70464,3
70467,1
70470,2
70471,1
70476,2
70480,1
70484,1
70490,2
70496,3
70502,1
70503,1
70505,1
70509,1
70515,2
70516,1
70518,1
70519,1
70521,2
70525,2
70528,2
70540,1
70541,3
70550,1
70553,1
70554,1
70563,1
70564,1
70566,1
70567,1
70570,1
70572,1
70573,1
70576,2
70579,3
70580,1
70595,1
70596,1
70598,1
70605,1
70611,2
70617,3
70618,2
70621,1
70624,1
70630,1
70637,1
70640,1
70643,1
70646,1
70647,2
70649,1
70662,1
70663,1
70666,1
70669,1
70675,1
70678,2
70682,1
70688,2
70692,1
70694,1
70700,1
70701,1
70704,2
70707,1
70711,1
70713,1
70720,4
70726,1
70733,2
70736,3
70739,2
70740,1
70742,1
70752,1
70755,2
70758,1
70768,1
70771,1
70777,1
70784,3
70791,1
70793,1
70794,3
70796,1
70797,2
70800,1
70803,1
70804,3
70807,1
70813,1
70819,1
70822,1
70829,1
70835,2
70839,1
70845,2
70860,1
70861,1
70864,1
70867,1
70870,1
70874,1
70886,1
70887,2
70896,1
70902,1
70906,1
70909,1
70912,1
70915,1
70925,1
70928,1
70932,1
70934,1
70937,2
70938,1
70944,1
70951,2
70954,2
70957,1
70963,4
70964,1
70969,1
70970,1
70976,1
70982,1
70988,1
70989,2
70999,1
71008,2
71011,1
71015,1
71024,2
71027,1
71034,1
71037,1
71040,1
71043,1
71046,1
71050,3
71056,1
71062,2
71069,2
71072,2
71075,1
71078,1
71082,1
71085,1
71091,1
71094,1
71097,2
71098,1
71101,1
71104,1
71110,1
71111,2
71117,1
71120,1
71123,2
71126,1
71127,1
71129,2
71130,1
71133,1
71139,2
71142,1
71146,1
71152,2
71159,1
71161,1
71162,1
71168,1
71174,2
71175,1
71180,1
71181,1
71184,1
71187,1
71194,1
71197,1
71200,2
71204,1
71207,2
71210,1
71213,2
71219,4
71229,1
71235,1
71244,1
71245,1
71248,1
71258,2
71261,1
71270,1
71290,1
71293,1
71296,1
71302,1
71303,1
71312,2
71315,2
71316,2
71319,1
71321,1
71322,1
71324,1
71325,1
71331,1
71332,1
71334,1
71335,1
71341,1
71344,2
71347,1
71351,1
71354,1
71357,2
71360,3
71364,1
71376,1
71382,1
71385,1
71386,1
71392,3
71398,1
71405,2
71418,1
71428,1
71437,1
71440,1
71443,1
71450,1
71453,1
71456,3
71459,1
71465,1
71469,2
71472,1
71475,2
71478,1
71488,1
71491,1
71494,1
71498,1
71500,1
71501,1
71504,2
71507,1
71513,1
71520,1
71533,2
71539,2
71546,1
71552,2
71562,1
71565,3
71568,2
71577,1
71584,1
71612,1
71616,1
71628,1
71629,1
71635,2
71648,2
71668,1
71673,1
71674,1
71680,1
71690,1
71692,2
71693,1
71699,1
71703,1
71706,1
71712,1
71728,1
71731,1
71741,1
71750,1
71772,1
71776,1
71779,1
71782,1
71783,1
71789,1
71792,2
71815,1
71821,1
71827,1
71830,1
71833,1
71840,2
71843,1
71846,3
71847,1
71862,2
71866,1
71885,1
71888,1
71895,1
71897,1
71907,1
71913,1
71917,2
71920,3
71923,2
71945,1
71955,3
71965,1
71968,2
71971,2
71974,1
71977,2
71987,1
72000,1
72003,1
72013,1
72016,1
72025,1
72045,1
72058,1
72061,1
72064,1
72067,1
72070,1
72083,1
72089,1
72090,1
72096,1
72099,1
72102,1
72106,1
72109,1
72112,1
72115,1
72116,1
72118,1
72122,1
72134,2
72137,1
72138,1
72147,2
72150,1
72166,2
72173,3
72176,1
72188,1
72192,1
72212,1
72217,3
72218,1
72220,1
72224,1
72230,1
72237,1
72243,2
72272,1
72281,1
72288,2
72313,1
72323,1
72326,3
72332,1
72352,2
72358,1
72378,1
72381,3
72384,1
72387,1
72391,1
72393,1
72406,1
72422,1
72426,2
72435,1
72454,2
72458,1
72460,1
72470,1
72474,1
72480,1
72493,2
72506,2
72512,1
72522,1
72541,1
72569,1
72576,1
72582,1
72583,1
72618,2
72624,2
72627,1
72630,1
72640,1
72643,1
72650,1
72656,1
72665,2
72672,1
72678,1
72688,1
72694,1
72704,1
72713,1
72717,1
72723,3
72726,1
72743,1
72746,1
72755,1
72759,1
72762,2
72788,1
72791,1
72797,1
72800,1
72813,3
72816,1
72819,1
72836,1
72844,1
72851,1
72857,1
72861,1
72868,2
72870,1
72874,1
72883,1
72886,2
72890,1
72896,1
72902,2
72912,1
72925,1
72931,1
72935,1
72938,1
72941,1
72967,1
72985,1
72989,1
73001,1
73004,1
73027,1
73031,1
73040,2
73076,1
73094,1
73097,1
73101,2
73107,1
73113,1
73114,1
73117,1
73126,2
73146,1
73159,1
73171,2
73180,1
73187,2
73200,1
73203,1
73209,1
73210,2
73222,1
73229,1
73235,1
73241,1
73248,1
73252,1
73261,1
73280,1
73286,1
73300,1
73302,1
73312,1
73328,1
73341,1
73347,2
73350,2
73351,1
73354,1
73357,3
73360,1
73367,1
73372,1
73376,2
73379,1
73389,1
73405,1
73408,2
73415,1
73418,1
73421,1
73427,1
73430,1
73431,1
73437,1
73446,2
73453,3
73462,1
73466,1
73468,1
73472,1
73501,1
73504,1
73514,1
73530,3
73561,1
73571,1
73584,2
73587,1
73600,1
73619,1
73629,2
73632,1
73638,1
73641,1
73642,1
73652,1
73658,1
73664,1
73696,1
73702,2
73712,2
73718,1
73744,1
73757,1
73760,1
73773,2
73805,1
73827,1
73831,1
73849,1
73866,1
73872,1
73875,1
73876,1
73882,1
73884,1
73894,1
73898,1
73910,1
73916,1
73926,1
73933,1
73939,1
73940,1
73942,1
73952,1
73958,1
73968,1
73974,1
73978,1
74003,1
74013,1
74023,1
74029,2
74032,1
74036,1
74051,1
74054,1
74058,1
74073,1
74074,1
74077,1
74080,2
74109,1
74112,1
74115,1
74170,1
74173,1
74176,1
74180,1
74224,1
74227,1
74234,1
74250,1
74259,1
74262,1
74295,1
74301,2
74304,1
74317,1
74323,1
74346,1
74349,1
74378,1
74381,1
74406,1
74451,1
74489,1
74499,1
74502,1
74547,1
74592,1
74599,2
74602,1
74604,1
74608,1
74611,1
74615,1
74620,1
74634,1
74656,2
74675,1
74688,1
74691,1
74701,1
74704,1
74707,1
74711,1
74720,1
74733,1
74765,1
74777,2
74784,1
74796,1
74800,1
74807,1
74809,1
74819,1
74829,1
74832,2
74841,1
74861,1
74873,1
74874,2
74902,1
74906,1
74912,1
74992,1
74995,1
75014,2
75047,1
75063,1
75079,1
75098,1
75111,1
75136,1
75142,1
75143,1
75146,1
75181,1
75184,1
75239,1
75244,1
75276,1
75280,1
75331,1
75341,1
75351,1
75379,1
75383,1
75385,1
75395,1
75405,1
75411,1
75412,1
75421,1
75437,1
75443,1
75444,1
75466,1
75472,1
75491,1
75498,1
75513,2
75539,1
75549,1
75584,1
75607,1
75613,1
75644,1
75648,1
75654,1
75658,1
75661,1
75670,1
75683,1
75747,1
75757,1
75763,1
75770,1
75789,1
75792,1
75812,1
75821,1
75844,1
75859,1
75872,1
75875,1
75882,1
75917,1
75936,1
75949,2
75952,1
75955,1
75981,1
76013,1
76038,1
76048,1
76058,1
76071,1
76080,1
76090,1
76096,2
76099,1
76128,1
76144,1
76173,1
76249,1
76250,1
76256,1
76269,1
76288,1
76294,1
76301,1
76307,1
76320,1
76355,1
76365,1
76378,1
76425,1
76435,1
76441,1
76448,1
76460,1
76505,1
76538,1
76557,1
76563,1
76580,1
76608,1
76634,1
76643,1
76653,1
76666,1
76704,1
76729,1
76749,1
76755,1
76793,1
76855,1
76883,1
76909,1
76918,1
76966,1
76967,1
76973,1
76979,1
77002,1
77075,1
77136,1
77143,1
77152,1
77209,1
77226,1
77242,1
77296,1
77306,1
77319,1
77328,2
77370,1
77373,1
77421,1
77497,1
77501,1
77511,1
77526,1
77565,1
77673,1
77709,1
77712,1
77732,1
77763,1
77773,1
77795,1
77820,1
77840,1
77977,1
77984,1
78003,1
78016,1
78115,1
78153,1
78170,1
78221,1
78288,1
78438,1
78570,1
78614,1
78628,1
78653,1
78739,1
78867,1
78973,1
79081,1
79111,1
79171,1
79290,1
79335,1
79379,1
79395,1
79405,1
79481,1
79494,1
79558,1
79571,1
79612,1
79671,1
79687,1
79805,1
79821,1
79920,1
80166,1
80211,1
80266,1
80314,1
80333,1
80362,1
80474,1
80646,1
80845,1
80950,1
81094,1
81168,1
81357,1
81459,1
81510,1
81594,1
81632,1
82051,1
82176,1
82224,1
82394,1
83264,1
83316,1
83386,1
83495,1
83593,1
83616,1
84301,1
84330,1
84496,1
84941,1
85898,1
86451,1
87587,1
87741,1
87981,1
92272,1
92387,1
92832,1
93756,1
94044,1
97213,1
100439,1
101011,1
101696,1
102103,1
103693,1
104441,1
107200,1
107421,1
108691,1
112583,1
114461,1
119136,1
120570,1
122185,1
125561,1
129529,1
131053,1
133844,1
135485,1
141981,1
142506,1
146164,1
146432,1
147296,1
173197,1
193702,1
220102,1
222858,1
234535,1
255200,1
262387,1
280442,1
305280,1
328791,1
344960,1
372966,1
390087,1
391040,1
395165,1
399846,1
401488,1
404297,1
404976,1
418023,1
439232,1
455271,1
468045,1
472947,1
473728,1
490624,1
502496,1
503238,1
509588,1
509926,1
525085,1
526537,1
542147,1
548186,1
573149,1
592426,1
613687,1
637267,1
649642,1
669946,1
697107,1
723530,1
732755,1
756183,1
777194,1
801862,1
817302,1
837555,1
860739,1
883930,1
903645,1
924729,1
939347,1
969081,1
978506,1
1009107,1
1026797,1
1048496,1
1073776,1
1102230,1
1122099,1
1143449,1
1162407,1
1197098,1
1223238,1
1255206,1
1285677,1
1313046,1
1340358,1
1374788,1
1404205,1
1440445,1
1468749,1
1501037,1
1534848,1
1571433,1
1604359,1
1646624,1
1673603,1
1710164,1
1743731,1
1783008,1
1821971,1
1864627,1
1903552,1
1954269,1
1988039,1
2033405,1
2075203,1
2133830,1
2181191,1
2228333,1
2285462,1
2329152,1
2378355,1
2434659,1
2481894,1
2543581,1
2589770,1
2642650,1
2698854,1
2756928,1
2806960,1
2865946,1
2933575,1
2998109,1
2999146,1
2999273,1
2999885,1
3000297,1
3000340,1
3000804,1
3000844,1
3000985,1
3002096,1
3002179,1
3002352,1
3002614,1
3002969,1
3003050,1
3003366,1
3003370,1
3003379,1
3003449,1
3003577,1
3003709,1
3003949,1
3004032,1
3004077,1
3004192,1
3004244,1
3004301,1
3004384,1
3004934,1
3005084,1
3005113,1
3005165,1
3005424,1
3005568,1
3005639,1
3005728,1
3005888,1
3006045,1
3006099,1
3006400,1
3006435,1
3006499,1
3006502,1
3006617,1
3006653,1
3006726,1
3006761,1
3006848,1
3006880,1
3006964,1
3007005,1
3007015,1
3007069,1
3007148,1
3007235,1
3007325,1
3007533,1
3007738,1
3007763,1
3007940,1
3008118,1
3008154,1
3008288,1
3008336,1
3008518,1
3008621,1
3008749,1
3008761,1
3008797,1
3008813,1
3008887,1
3008985,1
3009132,1
3009140,1
3009168,1
3009194,1
3009216,1
3009241,1
3009248,1
3009274,1
3009299,1
3009364,1
3009395,1
3009411,1
3009478,1
3009529,1
3009542,1
3009581,1
3009603,1
3009606,1
3009709,1
3009766,1
3009770,1
3009830,1
3009920,1
3009975,1
3010029,1
3010032,1
3010163,1
3010170,1
3010185,1
3010237,1
3010310,1
3010445,1
3010493,1
3010496,1
3010516,1
3010518,1
3010528,2
3010541,1
3010547,1
3010554,1
3010765,1
3010835,1
3010839,1
3010841,1
3010903,1
3011040,1
3011152,1
3011200,1
3011225,1
3011308,1
3011334,1
3011389,1
3011424,1
3011485,1
3011571,1
3011629,2
3011638,1
3011770,1
3011811,1
3011865,1
3011897,1
3011942,1
3012116,1
3012179,1
3012294,1
3012518,1
3012519,1
3012538,1
3012583,1
3012630,1
3012669,1
3012733,1
3012909,1
3012934,1
3012941,1
3012983,1
3013037,1
3013040,1
3013050,1
3013123,1
3013126,1
3013136,1
3013143,1
3013197,1
3013203,1
3013232,1
3013328,1
3013363,1
3013389,1
3013392,1
3013415,1
3013500,1
3013520,1
3013530,1
3013580,1
3013590,1
3013680,1
3013696,1
3013760,1
3013792,1
3013814,1
3013837,1
3013974,1
3014016,1
3014074,1
3014077,1
3014121,1
3014160,1
3014272,1
3014298,1
3014416,1
3014595,1
3014771,1
3014784,2
3014861,1
3014973,1
3014976,1
3015062,1
3015117,2
3015120,1
3015187,1
3015206,1
3015481,1
3015520,1
3015540,1
3015574,1
3015635,1
3015668,1
3015737,1
3015757,1
3015824,1
3015868,1
3015882,1
3015917,1
3016006,1
3016217,1
3016262,1
3016410,1
3016480,1
3016515,1
3016522,1
3016611,1
3016685,1
3016829,1
3017040,1
3017171,1
3017226,1
3017245,1
3017260,1
3017324,1
3017351,1
3017379,1
3017414,1
3017430,1
3017452,1
3017472,1
3017491,1
3017555,1
3017593,1
3017744,1
3017795,1
3018048,1
3018054,1
3018138,1
3018227,1
3018253,1
3018294,1
3018387,1
3018416,1
3018420,1
3018452,1
3018598,1
3018720,1
3018804,1
3018832,1
3018880,1
3018909,1
3018931,1
3018995,1
3019049,1
3019066,1
3019325,1
3019504,1
3019763,1
3019808,1
3019811,1
3020057,1
3020339,1
3020391,1
3020797,1
3020864,1
3020989,1
3021100,1
3021120,1
3021152,1
3021155,1
3021459,1
3021754,1
3021856,1
3022192,1
3022841,1
3023110,1
3023357,1
3023392,1
