# Samples: 90617, Average: 33491.1 ns, StdDev: 50997.7 ns, Quartiles: 29037.0/30713.0/32390.0 ns
21370,1
21421,1
21555,1
21693,1
21702,1
21753,1
21786,1
21805,1
21811,1
21821,1
21850,1
21932,1
21933,1
21943,1
21952,1
21964,1
21965,1
21987,1
22003,1
22016,1
22029,1
22042,1
22061,1
22064,1
22073,1
22096,1
22105,1
22118,1
22141,1
22147,1
22150,1
22156,1
22157,1
22176,1
22183,1
22195,2
22198,1
22224,1
22240,1
22253,1
22269,1
22282,1
22307,1
22329,1
22330,1
22339,1
22343,1
22349,1
22352,1
22368,1
22381,1
22384,1
22406,1
22426,1
22432,1
22445,2
22451,2
22455,1
22464,2
22470,1
22489,1
22493,1
22499,1
22503,1
22515,1
22531,1
22535,1
22547,2
22560,1
22563,1
22585,1
22586,1
22592,1
22628,1
22634,1
22637,1
22650,1
22656,1
22662,2
22663,1
22675,1
22682,2
22685,1
22695,1
22701,1
22707,3
22720,2
22723,1
22733,2
22739,1
22746,1
22759,1
22768,1
22771,1
22774,1
22775,1
22777,1
22778,1
22781,2
22790,1
22791,1
22797,3
22800,1
22803,1
22804,1
22809,1
22810,1
22813,1
22822,3
22825,1
22826,1
22829,2
22832,1
22835,2
22848,3
22861,3
22870,1
22874,1
22880,1
22889,1
22893,1
22905,2
22918,1
22919,2
22924,1
22925,1
22928,1
22931,2
22932,1
22937,1
22940,1
22944,1
22947,1
22960,1
22963,1
22970,1
22976,1
22980,1
22989,3
22995,3
22998,1
23002,2
23005,3
23008,1
23015,1
23021,2
23027,3
23034,2
23040,2
23046,3
23053,2
23056,1
23059,1
23075,2
23078,1
23079,2
23082,1
23091,2
23092,1
23094,2
23097,1
23101,1
23110,2
23114,1
23117,2
23123,2
23127,1
23130,2
23139,1
23145,2
23155,3
23161,1
23162,1
23164,1
23168,2
23174,1
23175,1
23177,1
23178,2
23181,2
23184,2
23187,2
23194,1
23203,1
23206,2
23210,1
23212,1
23213,2
23219,3
23220,1
23225,1
23226,2
23232,1
23238,2
23241,1
23242,1
23244,1
23258,1
23260,1
23264,3
23267,1
23270,3
23271,1
23276,1
23277,3
23283,1
23286,2
23287,1
23289,1
23290,2
23296,1
23299,1
23302,1
23303,1
23309,1
23312,1
23315,1
23316,1
23321,1
23322,1
23328,3
23331,1
23334,1
23335,1
23341,1
23347,2
23353,2
23354,1
23357,2
23360,5
23363,1
23367,1
23370,1
23373,1
23379,2
23383,1
23386,3
23389,1
23392,3
23395,1
23402,1
23405,3
23408,1
23414,1
23418,2
23421,1
23424,4
23427,2
23436,2
23437,1
23444,2
23446,1
23453,2
23456,5
23460,1
23462,3
23468,2
23469,3
23475,6
23476,1
23478,1
23482,1
23488,3
23491,1
23495,1
23498,2
23501,1
23504,2
23507,4
23508,1
23511,1
23513,1
23514,5
23516,1
23520,5
23523,1
23526,1
23527,1
23529,1
23533,1
23536,1
23539,3
23542,1
23545,2
23546,2
23549,1
23552,3
23556,1
23558,2
23559,1
23561,1
23565,4
23568,1
23574,4
23575,1
23577,1
23578,2
23584,3
23587,1
23591,1
23594,1
23597,1
23603,5
23606,1
23609,2
23616,3
23622,1
23623,1
23625,1
23628,1
23629,4
23632,1
23635,2
23638,1
23641,1
23642,3
23648,1
23651,3
23654,2
23655,2
23658,1
23660,1
23661,2
23664,1
23667,1
23670,2
23677,1
23680,1
23683,1
23686,2
23687,2
23693,2
23696,2
23699,2
23700,1
23708,1
23709,2
23712,1
23715,1
23718,1
23719,1
23722,1
23725,1
23728,1
23731,1
23734,1
23741,3
23744,4
23747,2
23750,3
23751,1
23757,1
23760,1
23764,1
23766,2
23767,1
23769,1
23770,1
23772,1
23773,2
23776,4
23780,1
23782,4
23783,2
23788,1
23789,3
23792,2
23795,2
23796,2
23799,1
23802,1
23808,9
23814,1
23815,1
23820,1
23824,1
23827,3
23834,1
23837,1
23840,2
23843,1
23844,2
23846,2
23847,1
23853,3
23856,3
23862,1
23868,1
23869,1
23872,3
23875,2
23878,4
23879,2
23885,3
23891,3
23894,1
23897,1
23898,3
23904,2
23908,1
23910,3
23911,3
23913,1
23914,1
23917,3
23923,4
23924,1
23929,2
23930,1
23932,1
23933,1
23936,4
23942,1
23943,1
23946,2
23948,1
23949,2
23952,3
23955,5
23958,1
23959,1
23961,3
23962,1
23964,1
23965,1
23968,2
23971,1
23974,2
23975,1
23980,2
23981,4
23987,1
23990,1
23994,3
23996,1
23997,1
24000,2
24003,1
24006,3
24009,2
24013,2
24016,1
24019,4
24020,2
24022,2
24025,2
24026,2
24032,4
24035,2
24038,2
24039,2
24042,1
24045,1
24048,2
24051,5
24052,1
24054,1
24055,2
24061,1
24064,1
24070,3
24071,1
24074,1
24077,2
24080,1
24083,1
24084,2
24089,1
24092,1
24093,1
24096,5
24099,3
24100,1
24102,2
24103,1
24109,2
24112,1
24115,2
24116,1
24118,4
24119,1
24122,3
24128,2
24131,2
24134,1
24135,1
24138,2
24141,4
24144,3
24147,1
24148,1
24151,3
24153,1
24154,1
24157,1
24160,2
24166,1
24167,1
24169,2
24172,1
24173,2
24176,2
24179,3
24182,2
24183,4
24185,1
24186,1
24189,1
24192,4
24195,2
24198,2
24199,2
24201,1
24202,1
24212,1
24215,2
24217,2
24218,1
24221,3
24224,8
24227,1
24231,1
24237,4
24243,5
24246,2
24249,2
24250,2
24253,2
24256,2
24262,2
24266,2
24268,1
24269,3
24272,3
24275,4
24276,1
24282,1
24285,1
24288,5
24294,2
24295,1
24298,1
24301,4
24304,1
24307,3
24308,2
24310,1
24313,4
24314,2
24317,2
24320,4
24323,2
24324,1
24326,1
24327,2
24329,1
24330,2
24333,3
24336,1
24339,6
24342,3
24345,1
24346,4
24352,3
24355,1
24358,2
24359,2
24361,2
24368,2
24371,4
24372,1
24374,1
24377,2
24378,3
24381,1
24384,7
24390,1
24391,2
24393,1
24394,4
24397,2
24403,5
24404,1
24406,1
24407,2
24410,4
24413,1
24416,4
24419,1
24420,1
24422,3
24425,2
24429,1
24432,1
24435,2
24436,1
24438,2
24441,2
24442,1
24448,4
24454,1
24455,2
24457,1
24461,2
24467,3
24470,1
24473,1
24474,6
24477,2
24480,3
24484,1
24486,2
24487,1
24490,2
24493,1
24499,3
24500,2
24505,1
24506,3
24512,1
24518,2
24519,2
24522,1
24524,2
24525,5
24528,2
24531,1
24535,1
24537,1
24538,3
24541,3
24544,8
24547,2
24548,1
24550,1
24551,1
24553,2
24554,1
24556,1
24557,2
24560,2
24563,3
24564,2
24566,2
24569,1
24570,1
24572,2
24576,1
24579,1
24582,1
24583,1
24585,1
24586,3
24588,1
24589,3
24592,1
24595,6
24598,1
24599,1
24601,2
24602,3
24608,4
24611,1
24614,1
24617,1
24618,1
24621,3
24624,1
24627,4
24631,2
24633,1
24634,1
24640,1
24643,3
24646,2
24647,2
24649,2
24650,1
24653,4
24656,2
24659,5
24665,3
24666,3
24669,3
24672,5
24675,3
24679,2
24681,1
24682,1
24685,9
24691,1
24694,2
24695,1
24697,4
24698,5
24700,1
24701,1
24704,3
24707,2
24710,3
24711,3
24713,3
24714,3
24716,2
24717,3
24720,3
24723,1
24724,1
24729,2
24730,2
24732,1
24733,2
24736,2
24739,1
24742,3
24746,3
24748,2
24749,5
24752,5
24755,3
24758,2
24759,1
24761,1
24762,4
24765,2
24768,8
24771,1
24772,1
24774,2
24775,1
24777,1
24780,2
24781,4
24787,2
24788,1
24793,2
24794,2
24796,1
24797,1
24800,2
24803,3
24806,3
24809,1
24813,3
24816,3
24819,5
24822,2
24823,2
24825,2
24826,2
24829,4
24832,4
24835,1
24838,2
24839,3
24842,5
24844,1
24845,2
24848,1
24851,4
24852,2
24854,1
24855,1
24857,2
24858,5
24861,1
24864,5
24867,1
24874,2
24876,1
24877,3
24880,2
24883,4
24886,2
24887,3
24889,2
24890,1
24892,1
24896,5
24899,1
24902,1
24903,1
24905,1
24906,2
24908,3
24909,1
24912,2
24915,2
24916,1
24918,3
24921,5
24922,6
24925,2
24928,7
24931,2
24937,1
24940,1
24941,3
24944,2
24947,5
24948,2
24951,1
24953,4
24954,4
24956,2
24957,1
24960,6
24963,2
24966,1
24967,2
24969,1
24972,1
24973,2
24976,3
24979,4
24980,1
24982,1
24983,1
24985,1
24986,2
24988,1
24989,1
24992,5
24995,1
24998,2
24999,3
25001,1
25002,3
25005,5
25008,1
25011,4
25014,1
25018,2
25021,2
25024,2
25027,1
25028,1
25030,4
25031,4
25033,2
25034,1
25036,2
25037,7
25040,1
25043,8
25044,2
25046,4
25047,1
25049,2
25050,4
25053,3
25056,4
25060,2
25062,3
25063,1
25065,2
25068,1
25069,1
25072,2
25075,3
25076,1
25079,1
25081,2
25082,3
25084,1
25085,2
25088,4
25091,3
25094,1
25095,1
25098,1
25100,1
25101,3
25107,6
25110,2
25111,2
25113,1
25114,2
25116,1
25117,3
25120,8
25123,1
25124,1
25126,4
25127,3
25129,2
25130,2
25132,3
25133,1
25136,1
25139,6
25140,1
25142,2
25145,4
25146,1
25148,2
25149,2
25152,4
25155,3
25156,1
25158,4
25159,4
25161,3
25162,1
25165,6
25168,2
25171,2
25172,1
25174,1
25175,1
25177,3
25178,2
25181,1
25184,3
25187,3
25190,3
25191,1
25193,1
25194,3
25196,3
25197,5
25200,8
25203,7
25204,2
25206,1
25209,4
25210,3
25213,3
25216,6
25219,3
25222,4
25223,5
25225,1
25226,2
25229,1
25232,4
25235,5
25236,1
25238,3
25241,4
25242,3
25245,3
25248,4
25251,2
25252,1
25254,1
25255,2
25257,2
25258,1
25260,3
25261,6
25264,2
25267,2
25270,1
25271,1
25273,1
25274,1
25276,1
25277,3
25280,4
25283,2
25284,1
25286,4
25287,1
25290,2
25292,1
25293,3
25296,3
25299,2
25303,2
25305,2
25306,1
25308,1
25309,2
25312,7
25315,1
25318,4
25319,1
25321,3
25322,1
25325,5
25328,6
25331,2
25335,2
25337,4
25338,4
25341,3
25344,7
25347,3
25348,1
25350,3
25351,2
25357,5
25360,5
25363,8
25366,2
25367,2
25369,2
25370,3
25372,1
25373,4
25376,6
25379,1
25382,3
25383,1
25386,1
25388,2
25389,6
25392,2
25395,6
25396,1
25398,1
25399,1
25401,2
25402,6
25405,3
25408,5
25411,2
25412,1
25414,2
25415,1
25417,1
25418,2
25420,3
25421,3
25424,2
25427,4
25428,3
25431,1
25433,3
25434,2
25437,3
25440,3
25443,2
25446,2
25447,3
25449,3
25450,2
25452,2
25453,1
25456,5
25459,1
25460,1
25462,2
25463,1
25465,2
25466,2
25468,1
25469,1
25472,9
25478,4
25479,4
25481,1
25482,2
25485,6
25488,1
25491,5
25492,2
25494,1
25497,1
25498,1
25500,1
25501,1
25504,8
25507,1
25510,3
25511,3
25513,2
25514,2
25516,2
25517,8
25520,4
25523,3
25524,2
25527,2
25530,2
25532,2
25533,3
25536,4
25539,3
25542,7
25543,2
25545,1
25546,5
25548,5
25549,2
25552,4
25555,3
25556,1
25558,1
25559,2
25561,2
25562,2
25564,1
25565,2
25568,7
25571,2
25574,4
25575,2
25578,1
25581,7
25584,4
25587,5
25588,1
25590,1
25591,3
25593,5
25594,4
25597,3
25600,2
25603,2
25607,1
25610,4
25612,2
25613,4
25616,4
25619,5
25622,1
25623,1
25625,8
25626,3
25628,1
25629,3
25632,7
25638,3
25639,2
25642,1
25644,1
25645,3
25648,3
25651,4
25652,2
25654,2
25655,1
25657,2
25658,8
25660,1
25661,2
25664,7
25668,2
25670,9
25671,3
25674,2
25676,2
25677,6
25680,1
25683,3
25684,1
25686,2
25687,3
25689,3
25690,3
25693,5
25696,10
25699,1
25702,8
25703,2
25705,2
25708,1
25709,8
25712,2
25715,4
25716,2
25718,3
25719,1
25721,2
25722,5
25724,1
25725,3
25728,9
25731,3
25734,8
25735,4
25737,1
25738,1
25740,3
25741,4
25744,5
25747,6
25750,3
25751,2
25753,1
25754,6
25760,7
25763,5
25766,2
25767,1
25769,2
25770,1
25773,5
25776,3
25779,1
25783,1
25785,2
25786,3
25788,1
25789,3
25792,7
25795,3
25798,7
25799,1
25801,1
25802,2
25804,2
25805,5
25808,6
25811,3
25812,1
25814,2
25817,2
25818,3
25820,1
25821,6
25824,7
25827,5
25828,1
25830,1
25831,4
25833,1
25834,1
25836,1
25837,8
25840,3
25843,6
25844,1
25846,1
25847,1
25849,4
25850,3
25852,2
25853,4
25856,4
25859,2
25862,3
25863,1
25868,1
25869,2
25872,4
25875,5
25876,1
25878,1
25879,1
25881,3
25882,4
25884,2
25888,6
25891,6
25892,1
25894,5
25895,2
25897,2
25898,2
25900,1
25901,7
25904,4
25907,4
25908,2
25910,3
25911,1
25913,2
25914,4
25917,3
25920,6
25923,1
25926,1
25927,2
25929,2
25930,2
25932,2
25933,9
25936,2
25939,6
25940,3
25942,1
25943,2
25945,5
25946,5
25949,3
25952,9
25955,3
25958,4
25959,1
25961,1
25962,1
25965,11
25968,4
25971,3
25974,3
25977,1
25978,5
25981,6
25984,8
25987,3
25988,1
25990,5
25991,5
25993,1
25994,2
25996,1
25997,10
26000,5
26003,5
26004,3
26006,2
26007,2
26009,2
26010,1
26013,3
26016,6
26019,7
26022,7
26023,4
26025,1
26026,2
26028,1
26029,3
26032,2
26035,10
26036,3
26038,3
26039,1
26041,5
26042,6
26045,2
26048,3
26051,2
26052,1
26054,2
26055,3
26057,1
26058,2
26060,2
26061,9
26064,5
26067,8
26068,4
26070,4
26071,2
26073,5
26074,3
26076,1
26077,4
26080,5
26083,3
26084,1
26086,4
26087,4
26089,1
26090,2
26092,2
26093,7
26096,3
26099,5
26100,2
26102,2
26105,7
26106,2
26112,6
26115,1
26118,6
26119,4
26121,2
26122,1
26124,2
26125,4
26128,5
26131,4
26132,3
26134,2
26135,1
26137,3
26138,4
26141,2
26144,6
26147,2
26148,1
26150,4
26151,5
26154,2
26157,5
26160,8
26163,10
26164,1
26167,2
26169,5
26170,7
26172,1
26173,6
26176,12
26179,4
26182,3
26183,5
26185,6
26186,4
26188,2
26189,4
26192,2
26195,7
26198,4
26201,2
26202,8
26204,2
26205,4
26208,9
26211,5
26212,1
26214,5
26215,2
26217,2
26218,3
26220,1
26221,8
26224,4
26227,8
26228,2
26230,3
26233,7
26234,7
26237,4
26240,1
26243,5
26246,4
26247,6
26250,4
26253,11
26256,6
26259,8
26260,2
26262,1
26263,1
26265,4
26266,6
26269,5
26272,11
26275,2
26278,8
26279,6
26281,2
26282,3
26284,3
26285,8
26288,6
26291,6
26292,1
26295,3
26297,1
26298,3
26300,1
26301,4
26304,10
26307,1
26308,1
26310,4
26311,4
26313,1
26314,3
26316,2
26317,3
26320,7
26323,12
26324,1
26326,2
26327,2
26329,11
26330,7
26333,4
26336,13
26339,7
26342,3
26343,7
26345,4
26346,3
26349,12
26352,4
26355,9
26356,3
26358,3
26359,5
26361,5
26362,5
26364,1
26365,1
26368,10
26371,3
26374,8
26375,6
26378,1
26380,1
26381,7
26384,6
26387,17
26390,1
26391,2
26393,6
26394,6
26396,1
26397,4
26400,14
26403,3
26404,2
26406,5
26407,8
26410,3
26412,2
26413,6
26416,6
26419,14
26422,2
26423,1
26425,4
26426,9
26429,3
26432,11
26435,7
26438,9
26439,2
26441,1
26442,4
26445,11
26448,4
26451,9
26452,2
26454,4
26455,4
26457,5
26458,4
26460,1
26461,3
26464,13
26467,5
26468,1
26470,7
26471,5
26474,2
26477,9
26480,2
26483,11
26484,6
26489,6
26490,4
26492,3
26493,2
26496,9
26499,4
26502,7
26503,6
26505,2
26506,1
26509,9
26512,5
26515,11
26516,2
26518,2
26519,2
26521,4
26522,11
26524,1
26525,6
26528,15
26531,6
26532,2
26534,8
26535,9
26538,4
26540,1
26541,9
26544,6
26547,6
26550,2
26551,3
26553,2
26554,4
26557,5
26560,10
26563,5
26566,6
26567,8
26569,6
26570,4
26572,2
26573,15
26576,5
26579,9
26580,3
26582,4
26583,2
26585,4
26586,7
26588,3
26589,5
26592,13
26595,7
26598,9
26599,6
26602,4
26604,3
26605,8
26608,6
26611,8
26612,4
26614,5
26615,3
26617,8
26618,10
26621,4
26624,15
26627,7
26628,1
26630,10
26631,4
26633,2
26634,4
26636,2
26637,17
26640,7
26643,7
26644,1
26646,2
26647,5
26649,5
26650,8
26653,5
26656,14
26659,3
26662,11
26663,2
26665,1
26666,4
26668,3
26669,11
26672,2
26675,13
26676,5
26678,8
26679,2
26681,7
26682,5
26684,1
26685,3
26688,14
26691,4
26692,1
26694,7
26695,9
26697,2
26698,3
26700,2
26701,13
26704,5
26707,10
26708,3
26710,1
26711,4
26713,4
26714,8
26717,9
26720,16
26723,4
26724,1
26726,8
26727,5
26729,5
26730,2
26732,4
26733,20
26736,9
26739,10
26740,5
26742,6
26743,4
26745,7
26746,14
26749,2
26752,10
26755,5
26756,3
26758,8
26759,4
26761,4
26762,3
26764,2
26765,13
26768,5
26771,16
26772,7
26774,2
26775,3
26777,8
26778,12
26780,1
26781,4
26784,19
26787,9
26790,7
26791,8
26793,1
26794,5
26796,5
26797,11
26800,11
26803,9
26804,1
26806,3
26807,1
26809,6
26810,7
26812,1
26813,9
26816,14
26819,3
26820,2
26822,9
26823,7
26825,3
26826,1
26828,3
26829,12
26832,3
26835,16
26836,4
26838,5
26839,2
26841,4
26842,8
26844,1
26845,8
26848,9
26851,5
26854,15
26855,2
26857,1
26858,4
26860,4
26861,10
26864,10
26867,12
26868,4
26870,3
26871,5
26873,5
26874,12
26876,1
26877,9
26880,19
26883,6
26884,2
26886,8
26887,8
26889,1
26890,4
26892,3
26893,15
26896,4
26899,20
26900,3
26902,2
26903,2
26905,10
26906,16
26908,1
26909,8
26912,21
26915,6
26916,1
26918,7
26919,9
26921,3
26922,1
26924,3
26925,10
26928,4
26931,15
26932,3
26934,10
26935,4
26937,7
26938,11
26940,3
26941,10
26944,21
26947,8
26948,2
26950,10
26951,8
26953,3
26954,9
26956,5
26957,12
26960,6
26963,12
26964,4
26966,8
26967,5
26969,10
26970,17
26973,7
26976,21
26979,7
26982,13
26983,10
26985,1
26986,4
26988,8
26989,12
26992,11
26995,16
26996,3
26998,3
26999,2
27001,6
27002,14
27004,3
27005,5
27008,25
27011,6
27012,2
27014,16
27015,8
27017,3
27018,6
27020,5
27021,13
27024,11
27027,14
27028,2
27030,2
27031,3
27033,6
27034,13
27037,10
27040,11
27043,9
27044,5
27046,13
27047,10
27049,2
27050,4
27052,4
27053,15
27056,7
27059,19
27060,5
27062,4
27063,3
27065,11
27066,8
27068,1
27069,7
27072,24
27075,6
27076,3
27078,11
27079,7
27081,1
27082,5
27084,6
27085,18
27088,14
27091,20
27092,5
27094,5
27095,3
27097,8
27098,9
27100,2
27101,8
27104,20
27107,7
27108,2
27110,11
27111,9
27113,3
27114,5
27116,4
27117,18
27120,8
27123,21
27124,4
27126,6
27127,7
27129,13
27130,19
27132,1
27133,7
27136,26
27139,6
27140,1
27142,18
27143,11
27145,2
27146,6
27148,3
27149,16
27152,10
27155,17
27156,6
27158,6
27159,2
27161,7
27162,10
27164,1
27165,4
27168,17
27171,9
27172,2
27174,7
27175,10
27177,4
27178,3
27180,2
27181,15
27184,13
27187,18
27188,4
27190,7
27191,3
27193,9
27194,7
27196,2
27197,9
27200,24
27203,10
27206,13
27207,6
27209,5
27210,3
27212,7
27213,17
27216,9
27219,13
27220,3
27222,4
27223,4
27225,16
27226,12
27228,1
27229,6
27232,30
27235,5
27236,3
27238,14
27239,8
27241,3
27242,2
27244,1
27245,15
27248,7
27251,19
27252,5
27254,4
27255,2
27257,6
27258,16
27260,1
27261,12
27264,22
27267,16
27268,2
27270,11
27271,11
27273,3
27274,2
27276,9
27277,16
27280,14
27283,26
27284,7
27286,6
27287,7
27289,9
27290,14
27292,2
27293,7
27296,21
27299,4
27300,3
27302,6
27303,7
27305,5
27306,5
27308,5
27309,19
27312,8
27315,17
27316,6
27318,12
27319,5
27321,10
27322,15
27324,2
27325,15
27328,20
27331,12
27332,2
27334,16
27335,12
27337,2
27338,10
27340,4
27341,19
27344,7
27347,18
27348,6
27350,15
27351,2
27353,10
27354,12
27356,5
27357,10
27360,18
27363,14
27364,4
27366,13
27367,10
27369,4
27370,7
27372,7
27373,21
27376,13
27379,11
27380,1
27382,6
27383,7
27385,10
27386,10
27388,4
27389,12
27392,22
27395,8
27396,2
27398,17
27399,13
27401,4
27402,7
27404,1
27405,22
27408,14
27411,11
27412,7
27414,11
27415,2
27417,8
27418,12
27420,4
27421,5
27424,21
27427,10
27428,2
27430,18
27431,11
27433,6
27434,8
27436,9
27437,16
27440,14
27443,26
27444,3
27446,8
27447,6
27449,10
27450,16
27452,5
27453,9
27456,26
27459,8
27460,4
27462,17
27463,11
27465,3
27466,6
27468,6
27469,26
27472,14
27475,18
27476,8
27478,7
27479,5
27481,12
27482,22
27484,2
27485,10
27488,28
27491,9
27492,3
27494,12
27495,17
27497,6
27498,9
27500,7
27501,20
27504,13
27507,17
27508,4
27510,6
27511,5
27513,10
27514,31
27516,2
27517,11
27520,23
27523,10
27524,1
27526,24
27527,5
27529,3
27530,6
27532,13
27533,30
27536,11
27539,18
27540,6
27542,9
27543,6
27545,10
27546,11
27549,8
27552,38
27555,12
27556,4
27558,20
27559,15
27561,6
27562,5
27564,7
27565,30
27568,14
27571,24
27572,5
27574,10
27575,7
27577,4
27578,21
27580,4
27581,14
27584,25
27587,6
27588,3
27590,17
27591,11
27593,7
27594,7
27596,10
27597,18
27600,11
27603,20
27604,3
27606,11
27607,5
27609,9
27610,13
27612,3
27613,4
27616,30
27619,9
27620,2
27622,20
27623,9
27625,3
27626,5
27628,8
27629,19
27632,10
27635,20
27636,9
27638,10
27639,3
27641,13
27642,23
27645,11
27648,36
27651,15
27652,2
27654,23
27655,7
27657,8
27658,9
27660,6
27661,31
27664,13
27667,21
27668,12
27670,7
27671,5
27673,14
27674,28
27676,5
27677,18
27680,30
27683,17
27684,4
27686,24
27687,11
27689,4
27690,10
27692,12
27693,24
27696,18
27699,32
27700,6
27702,7
27703,3
27705,11
27706,13
27708,2
27709,10
27712,25
27715,10
27716,5
27718,16
27719,17
27721,3
27722,4
27724,5
27725,24
27728,8
27731,30
27732,7
27734,12
27735,2
27737,24
27738,17
27740,3
27741,14
27744,33
27747,13
27748,2
27750,20
27751,7
27753,5
27754,5
27756,7
27757,20
27760,15
27763,28
27764,4
27766,9
27767,6
27769,11
27770,18
27772,3
27773,5
27776,39
27779,11
27782,17
27783,14
27785,4
27786,12
27788,4
27789,19
27792,17
27795,27
27796,7
27798,2
27799,5
27801,10
27802,19
27804,1
27805,14
27808,26
27811,9
27812,3
27814,20
27815,11
27817,3
27818,13
27820,7
27821,32
27824,10
27827,32
27828,7
27830,3
27831,2
27833,15
27834,26
27836,2
27837,14
27840,40
27843,6
27844,4
27846,17
27847,17
27849,9
27850,5
27852,8
27853,25
27856,10
27859,21
27860,11
27862,13
27863,6
27865,15
27866,21
27868,1
27869,15
27872,28
27875,12
27878,28
27879,11
27881,5
27882,10
27884,4
27885,25
27888,11
27891,30
27892,14
27894,12
27895,3
27897,15
27898,11
27900,7
27901,6
27904,44
27907,8
27908,1
27910,15
27911,10
27913,5
27914,5
27916,10
27917,27
27920,12
27923,27
27924,4
27926,10
27927,7
27929,14
27930,18
27932,2
27933,13
27936,35
27939,6
27942,17
27943,19
27945,5
27946,13
27948,3
27949,17
27952,8
27955,29
27956,6
27958,7
27959,6
27961,13
27962,16
27964,2
27965,7
27968,35
27971,10
27972,2
27974,24
27975,12
27977,5
27978,11
27980,7
27981,24
27984,19
27987,26
27988,3
27990,6
27991,5
27993,15
27994,19
27996,5
27997,12
28000,35
28003,13
28004,7
28006,17
28007,15
28009,4
28010,6
28012,3
28013,28
28016,13
28019,29
28020,5
28022,15
28023,5
28025,13
28026,28
28028,2
28029,8
28032,42
28035,10
28036,1
28038,12
28039,19
28041,7
28042,8
28044,4
28045,22
28048,11
28051,34
28052,6
28054,7
28055,6
28057,6
28058,18
28060,5
28061,17
28064,43
28067,5
28068,1
28070,18
28071,16
28073,9
28074,9
28076,13
28077,37
28080,7
28083,31
28084,7
28086,11
28087,5
28089,16
28090,16
28092,4
28093,12
28096,39
28099,11
28100,3
28102,22
28103,15
28105,9
28106,11
28108,10
28109,31
28112,18
28115,29
28116,8
28118,14
28119,4
28121,18
28122,23
28124,4
28125,12
28128,39
28131,12
28132,1
28134,26
28135,20
28137,4
28138,7
28140,9
28141,32
28144,18
28147,26
28148,11
28150,8
28151,4
28153,13
28154,28
28156,2
28157,10
28160,40
28163,12
28164,4
28166,26
28167,12
28169,3
28170,9
28172,11
28173,28
28176,18
28179,25
28180,4
28182,11
28183,8
28185,18
28186,19
28188,4
28189,14
28192,31
28195,15
28196,4
28198,27
28199,8
28201,9
28202,11
28204,9
28205,32
28208,14
28211,38
28212,10
28214,8
28215,7
28217,16
28218,13
28220,4
28221,12
28224,46
28227,14
28228,7
28230,29
28231,15
28233,6
28234,19
28236,4
28237,29
28240,14
28243,31
28244,10
28246,7
28247,7
28249,24
28250,18
28252,5
28253,12
28256,45
28259,15
28260,4
28262,27
28263,18
28265,4
28266,8
28268,8
28269,25
28272,18
28275,45
28276,10
28278,14
28279,5
28281,19
28282,30
28284,7
28285,20
28288,35
28291,18
28292,3
28294,31
28295,16
28297,4
28298,12
28300,10
28301,40
28304,14
28307,21
28308,8
28310,15
28311,5
28313,13
28314,23
28316,1
28317,17
28320,48
28323,12
28324,3
28326,30
28327,10
28329,7
28330,14
28332,9
28333,36
28336,12
28339,28
28340,9
28342,4
28343,8
28345,25
28346,25
28348,5
28349,12
28352,39
28355,12
28356,6
28358,27
28359,14
28361,7
28362,8
28364,8
28365,40
28368,19
28371,33
28372,12
28374,15
28375,7
28377,16
28378,23
28380,5
28381,17
28384,59
28387,16
28388,8
28390,35
28391,22
28393,6
28394,12
28396,13
28397,30
28400,11
28403,41
28404,10
28406,17
28407,9
28409,14
28410,34
28412,4
28413,16
28416,39
28419,21
28420,3
28422,19
28423,16
28425,8
28426,11
28428,15
28429,33
28432,18
28435,40
28436,14
28438,17
28439,12
28441,21
28442,33
28444,4
28445,22
28448,53
28451,18
28452,7
28454,27
28455,28
28457,6
28458,9
28460,14
28461,29
28464,17
28467,37
28468,9
28470,14
28471,6
28473,19
28474,30
28476,1
28477,20
28480,58
28483,13
28484,3
28486,19
28487,24
28489,2
28490,7
28492,10
28493,49
28496,22
28499,37
28500,9
28502,10
28503,5
28505,15
28506,29
28508,2
28509,13
28512,43
28515,13
28516,4
28518,26
28519,18
28521,10
28522,17
28524,12
28525,39
28528,15
28531,40
28532,12
28534,15
28535,9
28537,19
28538,21
28540,4
28541,19
28544,42
28547,14
28548,3
28550,30
28551,22
28553,7
28554,11
28556,8
28557,44
28560,19
28563,40
28564,9
28566,11
28567,6
28569,14
28570,36
28572,7
28573,16
28576,37
28579,10
28580,6
28582,23
28583,19
28585,7
28586,15
28588,12
28589,42
28592,21
28595,44
28596,12
28598,10
28599,11
28601,16
28602,23
28605,18
28608,55
28611,20
28612,3
28614,31
28615,16
28617,13
28618,10
28620,9
28621,47
28624,26
28627,36
28628,9
28630,10
28631,9
28633,16
28634,33
28636,6
28637,23
28640,43
28643,22
28644,1
28646,24
28647,25
28649,13
28650,9
28652,8
28653,35
28656,21
28659,40
28660,11
28662,15
28663,2
28665,18
28666,30
28668,5
28669,15
28672,40
28675,16
28676,1
28678,26
28679,23
28681,10
28682,13
28684,9
28685,43
28688,29
28691,36
28692,10
28694,16
28695,10
28697,16
28698,31
28700,6
28701,13
28704,47
28707,19
28708,1
28710,33
28711,14
28713,8
28714,11
28716,9
28717,41
28720,23
28723,48
28724,12
28726,16
28727,15
28729,20
28730,31
28732,4
28733,13
28736,54
28739,22
28740,2
28742,35
28743,24
28745,8
28746,16
28748,10
28749,39
28752,20
28755,46
28756,13
28758,10
28759,7
28761,25
28762,29
28764,2
28765,26
28768,44
28771,20
28772,3
28774,39
28775,22
28777,9
28778,17
28780,14
28781,50
28784,19
28787,45
28788,9
28790,14
28791,11
28793,23
28794,25
28796,5
28797,15
28800,61
28803,19
28804,4
28806,27
28807,23
28809,19
28810,10
28812,15
28813,55
28816,29
28819,54
28820,14
28822,8
28823,10
28825,20
28826,28
28828,3
28829,18
28832,44
28835,15
28836,9
28838,40
28839,14
28841,8
28842,20
28844,10
28845,30
28848,28
28851,53
28852,15
28854,9
28855,7
28857,19
28858,37
28860,8
28861,17
28864,59
28867,12
28868,1
28870,34
28871,23
28873,11
28874,10
28876,10
28877,46
28880,24
28883,35
28884,8
28886,18
28887,5
28889,25
28890,39
28892,11
28893,19
28896,62
28899,15
28900,4
28902,31
28903,28
28905,8
28906,12
28908,17
28909,44
28912,22
28915,39
28916,16
28918,16
28919,7
28921,22
28922,33
28924,2
28925,17
28928,52
28931,12
28932,5
28934,32
28935,20
28937,9
28938,13
28940,16
28941,39
28944,20
28947,41
28948,13
28950,13
28951,11
28953,25
28954,32
28956,6
28957,23
28960,57
28963,20
28964,6
28966,39
28967,27
28969,11
28970,18
28972,12
28973,49
28976,27
28979,58
28980,7
28982,11
28983,4
28985,28
28986,35
28988,3
28989,17
28992,54
28995,20
28996,3
28998,42
28999,27
29001,5
29002,25
29004,7
29005,42
29008,20
29011,46
29012,9
29014,17
29015,8
29017,17
29018,35
29020,7
29021,17
29024,59
29027,14
29028,8
29030,33
29031,15
29033,10
29034,10
29036,10
29037,48
29040,26
29043,48
29044,12
29046,8
29047,13
29049,19
29050,39
29052,3
29053,17
29056,63
29059,16
29060,7
29062,41
29063,24
29065,10
29066,21
29068,16
29069,51
29072,25
29075,52
29076,16
29078,18
29079,7
29081,16
29082,35
29084,4
29085,30
29088,53
29091,23
29092,3
29094,29
29095,26
29097,6
29098,19
29100,17
29101,54
29104,23
29107,44
29108,8
29110,9
29111,10
29113,17
29114,28
29116,8
29117,24
29120,42
29123,25
29124,8
29126,34
29127,23
29129,12
29130,10
29132,22
29133,50
29136,26
29139,45
29140,11
29142,19
29143,13
29145,31
29146,22
29148,3
29149,16
29152,52
29155,20
29156,6
29158,30
29159,22
29161,10
29162,18
29164,16
29165,52
29168,23
29171,46
29172,16
29174,13
29175,12
29177,23
29178,39
29180,7
29181,15
29184,65
29187,27
29188,6
29190,37
29191,25
29193,10
29194,8
29196,10
29197,49
29200,22
29203,51
29204,8
29206,11
29207,10
29209,21
29210,39
29212,3
29213,15
29216,69
29219,23
29220,2
29222,39
29223,23
29225,9
29226,17
29228,9
29229,54
29232,32
29235,41
29236,13
29238,14
29239,7
29241,22
29242,40
29244,3
29245,15
29248,56
29251,22
29252,6
29254,40
29255,21
29257,13
29258,21
29260,15
29261,43
29264,24
29267,55
29268,12
29270,10
29271,10
29273,27
29274,40
29276,5
29277,13
29280,60
29283,25
29284,6
29286,37
29287,26
29289,15
29290,19
29292,9
29293,67
29296,34
29299,51
29300,8
29302,14
29303,6
29305,23
29306,34
29308,3
29309,24
29312,74
29315,20
29316,6
29318,36
29319,27
29321,10
29322,13
29324,10
29325,47
29328,20
29331,49
29332,15
29334,13
29335,9
29337,17
29338,34
29340,2
29341,22
29344,59
29347,18
29348,5
29350,38
29351,25
29353,7
29354,16
29356,9
29357,49
29360,30
29363,45
29364,8
29366,16
29367,10
29369,28
29370,36
29372,6
29373,25
29376,43
29379,16
29380,4
29382,36
29383,26
29385,14
29386,17
29388,10
29389,48
29392,32
29395,47
29396,17
29398,16
29399,8
29401,22
29402,38
29404,4
29405,20
29408,54
29411,27
29412,10
29414,46
29415,22
29417,14
29418,14
29420,10
29421,42
29424,19
29427,44
29428,8
29430,16
29431,15
29433,32
29434,32
29436,5
29437,20
29440,59
29443,25
29444,7
29446,42
29447,20
29449,15
29450,11
29452,13
29453,36
29456,28
29459,48
29460,8
29462,18
29463,14
29465,13
29466,42
29468,5
29469,19
29472,68
29475,16
29476,5
29478,32
29479,17
29481,7
29482,15
29484,5
29485,52
29488,27
29491,50
29492,8
29494,14
29495,5
29497,19
29498,28
29500,7
29501,20
29504,65
29507,17
29508,5
29510,29
29511,19
29513,6
29514,20
29516,8
29517,67
29520,30
29523,67
29524,7
29526,14
29527,7
29529,19
29530,33
29532,3
29533,16
29536,73
29539,23
29540,5
29542,34
29543,19
29545,10
29546,11
29548,6
29549,57
29552,30
29555,53
29556,14
29558,16
29559,11
29561,18
29562,28
29564,3
29565,18
29568,65
29571,26
29572,5
29574,36
29575,22
29577,11
29578,13
29580,9
29581,46
29584,27
29587,44
29588,16
29590,12
29591,8
29593,25
29594,41
29596,8
29597,22
29600,66
29603,18
29604,9
29606,27
29607,20
29609,14
29610,8
29612,4
29613,50
29616,32
29619,50
29620,10
29622,16
29623,12
29625,20
29626,37
29628,8
29629,21
29632,55
29635,30
29636,6
29638,44
29639,22
29641,8
29642,12
29644,16
29645,44
29648,29
29651,39
29652,12
29654,16
29655,11
29657,25
29658,37
29660,5
29661,18
29664,55
29667,17
29668,8
29670,40
29671,27
29673,5
29674,12
29676,20
29677,47
29680,32
29683,40
29684,13
29686,15
29687,12
29689,26
29690,30
29692,4
29693,27
29696,58
29699,20
29700,4
29702,31
29703,17
29705,13
29706,13
29708,9
29709,56
29712,22
29715,42
29716,10
29718,8
29719,8
29721,19
29722,37
29724,4
29725,16
29728,66
29731,23
29732,6
29734,30
29735,28
29737,8
29738,13
29740,14
29741,40
29744,23
29747,41
29748,13
29750,9
29751,9
29753,16
29754,27
29756,7
29757,24
29760,61
29763,19
29764,5
29766,34
29767,36
29769,10
29770,14
29772,11
29773,46
29776,32
29779,47
29780,10
29782,18
29783,14
29785,31
29786,29
29788,6
29789,17
29792,61
29795,20
29796,7
29798,33
29799,23
29801,15
29802,12
29804,13
29805,45
29808,21
29811,49
29812,9
29814,15
29815,9
29817,24
29818,32
29820,6
29821,24
29824,58
29827,20
29828,2
29830,29
29831,18
29833,9
29834,14
29836,11
29837,46
29840,18
29843,41
29844,8
29846,17
29847,9
29849,28
29850,42
29852,4
29853,20
29856,60
29859,25
29860,4
29862,38
29863,25
29865,11
29866,11
29868,11
29869,48
29872,21
29875,42
29876,8
29878,12
29879,8
29881,13
29882,37
29884,5
29885,19
29888,65
29891,20
29892,8
29894,34
29895,26
29897,18
29898,19
29900,9
29901,41
29904,25
29907,46
29908,12
29910,15
29911,9
29913,26
29914,27
29916,7
29917,20
29920,55
29923,22
29924,4
29926,22
29927,16
29929,10
29930,9
29932,9
29933,43
29936,22
29939,53
29940,12
29942,14
29943,8
29945,24
29946,27
29948,6
29949,15
29952,61
29955,21
29956,7
29958,37
29959,19
29961,6
29962,14
29964,10
29965,53
29968,23
29971,42
29972,15
29974,15
29975,3
29977,25
29978,29
29980,3
29981,22
29984,59
29987,20
29988,6
29990,29
29991,19
29993,6
29994,9
29996,13
29997,44
30000,23
30003,30
30004,9
30006,11
30007,10
30009,20
30010,44
30012,7
30013,19
30016,57
30019,20
30020,2
30022,31
30023,26
30025,7
30026,9
30028,7
30029,44
30032,26
30035,48
30036,5
30038,10
30039,6
30041,20
30042,27
30044,5
30045,15
30048,51
30051,26
30052,3
30054,29
30055,31
30057,5
30058,18
30060,10
30061,38
30064,31
30067,53
30068,12
30070,12
30071,8
30073,21
30074,27
30076,4
30077,18
30080,51
30083,19
30084,8
30086,35
30087,25
30089,6
30090,13
30092,11
30093,41
30096,27
30099,39
30100,9
30102,18
30103,10
30105,21
30106,39
30108,3
30109,24
30112,66
30115,21
30116,3
30118,43
30119,24
30121,11
30122,12
30124,14
30125,54
30128,26
30131,37
30132,19
30134,13
30135,7
30137,20
30138,35
30140,5
30141,21
30144,58
30147,12
30148,3
30150,30
30151,22
30153,6
30154,12
30156,12
30157,52
30160,19
30163,43
30164,16
30166,16
30167,13
30169,23
30170,36
30172,8
30173,17
30176,63
30179,22
30180,3
30182,39
30183,19
30185,7
30186,16
30188,8
30189,53
30192,30
30195,45
30196,10
30198,24
30199,13
30201,25
30202,41
30204,4
30205,15
30208,71
30211,13
30212,6
30214,35
30215,24
30217,9
30218,13
30220,12
30221,47
30224,33
30227,50
30228,7
30230,12
30231,13
30233,26
30234,32
30236,5
30237,14
30240,60
30243,23
30244,5
30246,45
30247,38
30249,7
30250,14
30252,11
30253,30
30256,22
30259,48
30260,12
30262,15
30263,11
30265,18
30266,35
30268,4
30269,19
30272,45
30275,24
30276,5
30278,37
30279,22
30281,9
30282,12
30284,18
30285,50
30288,35
30291,52
30292,8
30294,14
30295,6
30297,20
30298,46
30301,21
30304,63
30307,15
30308,1
30310,37
30311,24
30313,12
30314,19
30316,13
30317,39
30320,21
30323,38
30324,7
30326,20
30327,8
30329,28
30330,42
30332,5
30333,29
30336,62
30339,21
30340,3
30342,38
30343,24
30345,9
30346,20
30348,12
30349,45
30352,29
30355,55
30356,10
30358,20
30359,11
30361,19
30362,45
30364,3
30365,25
30368,56
30371,19
30372,1
30374,38
30375,16
30377,7
30378,18
30380,16
30381,36
30384,32
30387,58
30388,11
30390,15
30391,9
30393,23
30394,36
30396,6
30397,27
30400,62
30403,16
30404,6
30406,36
30407,24
30409,5
30410,14
30412,10
30413,61
30416,25
30419,52
30420,14
30422,25
30423,12
30425,23
30426,45
30428,6
30429,25
30432,63
30435,26
30436,9
30438,52
30439,21
30441,14
30442,9
30444,15
30445,47
30448,33
30451,53
30452,12
30454,18
30455,15
30457,16
30458,39
30460,3
30461,14
30464,52
30467,23
30468,5
30470,31
30471,29
30473,7
30474,16
30476,21
30477,45
30480,29
30483,47
30484,10
30486,15
30487,9
30489,24
30490,38
30492,6
30493,22
30496,63
30499,13
30500,6
30502,31
30503,29
30505,12
30506,31
30508,20
30509,61
30512,24
30515,66
30516,10
30518,11
30519,9
30521,22
30522,38
30524,3
30525,21
30528,85
30531,25
30532,2
30534,38
30535,37
30537,15
30538,21
30540,9
30541,60
30544,27
30547,58
30548,18
30550,14
30551,13
30553,32
30554,46
30556,5
30557,15
30560,79
30563,27
30564,4
30566,42
30567,21
30569,15
30570,27
30572,14
30573,68
30576,21
30579,53
30580,15
30582,17
30583,11
30585,31
30586,53
30588,3
30589,28
30592,81
30595,27
30596,7
30598,54
30599,37
30601,12
30602,15
30604,7
30605,47
30608,31
30611,53
30612,12
30614,19
30615,16
30617,23
30618,37
30620,2
30621,23
30624,77
30627,23
30628,9
30630,42
30631,24
30633,11
30634,19
30636,10
30637,63
30640,26
30643,60
30644,16
30646,11
30647,19
30649,19
30650,43
30652,8
30653,29
30656,64
30659,15
30660,7
30662,45
30663,38
30665,19
30666,16
30668,14
30669,76
30672,25
30675,66
30676,14
30678,22
30679,11
30681,27
30682,60
30684,7
30685,27
30688,59
30691,32
30692,4
30694,50
30695,38
30697,19
30698,22
30700,8
30701,68
30704,33
30707,69
30708,13
30710,18
30711,14
30713,37
30714,56
30716,8
30717,15
30720,72
30723,29
30724,5
30726,40
30727,17
30729,9
30730,19
30732,10
30733,77
30736,26
30739,68
30740,8
30742,22
30743,13
30745,33
30746,47
30748,7
30749,22
30752,73
30755,28
30756,5
30758,45
30759,34
30761,5
30762,20
30764,19
30765,75
30768,34
30771,55
30772,11
30774,21
30775,13
30777,33
30778,40
30780,6
30781,22
30784,77
30787,31
30788,5
30790,41
30791,31
30793,17
30794,22
30796,16
30797,44
30800,31
30803,59
30804,11
30806,20
30807,17
30809,23
30810,39
30812,5
30813,27
30816,74
30819,34
30820,7
30822,42
30823,27
30825,9
30826,29
30828,17
30829,55
30832,39
30835,62
30836,11
30838,24
30839,12
30841,24
30842,51
30844,4
30845,30
30848,97
30851,26
30852,11
30854,51
30855,27
30857,20
30858,24
30860,16
30861,75
30864,25
30867,59
30868,19
30870,19
30871,15
30873,37
30874,54
30876,11
30877,29
30880,100
30883,14
30884,6
30886,44
30887,34
30889,16
30890,22
30892,19
30893,72
30896,34
30899,57
30900,9
30902,18
30903,16
30905,40
30906,44
30908,4
30909,29
30912,68
30915,26
30916,6
30918,36
30919,48
30921,12
30922,18
30924,24
30925,70
30928,34
30931,73
30932,17
30934,19
30935,11
30937,33
30938,42
30940,7
30941,25
30944,74
30947,24
30948,4
30950,63
30951,33
30953,17
30954,14
30956,19
30957,54
30960,28
30963,60
30964,14
30966,19
30967,17
30969,29
30970,54
30972,8
30973,34
30976,68
30979,23
30980,6
30982,41
30983,22
30985,14
30986,21
30988,20
30989,63
30992,25
30995,68
30996,23
30998,17
30999,15
31001,28
31002,51
31004,4
31005,32
31008,89
31011,17
31012,5
31014,50
31015,25
31017,12
31018,16
31020,13
31021,77
31024,40
31027,64
31028,16
31030,21
31031,14
31033,33
31034,54
31036,9
31037,37
31040,77
31043,25
31044,5
31046,39
31047,34
31049,10
31050,27
31052,15
31053,63
31056,32
31059,72
31060,19
31062,17
31063,16
31065,27
31066,57
31068,2
31069,24
31072,78
31075,24
31076,7
31078,39
31079,32
31081,10
31082,29
31084,11
31085,56
31088,44
31091,56
31092,14
31094,19
31095,15
31097,31
31098,36
31100,10
31101,25
31104,67
31107,22
31108,10
31110,46
31111,25
31113,12
31114,15
31116,17
31117,57
31120,30
31123,62
31124,9
31126,13
31127,11
31129,28
31130,55
31132,10
31133,30
31136,72
31139,27
31140,6
31142,42
31143,43
31145,14
31146,22
31148,15
31149,75
31152,49
31155,65
31156,11
31158,15
31159,9
31161,32
31162,45
31164,11
31165,30
31168,72
31171,41
31172,5
31174,53
31175,36
31177,16
31178,24
31180,4
31181,65
31184,40
31187,57
31188,13
31190,17
31191,16
31193,25
31194,59
31196,10
31197,25
31200,67
31203,26
31204,9
31206,43
31207,35
31209,13
31210,20
31212,13
31213,57
31216,38
31219,49
31220,21
31222,18
31223,13
31225,37
31226,41
31228,9
31229,26
31232,84
31235,28
31236,4
31238,42
31239,36
31241,8
31242,24
31244,12
31245,59
31248,32
31251,64
31252,18
31254,19
31255,12
31257,45
31258,63
31260,7
31261,22
31264,59
31267,25
31268,6
31270,39
31271,34
31273,13
31274,19
31276,17
31277,68
31280,28
31283,48
31284,15
31286,17
31287,12
31289,24
31290,37
31292,10
31293,25
31296,87
31299,22
31300,2
31302,38
31303,27
31305,10
31306,26
31308,16
31309,63
31312,32
31315,72
31316,22
31318,16
31319,11
31321,33
31322,49
31324,9
31325,28
31328,92
31331,22
31332,2
31334,50
31335,26
31337,7
31338,17
31340,18
31341,68
31344,34
31347,58
31348,13
31350,22
31351,18
31353,28
31354,51
31356,8
31357,29
31360,69
31363,17
31364,6
31366,37
31367,30
31369,13
31370,28
31372,18
31373,58
31376,29
31379,49
31380,13
31382,18
31383,11
31385,19
31386,45
31388,4
31389,20
31392,76
31395,23
31396,5
31398,43
31399,26
31401,15
31402,17
31404,12
31405,66
31408,24
31411,56
31412,17
31414,14
31415,12
31417,30
31418,34
31420,9
31421,23
31424,56
31427,30
31428,2
31430,33
31431,18
31433,14
31434,14
31436,11
31437,54
31440,32
31443,49
31444,14
31446,13
31447,8
31449,17
31450,46
31452,6
31453,16
31456,64
31459,31
31460,1
31462,53
31463,26
31465,11
31466,22
31468,13
31469,60
31472,29
31475,49
31476,7
31478,13
31479,7
31481,18
31482,40
31484,9
31485,25
31488,77
31491,17
31492,2
31494,36
31495,25
31497,11
31498,8
31500,13
31501,42
31504,27
31507,65
31508,10
31510,15
31511,7
31513,26
31514,31
31516,7
31517,24
31520,64
31523,15
31524,5
31526,38
31527,18
31529,11
31530,13
31532,15
31533,41
31536,23
31539,60
31540,13
31542,22
31543,11
31545,45
31546,43
31548,6
31549,19
31552,50
31555,14
31556,5
31558,38
31559,36
31561,10
31562,16
31564,10
31565,35
31568,25
31571,47
31572,12
31574,16
31575,8
31577,27
31578,30
31580,9
31581,19
31584,69
31587,23
31588,3
31590,46
31591,16
31593,6
31594,8
31596,7
31597,43
31600,25
31603,41
31604,10
31606,19
31607,9
31609,22
31610,34
31612,5
31613,18
31616,48
31619,19
31620,2
31622,48
31623,16
31625,11
31626,13
31628,5
31629,46
31632,20
31635,50
31636,9
31638,15
31639,10
31641,18
31642,29
31644,5
31645,14
31648,53
31651,17
31652,4
31654,35
31655,19
31657,11
31658,18
31660,14
31661,49
31664,23
31667,37
31668,16
31670,19
31671,6
31673,19
31674,36
31676,5
31677,10
31680,50
31683,19
31684,4
31686,34
31687,28
31689,9
31690,19
31692,14
31693,43
31696,24
31699,45
31700,15
31702,4
31703,12
31705,22
31706,40
31708,8
31709,12
31712,67
31715,22
31716,6
31718,39
31719,20
31721,9
31722,20
31724,10
31725,39
31728,17
31731,63
31732,13
31734,12
31735,10
31737,21
31738,32
31741,15
31744,62
31747,19
31748,5
31750,36
31751,23
31753,11
31754,17
31756,11
31757,42
31760,21
31763,41
31764,10
31766,10
31767,7
31769,17
31770,36
31772,2
31773,18
31776,47
31779,21
31780,1
31782,31
31783,28
31785,8
31786,14
31788,10
31789,37
31792,20
31795,54
31796,7
31798,14
31799,5
31801,27
31802,30
31804,3
31805,17
31808,42
31811,8
31812,4
31814,31
31815,26
31817,11
31818,14
31820,9
31821,33
31824,17
31827,33
31828,7
31830,8
31831,11
31833,24
31834,28
31836,5
31837,14
31840,52
31843,16
31844,1
31846,34
31847,18
31849,6
31850,8
31852,10
31853,36
31856,18
31859,37
31860,12
31862,11
31863,11
31865,20
31866,29
31868,8
31869,17
31872,52
31875,17
31876,2
31878,29
31879,20
31881,10
31882,13
31884,4
31885,44
31888,14
31891,43
31892,14
31894,9
31895,8
31897,15
31898,17
31900,4
31901,12
31904,44
31907,16
31908,4
31910,26
31911,24
31913,7
31914,13
31916,8
31917,36
31920,21
31923,40
31924,11
31926,11
31927,8
31929,23
31930,20
31932,7
31933,12
31936,50
31939,13
31940,4
31942,27
31943,21
31945,2
31946,8
31948,12
31949,46
31952,15
31955,31
31956,7
31958,14
31959,5
31961,22
31962,26
31964,5
31965,12
31968,46
31971,10
31972,1
31974,29
31975,19
31977,4
31978,10
31980,2
31981,33
31984,24
31987,40
31988,14
31990,14
31991,2
31993,13
31994,28
31996,3
31997,13
32000,50
32003,13
32004,5
32006,32
32007,15
32009,8
32010,8
32012,10
32013,28
32016,18
32019,31
32020,5
32022,16
32023,9
32025,20
32026,26
32028,7
32029,13
32032,60
32035,15
32036,6
32038,27
32039,21
32041,7
32042,13
32044,9
32045,32
32048,15
32051,34
32052,8
32054,7
32055,4
32057,12
32058,22
32060,4
32061,15
32064,45
32067,12
32068,1
32070,27
32071,16
32073,8
32074,6
32076,11
32077,41
32080,15
32083,31
32084,6
32086,7
32087,6
32089,18
32090,20
32092,5
32093,20
32096,37
32099,16
32100,5
32102,28
32103,16
32105,6
32106,8
32108,11
32109,32
32112,19
32115,29
32116,6
32118,8
32119,8
32121,9
32122,15
32124,3
32125,20
32128,38
32131,16
32132,2
32134,22
32135,15
32137,6
32138,10
32140,10
32141,32
32144,11
32147,36
32148,7
32150,6
32151,9
32153,19
32154,25
32156,5
32157,17
32160,42
32163,13
32164,4
32166,20
32167,16
32169,5
32170,2
32172,7
32173,34
32176,21
32179,43
32180,7
32182,9
32183,11
32185,13
32186,28
32188,4
32189,9
32192,45
32195,18
32196,3
32198,24
32199,16
32201,8
32202,7
32204,10
32205,28
32208,18
32211,37
32212,4
32214,12
32215,7
32217,12
32218,25
32220,3
32221,17
32224,38
32227,10
32228,3
32230,17
32231,17
32233,9
32234,11
32236,15
32237,30
32240,15
32243,38
32244,13
32246,11
32247,7
32249,16
32250,29
32252,5
32253,15
32256,38
32259,13
32260,2
32262,20
32263,15
32265,8
32266,11
32268,10
32269,37
32272,17
32275,36
32276,11
32278,10
32279,10
32281,15
32282,34
32284,6
32285,19
32288,37
32291,5
32292,6
32294,21
32295,10
32297,6
32298,6
32300,7
32301,28
32304,13
32307,31
32308,6
32310,3
32311,3
32313,15
32314,22
32316,1
32317,9
32320,37
32323,16
32324,2
32326,31
32327,12
32329,13
32330,13
32332,9
32333,40
32336,9
32339,25
32340,9
32342,13
32343,4
32345,14
32346,28
32348,3
32349,12
32352,46
32355,9
32356,1
32358,26
32359,24
32361,9
32362,10
32364,9
32365,27
32368,19
32371,28
32372,7
32374,6
32375,2
32377,18
32378,22
32380,2
32381,19
32384,46
32387,11
32388,1
32390,21
32391,15
32393,6
32394,6
32396,9
32397,30
32400,7
32403,22
32404,12
32406,12
32407,5
32409,9
32410,24
32412,3
32413,11
32416,25
32419,11
32422,29
32423,14
32425,6
32426,13
32428,4
32429,26
32432,20
32435,32
32436,10
32438,4
32439,7
32441,15
32442,15
32444,2
32445,14
32448,41
32451,7
32452,4
32454,20
32455,16
32457,7
32458,4
32460,8
32461,34
32464,11
32467,25
32468,3
32470,10
32471,4
32473,15
32474,18
32476,3
32477,14
32480,34
32483,7
32484,2
32486,27
32487,12
32489,9
32490,10
32492,3
32493,35
32496,15
32499,27
32500,7
32502,11
32503,6
32505,14
32506,18
32509,9
32512,40
32515,14
32516,3
32518,22
32519,15
32521,8
32522,13
32524,8
32525,31
32528,15
32531,33
32532,10
32534,6
32535,4
32537,11
32538,14
32540,3
32541,12
32544,42
32547,9
32548,1
32550,18
32551,12
32553,4
32554,12
32556,4
32557,27
32560,11
32563,33
32564,14
32566,7
32567,3
32569,12
32570,22
32572,5
32573,16
32576,35
32579,7
32580,6
32582,16
32583,15
32585,4
32586,8
32588,7
32589,27
32592,17
32595,30
32596,6
32598,13
32599,9
32601,8
32602,21
32604,2
32605,16
32608,45
32611,12
32612,1
32614,19
32615,7
32617,6
32618,7
32620,7
32621,38
32624,14
32627,27
32628,5
32630,11
32631,4
32633,16
32634,26
32636,4
32637,17
32640,40
32643,12
32644,1
32646,24
32647,9
32649,6
32650,6
32652,7
32653,28
32656,16
32659,23
32660,3
32662,10
32663,3
32665,12
32666,25
32668,2
32669,14
32672,32
32675,11
32678,15
32679,11
32681,1
32682,6
32684,8
32685,32
32688,15
32691,29
32692,4
32694,4
32695,4
32697,12
32698,28
32700,3
32701,11
32704,22
32707,7
32708,4
32710,20
32711,11
32713,6
32714,11
32716,3
32717,33
32720,17
32723,22
32724,7
32726,6
32727,4
32729,9
32730,22
32732,2
32733,14
32736,38
32739,15
32740,6
32742,19
32743,21
32745,5
32746,11
32748,9
32749,26
32752,18
32755,29
32756,8
32758,8
32759,7
32761,13
32762,21
32764,4
32765,16
32768,31
32771,12
32772,2
32774,16
32775,16
32777,4
32778,11
32780,9
32781,27
32784,13
32787,24
32788,4
32790,7
32791,6
32793,11
32794,22
32796,2
32797,10
32800,32
32803,9
32806,15
32807,12
32809,7
32810,12
32812,3
32813,26
32816,7
32819,23
32820,4
32822,8
32823,5
32825,19
32826,25
32828,2
32829,12
32832,31
32835,5
32836,2
32838,19
32839,10
32841,1
32842,9
32844,6
32845,28
32848,15
32851,18
32852,9
32854,9
32855,5
32857,7
32858,11
32860,1
32861,10
32864,29
32867,9
32868,4
32870,20
32871,7
32873,7
32874,10
32876,8
32877,27
32880,14
32883,22
32884,8
32886,11
32887,6
32889,7
32890,14
32892,3
32893,12
32896,25
32899,7
32900,5
32902,24
32903,19
32905,4
32906,7
32908,4
32909,23
32912,12
32915,21
32916,8
32918,8
32919,3
32921,14
32922,17
32924,3
32925,6
32928,33
32931,12
32932,1
32934,20
32935,12
32937,7
32938,4
32940,9
32941,19
32944,10
32947,22
32948,4
32950,6
32951,3
32953,11
32954,18
32956,3
32957,10
32960,25
32963,12
32964,1
32966,24
32967,7
32969,5
32970,11
32972,2
32973,16
32976,12
32979,27
32980,4
32982,4
32983,3
32985,6
32986,17
32988,3
32989,14
32992,36
32995,11
32996,2
32998,13
32999,14
33001,5
33002,11
33004,3
33005,31
33008,14
33011,29
33012,8
33014,7
33015,3
33017,14
33018,22
33020,2
33021,9
33024,41
33027,14
33028,1
33030,18
33031,10
33033,10
33034,12
33036,5
33037,23
33040,12
33043,20
33044,3
33046,9
33047,6
33049,13
33050,13
33053,15
33056,29
33059,15
33060,1
33062,20
33063,15
33065,8
33066,5
33068,3
33069,24
33072,19
33075,25
33076,4
33078,7
33079,6
33081,11
33082,16
33084,3
33085,12
33088,36
33091,5
33092,2
33094,12
33095,18
33097,3
33098,6
33100,5
33101,28
33104,15
33107,25
33108,3
33110,8
33111,4
33113,13
33114,18
33116,3
33117,10
33120,22
33123,12
33124,3
33126,12
33127,9
33129,2
33130,8
33132,7
33133,22
33136,11
33139,27
33140,5
33142,7
33143,4
33145,12
33146,13
33148,3
33149,10
33152,28
33155,9
33156,2
33158,11
33159,13
33161,5
33162,8
33164,5
33165,27
33168,15
33171,21
33172,5
33174,10
33175,3
33177,15
33178,26
33180,2
33181,10
33184,25
33187,13
33188,2
33190,16
33191,7
33193,4
33194,8
33196,5
33197,20
33200,10
33203,23
33204,3
33206,5
33207,3
33209,11
33210,17
33212,2
33213,7
33216,22
33219,7
33220,3
33222,16
33223,17
33225,4
33226,10
33228,5
33229,13
33232,12
33235,14
33236,8
33238,4
33239,3
33241,9
33242,12
33244,3
33245,5
33248,27
33251,7
33252,1
33254,13
33255,11
33257,1
33258,4
33260,3
33261,21
33264,10
33267,24
33268,5
33270,14
33271,6
33273,11
33274,25
33276,3
33277,9
33280,30
33283,8
33284,1
33286,12
33287,12
33289,4
33290,5
33292,7
33293,18
33296,10
33299,22
33300,3
33302,10
33303,9
33305,9
33306,12
33308,5
33309,7
33312,17
33315,11
33316,3
33318,12
33319,12
33321,5
33322,2
33324,1
33325,16
33328,8
33331,24
33332,4
33334,9
33335,6
33337,11
33338,13
33340,5
33341,15
33344,21
33347,5
33348,2
33350,21
33351,9
33353,3
33354,10
33356,5
33357,18
33360,8
33363,22
33364,8
33366,11
33367,1
33369,8
33370,24
33372,3
33373,12
33376,25
33379,14
33380,1
33382,17
33383,13
33385,5
33386,8
33388,7
33389,19
33392,13
33395,16
33396,3
33398,9
33399,4
33401,11
33402,11
33404,5
33405,10
33408,23
33411,8
33412,2
33414,10
33415,9
33417,2
33418,10
33420,6
33421,12
33424,11
33427,14
33428,8
33430,7
33431,2
33433,9
33434,11
33436,1
33437,4
33440,22
33443,4
33444,1
33446,11
33447,10
33449,11
33450,5
33452,6
33453,22
33456,14
33459,18
33460,6
33462,6
33463,5
33465,12
33466,13
33469,12
33472,16
33475,8
33476,1
33478,11
33479,9
33481,2
33482,7
33484,6
33485,21
33488,8
33491,27
33492,7
33494,5
33495,5
33497,10
33498,22
33500,3
33501,9
33504,26
33507,12
33508,3
33510,15
33511,8
33513,3
33514,5
33516,2
33517,18
33520,13
33523,19
33524,6
33526,8
33527,7
33529,16
33530,9
33532,2
33533,10
33536,20
33539,9
33540,3
33542,9
33543,5
33545,3
33546,10
33548,5
33549,17
33552,11
33555,18
33556,10
33558,8
33559,5
33561,5
33562,12
33564,3
33565,6
33568,23
33571,6
33572,1
33574,22
33575,15
33577,6
33578,7
33580,4
33581,19
33584,14
33587,16
33588,10
33590,2
33591,1
33593,7
33594,13
33596,2
33597,4
33600,19
33603,7
33604,1
33606,12
33607,14
33609,1
33610,4
33612,3
33613,13
33616,7
33619,14
33620,6
33622,11
33623,3
33625,4
33626,8
33628,2
33629,8
33632,24
33635,6
33636,2
33638,14
33639,11
33641,2
33642,5
33644,5
33645,17
33648,6
33651,21
33652,10
33654,6
33655,2
33657,8
33658,10
33661,7
33664,22
33667,9
33668,3
33670,6
33671,11
33673,6
33674,8
33676,3
33677,16
33680,8
33683,13
33684,5
33686,4
33687,8
33689,6
33690,10
33692,1
33693,4
33696,26
33699,8
33700,1
33702,15
33703,8
33705,6
33706,8
33708,6
33709,18
33712,7
33715,15
33716,4
33718,4
33719,5
33721,9
33722,13
33725,8
33728,21
33731,6
33732,3
33734,13
33735,7
33737,2
33738,3
33740,1
33741,12
33744,8
33747,12
33748,1
33750,4
33751,3
33753,11
33754,9
33756,1
33757,7
33760,10
33763,9
33764,1
33766,13
33767,6
33769,3
33770,5
33773,13
33776,10
33779,15
33780,3
33782,9
33783,3
33785,7
33786,10
33788,3
33789,8
33792,15
33795,6
33796,2
33798,13
33799,9
33801,7
33802,5
33804,2
33805,13
33808,9
33811,23
33812,6
33814,6
33815,2
33817,9
33818,13
33820,2
33821,6
33824,16
33827,13
33828,2
33830,11
33831,5
33833,4
33834,6
33836,2
33837,15
33840,6
33843,12
33844,8
33846,4
33847,2
33849,5
33850,13
33852,3
33853,3
33856,20
33859,12
33860,1
33862,13
33863,7
33865,5
33866,5
33868,4
33869,8
33872,12
33875,16
33876,5
33878,2
33879,2
33881,9
33882,19
33884,3
33885,4
33888,20
33891,7
33894,10
33895,4
33897,5
33898,1
33900,2
33901,21
33904,6
33907,12
33908,2
33910,4
33911,1
33913,7
33914,17
33916,4
33917,2
33920,16
33923,9
33924,2
33926,8
33927,13
33929,5
33930,3
33932,2
33933,18
33936,12
33939,18
33940,2
33943,5
33945,11
33946,18
33948,4
33949,7
33952,19
33955,6
33956,1
33958,13
33959,6
33961,4
33962,7
33964,4
33965,20
33968,8
33971,9
33974,2
33975,1
33977,2
33978,6
33980,4
33981,11
33984,19
33987,7
33990,8
33991,8
33993,2
33994,5
33996,4
33997,13
34000,3
34003,7
34004,4
34006,2
34007,2
34009,3
34010,8
34012,2
34013,5
34016,16
34019,9
34020,2
34022,12
34023,6
34026,5
34028,5
34029,17
34032,4
34035,14
34036,5
34038,5
34039,6
34041,5
34042,10
34044,1
34045,4
34048,16
34051,6
34054,11
34055,4
34057,3
34058,2
34060,1
34061,14
34064,3
34067,11
34068,1
34070,4
34071,3
34073,9
34074,10
34077,5
34080,14
34083,4
34084,4
34086,10
34087,9
34090,4
34092,3
34093,9
34096,2
34099,16
34100,2
34102,1
34103,2
34105,5
34106,15
34108,3
34109,6
34112,21
34115,6
34118,5
34119,7
34121,1
34122,4
34124,5
34125,15
34128,8
34131,11
34132,3
34134,5
34135,4
34137,7
34138,9
34140,1
34141,4
34144,20
34147,7
34148,3
34150,12
34151,8
34153,3
34154,2
34156,3
34157,14
34160,6
34163,10
34164,4
34167,3
34169,5
34170,7
34173,5
34176,18
34179,4
34180,2
34182,6
34183,3
34185,3
34186,4
34188,2
34189,9
34192,3
34195,13
34196,3
34198,4
34199,3
34201,4
34202,8
34205,9
34208,15
34211,3
34212,2
34214,6
34215,8
34217,2
34218,2
34220,4
34221,13
34224,9
34227,13
34228,3
34230,5
34233,5
34234,11
34236,2
34237,5
34240,17
34243,7
34244,2
34246,8
34247,11
34249,6
34250,5
34252,4
34253,11
34256,10
34259,7
34260,3
34262,3
34263,1
34265,3
34266,4
34268,1
34269,3
34272,21
34275,2
34276,3
34278,6
34279,5
34281,3
34282,3
34284,6
34285,8
34288,6
34291,6
34292,1
34294,3
34295,4
34297,7
34298,9
34300,1
34301,2
34304,9
34307,5
34310,9
34311,3
34313,2
34314,5
34316,2
34317,11
34320,4
34323,13
34324,2
34326,7
34327,1
34329,5
34330,4
34332,1
34333,6
34336,13
34339,3
34340,1
34342,8
34343,2
34345,2
34346,3
34348,3
34349,9
34352,7
34355,15
34356,4
34358,3
34359,2
34361,7
34362,7
34365,2
34368,15
34371,2
34372,1
34374,8
34375,5
34377,2
34380,2
34381,12
34384,5
34387,8
34390,1
34391,4
34393,11
34394,13
34397,4
34400,7
34403,4
34404,4
34406,10
34407,3
34409,3
34410,1
34413,5
34416,7
34419,8
34420,1
34422,5
34423,2
34425,3
34426,2
34428,1
34429,1
34432,7
34435,9
34436,1
34438,10
34439,8
34442,5
34444,5
34445,9
34448,3
34451,10
34452,4
34454,4
34455,2
34457,4
34458,5
34461,6
34464,11
34467,2
34468,2
34470,6
34471,9
34473,2
34474,2
34476,2
34477,7
34480,4
34483,10
34484,2
34486,2
34489,5
34490,8
34492,1
34493,4
34496,11
34499,6
34502,12
34503,4
34505,3
34506,4
34509,9
34512,5
34515,7
34516,6
34518,2
34519,3
34521,1
34522,3
34524,1
34525,4
34528,15
34531,1
34532,2
34534,3
34535,4
34537,1
34538,2
34540,3
34541,5
34544,4
34547,13
34548,3
34550,1
34551,4
34553,2
34554,7
34557,5
34560,14
34563,6
34564,1
34566,6
34567,6
34570,3
34572,3
34573,6
34576,4
34579,11
34580,1
34582,6
34585,5
34586,9
34589,1
34592,16
34595,4
34596,2
34598,6
34599,4
34601,4
34602,1
34604,1
34605,8
34608,6
34611,5
34612,1
34614,6
34615,1
34617,5
34618,5
34620,1
34621,3
34624,8
34627,2
34628,1
34630,6
34631,4
34634,3
34636,4
34637,6
34640,2
34643,8
34644,2
34646,4
34647,2
34649,6
34650,4
34652,1
34653,1
34656,11
34659,4
34660,2
34662,9
34663,2
34665,2
34666,2
34668,1
34669,8
34672,5
34675,9
34678,2
34679,3
34681,5
34682,6
34684,2
34685,7
34688,8
34691,3
34694,7
34695,6
34697,1
34698,4
34701,5
34704,3
34707,9
34708,5
34710,3
34711,1
34713,1
34714,5
34717,3
34720,12
34723,4
34726,5
34727,4
34729,3
34730,3
34732,2
34733,5
34736,5
34739,6
34740,2
34745,4
34746,8
34748,1
34749,4
34752,9
34756,1
34758,7
34759,3
34762,2
34764,3
34765,9
34768,6
34771,9
34775,6
34777,1
34778,6
34781,1
34784,10
34787,2
34788,2
34790,8
34791,2
34794,2
34796,4
34797,9
34800,3
34803,4
34804,3
34806,2
34807,2
34809,3
34810,7
34812,1
34813,1
34816,10
34819,2
34820,2
34822,5
34823,2
34826,3
34828,3
34829,6
34832,4
34835,9
34836,2
34838,4
34839,2
34841,7
34842,9
34844,1
34845,3
34848,13
34851,4
34852,2
34854,2
34855,4
34857,1
34858,2
34860,2
34861,8
34864,6
34867,4
34868,1
34870,3
34871,3
34873,2
34874,8
34876,3
34880,10
34883,4
34886,1
34887,3
34889,1
34890,3
34893,6
34896,1
34899,6
34900,2
34902,3
34903,2
34905,4
34906,7
34909,3
34912,10
34915,6
34916,2
34918,7
34919,5
34921,1
34922,4
34925,5
34928,5
34931,4
34932,3
34934,3
34935,2
34937,2
34938,8
34940,1
34941,2
34944,8
34947,4
34948,1
34950,8
34951,4
34953,1
34954,5
34956,1
34957,3
34960,1
34963,8
34964,2
34966,3
34967,3
34969,3
34970,4
34972,1
34973,4
34976,7
34979,5
34980,2
34982,3
34983,4
34985,1
34986,1
34988,3
34989,5
34992,2
34995,7
34996,2
34998,3
34999,3
35001,3
35002,3
35004,1
35005,4
35008,7
35011,3
35012,1
35014,4
35015,3
35017,1
35020,4
35021,5
35024,7
35027,3
35028,3
35030,3
35031,1
35033,4
35034,3
35037,2
35040,15
35043,3
35046,2
35047,6
35049,4
35050,1
35052,3
35053,6
35056,2
35059,7
35060,1
35062,3
35065,3
35066,4
35068,1
35069,3
35072,10
35075,3
35076,1
35078,5
35079,3
35081,2
35082,1
35084,4
35085,5
35088,2
35091,1
35092,1
35094,4
35097,1
35098,3
35101,2
35104,5
35107,1
35110,4
35111,2
35113,2
35114,2
35116,3
35117,3
35120,4
35123,10
35124,2
35126,2
35127,2
35129,4
35130,5
35132,1
35133,6
35136,6
35139,1
35142,4
35143,4
35145,2
35148,2
35149,3
35152,3
35155,8
35156,1
35158,1
35159,1
35161,4
35162,4
35165,3
35168,6
35171,1
35174,9
35180,1
35181,5
35184,1
35187,5
35188,2
35190,3
35193,5
35194,6
35197,2
35200,12
35203,1
35206,4
35207,4
35213,3
35216,3
35219,6
35220,1
35222,1
35225,1
35226,5
35229,4
35232,4
35235,3
35238,5
35239,2
35242,2
35244,4
35245,3
35248,1
35251,4
35252,2
35254,1
35257,3
35258,5
35261,2
35264,5
35268,2
35270,7
35271,3
35273,2
35274,1
35276,2
35277,8
35280,5
35283,3
35284,2
35286,1
35289,4
35290,3
35292,1
35293,2
35296,7
35299,2
35300,2
35302,4
35303,4
35308,1
35309,5
35312,2
35315,8
35316,2
35318,2
35319,2
35321,4
35322,3
35325,2
35328,7
35331,2
35334,6
35335,2
35337,2
35338,2
35340,1
35341,4
35344,3
35347,4
35350,3
35351,1
35353,1
35354,6
35357,2
35360,3
35363,1
35364,2
35366,3
35367,2
35369,3
35370,2
35372,1
35373,8
35376,3
35379,3
35380,1
35382,2
35383,1
35385,1
35386,2
35388,1
35392,4
35395,2
35396,1
35398,7
35399,2
35401,3
35402,1
35404,2
35405,4
35408,6
35411,4
35412,2
35414,1
35417,4
35418,2
35421,2
35424,6
35427,2
35430,5
35431,4
35434,1
35436,2
35437,4
35440,2
35443,6
35444,2
35446,2
35447,1
35449,3
35450,5
35453,8
35456,11
35459,3
35460,1
35462,3
35463,2
35465,3
35468,4
35469,4
35472,2
35475,3
35476,1
35478,3
35481,4
35482,4
35484,1
35485,2
35488,8
35491,2
35492,1
35494,3
35495,3
35500,1
35501,4
35504,3
35507,3
35511,2
35513,1
35514,4
35516,2
35520,6
35524,2
35526,1
35529,2
35530,3
35533,1
35536,2
35539,4
35542,2
35543,2
35545,1
35546,4
35549,3
35552,6
35555,1
35556,1
35558,4
35559,2
35561,1
35562,1
35565,5
35568,6
35571,4
35572,2
35574,2
35577,4
35578,3
35581,2
35584,7
35587,7
35590,2
35593,1
35594,1
35596,1
35597,5
35600,5
35603,5
35607,1
35609,4
35610,2
35613,2
35616,6
35619,1
35622,8
35623,2
35625,1
35626,1
35629,5
35632,2
35635,3
35636,3
35638,1
35641,5
35642,3
35644,1
35645,1
35648,8
35651,3
35654,3
35658,1
35661,9
35664,4
35667,4
35670,1
35671,2
35673,2
35674,5
35677,1
35680,3
35687,1
35689,2
35690,2
35692,1
35693,3
35696,3
35699,6
35700,3
35705,1
35706,4
35708,1
35709,2
35712,2
35715,1
35718,3
35719,1
35722,1
35724,1
35725,3
35728,5
35731,3
35732,1
35734,5
35735,1
35737,2
35738,7
35741,1
35744,8
35747,4
35748,2
35750,3
35753,1
35754,2
35757,3
35760,2
35763,2
35767,1
35769,1
35770,4
35773,1
35776,4
35779,2
35782,2
35783,1
35785,1
35786,2
35789,8
35792,2
35795,1
35798,2
35801,2
35802,3
35805,2
35808,3
35811,2
35812,1
35814,2
35815,1
35821,4
35824,1
35827,4
35828,3
35831,1
35834,2
35837,2
35840,6
35844,1
35846,6
35847,3
35849,1
35850,1
35852,1
35853,4
35856,3
35859,6
35860,2
35865,5
35866,3
35868,1
35869,3
35872,5
35875,1
35879,1
35881,1
35882,2
35884,1
35885,4
35891,2
35892,1
35895,1
35897,2
35900,1
35904,3
35910,6
35911,2
35917,4
35920,1
35923,3
35924,2
35927,1
35929,1
35930,1
35933,1
35936,5
35942,3
35943,1
35945,1
35946,1
35949,6
35952,1
35955,1
35956,2
35958,2
35959,1
35962,2
35965,1
35968,2
35971,3
35974,6
35975,2
35980,1
35981,2
35984,1
35987,4
35988,1
35991,2
35993,1
35994,6
35997,2
36000,4
36003,5
36006,6
36010,2
36012,3
36013,9
36016,3
36019,3
36023,1
36025,2
36026,3
36029,1
36032,3
36038,3
36039,1
36041,2
36042,5
36048,1
36051,1
36052,2
36054,1
36058,5
36061,1
36064,4
36067,1
36070,1
36071,2
36073,1
36074,1
36076,1
36077,5
36080,2
36083,5
36093,3
36096,2
36099,1
36102,5
36105,2
36106,2
36109,6
36112,2
36115,2
36118,3
36121,4
36122,3
36124,1
36125,3
36131,2
36135,2
36138,1
36141,5
36144,2
36147,1
36148,3
36150,2
36151,1
36153,2
36154,2
36160,3
36163,1
36164,1
36167,3
36170,1
36173,3
36176,1
36179,9
36180,1
36182,1
36189,3
36192,5
36195,1
36196,1
36198,2
36199,1
36204,1
36205,4
36211,1
36212,2
36217,1
36221,1
36224,4
36228,1
36230,4
36231,3
36233,1
36236,3
36237,5
36240,2
36243,2
36244,1
36246,2
36250,3
36256,3
36259,6
36260,1
36262,1
36263,2
36268,2
36269,1
36275,1
36276,1
36282,1
36285,1
36288,1
36291,1
36294,3
36295,1
36297,1
36298,2
36300,1
36301,2
36304,1
36307,1
36311,3
36313,1
36314,4
36317,1
36320,3
36323,2
36326,1
36327,1
36333,4
36336,1
36339,1
36342,1
36345,3
36346,1
36352,4
36355,2
36358,3
36362,1
36364,1
36365,4
36368,1
36371,2
36372,1
36378,1
36380,1
36381,1
36384,4
36390,1
36391,3
36393,1
36396,1
36397,4
36400,2
36403,3
36409,2
36410,1
36412,2
36413,1
36416,2
36419,2
36422,3
36429,4
36435,4
36436,1
36439,2
36441,1
36442,1
36448,4
36451,3
36452,1
36454,4
36457,1
36460,1
36461,1
36464,1
36473,1
36474,3
36477,1
36480,3
36486,1
36490,1
36493,3
36499,3
36500,1
36505,2
36506,1
36509,3
36512,5
36515,1
36516,1
36518,1
36519,1
36521,2
36522,1
36525,1
36531,3
36532,1
36535,1
36538,1
36540,2
36541,1
36544,3
36550,2
36551,1
36557,2
36563,1
36566,1
36567,2
36569,4
36570,2
36576,4
36579,2
36580,1
36582,1
36589,2
36592,3
36595,2
36598,1
36599,1
36602,2
36605,1
36608,5
36614,3
36615,2
36618,1
36621,1
36624,2
36627,5
36630,2
36633,2
36634,3
36637,4
36640,2
36646,1
36647,1
36649,1
36650,2
36653,1
36656,2
36659,2
36663,1
36665,3
36669,2
36672,6
36678,2
36679,2
36681,1
36688,4
36691,2
36692,3
36695,1
36697,1
36698,1
36700,1
36704,1
36707,1
36716,2
36717,2
36720,3
36723,2
36724,1
36726,1
36727,1
36730,1
36733,2
36736,2
36740,1
36742,3
36743,1
36748,1
36749,2
36755,5
36759,1
36761,2
36762,2
36765,1
36768,2
36771,1
36774,3
36780,2
36781,2
36784,1
36787,3
36793,1
36794,4
36796,1
36797,1
36800,2
36807,1
36810,1
36813,2
36825,1
36826,6
36829,1
36838,1
36839,1
36845,2
36848,1
36851,1
36852,2
36854,2
36858,1
36864,1
36867,1
36880,1
36883,1
36884,1
36889,1
36890,3
36892,1
36893,1
36899,1
36900,2
36902,1
36903,1
36909,1
36912,2
36915,2
36919,1
36922,2
36928,1
36931,1
36934,3
36941,2
36947,1
36953,1
36954,3
36960,7
36967,1
36970,1
36972,1
36973,1
36982,1
36986,2
36988,1
36989,2
36992,3
37004,1
37005,1
37014,1
37015,1
37017,2
37018,2
37024,1
37028,1
37030,3
37033,1
37036,2
37037,1
37043,3
37046,1
37047,1
37050,3
37056,4
37065,1
37066,1
37075,3
37078,1
37088,5
37091,1
37100,1
37101,1
37107,3
37108,1
37114,1
37117,1
37120,1
37123,1
37132,1
37133,2
37139,4
37140,1
37143,1
37145,1
37152,2
37155,1
37168,2
37174,1
37177,1
37178,1
37181,1
37184,3
37187,2
37193,1
37197,3
37200,1
37203,2
37207,1
37210,2
37216,2
37235,1
37241,1
37244,1
37248,1
37254,1
37267,2
37277,2
37280,4
37286,1
37290,1
37293,1
37305,2
37306,3
37312,2
37318,3
37319,1
37325,1
37328,1
37331,1
37338,1
37340,1
37341,1
37344,4
37354,2
37357,2
37363,3
37369,1
37376,3
37395,2
37398,1
37399,2
37402,3
37405,1
37408,2
37414,4
37424,2
37430,2
37431,2
37434,2
37440,1
37443,1
37446,2
37453,3
37456,2
37459,2
37481,1
37485,1
37491,1
37495,1
37498,1
37510,2
37511,2
37513,1
37514,1
37517,1
37524,1
37527,1
37536,1
37542,1
37543,1
37549,2
37555,2
37558,1
37562,3
37568,3
37574,1
37575,1
37580,1
37581,1
37584,1
37593,1
37600,3
37604,1
37606,2
37613,1
37616,1
37619,3
37620,1
37625,1
37626,1
37632,1
37636,1
37638,4
37645,1
37648,1
37651,3
37658,1
37661,1
37664,2
37667,1
37670,2
37683,2
37699,3
37703,1
37715,3
37718,1
37721,1
37722,4
37728,1
37734,1
37747,2
37748,1
37753,1
37757,1
37760,3
37766,1
37769,1
37770,1
37773,1
37776,1
37783,1
37786,1
37789,1
37792,1
37802,1
37805,2
37818,2
37824,2
37837,1
37840,2
37846,2
37853,3
37863,1
37868,1
37869,2
37882,1
37891,1
37895,2
37901,2
37907,1
37913,2
37914,1
37920,2
37939,1
37946,1
37949,1
37952,1
37961,1
37964,1
37968,1
37971,1
37975,1
37977,2
37978,1
37984,1
37987,2
38003,1
38019,1
38022,1
38026,1
38028,2
38035,1
38036,1
38048,1
38051,1
38054,2
38055,1
38057,1
38061,1
38064,2
38068,1
38070,1
38073,1
38077,1
38080,2
38083,1
38086,1
38087,1
38090,1
38093,1
38106,1
38108,2
38112,4
38118,1
38121,1
38137,1
38138,1
38150,1
38154,1
38176,1
38189,2
38195,2
38198,1
38204,1
38205,1
38211,1
38214,1
38215,1
38220,1
38224,1
38227,1
38246,1
38249,1
38253,1
38276,1
38291,1
38301,1
38304,2
38310,1
38311,1
38323,1
38333,1
38343,1
38346,1
38348,1
38356,1
38358,1
38361,1
38362,1
38374,1
38387,1
38394,1
38397,1
38403,1
38409,1
38412,1
38416,1
38426,3
38432,2
38445,1
38451,1
38467,1
38470,1
38483,1
38486,1
38487,1
38489,1
38493,1
38496,2
38512,1
38515,1
38522,1
38525,1
38528,1
38534,1
38535,1
38541,1
38547,1
38551,1
38566,1
38573,2
38579,3
38592,1
38608,3
38624,1
38627,1
38633,1
38637,1
38656,1
38672,1
38675,1
38678,1
38681,1
38685,1
38695,1
38701,2
38704,1
38714,2
38720,1
38739,1
38752,1
38758,1
38759,2
38777,1
38784,1
38791,1
38807,1
38810,1
38813,1
38822,1
38829,1
38832,1
38835,1
38855,2
38857,1
38868,1
38870,1
38883,1
38900,1
38912,1
38928,1
38937,1
38957,1
38963,1
38980,2
39002,1
39005,1
39020,1
39033,1
39047,1
39062,1
39068,1
39072,1
39078,1
39081,1
39082,1
39084,1
39085,2
39095,1
39110,2
39123,1
39126,1
39136,2
39142,1
39174,1
39175,1
39200,1
39203,1
39207,2
39232,2
39238,1
39239,1
39242,1
39244,1
39252,1
39264,2
39277,1
39283,1
39289,1
39296,1
39302,1
39309,1
39312,2
39328,2
39334,1
39351,1
39373,1
39386,1
39396,1
39408,1
39411,2
39437,1
39443,1
39444,1
39449,1
39481,1
39482,1
39485,1
39501,2
39504,1
39510,1
39539,1
39546,2
39565,1
39571,1
39590,1
39597,1
39610,2
39632,1
39635,2
39638,1
39642,1
39670,1
39677,1
39687,1
39706,1
39744,1
39757,1
39760,1
39764,1
39766,1
39802,1
39814,1
39820,1
39824,1
39827,2
39828,1
39830,1
39834,1
39840,1
39846,2
39853,1
39898,1
39911,1
39926,1
39930,1
39942,1
39949,1
39968,1
39971,1
39987,1
40087,1
40103,1
40106,2
40108,1
40118,1
40122,1
40128,1
40135,2
40227,1
40230,1
40252,1
40266,2
40268,1
40297,1
40339,1
40352,1
40390,1
40522,1
40528,1
40550,1
40557,1
40570,2
40583,1
40598,1
40605,1
40640,1
40649,1
40669,1
40672,1
40678,1
40688,1
40691,1
40695,1
40710,2
40784,1
40826,1
40832,1
40861,1
40909,1
40915,1
40928,1
40931,1
40934,1
40970,1
40992,1
41014,1
41018,1
41037,1
41043,1
41097,1
41101,1
41107,1
41123,1
41140,1
41168,2
41174,1
41177,1
41184,2
41209,1
41222,1
41267,1
41325,1
41370,1
41382,1
41396,1
41427,1
41510,1
41517,1
41581,1
41638,1
41642,1
41667,1
41677,1
41689,1
41702,1
41735,1
41754,1
41770,1
41796,1
41799,1
41811,1
41904,1
41913,1
41914,1
41916,1
41939,1
41965,3
41984,1
42007,1
42019,1
42029,1
42093,1
42147,1
42154,1
42208,1
42227,1
42228,1
42233,1
42253,1
42355,1
42400,1
42503,1
42746,1
42761,1
42790,1
42807,1
42823,1
42842,2
42873,1
42880,1
42889,1
42925,1
42934,1
42938,1
42950,1
42966,1
43040,1
43059,1
43072,1
43130,1
43187,1
43200,2
43325,1
43392,1
43542,1
43686,1
43693,1
43718,1
43773,1
43795,1
43872,1
43959,1
43987,1
44012,1
44013,1
44029,1
44119,1
44125,2
44170,1
44201,1
44221,1
44243,1
44272,1
44345,1
44349,1
44365,1
44374,1
44435,1
44493,1
44524,1
44538,1
44557,1
44573,1
44595,1
44605,1
44627,1
44634,1
44647,1
44672,1
44678,1
44688,1
44787,1
44820,1
44861,1
44871,1
44877,1
44921,1
44947,1
45011,1
45021,1
45024,1
45040,1
45056,3
45120,1
45136,1
45177,1
45178,1
45203,1
45213,1
45303,1
45312,1
45315,1
45331,1
45338,2
45357,2
45376,1
45459,1
45638,1
45670,1
45728,1
45740,1
45741,2
45772,1
45773,2
45792,1
45811,1
45856,1
45942,1
46070,1
46108,1
46186,2
46227,1
46259,1
46304,1
46326,1
46336,1
46361,1
46381,1
46400,1
46432,1
46490,1
46547,1
46569,1
46605,1
46618,1
46624,2
46643,1
46681,1
46720,1
46730,1
46752,1
46771,1
46777,1
46797,1
46807,1
46820,1
46829,1
46880,1
46886,1
46919,1
46922,1
46938,1
46954,1
46998,1
47059,1
47065,1
47072,1
47092,1
47104,1
47124,1
47168,1
47222,1
47232,1
47235,2
47251,1
47273,1
47382,1
47385,1
47386,1
47388,1
47415,1
47417,1
47418,1
47462,1
47491,1
47520,1
47562,1
47565,1
47571,1
47572,1
47577,1
47629,1
47684,1
47687,1
47693,1
47719,1
47724,1
47725,1
47731,1
47767,1
47811,1
47814,1
47827,1
47923,1
47961,1
47965,1
47968,1
47984,1
48013,1
48032,1
48105,1
48108,1
48141,1
48176,1
48186,1
48214,1
48215,1
48256,1
48288,1
48391,1
48426,1
48428,1
48429,1
48435,2
48445,1
48448,1
48480,2
48483,1
48487,1
48493,1
48512,1
48538,1
48541,1
48553,2
48563,1
48576,1
48598,1
48599,1
48618,1
48621,1
48624,1
48627,3
48650,1
48653,1
48656,1
48666,1
48672,1
48685,1
48688,1
48695,1
48698,1
48704,1
48707,1
48710,1
48717,1
48720,1
48727,1
48729,1
48730,2
48736,1
48742,1
48762,2
48784,1
48823,1
48829,1
48838,1
48839,1
48845,1
48861,1
48874,1
48877,2
48883,3
48884,2
48896,1
48912,1
48928,2
48941,2
48957,1
48960,2
48963,1
48967,1
48973,1
48979,1
48983,1
48985,1
48992,1
49011,1
49018,2
49024,1
49030,1
49034,1
49036,1
49037,2
49046,1
49049,1
49050,1
49059,1
49063,1
49066,1
49069,1
49088,1
49091,1
49094,1
49095,1
49097,1
49101,1
49104,1
49107,1
49116,1
49120,3
49129,1
49139,3
49142,1
49148,1
49152,1
49155,1
49159,2
49162,1
49165,2
49168,1
49171,1
49178,1
49184,1
49187,1
49193,1
49194,1
49200,2
49203,1
49210,1
49222,1
49223,1
49245,1
49248,1
49255,1
49268,1
49270,1
49280,1
49293,1
49296,1
49300,1
49306,1
49312,1
49319,2
49325,2
49332,1
49337,1
49344,3
49353,1
49357,2
49363,2
49366,1
49386,1
49389,1
49392,1
49395,2
49402,5
49405,2
49408,1
49414,2
49418,1
49424,1
49430,1
49431,1
49434,1
49440,1
49443,1
49444,1
49446,2
49450,1
49453,3
49456,1
49462,1
49465,1
49466,1
49469,1
49472,1
49478,1
49479,1
49482,1
49485,2
49488,1
49491,2
49492,1
49494,1
49495,1
49498,4
49501,1
49510,1
49511,1
49520,1
49523,2
49527,1
49530,1
49536,2
49542,1
49545,1
49549,1
49555,1
49562,1
49565,1
49568,3
49574,1
49578,1
49581,2
49587,4
49594,3
49597,2
49600,2
49606,3
49607,1
49613,3
49616,1
49619,2
49626,2
49629,1
49632,4
49635,1
49651,2
49658,1
49664,2
49667,1
49668,1
49671,2
49674,1
49677,1
49680,3
49683,1
49686,2
49687,1
49689,1
49690,3
49692,2
49693,1
49696,1
49709,1
49719,1
49728,1
49734,2
49740,3
49741,2
49744,1
49747,1
49748,1
49750,1
49753,1
49754,4
49763,1
49766,1
49767,2
49769,1
49773,2
49776,1
49786,2
49788,1
49792,3
49798,1
49799,3
49805,1
49811,2
49815,1
49818,1
49821,1
49824,1
49828,1
49830,2
49831,1
49833,1
49836,1
49837,1
49843,3
49844,1
49846,1
49856,1
49859,1
49862,2
49863,1
49865,1
49866,1
49868,1
49869,2
49872,2
49875,2
49876,1
49878,3
49881,1
49882,2
49891,2
49894,1
49907,2
49908,1
49910,1
49913,1
49920,1
49926,2
49927,1
49933,2
49936,2
49940,1
49942,1
49945,3
49946,5
49952,4
49955,1
49956,1
49958,2
49961,1
49962,1
49965,2
49971,1
49977,1
49978,1
49981,1
49984,2
49987,2
49990,2
49991,2
49997,4
50000,1
50004,1
50007,2
50009,1
50010,3
50013,3
50016,6
50019,1
50022,3
50026,1
50028,2
50029,1
50035,2
50036,1
50038,2
50041,2
50042,4
50045,1
50048,2
50051,4
50054,3
50057,2
50058,2
50061,2
50064,1
50067,3
50071,1
50073,1
50074,1
50076,1
50080,5
50086,1
50087,1
50090,1
50093,4
50096,3
50099,1
50100,1
50102,3
50105,2
50106,4
50109,2
50112,2
50116,1
50118,1
50124,1
50125,6
50128,1
50132,1
50138,1
50140,1
50141,3
50144,3
50147,1
50148,1
50150,1
50154,1
50157,2
50160,2
50163,3
50164,1
50166,1
50167,1
50169,1
50170,3
50176,3
50182,3
50183,1
50189,1
50192,3
50196,1
50198,1
50201,2
50205,1
50208,1
50211,2
50214,2
50215,1
50218,1
50221,2
50224,1
50227,3
50231,1
50233,3
50237,5
50240,5
50246,1
50247,1
50252,1
50253,2
50259,4
50266,1
50269,2
50275,2
50278,1
50279,1
50281,1
50282,1
50285,2
50291,2
50294,1
50295,1
50297,1
50298,3
50304,1
50310,2
50311,1
50314,1
50316,2
50317,2
50320,1
50323,3
50326,1
50327,1
50330,2
50332,2
50336,1
50339,1
50342,4
50343,1
50345,2
50349,1
50352,2
50355,1
50358,1
50359,1
50362,1
50365,2
50368,1
50371,1
50374,1
50375,2
50378,2
50381,2
50384,1
50387,4
50388,1
50393,2
50394,2
50400,4
50403,2
50406,1
50407,3
50409,1
50413,1
50416,1
50419,1
50420,1
50422,1
50425,2
50426,2
50428,1
50429,2
50432,4
50435,2
50438,3
50439,2
50441,1
50442,2
50445,1
50448,1
50451,3
50452,2
50457,4
50458,1
50461,1
50464,2
50470,2
50471,1
50476,1
50477,7
50480,2
50483,4
50486,1
50487,2
50489,1
50490,1
50493,3
50496,1
50499,3
50502,1
50503,1
50506,1
50508,1
50518,2
50522,4
50524,1
50525,1
50528,5
50531,2
50534,3
50535,3
50540,1
50541,2
50544,3
50550,1
50553,1
50554,5
50556,1
50557,1
50560,1
50563,3
50566,2
50567,1
50573,1
50576,1
50579,4
50586,2
50589,1
50592,5
50598,3
50599,1
50604,1
50605,3
50608,2
50617,2
50618,2
50621,2
50624,4
50630,3
50631,3
50634,1
50637,2
50640,1
50643,1
50644,2
50649,1
50650,4
50653,3
50656,1
50659,1
50663,2
50665,1
50668,1
50669,5
50675,3
50676,1
50678,1
50679,2
50685,1
50688,2
50691,1
50694,2
50701,4
50704,2
50707,1
50708,2
50710,1
50713,1
50716,2
50717,1
50720,5
50723,3
50726,1
50727,1
50729,2
50732,2
50733,3
50736,1
50739,1
50745,1
50746,4
50749,2
50752,6
50755,1
50758,1
50759,1
50761,2
50762,1
50768,3
50771,7
50775,1
50777,3
50778,2
50784,5
50787,2
50790,2
50791,2
50793,1
50797,1
50803,1
50804,3
50809,2
50813,3
50816,1
50819,1
50823,1
50826,1
50828,2
50829,3
50832,1
50835,3
50838,2
50839,1
50842,2
50845,1
50848,3
50851,1
50854,3
50855,3
50858,1
50861,2
50864,4
50867,3
50870,2
50874,2
50880,7
50886,8
50889,1
50890,1
50893,2
50899,2
50900,1
50906,1
50908,1
50912,5
50915,1
50918,3
50919,2
50922,1
50924,2
50925,4
50931,2
50937,1
50938,6
50944,4
50947,1
50950,2
50951,1
50953,1
50954,2
50957,3
50960,1
50963,2
50964,2
50966,1
50967,1
50970,1
50973,1
50982,5
50983,3
50986,1
50988,1
50989,3
50992,2
50995,1
50996,1
50998,2
51001,3
51002,1
51004,1
51005,1
51008,3
51014,2
51015,1
51020,1
51021,2
51024,1
51027,3
51028,1
51030,1
51033,4
51040,2
51043,1
51046,1
51047,1
51050,4
51053,4
51056,4
51059,1
51060,1
51063,2
51065,1
51066,2
51069,1
51072,4
51076,1
51078,1
51079,1
51082,1
51084,1
51085,5
51088,1
51091,5
51095,2
51097,2
51098,1
51101,1
51104,4
51107,2
51110,2
51111,5
51113,1
51117,3
51120,4
51123,5
51126,1
51129,3
51130,5
51133,1
51140,1
51142,2
51143,1
51146,1
51149,5
51152,1
51155,10
51158,1
51161,2
51162,1
51165,1
51168,5
51171,3
51174,3
51175,1
51178,2
51181,3
51184,2
51187,1
51188,1
51190,1
51191,2
51193,2
51194,1
51196,1
51200,2
51203,1
51206,2
51209,4
51210,1
51212,1
51213,3
51216,1
51219,2
51225,2
51226,2
51228,1
51229,1
51232,8
51235,2
51238,2
51239,2
51241,1
51244,1
51245,6
51248,4
51252,1
51254,2
51255,1
51257,3
51264,2
51270,2
51271,1
51276,2
51277,1
51280,1
51283,3
51284,1
51286,1
51287,1
51289,1
51290,2
51293,3
51296,1
51299,1
51300,1
51303,2
51305,1
51306,1
51308,1
51309,3
51312,2
51315,5
51316,1
51318,1
51319,1
51321,2
51328,3
51331,2
51334,3
51338,3
51341,3
51344,5
51347,2
51348,1
51350,2
51351,2
51353,1
51354,3
51357,1
51360,4
51363,2
51367,2
51369,1
51372,1
51373,4
51376,3
51379,2
51380,1
51382,1
51386,1
51388,1
51389,3
51392,2
51395,2
51402,2
51404,3
51405,2
51408,2
51411,2
51412,1
51414,2
51417,1
51418,2
51421,1
51424,7
51427,1
51430,4
51431,1
51436,1
51437,3
51440,3
51443,1
51444,1
51446,2
51447,1
51449,1
51450,2
51452,1
51453,1
51456,7
51459,1
51460,2
51462,2
51463,4
51466,2
51468,2
51469,3
51472,4
51475,3
51476,1
51478,1
51479,1
51481,4
51482,4
51484,1
51485,3
51488,6
51491,1
51494,3
51498,1
51504,2
51507,3
51508,1
51510,1
51513,1
51514,1
51516,5
51517,1
51520,6
51523,1
51526,2
51527,3
51529,1
51530,1
51533,1
51539,2
51546,2
51549,1
51552,2
51556,1
51558,2
51559,1
51562,1
51564,1
51568,1
51571,3
51574,1
51575,1
51577,1
51578,3
51581,4
51584,5
51587,3
51588,1
51591,1
51593,1
51597,3
51600,2
51603,3
51606,2
51609,1
51610,1
51613,2
51616,2
51622,4
51623,3
51628,1
51629,2
51632,2
51635,3
51638,1
51639,1
51642,4
51644,1
51648,3
51651,1
51652,1
51654,1
51655,2
51658,2
51660,1
51661,4
51667,4
51673,4
51674,4
51676,1
51677,3
51680,6
51683,1
51686,2
51689,1
51692,2
51693,3
51696,3
51699,3
51705,1
51706,8
51708,1
51712,10
51715,1
51716,1
51718,4
51719,2
51722,1
51724,1
51725,6
51728,2
51731,5
51732,2
51734,1
51735,1
51737,2
51738,4
51741,1
51744,5
51747,4
51750,1
51751,3
51753,1
51754,2
51756,1
51757,2
51763,6
51764,1
51769,3
51772,2
51773,2
51776,8
51779,2
51782,1
51788,1
51789,5
51792,1
51795,3
51796,2
51799,1
51802,1
51804,1
51805,2
51808,2
51811,3
51812,1
51814,5
51817,1
51821,3
51824,2
51827,4
51828,1
51830,2
51833,2
51834,2
51837,1
51840,4
51843,1
51846,7
51847,2
51853,2
51856,1
51859,1
51860,1
51863,2
51865,1
51872,3
51875,2
51876,1
51878,6
51879,1
51885,5
51891,4
51892,1
51894,3
51895,2
51897,1
51898,3
51901,2
51904,2
51907,2
51910,2
51911,2
51913,1
51914,2
51916,1
51920,3
51923,3
51926,4
51929,5
51930,4
51933,3
51936,6
51939,1
51942,1
51943,2
51945,1
51946,1
51949,2
51952,3
51955,5
51956,1
51958,2
51959,1
51961,1
51962,1
51968,3
51971,1
51974,2
51975,2
51977,1
51981,2
51984,1
51987,3
51990,1
51993,1
51997,2
52000,2
52003,5
52006,4
52007,4
52012,1
52013,4
52016,5
52019,4
52022,2
52023,3
52025,1
52026,6
52029,1
52032,6
52035,1
52038,3
52039,2
52044,1
52045,2
52048,2
52051,5
52052,1
52054,1
52055,2
52057,2
52058,5
52061,3
52064,4
52067,2
52068,1
52070,4
52071,3
52074,1
52077,2
52080,3
52083,3
52086,2
52087,1
52089,1
52090,2
52092,1
52093,2
52096,3
52099,2
52102,2
52103,1
52106,1
52108,1
52109,4
52115,3
52116,3
52118,1
52121,1
52122,1
52125,1
52128,4
52131,4
52132,1
52134,2
52135,2
52138,2
52140,4
52141,3
52144,1
52147,4
52153,1
52154,1
52157,1
52160,3
52163,3
52166,3
52167,1
52169,1
52170,2
52172,1
52173,7
52176,5
52179,3
52180,2
52182,2
52183,1
52185,3
52189,1
52192,3
52195,1
52196,1
52198,3
52199,3
52201,1
52204,4
52205,5
52208,3
52211,3
52214,1
52215,2
52217,1
52221,1
52224,3
52227,2
52228,1
52230,4
52231,5
52233,2
52236,1
52237,6
52243,4
52246,1
52247,1
52249,1
52250,3
52253,3
52256,8
52259,2
52262,2
52263,2
52265,1
52268,3
52269,5
52272,4
52275,4
52276,1
52278,2
52279,1
52282,1
52285,1
52288,6
52291,2
52294,1
52295,3
52297,1
52298,2
52301,4
52304,1
52307,2
52308,3
52310,3
52311,1
52313,3
52317,3
52320,6
52326,4
52327,1
52329,1
52330,1
52332,2
52333,2
52336,4
52339,2
52340,1
52342,1
52345,1
52349,1
52352,4
52355,1
52359,3
52362,2
52365,5
52368,3
52371,8
52374,2
52377,1
52378,1
52384,8
52387,2
52390,2
52393,2
52397,7
52400,2
52403,8
52404,1
52406,2
52409,1
52410,2
52412,2
52413,1
52416,5
52419,3
52422,3
52428,1
52429,3
52432,1
52435,4
52436,3
52439,1
52441,1
52442,1
52445,1
52448,9
52452,1
52454,1
52455,1
52457,2
52458,1
52461,6
52464,3
52467,3
52470,1
52471,2
52473,3
52474,2
52477,2
52480,3
52486,3
52487,1
52489,1
52490,3
52492,1
52493,4
52496,3
52499,1
52500,1
52506,4
52509,2
52512,2
52515,1
52518,3
52519,1
52521,1
52525,3
52528,3
52531,4
52532,1
52534,1
52535,1
52537,1
52538,1
52540,1
52541,1
52544,4
52547,1
52548,1
52550,4
52551,2
52553,2
52554,2
52556,1
52557,5
52560,5
52563,4
52564,1
52570,6
52573,1
52576,5
52579,2
52582,2
52583,3
52585,2
52586,2
52588,1
52589,4
52592,2
52595,7
52598,2
52599,2
52602,2
52604,1
52605,3
52608,5
52611,1
52614,4
52617,1
52618,1
52620,2
52621,4
52624,2
52627,1
52628,2
52630,2
52633,2
52634,2
52640,5
52643,2
52646,3
52647,1
52649,1
52652,1
52653,3
52656,3
52660,1
52662,3
52665,2
52666,2
52669,4
52672,5
52675,1
52678,3
52679,3
52681,1
52682,1
52685,6
52691,6
52692,3
52694,1
52695,2
52697,1
52698,5
52701,4
52704,9
52707,1
52710,3
52711,2
52714,3
52717,6
52720,4
52723,4
52724,2
52727,3
52729,2
52730,3
52732,1
52733,4
52736,7
52739,4
52740,3
52742,3
52743,2
52745,1
52746,1
52748,2
52749,3
52752,3
52755,3
52756,1
52758,3
52759,1
52761,2
52762,3
52765,2
52768,4
52771,3
52772,2
52774,4
52775,2
52780,1
52781,5
52784,3
52787,5
52788,3
52793,1
52794,2
52796,2
52797,2
52800,6
52803,3
52806,2
52807,2
52809,1
52810,2
52813,6
52816,1
52819,2
52825,4
52826,3
52829,2
52832,3
52838,3
52839,1
52844,1
52845,2
52851,6
52852,1
52855,1
52857,2
52858,1
52861,2
52864,3
52867,3
52868,2
52870,5
52871,4
52873,2
52876,1
52877,3
52883,5
52884,1
52887,3
52889,2
52890,2
52893,5
52896,5
52903,1
52905,1
52908,2
52909,4
52912,3
52916,1
52918,1
52919,1
52922,3
52924,1
52925,2
52928,6
52931,6
52932,1
52934,3
52935,2
52938,1
52940,4
52941,3
52944,3
52947,5
52948,1
52950,1
52951,1
52953,2
52954,3
52957,3
52960,10
52963,3
52966,3
52967,1
52970,2
52972,2
52973,5
52976,3
52979,6
52980,1
52982,1
52985,1
52986,2
52989,2
52992,5
52995,2
52996,1
52998,2
52999,4
53001,1
53002,2
53005,4
53008,5
53011,5
53012,1
53014,2
53018,3
53020,2
53021,1
53024,3
53027,2
53028,1
53031,4
53036,3
53037,4
53040,3
53043,6
53044,3
53046,2
53047,4
53049,1
53050,1
53056,5
53060,2
53062,3
53063,3
53066,2
53069,3
53072,2
53075,3
53081,3
53082,1
53084,2
53085,1
53088,8
53091,1
53094,1
53095,1
53097,1
53098,1
53100,1
53101,5
53104,1
53107,3
53110,2
53111,2
53114,2
53116,1
53117,1
53120,8
53123,2
53124,1
53126,1
53127,1
53133,5
53136,1
53139,3
53140,1
53149,1
53152,5
53155,2
53156,1
53158,1
53159,2
53161,1
53164,1
53165,4
53168,3
53171,5
53174,2
53175,1
53177,2
53178,9
53180,1
53184,3
53188,1
53190,4
53191,3
53194,3
53197,9
53200,1
53203,2
53204,1
53207,1
53209,3
53210,3
53216,6
53219,3
53220,1
53222,3
53223,1
53226,3
53228,1
53229,3
53232,3
53235,4
53236,2
53238,1
53239,1
53241,4
53242,3
53244,1
53248,4
53254,4
53255,5
53260,1
53261,3
53264,1
53267,5
53270,1
53271,2
53274,3
53276,2
53277,1
53280,6
53283,2
53286,4
53290,2
53292,2
53293,5
53296,1
53299,6
53302,1
53303,3
53305,2
53306,2
53309,2
53312,6
53315,3
53318,1
53319,2
53322,1
53324,1
53325,5
53328,2
53331,5
53334,2
53337,1
53338,2
53340,1
53341,1
53344,6
53350,4
53351,5
53354,1
53356,1
53357,3
53360,1
53363,5
53364,2
53366,4
53367,1
53369,1
53373,2
53376,5
53382,2
53383,2
53385,2
53386,1
53388,1
53389,3
53392,5
53395,5
53401,4
53402,6
53405,1
53408,5
53411,1
53414,3
53418,1
53421,2
53424,1
53427,5
53430,2
53431,1
53433,1
53434,6
53437,3
53440,4
53443,1
53444,1
53446,1
53447,1
53449,1
53450,3
53452,1
53453,4
53456,1
53459,4
53463,2
53465,2
53466,2
53469,1
53472,4
53475,1
53478,1
53479,3
53484,4
53485,4
53488,1
53491,2
53492,1
53494,1
53495,1
53497,3
53498,4
53504,8
53507,5
53510,2
53511,4
53514,2
53516,2
53517,5
53520,3
53523,3
53524,2
53526,2
53529,5
53530,4
53536,6
53539,2
53540,3
53543,6
53545,1
53546,2
53548,2
53549,4
53552,1
53555,2
53556,1
53558,1
53562,3
53564,2
53565,1
53568,5
53571,1
53574,2
53577,1
53580,1
53581,6
53587,5
53590,2
53591,1
53593,7
53594,1
53597,2
53600,6
53603,1
53606,4
53607,2
53612,2
53613,7
53623,2
53625,2
53626,6
53629,2
53632,9
53635,2
53638,3
53639,1
53644,1
53645,6
53648,1
53651,5
53652,1
53657,2
53658,4
53661,3
53664,3
53667,2
53670,3
53671,2
53677,3
53680,1
53683,5
53684,1
53686,1
53687,2
53689,5
53690,3
53693,1
53696,5
53699,2
53702,6
53703,3
53709,8
53712,3
53715,2
53718,1
53721,2
53722,4
53725,3
53728,6
53731,3
53734,3
53735,1
53737,2
53741,3
53744,4
53747,5
53750,3
53753,2
53754,1
53756,1
53757,2
53760,3
53763,4
53766,1
53767,2
53769,2
53773,1
53776,3
53779,4
53780,2
53782,1
53785,2
53786,3
53789,1
53792,6
53795,2
53796,1
53798,4
53799,3
53801,1
53802,1
53804,2
53805,4
53808,1
53811,1
53812,3
53814,1
53817,4
53818,1
53821,2
53824,7
53827,3
53830,2
53831,1
53833,1
53836,2
53837,10
53840,2
53844,3
53850,3
53853,1
53856,6
53859,2
53862,3
53863,3
53865,2
53868,1
53869,7
53872,4
53875,6
53876,2
53878,2
53879,4
53881,2
53882,1
53885,3
53888,4
53891,1
53892,1
53894,6
53895,1
53898,1
53901,3
53904,4
53907,4
53908,2
53910,2
53911,3
53913,2
53914,4
53917,2
53920,4
53923,2
53926,5
53929,1
53930,1
53932,1
53933,6
53936,3
53939,4
53942,1
53943,1
53945,2
53946,5
53948,1
53952,6
53956,1
53958,4
53959,1
53962,1
53965,6
53968,2
53971,4
53974,3
53975,1
53977,5
53978,3
53980,1
53981,4
53984,3
53990,5
53991,4
53993,1
53994,1
53996,1
53997,4
54000,3
54003,2
54004,1
54006,1
54007,1
54009,1
54010,5
54013,1
54019,1
54022,3
54023,1
54025,2
54026,2
54028,2
54029,3
54032,2
54035,3
54036,2
54041,5
54042,7
54044,3
54045,3
54048,5
54051,3
54054,3
54057,2
54058,1
54061,4
54064,1
54067,6
54070,2
54073,3
54074,6
54077,2
54080,7
54083,1
54086,1
54087,1
54089,1
54090,2
54092,2
54093,3
54096,2
54099,2
54102,1
54105,1
54106,3
54108,1
54109,2
54112,7
54115,4
54116,1
54118,5
54119,1
54121,1
54122,1
54124,3
54125,3
54128,4
54131,4
54132,1
54134,1
54135,1
54137,4
54138,1
54140,1
54141,1
54144,6
54150,2
54153,1
54156,1
54157,2
54160,5
54163,4
54164,1
54166,2
54169,4
54170,3
54173,2
54176,3
54179,1
54182,6
54185,1
54188,1
54189,7
54192,2
54195,3
54201,2
54202,4
54204,1
54208,7
54214,5
54215,1
54218,4
54220,3
54221,4
54224,2
54227,6
54228,1
54230,1
54231,1
54233,1
54234,2
54237,1
54240,4
54243,1
54246,5
54247,2
54250,1
54253,4
54256,4
54259,7
54263,1
54265,3
54266,2
54272,3
54275,3
54276,2
54278,2
54279,2
54281,1
54282,2
54285,2
54288,1
54291,5
54295,1
54297,1
54300,2
54301,2
54304,6
54307,1
54310,3
54311,3
54313,1
54316,4
54317,5
54323,3
54324,1
54326,1
54327,1
54329,4
54330,2
54332,2
54333,1
54336,3
54339,3
54340,2
54342,1
54343,5
54345,1
54349,2
54355,1
54358,1
54361,2
54364,1
54365,3
54368,6
54371,1
54372,1
54374,7
54375,3
54377,1
54378,1
54380,2
54381,6
54384,1
54387,1
54388,1
54393,1
54394,3
54396,1
54397,2
54400,3
54403,5
54404,1
54406,1
54409,1
54410,1
54412,1
54413,4
54419,2
54422,1
54423,1
54425,2
54426,5
54429,3
54432,2
54435,4
54436,1
54438,2
54439,2
54442,1
54445,5
54448,2
54451,3
54452,1
54454,2
54455,1
54457,1
54458,5
54461,1
54464,3
54467,4
54470,2
54471,6
54474,2
54476,2
54477,2
54480,3
54483,5
54484,2
54487,1
54489,3
54492,2
54493,1
54496,1
54502,2
54503,3
54505,2
54508,1
54509,1
54512,4
54515,1
54516,3
54518,1
54519,1
54521,1
54522,2
54525,1
54528,3
54531,2
54532,1
54534,4
54535,1
54537,1
54538,1
54540,1
54541,6
54544,1
54547,5
54548,1
54550,1
54551,1
54553,2
54554,1
54557,2
54560,5
54563,1
54564,1
54566,4
54567,1
54569,1
54572,1
54573,3
54579,4
54582,3
54583,1
54585,3
54586,5
54592,2
54598,3
54599,2
54602,1
54605,1
54608,1
54611,3
54612,3
54614,1
54615,2
54617,2
54618,4
54621,1
54624,6
54630,2
54631,1
54633,1
54637,6
54640,5
54643,6
54646,1
54647,1
54649,2
54656,4
54659,1
54662,4
54663,3
54668,1
54669,1
54672,3
54675,3
54676,2
54678,1
54679,2
54681,1
54682,4
54685,3
54688,6
54691,1
54694,1
54695,3
54697,2
54698,2
54700,2
54701,3
54707,1
54708,2
54710,1
54711,1
54713,2
54714,6
54717,3
54720,2
54723,1
54724,1
54726,3
54727,1
54729,1
54732,1
54733,6
54736,1
54739,4
54740,2
54742,1
54743,1
54745,3
54746,3
54749,1
54752,6
54755,2
54758,2
54762,1
54765,3
54768,1
54771,3
54772,1
54774,2
54777,1
54778,1
54784,2
54787,1
54790,2
54791,1
54796,1
54797,3
54800,4
54803,2
54804,2
54806,1
54809,2
54810,1
54812,1
54813,2
54816,5
54819,3
54822,2
54823,2
54826,1
54829,1
54832,1
54835,3
54836,3
54838,1
54841,4
54842,3
54844,1
54845,1
54848,3
54851,2
54852,1
54854,4
54855,1
54857,1
54858,2
54861,3
54867,6
54870,3
54871,1
54873,1
54874,1
54876,1
54877,4
54880,5
54886,3
54887,2
54893,1
54896,1
54899,4
54900,1
54902,3
54903,1
54905,6
54906,3
54909,2
54912,7
54915,1
54916,1
54918,1
54919,3
54921,1
54922,1
54924,1
54925,2
54928,2
54931,4
54934,2
54938,2
54941,5
54944,8
54950,1
54951,1
54953,1
54954,1
54957,1
54960,2
54963,4
54967,1
54969,1
54970,5
54976,5
54980,1
54982,5
54985,1
54986,1
54988,1
54989,6
54992,3
54995,2
54999,2
55001,1
55002,1
55005,1
55008,3
55011,2
55014,1
55015,2
55017,2
55018,1
55020,1
55021,4
55024,3
55027,2
55028,2
55031,2
55034,2
55040,5
55043,1
55046,1
55049,1
55050,2
55052,2
55053,6
55056,3
55059,3
55062,2
55063,3
55065,4
55066,2
55069,1
55072,5
55078,2
55079,3
55082,2
55084,1
55085,2
55088,2
55091,4
55094,2
55097,1
55098,3
55101,2
55104,7
55107,2
55110,1
55111,3
55114,1
55117,4
55123,2
55126,1
55127,1
55129,2
55130,2
55133,1
55142,1
55143,2
55146,1
55148,2
55149,7
55152,1
55155,4
55156,1
55161,3
55162,1
55165,1
55168,8
55171,1
55174,3
55175,1
55177,1
55180,1
55181,2
55184,4
55187,4
55193,2
55194,1
55197,1
55200,2
55203,1
55206,1
55207,1
55210,1
55213,3
55216,4
55219,3
55220,1
55223,1
55226,2
55228,1
55229,2
55232,3
55235,1
55238,2
55239,2
55241,2
55245,4
55248,1
55251,2
55252,1
55254,1
55255,1
55257,2
55258,1
55260,1
55261,1
55264,2
55267,1
55270,2
55271,1
55273,1
55274,1
55277,4
55280,1
55283,6
55284,2
55286,1
55289,2
55290,6
55293,3
55296,3
55299,1
55300,1
55302,3
55303,2
55309,2
55312,1
55315,4
55316,1
55321,3
55322,2
55325,1
55328,2
55331,1
55334,2
55337,2
55340,2
55341,3
55344,4
55347,2
55348,1
55351,1
55353,3
55354,2
55356,2
55357,1
55360,3
55363,1
55364,1
55366,1
55367,1
55370,1
55372,2
55373,4
55376,3
55379,1
55380,1
55382,1
55386,4
55388,2
55389,1
55392,5
55395,3
55398,3
55402,1
55405,2
55408,1
55411,4
55412,1
55415,1
55421,1
55424,5
55430,2
55431,2
55436,1
55437,4
55440,2
55443,4
55450,5
55452,1
55456,4
55459,1
55462,2
55463,1
55465,1
55469,1
55472,1
55475,3
55481,2
55482,1
55485,1
55488,2
55491,1
55492,2
55494,1
55495,1
55497,2
55501,1
55507,4
55510,1
55513,1
55514,2
55517,1
55520,5
55524,1
55526,1
55527,2
55533,2
55536,1
55540,1
55542,2
55543,1
55545,2
55546,3
55552,4
55555,3
55559,1
55562,1
55564,2
55568,2
55571,4
55572,1
55578,2
55581,2
55584,6
55587,2
55591,4
55593,1
55594,2
55596,3
55597,3
55600,1
55603,3
55606,1
55609,2
55610,1
55613,3
55620,1
55622,1
55626,2
55629,1
55632,3
55635,4
55639,1
55642,6
55648,1
55651,2
55652,1
55654,2
55655,1
55661,2
55664,2
55667,3
55668,1
55671,1
55674,3
55677,2
55680,4
55683,2
55686,4
55687,2
55692,1
55693,1
55696,1
55699,4
55703,1
55705,2
55706,1
55709,1
55712,1
55715,2
55718,4
55719,2
55721,3
55722,1
55725,6
55728,2
55731,4
55732,2
55734,3
55735,1
55737,2
55738,1
55744,3
55748,2
55750,5
55751,2
55753,2
55754,1
55757,1
55760,1
55763,3
55766,2
55769,1
55770,2
55776,2
55780,1
55782,2
55783,3
55795,3
55801,2
55802,1
55805,1
55808,4
55811,2
55812,1
55814,1
55815,1
55817,1
55820,2
55821,2
55824,2
55827,3
55830,1
55833,2
55834,2
55837,4
55840,3
55843,1
55846,4
55849,2
55852,1
55853,1
55856,2
55859,2
55862,1
55872,4
55876,1
55878,2
55879,1
55881,1
55884,1
55885,4
55891,2
55892,2
55895,1
55898,2
55901,3
55904,4
55907,2
55910,1
55911,1
55913,1
55916,2
55917,3
55920,1
55923,9
55926,3
55927,1
55929,1
55930,5
55932,2
55936,2
55939,2
55942,2
55943,1
55948,1
55949,3
55952,3
55955,2
55958,1
55961,1
55962,4
55965,3
55968,5
55971,1
55974,1
55975,1
55977,3
55980,1
55981,6
55984,1
55987,2
55988,1
55993,1
55994,2
55996,1
56000,3
56007,2
56010,1
56012,1
56013,4
56016,1
56020,1
56025,2
56026,4
56028,1
56029,4
56032,4
56035,1
56038,3
56039,2
56041,1
56045,1
56048,1
56051,3
56052,2
56054,1
56058,3
56061,3
56064,2
56076,1
56077,1
56080,1
56086,1
56087,2
56090,1
56093,1
56096,2
56099,1
56102,2
56103,1
56105,1
56109,4
56112,1
56115,3
56121,2
56122,1
56125,2
56128,3
56131,1
56134,1
56135,2
56141,1
56144,2
56147,2
56148,1
56153,1
56154,6
56157,3
56160,5
56163,1
56167,1
56173,4
56176,2
56179,2
56183,1
56185,2
56186,2
56189,1
56198,3
56201,1
56202,1
56205,4
56208,1
56211,4
56215,1
56217,1
56218,3
56221,3
56224,1
56227,1
56228,2
56230,2
56231,2
56233,1
56237,3
56243,3
56244,1
56247,1
56249,3
56250,1
56252,1
56253,3
56259,2
56260,1
56262,2
56263,2
56268,1
56269,1
56272,1
56275,3
56276,4
56278,2
56281,2
56282,4
56285,1
56288,3
56294,1
56295,1
56298,1
56300,1
56307,3
56311,4
56314,3
56317,2
56320,4
56323,1
56329,1
56330,1
56332,2
56333,2
56339,2
56340,1
56343,1
56346,1
56349,2
56352,5
56355,1
56364,1
56368,1
56371,1
56377,2
56378,1
56380,1
56384,4
56387,2
56388,1
56391,2
56397,2
56400,1
56403,1
56406,1
56409,2
56410,4
56416,4
56419,1
56422,1
56429,4
56432,2
56435,3
56438,1
56439,1
56441,1
56442,2
56445,1
56451,1
56452,1
56454,1
56455,3
56461,2
56464,3
56467,3
56471,1
56473,2
56477,2
56480,5
56486,1
56487,1
56490,2
56492,1
56493,3
56496,1
56499,1
56500,1
56502,2
56505,1
56506,3
56509,1
56512,3
56516,1
56518,1
56519,2
56525,1
56531,4
56532,1
56534,2
56535,2
56538,3
56544,3
56547,1
56553,1
56557,3
56560,2
56563,1
56566,1
56569,1
56572,2
56576,5
56582,1
56583,2
56586,1
56588,1
56589,1
56592,1
56595,1
56598,2
56599,1
56601,1
56602,3
56608,4
56611,1
56614,2
56615,1
56618,1
56620,1
56621,3
56624,1
56627,3
56630,1
56634,1
56640,3
56643,1
56647,2
56653,5
56656,2
56659,3
56669,1
56672,1
56682,1
56685,2
56688,4
56694,1
56697,1
56698,1
56700,2
56701,3
56704,4
56707,2
56710,1
56713,2
56717,2
56720,2
56723,1
56729,2
56730,1
56733,1
56736,2
56739,1
56742,1
56745,1
56746,3
56748,1
56749,3
56752,1
56755,2
56758,1
56759,1
56761,4
56762,2
56765,2
56768,1
56771,1
56774,2
56778,1
56781,3
56784,2
56787,1
56788,1
56790,1
56794,3
56800,2
56806,3
56809,1
56810,1
56812,1
56813,2
56816,1
56819,3
56825,4
56832,1
56835,1
56839,1
56841,1
56844,1
56845,3
56848,1
56851,1
56852,1
56854,1
56855,1
56858,1
56860,1
56861,2
56864,3
56870,1
56874,2
56877,3
56880,2
56883,3
56884,1
56886,2
56889,1
56890,2
56892,2
56893,1
56896,2
56906,1
56909,3
56915,2
56919,1
56922,3
56928,1
56932,2
56935,1
56938,1
56940,1
56941,4
56953,1
56954,2
56957,1
56960,3
56966,2
56967,4
56970,1
56972,2
56973,1
56976,1
56985,1
56986,3
56992,2
56998,1
56999,1
57004,1
57005,1
57008,3
57011,3
57024,1
57028,2
57031,2
57033,1
57034,1
57037,3
57040,2
57043,1
57044,1
57053,1
57059,1
57062,1
57069,2
57072,3
57075,1
57076,1
57081,2
57082,2
57085,1
57088,1
57098,2
57100,2
57101,1
57104,1
57107,4
57110,2
57113,3
57114,2
57116,1
57117,1
57120,2
57123,1
57129,1
57133,1
57142,1
57143,2
57146,1
57149,2
57152,4
57155,1
57158,1
57161,1
57162,1
57168,1
57171,2
57177,2
57178,1
57184,4
57187,1
57190,1
57194,1
57197,4
57200,2
57203,1
57206,1
57210,1
57216,2
57219,2
57220,1
57228,1
57232,1
57235,1
57241,2
57242,1
57248,2
57251,1
57254,1
57264,1
57267,1
57271,1
57273,1
57280,1
57283,2
57286,2
57287,2
57293,1
57299,1
57302,2
57305,1
57306,3
57309,1
57312,1
57318,3
57319,2
57325,2
57334,1
57344,1
57347,1
57350,1
57354,1
57357,1
57363,3
57370,1
57376,3
57382,1
57383,1
57386,1
57402,4
57408,1
57417,1
57418,2
57421,1
57427,1
57433,1
57437,2
57440,3
57446,1
57456,1
57459,3
57466,1
57475,1
57478,1
57482,1
57494,1
57497,2
57498,2
57504,2
57510,1
57511,2
57517,1
57523,1
57524,2
57526,1
57530,2
57536,2
57542,1
57546,1
57549,1
57568,1
57571,2
57574,1
57575,1
57580,1
57591,1
57594,1
57604,1
57606,2
57607,1
57610,1
57612,1
57613,1
57616,2
57620,1
57629,1
57632,1
57638,3
57641,1
57644,1
57648,1
57651,2
57658,1
57660,1
57664,1
57667,2
57670,2
57673,1
57674,2
57677,1
57680,1
57683,1
57689,1
57693,1
57715,1
57716,1
57725,1
57728,2
57735,2
57737,1
57738,1
57741,1
57744,1
57748,1
57751,1
57757,1
57760,1
57763,1
57766,1
57767,1
57772,1
57773,2
57782,1
57785,1
57786,1
57792,2
57799,1
57818,1
57820,1
57824,2
57830,2
57833,1
57834,1
57840,1
57843,1
57846,1
57850,1
57862,1
57869,1
57875,1
57882,4
57884,1
57888,2
57891,2
57901,2
57904,2
57907,1
57913,1
57923,1
57930,1
57939,3
57945,1
57946,1
57949,1
57955,1
57958,1
57959,1
57981,1
57984,1
57987,1
57990,1
57997,1
58007,1
58009,1
58012,1
58016,1
58032,1
58035,2
58036,1
58055,1
58060,1
58061,2
58067,2
58071,1
58074,1
58086,1
58087,1
58090,1
58093,2
58100,1
58105,1
58106,1
58109,1
58112,1
58121,1
58122,1
58125,1
58128,1
58131,1
58132,1
58138,2
58144,1
58154,1
58156,1
58163,1
58164,2
58173,2
58176,1
58192,1
58205,1
58208,1
58214,2
58215,1
58218,1
58224,1
58227,1
58233,1
58240,3
58247,2
58253,1
58262,1
58265,1
58268,1
58285,1
58291,2
58301,1
58310,1
58311,2
58317,1
58323,1
58326,1
58329,1
58330,1
58342,2
58359,1
58368,1
58371,1
58375,1
58378,1
58381,1
58384,1
58387,1
58412,1
58413,1
58416,1
58422,1
58432,1
58448,1
58451,1
58457,1
58458,1
58460,1
58467,1
58470,2
58471,1
58476,1
58477,1
58480,1
58483,1
58489,2
58490,1
58492,1
58516,1
58525,1
58528,1
58535,1
58541,1
58550,2
58551,1
58553,1
58560,2
58572,1
58573,1
58576,1
58579,1
58586,1
58595,1
58601,1
58612,1
58617,1
58637,1
58649,1
58672,1
58681,1
58695,1
58701,1
58704,1
58707,1
58739,1
58752,2
58759,1
58761,2
58764,1
58765,1
58778,1
58790,2
58806,1
58823,1
58829,1
58832,1
58838,1
58841,1
58845,1
58861,1
58867,1
58873,1
58886,1
58924,1
58937,1
58941,1
58963,1
58972,1
58979,1
58982,1
58985,1
58992,1
59001,1
59002,1
59040,1
59043,1
59046,1
59072,1
59075,1
59078,1
59085,1
59088,1
59092,1
59098,1
59104,1
59110,1
59116,1
59136,1
59142,1
59149,1
59162,1
59174,2
59177,1
59181,2
59190,1
59194,1
59213,2
59222,1
59229,1
59261,1
59267,1
59270,1
59271,1
59283,1
59293,1
59309,2
59318,1
59331,1
59347,3
59350,1
59385,1
59389,1
59404,1
59405,1
59414,1
59424,1
59469,1
59495,1
59504,1
59507,1
59539,1
59555,1
59577,1
59600,1
59603,2
59613,1
59616,1
59625,1
59635,1
59655,1
59661,1
59744,2
59756,1
59779,1
59783,1
59805,1
59808,1
59828,1
59843,1
59863,1
59878,1
59904,1
59914,1
59923,1
59942,1
59949,1
59962,1
59991,1
60058,1
60071,1
60080,1
60083,1
60115,1
60153,1
60154,2
60163,1
60189,2
60192,1
60265,1
60291,1
60314,1
60320,1
60371,1
60391,1
60403,1
60409,2
60429,1
60451,1
60480,1
60486,1
60496,1
60499,1
60503,1
60525,1
60544,1
60569,1
60576,2
60582,1
60697,1
60701,1
60707,2
60723,1
60755,1
60800,1
60832,1
60841,1
60874,1
60876,1
60909,1
60915,1
60925,1
60995,1
61043,1
61088,1
61110,1
61111,1
61120,1
61149,1
61184,1
61283,1
61338,1
61370,1
61440,2
61466,1
61530,1
61549,1
61568,1
61584,1
61728,1
61754,1
61760,1
61815,1
61824,1
61875,1
61881,1
61932,1
61968,1
61978,1
62070,1
62118,1
62125,1
62208,1
62375,1
62428,1
62583,1
62605,1
62758,1
62899,1
63053,1
63079,1
63357,1
63373,1
63386,1
63392,1
63424,1
63434,1
63597,1
63696,1
63744,1
63805,1
64070,1
64106,1
64153,1
64224,1
64883,1
64905,1
65236,1
65273,1
65511,1
66355,1
66807,1
67238,1
67312,1
67347,1
68461,1
69552,1
69580,1
70144,1
70224,1
70912,1
72067,1
72634,1
72660,1
73683,1
73756,1
75795,1
78457,1
79699,1
80627,1
81993,1
82106,1
85776,1
86560,1
90976,1
92301,1
92314,1
96051,1
97786,1
97875,1
99040,1
99500,1
103104,1
108077,1
109155,1
109469,1
110342,1
111001,1
112419,1
112976,1
113110,1
114138,1
117801,1
118756,1
118861,1
118899,1
120169,1
120384,1
120627,1
128844,1
129956,1
133459,1
133568,1
135517,1
137920,1
140116,1
140455,1
142119,1
144378,1
145187,1
146080,1
148541,1
149069,1
149562,1
149575,1
150377,1
158186,1
158237,1
160634,1
164153,1
166707,1
168899,1
169401,1
170224,1
173526,1
174931,1
176835,1
182586,1
182739,1
182886,1
185424,1
190592,1
191603,1
200487,1
204051,1
204313,1
207059,1
208151,1
208403,1
209888,1
218282,1
218464,1
218749,1
220925,1
221411,1
228918,1
232301,1
234999,1
236077,1
241197,1
246201,1
255510,1
255805,1
307594,1
320813,1
324198,1
338806,1
350067,1
373479,1
386839,1
388457,1
391075,1
395468,1
399804,1
435437,1
450534,1
457543,1
471565,1
472532,1
508652,1
519971,1
534912,1
537926,1
554720,1
563245,1
578592,1
584410,1
598432,1
720012,1
956717,1
980716,1
1042429,1
1230067,1
1234969,1
1287047,1
1290115,1
1335082,1
1339689,1
1339997,1
1377625,1
1512019,1
1569613,1
1687834,1
1968602,1
2011705,1
2020967,1
2182937,1
2217837,1
2228000,1
2282691,1
2303113,1
2360953,1
2486278,1
2646842,1
2687466,1
2761747,1
2868096,1
2902208,1
3003955,1
3027651,1
3036083,1
3088819,1
3343565,1
3449555,1
4172077,1
4255334,1
4846073,1
