# Samples: 664156, Average: 13405.1 ns, StdDev: 69604.6 ns, Quartiles: 10333.0/11065.0/11965.0 ns
6938,1
6944,1
7005,1
7008,1
7050,1
7117,1
7149,1
7427,1
7613,1
7658,1
7699,1
8660,1
8678,1
8742,1
8819,1
8825,1
8838,1
8845,1
8860,1
8864,1
8867,1
8870,1
8873,1
8874,2
8877,3
8880,2
8886,1
8889,1
8902,1
8908,1
8909,1
8918,2
8921,1
8922,3
8925,2
8928,2
8932,2
8935,2
8937,1
8938,1
8941,2
8944,1
8947,5
8948,1
8953,1
8954,1
8960,1
8963,2
8966,1
8967,3
8970,2
8973,6
8976,2
8979,4
8980,2
8982,1
8985,3
8986,5
8989,2
8992,8
8996,1
8998,6
8999,3
9001,4
9004,4
9005,5
9008,6
9011,6
9012,1
9014,4
9015,2
9017,5
9018,3
9020,3
9021,1
9024,12
9027,3
9028,1
9030,8
9031,6
9033,1
9034,4
9036,1
9037,11
9040,6
9043,16
9044,2
9046,4
9047,2
9049,6
9050,3
9052,1
9053,5
9056,16
9059,5
9060,4
9062,13
9063,15
9065,3
9066,9
9068,2
9069,16
9072,11
9075,12
9076,2
9078,8
9079,10
9081,10
9082,14
9084,1
9085,6
9088,30
9091,18
9092,4
9094,23
9095,10
9097,4
9098,9
9100,4
9101,27
9104,8
9107,28
9108,4
9110,11
9111,6
9113,13
9114,24
9116,3
9117,14
9120,47
9123,17
9124,6
9126,33
9127,15
9129,7
9130,11
9132,9
9133,40
9136,21
9139,35
9140,8
9142,11
9143,11
9145,24
9146,31
9148,7
9149,21
9152,51
9155,22
9156,5
9158,21
9159,11
9161,22
9162,16
9164,8
9165,42
9168,23
9171,50
9172,9
9174,20
9175,19
9177,11
9178,41
9180,6
9181,30
9184,74
9187,29
9188,4
9190,46
9191,34
9193,10
9194,26
9196,18
9197,67
9200,44
9203,69
9204,25
9206,26
9207,29
9209,33
9210,55
9212,12
9213,31
9216,98
9219,49
9220,14
9222,61
9223,58
9225,35
9226,27
9228,30
9229,83
9232,53
9235,94
9236,18
9238,25
9239,17
9241,54
9242,71
9244,15
9245,46
9248,107
9251,41
9252,9
9254,83
9255,51
9257,29
9258,33
9260,27
9261,108
9264,63
9267,109
9268,41
9270,56
9271,31
9273,46
9274,77
9276,15
9277,65
9280,153
9283,55
9284,14
9286,103
9287,57
9289,34
9290,55
9292,38
9293,124
9296,77
9299,125
9300,37
9302,49
9303,27
9305,54
9306,103
9308,18
9309,74
9312,171
9315,68
9316,23
9318,112
9319,58
9321,39
9322,54
9324,28
9325,142
9328,92
9331,147
9332,35
9334,72
9335,45
9337,95
9338,122
9340,25
9341,83
9344,221
9347,88
9348,18
9350,136
9351,69
9353,41
9354,59
9356,41
9357,162
9360,102
9363,180
9364,43
9366,68
9367,43
9369,79
9370,134
9372,31
9373,82
9376,222
9379,81
9380,18
9382,135
9383,87
9385,54
9386,97
9388,63
9389,200
9392,115
9395,213
9396,59
9398,79
9399,67
9401,96
9402,149
9404,32
9405,100
9408,294
9411,110
9412,17
9414,174
9415,105
9417,56
9418,81
9420,44
9421,209
9424,152
9427,250
9428,52
9430,73
9431,63
9433,134
9434,197
9436,28
9437,117
9440,283
9443,131
9444,30
9446,172
9447,99
9449,72
9450,102
9452,63
9453,246
9456,145
9459,251
9460,70
9462,92
9463,83
9465,143
9466,211
9468,33
9469,127
9472,329
9475,125
9476,33
9478,203
9479,133
9481,65
9482,89
9484,75
9485,290
9488,179
9491,310
9492,67
9494,122
9495,94
9497,155
9498,191
9500,32
9501,148
9504,427
9507,169
9508,35
9510,224
9511,152
9513,84
9514,112
9516,83
9517,304
9520,173
9523,343
9524,72
9526,130
9527,82
9529,151
9530,262
9532,51
9533,176
9536,442
9539,148
9540,38
9542,284
9543,162
9545,95
9546,121
9548,83
9549,328
9552,222
9555,357
9556,116
9558,150
9559,95
9561,175
9562,268
9564,46
9565,204
9568,455
9571,186
9572,45
9574,247
9575,192
9577,88
9578,128
9580,89
9581,372
9584,235
9587,428
9588,86
9590,145
9591,89
9593,189
9594,279
9596,46
9597,187
9600,487
9603,197
9604,60
9606,302
9607,212
9609,90
9610,164
9612,107
9613,396
9616,263
9619,399
9620,105
9622,158
9623,103
9625,223
9626,327
9628,44
9629,202
9632,539
9635,244
9636,60
9638,291
9639,210
9641,121
9642,162
9644,123
9645,452
9648,255
9651,445
9652,116
9654,162
9655,116
9657,209
9658,346
9660,60
9661,204
9664,529
9667,226
9668,56
9670,329
9671,217
9673,120
9674,163
9676,117
9677,451
9680,291
9683,448
9684,104
9686,192
9687,103
9689,212
9690,340
9692,62
9693,230
9696,635
9699,222
9700,68
9702,368
9703,249
9705,113
9706,194
9708,126
9709,497
9712,284
9715,496
9716,105
9718,177
9719,117
9721,262
9722,335
9724,54
9725,229
9728,584
9731,246
9732,64
9734,395
9735,234
9737,124
9738,182
9740,123
9741,488
9744,271
9747,528
9748,119
9750,174
9751,115
9753,234
9754,383
9756,58
9757,213
9760,600
9763,223
9764,62
9766,348
9767,241
9769,125
9770,180
9772,118
9773,533
9776,307
9779,504
9780,123
9782,168
9783,132
9785,241
9786,357
9788,52
9789,269
9792,623
9795,260
9796,67
9798,405
9799,248
9801,132
9802,183
9804,122
9805,529
9808,326
9811,532
9812,150
9814,193
9815,128
9817,292
9818,426
9820,73
9821,256
9824,685
9827,280
9828,69
9830,378
9831,270
9833,138
9834,181
9836,136
9837,551
9840,363
9843,543
9844,145
9846,209
9847,148
9849,247
9850,454
9852,70
9853,289
9856,719
9859,312
9860,59
9862,436
9863,276
9865,138
9866,206
9868,167
9869,578
9872,348
9875,556
9876,134
9878,254
9879,154
9881,297
9882,423
9884,75
9885,298
9888,743
9891,303
9892,55
9894,473
9895,303
9897,139
9898,219
9900,156
9901,633
9904,401
9907,572
9908,139
9910,202
9911,167
9913,308
9914,414
9916,79
9917,317
9920,727
9923,315
9924,84
9926,457
9927,306
9929,171
9930,221
9932,166
9933,585
9936,391
9939,608
9940,163
9942,237
9943,168
9945,325
9946,474
9948,87
9949,335
9952,751
9955,314
9956,74
9958,507
9959,326
9961,175
9962,242
9964,161
9965,721
9968,424
9971,688
9972,148
9974,238
9975,168
9977,344
9978,497
9980,99
9981,340
9984,845
9987,339
9988,88
9990,500
9991,343
9993,164
9994,234
9996,172
9997,634
10000,431
10003,675
10004,168
10006,256
10007,155
10009,336
10010,454
10012,81
10013,343
10016,878
10019,350
10020,78
10022,521
10023,345
10025,170
10026,288
10028,185
10029,769
10032,444
10035,713
10036,193
10038,278
10039,179
10041,373
10042,534
10044,98
10045,343
10048,955
10051,341
10052,92
10054,550
10055,364
10057,157
10058,271
10060,180
10061,756
10064,484
10067,705
10068,163
10070,268
10071,166
10073,322
10074,585
10076,90
10077,376
10080,962
10083,375
10084,109
10086,557
10087,361
10089,177
10090,296
10092,152
10093,749
10096,449
10099,771
10100,175
10102,299
10103,183
10105,390
10106,542
10108,87
10109,384
10112,923
10115,386
10116,86
10118,611
10119,421
10121,226
10122,255
10124,209
10125,746
10128,458
10131,805
10132,210
10134,282
10135,190
10137,422
10138,548
10140,100
10141,397
10144,975
10147,420
10148,101
10150,606
10151,396
10153,153
10154,283
10156,195
10157,749
10160,474
10163,775
10164,225
10166,299
10167,198
10169,428
10170,580
10172,97
10173,420
10176,964
10179,358
10180,110
10182,612
10183,393
10185,194
10186,310
10188,209
10189,830
10192,511
10195,798
10196,207
10198,307
10199,213
10201,423
10202,648
10204,96
10205,390
10208,996
10211,370
10212,89
10214,566
10215,374
10217,216
10218,318
10220,221
10221,810
10224,546
10227,846
10228,190
10230,278
10231,168
10233,389
10234,602
10236,113
10237,379
10240,1039
10243,401
10244,103
10246,696
10247,427
10249,203
10250,280
10252,212
10253,849
10256,537
10259,815
10260,175
10262,285
10263,230
10265,417
10266,678
10268,102
10269,413
10272,1083
10275,434
10276,107
10278,657
10279,397
10281,242
10282,321
10284,222
10285,851
10288,513
10291,852
10292,222
10294,286
10295,206
10297,413
10298,636
10300,127
10301,418
10304,1067
10307,465
10308,107
10310,641
10311,421
10313,209
10314,299
10316,221
10317,887
10320,531
10323,864
10324,217
10326,356
10327,196
10329,422
10330,660
10332,90
10333,431
10336,1028
10339,377
10340,107
10342,632
10343,443
10345,214
10346,328
10348,209
10349,864
10352,600
10355,888
10356,216
10358,329
10359,230
10361,457
10362,617
10364,101
10365,438
10368,1099
10371,459
10372,119
10374,706
10375,426
10377,217
10378,299
10380,219
10381,890
10384,523
10387,885
10388,229
10390,317
10391,226
10393,439
10394,674
10396,101
10397,452
10400,1088
10403,455
10404,99
10406,685
10407,463
10409,208
10410,299
10412,230
10413,843
10416,539
10419,826
10420,232
10422,330
10423,226
10425,441
10426,632
10428,92
10429,385
10432,1082
10435,446
10436,98
10438,651
10439,432
10441,229
10442,302
10444,215
10445,790
10448,520
10451,848
10452,208
10454,301
10455,228
10457,410
10458,671
10460,121
10461,427
10464,987
10467,419
10468,120
10470,634
10471,410
10473,206
10474,314
10476,190
10477,809
10480,542
10483,818
10484,198
10486,353
10487,193
10489,447
10490,659
10492,98
10493,419
10496,1049
10499,416
10500,105
10502,649
10503,415
10505,201
10506,355
10508,212
10509,810
10512,536
10515,819
10516,232
10518,325
10519,207
10521,401
10522,624
10524,106
10525,398
10528,1022
10531,434
10532,105
10534,597
10535,405
10537,216
10538,309
10540,194
10541,778
10544,475
10547,810
10548,205
10550,287
10551,192
10553,421
10554,612
10556,114
10557,401
10560,991
10563,394
10564,96
10566,599
10567,405
10569,163
10570,310
10572,185
10573,783
10576,486
10579,794
10580,202
10582,275
10583,187
10585,380
10586,556
10588,94
10589,417
10592,989
10595,369
10596,102
10598,592
10599,393
10601,198
10602,287
10604,177
10605,785
10608,492
10611,789
10612,204
10614,301
10615,193
10617,381
10618,585
10620,94
10621,360
10624,962
10627,389
10628,87
10630,555
10631,396
10633,205
10634,285
10636,193
10637,792
10640,482
10643,788
10644,207
10646,288
10647,200
10649,380
10650,564
10652,98
10653,403
10656,985
10659,415
10660,118
10662,590
10663,368
10665,179
10666,296
10668,201
10669,773
10672,503
10675,791
10676,160
10678,277
10679,195
10681,379
10682,552
10684,104
10685,379
10688,930
10691,340
10692,103
10694,559
10695,377
10697,180
10698,288
10700,182
10701,728
10704,460
10707,728
10708,176
10710,289
10711,180
10713,355
10714,553
10716,114
10717,398
10720,898
10723,399
10724,83
10726,508
10727,350
10729,187
10730,253
10732,191
10733,734
10736,446
10739,723
10740,159
10742,252
10743,170
10745,379
10746,545
10748,85
10749,360
10752,902
10755,373
10756,99
10758,544
10759,394
10761,166
10762,263
10764,186
10765,719
10768,427
10771,716
10772,188
10774,278
10775,180
10777,357
10778,533
10780,116
10781,361
10784,913
10787,371
10788,86
10790,518
10791,359
10793,168
10794,283
10796,178
10797,733
10800,444
10803,733
10804,169
10806,268
10807,184
10809,387
10810,516
10812,96
10813,350
10816,895
10819,359
10820,96
10822,540
10823,360
10825,172
10826,271
10828,160
10829,679
10832,499
10835,655
10836,183
10838,275
10839,180
10841,365
10842,583
10844,102
10845,362
10848,864
10851,414
10852,84
10854,523
10855,378
10857,202
10858,294
10860,171
10861,697
10864,435
10867,703
10868,191
10870,258
10871,162
10873,353
10874,543
10876,86
10877,369
10880,886
10883,352
10884,82
10886,559
10887,350
10889,178
10890,261
10892,177
10893,693
10896,438
10899,741
10900,196
10902,297
10903,190
10905,357
10906,526
10908,98
10909,374
10912,896
10915,350
10916,97
10918,568
10919,392
10921,184
10922,275
10924,196
10925,772
10928,491
10931,755
10932,191
10934,260
10935,170
10937,384
10938,588
10940,78
10941,386
10944,913
10947,351
10948,86
10950,544
10951,397
10953,170
10954,289
10956,179
10957,754
10960,475
10963,742
10964,197
10966,272
10967,186
10969,349
10970,561
10972,99
10973,356
10976,867
10979,343
10980,85
10982,524
10983,352
10985,188
10986,319
10988,156
10989,702
10992,457
10995,706
10996,195
10998,258
10999,184
11001,343
11002,537
11004,82
11005,372
11008,896
11011,361
11012,86
11014,561
11015,375
11017,156
11018,278
11020,185
11021,687
11024,483
11027,772
11028,190
11030,300
11031,196
11033,344
11034,545
11036,87
11037,384
11040,951
11043,392
11044,102
11046,559
11047,366
11049,193
11050,285
11052,176
11053,713
11056,461
11059,765
11060,191
11062,265
11063,192
11065,388
11066,572
11068,92
11069,363
11072,957
11075,359
11076,83
11078,494
11079,370
11081,163
11082,245
11084,170
11085,670
11088,432
11091,697
11092,186
11094,235
11095,154
11097,316
11098,522
11100,97
11101,332
11104,777
11107,353
11108,78
11110,505
11111,358
11113,167
11114,262
11116,145
11117,709
11120,446
11123,670
11124,161
11126,240
11127,169
11129,353
11130,503
11132,82
11133,366
11136,853
11139,342
11140,79
11142,502
11143,362
11145,179
11146,274
11148,167
11149,679
11152,431
11155,712
11156,145
11158,274
11159,176
11161,360
11162,520
11164,91
11165,313
11168,801
11171,353
11172,88
11174,516
11175,335
11177,172
11178,289
11180,185
11181,697
11184,414
11187,680
11188,192
11190,269
11191,160
11193,327
11194,514
11196,84
11197,357
11200,864
11203,331
11204,106
11206,530
11207,348
11209,185
11210,248
11212,161
11213,656
11216,390
11219,656
11220,163
11222,232
11223,160
11225,321
11226,510
11228,58
11229,346
11232,821
11235,346
11236,83
11238,512
11239,353
11241,161
11242,234
11244,166
11245,653
11248,408
11251,649
11252,155
11254,239
11255,156
11257,334
11258,510
11260,82
11261,310
11264,822
11267,357
11268,93
11270,474
11271,318
11273,163
11274,242
11276,150
11277,712
11280,423
11283,656
11284,178
11286,264
11287,159
11289,375
11290,498
11292,88
11293,344
11296,787
11299,325
11300,83
11302,523
11303,347
11305,148
11306,251
11308,170
11309,651
11312,388
11315,601
11316,154
11318,251
11319,152
11321,340
11322,496
11324,89
11325,319
11328,806
11331,347
11332,78
11334,459
11335,336
11337,159
11338,243
11340,169
11341,647
11344,407
11347,675
11348,184
11350,254
11351,154
11353,294
11354,502
11356,94
11357,323
11360,811
11363,317
11364,58
11366,532
11367,325
11369,160
11370,247
11372,146
11373,634
11376,386
11379,618
11380,144
11382,229
11383,167
11385,321
11386,462
11388,79
11389,352
11392,847
11395,329
11396,69
11398,475
11399,326
11401,155
11402,237
11404,190
11405,654
11408,393
11411,631
11412,154
11414,259
11415,170
11417,309
11418,469
11420,80
11421,307
11424,807
11427,318
11428,76
11430,467
11431,328
11433,171
11434,274
11436,168
11437,729
11440,384
11443,679
11444,184
11446,250
11447,143
11449,300
11450,501
11452,97
11453,320
11456,804
11459,322
11460,81
11462,503
11463,323
11465,163
11466,258
11468,160
11469,655
11472,432
11475,627
11476,167
11478,227
11479,164
11481,323
11482,501
11484,76
11485,340
11488,810
11491,345
11492,78
11494,454
11495,322
11497,167
11498,243
11500,132
11501,664
11504,426
11507,615
11508,175
11510,233
11511,200
11513,304
11514,494
11516,103
11517,325
11520,792
11523,311
11524,63
11526,453
11527,296
11529,167
11530,226
11532,168
11533,640
11536,391
11539,633
11540,145
11542,210
11543,139
11545,321
11546,464
11548,75
11549,279
11552,756
11555,317
11556,78
11558,487
11559,297
11561,167
11562,237
11564,167
11565,598
11568,389
11571,630
11572,152
11574,240
11575,170
11577,312
11578,498
11580,99
11581,354
11584,800
11587,304
11588,73
11590,507
11591,331
11593,156
11594,239
11596,188
11597,641
11600,422
11603,667
11604,185
11606,243
11607,143
11609,321
11610,472
11612,78
11613,315
11616,823
11619,313
11620,73
11622,461
11623,350
11625,149
11626,230
11628,160
11629,613
11632,355
11635,616
11636,144
11638,225
11639,140
11641,313
11642,444
11644,75
11645,300
11648,764
11651,291
11652,80
11654,448
11655,280
11657,132
11658,237
11660,166
11661,587
11664,359
11667,577
11668,153
11670,241
11671,160
11673,297
11674,458
11676,75
11677,309
11680,724
11683,306
11684,61
11686,468
11687,307
11689,153
11690,236
11692,145
11693,587
11696,400
11699,592
11700,148
11702,230
11703,154
11705,327
11706,471
11708,74
11709,317
11712,756
11715,296
11716,67
11718,450
11719,303
11721,140
11722,227
11724,168
11725,656
11728,386
11731,638
11732,176
11734,227
11735,143
11737,301
11738,445
11740,75
11741,287
11744,729
11747,299
11748,87
11750,465
11751,335
11753,145
11754,243
11756,166
11757,557
11760,384
11763,623
11764,130
11766,218
11767,125
11769,289
11770,487
11772,79
11773,300
11776,727
11779,296
11780,61
11782,467
11783,291
11785,138
11786,227
11788,131
11789,607
11792,351
11795,561
11796,157
11798,222
11799,151
11801,300
11802,472
11804,78
11805,294
11808,741
11811,279
11812,74
11814,445
11815,319
11817,141
11818,235
11820,141
11821,567
11824,347
11827,568
11828,157
11830,195
11831,154
11833,307
11834,449
11836,59
11837,299
11840,713
11843,279
11844,76
11846,435
11847,282
11849,125
11850,222
11852,127
11853,598
11856,337
11859,585
11860,167
11862,198
11863,158
11865,308
11866,441
11868,83
11869,246
11872,730
11875,285
11876,77
11878,420
11879,300
11881,143
11882,226
11884,132
11885,535
11888,352
11891,548
11892,153
11894,210
11895,119
11897,267
11898,408
11900,69
11901,273
11904,680
11907,241
11908,57
11910,414
11911,271
11913,128
11914,179
11916,140
11917,569
11920,327
11923,574
11924,125
11926,206
11927,118
11929,254
11930,428
11932,51
11933,270
11936,695
11939,256
11940,63
11942,399
11943,250
11945,131
11946,202
11948,122
11949,553
11952,377
11955,552
11956,150
11958,191
11959,124
11961,252
11962,411
11964,58
11965,250
11968,666
11971,259
11972,77
11974,396
11975,227
11977,149
11978,195
11980,147
11981,528
11984,336
11987,511
11988,117
11990,194
11991,147
11993,274
11994,382
11996,67
11997,259
12000,616
12003,264
12004,53
12006,390
12007,272
12009,112
12010,180
12012,126
12013,478
12016,316
12019,492
12020,131
12022,180
12023,127
12025,289
12026,388
12028,47
12029,244
12032,611
12035,238
12036,56
12038,396
12039,264
12041,113
12042,178
12044,132
12045,541
12048,326
12051,538
12052,126
12054,173
12055,114
12057,280
12058,346
12060,78
12061,260
12064,673
12067,267
12068,64
12070,390
12071,237
12073,134
12074,198
12076,119
12077,486
12080,300
12083,514
12084,127
12086,213
12087,122
12089,241
12090,389
12092,58
12093,242
12096,653
12099,248
12100,64
12102,369
12103,280
12105,134
12106,206
12108,137
12109,486
12112,318
12115,519
12116,118
12118,176
12119,115
12121,236
12122,380
12124,73
12125,244
12128,640
12131,272
12132,50
12134,371
12135,237
12137,134
12138,163
12140,136
12141,508
12144,319
12147,475
12148,131
12150,192
12151,123
12153,233
12154,354
12156,55
12157,286
12160,645
12163,249
12164,60
12166,345
12167,254
12169,103
12170,203
12172,138
12173,543
12176,313
12179,500
12180,128
12182,170
12183,122
12185,256
12186,362
12188,58
12189,251
12192,644
12195,277
12196,62
12198,418
12199,242
12201,119
12202,201
12204,118
12205,488
12208,318
12211,495
12212,131
12214,195
12215,118
12217,258
12218,355
12220,58
12221,248
12224,593
12227,249
12228,66
12230,372
12231,268
12233,128
12234,184
12236,120
12237,444
12240,312
12243,494
12244,133
12246,171
12247,123
12249,249
12250,371
12252,62
12253,233
12256,625
12259,233
12260,64
12262,358
12263,227
12265,126
12266,166
12268,114
12269,423
12272,319
12275,495
12276,129
12278,191
12279,125
12281,225
12282,345
12284,76
12285,240
12288,599
12291,242
12292,66
12294,379
12295,250
12297,101
12298,173
12300,112
12301,494
12304,329
12307,497
12308,135
12310,183
12311,126
12313,254
12314,332
12316,53
12317,249
12320,629
12323,271
12324,51
12326,405
12327,266
12329,117
12330,188
12332,108
12333,470
12336,294
12339,440
12340,100
12342,197
12343,124
12345,234
12346,364
12348,70
12349,244
12352,585
12355,240
12356,47
12358,342
12359,234
12361,113
12362,165
12364,104
12365,474
12368,302
12371,461
12372,113
12374,148
12375,114
12377,240
12378,313
12380,55
12381,238
12384,568
12387,227
12388,47
12390,328
12391,212
12393,133
12394,174
12396,130
12397,399
12400,269
12403,435
12404,119
12406,179
12407,118
12409,231
12410,320
12412,70
12413,228
12416,551
12419,235
12420,70
12422,342
12423,207
12425,122
12426,184
12428,68
12429,468
12432,262
12435,458
12436,109
12438,168
12439,123
12441,196
12442,322
12444,60
12445,221
12448,563
12451,214
12452,56
12454,316
12455,213
12457,114
12458,176
12460,103
12461,417
12464,275
12467,400
12468,95
12470,158
12471,95
12473,201
12474,304
12476,58
12477,205
12480,484
12483,199
12484,56
12486,338
12487,191
12489,91
12490,134
12492,90
12493,441
12496,302
12499,347
12500,106
12502,160
12503,88
12505,182
12506,302
12508,45
12509,175
12512,464
12515,199
12516,51
12518,304
12519,208
12521,95
12522,150
12524,111
12525,361
12528,241
12531,354
12532,85
12534,145
12535,85
12537,183
12538,291
12540,43
12541,188
12544,435
12547,185
12548,56
12550,284
12551,177
12553,73
12554,139
12556,80
12557,360
12560,226
12563,362
12564,107
12566,116
12567,85
12569,178
12570,252
12572,36
12573,166
12576,396
12579,170
12580,35
12582,240
12583,152
12585,85
12586,116
12588,86
12589,325
12592,216
12595,327
12596,76
12598,145
12599,82
12601,153
12602,244
12604,47
12605,164
12608,388
12611,151
12612,49
12614,235
12615,155
12617,74
12618,97
12620,67
12621,280
12624,184
12627,281
12628,73
12630,117
12631,93
12633,144
12634,214
12636,35
12637,136
12640,369
12643,145
12644,32
12646,204
12647,152
12649,72
12650,117
12652,76
12653,276
12656,187
12659,282
12660,85
12662,110
12663,82
12665,132
12666,228
12668,42
12669,147
12672,365
12675,125
12676,30
12678,188
12679,125
12681,74
12682,99
12684,71
12685,290
12688,139
12691,235
12692,60
12694,99
12695,56
12697,128
12698,204
12700,40
12701,125
12704,303
12707,149
12708,40
12710,207
12711,127
12713,51
12714,96
12716,68
12717,290
12720,171
12723,233
12724,61
12726,89
12727,56
12729,127
12730,164
12732,34
12733,136
12736,308
12739,113
12740,38
12742,167
12743,106
12745,48
12746,78
12748,68
12749,226
12752,155
12755,212
12756,60
12758,98
12759,47
12761,122
12762,183
12764,32
12765,118
12768,288
12771,93
12772,29
12774,150
12775,115
12777,50
12778,83
12780,58
12781,195
12784,117
12787,211
12788,56
12790,67
12791,38
12793,118
12794,153
12796,28
12797,126
12800,234
12803,104
12804,30
12806,141
12807,105
12809,58
12810,82
12812,49
12813,199
12816,119
12819,183
12820,59
12822,72
12823,56
12825,76
12826,148
12828,26
12829,116
12832,246
12835,95
12836,27
12838,136
12839,90
12841,50
12842,78
12844,49
12845,187
12848,128
12851,177
12852,46
12854,53
12855,55
12857,83
12858,138
12860,20
12861,91
12864,236
12867,88
12868,23
12870,117
12871,101
12873,30
12874,89
12876,36
12877,186
12880,96
12883,188
12884,35
12886,69
12887,59
12889,76
12890,114
12892,28
12893,86
12896,235
12899,72
12900,19
12902,111
12903,75
12905,41
12906,53
12908,54
12909,155
12912,122
12915,173
12916,32
12918,48
12919,40
12921,70
12922,122
12924,21
12925,105
12928,214
12931,87
12932,13
12934,137
12935,77
12937,48
12938,54
12940,40
12941,155
12944,102
12947,156
12948,35
12950,57
12951,41
12953,93
12954,120
12956,16
12957,78
12960,193
12963,97
12964,25
12966,127
12967,90
12969,42
12970,48
12972,45
12973,160
12976,96
12979,184
12980,41
12982,60
12983,37
12985,76
12986,113
12988,25
12989,73
12992,196
12995,84
12996,21
12998,116
12999,69
13001,46
13002,61
13004,40
13005,139
13008,92
13011,139
13012,45
13014,63
13015,49
13017,60
13018,120
13020,18
13021,74
13024,195
13027,80
13028,25
13030,104
13031,91
13033,42
13034,50
13036,42
13037,122
13040,92
13043,147
13044,32
13046,57
13047,44
13049,87
13050,134
13052,22
13053,87
13056,215
13059,74
13060,16
13062,119
13063,91
13065,29
13066,75
13068,44
13069,164
13072,98
13075,189
13076,41
13078,67
13079,32
13081,89
13082,115
13084,13
13085,87
13088,171
13091,84
13092,22
13094,122
13095,86
13097,36
13098,63
13100,35
13101,148
13104,102
13107,162
13108,30
13110,64
13111,28
13113,74
13114,113
13116,23
13117,78
13120,173
13123,71
13124,20
13126,107
13127,68
13129,36
13130,53
13132,31
13133,146
13136,85
13139,158
13140,31
13142,60
13143,48
13145,87
13146,90
13148,21
13149,52
13152,160
13155,81
13156,13
13158,102
13159,75
13161,32
13162,34
13164,36
13165,134
13168,94
13171,141
13172,35
13174,52
13175,36
13177,72
13178,97
13180,20
13181,58
13184,160
13187,63
13188,20
13190,72
13191,63
13193,28
13194,38
13196,24
13197,102
13200,91
13203,132
13204,37
13206,44
13207,19
13209,62
13210,96
13212,17
13213,61
13216,160
13219,63
13220,15
13222,80
13223,56
13225,15
13226,52
13228,29
13229,105
13232,80
13235,141
13236,22
13238,48
13239,25
13241,60
13242,90
13244,13
13245,68
13248,145
13251,59
13252,20
13254,98
13255,55
13257,31
13258,55
13260,18
13261,134
13264,71
13267,123
13268,37
13270,32
13271,27
13273,53
13274,77
13276,8
13277,50
13280,155
13283,62
13284,15
13286,87
13287,65
13289,23
13290,51
13292,43
13293,107
13296,73
13299,88
13300,23
13302,41
13303,30
13305,51
13306,97
13308,15
13309,47
13312,118
13315,50
13316,6
13318,60
13319,62
13321,18
13322,45
13324,24
13325,117
13328,65
13331,90
13332,29
13334,41
13335,23
13337,42
13338,75
13340,12
13341,46
13344,113
13347,49
13348,12
13350,67
13351,47
13353,21
13354,27
13356,22
13357,82
13360,48
13363,74
13364,35
13366,31
13367,20
13369,62
13370,78
13372,10
13373,51
13376,112
13379,61
13380,5
13382,56
13383,47
13385,20
13386,32
13388,15
13389,96
13392,47
13395,85
13396,24
13398,33
13399,22
13401,48
13402,71
13404,12
13405,39
13408,107
13411,53
13412,13
13414,71
13415,40
13417,14
13418,31
13420,19
13421,95
13424,53
13427,83
13428,23
13430,33
13431,13
13433,36
13434,56
13436,11
13437,39
13440,100
13443,40
13444,7
13446,55
13447,39
13449,16
13450,26
13452,26
13453,75
13456,51
13459,67
13460,19
13462,24
13463,23
13465,43
13466,62
13468,9
13469,21
13472,102
13475,45
13476,8
13478,53
13479,35
13481,16
13482,28
13484,13
13485,88
13488,52
13491,61
13492,20
13494,29
13495,22
13497,31
13498,55
13500,8
13501,34
13504,90
13507,38
13508,7
13510,37
13511,30
13513,14
13514,21
13516,16
13517,81
13520,36
13523,58
13524,19
13526,34
13527,14
13529,32
13530,55
13532,13
13533,35
13536,82
13539,38
13540,5
13542,53
13543,33
13545,15
13546,28
13548,14
13549,71
13552,53
13555,66
13556,16
13558,34
13559,16
13561,30
13562,39
13564,13
13565,39
13568,62
13571,35
13572,10
13574,49
13575,31
13577,13
13578,30
13580,22
13581,74
13584,37
13587,55
13588,20
13590,30
13591,19
13593,28
13594,45
13596,8
13597,38
13600,57
13603,23
13604,7
13606,50
13607,28
13609,13
13610,23
13612,15
13613,64
13616,38
13619,72
13620,11
13622,19
13623,8
13625,39
13626,46
13628,7
13629,23
13632,73
13635,34
13636,7
13638,39
13639,30
13641,19
13642,20
13644,22
13645,74
13648,38
13651,71
13652,25
13654,26
13655,14
13657,28
13658,38
13660,10
13661,24
13664,78
13667,17
13668,8
13670,34
13671,37
13673,13
13674,19
13676,16
13677,58
13680,37
13683,74
13684,25
13686,23
13687,7
13689,33
13690,30
13692,5
13693,21
13696,77
13699,40
13700,5
13702,45
13703,41
13705,14
13706,16
13708,13
13709,55
13712,38
13715,66
13716,11
13718,18
13719,15
13721,34
13722,38
13724,4
13725,35
13728,65
13731,25
13732,7
13734,37
13735,20
13737,12
13738,21
13740,10
13741,44
13744,36
13747,51
13748,8
13750,20
13751,10
13753,19
13754,37
13756,8
13757,27
13760,67
13763,27
13764,5
13766,47
13767,20
13769,11
13770,21
13772,11
13773,48
13776,35
13779,51
13780,10
13782,22
13783,13
13785,35
13786,41
13788,11
13789,21
13792,70
13795,20
13796,6
13798,35
13799,19
13801,14
13802,19
13804,10
13805,26
13808,35
13811,51
13812,13
13814,23
13815,18
13817,41
13818,31
13820,9
13821,25
13824,59
13827,19
13828,9
13830,22
13831,29
13833,11
13834,36
13836,9
13837,44
13840,33
13843,32
13844,6
13846,21
13847,12
13849,24
13850,36
13852,6
13853,27
13856,60
13859,30
13860,4
13862,28
13863,23
13865,11
13866,23
13868,11
13869,45
13872,38
13875,46
13876,9
13878,26
13879,14
13881,25
13882,36
13884,6
13885,18
13888,59
13891,24
13892,6
13894,33
13895,16
13897,9
13898,17
13900,10
13901,43
13904,25
13907,45
13908,8
13910,22
13911,11
13913,17
13914,40
13916,6
13917,26
13920,45
13923,19
13924,5
13926,31
13927,21
13929,7
13930,16
13932,10
13933,38
13936,35
13939,38
13940,9
13942,17
13943,20
13945,25
13946,34
13948,5
13949,28
13952,58
13955,28
13956,3
13958,29
13959,21
13961,14
13962,20
13964,10
13965,39
13968,26
13971,44
13972,6
13974,10
13975,11
13977,9
13978,27
13980,5
13981,31
13984,57
13987,22
13988,2
13990,32
13991,18
13993,13
13994,14
13996,12
13997,38
14000,39
14003,49
14004,9
14006,20
14007,10
14009,17
14010,36
14012,4
14013,18
14016,69
14019,19
14020,7
14022,36
14023,14
14025,12
14026,14
14028,13
14029,31
14032,31
14035,35
14036,12
14038,10
14039,12
14041,13
14042,35
14044,3
14045,12
14048,46
14051,25
14052,6
14054,40
14055,24
14057,9
14058,16
14060,11
14061,44
14064,30
14067,47
14068,16
14070,19
14071,9
14073,25
14074,23
14076,5
14077,15
14080,57
14083,26
14084,2
14086,30
14087,14
14089,9
14090,20
14092,12
14093,39
14096,23
14099,40
14100,9
14102,15
14103,4
14105,21
14106,36
14108,7
14109,22
14112,57
14115,20
14116,8
14118,24
14119,23
14121,10
14122,14
14124,15
14125,37
14128,30
14131,27
14132,19
14134,12
14135,8
14137,17
14138,22
14140,9
14141,9
14144,44
14147,34
14148,5
14150,26
14151,18
14153,12
14154,12
14156,9
14157,31
14160,26
14163,39
14164,9
14166,15
14167,9
14169,19
14170,35
14172,2
14173,23
14176,59
14179,21
14180,7
14182,23
14183,28
14185,12
14186,16
14188,8
14189,42
14192,20
14195,36
14196,14
14198,12
14199,8
14201,25
14202,31
14204,5
14205,17
14208,48
14211,11
14212,7
14214,39
14215,17
14217,10
14218,20
14220,10
14221,45
14224,23
14227,26
14228,12
14230,20
14231,12
14233,19
14234,28
14236,6
14237,20
14240,53
14243,12
14244,6
14246,21
14247,15
14249,7
14250,9
14252,5
14253,35
14256,24
14259,35
14260,8
14262,14
14263,12
14265,23
14266,34
14268,4
14269,13
14272,38
14275,9
14276,4
14278,25
14279,25
14281,9
14282,16
14284,9
14285,30
14288,16
14291,34
14292,8
14294,14
14295,5
14297,12
14298,29
14300,6
14301,18
14304,39
14307,17
14308,4
14310,25
14311,19
14313,14
14314,15
14316,10
14317,31
14320,25
14323,46
14324,6
14326,15
14327,13
14329,23
14330,26
14332,6
14333,16
14336,48
14339,20
14340,3
14342,23
14343,28
14345,6
14346,18
14348,12
14349,48
14352,25
14355,44
14356,12
14358,9
14359,13
14361,19
14362,34
14364,13
14365,17
14368,47
14371,15
14372,6
14374,18
14375,18
14377,7
14378,12
14380,12
14381,29
14384,29
14387,43
14388,8
14390,14
14391,12
14393,22
14394,30
14396,6
14397,15
14400,33
14403,16
14404,4
14406,26
14407,21
14409,10
14410,11
14412,11
14413,39
14416,26
14419,31
14420,9
14422,12
14423,7
14425,15
14426,25
14428,6
14429,17
14432,39
14435,25
14436,1
14438,28
14439,13
14441,6
14442,13
14444,7
14445,26
14448,23
14451,32
14452,7
14454,17
14455,7
14457,13
14458,16
14460,3
14461,18
14464,35
14467,14
14468,3
14470,21
14471,19
14473,8
14474,12
14476,11
14477,36
14480,18
14483,40
14484,10
14486,19
14487,9
14489,26
14490,18
14492,3
14493,16
14496,39
14499,21
14500,2
14502,30
14503,14
14505,14
14506,14
14508,6
14509,37
14512,17
14515,28
14516,10
14518,12
14519,9
14521,12
14522,23
14524,5
14525,15
14528,41
14531,10
14532,4
14534,26
14535,11
14537,9
14538,12
14540,9
14541,38
14544,25
14547,29
14548,6
14550,7
14551,10
14553,10
14554,33
14556,8
14557,23
14560,44
14563,21
14564,4
14566,24
14567,15
14569,2
14570,11
14572,6
14573,23
14576,20
14579,28
14580,9
14582,7
14583,7
14585,19
14586,26
14588,6
14589,16
14592,41
14595,23
14596,3
14598,24
14599,15
14601,10
14602,13
14604,6
14605,31
14608,13
14611,34
14612,6
14614,16
14615,5
14617,12
14618,19
14620,3
14621,19
14624,42
14627,19
14628,8
14630,26
14631,13
14633,10
14634,11
14636,6
14637,35
14640,15
14643,31
14644,9
14646,17
14647,8
14649,15
14650,21
14652,2
14653,11
14656,42
14659,13
14660,5
14662,17
14663,17
14665,11
14666,14
14668,8
14669,29
14672,25
14675,24
14676,7
14678,12
14679,3
14681,20
14682,28
14684,5
14685,23
14688,42
14691,20
14692,4
14694,23
14695,14
14697,8
14698,9
14700,2
14701,41
14704,14
14707,26
14708,9
14710,11
14711,1
14713,18
14714,21
14716,2
14717,19
14720,50
14723,28
14724,3
14726,27
14727,12
14729,10
14730,13
14732,15
14733,24
14736,27
14739,41
14740,6
14742,10
14743,4
14745,15
14746,22
14748,4
14749,15
14752,41
14755,18
14756,3
14758,26
14759,15
14761,11
14762,13
14764,7
14765,30
14768,22
14771,39
14772,6
14774,19
14775,11
14777,18
14778,25
14780,7
14781,18
14784,47
14787,20
14788,8
14790,28
14791,13
14793,6
14794,12
14796,5
14797,39
14800,17
14803,31
14804,5
14806,10
14807,4
14809,11
14810,23
14812,2
14813,23
14816,39
14819,19
14820,1
14822,18
14823,24
14825,9
14826,12
14828,8
14829,37
14832,15
14835,27
14836,6
14838,19
14839,6
14841,22
14842,23
14844,3
14845,17
14848,31
14851,14
14852,2
14854,23
14855,18
14857,6
14858,9
14860,9
14861,34
14864,23
14867,26
14868,2
14870,15
14871,9
14873,16
14874,30
14876,2
14877,14
14880,40
14883,23
14884,3
14886,20
14887,13
14889,7
14890,7
14892,7
14893,29
14896,24
14899,31
14900,7
14902,10
14903,10
14905,16
14906,16
14908,6
14909,24
14912,25
14915,17
14916,6
14918,19
14919,13
14921,12
14922,9
14924,5
14925,36
14928,14
14931,31
14932,11
14934,16
14935,5
14937,19
14938,28
14940,4
14941,18
14944,60
14947,19
14948,6
14950,21
14951,14
14953,7
14954,7
14956,5
14957,37
14960,18
14963,34
14964,10
14966,8
14967,10
14969,15
14970,26
14972,6
14973,20
14976,44
14979,17
14980,5
14982,27
14983,13
14985,10
14986,6
14988,5
14989,37
14992,15
14995,27
14996,5
14998,19
14999,6
15001,11
15002,20
15004,7
15005,15
15008,29
15011,13
15012,1
15014,15
15015,12
15017,4
15018,12
15020,6
15021,17
15024,10
15027,18
15028,8
15030,9
15031,2
15033,13
15034,21
15036,4
15037,11
15040,41
15043,16
15044,5
15046,20
15047,15
15049,7
15050,10
15052,10
15053,23
15056,22
15059,37
15060,6
15062,17
15063,7
15065,12
15066,23
15068,7
15069,22
15072,47
15075,15
15076,5
15078,25
15079,11
15081,14
15082,8
15084,6
15085,31
15088,13
15091,34
15092,5
15094,10
15095,4
15097,13
15098,16
15100,3
15101,12
15104,45
15107,15
15108,4
15110,28
15111,11
15113,12
15114,12
15116,9
15117,18
15120,21
15123,25
15124,7
15126,8
15127,7
15129,12
15130,20
15132,1
15133,16
15136,34
15139,14
15140,6
15142,26
15143,15
15145,7
15146,10
15148,9
15149,32
15152,15
15155,37
15156,11
15158,7
15159,7
15161,13
15162,20
15164,7
15165,21
15168,34
15171,18
15172,5
15174,22
15175,10
15177,8
15178,11
15180,12
15181,22
15184,25
15187,31
15188,6
15190,13
15191,6
15193,16
15194,22
15196,4
15197,10
15200,28
15203,12
15204,4
15206,14
15207,12
15209,8
15210,6
15212,7
15213,26
15216,15
15219,38
15220,2
15222,13
15223,8
15225,23
15226,21
15228,3
15229,13
15232,37
15235,13
15236,3
15238,23
15239,15
15241,1
15242,15
15244,8
15245,22
15248,12
15251,31
15252,5
15254,8
15255,7
15257,11
15258,32
15260,3
15261,19
15264,20
15267,13
15268,2
15270,19
15271,15
15273,3
15274,9
15276,4
15277,26
15280,25
15283,31
15284,7
15286,10
15287,12
15289,14
15290,18
15292,3
15293,15
15296,38
15299,17
15300,6
15302,27
15303,13
15305,9
15306,16
15308,8
15309,27
15312,19
15315,32
15316,7
15318,14
15319,6
15321,18
15322,28
15324,3
15325,14
15328,45
15331,10
15332,2
15334,17
15335,15
15337,6
15338,10
15340,2
15341,33
15344,11
15347,23
15348,6
15350,8
15351,3
15353,11
15354,20
15356,6
15357,11
15360,42
15363,18
15364,2
15366,17
15367,19
15369,14
15370,9
15372,6
15373,27
15376,14
15379,30
15380,6
15382,11
15383,9
15385,13
15386,21
15388,4
15389,9
15392,27
15395,14
15396,5
15398,15
15399,11
15401,10
15402,12
15404,11
15405,30
15408,16
15411,34
15412,5
15414,10
15415,6
15417,14
15418,14
15420,2
15421,10
15424,22
15427,12
15428,2
15430,22
15431,13
15433,6
15434,9
15436,6
15437,37
15440,23
15443,30
15444,6
15446,13
15447,3
15449,10
15450,19
15452,2
15453,20
15456,26
15459,16
15462,23
15463,7
15465,4
15466,12
15468,5
15469,18
15472,14
15475,33
15476,9
15478,10
15479,5
15481,18
15482,13
15485,12
15488,30
15491,13
15492,4
15494,23
15495,15
15497,2
15498,9
15500,7
15501,35
15504,18
15507,29
15508,9
15510,14
15511,4
15513,11
15514,19
15516,3
15517,18
15520,38
15523,12
15524,3
15526,24
15527,10
15529,10
15530,12
15532,4
15533,22
15536,18
15539,18
15540,5
15542,6
15543,7
15545,14
15546,20
15548,3
15549,12
15552,30
15555,16
15556,2
15558,18
15559,10
15561,4
15562,13
15564,2
15565,29
15568,18
15571,30
15572,3
15574,7
15575,2
15577,11
15578,19
15580,2
15581,18
15584,28
15587,11
15588,4
15590,14
15591,8
15593,5
15594,8
15596,5
15597,32
15600,16
15603,22
15604,7
15606,12
15607,4
15609,16
15610,17
15612,4
15613,5
15616,28
15619,20
15620,6
15622,16
15623,8
15625,5
15626,7
15628,2
15629,17
15632,16
15635,20
15636,6
15638,10
15639,3
15641,13
15642,19
15644,6
15645,8
15648,33
15651,17
15654,15
15655,11
15657,5
15658,5
15660,5
15661,26
15664,14
15667,21
15668,3
15670,11
15671,7
15673,17
15674,20
15676,2
15677,15
15680,34
15683,8
15684,3
15686,20
15687,9
15689,5
15690,9
15692,6
15693,23
15696,19
15699,23
15700,18
15702,10
15703,3
15705,8
15706,16
15708,2
15709,16
15712,23
15715,7
15716,2
15718,14
15719,9
15721,4
15722,6
15724,9
15725,20
15728,8
15731,9
15732,5
15734,12
15735,6
15737,5
15738,13
15740,5
15741,11
15744,30
15747,11
15748,1
15750,14
15751,13
15753,1
15754,11
15756,5
15757,22
15760,12
15763,25
15764,7
15766,8
15767,8
15769,10
15770,20
15772,2
15773,12
15776,24
15779,11
15780,5
15782,19
15783,14
15785,4
15786,10
15788,7
15789,26
15792,12
15795,22
15796,5
15798,10
15799,7
15801,6
15802,18
15804,2
15805,7
15808,42
15811,16
15812,1
15814,12
15815,15
15817,8
15818,10
15820,11
15821,19
15824,12
15827,19
15828,6
15830,5
15831,9
15833,18
15834,16
15836,3
15837,13
15840,23
15843,7
15844,3
15846,24
15847,10
15849,8
15850,7
15852,8
15853,25
15856,22
15859,20
15860,9
15862,9
15863,6
15865,11
15866,14
15868,2
15869,5
15872,18
15875,13
15878,21
15879,12
15881,6
15882,8
15884,4
15885,17
15888,16
15891,20
15892,4
15894,7
15895,8
15897,14
15898,14
15900,4
15901,9
15904,27
15907,15
15908,6
15910,14
15911,11
15913,4
15914,5
15916,3
15917,24
15920,16
15923,19
15924,13
15926,9
15927,5
15929,11
15930,15
15932,2
15933,10
15936,28
15939,11
15940,5
15942,13
15943,5
15945,6
15946,14
15948,6
15949,16
15952,16
15955,26
15956,5
15958,5
15959,7
15961,6
15962,22
15964,3
15965,13
15968,40
15971,9
15972,2
15974,18
15975,7
15977,4
15978,10
15980,8
15981,26
15984,8
15987,22
15988,5
15990,6
15991,8
15993,6
15994,15
15997,19
16000,33
16003,10
16004,4
16006,14
16007,13
16009,8
16010,12
16012,5
16013,26
16016,8
16019,24
16020,7
16022,10
16023,7
16025,12
16026,19
16028,7
16029,4
16032,34
16035,7
16036,3
16038,19
16039,13
16041,6
16042,6
16044,2
16045,21
16048,7
16051,20
16052,4
16054,5
16055,8
16057,9
16058,15
16060,2
16061,11
16064,27
16067,13
16068,7
16070,6
16071,10
16073,4
16074,6
16076,4
16077,18
16080,20
16083,18
16084,7
16086,6
16087,5
16089,7
16090,23
16092,2
16093,15
16096,26
16099,17
16100,3
16102,12
16103,13
16105,7
16106,8
16108,5
16109,23
16112,19
16115,21
16116,6
16118,6
16119,2
16121,12
16122,20
16124,5
16125,14
16128,26
16131,11
16132,2
16134,19
16135,15
16137,2
16138,12
16140,9
16141,20
16144,11
16147,24
16148,6
16150,6
16151,4
16153,10
16154,20
16156,3
16157,7
16160,29
16163,14
16164,1
16166,14
16167,10
16169,5
16170,7
16172,1
16173,23
16176,16
16179,26
16180,8
16182,11
16183,5
16185,7
16186,20
16188,3
16189,9
16192,20
16195,9
16196,3
16198,6
16199,6
16201,7
16202,8
16204,6
16205,23
16208,12
16211,31
16212,6
16214,11
16215,6
16217,8
16218,9
16220,4
16221,8
16224,21
16227,13
16228,4
16230,15
16231,15
16233,5
16234,8
16236,5
16237,21
16240,14
16243,14
16244,1
16246,5
16247,3
16249,11
16250,11
16252,4
16253,10
16256,27
16259,10
16260,1
16262,14
16263,14
16266,9
16268,2
16269,20
16272,15
16275,21
16276,3
16278,5
16279,9
16281,6
16282,20
16284,3
16285,13
16288,20
16291,11
16292,2
16294,16
16295,11
16297,3
16298,7
16300,3
16301,24
16304,16
16307,21
16308,4
16310,5
16311,5
16313,7
16314,16
16316,3
16317,12
16320,22
16323,9
16324,2
16326,20
16327,9
16329,4
16330,6
16332,3
16333,17
16336,8
16339,18
16340,5
16342,8
16343,6
16345,11
16346,17
16348,1
16349,8
16352,20
16355,9
16356,2
16358,13
16359,11
16361,2
16362,5
16364,7
16365,18
16368,15
16371,19
16372,3
16374,6
16375,3
16377,9
16378,12
16380,3
16381,12
16384,21
16387,9
16388,2
16390,15
16391,8
16393,6
16394,8
16396,2
16397,23
16400,12
16403,19
16404,1
16406,7
16407,7
16409,10
16410,20
16412,5
16413,15
16416,32
16419,11
16420,2
16422,14
16423,6
16425,6
16426,9
16428,6
16429,20
16432,9
16435,25
16436,7
16438,6
16439,1
16441,8
16442,16
16444,4
16445,15
16448,25
16451,7
16452,3
16454,18
16455,12
16457,7
16458,4
16460,3
16461,20
16464,14
16467,15
16468,1
16470,18
16471,6
16473,15
16474,14
16476,4
16477,11
16480,29
16483,8
16484,1
16486,10
16487,14
16489,2
16490,9
16492,3
16493,21
16496,8
16499,15
16500,6
16502,2
16503,2
16505,15
16506,12
16508,3
16509,8
16512,16
16515,12
16518,10
16519,10
16521,8
16522,6
16524,4
16525,22
16528,7
16531,21
16532,6
16534,5
16535,5
16537,5
16538,13
16540,2
16541,7
16544,26
16547,10
16548,4
16550,12
16551,9
16553,3
16554,9
16556,6
16557,26
16560,18
16563,16
16564,3
16566,8
16567,6
16569,4
16570,6
16572,3
16573,12
16576,27
16579,9
16580,1
16582,15
16583,5
16585,4
16586,6
16588,1
16589,15
16592,12
16595,20
16596,2
16598,6
16599,7
16601,6
16602,16
16604,2
16605,5
16608,9
16611,8
16612,2
16614,13
16615,10
16617,4
16618,1
16620,4
16621,13
16624,5
16627,13
16628,3
16630,8
16631,5
16633,16
16634,10
16636,3
16637,11
16640,23
16643,12
16644,1
16646,13
16647,7
16649,4
16650,7
16652,3
16653,18
16656,7
16659,16
16660,3
16662,9
16663,2
16665,8
16666,13
16668,2
16669,6
16672,14
16675,10
16676,3
16678,23
16679,8
16681,4
16682,10
16684,4
16685,19
16688,16
16691,16
16692,4
16694,13
16695,7
16697,4
16698,14
16700,2
16701,5
16704,21
16707,10
16708,1
16710,10
16711,14
16713,6
16714,3
16716,2
16717,14
16720,11
16723,14
16724,1
16726,4
16727,5
16729,11
16730,14
16732,2
16733,8
16736,26
16739,2
16740,1
16742,14
16743,6
16745,5
16746,4
16748,2
16749,10
16752,15
16755,11
16756,5
16758,6
16761,10
16762,11
16764,2
16765,7
16768,20
16771,3
16772,1
16774,7
16775,6
16777,7
16778,8
16780,5
16781,18
16784,8
16787,14
16788,1
16790,4
16791,6
16793,11
16794,16
16796,2
16797,13
16800,19
16803,9
16804,1
16806,10
16807,4
16809,2
16810,12
16812,3
16813,14
16816,8
16819,16
16820,4
16822,4
16823,2
16825,7
16826,12
16828,2
16829,3
16832,25
16835,9
16836,1
16838,11
16839,8
16841,8
16842,3
16844,6
16845,12
16848,13
16851,10
16852,3
16854,9
16855,3
16857,2
16858,20
16860,1
16861,4
16864,16
16867,15
16868,1
16870,19
16871,6
16873,6
16874,4
16876,2
16877,23
16880,15
16883,12
16884,3
16886,4
16887,3
16889,5
16890,14
16892,3
16893,8
16896,18
16899,9
16900,3
16902,9
16903,11
16905,2
16906,5
16908,3
16909,17
16912,5
16915,15
16916,8
16918,4
16919,2
16921,5
16922,12
16924,5
16925,7
16928,12
16931,11
16932,1
16934,10
16935,11
16937,4
16938,6
16940,4
16941,13
16944,11
16947,16
16948,5
16950,5
16951,6
16953,8
16954,12
16957,7
16960,33
16963,8
16964,2
16966,15
16967,10
16969,5
16970,5
16973,10
16976,9
16979,14
16980,3
16982,1
16983,3
16985,7
16986,9
16989,5
16992,19
16995,9
16996,1
16998,10
16999,8
17001,2
17002,3
17004,7
17005,11
17008,8
17011,12
17012,1
17014,3
17015,1
17017,9
17018,9
17020,3
17021,6
17024,10
17027,9
17028,1
17030,5
17031,1
17033,8
17034,3
17036,4
17037,17
17040,9
17043,9
17044,8
17046,6
17047,8
17049,7
17050,5
17052,3
17053,3
17056,21
17059,7
17060,1
17062,10
17063,6
17065,3
17066,2
17068,3
17069,16
17072,12
17075,14
17076,2
17078,5
17079,2
17081,3
17082,10
17084,2
17085,4
17088,11
17091,9
17092,2
17094,13
17095,7
17097,4
17098,6
17100,4
17101,17
17104,8
17107,16
17108,1
17110,6
17111,5
17113,8
17114,9
17116,1
17117,10
17120,12
17123,11
17124,1
17126,12
17127,10
17129,6
17130,3
17132,3
17133,10
17136,17
17139,15
17140,3
17142,5
17143,2
17145,8
17146,13
17148,4
17149,3
17152,16
17155,7
17156,3
17158,5
17159,4
17162,3
17164,2
17165,12
17168,5
17171,15
17172,5
17174,3
17175,6
17177,7
17178,10
17180,2
17181,3
17184,18
17187,3
17188,2
17190,11
17191,4
17193,2
17194,7
17196,1
17197,16
17200,8
17203,10
17204,4
17207,3
17209,10
17210,8
17212,4
17213,9
17216,16
17219,8
17220,1
17222,8
17223,7
17225,2
17226,3
17229,15
17232,8
17235,8
17236,2
17238,5
17239,1
17241,9
17242,12
17245,3
17248,13
17251,4
17252,3
17254,5
17255,7
17257,2
17258,3
17260,7
17261,10
17264,9
17267,13
17268,1
17270,2
17271,1
17273,4
17274,5
17276,3
17277,2
17280,13
17283,4
17284,1
17286,7
17287,5
17289,3
17290,3
17292,2
17293,13
17296,6
17299,7
17300,5
17302,4
17303,5
17305,3
17306,7
17308,1
17309,4
17312,6
17315,3
17316,1
17318,3
17319,7
17321,4
17322,4
17324,3
17325,10
17328,9
17331,9
17332,1
17334,5
17335,7
17337,1
17338,7
17340,1
17341,4
17344,12
17347,5
17348,2
17350,11
17351,3
17353,3
17354,2
17356,7
17357,3
17360,9
17363,11
17364,1
17367,4
17369,10
17370,11
17372,1
17373,6
17376,15
17379,4
17380,3
17382,7
17383,5
17385,1
17386,4
17388,4
17389,4
17392,2
17395,9
17396,1
17398,5
17399,2
17401,7
17402,6
17404,2
17405,3
17408,17
17411,3
17412,1
17414,11
17415,8
17417,4
17418,5
17420,5
17421,10
17424,3
17427,8
17428,3
17430,1
17431,1
17433,3
17434,10
17437,5
17440,19
17443,4
17446,10
17447,6
17449,2
17450,2
17452,1
17453,13
17456,6
17459,12
17460,1
17462,1
17465,6
17466,4
17469,7
17472,11
17475,11
17478,6
17479,2
17481,1
17482,2
17484,3
17485,9
17488,4
17491,13
17492,4
17494,3
17495,6
17497,6
17498,7
17501,6
17504,12
17507,8
17510,6
17511,5
17513,2
17514,3
17516,2
17517,10
17520,3
17523,11
17524,1
17526,6
17527,2
17529,5
17530,8
17532,1
17533,5
17536,6
17539,4
17540,1
17542,7
17543,4
17545,1
17546,2
17548,4
17549,9
17552,6
17555,6
17558,1
17559,2
17561,6
17562,9
17564,1
17565,4
17568,12
17571,7
17572,4
17574,5
17575,8
17577,4
17578,4
17580,2
17581,6
17584,2
17587,9
17590,3
17591,1
17593,8
17594,11
17596,2
17597,6
17600,8
17603,4
17604,1
17606,7
17607,3
17609,3
17612,5
17613,6
17616,6
17619,12
17620,4
17622,2
17623,5
17625,2
17626,6
17628,1
17629,4
17632,13
17635,2
17636,1
17638,3
17639,3
17641,3
17642,3
17645,8
17648,5
17651,7
17652,4
17654,8
17655,1
17657,2
17658,11
17661,4
17664,9
17667,3
17670,4
17671,2
17674,2
17676,1
17677,10
17680,9
17683,9
17684,3
17686,4
17687,1
17689,5
17690,3
17692,1
17693,5
17696,11
17699,8
17700,1
17702,6
17703,7
17705,2
17706,5
17709,6
17712,6
17715,9
17716,1
17718,3
17719,2
17721,3
17722,7
17724,1
17725,3
17728,15
17731,1
17732,3
17734,3
17735,2
17737,3
17738,2
17740,3
17741,13
17744,6
17747,10
17748,4
17750,1
17753,6
17754,6
17756,1
17757,1
17760,12
17763,6
17764,2
17766,7
17767,6
17769,3
17770,2
17772,3
17773,9
17776,4
17779,10
17780,1
17782,2
17783,1
17785,2
17786,4
17789,3
17792,9
17795,2
17798,6
17799,6
17801,1
17802,3
17804,1
17805,12
17808,6
17811,6
17812,2
17814,3
17815,1
17817,1
17818,15
17821,6
17824,11
17828,1
17830,9
17831,3
17833,2
17834,4
17836,2
17837,2
17840,4
17843,7
17844,2
17846,4
17847,2
17849,6
17850,9
17852,1
17853,2
17856,11
17859,2
17862,7
17863,2
17865,1
17866,4
17868,1
17869,5
17872,4
17875,4
17876,3
17878,3
17879,3
17881,2
17882,3
17884,1
17885,4
17888,9
17891,3
17894,5
17895,2
17897,1
17898,1
17900,3
17901,5
17904,2
17907,5
17908,2
17910,1
17911,1
17913,4
17914,4
17916,1
17917,7
17920,10
17923,5
17924,4
17926,4
17927,4
17930,5
17932,1
17933,5
17936,5
17939,2
17942,4
17943,1
17945,1
17946,4
17948,2
17949,3
17952,5
17955,4
17958,2
17959,2
17962,2
17964,2
17965,4
17968,5
17971,9
17972,3
17974,3
17975,3
17977,5
17978,4
17980,1
17981,1
17984,2
17987,4
17990,7
17991,2
17993,1
17994,2
17996,2
17997,11
18000,3
18003,10
18007,2
18009,1
18010,6
18012,1
18013,5
18016,8
18019,3
18022,9
18023,3
18026,3
18028,1
18029,5
18032,5
18035,4
18036,3
18038,2
18039,4
18041,2
18042,6
18045,4
18048,6
18051,2
18054,4
18055,5
18057,1
18058,2
18060,1
18061,4
18064,2
18067,7
18068,3
18070,2
18073,2
18074,4
18076,2
18077,2
18080,5
18083,1
18084,1
18086,3
18087,4
18089,2
18090,3
18092,4
18093,3
18096,2
18099,6
18100,1
18102,1
18105,2
18106,6
18108,1
18109,4
18112,6
18115,2
18118,6
18119,4
18121,2
18122,3
18124,2
18125,6
18128,6
18131,5
18132,1
18134,3
18135,1
18137,1
18138,4
18141,2
18144,10
18147,3
18148,1
18150,3
18151,4
18154,2
18156,2
18157,6
18160,7
18163,7
18166,2
18167,2
18169,4
18170,4
18172,1
18173,2
18176,8
18179,3
18182,4
18183,1
18185,3
18186,1
18188,1
18189,3
18192,3
18195,4
18198,2
18201,4
18202,2
18205,1
18208,3
18211,3
18214,1
18215,2
18217,1
18218,1
18220,2
18221,5
18224,1
18227,3
18228,3
18230,1
18231,1
18233,1
18234,3
18237,2
18240,6
18243,1
18246,3
18247,6
18249,1
18250,1
18252,1
18253,2
18256,2
18259,3
18260,1
18262,3
18263,1
18265,1
18266,3
18269,3
18272,4
18275,1
18278,4
18279,1
18281,2
18282,1
18285,6
18288,3
18291,5
18294,1
18297,1
18298,1
18300,3
18301,2
18304,6
18307,1
18310,4
18311,1
18313,2
18314,1
18316,1
18317,7
18320,2
18323,3
18324,5
18326,3
18327,2
18329,1
18330,2
18333,1
18336,4
18339,3
18340,1
18342,3
18343,2
18346,5
18348,3
18349,4
18352,2
18355,2
18356,2
18358,1
18359,1
18361,2
18362,1
18365,1
18368,5
18374,7
18375,2
18381,4
18384,4
18387,4
18393,1
18396,2
18397,4
18400,5
18403,2
18406,2
18407,3
18412,1
18413,5
18416,1
18419,1
18422,3
18423,2
18425,1
18426,1
18428,1
18429,2
18432,5
18435,2
18436,1
18438,6
18439,1
18441,1
18442,2
18444,1
18445,7
18448,2
18451,3
18454,1
18455,2
18457,1
18458,3
18461,2
18464,5
18467,1
18470,4
18473,1
18474,2
18477,9
18480,3
18483,2
18484,2
18489,4
18490,2
18493,1
18496,8
18499,2
18502,4
18503,2
18506,2
18508,2
18509,4
18516,1
18518,2
18519,1
18521,3
18522,3
18528,3
18531,2
18535,1
18538,6
18540,2
18541,4
18544,3
18547,6
18550,2
18553,1
18554,2
18556,1
18560,3
18563,2
18566,2
18567,3
18569,2
18570,1
18573,4
18576,2
18579,1
18580,2
18582,2
18586,1
18592,8
18595,3
18596,2
18598,2
18599,1
18602,3
18604,1
18605,5
18608,4
18617,3
18618,2
18620,1
18624,6
18628,1
18630,5
18631,4
18636,1
18637,5
18640,2
18643,2
18647,3
18649,3
18650,8
18652,3
18656,5
18659,2
18662,2
18663,1
18666,3
18669,5
18675,2
18678,1
18679,1
18682,2
18684,1
18685,1
18688,1
18691,1
18692,1
18694,2
18695,1
18700,1
18704,3
18707,1
18711,2
18713,4
18716,1
18717,2
18720,7
18723,1
18726,2
18733,3
18736,2
18739,3
18740,1
18742,1
18743,2
18745,1
18746,1
18748,1
18749,2
18752,2
18759,2
18765,3
18768,2
18771,7
18774,1
18778,5
18780,1
18784,3
18787,2
18790,4
18794,1
18797,4
18800,4
18803,1
18806,2
18807,2
18809,2
18810,1
18812,2
18813,1
18816,3
18822,1
18823,1
18829,2
18832,2
18835,3
18836,2
18838,1
18841,2
18842,1
18845,1
18848,5
18851,2
18854,1
18855,4
18857,3
18858,1
18861,3
18864,6
18867,2
18873,1
18874,2
18877,1
18880,4
18883,2
18886,3
18887,4
18889,2
18890,1
18893,1
18896,1
18899,3
18900,1
18902,2
18905,1
18906,3
18912,2
18915,5
18916,1
18918,1
18921,1
18922,1
18924,1
18925,2
18931,1
18932,1
18935,1
18938,3
18940,1
18941,1
18944,3
18947,1
18950,1
18953,2
18954,1
18956,1
18957,1
18960,1
18963,4
18966,1
18970,1
18973,1
18976,1
18979,2
18980,1
18982,5
18983,4
18986,1
18992,2
18995,4
18996,1
18998,3
19001,2
19002,2
19004,2
19005,1
19008,4
19014,1
19017,1
19020,1
19024,1
19027,1
19033,1
19034,3
19037,3
19040,4
19043,2
19044,1
19046,2
19056,2
19059,4
19060,1
19062,1
19063,2
19065,2
19066,2
19069,2
19072,4
19075,2
19078,1
19079,1
19085,3
19088,1
19091,5
19094,2
19095,1
19097,1
19101,3
19104,7
19108,2
19110,1
19111,1
19113,1
19114,1
19117,2
19123,2
19124,2
19127,1
19129,1
19130,3
19133,1
19136,6
19140,1
19142,1
19143,1
19146,1
19148,1
19149,3
19152,2
19155,2
19156,1
19159,1
19161,4
19164,1
19165,1
19168,2
19172,1
19174,1
19175,1
19180,1
19181,3
19187,5
19190,1
19194,1
19196,1
19197,1
19200,3
19206,2
19207,2
19210,2
19212,1
19213,3
19216,2
19219,4
19222,1
19225,1
19226,1
19228,4
19229,1
19232,3
19235,1
19236,1
19238,2
19239,3
19241,2
19245,2
19248,2
19257,1
19258,3
19261,1
19264,3
19271,3
19273,1
19276,1
19277,1
19283,2
19286,1
19287,1
19289,1
19290,1
19293,1
19296,2
19299,1
19300,1
19302,1
19303,2
19305,1
19309,2
19316,1
19318,3
19322,1
19325,3
19328,2
19331,2
19334,3
19341,2
19344,3
19348,1
19354,1
19357,1
19363,1
19366,1
19367,1
19369,1
19373,3
19376,2
19382,1
19385,1
19386,3
19388,1
19389,3
19392,1
19398,2
19399,1
19404,1
19405,1
19411,1
19418,4
19420,1
19421,4
19424,1
19427,1
19430,1
19431,2
19433,1
19434,1
19437,3
19440,1
19443,2
19444,1
19446,1
19450,3
19456,4
19459,2
19462,2
19466,1
19469,1
19472,1
19475,1
19476,1
19478,1
19485,1
19488,3
19491,1
19494,1
19495,2
19497,2
19498,2
19501,5
19504,2
19507,1
19508,1
19511,1
19517,2
19520,2
19523,1
19530,1
19533,1
19539,1
19542,1
19545,1
19546,2
19549,1
19552,2
19555,1
19559,2
19561,1
19564,1
19565,1
19568,3
19571,1
19574,1
19575,1
19577,1
19578,1
19581,1
19584,1
19587,1
19590,2
19593,2
19596,1
19597,4
19600,4
19606,1
19607,1
19610,2
19613,1
19616,1
19619,2
19628,1
19629,1
19632,1
19636,1
19641,3
19642,2
19648,3
19655,1
19664,2
19667,2
19668,1
19680,5
19683,1
19689,1
19690,1
19692,1
19693,2
19699,2
19700,1
19703,2
19706,2
19712,2
19716,1
19718,1
19722,1
19725,2
19728,3
19731,1
19732,3
19734,1
19738,2
19740,1
19747,1
19748,2
19750,2
19751,2
19754,1
19757,2
19760,1
19763,4
19764,1
19766,1
19767,1
19776,4
19779,2
19782,1
19783,2
19786,1
19788,1
19789,1
19795,1
19802,1
19808,3
19811,2
19820,2
19821,1
19824,1
19828,1
19830,1
19833,2
19840,2
19843,3
19846,3
19849,1
19852,1
19853,2
19856,2
19859,1
19863,2
19865,2
19869,1
19872,3
19875,1
19879,1
19882,1
19885,1
19888,1
19891,1
19892,1
19900,1
19901,1
19904,1
19907,2
19910,2
19911,3
19913,1
19914,1
19917,1
19924,1
19927,1
19929,1
19936,1
19939,2
19942,2
19943,1
19946,2
19949,1
19952,1
19962,1
19964,1
19968,2
19975,1
19978,1
19980,2
19981,3
19984,1
19987,2
19990,2
19991,1
19993,2
20000,6
20007,2
20013,2
20016,1
20019,1
20026,1
20028,1
20029,1
20032,2
20038,2
20041,1
20045,1
20055,1
20057,2
20064,1
20071,2
20073,1
20077,3
20080,1
20087,1
20089,1
20093,1
20096,3
20106,1
20109,1
20112,1
20115,1
20122,2
20125,1
20128,1
20131,1
20138,1
20141,1
20144,2
20147,4
20148,1
20150,1
20154,1
20157,1
20160,2
20166,1
20167,1
20172,1
20173,1
20182,1
20185,1
20186,1
20189,1
20192,2
20195,1
20198,2
20201,1
20204,1
20205,2
20211,5
20217,1
20218,1
20221,1
20224,2
20230,2
20231,1
20234,2
20236,1
20240,2
20243,1
20247,1
20249,2
20250,1
20253,1
20256,1
20262,2
20265,1
20269,1
20275,1
20276,1
20281,2
20282,2
20294,1
20298,1
20301,3
20310,1
20313,1
20316,1
20320,3
20323,1
20324,2
20326,1
20330,1
20333,1
20339,3
20343,1
20345,1
20346,3
20349,1
20352,1
20359,3
20361,1
20362,1
20371,1
20372,1
20396,1
20397,1
20403,1
20407,2
20409,1
20410,1
20413,1
20416,1
20419,1
20423,3
20426,2
20429,2
20432,2
20435,3
20448,3
20454,1
20461,2
20464,1
20467,1
20473,1
20474,1
20477,2
20483,1
20486,1
20487,1
20490,2
20493,3
20496,1
20500,1
20502,1
20512,1
20525,1
20534,1
20535,2
20544,1
20547,1
20550,2
20554,1
20557,1
20563,1
20567,1
20570,1
20576,3
20582,2
20588,1
20589,1
20595,1
20601,1
20602,2
20605,2
20608,3
20611,1
20612,1
20614,2
20621,1
20630,1
20633,1
20637,1
20649,1
20653,1
20656,1
20659,1
20672,2
20675,2
20678,4
20679,1
20685,1
20688,1
20691,2
20701,1
20704,3
20707,3
20708,1
20711,2
20713,1
20717,1
20720,1
20723,2
20726,1
20727,1
20729,2
20736,1
20739,1
20742,2
20746,1
20749,1
20752,1
20755,1
20780,1
20781,1
20787,1
20794,1
20797,2
20800,4
20804,1
20809,2
20812,2
20813,1
20816,1
20829,1
20838,3
20839,1
20851,2
20854,1
20858,1
20864,1
20877,1
20883,2
20890,1
20892,1
20893,1
20896,5
20900,1
20905,1
20909,1
20915,1
20919,2
20928,1
20934,1
20935,1
20938,1
20941,1
20944,1
20947,1
20954,2
20960,1
20976,1
20980,1
20982,1
20986,2
20998,2
21005,3
21027,1
21030,1
21034,1
21037,1
21047,1
21050,1
21056,1
21059,1
21072,1
21098,1
21101,1
21107,1
21114,1
21117,1
21120,1
21126,1
21133,2
21152,2
21155,1
21168,1
21178,1
21184,1
21197,2
21206,1
21216,1
21248,1
21254,1
21255,1
21261,1
21264,1
21273,1
21274,1
21280,1
21296,1
21299,1
21300,1
21305,1
21309,1
21312,1
21328,1
21335,1
21337,2
21354,1
21356,1
21357,2
21395,1
21401,1
21408,1
21420,1
21424,1
21437,1
21449,2
21450,1
21453,1
21484,1
21485,1
21491,2
21498,1
21517,2
21529,1
21539,1
21549,1
21568,1
21572,1
21575,2
21581,1
21594,1
21600,1
21604,1
21625,1
21632,2
21635,3
21638,1
21639,1
21642,1
21648,1
21651,1
21664,1
21677,1
21689,1
21696,1
21709,1
21728,1
21732,1
21741,1
21760,2
21772,1
21785,1
21792,1
21798,1
21802,1
21831,1
21843,1
21849,1
21878,1
21914,1
21917,1
21920,2
21927,1
21933,1
21936,1
21939,1
21961,1
21965,2
21977,1
21984,1
22000,1
22003,1
22009,1
22016,1
22028,1
22029,1
22032,1
22045,1
22048,1
22067,1
22112,2
22131,1
22141,1
22153,1
22157,1
22224,1
22260,1
22262,1
22269,1
22279,1
22285,1
22292,1
22317,1
22324,1
22362,1
22368,2
22384,1
22387,1
22403,1
22423,1
22432,1
22451,1
22455,1
22470,1
22477,1
22480,1
22490,1
22521,1
22522,1
22541,1
22547,2
22560,1
22566,1
22611,1
22621,1
22624,1
22637,1
22640,1
22643,1
22650,1
22682,1
22707,1
22720,1
22733,1
22758,1
22777,1
22784,1
22797,1
22823,1
22829,1
22842,1
22886,1
22902,1
22909,2
22924,1
22925,1
22931,1
22941,1
22953,1
22963,1
22976,1
22999,1
23021,1
23024,1
23050,1
23079,1
23082,1
23098,1
23104,1
23111,1
23126,1
23130,1
23136,1
23143,1
23174,1
23187,1
23260,1
23270,1
23283,1
23290,1
23309,1
23312,1
23328,1
23344,2
23347,1
23353,1
23364,1
23392,1
23398,1
23411,1
23424,1
23450,1
23452,1
23459,1
23468,1
23478,1
23616,1
23674,1
23706,1
23712,1
23731,1
23798,1
23814,2
23815,1
23975,1
23994,1
24109,1
24115,1
24185,1
24288,1
24301,1
24410,1
24525,1
24564,1
24605,1
24611,1
24618,1
24621,1
24665,1
24688,1
24694,1
24707,1
24755,1
24791,1
24848,1
24934,1
25011,1
25043,1
25197,1
25225,1
25280,1
25331,1
25335,1
25658,1
25789,1
25898,1
25942,1
26204,1
26234,1
26646,1
26701,1
26733,1
26963,1
27021,1
27052,1
27245,1
27270,1
27289,1
27514,1
27639,1
27805,1
27882,1
28538,1
28640,1
28697,1
28701,1
28768,1
28982,1
29402,1
30202,1
30237,1
30682,1
31145,1
32240,1
32416,1
33049,1
33469,1
33543,1
34048,1
34976,1
35049,1
35603,1
36243,1
37347,1
38580,1
38644,1
38662,1
38813,1
39405,1
39558,1
39629,1
40733,1
41024,1
41319,1
41517,1
42540,1
43418,1
43527,1
44716,1
45319,1
45772,1
45946,1
46685,1
47456,1
47587,1
48685,1
49005,1
49161,1
49283,1
50409,1
50784,1
52570,1
53580,1
53664,1
54995,1
55578,1
56217,1
56711,1
58356,1
58375,1
58966,1
59030,1
60835,1
60899,1
62701,1
62992,1
64164,1
64685,2
64729,1
64957,1
65748,1
66355,1
66662,1
66823,1
67261,1
67449,1
70029,1
70134,1
70406,1
70983,1
71501,1
71651,1
72512,1
72752,1
73843,1
74816,1
76704,1
77181,1
78365,1
78611,1
78771,1
80620,1
81290,1
81465,1
83386,1
84468,1
85485,1
85776,1
86221,1
86602,1
86650,1
86870,1
87239,1
88000,1
88320,1
89081,1
90198,1
90262,1
91584,1
92122,1
92627,1
92636,1
93126,1
93533,1
94400,1
94691,1
94931,1
95683,1
96528,1
96998,1
97920,1
99584,1
100665,1
100928,1
101060,1
101149,1
101645,1
101766,1
101984,1
105165,1
106329,1
106896,1
107264,1
107764,1
109504,1
109686,1
109882,1
110349,1
111251,1
111354,1
111949,1
112205,1
112781,1
113036,1
113389,1
113990,1
115971,1
116118,1
116416,1
116480,1
117987,1
118112,1
118668,1
118701,1
118963,1
119193,1
119465,1
120829,1
121190,1
121331,1
121507,1
121814,1
121958,1
122636,1
123315,1
124099,1
125913,1
126429,1
127104,1
128125,1
128518,1
131280,1
131744,1
132313,1
132506,1
132621,1
133683,1
135424,1
135917,1
136262,1
137095,1
137178,1
137600,1
138442,1
139798,1
140580,1
141549,1
141850,1
142461,1
144899,1
145363,1
148007,1
148381,1
148541,1
149498,1
150425,1
150608,1
150726,1
151731,1
152064,1
152966,1
153133,1
153177,1
153645,1
153689,1
154099,1
154592,1
155072,1
158967,1
159332,1
159596,1
160358,1
160711,1
160775,1
161981,1
163923,1
164496,1
165625,1
166068,1
166256,1
168435,1
169091,1
169667,1
170253,1
170816,1
170835,1
172172,1
172563,1
173331,1
176941,1
177158,1
179331,1
179372,1
179498,1
180886,1
183168,1
183526,1
184077,1
184487,1
184694,1
184812,1
184855,1
185216,1
186707,1
187024,1
187667,1
189126,1
189783,1
190537,1
190688,1
193805,1
194106,1
195060,1
196592,1
196672,1
196839,1
198912,1
199747,1
202563,1
203075,1
204320,1
204422,1
206148,1
206887,1
207584,1
207929,1
208105,1
209955,1
210125,1
210554,1
213004,1
215699,1
216246,1
220121,1
222327,1
224368,1
226096,1
226387,1
226403,1
227078,1
227142,1
229091,1
229882,1
230841,1
231642,1
232112,1
232285,1
233289,1
234480,1
236752,1
238467,1
240812,1
241171,1
241280,1
241299,1
241881,1
241895,1
242227,1
242240,1
243097,1
243405,1
243990,1
244892,1
244960,1
245254,1
245475,1
245908,1
248544,1
249603,1
250230,1
250410,1
251661,1
251667,1
252679,1
252742,1
252845,1
253101,1
253126,1
253760,1
254064,1
254067,1
255488,1
255683,1
255955,1
256250,1
256432,1
256771,1
257891,1
258448,1
259344,1
259421,1
259492,1
259974,1
260477,1
260759,1
260976,1
261824,1
262176,1
262215,1
262809,1
262841,1
263001,1
263431,1
264247,1
264281,1
264429,1
264486,1
264506,1
265004,1
265293,1
265559,1
265757,1
266653,1
266794,1
266803,1
266835,1
266941,1
267008,1
267319,1
267332,1
267514,1
267754,1
267756,1
267763,1
268598,1
268604,1
268883,1
269363,1
269504,1
269539,1
269561,1
270259,1
271027,1
271399,1
271552,1
272528,1
273191,1
273575,1
273734,1
274848,1
275260,1
275795,1
276106,1
276454,1
276522,1
276851,1
276915,1
277190,1
277696,1
278471,1
278615,1
278749,1
281424,1
282861,1
282880,1
283245,1
283276,1
283661,1
283840,1
288080,1
288832,1
290784,1
291437,1
292237,1
295283,1
297360,1
298375,1
299290,1
299799,1
303062,1
303443,1
303687,1
305133,1
308348,1
308982,1
310851,1
312973,1
313639,1
314000,1
314105,1
315296,1
315990,1
317148,1
320810,1
324080,1
325431,1
327194,1
327872,1
328365,1
330589,1
330707,1
334765,1
335092,1
335213,1
336157,1
338093,1
338771,1
338852,1
339248,1
340128,1
340646,1
343149,1
343456,1
344941,1
345956,1
346019,1
346611,1
346640,1
347376,1
347942,1
348007,1
349319,1
350547,1
351596,1
351763,1
352727,1
352730,1
355120,1
355417,1
356788,1
357280,1
357453,1
358304,1
358800,1
359408,1
359731,1
359738,1
360935,1
361011,1
361319,1
362732,1
363005,1
363546,1
364307,1
368352,1
369177,1
369318,1
369997,1
370438,1
371200,1
371648,1
371923,1
372841,1
373347,1
374007,1
374249,1
375053,1
375181,1
375801,1
375882,1
376343,1
378330,1
381094,1
383780,1
384032,1
388771,1
392394,1
394784,1
396057,1
403443,1
443929,1
450438,1
456810,1
465891,1
474970,1
542784,1
710330,1
714224,1
719114,1
720563,1
721203,1
721549,1
722221,1
725108,1
727382,1
729402,1
732903,1
733261,1
734048,1
734128,1
736064,1
736284,1
736493,1
736522,1
737718,1
737827,1
737949,1
738944,1
739104,1
739149,1
739491,1
739578,1
739606,1
739936,1
740563,1
740980,1
741977,1
743200,1
743907,1
744896,1
745216,1
745539,1
745734,1
746064,1
746384,1
748349,1
748794,1
748902,1
749337,1
749648,1
749952,1
750247,1
751162,1
752112,1
752147,1
753200,1
753244,1
753350,1
753657,1
753818,1
754572,1
755036,1
755059,1
755286,1
755421,1
755572,1
755706,1
755923,1
756035,1
756070,1
756092,1
756211,1
756291,1
756468,1
756992,1
757030,1
757491,1
758090,1
758138,1
758167,1
758342,1
758361,1
759258,1
759481,1
759482,1
759584,1
760045,1
760169,1
760327,1
760390,1
760493,1
760531,1
760976,1
761012,1
761306,1
761507,1
761632,1
762093,1
762192,1
762371,1
763434,1
763501,1
765267,1
765492,1
765498,1
765984,1
766413,1
766784,1
767401,1
767898,1
768384,1
768387,1
768576,1
768681,1
768812,1
769075,1
770291,1
770361,1
770515,1
770554,1
771796,1
772115,1
772281,1
772870,1
773789,1
773946,1
774388,1
775411,1
775654,1
780733,1
781878,1
782611,1
783591,1
784387,1
785325,1
785955,1
786279,1
786348,1
789453,1
795738,1
800563,1
800884,1
801184,1
801210,1
801894,1
802022,1
810039,1
811274,1
811808,1
815127,1
815536,1
815674,1
816470,1
816537,1
817363,1
818470,1
819533,1
822739,1
823235,1
823782,1
825047,1
825904,1
826336,1
828438,1
830489,1
831860,1
833229,1
833683,1
836096,1
836128,1
836915,1
839725,1
840352,1
841030,1
841097,1
842381,1
842957,1
843316,1
843334,1
843604,1
844080,1
844099,1
845408,1
845735,1
846727,1
848172,1
848339,1
849344,1
849472,1
849907,1
850016,1
852371,1
852672,1
852954,1
853117,1
853187,1
853837,1
854612,1
855015,1
855229,1
856224,1
857286,1
858746,1
859853,1
860640,1
860967,1
861788,1
861910,1
862986,1
863043,1
863321,1
864333,1
864636,1
864663,1
865059,1
865715,1
865767,1
866394,1
867088,1
867284,1
867571,1
870112,1
874317,1
878900,1
880448,1
882758,1
882931,1
883498,1
888793,1
889901,1
934253,1
939731,1
967648,1
976121,1
977302,1
1011020,1
1130272,1
1482647,1
1497581,1
1498470,1
1507520,1
1511741,1
1514477,1
1516198,1
1518185,1
1519469,1
1520205,1
1520564,1
1524544,1
1525338,1
1527507,1
1528448,1
1528551,1
1528726,1
1528909,1
1529357,1
1530419,1
1530979,1
1531658,1
1532118,1
1532166,1
1532963,1
1534557,1
1534605,1
1534921,1
1536083,1
1538243,1
1538560,1
1540697,1
1540915,1
1540935,1
1541228,1
1541248,1
1541424,1
1542835,1
1542918,1
1543130,1
1543180,1
1543523,1
1544909,1
1545210,1
1545340,1
1545648,1
1545959,1
1546425,1
1546579,1
1547027,1
1547572,1
1547610,1
1547782,1
1548640,1
1548784,1
1548790,1
1548928,1
1550208,1
1550793,1
1550957,1
1551479,1
1551686,1
1551751,1
1553037,1
1553907,1
1554106,1
1554342,1
1554873,1
1555417,1
1555687,1
1556304,1
1556473,1
1556733,1
1557597,1
1557671,1
1558103,1
1558413,1
1558887,1
1559456,1
1559731,1
1559856,1
1560000,1
1560013,1
1560339,1
1560813,1
1561670,1
1561696,1
1561728,1
1562154,1
1562726,1
1563597,1
1564039,1
1565132,1
1565517,1
1566448,1
1566630,1
1566684,1
1567040,1
1567453,1
1567524,1
1567859,1
1568569,1
1569203,1
1569466,1
1570173,1
1570365,1
1570762,1
1571674,1
1572551,1
1573427,1
1573741,1
1574067,1
1574106,1
1576313,1
1576835,1
1578272,1
1579981,1
1580294,1
1582176,1
1586880,1
1588384,1
1589674,1
1594237,1
1595927,1
1598460,1
1598880,1
1599703,1
1600749,1
1601933,1
1608713,1
1610740,1
1621504,1
1626884,1
1642819,1
1648855,1
1649152,1
1653837,1
1658057,1
1674452,1
1676131,1
1678611,1
1679453,1
1679753,1
1686560,1
1690410,1
1691712,1
1693210,1
1695197,1
1695229,1
1699760,1
1700371,1
1700457,1
1702604,1
1703302,1
1703847,1
1712038,1
1713689,1
1715111,1
1718915,1
1721373,1
1727507,1
1727955,1
1728452,1
1729293,1
1729594,1
1733254,1
1735053,1
1737991,1
1738675,1
1739776,1
1740486,1
1742195,1
1743219,1
1743734,1
1743818,1
1744147,1
1744454,1
1744647,1
1744973,1
1745408,1
1746199,1
1746279,1
1747001,1
1747060,1
1747120,1
1747782,1
1747795,1
1751124,1
1751910,1
1752009,1
1752627,1
1752772,1
1752916,1
1754598,1
1756288,1
1756484,1
1756892,1
1757076,1
1757191,1
1757216,1
1758787,1
1758960,1
1761168,1
1761453,1
1761513,1
1761671,1
1761882,1
1763741,1
1764358,1
1765501,1
1767945,1
1768397,1
1769261,1
1769667,1
1769671,1
1771597,1
1784102,1
1786294,1
1787033,1
1793305,1
1795786,1
1806029,1
1812640,1
1820595,1
1876544,1
1908185,1
1957286,1
2007213,1
2018035,1
2253098,1
3049728,1
3050714,1
3050848,1
3057360,1
3060096,1
3065222,1
3073244,1
3074451,1
3074912,1
3077716,1
3079744,1
3080691,1
3082656,1
3083696,1
3083978,1
3084512,1
3086278,1
3089709,1
3091485,1
3091814,1
3094141,1
3094567,1
3094797,1
3094976,1
3095257,1
3095987,1
3096045,1
3096365,1
3097629,1
3097654,1
3097852,1
3098086,1
3098176,1
3098483,1
3098682,1
3098711,1
3099168,1
3099610,1
3099795,1
3099837,1
3099897,1
3100826,1
3101395,1
3101484,1
3101689,1
3102118,1
3102810,1
3102963,1
3103094,1
3103715,1
3104883,1
3105724,1
3106954,1
3107308,1
3108653,1
3109485,1
3109568,1
3109760,1
3110278,1
3112025,1
3112915,1
3113248,1
3113702,1
3114278,1
3115065,1
3116099,1
3116115,1
3116128,1
3116423,1
3116506,1
3117507,1
3118496,1
3119344,1
3119757,1
3120880,1
3120950,1
3121309,1
3121335,1
3122969,1
3123619,1
3123795,1
3124022,1
3124202,1
3124838,1
3124845,1
3124909,1
3125728,1
3126022,1
3126870,1
3126996,1
3127488,1
3128342,1
3129300,1
3129728,1
3129843,1
3130125,1
3130381,1
3130451,1
3131328,1
3131820,1
3131863,1
3132823,1
3133910,1
3134228,1
3135072,1
3136796,1
3137050,1
3137123,1
3140980,1
3141056,1
3142361,1
3142503,1
3145427,1
3146880,1
3151258,1
3151853,1
3152390,1
3154919,1
3155897,1
3157593,1
3159952,1
3161494,1
3168506,1
3180716,1
3189577,1
3205466,1
3214682,1
3215699,1
3215815,1
3221440,1
3228774,1
3241127,1
3245645,1
3266624,1
3281965,1
3285040,1
3321120,1
3333145,1
3354064,1
3371712,1
3372154,1
3387309,1
3397488,1
3399661,1
3402662,1
3408445,1
3409590,1
3413472,1
3416269,1
3416515,1
3422310,1
3428543,1
3432217,1
3437318,1
3438191,1
3443619,1
3444928,1
3451356,1
3452102,1
3453946,1
3454054,1
3456320,1
3458611,1
3460634,1
3461395,1
3464915,1
3465779,1
3465897,1
3466592,1
3467626,1
3469264,1
3470538,1
3473020,2
3473386,1
3473475,1
3473708,1
3473856,1
3474371,1
3474400,1
3474764,1
3474860,1
3474976,1
3475283,1
3477030,1
3477337,1
3477914,1
3478336,1
3478960,1
3479001,1
3480346,1
3481178,1
3482092,1
3483232,1
3483603,1
3483834,1
3484230,1
3484710,1
3487319,1
3489274,1
3490291,1
3491033,1
3491772,1
3492140,1
3492585,1
3492736,1
3493315,1
3493625,1
3495891,1
3496172,1
3497987,1
3498630,1
3498957,1
3501040,1
3501850,1
3506323,1
3506809,1
3507501,1
3522355,1
3526147,1
3528691,1
3552950,1
3563638,1
3564339,1
3605261,1
3806112,1
3833571,1
3885529,1
3968911,1
