# Samples: 68482, Average: 19242.7 ns, StdDev: 8622.2 ns, Quartiles: 17888.0/18870.0/19981.0 ns
8253,1
8301,1
8364,1
14720,1
14829,1
14915,1
14919,1
14937,1
14963,1
15008,1
15024,1
15056,1
15072,1
15078,1
15084,1
15123,1
15136,1
15168,1
15181,1
15184,1
15194,1
15210,1
15213,1
15220,1
15225,1
15226,1
15232,1
15242,1
15245,1
15251,1
15257,1
15261,1
15267,1
15270,1
15276,1
15280,1
15296,1
15299,1
15300,1
15302,1
15303,1
15309,1
15318,1
15319,1
15321,1
15324,1
15335,1
15360,1
15370,1
15373,1
15376,1
15382,2
15386,1
15389,1
15392,4
15398,1
15405,1
15411,2
15418,1
15421,1
15424,1
15428,1
15430,1
15436,1
15437,1
15443,1
15462,2
15469,1
15475,1
15478,3
15481,1
15482,1
15485,1
15488,2
15492,1
15497,3
15507,1
15508,1
15513,2
15514,1
15517,1
15520,1
15523,1
15526,1
15530,1
15533,2
15536,3
15539,1
15545,1
15552,2
15559,3
15561,1
15562,1
15564,1
15565,2
15571,2
15575,1
15577,2
15578,1
15581,1
15584,1
15591,3
15600,1
15603,1
15607,1
15616,2
15620,1
15622,1
15623,1
15632,1
15635,5
15638,1
15639,1
15641,2
15642,2
15644,1
15645,1
15648,1
15651,2
15654,1
15658,1
15661,1
15664,1
15668,1
15671,1
15673,1
15674,2
15680,2
15686,2
15690,1
15699,5
15700,1
15703,1
15706,4
15712,3
15718,4
15725,4
15728,3
15731,2
15738,3
15744,3
15748,1
15750,2
15751,3
15753,1
15754,1
15757,1
15763,5
15764,1
15770,2
15776,1
15779,1
15782,1
15783,1
15785,1
15786,1
15788,1
15789,3
15795,2
15796,1
15798,1
15801,1
15802,1
15805,1
15808,3
15811,1
15814,2
15815,1
15817,3
15820,1
15821,2
15824,2
15827,3
15828,1
15834,3
15836,1
15840,2
15846,2
15847,3
15853,2
15859,2
15863,1
15865,2
15866,1
15869,3
15872,4
15875,2
15878,1
15879,2
15881,1
15884,1
15885,5
15888,1
15891,3
15892,1
15894,1
15895,1
15898,4
15900,1
15901,1
15904,3
15907,1
15910,3
15911,2
15913,1
15914,1
15917,3
15920,2
15923,2
15924,1
15927,1
15929,1
15930,4
15933,3
15936,4
15940,1
15942,2
15943,3
15946,1
15949,3
15952,2
15955,5
15959,2
15962,3
15964,1
15965,1
15968,6
15974,1
15975,2
15978,1
15980,3
15981,2
15984,3
15987,3
15988,1
15990,1
15991,1
15993,1
15994,4
15996,1
15997,4
16000,3
16003,2
16006,5
16012,1
16013,4
16016,2
16019,3
16020,1
16022,3
16023,1
16025,1
16026,4
16028,1
16029,3
16032,4
16035,1
16038,2
16039,1
16041,1
16042,4
16044,2
16045,1
16048,3
16051,4
16054,1
16055,2
16061,1
16064,2
16068,1
16070,2
16071,2
16073,2
16074,2
16077,6
16080,6
16083,1
16084,1
16089,1
16090,3
16092,1
16093,1
16096,6
16099,1
16100,1
16102,4
16103,1
16105,1
16109,1
16112,4
16115,3
16116,2
16118,3
16119,1
16121,1
16122,3
16125,3
16128,4
16131,4
16132,2
16134,1
16135,1
16140,3
16141,3
16144,1
16147,4
16150,1
16151,1
16153,1
16154,1
16156,1
16157,1
16160,7
16163,4
16166,1
16169,1
16170,2
16172,1
16173,5
16176,5
16179,4
16182,2
16183,2
16185,1
16186,3
16188,1
16189,2
16192,6
16198,2
16199,2
16202,1
16204,1
16205,6
16208,5
16211,4
16212,3
16214,1
16215,1
16217,3
16218,6
16221,1
16224,8
16227,2
16228,1
16230,1
16231,2
16234,2
16236,1
16237,5
16240,8
16243,6
16246,4
16247,3
16249,2
16250,2
16252,1
16256,4
16259,3
16260,1
16262,5
16263,2
16266,1
16269,5
16272,3
16275,5
16276,2
16278,1
16279,3
16281,2
16282,5
16284,1
16285,5
16288,9
16291,3
16294,4
16295,4
16297,4
16298,3
16300,1
16301,11
16304,2
16307,7
16310,3
16311,1
16313,5
16314,4
16317,3
16320,6
16323,2
16324,2
16326,5
16327,6
16329,1
16330,3
16333,8
16336,10
16339,8
16340,4
16342,1
16343,1
16345,4
16346,4
16349,3
16352,11
16355,5
16358,5
16359,6
16362,4
16364,2
16365,9
16368,3
16371,8
16372,1
16374,3
16377,2
16378,2
16381,1
16384,10
16388,2
16390,6
16391,3
16393,1
16394,2
16396,1
16397,8
16400,3
16403,5
16406,3
16407,2
16410,3
16413,1
16416,4
16419,3
16422,5
16423,8
16425,1
16426,5
16428,1
16429,5
16432,5
16435,3
16436,5
16438,8
16439,2
16441,4
16442,9
16445,3
16448,11
16451,3
16454,7
16455,3
16457,2
16458,4
16460,2
16461,8
16464,5
16467,7
16468,2
16470,6
16471,3
16473,7
16474,8
16477,4
16480,10
16483,2
16484,2
16486,7
16487,5
16490,4
16492,2
16493,8
16496,11
16499,5
16500,3
16502,1
16503,4
16505,9
16506,4
16508,1
16509,11
16512,9
16515,5
16516,4
16518,10
16519,3
16521,6
16522,3
16524,1
16525,13
16528,6
16531,15
16532,5
16534,2
16535,1
16537,9
16538,4
16540,1
16541,4
16544,10
16547,3
16548,1
16550,10
16551,10
16553,2
16554,4
16556,1
16557,9
16560,7
16563,14
16564,2
16566,2
16567,3
16569,5
16570,7
16572,3
16573,6
16576,12
16579,5
16582,5
16583,3
16585,1
16586,3
16588,1
16589,8
16592,10
16595,14
16596,4
16598,4
16599,6
16601,3
16602,8
16605,8
16608,15
16611,4
16612,3
16614,8
16615,5
16617,5
16618,2
16620,1
16621,11
16624,6
16627,19
16628,1
16630,5
16631,7
16633,11
16634,10
16636,5
16637,4
16640,11
16643,6
16644,2
16646,9
16647,5
16649,3
16650,4
16652,2
16653,9
16656,7
16659,12
16660,2
16662,4
16663,4
16665,7
16666,16
16668,4
16669,6
16672,22
16675,3
16676,1
16678,9
16679,6
16681,4
16682,6
16684,10
16685,18
16688,6
16691,13
16692,8
16694,7
16695,6
16697,4
16698,13
16700,2
16701,11
16704,13
16707,6
16710,11
16711,15
16713,4
16714,4
16716,5
16717,10
16720,17
16723,18
16724,4
16726,3
16727,4
16729,12
16730,14
16732,1
16733,12
16736,26
16739,9
16740,4
16742,11
16743,15
16745,4
16746,7
16748,7
16749,20
16752,16
16755,27
16756,5
16758,9
16759,1
16761,8
16762,13
16764,2
16765,9
16768,15
16771,6
16772,1
16774,7
16775,8
16777,3
16778,3
16780,2
16781,18
16784,13
16787,18
16788,5
16790,8
16791,5
16793,9
16794,14
16796,4
16797,13
16800,17
16803,19
16804,1
16806,16
16807,11
16809,4
16810,4
16812,7
16813,19
16816,15
16819,19
16820,4
16822,3
16823,5
16825,15
16826,11
16828,4
16829,8
16832,19
16835,6
16836,2
16838,17
16839,11
16841,5
16842,6
16844,6
16845,18
16848,13
16851,16
16852,10
16854,5
16855,8
16857,12
16858,13
16860,2
16861,4
16864,25
16867,17
16868,3
16870,20
16871,9
16873,4
16874,6
16876,5
16877,26
16880,19
16883,24
16884,4
16886,8
16887,4
16889,8
16890,23
16892,2
16893,14
16896,27
16899,12
16900,4
16902,17
16903,9
16905,5
16906,12
16908,7
16909,19
16912,13
16915,20
16916,6
16918,4
16919,6
16921,13
16922,22
16924,2
16925,8
16928,38
16931,12
16932,4
16934,22
16935,8
16937,6
16938,9
16940,8
16941,31
16944,18
16947,19
16948,11
16950,9
16951,9
16953,13
16954,20
16956,5
16957,12
16960,36
16963,15
16964,4
16966,14
16967,19
16969,7
16970,7
16972,4
16973,24
16976,21
16979,33
16980,7
16982,8
16983,7
16985,8
16986,20
16988,1
16989,21
16992,37
16995,14
16996,3
16998,24
16999,15
17001,7
17002,11
17004,5
17005,25
17008,23
17011,23
17012,7
17014,16
17015,10
17017,18
17018,21
17020,5
17021,20
17024,39
17027,18
17028,5
17030,21
17031,16
17033,6
17034,10
17036,5
17037,36
17040,15
17043,26
17044,8
17046,12
17047,11
17049,15
17050,24
17052,1
17053,19
17056,48
17059,13
17062,24
17063,9
17065,11
17066,12
17068,10
17069,31
17072,15
17075,27
17076,12
17078,10
17079,4
17081,16
17082,22
17084,5
17085,16
17088,38
17091,18
17092,4
17094,30
17095,10
17097,6
17098,15
17100,8
17101,29
17104,17
17107,39
17108,9
17110,13
17111,5
17113,12
17114,18
17116,5
17117,16
17120,42
17123,14
17124,7
17126,22
17127,15
17129,14
17130,12
17132,16
17133,49
17136,21
17139,29
17140,9
17142,17
17143,9
17145,13
17146,28
17148,4
17149,17
17152,35
17155,18
17156,4
17158,27
17159,16
17161,7
17162,13
17164,7
17165,45
17168,24
17171,33
17172,15
17174,14
17175,8
17177,24
17178,27
17180,2
17181,18
17184,51
17187,32
17188,6
17190,30
17191,30
17193,8
17194,16
17196,11
17197,53
17200,19
17203,39
17204,11
17206,13
17207,11
17209,25
17210,34
17212,7
17213,23
17216,59
17219,28
17220,5
17222,25
17223,21
17225,13
17226,18
17228,10
17229,51
17232,22
17235,39
17236,10
17238,10
17239,11
17241,24
17242,32
17244,6
17245,19
17248,47
17251,19
17252,4
17254,38
17255,26
17257,11
17258,23
17260,16
17261,48
17264,26
17267,37
17268,11
17270,15
17271,15
17273,15
17274,29
17276,5
17277,33
17280,56
17283,22
17284,10
17286,42
17287,21
17289,12
17290,22
17292,11
17293,54
17296,37
17299,44
17300,18
17302,25
17303,17
17305,29
17306,38
17308,2
17309,30
17312,56
17315,28
17316,10
17318,40
17319,33
17321,17
17322,26
17324,13
17325,59
17328,34
17331,42
17332,11
17334,24
17335,15
17337,26
17338,34
17340,8
17341,24
17344,51
17347,27
17348,8
17350,42
17351,29
17353,13
17354,11
17356,13
17357,64
17360,27
17363,58
17364,13
17366,18
17367,6
17369,26
17370,44
17372,8
17373,36
17376,62
17379,23
17380,15
17382,44
17383,32
17385,12
17386,17
17388,13
17389,54
17392,37
17395,42
17396,13
17398,25
17399,14
17401,23
17402,38
17404,6
17405,31
17408,77
17411,30
17412,7
17414,39
17415,33
17417,10
17418,27
17420,16
17421,61
17424,29
17427,64
17428,14
17430,26
17431,11
17433,24
17434,55
17436,9
17437,37
17440,79
17443,29
17444,7
17446,41
17447,35
17449,15
17450,21
17452,6
17453,62
17456,38
17459,58
17460,13
17462,19
17463,20
17465,26
17466,45
17468,10
17469,28
17472,70
17475,41
17476,8
17478,61
17479,24
17481,14
17482,28
17484,19
17485,70
17488,35
17491,47
17492,14
17494,21
17495,19
17497,27
17498,55
17500,3
17501,25
17504,65
17507,26
17508,6
17510,50
17511,27
17513,10
17514,17
17516,19
17517,52
17520,34
17523,55
17524,17
17526,28
17527,17
17529,28
17530,50
17532,9
17533,24
17536,91
17539,27
17540,7
17542,48
17543,36
17545,14
17546,24
17548,11
17549,66
17552,51
17555,73
17556,15
17558,18
17559,21
17561,35
17562,49
17564,5
17565,31
17568,76
17571,28
17572,10
17574,31
17575,29
17577,16
17578,23
17580,10
17581,51
17584,35
17587,80
17588,14
17590,17
17591,9
17593,34
17594,35
17596,8
17597,27
17600,80
17603,26
17604,6
17606,42
17607,37
17609,13
17610,26
17612,15
17613,65
17616,28
17619,62
17620,20
17622,15
17623,12
17625,29
17626,30
17628,7
17629,29
17632,66
17635,31
17636,7
17638,43
17639,28
17641,13
17642,13
17644,16
17645,62
17648,36
17651,51
17652,19
17654,30
17655,16
17657,35
17658,48
17660,6
17661,33
17664,69
17667,24
17668,6
17670,40
17671,25
17673,15
17674,19
17676,11
17677,52
17680,33
17683,85
17684,14
17686,25
17687,20
17689,26
17690,53
17692,11
17693,25
17696,80
17699,32
17700,8
17702,57
17703,38
17705,13
17706,25
17708,13
17709,59
17712,48
17715,73
17716,11
17718,21
17719,13
17721,28
17722,34
17724,8
17725,30
17728,78
17731,23
17732,6
17734,44
17735,20
17737,6
17738,21
17740,13
17741,63
17744,35
17747,55
17748,18
17750,25
17751,9
17753,27
17754,48
17756,4
17757,30
17760,68
17763,29
17764,9
17766,49
17767,26
17769,11
17770,23
17772,13
17773,56
17776,36
17779,61
17780,19
17782,17
17783,17
17785,28
17786,41
17788,6
17789,31
17792,73
17795,35
17796,13
17798,55
17799,28
17801,13
17802,24
17804,16
17805,47
17808,40
17811,90
17812,18
17814,22
17815,11
17817,27
17818,38
17820,10
17821,35
17824,71
17827,27
17828,10
17830,45
17831,34
17833,10
17834,22
17836,14
17837,60
17840,43
17843,53
17844,10
17846,20
17847,6
17849,32
17850,41
17852,3
17853,27
17856,69
17859,22
17860,5
17862,43
17863,25
17865,16
17866,25
17868,20
17869,41
17872,34
17875,50
17876,17
17878,25
17879,14
17881,27
17882,42
17884,6
17885,25
17888,81
17891,17
17892,9
17894,35
17895,33
17897,12
17898,19
17900,12
17901,74
17904,30
17907,53
17908,22
17910,21
17911,7
17913,25
17914,41
17916,9
17917,20
17920,69
17923,46
17924,6
17926,42
17927,28
17929,18
17930,28
17932,11
17933,73
17936,25
17939,54
17940,15
17942,21
17943,19
17945,23
17946,43
17948,6
17949,28
17952,71
17955,29
17956,9
17958,59
17959,34
17961,11
17962,19
17964,17
17965,55
17968,48
17971,55
17972,11
17974,19
17975,15
17977,26
17978,46
17980,4
17981,38
17984,80
17987,34
17988,9
17990,41
17991,19
17993,18
17994,35
17996,13
17997,60
18000,41
18003,69
18004,19
18006,25
18007,11
18009,34
18010,56
18012,4
18013,26
18016,85
18019,29
18020,7
18022,48
18023,34
18025,9
18026,22
18028,17
18029,48
18032,36
18035,44
18036,17
18038,21
18039,12
18041,31
18042,44
18044,8
18045,24
18048,78
18051,31
18052,7
18054,48
18055,38
18057,12
18058,23
18060,8
18061,59
18064,48
18067,57
18068,25
18070,18
18071,13
18073,38
18074,32
18076,10
18077,18
18080,87
18083,33
18084,8
18086,50
18087,26
18089,12
18090,22
18092,15
18093,64
18096,48
18099,62
18100,14
18102,26
18103,13
18105,29
18106,30
18108,5
18109,38
18112,83
18115,33
18116,6
18118,40
18119,29
18121,17
18122,17
18124,14
18125,51
18128,39
18131,57
18132,20
18134,20
18135,9
18137,42
18138,50
18140,6
18141,21
18144,69
18147,25
18148,5
18150,43
18151,17
18153,13
18154,27
18156,29
18157,53
18160,35
18163,57
18164,9
18166,25
18167,19
18169,28
18170,35
18172,11
18173,26
18176,68
18179,17
18180,10
18182,56
18183,34
18185,10
18186,22
18188,21
18189,57
18192,22
18195,63
18196,17
18198,22
18199,12
18201,25
18202,39
18204,3
18205,23
18208,67
18211,22
18212,8
18214,45
18215,23
18217,11
18218,29
18220,19
18221,57
18224,39
18227,65
18228,12
18230,24
18231,9
18233,35
18234,43
18236,15
18237,27
18240,73
18243,27
18244,9
18246,43
18247,26
18249,11
18250,18
18252,15
18253,67
18256,23
18259,42
18260,21
18262,26
18263,16
18265,33
18266,57
18268,6
18269,26
18272,79
18275,27
18276,5
18278,45
18279,27
18281,15
18282,27
18284,13
18285,59
18288,40
18291,67
18292,13
18294,19
18295,11
18297,23
18298,46
18300,7
18301,36
18304,66
18307,17
18308,10
18310,39
18311,29
18313,12
18314,25
18316,18
18317,65
18320,31
18323,47
18324,14
18326,15
18327,15
18329,38
18330,42
18332,9
18333,45
18336,94
18339,26
18340,8
18342,34
18343,38
18345,19
18346,17
18348,12
18349,45
18352,27
18355,63
18356,13
18358,20
18359,10
18361,29
18362,57
18364,6
18365,27
18368,68
18371,25
18372,6
18374,44
18375,28
18377,14
18378,28
18380,11
18381,58
18384,41
18387,44
18388,14
18390,24
18391,14
18393,37
18394,35
18396,2
18397,30
18400,65
18403,24
18404,6
18406,28
18407,21
18409,13
18410,21
18412,15
18413,56
18416,28
18419,63
18420,18
18422,10
18423,13
18425,29
18426,39
18428,6
18429,24
18432,59
18435,35
18436,3
18438,36
18439,25
18441,12
18442,23
18444,10
18445,48
18448,27
18451,50
18452,14
18454,24
18455,17
18457,38
18458,38
18460,8
18461,30
18464,76
18467,21
18468,7
18470,37
18471,24
18473,11
18474,33
18476,21
18477,53
18480,36
18483,62
18484,11
18486,22
18487,16
18489,24
18490,43
18492,5
18493,30
18496,64
18499,34
18500,4
18502,41
18503,45
18505,17
18506,28
18508,16
18509,62
18512,37
18515,62
18516,21
18518,24
18519,12
18521,36
18522,29
18524,8
18525,41
18528,76
18531,28
18532,6
18534,41
18535,36
18537,12
18538,25
18540,11
18541,64
18544,40
18547,63
18548,13
18550,20
18551,15
18553,32
18554,48
18556,8
18557,32
18560,81
18563,36
18564,9
18566,50
18567,28
18569,15
18570,35
18572,14
18573,71
18576,44
18579,70
18580,18
18582,21
18583,16
18585,29
18586,48
18588,4
18589,24
18592,81
18595,28
18596,9
18598,39
18599,24
18601,19
18602,30
18604,9
18605,69
18608,38
18611,48
18612,18
18614,20
18615,15
18617,28
18618,46
18620,9
18621,28
18624,71
18627,30
18628,13
18630,55
18631,33
18633,12
18634,28
18636,15
18637,55
18640,36
18643,62
18644,17
18646,19
18647,13
18649,26
18650,47
18652,7
18653,35
18656,75
18659,39
18660,2
18662,39
18663,26
18665,27
18666,36
18668,9
18669,61
18672,42
18675,59
18676,12
18678,30
18679,23
18681,31
18682,62
18684,10
18685,35
18688,73
18691,42
18692,10
18694,41
18695,32
18697,14
18698,25
18700,16
18701,70
18704,41
18707,62
18708,12
18710,25
18711,15
18713,31
18714,49
18716,5
18717,27
18720,67
18723,33
18724,8
18726,53
18727,38
18729,17
18730,27
18732,15
18733,55
18736,43
18739,75
18740,12
18742,30
18743,11
18745,38
18746,53
18748,2
18749,35
18752,73
18755,30
18756,2
18758,43
18759,26
18761,19
18762,24
18764,9
18765,53
18768,45
18771,59
18772,20
18774,27
18775,17
18777,28
18778,56
18780,10
18781,29
18784,81
18787,34
18788,5
18790,66
18791,33
18793,30
18794,30
18796,13
18797,61
18800,39
18803,59
18804,16
18806,16
18807,16
18809,25
18810,44
18812,8
18813,28
18816,87
18819,35
18820,13
18822,47
18823,26
18825,10
18826,22
18828,14
18829,57
18832,30
18835,62
18836,16
18838,31
18839,18
18841,40
18842,51
18844,10
18845,32
18848,87
18851,35
18852,9
18854,48
18855,30
18857,10
18858,23
18860,13
18861,61
18864,44
18867,41
18868,12
18870,30
18871,14
18873,33
18874,52
18876,7
18877,39
18880,68
18883,30
18884,7
18886,43
18887,28
18889,10
18890,32
18892,9
18893,61
18896,43
18899,76
18900,11
18902,21
18903,13
18905,23
18906,36
18908,7
18909,27
18912,68
18915,29
18916,4
18918,47
18919,32
18921,12
18922,19
18924,12
18925,43
18928,31
18931,72
18932,15
18934,21
18935,14
18937,43
18938,42
18940,11
18941,28
18944,70
18947,21
18948,5
18950,48
18951,23
18953,10
18954,15
18956,11
18957,57
18960,32
18963,60
18964,21
18966,25
18967,15
18969,26
18970,34
18972,6
18973,31
18976,60
18979,24
18980,14
18982,37
18983,31
18985,18
18986,27
18988,13
18989,52
18992,39
18995,45
18996,13
18998,21
18999,13
19001,22
19002,36
19004,3
19005,34
19008,64
19011,26
19012,6
19014,38
19015,18
19017,9
19018,26
19020,10
19021,53
19024,34
19027,56
19028,14
19030,23
19031,17
19033,25
19034,28
19036,8
19037,25
19040,66
19043,32
19044,3
19046,36
19047,25
19049,12
19050,16
19052,17
19053,54
19056,33
19059,68
19060,16
19062,16
19063,15
19065,23
19066,42
19068,3
19069,19
19072,53
19075,20
19076,5
19078,45
19079,24
19081,12
19082,19
19084,17
19085,43
19088,28
19091,48
19092,13
19094,15
19095,18
19097,25
19098,39
19100,10
19101,30
19104,64
19107,31
19108,6
19110,47
19111,31
19113,19
19114,22
19116,24
19117,64
19120,37
19123,45
19124,12
19126,19
19127,10
19129,28
19130,42
19132,5
19133,28
19136,60
19139,29
19140,5
19142,44
19143,27
19145,9
19146,15
19148,9
19149,60
19152,53
19155,62
19156,9
19158,21
19159,7
19161,33
19162,30
19164,14
19165,29
19168,51
19171,19
19172,10
19174,50
19175,38
19177,16
19178,20
19180,11
19181,45
19184,38
19187,49
19188,8
19190,15
19191,13
19193,23
19194,39
19196,10
19197,20
19200,55
19203,33
19204,6
19206,33
19207,26
19209,8
19210,20
19212,19
19213,69
19216,32
19219,56
19220,16
19222,20
19223,6
19225,21
19226,33
19228,6
19229,26
19232,58
19235,29
19236,8
19238,43
19239,24
19241,10
19242,16
19244,13
19245,43
19248,34
19251,47
19252,9
19254,19
19255,14
19257,25
19258,29
19260,12
19261,32
19264,62
19267,17
19268,2
19270,35
19271,38
19273,17
19274,23
19276,12
19277,45
19280,24
19283,55
19284,14
19286,15
19287,15
19289,34
19290,36
19292,5
19293,32
19296,61
19299,33
19300,8
19302,34
19303,32
19305,12
19306,28
19308,8
19309,47
19312,29
19315,56
19316,14
19318,28
19319,4
19321,24
19322,40
19324,7
19325,28
19328,66
19331,21
19332,7
19334,37
19335,27
19337,6
19338,25
19340,18
19341,50
19344,47
19347,51
19348,13
19350,17
19351,22
19353,29
19354,36
19356,4
19357,29
19360,73
19363,26
19364,5
19366,43
19367,29
19369,14
19370,27
19372,16
19373,61
19376,47
19379,60
19380,18
19382,27
19383,17
19385,28
19386,35
19388,8
19389,28
19392,80
19395,29
19396,9
19398,41
19399,22
19401,13
19402,21
19404,14
19405,52
19408,34
19411,53
19412,18
19414,30
19415,11
19417,29
19418,50
19420,10
19421,35
19424,79
19427,26
19428,11
19430,44
19431,21
19433,14
19434,20
19436,15
19437,57
19440,25
19443,66
19444,14
19446,21
19447,11
19449,20
19450,31
19452,3
19453,32
19456,72
19459,32
19460,8
19462,44
19463,21
19465,19
19466,20
19468,12
19469,50
19472,41
19475,61
19476,11
19478,17
19479,18
19481,22
19482,39
19484,9
19485,27
19488,65
19491,26
19492,5
19494,54
19495,25
19497,9
19498,11
19500,10
19501,51
19504,29
19507,53
19508,12
19510,20
19511,5
19513,31
19514,44
19516,5
19517,17
19520,65
19523,34
19524,5
19526,34
19527,24
19529,18
19530,24
19532,6
19533,56
19536,32
19539,41
19540,13
19542,15
19543,9
19545,32
19546,40
19548,5
19549,27
19552,62
19555,23
19556,11
19558,39
19559,24
19561,13
19562,18
19564,7
19565,49
19568,22
19571,54
19572,12
19574,24
19575,9
19577,29
19578,53
19580,5
19581,29
19584,72
19587,23
19588,5
19590,41
19591,23
19593,7
19594,14
19596,16
19597,49
19600,29
19603,60
19604,12
19606,27
19607,12
19609,29
19610,39
19612,9
19613,28
19616,58
19619,29
19620,9
19622,43
19623,24
19625,16
19626,20
19628,14
19629,56
19632,36
19635,48
19636,17
19638,19
19639,18
19641,18
19642,42
19644,11
19645,26
19648,64
19651,26
19652,6
19654,32
19655,27
19657,10
19658,16
19660,17
19661,53
19664,32
19667,51
19668,10
19670,22
19671,14
19673,29
19674,28
19676,4
19677,29
19680,68
19683,30
19684,8
19686,36
19687,20
19689,17
19690,14
19692,8
19693,46
19696,25
19699,57
19700,10
19702,17
19703,11
19705,22
19706,31
19708,7
19709,25
19712,75
19715,30
19716,4
19718,49
19719,25
19721,12
19722,14
19724,13
19725,45
19728,41
19731,46
19732,16
19734,27
19735,16
19737,21
19738,30
19740,11
19741,24
19744,59
19747,25
19748,11
19750,32
19751,17
19753,11
19754,20
19756,19
19757,54
19760,32
19763,39
19764,10
19766,15
19767,8
19769,17
19770,29
19772,9
19773,19
19776,54
19779,25
19780,4
19782,40
19783,20
19785,13
19786,19
19788,22
19789,40
19792,42
19795,45
19796,5
19798,15
19799,11
19801,24
19802,39
19804,5
19805,29
19808,74
19811,15
19812,3
19814,39
19815,26
19817,14
19818,17
19820,16
19821,46
19824,30
19827,62
19828,10
19830,19
19831,12
19833,23
19834,38
19836,9
19837,25
19840,65
19843,23
19844,6
19846,30
19847,28
19849,8
19850,16
19852,17
19853,46
19856,38
19859,45
19860,15
19862,16
19863,5
19865,21
19866,33
19868,8
19869,29
19872,57
19875,33
19876,4
19878,29
19879,27
19881,12
19882,21
19884,10
19885,55
19888,35
19891,57
19892,10
19894,13
19895,9
19897,28
19898,29
19900,3
19901,21
19904,69
19907,25
19908,5
19910,38
19911,24
19913,9
19914,16
19916,19
19917,51
19920,37
19923,53
19924,16
19926,14
19927,18
19929,13
19930,42
19932,2
19933,22
19936,77
19939,33
19940,3
19942,28
19943,22
19945,10
19946,20
19948,11
19949,58
19952,36
19955,60
19956,12
19958,21
19959,13
19961,27
19962,37
19964,5
19965,21
19968,59
19971,22
19972,8
19974,46
19975,22
19977,15
19978,28
19980,9
19981,45
19984,42
19987,53
19988,17
19990,18
19991,22
19993,23
19994,44
19996,4
19997,14
20000,62
20003,25
20004,3
20006,43
20007,20
20009,8
20010,20
20012,12
20013,55
20016,35
20019,50
20020,9
20022,19
20023,13
20025,22
20026,38
20028,9
20029,30
20032,69
20035,25
20036,4
20038,41
20039,23
20041,24
20042,19
20044,15
20045,41
20048,43
20051,51
20052,19
20054,25
20055,15
20057,20
20058,47
20060,2
20061,24
20064,57
20067,29
20068,8
20070,49
20071,28
20073,12
20074,19
20076,9
20077,46
20080,37
20083,61
20084,11
20086,17
20087,16
20089,20
20090,38
20092,5
20093,26
20096,50
20099,28
20100,7
20102,37
20103,30
20105,10
20106,14
20108,11
20109,46
20112,26
20115,59
20116,14
20118,20
20119,6
20121,22
20122,37
20124,5
20125,21
20128,68
20131,37
20132,8
20134,26
20135,23
20137,12
20138,18
20140,12
20141,43
20144,28
20147,51
20148,14
20150,20
20151,14
20153,27
20154,45
20156,3
20157,28
20160,72
20163,26
20164,5
20166,37
20167,30
20169,10
20170,14
20172,9
20173,55
20176,33
20179,45
20180,18
20182,20
20183,9
20185,22
20186,30
20188,3
20189,19
20192,50
20195,21
20196,4
20198,27
20199,21
20201,7
20202,13
20204,12
20205,54
20208,22
20211,57
20212,16
20214,18
20215,5
20217,20
20218,39
20220,6
20221,18
20224,55
20227,19
20228,4
20230,42
20231,23
20233,6
20234,25
20236,10
20237,34
20240,25
20243,54
20244,9
20246,21
20247,10
20249,19
20250,27
20252,9
20253,24
20256,54
20259,24
20260,6
20262,37
20263,25
20265,11
20266,17
20268,8
20269,38
20272,32
20275,44
20276,15
20278,9
20279,12
20281,28
20282,24
20284,3
20285,16
20288,54
20291,18
20292,7
20294,26
20295,24
20297,14
20298,21
20300,8
20301,36
20304,26
20307,45
20308,12
20310,12
20311,12
20313,31
20314,37
20316,4
20317,26
20320,56
20323,17
20324,2
20326,35
20327,19
20329,7
20330,18
20332,12
20333,57
20336,32
20339,53
20340,16
20342,12
20343,8
20345,22
20346,30
20348,2
20349,24
20352,60
20355,31
20356,4
20358,33
20359,25
20361,16
20362,19
20364,7
20365,36
20368,31
20371,41
20372,8
20374,21
20375,4
20377,24
20378,24
20380,3
20381,16
20384,48
20387,19
20388,6
20390,22
20391,21
20393,9
20394,13
20396,9
20397,41
20400,18
20403,38
20404,11
20406,23
20407,14
20409,14
20410,23
20412,2
20413,21
20416,50
20419,18
20420,7
20422,35
20423,19
20425,9
20426,17
20428,7
20429,40
20432,21
20435,35
20436,9
20438,13
20439,9
20441,10
20442,25
20444,2
20445,18
20448,36
20451,14
20452,3
20454,28
20455,18
20457,7
20458,17
20460,9
20461,39
20464,17
20467,27
20468,8
20470,8
20471,3
20473,17
20474,32
20476,4
20477,13
20480,48
20483,22
20484,7
20486,30
20487,18
20489,7
20490,11
20492,4
20493,40
20496,24
20499,43
20500,8
20502,12
20503,10
20505,10
20506,29
20508,7
20509,20
20512,38
20515,15
20516,4
20518,24
20519,16
20521,9
20522,15
20524,8
20525,36
20528,18
20531,37
20532,5
20534,10
20535,3
20537,18
20538,25
20540,3
20541,22
20544,42
20547,25
20548,1
20550,18
20551,19
20553,2
20554,11
20556,9
20557,34
20560,12
20563,35
20564,14
20566,13
20567,10
20569,18
20570,30
20572,5
20573,15
20576,37
20579,17
20580,4
20582,25
20583,17
20585,9
20586,8
20588,9
20589,22
20592,23
20595,36
20596,4
20598,13
20599,4
20601,14
20602,17
20604,5
20605,19
20608,31
20611,17
20612,2
20614,28
20615,9
20617,6
20618,7
20620,11
20621,44
20624,10
20627,36
20628,11
20630,11
20631,2
20633,19
20634,24
20636,4
20637,11
20640,37
20643,17
20644,3
20646,18
20647,16
20649,3
20650,15
20652,7
20653,24
20656,18
20659,32
20660,6
20662,10
20663,8
20665,13
20666,18
20668,2
20669,11
20672,31
20675,22
20676,4
20678,16
20679,15
20681,5
20682,12
20684,9
20685,31
20688,15
20691,30
20692,10
20694,12
20695,8
20697,14
20698,24
20700,4
20701,15
20704,38
20707,15
20708,1
20710,22
20711,11
20713,4
20714,10
20716,9
20717,27
20720,14
20723,30
20724,11
20726,11
20727,4
20729,11
20730,15
20732,5
20733,12
20736,43
20739,15
20742,28
20743,13
20745,6
20746,6
20748,9
20749,33
20752,16
20755,25
20756,11
20758,7
20759,4
20761,15
20762,29
20764,5
20765,18
20768,34
20771,16
20772,3
20774,26
20775,12
20777,6
20778,7
20780,8
20781,24
20784,14
20787,25
20788,4
20790,5
20791,1
20793,10
20794,16
20796,1
20797,10
20800,31
20803,11
20804,2
20806,24
20807,12
20809,6
20810,8
20812,8
20813,28
20816,11
20819,19
20820,3
20822,11
20823,6
20825,14
20826,20
20828,4
20829,10
20832,20
20835,7
20836,2
20838,16
20839,12
20841,7
20842,10
20844,6
20845,23
20848,19
20851,27
20852,3
20854,11
20855,2
20857,9
20858,16
20860,3
20861,9
20864,23
20867,11
20868,3
20870,11
20871,9
20873,8
20874,3
20876,7
20877,18
20880,14
20883,19
20884,7
20886,12
20887,5
20889,4
20890,26
20892,1
20893,14
20896,20
20899,11
20900,1
20902,14
20903,10
20905,2
20906,9
20908,4
20909,17
20912,15
20915,29
20916,4
20918,3
20919,2
20921,13
20922,14
20924,6
20925,10
20928,33
20931,9
20932,2
20934,8
20935,6
20937,7
20938,10
20940,4
20941,21
20944,14
20947,30
20948,4
20950,10
20951,3
20953,5
20954,11
20956,4
20957,11
20960,25
20963,17
20964,2
20966,11
20967,7
20969,4
20970,7
20972,6
20973,15
20976,8
20979,28
20980,4
20982,12
20983,3
20985,10
20986,18
20989,11
20992,20
20995,15
20996,3
20998,16
20999,7
21001,3
21002,8
21004,3
21005,14
21008,11
21011,15
21012,4
21014,7
21015,7
21017,14
21018,11
21021,9
21024,21
21027,11
21028,5
21030,16
21031,7
21033,5
21034,10
21036,3
21037,11
21040,5
21043,22
21044,4
21046,3
21047,6
21049,19
21050,9
21052,4
21053,8
21056,25
21059,4
21060,2
21062,12
21063,7
21065,3
21066,9
21068,3
21069,17
21072,8
21075,18
21076,4
21078,5
21079,3
21081,6
21082,9
21084,4
21085,6
21088,22
21091,12
21092,3
21094,8
21095,4
21097,3
21098,7
21100,1
21101,18
21104,10
21107,13
21108,4
21110,9
21111,1
21113,9
21114,13
21116,4
21117,8
21120,21
21123,6
21124,2
21126,7
21127,6
21129,5
21130,2
21132,2
21133,12
21136,12
21139,17
21140,4
21142,3
21143,3
21145,7
21146,9
21149,5
21152,21
21155,6
21156,2
21158,11
21159,8
21161,4
21162,4
21164,4
21165,8
21168,6
21171,11
21174,7
21175,5
21177,4
21178,8
21180,4
21181,7
21184,15
21187,4
21190,10
21191,7
21194,3
21196,2
21197,14
21200,8
21203,11
21204,2
21206,2
21207,7
21209,5
21210,9
21212,2
21213,5
21216,14
21219,8
21220,1
21222,11
21223,10
21225,2
21226,10
21228,4
21229,13
21232,6
21235,11
21236,2
21238,4
21239,2
21241,7
21242,6
21244,3
21245,6
21248,16
21251,10
21252,4
21254,8
21255,6
21257,3
21258,7
21260,6
21261,6
21264,2
21267,8
21268,3
21270,2
21271,2
21273,3
21274,7
21276,2
21277,4
21280,13
21283,3
21284,1
21286,6
21287,3
21289,1
21290,2
21292,4
21293,9
21296,6
21299,9
21300,1
21302,1
21305,5
21306,15
21308,1
21309,5
21312,9
21315,6
21316,1
21318,6
21319,3
21321,1
21322,7
21324,5
21325,12
21328,9
21331,9
21332,2
21334,4
21335,3
21337,4
21338,6
21341,1
21344,10
21347,3
21348,2
21350,6
21351,7
21353,1
21354,6
21356,3
21357,7
21360,5
21363,9
21364,6
21367,1
21369,6
21370,3
21372,1
21373,3
21376,8
21379,3
21382,8
21383,6
21385,1
21386,2
21389,6
21392,5
21395,19
21396,2
21398,2
21401,1
21402,5
21405,6
21408,8
21411,4
21412,3
21414,5
21415,3
21417,2
21418,4
21420,2
21421,11
21424,6
21427,5
21428,3
21430,4
21431,3
21433,5
21434,3
21436,1
21437,4
21440,5
21443,4
21444,1
21446,5
21447,6
21449,2
21450,4
21452,2
21453,4
21456,3
21459,9
21460,2
21462,2
21463,3
21465,4
21466,5
21468,1
21469,3
21472,9
21475,5
21478,4
21479,9
21481,2
21482,5
21485,6
21488,10
21491,10
21492,2
21494,6
21495,2
21497,3
21498,4
21500,3
21501,1
21504,5
21507,1
21508,1
21510,6
21511,6
21513,1
21514,1
21516,2
21517,10
21520,5
21523,7
21524,1
21526,4
21527,2
21529,5
21530,7
21532,1
21533,5
21536,13
21539,3
21540,1
21542,5
21543,2
21545,4
21546,2
21549,13
21552,4
21555,9
21556,3
21558,4
21559,4
21561,3
21562,3
21564,2
21565,2
21568,6
21571,7
21574,4
21575,1
21578,1
21580,3
21581,5
21584,5
21587,6
21591,3
21593,3
21594,3
21596,1
21597,4
21600,10
21603,2
21604,1
21606,5
21607,3
21609,1
21610,3
21612,4
21613,5
21616,1
21619,2
21622,1
21623,2
21625,3
21626,6
21629,1
21632,3
21635,6
21638,6
21639,3
21641,4
21642,2
21645,7
21648,7
21651,6
21652,1
21654,3
21655,1
21657,4
21658,4
21661,1
21664,7
21667,1
21668,1
21670,7
21671,4
21674,2
21676,1
21677,8
21680,7
21683,6
21684,4
21686,1
21687,2
21689,4
21690,6
21692,1
21693,2
21696,8
21699,5
21700,2
21702,1
21703,5
21705,4
21706,3
21708,1
21709,9
21712,3
21715,5
21716,2
21718,1
21719,2
21721,3
21722,8
21725,2
21728,6
21731,2
21732,1
21734,5
21735,1
21737,2
21738,1
21740,1
21741,2
21744,4
21747,4
21748,1
21750,4
21751,1
21753,2
21754,6
21756,1
21757,1
21760,10
21763,4
21766,4
21767,3
21770,3
21772,2
21773,4
21776,6
21779,7
21780,2
21782,4
21783,1
21785,6
21786,5
21788,1
21789,1
21792,7
21795,1
21798,4
21799,2
21801,1
21802,1
21804,1
21805,11
21808,8
21811,5
21812,3
21814,3
21817,2
21818,2
21821,4
21824,16
21827,4
21830,6
21831,3
21833,2
21834,5
21837,5
21840,3
21843,5
21844,2
21846,4
21847,1
21849,4
21850,5
21853,1
21856,10
21859,3
21860,1
21862,7
21863,1
21865,3
21866,2
21868,2
21869,8
21872,3
21875,9
21876,2
21878,4
21879,1
21881,5
21882,1
21885,2
21888,6
21891,4
21892,2
21894,4
21895,5
21897,1
21898,2
21900,2
21901,3
21904,2
21907,4
21908,3
21910,2
21911,1
21913,2
21914,7
21920,6
21923,2
21924,1
21926,5
21927,2
21929,2
21930,1
21933,5
21936,2
21939,5
21940,2
21942,1
21943,1
21945,3
21946,3
21948,1
21949,2
21952,5
21955,3
21958,2
21959,2
21965,5
21968,3
21971,4
21972,3
21974,1
21977,2
21978,2
21981,2
21984,8
21987,3
21988,1
21990,6
21991,1
21993,3
21994,1
21996,2
21997,7
22000,5
22003,1
22006,1
22009,8
22010,4
22013,1
22016,8
22019,3
22022,5
22023,4
22026,2
22029,4
22032,3
22035,4
22036,3
22038,1
22039,3
22041,1
22042,4
22045,5
22048,8
22051,6
22052,1
22054,1
22055,2
22057,1
22058,3
22061,4
22064,2
22067,3
22070,1
22071,1
22073,3
22074,2
22076,1
22077,4
22080,7
22083,4
22086,1
22087,3
22090,1
22093,2
22096,3
22099,4
22100,1
22105,3
22106,2
22109,3
22112,9
22115,1
22116,1
22118,6
22119,2
22121,1
22122,1
22124,1
22125,8
22128,4
22131,4
22134,2
22135,1
22137,3
22138,8
22141,1
22144,4
22147,4
22150,3
22151,4
22153,1
22154,5
22156,2
22157,6
22160,7
22163,2
22166,1
22169,3
22170,4
22172,2
22173,2
22176,5
22182,6
22183,3
22185,4
22188,3
22189,1
22192,2
22195,4
22198,2
22199,3
22201,2
22202,3
22205,1
22208,1
22211,1
22212,3
22214,6
22218,4
22220,1
22221,4
22227,7
22228,1
22230,3
22233,2
22234,2
22237,2
22240,6
22243,3
22246,2
22247,1
22250,3
22253,6
22256,4
22259,3
22260,1
22262,2
22265,1
22266,3
22268,1
22269,3
22272,6
22275,2
22276,2
22278,2
22279,1
22282,1
22284,1
22285,3
22288,1
22291,2
22292,2
22294,2
22297,1
22298,1
22301,1
22304,7
22307,3
22308,1
22310,2
22311,1
22313,2
22314,1
22317,3
22320,2
22323,6
22326,3
22327,2
22329,1
22330,2
22333,1
22336,5
22339,1
22342,4
22343,3
22345,2
22346,6
22349,7
22352,4
22355,8
22356,1
22358,2
22361,2
22362,2
22365,3
22368,4
22371,1
22374,5
22375,3
22378,4
22380,1
22381,3
22384,4
22387,5
22390,1
22391,1
22394,3
22396,1
22397,2
22400,6
22403,3
22404,1
22406,1
22407,1
22409,3
22412,2
22413,5
22416,1
22419,5
22420,2
22422,4
22425,3
22428,1
22429,5
22432,8
22436,1
22438,2
22441,2
22444,1
22445,3
22448,4
22451,7
22452,1
22454,3
22457,3
22458,2
22461,5
22464,5
22467,4
22470,4
22471,1
22474,1
22476,2
22477,8
22480,3
22483,4
22484,1
22486,1
22487,1
22489,1
22490,2
22493,1
22496,3
22499,1
22502,1
22503,6
22506,2
22509,3
22512,5
22515,2
22518,2
22519,1
22521,1
22522,2
22525,1
22528,2
22531,2
22534,5
22535,2
22537,2
22540,2
22541,4
22544,2
22547,2
22548,1
22551,1
22553,1
22554,1
22557,2
22560,5
22563,1
22564,1
22566,3
22567,1
22569,1
22570,3
22572,1
22573,6
22576,7
22579,4
22580,1
22582,2
22583,1
22585,2
22586,3
22589,1
22592,3
22595,2
22596,1
22598,3
22599,1
22601,1
22605,3
22608,1
22615,2
22617,3
22618,4
22621,1
22624,3
22627,1
22631,2
22633,2
22634,2
22636,3
22637,4
22640,5
22643,4
22646,1
22649,1
22650,1
22653,2
22656,6
22659,2
22662,3
22663,3
22668,3
22669,7
22672,3
22675,4
22676,1
22678,4
22679,2
22681,2
22682,1
22684,1
22685,3
22688,4
22691,3
22694,4
22695,2
22698,1
22707,7
22710,3
22711,2
22713,3
22714,5
22717,1
22720,6
22723,2
22726,2
22727,1
22732,1
22733,4
22736,1
22739,5
22740,2
22742,1
22745,1
22746,2
22749,1
22752,5
22755,5
22758,6
22759,5
22761,1
22764,2
22765,5
22768,1
22771,3
22772,1
22774,2
22775,2
22777,2
22778,3
22781,1
22784,1
22787,4
22788,1
22790,4
22791,2
22793,2
22794,1
22796,1
22797,4
22800,2
22803,3
22804,1
22806,1
22807,1
22809,1
22810,2
22813,1
22816,3
22819,1
22822,3
22823,3
22825,2
22826,2
22828,1
22829,2
22832,2
22835,4
22836,1
22839,1
22841,1
22842,2
22845,1
22848,3
22851,3
22854,2
22858,2
22861,2
22867,3
22868,1
22870,1
22871,2
22873,1
22874,4
22876,3
22880,6
22884,1
22886,3
22893,1
22896,1
22899,2
22900,1
22906,5
22909,1
22912,7
22915,2
22918,2
22919,2
22922,1
22924,1
22925,2
22928,2
22931,3
22932,1
22934,2
22935,3
22937,1
22938,1
22941,2
22944,4
22947,2
22948,1
22950,1
22953,1
22954,2
22956,1
22957,4
22960,4
22963,2
22966,1
22970,3
22972,1
22976,6
22979,2
22982,3
22983,1
22986,2
22988,3
22989,5
22992,2
22995,5
22996,1
22998,3
23002,4
23005,1
23008,4
23014,3
23015,1
23018,4
23021,2
23024,4
23027,6
23028,1
23030,1
23033,1
23034,2
23036,1
23040,7
23043,4
23044,3
23050,2
23052,1
23053,3
23056,4
23059,3
23060,1
23062,1
23065,1
23066,3
23069,1
23072,3
23075,5
23076,2
23078,8
23079,2
23082,2
23084,1
23085,1
23088,4
23091,6
23092,1
23094,3
23097,2
23098,1
23100,1
23101,1
23104,1
23107,2
23108,1
23110,2
23111,2
23113,1
23114,3
23116,2
23117,4
23120,1
23123,4
23126,1
23127,3
23130,2
23133,1
23136,1
23142,3
23143,3
23145,1
23148,2
23149,5
23152,1
23158,1
23159,2
23161,1
23162,1
23165,1
23168,4
23171,1
23174,3
23175,2
23178,1
23180,1
23181,3
23184,2
23187,2
23188,1
23190,2
23194,3
23197,5
23200,3
23203,2
23206,2
23207,3
23209,1
23213,3
23216,6
23219,4
23220,1
23222,3
23225,2
23226,1
23229,2
23232,4
23236,1
23238,1
23242,2
23251,4
23252,2
23254,2
23255,1
23258,3
23260,1
23261,2
23264,3
23267,5
23270,1
23271,5
23273,1
23274,2
23280,4
23283,1
23286,1
23289,2
23290,1
23292,1
23293,1
23296,3
23300,2
23302,4
23305,1
23309,1
23312,1
23315,3
23318,2
23319,1
23321,2
23325,2
23328,4
23331,2
23332,1
23334,4
23335,1
23337,3
23338,1
23341,2
23347,3
23348,1
23353,1
23354,1
23356,1
23357,6
23360,4
23363,1
23366,4
23367,2
23369,2
23370,4
23373,5
23379,5
23380,1
23382,1
23385,2
23386,4
23392,3
23395,3
23398,2
23399,2
23401,2
23402,3
23405,2
23408,1
23411,2
23412,1
23414,3
23417,2
23418,1
23421,1
23424,6
23427,1
23430,4
23431,3
23433,2
23437,2
23440,1
23443,3
23444,2
23446,2
23449,2
23456,5
23459,3
23462,1
23463,1
23465,1
23466,1
23468,2
23469,4
23472,1
23475,4
23476,1
23482,1
23485,3
23488,8
23491,2
23494,4
23495,2
23497,1
23498,2
23501,4
23504,1
23507,2
23508,1
23510,3
23513,1
23517,3
23520,6
23526,6
23527,3
23529,2
23533,5
23536,2
23539,4
23540,3
23542,1
23545,4
23546,2
23548,1
23549,2
23552,3
23555,1
23558,4
23559,1
23561,1
23565,7
23571,2
23577,1
23578,1
23581,2
23584,3
23587,1
23590,4
23591,2
23594,5
23596,1
23597,3
23600,3
23603,1
23606,1
23607,1
23610,3
23613,2
23616,4
23619,4
23622,1
23623,1
23629,4
23635,2
23641,4
23642,1
23645,4
23648,4
23651,1
23654,2
23655,1
23657,1
23658,2
23661,2
23667,2
23670,1
23671,1
23674,3
23676,2
23677,1
23680,7
23683,1
23684,1
23686,1
23687,2
23689,1
23690,1
23696,3
23699,2
23702,3
23703,1
23705,1
23708,1
23709,3
23712,3
23716,2
23718,5
23719,1
23721,1
23725,3
23728,2
23732,1
23734,1
23738,1
23741,3
23744,4
23748,3
23750,5
23751,1
23754,2
23757,1
23760,1
23763,3
23764,1
23766,2
23769,3
23770,3
23773,3
23776,3
23779,2
23780,1
23782,1
23783,1
23789,4
23795,4
23796,3
23798,4
23799,3
23801,1
23802,2
23804,1
23805,3
23808,2
23811,1
23815,2
23818,1
23821,3
23824,2
23827,2
23828,2
23830,1
23831,1
23834,2
23836,1
23840,7
23843,2
23844,1
23846,3
23847,2
23852,5
23853,3
23859,3
23860,1
23862,1
23863,1
23865,1
23866,3
23872,3
23876,1
23878,2
23879,2
23881,1
23882,1
23885,3
23888,2
23891,2
23895,1
23897,1
23898,3
23901,2
23904,3
23907,3
23908,1
23910,3
23911,1
23920,1
23923,5
23927,1
23929,1
23930,1
23932,1
23933,1
23936,1
23939,3
23942,2
23948,1
23949,3
23952,1
23958,1
23959,1
23961,1
23962,1
23964,1
23968,2
23971,3
23974,4
23977,3
23978,1
23981,2
23987,2
23990,1
23994,2
23997,2
24000,3
24003,1
24006,1
24007,1
24009,2
24013,2
24016,1
24019,2
24025,4
24026,2
24028,2
24029,4
24032,2
24035,3
24036,1
24038,1
24039,1
24041,2
24045,3
24048,2
24051,2
24060,1
24064,3
24070,2
24071,2
24073,1
24074,1
24076,1
24077,3
24080,1
24083,2
24084,1
24086,1
24087,1
24090,4
24093,2
24099,2
24102,2
24103,1
24105,1
24108,3
24109,3
24112,1
24115,3
24119,2
24121,1
24125,3
24128,1
24131,1
24134,2
24135,1
24137,1
24138,3
24141,4
24144,1
24147,2
24150,2
24151,1
24153,1
24154,3
24157,2
24163,1
24164,1
24166,2
24172,1
24179,3
24183,1
24185,2
24186,4
24189,1
24192,2
24195,4
24198,1
24201,1
24204,1
24205,2
24208,2
24211,1
24212,1
24215,2
24217,1
24218,1
24221,1
24224,2
24228,1
24230,1
24231,3
24236,2
24237,3
24240,2
24244,2
24247,2
24250,2
24253,2
24256,3
24259,1
24262,2
24263,1
24266,1
24268,1
24269,2
24272,3
24276,2
24278,1
24282,3
24288,5
24291,2
24294,4
24295,3
24298,3
24301,3
24304,5
24307,1
24308,1
24313,3
24314,1
24317,3
24320,3
24323,2
24326,3
24327,1
24329,1
24330,2
24333,3
24336,1
24339,3
24342,1
24343,1
24346,4
24349,2
24352,1
24358,1
24359,2
24362,3
24365,2
24371,2
24372,3
24374,2
24377,3
24381,1
24384,5
24390,5
24391,2
24393,1
24394,1
24397,3
24403,1
24406,2
24407,2
24409,1
24416,2
24419,1
24422,1
24423,1
24429,1
24432,1
24435,3
24436,1
24438,1
24441,1
24445,1
24448,3
24451,2
24454,2
24455,2
24458,2
24461,2
24464,3
24467,1
24470,2
24473,1
24474,2
24477,3
24480,2
24484,1
24486,1
24487,1
24493,2
24496,2
24499,1
24503,1
24506,1
24509,2
24512,2
24515,3
24519,1
24521,2
24522,1
24524,1
24525,4
24528,1
24531,2
24534,1
24537,1
24544,4
24547,2
24553,1
24557,1
24560,3
24563,1
24564,1
24566,1
24567,2
24569,1
24570,3
24573,2
24576,3
24579,2
24582,2
24586,1
24589,4
24595,2
24598,3
24599,1
24601,1
24602,2
24605,2
24608,3
24611,1
24614,1
24617,2
24618,2
24620,2
24621,3
24624,3
24627,3
24631,2
24634,1
24637,3
24640,4
24643,1
24644,1
24646,2
24652,2
24656,1
24659,2
24662,1
24666,1
24668,1
24672,6
24678,1
24679,2
24682,1
24685,1
24691,3
24697,1
24698,1
24701,2
24704,3
24707,1
24710,1
24711,1
24713,1
24717,3
24723,4
24727,1
24729,3
24730,2
24733,1
24736,2
24739,1
24743,2
24748,1
24749,2
24752,1
24758,2
24761,1
24762,2
24765,1
24768,5
24771,1
24774,2
24781,2
24787,3
24788,1
24790,2
24793,1
24794,1
24797,1
24800,1
24803,1
24806,1
24807,2
24810,1
24812,2
24813,4
24816,2
24825,3
24826,1
24829,2
24832,1
24835,1
24836,1
24838,2
24839,1
24842,1
24845,2
24848,4
24851,2
24852,1
24854,2
24857,1
24861,1
24864,5
24867,1
24870,5
24871,1
24873,1
24874,1
24877,2
24883,3
24887,1
24890,3
24893,1
24896,3
24900,1
24902,1
24906,1
24909,2
24915,5
24916,2
24918,1
24921,1
24928,2
24931,1
24934,2
24935,1
24937,2
24940,1
24941,3
24944,2
24947,1
24954,1
24956,1
24960,2
24967,1
24972,1
24973,2
24976,1
24979,3
24982,1
24983,1
24992,1
24995,1
24998,1
24999,2
25001,1
25002,1
25004,1
25005,2
25008,2
25011,1
25017,2
25020,1
25024,1
25028,2
25034,2
25036,2
25037,3
25043,1
25046,1
25049,2
25050,1
25056,3
25059,3
25062,1
25063,1
25069,2
25075,3
25078,1
25079,2
25082,1
25084,1
25088,1
25091,1
25097,1
25098,2
25101,1
25104,1
25107,1
25110,1
25111,1
25120,3
25123,2
25126,1
25133,2
25136,1
25139,1
25142,1
25145,1
25146,1
25149,1
25155,1
25158,2
25159,1
25161,1
25165,1
25168,2
25171,2
25177,1
25178,3
25184,2
25187,2
25191,1
25197,1
25200,3
25203,3
25206,1
25213,2
25216,2
25219,1
25222,5
25225,1
25229,1
25232,1
25235,3
25241,2
25242,1
25248,5
25254,1
25255,1
25267,3
25268,1
25270,1
25274,1
25277,2
25286,1
25287,1
25296,2
25299,1
25302,3
25309,1
25312,2
25316,1
25318,1
25319,2
25325,4
25328,1
25331,3
25332,1
25334,1
25335,1
25337,2
25338,3
25344,3
25350,2
25351,2
25357,1
25370,3
25372,1
25376,2
25379,1
25385,1
25389,2
25392,2
25395,1
25401,1
25402,1
25405,1
25408,2
25415,1
25420,1
25421,1
25424,1
25428,2
25434,2
25437,3
25440,2
25446,1
25447,1
25450,1
25453,1
25459,1
25463,1
25465,2
25466,1
25472,3
25475,1
25479,1
25485,1
25488,3
25491,2
25492,1
25501,1
25504,2
25507,4
25510,2
25520,1
25523,2
25526,1
25527,2
25529,2
25530,1
25536,2
25540,1
25542,2
25546,1
25549,4
25552,1
25555,2
25556,2
25558,1
25562,1
25568,2
25571,1
25574,1
25578,1
25581,1
25584,1
25587,2
25594,1
25597,1
25600,3
25603,1
25607,2
25609,1
25610,2
25613,1
25616,1
25619,2
25626,1
25628,1
25629,2
25632,2
25635,1
25639,1
25645,2
25648,4
25651,3
25654,1
25657,1
25658,1
25661,2
25664,4
25670,1
25671,4
25673,2
25676,1
25677,2
25680,2
25683,1
25684,1
25686,1
25690,1
25693,1
25696,5
25699,1
25702,6
25703,1
25706,1
25709,1
25715,2
25719,1
25722,1
25725,3
25728,1
25732,1
25735,1
25741,1
25744,1
25747,1
25751,1
25753,1
25754,2
25760,1
25766,1
25767,1
25779,2
25782,1
25786,1
25789,1
25792,3
25798,1
25802,1
25805,1
25808,1
25811,1
25815,2
25817,2
25824,3
25827,1
25831,2
25834,3
25836,1
25837,3
25840,2
25843,1
25849,2
25852,1
25856,1
25859,1
25863,2
25868,1
25869,3
25875,1
25881,2
25884,1
25885,2
25888,1
25891,1
25895,4
25901,3
25904,1
25907,1
25913,1
25917,1
25926,3
25930,3
25933,2
25939,2
25940,2
25946,2
25949,1
25952,2
25955,3
25956,1
25959,1
25962,2
25971,1
25977,1
25981,1
25984,1
25990,1
25994,1
26000,1
26009,1
26010,4
26013,1
26016,1
26019,1
26022,1
26023,1
26029,1
26032,2
26035,2
26041,2
26048,3
26054,3
26058,2
26061,3
26067,2
26070,1
26071,1
26074,2
26077,1
26080,5
26086,2
26092,1
26093,2
26096,2
26102,2
26105,1
26106,1
26112,1
26119,2
26124,2
26125,1
26128,1
26131,4
26138,1
26141,1
26148,1
26154,2
26157,1
26163,3
26170,1
26176,4
26182,1
26183,1
26189,1
26192,2
26198,1
26201,1
26202,2
26208,2
26211,1
26214,1
26218,2
26220,1
26227,2
26231,3
26234,1
26244,1
26259,2
26260,1
26281,1
26282,1
26285,3
26288,1
26294,1
26297,1
26301,1
26304,2
26310,1
26314,1
26317,1
26323,1
26330,2
26332,1
26336,1
26342,3
26346,1
26349,1
26355,2
26362,1
26377,1
26378,2
26381,2
26387,1
26391,1
26397,2
26400,4
26403,1
26409,1
26416,1
26419,1
26423,1
26429,5
26432,1
26435,1
26438,1
26444,1
26445,2
26448,2
26454,2
26455,1
26461,1
26464,5
26467,1
26470,1
26473,1
26483,2
26490,2
26493,2
26496,3
26502,1
26509,1
26518,2
26519,1
26521,1
26528,1
26535,1
26538,2
26540,1
26544,1
26550,2
26551,1
26554,3
26563,1
26567,1
26569,1
26570,1
26573,1
26576,1
26579,1
26582,1
26586,1
26592,1
26605,1
26608,1
26614,3
26621,1
26624,3
26637,1
26643,1
26649,1
26656,2
26662,1
26663,1
26672,1
26676,1
26681,1
26682,1
26685,1
26688,2
26691,1
26695,1
26698,1
26700,1
26704,1
26710,1
26713,1
26714,1
26723,1
26726,2
26733,1
26736,1
26740,1
26745,1
26746,1
26752,1
26755,1
26765,2
26768,2
26774,1
26778,1
26780,1
26781,1
26790,2
26794,1
26797,1
26804,1
26810,2
26813,1
26819,2
26826,1
26835,1
26839,1
26841,2
26845,1
26848,3
26851,1
26854,1
26857,1
26858,1
26860,1
26871,1
26877,1
26880,2
26890,1
26893,1
26896,1
26899,1
26912,1
26921,1
26925,1
26957,2
26964,1
26970,3
26976,2
26979,1
26982,1
26986,1
26989,1
26995,1
27001,1
27002,1
27015,3
27018,1
27020,1
27021,1
27037,1
27040,1
27043,1
27053,1
27059,1
27062,2
27066,1
27068,1
27072,1
27078,1
27079,1
27082,1
27085,2
27088,1
27091,1
27098,1
27104,1
27117,2
27120,1
27123,1
27126,1
27130,1
27143,1
27146,1
27149,1
27155,3
27158,1
27162,2
27165,1
27168,1
27175,1
27180,1
27187,3
27188,1
27194,1
27200,1
27207,1
27209,1
27210,1
27213,1
27216,1
27220,1
27225,2
27226,2
27232,1
27238,1
27257,1
27270,1
27277,1
27283,1
27284,1
27289,1
27290,2
27296,2
27312,1
27315,1
27328,2
27331,1
27335,1
27340,1
27341,1
27344,1
27347,2
27353,2
27354,1
27357,1
27379,2
27386,1
27411,1
27421,1
27424,1
27434,1
27446,1
27450,1
27453,1
27456,1
27465,1
27469,1
27472,1
27479,1
27485,1
27526,1
27533,2
27536,2
27543,1
27548,1
27552,1
27568,2
27571,2
27603,1
27606,2
27616,1
27623,1
27629,1
27632,3
27645,1
27651,2
27654,2
27657,1
27661,1
27667,1
27677,1
27680,3
27686,1
27689,1
27690,1
27692,2
27699,1
27700,1
27718,2
27719,1
27725,2
27731,1
27732,1
27750,1
27751,1
27753,1
27763,1
27767,1
27772,1
27788,1
27801,1
27805,1
27808,1
27814,1
27821,1
27834,2
27853,2
27869,2
27872,1
27875,2
27879,1
27888,1
27891,2
27898,1
27901,2
27907,1
27910,2
27911,1
27923,2
27940,1
27943,2
27955,1
27961,2
27968,3
27974,1
27978,1
28010,1
28016,1
28019,1
28025,1
28035,2
28039,1
28045,1
28061,1
28064,2
28070,1
28084,1
28090,1
28112,1
28116,1
28173,1
28179,1
28182,1
28185,2
28195,1
28199,1
28208,1
28211,1
28214,1
28215,2
28218,2
28227,1
28233,1
28237,1
28253,1
28256,1
28266,1
28269,1
28275,1
28285,1
28288,1
28298,1
28311,1
28352,1
28355,2
28365,1
28371,1
28381,1
28384,1
28390,1
28396,1
28413,1
28425,1
28442,1
28454,1
28461,2
28484,1
28486,1
28512,1
28518,1
28524,1
28547,1
28553,1
28560,1
28570,1
28582,1
28586,1
28598,1
28602,1
28611,1
28621,2
28640,1
28665,1
28669,1
28720,1
28736,1
28739,2
28743,1
28768,1
28787,1
28797,2
28819,1
28848,1
28858,1
28864,2
28870,1
28896,1
28909,1
28915,1
28934,1
28935,1
28963,1
28966,1
28969,1
28970,1
28986,1
28999,1
29018,1
29024,1
29037,1
29043,1
29056,1
29060,1
29069,1
29078,1
29091,1
29107,1
29120,1
29161,1
29165,1
29171,1
29181,1
29248,1
29251,1
29274,1
29286,1
29293,1
29296,2
29299,2
29300,1
29302,2
29340,1
29344,1
29347,1
29351,1
29385,1
29389,1
29395,1
29421,2
29436,1
29440,1
29459,1
29497,1
29498,1
29510,1
29587,1
29600,1
29603,1
29616,1
29625,1
29632,1
29639,1
29645,1
29684,1
29692,1
29708,2
29731,1
29734,1
29741,1
29786,1
29795,1
29799,1
29824,2
29831,1
29833,1
29834,1
29850,1
29859,1
29869,2
29875,1
29920,2
29968,1
30009,1
30045,1
30052,1
30054,1
30083,1
30134,1
30147,1
30176,2
30240,1
30285,1
30292,1
30304,1
30320,1
30348,1
30400,1
30410,1
30422,1
30457,1
30477,1
30532,1
30643,1
30653,1
30740,1
30807,1
30842,1
30883,1
30893,1
30931,1
31043,1
31049,1
31091,1
31136,1
31148,1
31328,2
31331,1
31418,1
31449,1
31540,1
31546,1
31549,1
31671,1
31751,1
31885,1
31949,1
31987,2
31994,1
32054,1
32089,1
32153,1
32188,1
32202,1
32247,1
32416,1
32448,1
32455,1
32464,1
32637,1
32644,1
32886,1
32982,1
33043,1
33050,1
33338,1
33427,1
33536,1
33837,1
34112,1
34515,1
34765,1
34883,1
34951,1
35284,1
35328,1
35517,1
36231,1
36864,1
36992,1
37043,1
38035,1
38528,1
39171,1
40022,1
43008,1
65184,1
123936,1
154112,1
436157,1
448352,1
614864,1
644364,1
671463,1
751613,1
761322,1
776972,1
921184,1
924198,1
