# Samples: 20730, Average: 73822.0 ns, StdDev: 104204.4 ns, Quartiles: 62826.0/67101.0/72154.0 ns
47901,1
48336,1
48439,1
48518,1
49629,1
49693,1
49879,1
49956,1
50237,1
50295,1
50387,1
50531,1
50688,1
50788,1
50797,1
50919,1
50992,1
51027,1
51101,1
51117,1
51248,1
51389,1
51443,1
51452,1
51549,1
51622,1
51644,1
51648,1
51670,1
51754,1
51833,1
51846,1
51913,1
52010,1
52019,1
52054,1
52102,1
52115,1
52118,1
52160,1
52163,1
52189,1
52220,1
52291,1
52317,1
52339,1
52364,1
52435,1
52461,1
52506,1
52515,1
52521,1
52550,1
52563,1
52583,1
52592,1
52653,1
52724,1
52727,1
52748,1
52790,1
52829,1
52832,1
52848,1
52867,1
52880,1
52924,1
52925,1
52931,1
52941,1
52960,1
52966,1
52985,1
53002,1
53008,1
53011,1
53021,1
53078,1
53094,1
53110,1
53130,1
53174,1
53194,1
53229,1
53232,1
53264,1
53280,1
53286,1
53315,1
53360,1
53395,2
53420,1
53424,1
53431,1
53443,1
53447,1
53472,1
53478,1
53479,1
53559,1
53596,1
53600,1
53613,1
53629,1
53635,1
53638,1
53648,1
53661,1
53670,1
53690,1
53703,1
53709,1
53738,1
53747,1
53751,1
53760,1
53766,1
53770,1
53776,1
53782,1
53808,2
53811,1
53846,1
53859,1
53885,1
53904,1
53911,1
53939,1
53972,1
53978,1
53984,2
53988,1
54019,1
54025,2
54039,1
54071,1
54073,1
54080,1
54090,1
54105,1
54112,1
54160,1
54179,1
54199,1
54202,1
54205,1
54211,1
54217,1
54231,1
54237,1
54240,1
54249,3
54256,1
54275,1
54279,1
54281,1
54301,2
54333,1
54355,1
54362,1
54371,1
54378,1
54384,1
54400,1
54416,2
54419,1
54422,1
54464,1
54470,1
54474,2
54483,1
54506,1
54512,1
54534,1
54537,1
54541,1
54544,2
54547,1
54557,1
54569,1
54573,2
54583,1
54618,1
54624,1
54630,1
54644,1
54656,1
54659,1
54662,1
54663,1
54678,1
54679,1
54688,1
54691,1
54704,1
54708,1
54710,1
54713,2
54716,1
54717,1
54727,1
54742,1
54752,1
54772,1
54781,1
54784,1
54788,1
54790,1
54793,1
54807,1
54809,1
54813,1
54819,1
54829,2
54842,1
54845,1
54858,1
54861,1
54864,1
54889,1
54896,2
54912,1
54934,2
54938,1
54941,2
54947,1
54954,1
54963,1
54964,1
54967,1
54973,2
54988,1
54998,2
54999,1
55011,1
55024,1
55027,1
55030,1
55047,1
55056,2
55059,1
55072,1
55079,1
55088,1
55091,1
55095,1
55098,1
55101,1
55107,1
55108,1
55120,2
55129,2
55130,1
55133,1
55152,1
55165,1
55175,1
55190,1
55203,1
55216,2
55219,1
55222,1
55241,2
55251,1
55261,1
55303,1
55312,1
55318,2
55328,1
55331,2
55334,1
55340,1
55344,1
55350,1
55360,1
55363,2
55367,1
55376,2
55380,1
55389,1
55414,1
55415,1
55424,1
55427,1
55433,1
55434,2
55437,1
55440,1
55450,1
55456,1
55459,1
55462,1
55463,1
55468,1
55472,2
55485,1
55488,1
55494,1
55497,1
55498,1
55504,1
55510,1
55511,1
55514,1
55516,1
55520,1
55530,4
55533,4
55536,1
55545,1
55546,1
55555,1
55559,1
55568,2
55577,1
55581,2
55587,1
55590,1
55609,1
55612,1
55613,1
55616,1
55619,2
55622,1
55626,1
55629,1
55632,2
55645,2
55651,1
55652,1
55658,1
55664,2
55690,1
55706,1
55709,2
55715,3
55718,1
55731,1
55734,1
55735,1
55738,1
55747,1
55760,2
55766,1
55770,1
55772,1
55776,1
55779,1
55782,1
55783,1
55786,1
55792,1
55798,1
55799,1
55805,2
55808,1
55817,1
55824,1
55836,1
55840,1
55856,1
55862,1
55866,1
55876,1
55881,2
55891,2
55892,2
55907,1
55908,3
55910,1
55914,1
55917,1
55920,2
55924,1
55926,1
55933,1
55939,2
55946,2
55952,1
55965,2
55968,2
55971,2
55980,1
55984,2
55990,2
56000,1
56003,2
56004,2
56009,1
56019,1
56032,1
56051,1
56055,1
56061,2
56067,2
56077,1
56080,1
56083,1
56089,2
56100,3
56102,1
56103,2
56105,2
56106,1
56109,1
56112,2
56125,1
56137,1
56141,1
56144,1
56157,1
56160,2
56170,1
56183,1
56192,1
56202,1
56204,1
56208,1
56211,2
56215,2
56217,1
56218,1
56221,1
56227,1
56233,1
56243,1
56246,1
56253,1
56259,2
56260,1
56263,1
56269,1
56278,2
56285,1
56304,2
56307,1
56310,1
56316,1
56317,1
56320,2
56323,1
56333,1
56339,1
56352,2
56362,1
56365,2
56372,1
56375,1
56381,1
56387,1
56393,1
56397,1
56407,1
56409,2
56410,1
56413,2
56420,1
56423,1
56432,1
56438,1
56439,1
56470,1
56471,1
56474,1
56477,2
56484,1
56490,1
56500,1
56502,2
56505,1
56509,1
56515,2
56522,2
56525,1
56528,1
56538,1
56540,1
56541,2
56547,2
56554,1
56563,1
56564,1
56567,1
56569,2
56573,1
56582,2
56585,1
56589,1
56592,2
56595,1
56596,1
56598,2
56601,1
56605,2
56611,1
56612,1
56618,2
56624,4
56637,1
56643,1
56644,1
56650,1
56652,1
56653,1
56656,1
56659,2
56662,2
56669,2
56672,1
56676,1
56685,1
56688,1
56701,1
56704,1
56708,1
56711,1
56713,1
56720,1
56723,1
56730,1
56733,2
56736,1
56739,1
56742,1
56743,1
56745,1
56746,1
56749,2
56752,1
56758,1
56759,2
56762,2
56765,1
56768,1
56771,1
56775,1
56778,1
56781,1
56784,1
56787,1
56791,2
56794,2
56800,1
56803,2
56809,1
56819,1
56822,1
56825,2
56826,2
56829,1
56832,1
56835,1
56838,1
56841,2
56842,2
56845,2
56848,1
56851,1
56855,1
56857,1
56860,1
56861,5
56870,1
56871,1
56873,2
56876,1
56880,1
56883,1
56889,1
56892,2
56893,2
56896,1
56903,1
56912,2
56915,1
56925,1
56928,1
56934,1
56935,1
56941,2
56944,3
56950,2
56954,1
56969,1
56970,1
56973,1
56976,1
56979,1
56980,1
56983,2
56988,2
56989,2
57002,2
57004,1
57005,1
57008,3
57011,1
57020,1
57021,1
57024,2
57027,2
57033,2
57034,1
57037,1
57040,1
57043,2
57046,2
57047,1
57050,2
57059,2
57062,2
57066,1
57069,1
57072,3
57075,2
57079,1
57085,3
57091,4
57097,2
57101,2
57104,3
57107,1
57110,2
57114,1
57116,1
57117,2
57123,2
57124,2
57130,1
57133,1
57139,1
57143,1
57146,2
57148,1
57149,2
57159,1
57162,1
57168,2
57171,1
57174,1
57175,1
57178,1
57181,2
57184,1
57188,1
57193,1
57194,1
57197,1
57207,1
57210,3
57213,1
57216,1
57219,3
57222,2
57229,1
57232,1
57235,1
57238,1
57242,1
57244,1
57251,3
57252,2
57254,1
57255,1
57258,1
57261,1
57264,1
57271,1
57273,1
57274,1
57277,1
57283,1
57290,2
57296,4
57299,2
57302,1
57303,1
57306,2
57308,1
57309,1
57312,1
57315,3
57316,1
57318,1
57322,1
57325,1
57334,1
57335,2
57337,2
57338,1
57347,1
57348,2
57350,1
57351,1
57360,1
57366,1
57370,1
57373,1
57379,2
57383,1
57385,1
57386,1
57392,1
57396,1
57398,2
57399,1
57405,1
57408,1
57411,1
57417,1
57430,1
57431,1
57433,1
57437,2
57450,4
57456,4
57460,1
57462,1
57463,1
57466,2
57472,1
57475,1
57479,1
57482,1
57485,2
57488,1
57491,4
57494,2
57498,1
57500,1
57501,1
57507,2
57508,1
57510,1
57513,1
57526,1
57527,2
57529,1
57533,1
57536,2
57539,1
57545,1
57546,1
57548,1
57555,3
57565,2
57568,1
57571,1
57574,1
57575,2
57577,1
57578,1
57584,2
57590,3
57593,2
57596,1
57597,2
57603,1
57606,2
57616,2
57619,1
57625,1
57628,2
57629,2
57632,1
57635,1
57636,1
57638,1
57641,2
57642,2
57645,1
57648,3
57654,5
57657,1
57658,1
57660,1
57661,2
57664,3
57667,3
57670,2
57673,1
57680,1
57683,2
57687,1
57689,1
57690,3
57693,2
57696,1
57699,1
57700,1
57706,1
57712,3
57715,2
57718,1
57724,1
57725,2
57728,4
57731,2
57741,1
57744,2
57754,2
57757,1
57760,1
57763,2
57766,4
57769,2
57773,2
57776,2
57779,2
57782,1
57783,1
57786,1
57788,1
57789,1
57795,3
57798,2
57801,1
57802,2
57804,1
57808,3
57811,1
57812,1
57814,2
57817,1
57818,1
57821,2
57824,1
57827,1
57830,1
57833,1
57834,2
57837,2
57840,1
57843,3
57846,1
57847,2
57850,2
57852,1
57853,2
57856,2
57859,2
57865,2
57866,4
57869,2
57872,3
57875,2
57885,2
57888,2
57891,5
57892,1
57897,1
57898,2
57900,1
57904,2
57907,1
57910,2
57911,1
57913,1
57914,1
57917,2
57920,1
57923,5
57927,1
57930,1
57936,4
57946,2
57948,1
57949,1
57952,1
57955,3
57958,2
57965,1
57968,1
57971,2
57974,1
57978,1
57980,1
57981,1
57987,2
57988,1
57991,2
57994,1
57997,1
58000,1
58003,1
58006,1
58009,1
58013,1
58016,1
58019,1
58022,2
58026,2
58029,1
58032,3
58035,1
58036,1
58038,3
58039,1
58042,1
58045,1
58051,3
58055,1
58057,1
58064,3
58070,2
58073,1
58074,1
58076,2
58077,2
58080,2
58083,3
58087,1
58089,1
58096,5
58105,1
58108,1
58112,3
58115,1
58116,1
58118,3
58119,2
58121,1
58122,1
58128,3
58141,1
58144,1
58147,3
58150,1
58153,1
58154,1
58157,1
58160,1
58163,3
58166,3
58170,2
58172,1
58173,2
58176,1
58179,4
58186,1
58189,1
58198,1
58202,1
58204,2
58205,3
58208,1
58211,1
58214,1
58218,1
58221,2
58224,1
58230,1
58231,2
58233,3
58234,1
58237,2
58240,1
58243,2
58244,1
58250,1
58256,2
58262,1
58263,3
58268,1
58269,1
58272,1
58278,2
58284,1
58285,2
58291,2
58297,1
58298,2
58300,1
58301,1
58304,3
58307,1
58310,1
58314,1
58317,2
58320,2
58323,3
58326,3
58329,1
58330,1
58333,1
58336,2
58339,2
58340,1
58342,2
58346,1
58349,2
58352,3
58358,1
58359,1
58365,1
58368,2
58371,1
58381,2
58384,1
58387,2
58388,1
58390,1
58391,1
58397,1
58400,2
58403,3
58409,1
58413,3
58416,6
58419,3
58422,1
58423,3
58429,3
58432,2
58435,1
58439,1
58442,4
58445,1
58448,1
58451,3
58455,1
58461,1
58467,4
58471,3
58473,1
58477,3
58480,1
58483,1
58486,2
58487,2
58490,2
58492,2
58493,3
58496,1
58500,1
58502,1
58505,5
58509,3
58512,2
58515,1
58516,1
58518,2
58521,4
58522,1
58525,1
58528,4
58531,2
58534,1
58538,2
58540,2
58541,1
58544,2
58547,1
58550,1
58551,1
58553,1
58554,3
58557,2
58560,1
58563,4
58566,1
58569,1
58570,3
58573,1
58576,3
58582,1
58583,3
58586,1
58588,4
58589,6
58592,2
58595,6
58599,1
58601,3
58602,1
58605,2
58608,1
58611,2
58612,1
58614,2
58621,4
58624,2
58627,2
58628,1
58631,1
58634,2
58637,1
58640,4
58643,1
58646,1
58647,1
58649,1
58650,1
58652,2
58653,1
58659,6
58660,1
58663,1
58665,2
58668,1
58669,1
58672,2
58675,2
58676,1
58678,1
58684,1
58685,2
58691,2
58692,1
58694,1
58695,1
58697,2
58700,1
58701,1
58704,1
58707,1
58711,1
58717,2
58720,2
58723,2
58729,3
58730,3
58732,1
58736,3
58739,1
58740,1
58742,1
58743,2
58746,1
58749,3
58755,2
58756,1
58758,1
58761,1
58765,2
58768,2
58771,2
58774,1
58775,1
58780,1
58781,3
58784,1
58787,1
58790,1
58793,1
58794,1
58800,6
58803,1
58806,1
58807,2
58809,1
58810,1
58813,2
58819,2
58820,1
58822,1
58825,1
58826,3
58829,1
58832,1
58835,4
58836,1
58838,3
58839,1
58841,2
58842,1
58852,1
58857,1
58860,1
58864,4
58867,2
58870,3
58873,1
58874,2
58880,1
58883,1
58884,1
58892,1
58893,1
58896,4
58899,2
58902,4
58908,1
58909,2
58912,2
58915,2
58921,2
58922,2
58924,1
58925,1
58928,4
58931,3
58934,2
58935,1
58938,1
58941,4
58944,2
58947,4
58950,1
58954,1
58956,1
58957,1
58960,1
58967,3
58969,1
58970,3
58973,5
58976,1
58979,5
58982,1
58983,2
58986,2
58989,1
58992,3
58995,1
58996,1
59001,1
59002,1
59004,1
59005,2
59011,2
59017,3
59018,2
59021,1
59024,2
59027,2
59033,2
59034,2
59037,5
59040,3
59043,3
59044,1
59046,1
59047,1
59049,2
59050,2
59056,8
59059,1
59060,1
59062,1
59063,1
59065,1
59066,2
59069,3
59072,2
59075,3
59078,1
59081,1
59082,2
59084,1
59085,4
59088,5
59091,2
59094,2
59095,1
59104,3
59107,1
59108,1
59110,1
59114,1
59117,3
59120,2
59123,1
59126,3
59130,2
59132,1
59133,2
59136,1
59140,1
59142,1
59145,3
59146,2
59149,1
59152,2
59155,1
59162,2
59165,3
59168,3
59171,2
59175,1
59177,1
59178,3
59184,2
59187,2
59191,1
59197,1
59200,1
59203,3
59209,1
59210,1
59213,1
59216,1
59219,1
59220,1
59222,1
59229,2
59235,7
59236,1
59239,2
59241,2
59242,1
59245,2
59251,1
59254,1
59255,1
59260,1
59261,3
59264,2
59267,2
59270,1
59273,3
59274,1
59280,3
59284,1
59289,1
59290,1
59293,1
59296,3
59299,4
59300,1
59302,3
59306,3
59308,1
59312,3
59315,3
59316,1
59319,1
59321,1
59322,4
59325,2
59328,1
59332,1
59334,1
59335,1
59337,1
59338,1
59340,1
59344,2
59347,1
59350,1
59351,1
59353,2
59354,2
59356,3
59357,3
59360,2
59363,1
59367,1
59370,2
59372,1
59376,5
59379,1
59382,1
59383,3
59385,1
59386,1
59388,3
59389,2
59392,4
59395,1
59398,1
59399,2
59401,4
59402,1
59408,1
59411,1
59415,1
59420,1
59421,4
59424,3
59427,1
59433,1
59434,3
59440,4
59443,1
59446,1
59450,1
59453,2
59456,2
59459,4
59460,1
59463,1
59465,3
59472,3
59475,2
59478,3
59479,2
59482,1
59485,4
59488,2
59491,2
59494,1
59497,2
59498,2
59501,1
59504,3
59508,1
59510,2
59511,1
59514,2
59517,3
59520,1
59523,3
59524,1
59526,1
59527,1
59529,1
59530,4
59533,2
59536,7
59540,1
59542,1
59545,1
59548,2
59549,1
59556,2
59561,3
59562,1
59568,2
59571,1
59572,2
59574,6
59575,1
59577,1
59580,1
59581,6
59584,2
59587,1
59588,1
59590,1
59593,1
59594,1
59597,3
59600,2
59603,2
59606,5
59607,4
59610,2
59613,3
59616,1
59619,2
59620,1
59622,3
59625,3
59626,2
59628,1
59629,1
59632,3
59635,5
59639,1
59641,1
59642,1
59644,1
59645,2
59648,3
59651,3
59652,1
59654,4
59655,1
59658,2
59661,1
59664,3
59667,1
59671,2
59677,2
59680,2
59683,2
59684,1
59687,1
59690,1
59692,1
59693,1
59696,1
59699,1
59702,2
59705,4
59706,1
59709,2
59712,2
59715,3
59716,2
59718,1
59719,1
59722,2
59725,1
59728,7
59731,2
59734,2
59735,1
59738,2
59740,2
59741,2
59744,4
59747,3
59748,1
59750,2
59754,3
59756,1
59757,4
59760,2
59763,2
59764,1
59766,1
59767,1
59773,1
59776,2
59779,5
59780,1
59786,2
59789,2
59792,4
59795,2
59796,1
59799,1
59804,1
59805,3
59808,4
59811,4
59812,1
59814,3
59818,2
59820,1
59821,3
59824,3
59827,6
59830,1
59831,1
59834,2
59837,1
59843,1
59844,1
59846,2
59847,3
59849,1
59850,1
59853,1
59862,3
59863,1
59865,1
59866,1
59869,4
59872,5
59875,2
59878,1
59881,2
59882,2
59884,2
59888,4
59891,1
59894,1
59898,1
59900,2
59901,3
59904,2
59907,1
59911,1
59913,2
59920,6
59923,1
59926,1
59927,3
59929,2
59930,1
59936,1
59939,3
59940,1
59942,1
59943,1
59945,3
59946,4
59949,2
59952,4
59958,3
59962,1
59965,2
59968,1
59971,2
59972,1
59974,1
59977,2
59978,1
59984,3
59991,3
59993,1
59994,3
59997,4
60003,3
60004,2
60006,1
60009,1
60010,2
60013,2
60016,2
60019,3
60020,1
60025,1
60026,2
60029,5
60032,3
60035,4
60038,1
60039,1
60041,1
60042,1
60045,1
60048,1
60052,1
60054,2
60055,2
60058,1
60061,4
60067,3
60068,2
60070,1
60071,2
60073,1
60076,1
60077,1
60080,4
60083,3
60092,1
60093,1
60099,2
60102,2
60103,2
60105,2
60106,1
60109,1
60112,5
60115,1
60119,3
60121,1
60122,1
60128,3
60131,2
60132,1
60134,1
60137,2
60138,3
60140,1
60141,3
60144,2
60147,1
60148,1
60150,1
60151,3
60153,3
60154,2
60157,4
60163,4
60167,1
60169,3
60170,3
60173,4
60176,4
60179,1
60182,2
60183,5
60185,2
60186,3
60189,2
60192,3
60195,3
60201,1
60202,2
60205,2
60208,4
60211,1
60214,1
60215,1
60220,1
60221,1
60224,2
60227,1
60231,1
60233,2
60234,1
60236,2
60237,4
60240,2
60243,2
60246,1
60249,1
60253,1
60256,2
60259,5
60262,2
60265,1
60266,3
60269,1
60272,4
60276,1
60278,1
60279,3
60281,1
60282,1
60284,1
60285,2
60288,1
60291,5
60297,1
60298,4
60300,1
60301,2
60304,3
60307,1
60310,3
60313,1
60314,2
60317,1
60320,1
60323,5
60324,1
60326,1
60327,2
60329,1
60332,2
60333,1
60336,4
60339,2
60342,1
60343,2
60345,1
60346,1
60349,2
60352,4
60355,3
60356,1
60359,1
60361,1
60362,4
60365,1
60368,2
60371,1
60374,1
60378,2
60381,3
60384,2
60387,3
60390,1
60394,3
60397,5
60400,3
60403,3
60406,4
60407,1
60409,1
60410,1
60412,1
60413,3
60416,1
60419,1
60422,2
60425,2
60426,1
60428,1
60429,1
60438,4
60439,1
60441,1
60442,5
60445,8
60448,1
60451,2
60452,2
60454,1
60455,1
60457,1
60458,2
60460,2
60461,4
60464,5
60467,1
60468,2
60470,4
60471,5
60476,3
60477,4
60480,4
60484,1
60486,2
60487,1
60489,2
60490,2
60492,1
60496,3
60499,1
60502,3
60503,2
60505,1
60506,3
60509,3
60512,4
60515,5
60518,4
60519,1
60522,1
60525,2
60528,3
60531,2
60534,7
60535,2
60537,4
60540,1
60541,2
60544,1
60547,3
60551,1
60554,4
60557,3
60560,4
60563,1
60566,1
60567,1
60569,2
60570,2
60572,1
60573,2
60576,3
60579,1
60582,3
60583,1
60585,3
60586,1
60589,1
60592,6
60595,3
60598,5
60599,1
60601,3
60604,1
60605,2
60608,1
60611,4
60615,2
60617,2
60618,3
60620,1
60621,2
60624,1
60627,3
60631,2
60633,2
60634,1
60637,2
60640,3
60643,2
60646,1
60647,2
60650,1
60652,1
60653,6
60656,5
60659,1
60660,1
60662,2
60663,2
60668,1
60669,2
60672,3
60675,2
60676,1
60678,1
60679,1
60681,2
60682,4
60684,1
60685,2
60688,1
60692,1
60694,2
60695,2
60697,1
60698,2
60701,5
60704,1
60707,2
60708,1
60710,4
60714,3
60720,2
60723,1
60724,1
60726,5
60727,1
60729,1
60732,1
60733,1
60736,2
60739,5
60740,1
60742,1
60743,2
60746,3
60748,1
60749,2
60755,1
60758,5
60759,1
60761,2
60762,1
60765,2
60768,3
60775,1
60778,2
60781,4
60784,2
60790,5
60791,2
60793,1
60794,1
60797,3
60800,1
60803,4
60804,1
60809,4
60813,4
60816,1
60819,1
60823,2
60826,1
60829,3
60832,2
60835,6
60838,1
60842,2
60845,2
60851,2
60852,1
60854,1
60858,3
60861,2
60864,3
60867,3
60871,1
60873,1
60874,3
60876,3
60877,1
60880,3
60883,2
60884,1
60886,2
60887,2
60889,1
60890,3
60893,1
60896,4
60899,1
60902,2
60905,1
60906,5
60909,2
60912,6
60915,1
60918,2
60921,1
60925,2
60928,3
60931,2
60932,1
60934,1
60937,4
60938,2
60940,1
60941,3
60944,4
60948,1
60950,1
60957,2
60960,3
60963,1
60969,1
60970,1
60973,2
60976,2
60979,1
60982,4
60983,2
60989,2
60992,2
60995,2
60996,1
60998,1
61001,1
61002,2
61008,5
61012,1
61014,3
61015,2
61017,2
61018,1
61027,2
61031,1
61033,1
61034,2
61036,1
61037,3
61040,10
61046,3
61047,2
61052,1
61053,1
61056,2
61059,2
61063,2
61065,2
61066,2
61072,3
61075,4
61078,2
61079,4
61081,1
61085,2
61091,2
61095,1
61098,3
61101,1
61104,2
61107,1
61108,1
61110,2
61111,1
61113,1
61114,1
61116,2
61117,4
61123,2
61126,1
61129,2
61130,1
61132,2
61136,5
61139,1
61140,1
61142,1
61143,2
61149,1
61155,5
61158,4
61159,1
61161,2
61162,1
61164,1
61165,2
61168,4
61171,2
61174,1
61175,1
61178,3
61181,1
61184,1
61187,2
61193,3
61194,1
61197,2
61200,4
61203,4
61206,3
61207,1
61209,3
61210,1
61212,3
61213,3
61219,1
61222,2
61226,1
61229,5
61232,4
61235,1
61236,1
61238,3
61239,2
61241,1
61242,1
61244,3
61245,6
61248,2
61251,2
61255,1
61257,3
61258,3
61261,1
61264,2
61267,1
61270,3
61271,3
61273,2
61274,1
61277,7
61280,3
61283,6
61290,1
61293,1
61296,6
61299,2
61302,3
61303,1
61305,2
61306,3
61308,3
61309,7
61312,3
61315,3
61316,1
61318,1
61319,2
61321,2
61322,1
61324,1
61325,2
61328,3
61331,3
61334,4
61335,2
61337,1
61338,1
61341,3
61344,2
61347,4
61348,1
61351,1
61353,1
61357,5
61360,4
61363,2
61366,4
61367,3
61370,1
61373,3
61376,1
61379,7
61382,2
61383,2
61385,2
61386,2
61389,3
61392,3
61396,1
61398,3
61399,1
61401,2
61402,2
61405,2
61408,5
61411,6
61412,1
61415,1
61418,1
61420,1
61421,2
61424,1
61427,3
61428,1
61430,5
61434,1
61436,1
61437,3
61440,6
61443,1
61444,2
61446,3
61447,2
61449,1
61450,1
61453,2
61456,6
61459,4
61462,5
61463,2
61465,3
61468,1
61469,5
61472,3
61475,4
61478,1
61479,1
61481,2
61482,3
61485,3
61488,4
61494,2
61495,4
61497,1
61498,5
61501,3
61504,2
61507,4
61511,1
61513,1
61514,2
61517,3
61520,4
61523,4
61524,1
61526,2
61527,3
61529,1
61530,2
61532,1
61533,5
61536,6
61539,3
61542,5
61545,2
61546,3
61548,1
61549,2
61552,4
61555,2
61558,2
61559,1
61561,1
61564,1
61565,3
61568,3
61575,1
61577,2
61578,2
61584,6
61587,3
61590,1
61591,2
61594,2
61597,3
61600,4
61603,2
61606,2
61607,1
61609,2
61610,2
61616,9
61619,2
61622,1
61623,1
61625,2
61626,2
61629,2
61635,5
61636,1
61638,2
61641,4
61642,3
61645,2
61648,2
61651,3
61654,3
61655,4
61661,7
61664,4
61667,4
61668,1
61670,1
61673,3
61674,2
61677,1
61680,5
61683,3
61684,2
61686,3
61687,2
61690,2
61692,1
61693,8
61696,1
61699,1
61702,2
61705,4
61709,2
61712,8
61715,2
61718,1
61719,5
61721,1
61722,1
61725,2
61728,2
61731,2
61732,2
61738,2
61740,1
61741,1
61744,5
61750,3
61751,1
61754,1
61756,1
61757,4
61760,5
61763,1
61764,2
61766,4
61769,2
61770,2
61773,6
61776,4
61779,1
61782,2
61785,1
61786,3
61792,5
61795,5
61796,1
61798,1
61799,1
61801,2
61802,1
61805,2
61808,7
61811,1
61814,1
61815,1
61817,3
61818,4
61821,2
61824,3
61827,3
61833,3
61834,4
61837,2
61840,3
61843,1
61844,1
61846,6
61849,2
61850,2
61853,1
61856,1
61859,1
61860,1
61862,1
61863,1
61865,1
61866,1
61868,1
61869,3
61872,5
61875,2
61878,3
61879,2
61881,2
61884,1
61885,3
61891,3
61892,1
61894,2
61898,2
61901,2
61904,5
61907,2
61908,1
61910,2
61911,3
61916,1
61917,2
61920,2
61923,2
61924,2
61926,4
61929,4
61930,1
61933,1
61936,4
61939,3
61940,1
61942,1
61943,1
61945,2
61946,2
61948,1
61949,5
61952,3
61955,6
61961,2
61962,1
61965,1
61968,2
61972,1
61974,2
61975,3
61978,2
61981,5
61984,3
61987,1
61991,2
61994,1
61996,1
61997,2
62000,3
62003,1
62006,1
62007,5
62010,3
62012,1
62013,3
62016,6
62019,5
62020,1
62022,2
62023,3
62025,2
62026,3
62029,4
62032,3
62035,2
62036,2
62038,1
62039,3
62041,2
62045,2
62048,6
62051,5
62052,2
62054,2
62055,1
62057,1
62058,5
62060,1
62064,2
62067,1
62070,1
62071,2
62074,3
62077,2
62083,3
62084,1
62086,1
62089,4
62090,2
62096,2
62099,3
62100,2
62102,2
62103,1
62105,1
62108,1
62109,3
62112,3
62115,4
62122,3
62125,2
62131,5
62134,3
62135,3
62137,1
62138,3
62140,2
62141,3
62144,1
62147,6
62148,2
62150,3
62151,2
62153,2
62154,2
62157,4
62160,4
62163,2
62164,1
62166,3
62167,2
62169,1
62170,2
62172,1
62173,1
62176,3
62179,4
62182,2
62183,1
62185,2
62186,2
62189,3
62192,8
62195,2
62198,1
62199,4
62201,2
62205,2
62208,3
62211,1
62217,2
62218,2
62220,1
62221,1
62224,3
62227,2
62231,2
62233,2
62234,1
62236,2
62237,4
62240,5
62243,1
62246,3
62247,1
62249,6
62250,2
62253,4
62256,5
62259,4
62262,1
62263,4
62272,2
62275,4
62276,1
62278,6
62279,1
62281,2
62282,8
62285,1
62288,1
62294,5
62295,3
62298,4
62300,1
62301,1
62304,1
62307,4
62308,1
62310,4
62313,3
62314,2
62317,5
62320,2
62323,3
62326,2
62329,2
62330,4
62333,3
62336,2
62339,4
62342,1
62343,1
62346,1
62349,3
62352,3
62355,1
62358,2
62362,3
62364,1
62365,3
62368,5
62371,2
62374,1
62375,3
62377,2
62378,3
62381,2
62384,4
62387,2
62388,2
62390,2
62391,1
62394,3
62396,1
62397,3
62400,3
62403,7
62404,2
62406,1
62407,1
62409,2
62410,4
62412,1
62413,4
62416,1
62419,1
62420,2
62422,3
62423,1
62425,2
62426,3
62428,3
62429,5
62432,1
62435,6
62436,1
62438,2
62439,1
62441,3
62442,2
62445,2
62448,6
62451,3
62452,2
62454,1
62455,2
62457,2
62458,2
62461,6
62464,4
62467,3
62468,1
62470,1
62471,2
62473,3
62480,2
62484,2
62487,2
62489,2
62490,1
62493,2
62496,2
62499,4
62503,1
62505,2
62506,5
62512,5
62516,1
62518,2
62519,1
62522,1
62524,1
62525,3
62531,2
62534,2
62535,4
62537,1
62538,1
62540,1
62541,4
62544,2
62547,1
62548,3
62550,1
62551,1
62553,1
62554,2
62556,1
62557,7
62560,5
62563,4
62566,2
62569,1
62570,2
62573,2
62576,2
62582,2
62583,1
62585,1
62586,2
62589,2
62592,2
62595,1
62596,2
62598,1
62601,5
62602,7
62605,4
62608,6
62611,4
62614,1
62615,3
62617,2
62618,1
62620,1
62621,1
62624,3
62627,3
62628,1
62630,1
62631,3
62633,3
62634,2
62637,5
62640,2
62643,1
62646,3
62647,4
62649,1
62650,3
62653,5
62656,1
62659,4
62662,4
62663,2
62665,2
62666,2
62669,3
62672,2
62675,4
62678,5
62679,1
62681,1
62682,2
62684,1
62685,1
62688,2
62691,3
62692,1
62694,3
62695,1
62697,1
62698,2
62701,1
62704,1
62707,4
62708,1
62710,5
62711,5
62713,1
62714,1
62716,1
62717,6
62720,4
62723,1
62724,2
62726,1
62732,2
62733,4
62736,4
62739,2
62742,2
62743,1
62746,1
62749,2
62752,4
62755,3
62756,1
62758,2
62761,1
62762,4
62765,1
62768,6
62771,1
62772,1
62775,1
62778,4
62781,2
62784,1
62787,1
62791,1
62793,2
62794,1
62796,1
62797,4
62800,3
62803,3
62806,4
62807,1
62810,1
62813,3
62816,4
62819,1
62820,2
62822,3
62823,3
62825,3
62826,3
62829,1
62832,3
62835,4
62836,1
62838,2
62839,4
62841,1
62842,1
62845,4
62848,3
62851,1
62854,1
62857,3
62858,2
62861,2
62864,2
62867,1
62870,1
62871,2
62873,1
62874,1
62877,3
62880,4
62883,4
62884,2
62889,1
62890,1
62893,4
62899,4
62900,1
62902,3
62903,2
62909,4
62912,2
62915,2
62919,3
62921,2
62922,2
62925,5
62928,3
62931,1
62932,1
62934,5
62935,4
62938,5
62940,1
62941,7
62944,2
62947,8
62948,2
62950,1
62953,1
62954,2
62957,6
62960,4
62963,4
62966,1
62969,3
62970,4
62972,1
62973,3
62976,2
62979,6
62980,1
62982,2
62983,1
62985,1
62986,2
62988,2
62989,2
62992,2
62995,2
62996,1
62998,3
62999,2
63001,1
63004,1
63005,1
63008,3
63011,5
63014,3
63015,1
63017,2
63021,2
63024,4
63027,1
63028,1
63030,1
63031,2
63034,2
63036,2
63037,4
63043,4
63044,3
63046,1
63047,2
63049,2
63050,3
63053,3
63056,7
63059,2
63060,1
63062,2
63063,3
63065,1
63069,3
63072,3
63075,3
63078,1
63081,2
63082,2
63088,4
63091,4
63094,1
63097,1
63098,2
63101,6
63104,4
63107,9
63110,3
63111,1
63113,2
63114,2
63117,3
63120,5
63123,2
63126,4
63127,1
63129,1
63130,2
63133,3
63136,6
63139,3
63140,1
63145,4
63149,1
63152,4
63155,2
63156,1
63158,4
63159,2
63161,1
63164,2
63165,3
63168,2
63171,1
63172,1
63174,2
63175,2
63178,2
63181,4
63184,2
63187,3
63190,3
63191,4
63193,3
63194,2
63196,1
63197,2
63200,5
63203,3
63204,3
63206,2
63207,2
63209,3
63210,3
63213,3
63216,2
63219,3
63222,1
63223,3
63225,4
63226,4
63228,1
63229,6
63232,2
63235,2
63239,2
63241,2
63242,3
63244,1
63248,3
63251,3
63252,1
63255,1
63258,4
63260,2
63261,4
63264,4
63270,1
63273,1
63274,2
63276,1
63277,1
63280,6
63283,2
63286,2
63287,2
63292,1
63293,4
63296,3
63299,4
63302,2
63305,1
63306,1
63308,1
63309,1
63312,6
63315,2
63318,4
63319,6
63321,1
63322,2
63325,4
63331,5
63332,1
63334,2
63335,1
63337,2
63338,2
63340,1
63341,2
63344,6
63347,3
63350,1
63351,2
63353,4
63357,5
63360,1
63363,4
63364,2
63366,2
63367,2
63369,1
63370,3
63373,3
63376,5
63379,3
63380,1
63382,4
63383,6
63385,1
63386,1
63388,1
63389,8
63392,3
63395,6
63396,1
63398,2
63401,2
63402,1
63404,1
63405,1
63408,5
63411,1
63412,1
63414,9
63415,5
63417,1
63418,2
63420,1
63421,8
63424,3
63427,4
63428,1
63430,1
63431,1
63433,2
63434,1
63437,2
63440,2
63443,1
63446,4
63447,1
63449,5
63450,1
63452,1
63453,6
63456,1
63459,5
63460,1
63462,2
63463,2
63465,1
63466,3
63469,4
63472,8
63475,1
63476,2
63478,4
63482,2
63484,1
63485,5
63488,5
63491,6
63492,1
63494,2
63495,1
63497,1
63498,1
63501,2
63504,9
63507,1
63510,1
63511,1
63513,1
63514,2
63517,3
63523,4
63524,3
63526,2
63530,4
63532,1
63533,1
63536,6
63539,1
63542,4
63543,3
63546,3
63548,1
63549,1
63552,4
63555,2
63558,2
63559,1
63561,1
63562,4
63565,2
63568,4
63571,2
63574,4
63577,1
63578,3
63580,1
63581,3
63584,4
63587,1
63590,4
63593,5
63594,6
63596,1
63597,1
63600,7
63603,4
63606,5
63607,1
63609,1
63610,1
63613,7
63616,1
63619,5
63620,2
63623,2
63625,4
63626,4
63628,1
63629,3
63632,9
63638,4
63639,3
63642,1
63644,1
63645,2
63648,4
63651,3
63654,1
63655,1
63657,1
63658,3
63660,1
63661,2
63664,5
63667,1
63670,1
63671,2
63673,1
63674,1
63676,2
63677,4
63680,2
63683,5
63684,2
63686,1
63689,1
63690,3
63693,5
63696,8
63702,4
63703,4
63706,2
63709,4
63712,2
63715,5
63716,1
63718,3
63719,3
63722,1
63725,2
63728,2
63731,1
63732,2
63734,2
63735,3
63737,1
63738,3
63740,1
63741,5
63744,2
63747,2
63750,3
63753,2
63754,3
63757,6
63760,3
63763,6
63766,2
63767,1
63770,3
63772,1
63773,3
63776,3
63779,2
63780,1
63782,1
63783,2
63785,2
63786,4
63789,6
63792,6
63795,4
63796,1
63798,2
63799,1
63801,1
63802,2
63808,2
63811,5
63815,1
63817,4
63818,4
63821,1
63824,6
63827,2
63828,1
63830,2
63831,2
63833,1
63834,4
63836,2
63837,4
63840,5
63843,4
63844,1
63846,2
63847,2
63849,1
63850,3
63853,2
63856,5
63859,1
63860,1
63862,3
63863,2
63865,2
63866,2
63868,2
63869,7
63872,1
63875,7
63876,1
63878,1
63879,1
63881,2
63882,3
63884,1
63885,3
63888,7
63891,4
63892,2
63894,7
63897,2
63900,1
63901,5
63904,3
63907,2
63908,1
63910,1
63911,1
63913,2
63914,2
63916,1
63917,2
63920,3
63923,3
63926,4
63927,1
63930,1
63932,2
63933,4
63936,3
63939,2
63940,2
63943,1
63945,2
63946,3
63948,1
63952,2
63955,3
63959,2
63961,1
63962,2
63964,2
63965,4
63968,1
63971,3
63972,1
63974,1
63977,1
63978,4
63981,1
63984,3
63987,4
63988,2
63990,1
63994,1
63996,3
63997,6
64000,3
64003,3
64004,1
64006,2
64007,2
64009,2
64010,1
64012,1
64013,4
64016,3
64019,4
64023,4
64025,1
64026,4
64028,2
64029,4
64032,6
64035,3
64038,1
64039,3
64041,2
64042,3
64045,3
64048,3
64051,3
64054,7
64055,4
64058,3
64061,4
64064,1
64067,2
64073,1
64074,1
64077,1
64080,4
64083,3
64086,3
64087,2
64089,4
64090,2
64092,1
64093,2
64096,1
64099,4
64100,3
64102,4
64105,3
64106,1
64108,1
64109,1
64112,3
64116,1
64119,3
64122,2
64124,1
64125,2
64128,1
64131,2
64132,4
64134,2
64135,2
64138,1
64140,2
64144,4
64147,2
64150,3
64151,2
64154,2
64156,2
64157,2
64160,7
64163,3
64164,1
64166,2
64167,2
64169,1
64170,2
64172,2
64173,1
64176,4
64179,1
64182,5
64183,5
64186,3
64188,1
64189,1
64192,2
64196,1
64198,2
64199,2
64202,3
64205,1
64208,3
64211,1
64214,4
64217,3
64218,3
64221,3
64224,1
64227,2
64230,3
64231,1
64233,2
64234,3
64240,8
64243,4
64246,4
64247,3
64250,3
64253,3
64256,5
64259,7
64260,2
64262,2
64265,3
64266,2
64268,1
64272,2
64275,2
64276,2
64278,3
64279,3
64281,1
64282,2
64285,6
64288,2
64291,5
64292,1
64295,1
64298,5
64300,1
64301,1
64304,8
64307,3
64310,4
64311,2
64313,2
64314,2
64317,5
64320,3
64323,4
64326,2
64329,2
64330,1
64333,2
64336,9
64342,3
64343,2
64345,2
64346,2
64349,2
64352,5
64355,2
64358,3
64359,4
64361,2
64362,3
64365,5
64368,2
64371,3
64374,2
64377,5
64378,1
64380,1
64381,2
64384,3
64387,7
64388,1
64390,5
64393,3
64394,3
64396,1
64397,2
64400,11
64403,3
64406,2
64407,7
64409,1
64410,2
64412,3
64413,6
64416,5
64419,6
64420,1
64422,1
64429,3
64432,4
64435,2
64438,4
64439,3
64441,2
64442,3
64444,1
64445,5
64448,7
64451,3
64452,3
64454,1
64455,1
64457,1
64458,4
64461,3
64464,8
64467,2
64470,2
64471,1
64473,3
64474,3
64477,4
64480,1
64483,4
64484,2
64487,1
64490,5
64493,2
64496,4
64499,1
64500,2
64502,4
64503,1
64505,2
64506,1
64508,3
64509,1
64515,3
64516,1
64518,3
64519,1
64521,3
64522,3
64525,2
64528,3
64531,1
64532,1
64534,2
64535,1
64537,3
64538,1
64540,1
64541,5
64544,4
64547,4
64553,2
64557,2
64560,5
64563,3
64564,1
64566,2
64567,3
64569,2
64572,1
64573,2
64576,2
64579,8
64582,1
64583,1
64585,2
64586,4
64588,2
64589,4
64592,4
64595,3
64596,1
64598,2
64599,2
64601,2
64602,3
64604,1
64605,2
64608,4
64611,3
64612,1
64614,3
64615,2
64617,3
64618,4
64621,1
64624,2
64627,5
64630,3
64631,2
64633,1
64634,2
64637,4
64640,3
64643,6
64644,1
64647,1
64649,5
64650,3
64652,3
64656,3
64659,1
64662,3
64666,2
64668,1
64669,5
64672,7
64675,4
64676,1
64678,2
64679,1
64681,2
64682,1
64685,1
64688,4
64691,2
64694,6
64695,3
64697,1
64698,3
64700,2
64701,4
64704,3
64707,6
64708,3
64710,2
64711,1
64713,3
64714,3
64717,6
64720,7
64723,3
64726,3
64730,1
64732,2
64733,1
64736,3
64739,9
64740,2
64742,1
64745,1
64746,5
64749,6
64752,6
64758,1
64759,1
64762,1
64765,4
64768,3
64771,5
64772,1
64774,2
64775,1
64777,2
64778,1
64780,1
64781,1
64784,3
64787,1
64790,3
64791,3
64797,3
64800,1
64803,4
64804,1
64806,2
64807,1
64810,1
64813,1
64816,2
64819,1
64822,2
64823,1
64826,2
64829,5
64832,2
64835,5
64836,1
64841,3
64842,2
64845,1
64848,5
64851,5
64854,3
64855,3
64857,1
64861,5
64864,2
64867,3
64868,1
64870,2
64873,2
64877,1
64880,11
64883,3
64886,3
64887,2
64889,1
64890,1
64892,1
64893,6
64896,2
64899,1
64902,2
64905,3
64906,2
64909,1
64912,2
64915,5
64918,4
64919,1
64922,1
64924,1
64925,5
64928,4
64931,4
64932,1
64934,1
64935,3
64937,1
64938,1
64940,1
64941,4
64944,7
64947,2
64948,2
64950,4
64951,1
64953,1
64954,1
64956,1
64957,5
64960,5
64963,2
64964,4
64966,3
64967,3
64969,6
64970,4
64973,4
64976,7
64979,3
64980,1
64982,3
64983,1
64986,2
64989,4
64992,1
64995,5
64998,2
64999,1
65001,2
65002,3
65005,1
65008,4
65011,4
65012,1
65014,2
65015,1
65018,2
65020,1
65021,4
65024,4
65027,2
65028,2
65030,2
65031,3
65033,2
65034,2
65037,4
65040,3
65043,3
65046,4
65053,5
65056,3
65059,5
65060,3
65062,2
65065,2
65066,3
65069,3
65072,4
65075,2
65078,6
65079,2
65082,3
65088,1
65091,1
65094,1
65095,2
65098,3
65100,1
65101,4
65104,3
65107,3
65110,3
65111,5
65114,1
65116,1
65117,5
65120,5
65123,2
65124,1
65126,1
65127,2
65129,5
65130,4
65132,1
65133,4
65136,10
65139,3
65142,4
65146,1
65148,1
65149,2
65152,5
65155,5
65156,1
65159,2
65161,2
65162,5
65164,1
65165,4
65168,1
65171,3
65172,2
65174,1
65175,1
65178,1
65180,1
65181,2
65184,2
65187,7
65190,2
65191,1
65194,2
65197,3
65200,5
65203,1
65204,1
65206,2
65209,2
65210,3
65212,1
65213,1
65216,3
65219,4
65220,2
65222,3
65225,1
65226,4
65228,1
65229,4
65232,2
65235,1
65238,3
65239,3
65241,2
65242,4
65245,1
65248,2
65251,5
65252,1
65254,3
65255,1
65257,2
65258,2
65260,1
65261,3
65264,3
65267,1
65268,1
65270,1
65271,2
65273,1
65274,2
65277,4
65280,4
65283,1
65284,1
65286,3
65287,2
65289,5
65290,4
65292,1
65293,3
65296,4
65299,2
65300,1
65303,2
65305,2
65306,1
65308,1
65309,5
65312,3
65315,5
65316,1
65319,1
65321,1
65322,3
65325,2
65328,5
65331,4
65332,1
65334,4
65335,3
65337,1
65338,6
65340,3
65341,6
65344,4
65347,4
65348,2
65350,1
65353,2
65354,7
65357,1
65360,8
65366,4
65367,3
65370,4
65372,1
65373,6
65379,1
65382,1
65383,1
65385,1
65386,2
65389,2
65392,5
65395,1
65398,6
65399,2
65401,1
65402,4
65405,2
65408,3
65411,3
65412,1
65414,4
65417,1
65418,5
65424,8
65427,4
65430,5
65431,4
65434,3
65436,1
65437,3
65440,2
65443,1
65446,3
65449,2
65450,2
65453,2
65456,8
65459,4
65462,1
65463,3
65465,1
65468,2
65469,5
65472,3
65475,4
65478,1
65479,4
65481,2
65482,4
65485,5
65488,6
65491,2
65495,2
65497,1
65498,3
65501,6
65504,2
65507,2
65508,1
65510,1
65511,1
65513,1
65514,4
65516,1
65517,7
65520,3
65523,3
65526,3
65527,5
65529,2
65532,1
65533,5
65536,2
65539,6
65542,3
65543,1
65546,4
65548,2
65549,4
65552,5
65555,2
65558,4
65559,2
65561,1
65562,2
65564,4
65565,7
65568,4
65571,9
65572,1
65574,4
65577,2
65578,6
65580,1
65581,2
65584,4
65587,2
65588,2
65590,2
65591,1
65594,1
65596,2
65597,4
65600,2
65603,3
65604,3
65606,1
65607,3
65609,1
65610,1
65612,2
65613,2
65616,2
65619,2
65623,3
65625,1
65626,3
65629,4
65632,3
65635,3
65639,2
65641,3
65642,3
65648,6
65652,1
65654,4
65655,2
65658,3
65660,3
65661,5
65664,5
65667,4
65668,1
65670,7
65671,1
65673,1
65674,3
65676,1
65677,2
65680,6
65683,2
65686,4
65687,1
65689,1
65690,1
65692,1
65693,1
65696,4
65699,3
65705,1
65706,3
65709,2
65712,3
65718,7
65721,2
65722,4
65724,1
65725,8
65728,4
65731,2
65734,1
65735,1
65737,3
65738,5
65740,2
65741,3
65744,3
65747,1
65748,1
65750,7
65751,1
65753,1
65754,2
65757,5
65760,2
65763,9
65764,3
65766,2
65767,3
65769,6
65770,2
65773,6
65776,4
65779,5
65780,2
65782,3
65783,2
65785,2
65786,2
65788,4
65789,3
65792,3
65795,3
65796,1
65798,4
65799,1
65801,5
65802,3
65808,9
65811,1
65814,2
65815,3
65817,1
65818,2
65821,2
65827,4
65828,1
65833,2
65834,4
65836,1
65837,5
65840,3
65843,1
65846,1
65847,3
65849,3
65850,2
65852,1
65853,5
65856,5
65859,3
65860,1
65862,1
65863,1
65865,3
65866,5
65869,2
65872,6
65875,3
65878,1
65879,3
65881,4
65882,2
65884,1
65885,3
65888,2
65891,5
65892,2
65894,5
65897,2
65898,1
65900,1
65901,7
65904,3
65907,5
65910,2
65911,1
65914,2
65916,1
65917,3
65920,8
65923,5
65926,2
65927,1
65929,3
65930,3
65933,2
65936,6
65939,2
65940,1
65942,5
65943,1
65945,1
65946,4
65948,2
65949,2
65952,3
65955,7
65956,2
65958,3
65962,3
65965,1
65968,10
65971,4
65972,1
65974,2
65975,2
65977,1
65978,2
65980,2
65981,6
65984,4
65987,7
65988,2
65990,1
65991,1
65994,2
65997,1
66000,3
66003,2
66006,4
66007,6
66009,3
66012,2
66013,6
66016,1
66019,3
66020,1
66022,1
66026,5
66029,2
66032,6
66035,3
66038,1
66039,2
66042,2
66044,2
66045,4
66048,3
66051,3
66052,2
66054,1
66055,2
66057,1
66058,3
66060,1
66061,4
66064,4
66067,3
66070,1
66071,2
66074,3
66077,2
66080,6
66083,4
66086,2
66087,1
66089,2
66090,6
66092,2
66093,1
66096,5
66099,1
66102,1
66103,3
66105,1
66106,1
66108,2
66109,7
66112,4
66115,3
66118,1
66119,3
66121,1
66122,1
66125,1
66128,1
66131,3
66134,4
66135,1
66137,1
66138,3
66140,2
66141,3
66147,5
66150,2
66151,3
66154,3
66156,2
66157,2
66160,7
66163,6
66166,4
66167,3
66169,1
66170,3
66173,1
66176,3
66179,2
66182,3
66183,3
66185,3
66186,3
66192,6
66195,2
66196,1
66198,4
66199,2
66201,2
66202,6
66204,1
66205,4
66208,2
66211,3
66212,1
66215,2
66217,3
66218,4
66220,2
66221,2
66224,5
66227,6
66228,1
66230,4
66234,1
66236,1
66237,4
66240,2
66243,5
66246,1
66249,2
66250,2
66253,3
66256,4
66259,1
66262,6
66263,1
66265,1
66266,3
66268,1
66269,5
66272,4
66275,3
66276,1
66278,2
66279,2
66281,3
66282,3
66284,1
66285,6
66288,4
66291,2
66294,5
66295,1
66297,1
66298,3
66300,1
66301,4
66304,5
66307,3
66308,1
66310,2
66311,2
66313,2
66316,1
66317,3
66320,7
66323,2
66324,2
66326,4
66327,1
66329,2
66330,3
66332,1
66333,2
66336,2
66339,2
66340,1
66342,5
66346,3
66349,4
66352,9
66355,3
66358,1
66359,3
66361,1
66362,2
66364,1
66365,5
66368,4
66371,5
66372,3
66374,1
66377,2
66378,2
66381,3
66388,1
66390,1
66393,2
66394,2
66397,4
66400,3
66403,12
66404,2
66407,1
66409,1
66410,1
66413,2
66416,11
66419,2
66420,1
66422,3
66423,3
66425,3
66426,2
66428,1
66429,3
66432,4
66435,3
66436,2
66441,3
66442,4
66445,3
66448,5
66451,1
66454,2
66455,2
66457,2
66458,3
66460,3
66461,4
66464,4
66467,3
66468,2
66470,3
66471,1
66473,1
66474,3
66477,2
66480,1
66483,1
66486,3
66489,1
66490,3
66492,2
66493,3
66496,2
66499,4
66500,3
66502,3
66505,5
66506,1
66508,1
66509,3
66512,5
66518,4
66521,3
66525,4
66528,1
66531,3
66532,1
66534,1
66535,1
66537,3
66538,1
66541,1
66544,3
66547,2
66550,2
66551,4
66553,2
66556,1
66557,1
66563,4
66566,2
66567,1
66570,4
66572,3
66573,1
66576,4
66579,4
66580,1
66582,3
66583,1
66585,2
66589,4
66592,1
66595,5
66598,3
66599,1
66601,1
66602,3
66604,1
66605,1
66608,5
66611,2
66612,1
66614,3
66615,3
66618,1
66620,1
66621,3
66630,3
66633,3
66634,6
66637,3
66640,6
66643,3
66644,1
66646,1
66647,1
66650,2
66653,6
66659,7
66660,3
66662,1
66663,1
66665,1
66666,3
66669,4
66672,7
66678,2
66679,1
66682,1
66685,2
66688,4
66691,5
66692,2
66694,1
66697,2
66698,1
66701,4
66704,3
66707,4
66708,1
66710,5
66711,2
66713,1
66714,1
66716,3
66717,7
66720,1
66723,3
66726,1
66727,7
66729,2
66730,3
66733,1
66736,6
66739,2
66742,6
66743,2
66748,2
66749,3
66752,4
66755,4
66756,2
66758,3
66759,3
66761,3
66762,1
66765,4
66768,7
66771,2
66772,3
66774,3
66775,3
66777,1
66778,1
66780,1
66781,7
66784,1
66787,4
66788,3
66790,4
66791,1
66793,4
66794,1
66797,2
66800,6
66803,3
66804,1
66806,1
66807,3
66810,1
66812,1
66813,2
66816,3
66819,1
66820,1
66822,2
66826,4
66829,1
66832,3
66835,2
66838,3
66839,1
66842,1
66844,2
66845,5
66848,3
66851,5
66852,2
66854,1
66855,2
66857,1
66858,3
66861,2
66864,6
66867,1
66870,1
66871,2
66876,1
66877,1
66880,2
66884,1
66887,2
66889,4
66890,3
66892,1
66893,2
66896,3
66899,1
66902,4
66903,2
66906,2
66908,2
66909,6
66912,1
66915,5
66916,2
66918,2
66919,1
66922,5
66928,5
66931,3
66937,2
66938,4
66940,3
66941,3
66944,3
66947,7
66950,2
66953,2
66954,4
66956,1
66957,3
66960,3
66963,2
66966,10
66969,1
66970,3
66973,1
66976,4
66979,3
66980,1
66982,4
66983,2
66985,2
66986,2
66988,1
66989,4
66992,4
66995,2
66998,3
66999,1
67001,1
67002,5
67004,2
67005,4
67008,1
67011,4
67014,2
67017,2
67018,3
67020,2
67021,6
67024,3
67027,2
67028,1
67030,2
67031,4
67033,1
67034,1
67036,2
67037,6
67040,3
67043,1
67044,1
67046,1
67049,4
67050,4
67053,4
67056,2
67059,2
67062,7
67063,2
67065,2
67066,1
67068,3
67069,7
67072,1
67075,6
67076,1
67078,1
67079,1
67081,1
67082,4
67085,5
67088,5
67091,1
67094,3
67100,1
67101,4
67104,1
67107,5
67110,3
67114,2
67116,1
67117,4
67120,5
67123,3
67124,2
67126,3
67127,1
67129,1
67133,5
67136,2
67142,2
67143,2
67145,1
67146,4
67149,1
67152,5
67155,1
67156,2
67158,4
67159,2
67161,5
67162,5
67164,1
67165,6
67168,3
67171,5
67172,1
67174,2
67175,2
67178,3
67181,1
67184,2
67187,3
67190,2
67191,4
67193,1
67194,4
67196,2
67197,2
67200,7
67203,5
67204,1
67206,4
67207,4
67209,2
67210,2
67213,2
67216,9
67219,4
67222,1
67223,3
67226,1
67229,6
67232,6
67235,5
67236,2
67239,1
67241,1
67242,2
67244,2
67248,3
67251,1
67252,4
67254,3
67255,1
67258,2
67260,3
67261,4
67264,2
67267,2
67271,1
67273,4
67274,4
67276,2
67277,7
67280,8
67283,1
67284,1
67286,3
67287,2
67289,1
67290,1
67292,1
67293,3
67296,4
67302,1
67305,4
67306,6
67309,3
67312,3
67315,1
67318,2
67321,1
67322,2
67324,1
67325,6
67331,3
67334,3
67335,2
67337,1
67338,6
67340,2
67341,5
67344,8
67347,3
67350,1
67354,3
67356,1
67357,4
67360,3
67363,4
67367,3
67370,1
67372,1
67373,4
67376,5
67379,5
67382,5
67383,3
67385,1
67386,3
67388,1
67389,2
67395,5
67398,2
67401,1
67402,4
67404,1
67405,2
67408,4
67411,2
67412,1
67414,2
67415,4
67417,2
67418,1
67421,3
67424,1
67427,4
67430,1
67431,2
67433,2
67434,2
67436,1
67437,1
67440,7
67443,4
67444,2
67446,6
67447,2
67453,4
67456,4
67459,6
67460,1
67462,2
67463,1
67465,1
67466,3
67469,1
67472,6
67475,1
67476,1
67478,3
67479,3
67481,1
67482,3
67484,1
67485,5
67488,2
67491,6
67495,2
67498,2
67501,3
67504,7
67507,3
67510,2
67511,2
67514,2
67516,2
67517,4
67520,2
67523,4
67524,1
67529,2
67530,1
67532,1
67533,1
67536,4
67539,1
67540,1
67542,5
67543,1
67546,2
67548,1
67549,1
67552,4
67555,2
67558,1
67561,3
67562,5
67565,1
67568,6
67571,3
67572,2
67574,3
67575,2
67577,2
67578,2
67580,1
67581,4
67584,1
67587,3
67588,1
67590,1
67591,1
67593,2
67594,2
67597,2
67600,9
67603,4
67606,2
67607,4
67610,6
67612,2
67613,3
67616,3
67619,1
67622,2
67623,2
67625,2
67626,2
67629,3
67632,1
67635,2
67638,1
67639,1
67641,1
67642,2
67644,2
67645,3
67648,4
67651,1
67652,1
67654,4
67657,1
67658,3
67660,1
67661,3
67664,3
67667,3
67670,2
67671,1
67674,2
67676,1
67677,3
67680,2
67683,2
67684,1
67689,3
67690,3
67692,1
67693,2
67696,12
67699,3
67702,1
67703,2
67706,2
67708,1
67709,2
67712,3
67715,1
67718,1
67719,1
67721,5
67722,3
67724,1
67725,1
67728,3
67731,7
67732,1
67734,6
67735,2
67737,1
67741,5
67744,4
67747,6
67750,1
67751,3
67753,1
67754,1
67757,2
67760,6
67763,2
67764,1
67766,1
67769,1
67770,1
67772,1
67773,4
67776,6
67782,1
67785,2
67786,3
67789,1
67792,2
67795,4
67798,1
67799,3
67802,2
67804,1
67805,3
67808,1
67811,5
67814,7
67817,2
67818,7
67820,1
67821,3
67824,2
67827,3
67830,4
67831,1
67836,1
67837,6
67843,5
67844,1
67846,1
67847,1
67849,1
67850,4
67852,1
67853,1
67856,8
67859,3
67860,1
67862,3
67863,1
67866,3
67869,2
67872,3
67875,4
67876,1
67878,1
67879,1
67881,2
67882,1
67885,4
67888,5
67892,1
67894,2
67895,2
67897,1
67898,4
67900,2
67901,6
67904,2
67907,1
67910,4
67911,1
67913,2
67914,1
67920,6
67923,2
67926,2
67927,2
67929,1
67930,2
67932,1
67933,7
67936,3
67939,5
67940,3
67942,1
67945,2
67946,6
67949,3
67952,5
67955,3
67959,4
67961,1
67962,1
67965,4
67968,4
67971,2
67972,1
67974,1
67975,1
67977,3
67978,1
67980,1
67981,4
67984,3
67987,3
67990,1
67991,2
67993,2
67994,4
67996,1
67997,5
68000,3
68003,4
68004,1
68006,1
68007,3
68009,1
68010,2
68013,4
68016,9
68019,3
68022,1
68023,3
68025,1
68026,2
68028,2
68029,4
68032,1
68035,4
68038,1
68039,2
68042,2
68045,3
68048,4
68051,3
68052,1
68054,3
68057,2
68058,2
68061,5
68064,3
68067,3
68070,1
68073,1
68074,2
68077,1
68080,5
68083,2
68086,1
68087,1
68090,2
68092,1
68093,8
68096,2
68099,3
68100,2
68102,1
68105,1
68106,3
68109,1
68112,3
68115,4
68116,1
68119,1
68122,1
68124,1
68125,5
68128,3
68131,4
68132,3
68134,1
68135,3
68137,1
68138,3
68141,3
68144,3
68147,2
68148,1
68150,3
68153,1
68156,2
68157,5
68160,4
68163,5
68166,1
68167,1
68169,4
68170,2
68173,3
68176,6
68179,4
68180,1
68182,4
68183,1
68186,1
68188,1
68189,3
68192,1
68195,2
68199,2
68201,2
68202,3
68208,4
68211,2
68214,4
68215,4
68217,1
68218,1
68220,1
68221,7
68224,3
68227,3
68228,2
68230,1
68231,2
68233,2
68234,1
68237,2
68240,4
68243,1
68246,2
68247,3
68249,2
68252,2
68253,9
68256,3
68259,4
68260,1
68262,3
68263,1
68266,6
68268,1
68269,1
68272,4
68275,3
68278,2
68279,3
68282,2
68285,6
68288,1
68291,1
68292,1
68294,3
68295,2
68297,4
68298,2
68301,1
68304,4
68307,3
68310,4
68314,2
68316,1
68317,4
68320,4
68323,2
68324,1
68326,2
68327,1
68329,1
68330,3
68333,4
68336,5
68339,1
68342,1
68343,2
68345,3
68349,5
68352,2
68355,3
68358,4
68359,1
68361,2
68362,4
68364,1
68365,2
68368,5
68374,2
68381,7
68384,5
68387,3
68390,2
68391,1
68393,4
68394,2
68397,7
68400,6
68403,1
68404,1
68406,1
68407,1
68413,4
68416,2
68419,4
68422,1
68423,1
68425,3
68426,2
68428,1
68432,1
68435,5
68436,1
68438,2
68441,1
68442,2
68445,3
68451,1
68452,1
68458,1
68460,1
68461,2
68464,8
68467,5
68468,2
68470,6
68471,1
68473,2
68474,2
68476,1
68477,4
68480,2
68483,4
68486,5
68489,1
68490,4
68493,2
68496,4
68499,3
68502,1
68503,4
68505,1
68506,1
68509,5
68512,1
68515,3
68521,6
68522,7
68525,3
68528,4
68531,3
68534,1
68538,1
68541,6
68544,2
68547,3
68550,5
68551,2
68553,1
68554,1
68556,1
68560,4
68563,4
68566,1
68567,2
68569,1
68570,3
68572,1
68573,2
68576,2
68579,8
68580,1
68583,1
68585,3
68586,2
68589,1
68592,3
68595,3
68598,4
68599,1
68601,1
68602,4
68605,2
68608,4
68611,5
68612,1
68614,2
68615,1
68617,1
68618,3
68621,3
68624,3
68627,1
68628,2
68630,2
68631,1
68637,4
68640,3
68643,5
68644,1
68646,1
68647,4
68649,1
68650,2
68653,4
68656,3
68659,1
68662,3
68663,2
68665,2
68666,1
68669,4
68672,2
68675,6
68678,3
68679,4
68681,1
68682,2
68685,1
68688,9
68691,5
68694,3
68697,1
68698,1
68700,1
68701,3
68704,3
68707,6
68708,1
68710,3
68713,2
68714,3
68717,3
68720,9
68723,2
68724,3
68726,4
68729,2
68730,3
68732,2
68733,3
68736,2
68739,3
68740,1
68742,1
68743,5
68745,1
68746,5
68748,1
68749,1
68752,9
68755,2
68758,5
68759,2
68761,2
68762,2
68765,1
68768,2
68771,3
68772,1
68777,4
68778,1
68781,3
68784,3
68787,2
68790,2
68797,4
68803,5
68806,3
68807,1
68809,2
68810,3
68813,4
68816,4
68819,1
68820,2
68822,3
68826,3
68828,1
68829,5
68832,3
68835,5
68836,1
68838,1
68841,1
68842,4
68848,4
68851,1
68854,2
68855,3
68857,1
68858,2
68861,3
68864,3
68867,5
68868,1
68870,2
68871,3
68873,1
68874,4
68876,1
68877,4
68880,5
68883,1
68886,5
68887,1
68889,1
68890,2
68892,1
68893,3
68896,3
68899,3
68900,3
68902,1
68903,2
68905,2
68906,1
68909,1
68912,2
68915,2
68916,1
68918,2
68919,2
68921,1
68922,4
68925,4
68928,1
68931,1
68932,1
68934,2
68935,1
68937,3
68938,4
68940,1
68941,1
68944,3
68950,1
68953,2
68954,4
68957,4
68960,4
68963,3
68970,1
68973,1
68976,5
68979,4
68982,1
68983,3
68985,1
68986,3
68989,2
68992,2
68995,6
68998,4
68999,1
69002,2
69004,1
69005,3
69008,3
69011,2
69014,2
69015,2
69017,2
69018,1
69021,1
69024,3
69027,3
69028,2
69030,3
69031,1
69033,1
69037,3
69040,3
69043,4
69044,1
69046,4
69049,1
69050,3
69052,2
69053,7
69056,1
69059,2
69060,1
69063,1
69065,1
69066,2
69068,1
69069,1
69072,2
69075,4
69078,4
69079,1
69081,1
69082,4
69085,7
69088,5
69091,5
69092,1
69095,1
69097,2
69098,1
69100,1
69101,2
69104,2
69107,3
69108,1
69110,2
69111,2
69116,4
69117,7
69120,2
69123,5
69126,3
69129,2
69130,3
69133,4
69142,2
69143,1
69145,2
69146,1
69148,1
69149,4
69152,3
69155,5
69158,4
69159,1
69161,2
69162,1
69164,1
69168,4
69171,2
69174,1
69177,1
69178,3
69180,1
69181,5
69184,1
69187,8
69188,1
69190,2
69193,1
69194,3
69197,3
69200,3
69203,1
69204,1
69206,2
69207,2
69209,2
69210,1
69212,1
69213,1
69216,5
69219,7
69220,1
69222,2
69223,1
69225,2
69226,4
69229,4
69232,4
69235,2
69238,2
69239,2
69242,2
69244,2
69245,1
69248,2
69251,3
69254,1
69258,3
69260,1
69264,3
69267,1
69268,1
69270,3
69271,1
69273,2
69274,2
69277,4
69280,2
69283,3
69286,2
69289,1
69290,2
69292,1
69293,5
69296,3
69299,3
69302,4
69303,4
69305,1
69309,2
69312,3
69315,5
69316,3
69321,1
69322,2
69325,3
69328,5
69334,2
69335,2
69337,3
69338,2
69340,2
69341,5
69344,5
69347,3
69348,1
69350,1
69351,1
69353,3
69354,1
69356,2
69360,1
69363,1
69366,2
69367,4
69370,1
69373,4
69376,2
69379,1
69382,4
69385,3
69386,3
69388,1
69389,3
69392,2
69395,1
69398,1
69399,2
69401,1
69402,3
69404,1
69405,6
69408,5
69411,7
69415,2
69417,2
69418,5
69421,2
69424,2
69427,1
69428,1
69430,3
69431,2
69433,2
69434,1
69437,5
69440,4
69443,4
69444,2
69446,1
69447,1
69450,5
69453,1
69456,6
69459,2
69460,1
69462,4
69463,2
69466,1
69468,1
69469,2
69472,3
69475,1
69476,1
69478,2
69481,4
69482,6
69485,2
69488,1
69491,2
69494,2
69495,1
69498,1
69501,6
69504,3
69507,9
69508,1
69510,2
69513,1
69514,2
69517,1
69520,2
69523,2
69526,4
69527,4
69530,2
69532,1
69533,2
69536,3
69539,1
69542,1
69545,3
69546,2
69549,2
69552,1
69555,1
69556,1
69558,2
69559,3
69561,2
69562,2
69564,1
69565,4
69568,2
69571,1
69572,2
69574,2
69577,4
69578,3
69580,1
69581,2
69584,1
69587,2
69597,4
69600,2
69603,3
69604,2
69606,2
69609,1
69610,4
69613,1
69616,5
69619,1
69623,1
69628,2
69629,2
69632,2
69635,3
69638,1
69641,2
69642,3
69645,2
69648,4
69651,3
69654,4
69655,3
69657,3
69658,5
69661,2
69664,5
69667,4
69671,2
69673,2
69674,3
69677,3
69680,6
69683,2
69686,3
69687,3
69693,1
69696,1
69699,2
69700,2
69706,6
69712,4
69715,1
69716,1
69718,2
69719,2
69725,3
69728,2
69731,4
69732,2
69735,1
69740,1
69741,2
69744,7
69747,1
69750,3
69751,4
69756,2
69757,1
69760,2
69763,7
69766,1
69769,3
69770,1
69772,1
69773,2
69776,6
69779,3
69780,1
69782,1
69783,3
69786,2
69788,1
69789,1
69792,2
69795,1
69796,1
69802,3
69805,4
69808,6
69811,3
69815,4
69817,1
69818,1
69821,4
69824,1
69827,4
69828,1
69833,1
69834,2
69836,1
69837,6
69840,2
69843,1
69846,2
69847,1
69849,1
69853,7
69859,3
69862,1
69863,1
69865,2
69866,3
69869,2
69872,2
69878,2
69882,2
69885,5
69888,4
69891,2
69894,2
69897,1
69898,2
69901,2
69904,4
69907,2
69910,1
69911,2
69914,2
69917,4
69920,6
69923,2
69926,1
69927,1
69930,4
69932,2
69933,3
69936,3
69939,1
69942,1
69943,1
69946,3
69952,5
69955,1
69956,1
69958,1
69959,1
69961,3
69962,1
69965,2
69968,3
69971,2
69974,2
69975,3
69978,2
69984,2
69987,6
69988,1
69991,1
69993,1
69994,2
69996,1
69997,2
70000,4
70003,2
70006,1
70007,2
70012,1
70013,6
70016,3
70019,7
70026,1
70029,2
70032,3
70035,2
70038,3
70039,1
70042,2
70045,4
70048,2
70051,5
70052,1
70055,1
70058,2
70060,1
70061,3
70064,8
70068,1
70070,3
70071,2
70073,1
70077,2
70083,1
70086,2
70087,1
70089,1
70090,4
70092,2
70093,1
70096,4
70099,1
70100,1
70103,3
70105,1
70106,1
70108,1
70109,3
70112,2
70115,4
70116,2
70118,1
70122,7
70124,1
70125,1
70128,4
70131,2
70132,1
70134,5
70135,2
70138,2
70141,3
70144,3
70147,2
70148,1
70150,1
70153,3
70154,3
70157,1
70160,5
70163,1
70166,1
70167,2
70170,1
70173,4
70176,1
70179,4
70180,1
70182,2
70186,6
70189,2
70192,7
70195,4
70196,1
70198,1
70199,1
70202,1
70205,4
70208,4
70211,4
70214,4
70218,2
70221,5
70224,5
70227,1
70228,1
70230,6
70231,1
70234,3
70237,3
70240,2
70243,1
70244,3
70246,1
70247,1
70249,1
70250,3
70253,1
70256,3
70259,2
70262,3
70263,1
70265,1
70269,3
70272,3
70275,7
70276,1
70278,2
70281,2
70282,1
70284,1
70285,3
70288,7
70292,1
70297,2
70301,4
70304,1
70307,2
70308,1
70310,1
70311,2
70313,1
70314,2
70316,1
70317,3
70320,3
70323,2
70329,1
70333,2
70336,3
70339,5
70340,1
70345,2
70346,4
70349,3
70352,4
70355,3
70358,4
70359,1
70361,1
70362,1
70364,2
70365,6
70368,3
70371,7
70372,1
70374,1
70377,1
70378,2
70380,1
70381,4
70384,3
70387,2
70390,5
70394,3
70396,2
70397,2
70400,2
70403,4
70404,1
70406,1
70407,1
70409,2
70410,3
70412,1
70413,4
70416,5
70419,4
70422,1
70428,1
70429,3
70432,3
70435,5
70436,2
70438,2
70441,3
70442,2
70448,4
70451,4
70454,1
70455,2
70458,1
70460,1
70461,3
70464,2
70468,2
70473,1
70474,3
70477,3
70480,4
70483,1
70486,2
70487,1
70489,2
70490,2
70492,1
70493,1
70496,1
70499,3
70500,1
70502,1
70503,1
70506,1
70509,5
70512,7
70515,3
70521,1
70522,2
70525,1
70528,2
70531,2
70534,1
70537,2
70538,5
70541,3
70544,1
70547,4
70548,1
70550,3
70551,2
70554,5
70557,5
70560,3
70564,1
70566,2
70569,3
70570,1
70576,3
70579,2
70582,3
70585,1
70586,2
70589,4
70592,4
70595,2
70596,2
70598,1
70599,1
70602,4
70605,4
70608,3
70611,4
70612,1
70614,4
70615,1
70617,1
70621,2
70627,4
70630,5
70631,1
70633,1
70634,2
70637,2
70640,3
70643,2
70644,2
70646,1
70647,1
70649,2
70650,2
70652,1
70653,2
70656,8
70659,4
70663,2
70665,1
70666,3
70668,1
70669,1
70672,2
70675,3
70676,2
70678,2
70679,1
70681,1
70682,5
70684,2
70685,5
70692,1
70694,4
70697,3
70698,3
70700,1
70701,1
70704,5
70707,1
70710,4
70711,1
70713,1
70714,2
70716,1
70717,5
70720,1
70723,2
70724,2
70726,3
70727,2
70729,1
70730,2
70733,1
70736,5
70742,2
70743,1
70746,3
70749,1
70752,1
70755,3
70756,1
70758,2
70759,1
70761,1
70762,3
70764,1
70765,1
70768,8
70771,2
70774,3
70775,1
70777,1
70780,1
70781,6
70784,3
70787,6
70788,1
70790,2
70791,1
70793,1
70794,1
70797,1
70800,4
70803,2
70806,1
70809,2
70813,4
70816,2
70819,6
70822,1
70826,2
70828,2
70829,1
70832,6
70838,2
70839,1
70842,1
70845,1
70848,3
70851,5
70852,1
70855,1
70857,1
70858,5
70861,2
70864,7
70867,1
70870,1
70871,3
70873,1
70874,1
70876,1
70877,1
70880,2
70883,2
70884,1
70886,1
70889,4
70890,3
70893,1
70896,3
70902,2
70912,5
70915,3
70916,2
70921,2
70922,1
70925,4
70928,3
70931,2
70932,1
70934,3
70935,1
70937,3
70941,2
70944,3
70947,4
70948,1
70950,2
70953,4
70957,2
70960,2
70963,1
70964,1
70966,2
70967,3
70969,2
70970,2
70973,2
70976,1
70979,4
70982,2
70985,1
70989,5
70992,4
70995,3
70998,5
70999,1
71001,1
71005,2
71012,1
71017,1
71018,3
71024,4
71027,3
71028,2
71030,2
71031,1
71034,2
71037,6
71040,2
71043,1
71046,3
71047,2
71049,2
71050,3
71052,1
71053,1
71056,2
71062,5
71063,1
71065,2
71069,8
71072,4
71075,1
71076,1
71081,2
71082,2
71085,1
71088,4
71091,1
71095,2
71098,1
71100,2
71101,2
71107,1
71108,1
71111,1
71113,3
71117,4
71120,6
71126,2
71127,2
71129,1
71133,1
71136,2
71139,3
71140,2
71142,1
71143,1
71146,2
71149,1
71152,2
71155,1
71158,4
71159,2
71162,4
71165,5
71171,1
71172,1
71174,1
71175,1
71177,3
71178,5
71181,2
71184,3
71190,1
71191,1
71193,1
71194,2
71196,1
71197,4
71200,2
71203,1
71204,3
71206,3
71207,1
71209,3
71210,4
71212,1
71213,1
71216,4
71219,3
71220,1
71222,1
71223,2
71226,1
71229,2
71232,3
71235,1
71238,2
71241,2
71242,3
71245,2
71248,5
71251,1
71252,1
71254,4
71255,2
71257,2
71260,2
71261,1
71264,1
71267,7
71268,1
71270,3
71271,1
71273,1
71274,1
71276,1
71277,1
71280,4
71283,1
71286,1
71287,3
71290,2
71293,4
71296,2
71299,3
71302,2
71303,1
71305,2
71306,3
71308,1
71309,3
71312,4
71315,4
71316,2
71318,2
71319,2
71322,2
71324,1
71328,1
71331,7
71334,2
71335,1
71337,1
71338,3
71344,2
71347,4
71350,3
71354,1
71357,4
71363,4
71364,1
71366,1
71367,1
71372,1
71373,1
71376,5
71379,1
71380,1
71382,3
71383,1
71386,1
71389,3
71395,4
71398,4
71399,1
71402,6
71404,2
71405,2
71408,4
71412,1
71414,4
71415,4
71418,1
71421,2
71424,2
71427,2
71430,2
71431,2
71433,1
71434,1
71436,2
71437,3
71440,4
71443,1
71446,3
71447,2
71450,1
71453,3
71456,4
71459,5
71460,1
71462,3
71463,1
71465,2
71466,3
71468,1
71469,2
71472,1
71475,5
71476,1
71478,1
71481,2
71485,4
71488,2
71491,2
71494,1
71495,1
71501,3
71504,3
71507,4
71510,2
71511,2
71514,1
71516,1
71517,1
71523,2
71524,2
71527,1
71529,1
71530,1
71532,1
71533,4
71536,1
71542,4
71543,3
71545,1
71546,1
71549,1
71552,3
71555,3
71558,1
71559,1
71561,2
71562,1
71565,3
71568,5
71571,2
71574,1
71575,2
71577,1
71578,5
71581,3
71584,5
71587,3
71588,1
71590,2
71593,1
71594,2
71597,4
71600,2
71603,4
71606,1
71607,2
71609,1
71610,2
71613,4
71616,3
71619,4
71620,2
71622,1
71623,1
71626,2
71632,4
71635,5
71638,1
71639,2
71642,1
71644,1
71645,5
71648,1
71651,1
71654,3
71657,1
71658,1
71660,2
71661,2
71667,1
71670,2
71671,1
71673,2
71676,1
71677,2
71680,2
71683,3
71684,1
71690,4
71693,1
71696,6
71699,2
71703,4
71705,1
71709,1
71712,3
71715,4
71721,1
71722,1
71724,2
71725,2
71728,3
71731,2
71734,1
71735,1
71737,1
71740,2
71741,1
71744,2
71747,1
71750,1
71754,4
71757,1
71760,4
71763,3
71766,2
71767,1
71770,3
71772,1
71773,5
71776,1
71779,2
71782,1
71783,1
71785,3
71786,1
71789,3
71792,5
71795,2
71799,1
71801,1
71802,1
71804,1
71805,2
71808,2
71811,1
71814,1
71815,1
71817,1
71818,2
71820,2
71824,4
71827,3
71830,3
71833,1
71834,1
71837,3
71840,3
71844,1
71846,2
71847,1
71849,1
71850,3
71852,1
71853,3
71856,5
71859,1
71860,1
71862,3
71863,2
71869,1
71872,3
71875,3
71876,1
71878,1
71879,1
71881,1
71882,1
71885,1
71888,3
71894,4
71895,2
71897,1
71898,2
71901,4
71904,1
71907,3
71910,3
71911,2
71914,1
71917,1
71920,2
71923,1
71924,1
71926,2
71929,2
71933,2
71939,3
71940,1
71942,2
71945,1
71946,1
71949,1
71952,4
71964,3
71965,6
71968,4
71971,3
71972,1
71974,1
71975,1
71978,2
71980,1
71981,1
71984,9
71987,3
71988,1
71990,3
71991,1
71997,5
72000,4
72003,3
72004,2
72006,4
72009,1
72010,2
72013,1
72016,2
72019,1
72022,1
72023,2
72026,1
72028,1
72029,3
72032,3
72035,4
72036,2
72038,2
72041,1
72042,2
72048,6
72051,2
72054,2
72055,1
72057,1
72060,2
72061,6
72064,1
72070,2
72073,1
72074,4
72080,2
72083,3
72086,3
72087,2
72090,3
72092,1
72093,4
72096,3
72099,5
72102,3
72106,4
72109,4
72112,2
72119,3
72125,3
72131,6
72132,1
72134,4
72135,2
72138,6
72141,1
72144,6
72150,2
72151,2
72154,2
72156,1
72157,1
72160,3
72163,3
72166,2
72169,1
72170,1
72172,1
72176,1
72186,1
72189,5
72198,2
72199,1
72201,1
72202,2
72205,1
72208,2
72211,1
72214,4
72217,1
72220,1
72221,1
72224,3
72227,1
72230,1
72237,1
72240,6
72243,1
72244,1
72246,2
72247,2
72249,2
72250,1
72253,1
72259,2
72260,1
72265,3
72266,1
72268,2
72269,1
72272,1
72275,2
72278,3
72279,1
72285,2
72288,2
72291,3
72294,1
72297,1
72298,1
72300,1
72301,1
72304,1
72307,1
72308,1
72310,2
72311,2
72313,2
72314,2
72316,3
72317,1
72320,1
72323,5
72327,1
72329,1
72330,1
72332,1
72333,1
72336,3
72339,4
72342,3
72343,2
72348,1
72349,2
72352,4
72356,1
72358,1
72359,1
72361,2
72362,3
72364,1
72365,1
72368,7
72371,3
72374,1
72375,1
72378,1
72380,1
72387,1
72388,1
72390,1
72391,1
72393,1
72394,1
72396,1
72400,2
72403,3
72406,4
72407,1
72409,2
72410,1
72412,1
72413,2
72419,2
72420,1
72423,2
72425,1
72426,5
72429,2
72432,4
72435,3
72439,2
72441,1
72442,1
72445,1
72448,5
72451,1
72452,2
72455,1
72457,1
72458,2
72461,2
72464,5
72467,2
72468,1
72471,2
72474,2
72476,1
72477,1
72480,1
72486,2
72489,2
72490,1
72493,3
72496,1
72499,2
72500,1
72502,2
72505,1
72509,3
72512,2
72515,2
72516,1
72518,1
72519,2
72521,1
72522,3
72525,3
72531,1
72534,1
72535,1
72537,2
72544,2
72547,2
72550,2
72551,1
72553,1
72554,2
72556,1
72560,5
72563,2
72564,1
72566,1
72567,1
72573,1
72576,1
72579,1
72582,1
72585,1
72586,1
72589,1
72592,3
72595,1
72598,3
72599,3
72602,1
72604,2
72605,3
72608,2
72611,2
72612,1
72614,1
72615,1
72617,1
72618,1
72624,3
72627,2
72630,1
72633,1
72634,1
72636,1
72637,3
72640,1
72643,2
72644,1
72646,2
72649,1
72650,1
72653,2
72656,6
72659,2
72660,1
72666,2
72668,2
72669,6
72672,1
72675,5
72682,1
72685,2
72688,1
72691,2
72694,2
72697,2
72701,6
72707,3
72710,1
72714,6
72717,2
72720,3
72723,2
72726,2
72730,2
72733,5
72736,4
72739,1
72740,1
72745,1
72746,2
72752,4
72755,2
72758,2
72759,1
72762,1
72764,1
72765,1
72768,3
72771,3
72774,1
72777,2
72778,1
72781,2
72784,5
72788,2
72790,2
72791,1
72793,1
72796,1
72797,2
72800,1
72803,1
72809,2
72810,4
72812,1
72816,2
72819,1
72822,3
72823,3
72825,1
72826,1
72829,1
72832,3
72835,2
72836,1
72842,4
72845,1
72848,1
72854,6
72855,1
72861,1
72867,1
72868,1
72874,1
72880,11
72883,3
72884,1
72886,2
72887,1
72890,1
72893,2
72896,3
72899,1
72900,2
72903,1
72906,4
72908,1
72909,3
72912,2
72915,3
72918,5
72919,1
72924,1
72925,2
72928,5
72931,4
72934,2
72935,1
72937,1
72938,3
72940,1
72941,1
72944,1
72947,1
72950,2
72951,2
72957,2
72960,2
72963,7
72970,2
72976,7
72982,4
72983,2
72986,1
72988,2
72989,11
72992,3
72995,2
73001,2
73005,1
73008,4
73014,4
73015,2
73020,1
73021,1
73027,6
73028,1
73030,1
73033,1
73034,1
73043,2
73046,1
73047,1
73050,2
73053,3
73056,2
73059,1
73062,1
73063,1
73066,2
73068,1
73069,2
73072,2
73078,2
73079,1
73084,1
73085,1
73088,2
73092,1
73097,3
73104,2
73107,2
73111,1
73114,2
73117,5
73120,3
73123,2
73126,4
73127,1
73129,2
73130,3
73132,1
73136,4
73139,1
73140,1
73146,1
73148,2
73149,2
73155,1
73156,1
73158,1
73159,1
73161,2
73162,1
73168,5
73171,2
73174,3
73175,2
73178,1
73181,4
73184,2
73187,4
73193,1
73194,4
73197,2
73200,3
73203,2
73206,1
73209,2
73216,3
73219,6
73222,2
73225,1
73229,1
73232,4
73235,1
73236,1
73238,2
73239,1
73242,1
73245,2
73251,3
73252,1
73257,2
73258,1
73260,1
73261,1
73264,1
73270,1
73271,1
73276,1
73277,3
73283,3
73284,2
73286,1
73290,1
73293,2
73296,3
73299,2
73300,1
73302,3
73303,1
73306,1
73308,1
73309,1
73315,3
73316,1
73319,1
73321,2
73322,1
73325,4
73328,3
73331,1
73334,4
73335,1
73338,1
73341,1
73344,3
73347,3
73350,1
73356,1
73360,2
73363,1
73366,2
73367,1
73370,1
73372,1
73373,3
73376,2
73379,2
73380,2
73382,1
73383,1
73385,2
73386,1
73388,1
73389,1
73392,2
73398,3
73405,1
73408,3
73411,4
73414,1
73417,1
73420,1
73421,2
73424,5
73430,3
73437,5
73440,3
73443,1
73444,1
73447,1
73449,2
73450,1
73452,3
73456,6
73459,3
73460,1
73462,1
73463,2
73466,2
73468,2
73469,4
73472,1
73475,2
73482,4
73485,1
73488,3
73491,3
73492,1
73498,1
73501,1
73507,2
73513,2
73514,3
73516,1
73520,5
73523,1
73524,2
73526,3
73527,1
73529,2
73530,1
73532,1
73533,3
73536,1
73542,1
73546,2
73548,1
73549,1
73552,3
73558,3
73562,1
73564,3
73565,3
73571,1
73574,5
73575,1
73577,2
73578,4
73580,2
73581,4
73584,4
73587,1
73590,3
73591,1
73593,2
73594,2
73597,2
73603,1
73604,1
73606,1
73607,1
73609,1
73610,3
73613,1
73616,1
73619,1
73622,1
73623,4
73625,1
73629,4
73632,3
73635,1
73639,1
73641,1
73642,1
73648,3
73651,1
73655,3
73657,1
73660,1
73661,4
73664,1
73667,1
73671,2
73674,3
73677,4
73680,4
73683,1
73686,1
73689,2
73690,1
73693,1
73696,2
73699,1
73702,1
73705,3
73706,3
73709,1
73712,2
73722,3
73724,1
73731,5
73738,1
73744,3
73747,2
73750,1
73751,1
73753,1
73754,3
73757,4
73760,1
73763,3
73766,1
73770,4
73772,1
73776,3
73779,1
73780,1
73782,3
73783,1
73789,4
73792,1
73795,1
73798,2
73801,2
73802,1
73805,2
73808,4
73811,1
73814,1
73817,1
73820,1
73821,1
73824,4
73827,1
73828,1
73830,1
73831,1
73834,3
73836,1
73837,4
73840,2
73843,2
73847,1
73849,2
73850,2
73853,1
73856,3
73859,4
73865,2
73866,3
73869,1
73872,2
73875,1
73881,1
73882,1
73884,2
73891,1
73897,1
73898,3
73901,1
73904,2
73908,1
73913,1
73916,3
73917,2
73923,2
73924,1
73926,1
73927,1
73930,3
73933,1
73936,4
73939,2
73940,1
73942,3
73943,1
73945,2
73948,1
73955,1
73959,1
73961,1
73964,1
73965,4
73971,1
73974,2
73975,1
73977,1
73978,1
73981,4
73984,1
73987,1
73990,1
73994,1
73997,1
74000,6
74003,1
74004,1
74007,2
74010,1
74013,2
74016,3
74019,3
74020,3
74026,2
74032,4
74038,1
74041,1
74044,1
74045,4
74051,3
74055,1
74057,2
74058,1
74064,5
74070,3
74077,2
74080,3
74083,3
74084,1
74089,2
74090,1
74093,1
74096,1
74099,2
74102,1
74103,1
74105,1
74106,3
74109,4
74112,1
74121,1
74122,2
74124,1
74128,1
74132,1
74134,1
74140,1
74141,1
74144,2
74147,1
74150,1
74153,2
74154,1
74157,2
74160,5
74163,2
74172,1
74173,2
74176,4
74179,4
74180,1
74186,1
74188,1
74189,1
74192,3
74195,1
74198,1
74199,1
74204,1
74205,3
74208,2
74211,3
74212,2
74214,2
74218,2
74220,1
74221,1
74227,2
74230,3
74231,3
74234,1
74237,2
74240,1
74243,3
74247,2
74250,1
74252,1
74253,1
74256,4
74259,5
74262,2
74272,2
74275,1
74278,1
74281,1
74282,3
74285,1
74288,3
74291,3
74294,1
74295,1
74298,1
74301,2
74304,2
74307,1
74314,2
74317,1
74320,2
74323,1
74324,1
74326,1
74329,1
74330,1
74332,1
74333,1
74336,2
74339,1
74345,1
74346,3
74349,2
74352,2
74355,2
74359,2
74365,3
74368,1
74371,2
74372,1
74378,2
74381,2
74384,1
74387,2
74390,3
74393,1
74394,1
74396,1
74400,2
74406,1
74410,2
74416,1
74419,2
74423,2
74425,1
74426,2
74428,1
74429,1
74432,5
74435,1
74436,1
74441,1
74445,1
74448,1
74451,1
74454,2
74457,1
74461,4
74464,1
74467,2
74468,1
74471,1
74473,1
74474,1
74477,2
74480,1
74484,2
74487,3
74490,1
74493,3
74496,1
74500,2
74502,1
74505,1
74506,1
74512,3
74515,1
74518,1
74519,1
74521,1
74524,1
74525,3
74528,1
74531,2
74535,2
74538,1
74547,1
74548,1
74550,2
74560,1
74563,1
74564,3
74567,3
74569,2
74570,1
74573,2
74576,4
74579,1
74580,1
74582,3
74583,4
74586,1
74588,1
74589,3
74595,2
74599,1
74601,1
74602,2
74604,1
74608,2
74611,1
74614,2
74617,1
74618,1
74620,1
74621,6
74627,2
74630,3
74634,3
74637,1
74640,2
74643,2
74644,1
74646,1
74653,1
74659,3
74660,1
74663,1
74666,1
74669,2
74672,1
74679,1
74682,2
74685,1
74688,1
74691,4
74694,3
74695,2
74697,1
74698,2
74700,1
74704,1
74707,4
74710,2
74711,2
74714,1
74717,1
74720,1
74723,3
74727,1
74730,2
74736,1
74739,1
74742,4
74746,1
74749,2
74755,2
74765,1
74768,3
74771,1
74774,1
74775,1
74777,1
74781,1
74784,1
74787,1
74788,1
74790,3
74791,1
74794,2
74800,1
74803,1
74806,1
74807,2
74809,1
74813,4
74816,2
74819,1
74823,2
74825,2
74832,1
74836,1
74838,2
74839,2
74841,2
74845,2
74848,1
74851,3
74854,1
74857,1
74861,1
74864,2
74867,1
74870,1
74871,1
74876,1
74877,2
74880,2
74883,1
74886,1
74887,1
74889,1
74890,1
74893,1
74896,2
74899,1
74900,2
74902,2
74903,3
74915,5
74918,1
74919,1
74921,1
74922,1
74925,2
74928,2
74934,1
74937,1
74938,1
74940,1
74941,1
74944,4
74947,3
74950,3
74954,1
74960,2
74966,4
74969,1
74970,1
74973,2
74976,3
74979,1
74980,1
74982,1
74983,1
74988,1
74992,2
75001,1
75004,1
75005,3
75008,3
75011,2
75014,2
75015,1
75017,2
75021,1
75027,1
75030,1
75033,1
75037,1
75040,2
75043,2
75049,3
75050,1
75053,3
75056,7
75059,5
75063,1
75069,1
75072,1
75078,1
75082,2
75084,2
75085,1
75088,2
75094,1
75095,1
75100,1
75101,3
75104,1
75107,4
75110,1
75113,2
75114,2
75117,3
75120,2
75123,1
75124,3
75126,3
75133,3
75136,2
75139,2
75140,1
75146,1
75152,1
75155,2
75158,1
75162,1
75164,1
75165,2
75174,2
75177,1
75178,2
75184,1
75190,1
75191,1
75193,1
75194,2
75196,1
75197,4
75200,4
75204,1
75206,2
75207,1
75209,2
75216,2
75219,1
75222,2
75223,2
75229,4
75232,1
75235,3
75236,1
75239,1
75241,1
75242,2
75245,1
75248,2
75251,2
75254,1
75258,1
75261,1
75267,3
75271,1
75276,1
75277,1
75280,3
75283,1
75286,2
75289,1
75292,1
75293,1
75296,1
75302,2
75303,1
75309,2
75312,4
75315,2
75321,1
75322,1
75325,3
75328,2
75331,1
75332,1
75335,1
75340,3
75344,3
75347,1
75351,1
75356,1
75357,3
75360,2
75363,1
75366,2
75367,1
75369,2
75370,2
75376,2
75379,1
75382,2
75385,1
75386,1
75388,1
75389,6
75392,1
75395,2
75401,2
75402,3
75405,2
75411,2
75414,3
75415,1
75417,1
75418,1
75421,2
75424,2
75427,1
75433,2
75434,1
75436,1
75437,3
75447,1
75450,1
75456,1
75459,1
75462,1
75465,1
75466,2
75472,3
75475,1
75478,1
75484,1
75485,3
75491,1
75501,3
75504,1
75507,2
75508,2
75510,1
75516,1
75517,2
75520,4
75523,1
75533,1
75542,1
75546,1
75548,1
75549,2
75552,1
75555,1
75556,1
75558,1
75565,1
75568,1
75571,1
75574,1
75575,2
75577,1
75578,1
75581,2
75584,1
75587,4
75593,1
75597,1
75600,5
75603,2
75606,1
75607,1
75610,1
75613,4
75616,3
75619,2
75622,1
75623,2
75626,1
75629,1
75632,1
75635,1
75638,2
75639,1
75641,1
75645,1
75648,1
75655,1
75658,1
75661,2
75664,4
75667,1
75671,2
75673,3
75677,2
75680,1
75683,1
75686,1
75690,1
75693,1
75696,2
75699,1
75702,1
75709,1
75712,1
75716,2
75721,1
75722,1
75725,1
75728,5
75731,2
75734,4
75735,1
75741,1
75744,1
75747,3
75750,1
75753,1
75754,2
75757,1
75760,2
75766,2
75769,2
75773,2
75776,2
75779,1
75785,2
75786,1
75792,2
75799,5
75805,1
75815,1
75818,1
75824,1
75827,2
75830,1
75831,2
75833,1
75834,1
75836,2
75840,1
75843,3
75853,1
75856,1
75862,1
75869,4
75875,1
75878,2
75879,1
75881,3
75884,3
75885,1
75888,1
75891,2
75894,3
75895,1
75897,1
75898,1
75901,1
75904,1
75907,1
75908,1
75910,1
75911,1
75914,1
75917,1
75920,6
75923,1
75926,1
75929,1
75933,2
75936,1
75939,2
75940,1
75942,1
75945,1
75946,2
75955,1
75958,1
75961,1
75964,1
75965,2
75968,2
75974,1
75977,2
75980,1
75981,1
75984,1
75991,2
75996,1
75997,1
76000,1
76003,3
76006,1
76009,1
76013,3
76016,3
76019,2
76020,1
76023,1
76025,1
76026,2
76028,1
76029,1
76032,1
76035,2
76036,1
76038,2
76042,1
76045,1
76048,3
76051,1
76054,2
76061,1
76068,2
76071,2
76073,1
76074,1
76080,2
76083,2
76086,1
76087,2
76092,1
76093,1
76099,1
76106,1
76112,2
76115,1
76118,2
76121,1
76125,3
76128,1
76134,1
76135,1
76138,2
76144,5
76150,2
76151,2
76160,2
76163,1
76166,1
76167,1
76170,2
76176,2
76179,1
76182,1
76183,1
76188,2
76189,2
76192,2
76195,1
76198,4
76199,2
76201,2
76202,1
76205,1
76208,3
76211,1
76214,2
76215,1
76217,2
76218,4
76224,3
76227,2
76233,1
76237,3
76240,1
76243,1
76246,1
76250,1
76253,1
76256,1
76259,2
76262,1
76263,1
76265,1
76266,3
76272,2
76278,2
76279,2
76281,1
76282,1
76284,1
76285,2
76288,2
76291,2
76294,1
76301,1
76304,1
76307,1
76310,1
76311,3
76313,1
76316,1
76317,2
76320,1
76323,1
76324,1
76326,1
76329,3
76330,1
76332,1
76333,1
76336,1
76340,1
76342,2
76349,1
76356,1
76362,1
76365,1
76368,4
76374,1
76377,1
76384,1
76391,1
76393,1
76394,1
76397,1
76400,1
76403,1
76406,1
76407,1
76409,1
76412,2
76416,1
76419,2
76422,1
76432,2
76435,4
76438,1
76439,2
76442,1
76445,1
76451,2
76457,1
76458,3
76461,3
76464,4
76470,1
76476,2
76480,1
76483,1
76489,2
76490,2
76493,1
76499,1
76500,1
76502,1
76503,1
76509,2
76515,3
76519,2
76522,1
76524,1
76525,3
76528,1
76531,1
76532,1
76534,1
76535,1
76537,1
76538,1
76541,2
76544,2
76547,2
76550,1
76554,1
76566,1
76567,2
76570,1
76573,1
76576,1
76580,1
76582,1
76586,3
76595,2
76601,1
76602,1
76605,2
76608,1
76611,1
76612,1
76617,1
76618,2
76624,2
76631,1
76633,1
76634,1
76637,1
76643,1
76644,1
76647,1
76649,2
76652,2
76653,2
76659,1
76660,1
76666,1
76675,3
76676,1
76678,2
76682,1
76684,1
76691,2
76694,1
76701,1
76704,3
76710,2
76714,1
76720,3
76723,1
76726,1
76729,1
76730,1
76732,1
76733,1
76736,3
76739,1
76740,1
76752,1
76764,1
76765,2
76771,2
76774,2
76777,1
76778,2
76784,2
76787,1
76788,3
76790,1
76791,1
76793,1
76796,3
76797,2
76800,1
76803,2
76804,1
76806,2
76812,1
76819,1
76826,1
76828,1
76829,1
76832,1
76836,1
76839,2
76842,2
76844,1
76848,1
76851,1
76857,1
76867,2
76874,3
76877,2
76880,3
76883,1
76886,1
76890,1
76893,1
76899,1
76900,1
76902,1
76905,1
76906,1
76909,1
76919,2
76922,1
76928,1
76931,2
76938,1
76941,1
76944,5
76948,1
76950,2
76954,2
76957,1
76960,1
76963,1
76966,1
76969,1
76976,3
76980,1
76982,1
76988,2
76989,1
76992,1
76998,1
77002,2
77008,4
77014,1
77015,2
77018,1
77021,1
77027,1
77028,1
77033,1
77040,1
77046,1
77049,1
77053,4
77056,1
77059,2
77060,1
77065,1
77066,2
77068,1
77079,1
77084,1
77085,2
77091,2
77095,1
77097,1
77101,1
77104,4
77107,1
77110,2
77113,2
77114,1
77117,1
77120,2
77123,2
77124,2
77126,1
77129,2
77130,1
77132,1
77136,1
77142,2
77146,1
77149,1
77152,1
77155,2
77156,3
77165,1
77168,3
77174,2
77175,1
77178,2
77180,1
77181,2
77184,2
77190,2
77193,4
77197,1
77203,3
77207,1
77219,1
77223,1
77226,1
77229,2
77232,1
77239,1
77241,1
77242,1
77245,1
77251,1
77255,2
77257,1
77264,2
77267,1
77270,1
77274,1
77277,1
77280,1
77283,3
77284,1
77286,1
77287,1
77290,1
77299,1
77302,1
77303,3
77306,1
77309,1
77312,3
77315,2
77316,1
77321,1
77322,1
77325,1
77328,1
77332,1
77334,1
77335,1
77338,1
77341,1
77347,1
77350,1
77351,1
77353,1
77354,2
77357,2
77360,1
77366,3
77373,2
77376,1
77379,1
77380,1
77382,1
77385,1
77386,1
77389,1
77392,2
77395,1
77398,2
77399,1
77402,2
77408,1
77411,1
77412,1
77414,2
77418,1
77424,1
77427,1
77434,2
77437,1
77440,1
77443,2
77446,1
77450,1
77459,1
77460,1
77462,1
77466,2
77469,1
77472,2
77475,2
77479,1
77482,3
77484,1
77485,1
77494,1
77501,2
77504,1
77507,1
77508,1
77513,3
77514,1
77520,1
77523,2
77527,2
77532,1
77533,2
77536,1
77539,2
77545,3
77546,1
77549,1
77552,1
77555,1
77556,1
77558,1
77562,1
77565,1
77568,1
77577,2
77578,1
77584,1
77587,3
77588,1
77590,1
77593,1
77594,1
77603,4
77606,2
77610,1
77616,2
77623,2
77626,2
77628,2
77635,2
77636,1
77638,1
77641,1
77642,1
77645,2
77654,1
77655,2
77658,1
77664,1
77670,1
77671,1
77674,1
77680,5
77683,1
77684,1
77692,1
77693,2
77699,1
77702,1
77705,1
77709,1
77724,1
77725,3
77728,2
77731,2
77734,1
77738,4
77744,1
77750,1
77751,3
77757,1
77763,5
77766,2
77769,1
77770,1
77776,2
77779,2
77783,2
77785,1
77789,1
77792,1
77795,2
77796,1
77805,1
77808,1
77811,1
77814,2
77815,2
77824,1
77827,1
77828,1
77833,1
77834,1
77837,2
77844,1
77846,1
77847,2
77849,1
77850,2
77853,1
77859,3
77862,1
77865,1
77866,1
77868,1
77869,1
77875,1
77878,2
77882,1
77885,4
77888,1
77894,1
77898,2
77901,1
77904,3
77907,1
77910,1
77914,2
77917,3
77923,2
77927,1
77936,1
77939,2
77942,1
77943,1
77946,1
77949,2
77952,3
77965,1
77968,4
77971,1
77974,2
77980,1
77981,2
77987,2
77994,2
77997,1
78000,4
78003,2
78007,2
78013,2
78016,3
78019,2
78023,1
78026,1
78029,1
78035,2
78036,1
78038,2
78042,1
78044,1
78048,1
78051,1
78052,1
78055,1
78058,1
78061,1
78064,3
78070,1
78074,1
78080,2
78086,2
78089,1
78090,3
78096,2
78099,1
78102,1
78106,2
78112,1
78115,1
78116,1
78122,1
78128,1
78132,1
78134,3
78141,3
78144,2
78147,2
78154,1
78160,1
78163,2
78164,1
78166,2
78170,2
78173,3
78179,1
78186,3
78192,1
78195,2
78201,1
78205,1
78211,1
78218,1
78224,3
78227,2
78230,2
78231,1
78237,3
78240,1
78246,1
78252,1
78256,2
78259,2
78262,2
78269,3
78272,1
78275,2
78281,1
78282,1
78284,1
78285,1
78301,2
78304,1
78307,1
78313,1
78316,1
78320,2
78323,1
78324,1
78327,1
78333,1
78339,2
78346,1
78349,2
78352,1
78358,2
78362,2
78365,3
78368,1
78371,1
78374,1
78377,2
78381,1
78384,5
78388,1
78390,1
78400,1
78403,1
78406,1
78407,1
78409,1
78410,1
78420,1
78422,2
78423,1
78425,1
78426,2
78429,2
78432,1
78435,5
78436,1
78438,1
78439,1
78442,1
78445,2
78448,1
78451,2
78454,1
78455,1
78464,3
78467,1
78473,2
78474,2
78480,1
78483,1
78487,1
78489,1
78496,2
78509,1
78512,2
78515,1
78518,1
78525,2
78528,1
78535,1
78537,1
78538,1
78541,2
78544,1
78547,1
78550,2
78551,2
78553,1
78556,1
78557,2
78560,3
78569,1
78576,1
78582,1
78583,2
78585,1
78589,2
78592,2
78595,1
78596,1
78599,1
78601,2
78604,2
78608,1
78614,1
78621,1
78627,1
78631,1
78634,1
78643,1
78646,1
78650,1
78653,1
78666,3
78669,3
78672,1
78678,1
78679,1
78681,1
78682,1
78685,2
78688,1
78691,1
78692,1
78695,1
78698,2
78701,2
78707,2
78710,1
78713,1
78720,2
78723,1
78724,1
78727,2
78729,1
78736,2
78739,2
78752,1
78755,1
78768,3
78774,1
78781,1
78784,1
78791,1
78794,2
78797,1
78804,1
78806,2
78810,1
78813,2
78816,3
78820,1
78823,1
78826,2
78832,2
78835,1
78838,1
78841,1
78848,1
78851,1
78852,1
78855,1
78861,1
78870,1
78871,1
78880,3
78883,1
78892,1
78893,1
78896,1
78899,2
78902,1
78906,2
78909,3
78915,2
78919,1
78922,1
78925,1
78928,1
78931,1
78937,1
78941,3
78944,1
78947,2
78954,3
78957,1
78960,1
78966,2
78969,1
78976,1
78979,2
78986,1
78989,1
78992,3
78998,1
78999,3
79005,4
79008,1
79011,2
79015,1
79024,2
79027,1
79031,1
79034,1
79036,1
79037,2
79040,3
79046,2
79052,1
79053,1
79056,2
79059,2
79062,1
79063,1
79066,1
79072,2
79075,2
79082,2
79085,1
79088,3
79092,1
79095,3
79097,1
79101,1
79104,1
79107,2
79114,2
79117,2
79120,1
79126,1
79127,1
79133,1
79145,1
79146,1
79152,1
79158,2
79165,1
79171,2
79178,1
79180,1
79184,2
79188,1
79190,1
79191,1
79194,2
79197,1
79213,1
79219,2
79222,1
79223,2
79229,1
79235,1
79238,1
79261,2
79264,1
79273,1
79280,3
79286,1
79287,2
79290,1
79293,5
79296,1
79315,2
79318,2
79322,1
79325,1
79328,1
79337,1
79338,1
79344,1
79357,1
79360,1
79363,1
79370,1
79380,1
79386,2
79389,1
79392,1
79399,1
79401,1
79408,2
79415,2
79421,4
79424,1
79427,2
79428,1
79430,1
79437,1
79440,1
79443,1
79446,2
79456,2
79463,1
79472,2
79475,2
79479,1
79484,1
79485,1
79492,1
79494,1
79500,1
79504,4
79507,1
79508,1
79511,1
79517,2
79520,1
79523,2
79530,1
79533,1
79539,1
79543,1
79549,2
79552,1
79555,2
79565,1
79568,1
79574,2
79575,1
79577,2
79584,2
79594,1
79596,1
79600,3
79606,1
79607,1
79610,2
79613,2
79619,3
79622,1
79623,1
79629,1
79632,1
79648,1
79651,2
79658,1
79661,1
79664,2
79671,1
79677,1
79680,2
79683,1
79687,1
79690,1
79692,1
79693,2
79699,1
79700,1
79702,2
79709,1
79712,1
79715,2
79718,1
79722,1
79725,1
79728,2
79731,2
79735,1
79737,1
79741,1
79744,1
79753,1
79754,2
79760,1
79776,1
79779,1
79786,1
79792,1
79795,1
79798,1
79805,2
79811,1
79815,1
79824,1
79827,1
79830,1
79833,1
79837,1
79840,1
79844,1
79847,1
79863,1
79865,1
79872,2
79875,1
79882,1
79888,2
79895,1
79901,2
79907,1
79917,1
79920,1
79929,1
79933,2
79939,1
79945,2
79946,1
79952,1
79964,1
79965,2
79971,3
79980,1
79991,1
79994,1
80000,1
80006,2
80009,1
80013,1
80016,2
80029,2
80042,1
80048,1
80061,1
80067,1
80073,1
80074,3
80076,1
80077,1
80086,1
80093,1
80096,2
80099,3
80106,1
80109,1
80112,2
80128,1
80131,2
80150,2
80157,2
80163,1
80164,1
80176,5
80186,1
80192,2
80195,1
80202,1
80221,1
80224,1
80227,1
80228,1
80230,2
80240,2
80246,1
80247,1
80249,1
80256,2
80259,2
80266,1
80272,3
80282,1
80288,1
80294,1
80295,1
80301,1
80304,2
80311,1
80314,1
80316,1
80317,1
80323,1
80326,1
80330,1
80345,1
80355,2
80361,1
80362,2
80365,2
80368,1
80372,1
80384,1
80387,2
80406,1
80416,4
80419,1
80425,1
80426,3
80429,1
80435,1
80445,2
80451,1
80454,1
80458,1
80464,1
80470,1
80471,1
80476,1
80477,1
80480,1
80483,1
80489,1
80493,1
80496,2
80499,1
80515,1
80522,2
80531,1
80535,1
80537,1
80541,1
80544,1
80547,1
80550,1
80557,1
80566,1
80569,1
80570,1
80572,1
80576,1
80579,1
80582,1
80598,1
80602,1
80605,1
80614,1
80617,1
80618,1
80624,1
80630,1
80631,1
80637,2
80644,1
80656,1
80663,1
80681,1
80684,1
80685,1
80701,1
80704,1
80707,2
80713,1
80720,2
80730,1
80733,1
80736,1
80755,1
80765,3
80796,1
80800,1
80807,2
80816,1
80822,1
80832,1
80838,1
80841,1
80845,1
80851,1
80854,1
80858,1
80860,1
80861,1
80870,1
80871,1
80873,1
80880,1
80886,1
80890,3
80893,1
80900,1
80918,1
80919,1
80925,1
80937,1
80938,1
80944,2
80954,1
80976,1
80985,1
80988,1
80992,1
80995,2
81002,1
81004,3
81005,3
81008,2
81018,1
81021,1
81024,2
81027,4
81028,1
81034,1
81043,1
81046,1
81050,1
81053,1
81078,1
81081,1
81085,2
81088,1
81091,1
81097,1
81104,1
81110,1
81129,2
81130,1
81139,1
81140,1
81142,1
81148,1
81152,2
81161,1
81168,1
81180,2
81187,1
81193,1
81200,1
81203,1
81206,1
81212,1
81213,1
81226,1
81232,1
81238,2
81239,1
81241,1
81242,1
81251,2
81258,1
81260,1
81261,1
81264,1
81271,1
81283,1
81290,2
81293,1
81308,1
81309,2
81318,1
81321,1
81328,1
81331,1
81340,1
81341,1
81347,3
81351,1
81354,1
81357,2
81360,1
81363,1
81366,1
81369,1
81376,1
81379,3
81385,1
81386,1
81388,1
81405,1
81414,1
81424,2
81447,2
81449,1
81450,1
81453,1
81463,1
81472,1
81475,2
81482,1
81485,1
81491,1
81501,1
81507,1
81508,1
81510,1
81520,3
81526,1
81533,1
81536,1
81539,2
81549,1
81552,1
81558,1
81559,1
81562,1
81584,1
81587,1
81590,1
81597,2
81604,1
81606,1
81610,1
81613,1
81619,1
81625,1
81635,1
81636,1
81648,1
81651,1
81660,1
81661,3
81667,2
81680,1
81692,1
81712,1
81715,1
81718,2
81725,1
81728,2
81735,1
81744,1
81750,2
81751,1
81754,1
81756,1
81757,2
81766,1
81782,1
81785,1
81788,1
81801,2
81808,1
81814,1
81821,1
81824,1
81827,1
81846,1
81859,1
81863,1
81866,1
81897,1
81901,1
81904,1
81908,1
81911,1
81913,1
81917,1
81933,1
81939,1
81943,1
81952,1
81959,1
81975,1
81990,1
82003,1
82013,1
82016,1
82032,2
82035,1
82052,1
82058,1
82061,2
82077,1
82080,1
82083,1
82096,1
82099,2
82102,1
82115,1
82118,1
82131,1
82135,1
82138,1
82147,1
82163,1
82170,1
82172,1
82179,2
82185,1
82186,2
82195,1
82199,1
82205,2
82211,1
82218,1
82227,1
82231,1
82234,1
82244,1
82250,1
82259,1
82278,1
82281,1
82285,1
82288,1
82297,1
82304,1
82308,1
82317,1
82330,2
82336,1
82339,3
82349,1
82355,1
82359,1
82361,1
82362,1
82364,1
82403,2
82409,1
82416,1
82420,1
82432,1
82435,1
82442,1
82448,1
82455,1
82467,1
82470,1
82471,1
82480,2
82483,1
82496,1
82502,1
82509,2
82519,1
82522,1
82541,1
82557,1
82560,1
82589,1
82595,1
82599,2
82602,1
82605,1
82611,1
82617,2
82634,1
82653,1
82662,1
82663,1
82666,1
82672,1
82678,2
82679,2
82682,2
82691,3
82695,1
82697,1
82707,1
82711,2
82723,1
82726,1
82759,1
82772,1
82775,1
82781,1
82784,1
82787,1
82790,1
82794,1
82800,1
82803,1
82810,1
82822,1
82829,1
82832,1
82839,1
82852,1
82855,1
82860,1
82864,1
82867,1
82877,1
82887,1
82896,1
82903,1
82908,1
82915,1
82916,1
82918,1
82919,1
82925,1
82934,2
82935,1
82937,1
82941,1
82944,1
82951,1
82960,1
82963,2
82973,1
82986,1
82988,1
82998,1
83017,2
83027,1
83030,1
83033,1
83037,2
83043,1
83050,1
83056,2
83063,2
83088,1
83095,1
83098,1
83101,1
83104,1
83107,1
83114,1
83123,1
83139,2
83140,1
83142,1
83146,1
83158,1
83161,1
83184,1
83190,1
83206,1
83229,1
83232,1
83267,1
83273,1
83277,2
83290,1
83331,1
83334,1
83376,1
83383,1
83399,2
83414,1
83417,1
83430,1
83431,1
83437,1
83443,1
83447,1
83460,1
83468,1
83469,2
83494,1
83504,2
83507,1
83508,1
83523,1
83530,2
83536,2
83549,1
83556,1
83558,1
83587,2
83603,1
83642,1
83655,1
83657,1
83658,1
83667,1
83676,1
83683,1
83690,1
83696,1
83702,2
83712,1
83715,1
83724,1
83728,3
83731,1
83734,1
83747,1
83763,1
83779,1
83783,1
83785,1
83805,1
83808,1
83818,2
83824,1
83843,1
83847,1
83849,1
83850,1
83860,1
83869,1
83878,1
83892,1
83894,1
83914,1
83936,1
83949,1
83971,1
83987,1
83997,1
84022,1
84048,2
84058,1
84074,1
84087,1
84106,1
84109,1
84115,1
84122,1
84131,1
84134,2
84157,1
84164,1
84185,1
84208,2
84215,1
84224,1
84233,1
84240,1
84262,1
84284,1
84292,1
84298,1
84317,1
84323,1
84326,1
84327,1
84339,1
84343,1
84349,1
84362,1
84365,1
84384,1
84455,1
84458,1
84471,1
84474,1
84512,1
84521,1
84525,1
84528,2
84550,1
84560,1
84569,1
84570,1
84576,1
84579,1
84583,1
84586,1
84595,1
84611,2
84620,1
84634,2
84637,1
84647,1
84659,1
84672,2
84679,1
84691,1
84716,1
84720,1
84723,1
84727,1
84736,1
84745,1
84752,1
84758,1
84761,1
84810,1
84835,1
84838,1
84839,1
84848,1
84851,1
84861,1
84874,2
84877,1
84880,1
84883,1
84886,1
84924,1
84944,1
84970,1
84976,1
85002,1
85052,1
85053,1
85072,1
85120,1
85126,2
85129,1
85136,1
85143,1
85159,1
85175,1
85184,1
85191,1
85193,1
85194,1
85232,3
85238,1
85261,1
85273,1
85274,1
85296,1
85303,1
85321,1
85324,1
85331,1
85344,1
85372,1
85404,1
85475,2
85485,1
85507,2
85510,1
85520,1
85527,1
85543,1
85549,1
85603,1
85616,1
85629,1
85648,1
85655,1
85673,1
85676,1
85683,1
85686,1
85687,1
85693,1
85699,1
85725,1
85734,1
85750,1
85769,1
85786,1
85792,1
85801,2
85802,1
85804,1
85817,1
85827,2
85830,1
85852,1
85853,2
85862,1
85904,1
85910,1
85916,1
85930,2
85978,1
86003,1
86019,2
86029,1
86035,1
86045,1
86048,1
86058,1
86070,2
86096,2
86105,1
86109,2
86115,1
86148,1
86160,1
86169,1
86182,1
86189,1
86198,1
86221,1
86231,1
86236,1
86262,1
86285,1
86311,1
86327,2
86330,1
86333,1
86346,2
86359,1
86365,1
86371,1
86397,1
86428,1
86454,1
86457,1
86464,1
86480,1
86483,1
86518,1
86547,1
86564,1
86570,1
86573,1
86582,1
86608,1
86624,1
86627,1
86640,1
86659,1
86682,1
86691,1
86704,1
86717,1
86720,1
86723,1
86755,2
86761,1
86825,2
86838,1
86841,1
86864,2
86873,1
86890,1
86896,1
86909,1
86916,1
86937,1
86956,1
87005,1
87011,1
87017,1
87030,1
87033,1
87065,1
87068,1
87072,1
87143,1
87235,1
87296,1
87331,1
87332,1
87344,1
87350,2
87354,1
87357,1
87398,1
87405,1
87424,1
87452,1
87479,1
87536,1
87543,1
87587,1
87639,1
87651,2
87657,1
87671,1
87686,1
87719,1
87737,1
87770,1
87808,1
87833,1
87837,1
87952,1
87972,1
87974,1
88041,1
88090,1
88093,1
88173,1
88202,1
88208,2
88230,1
88250,1
88272,1
88285,1
88323,1
88400,1
88403,1
88413,1
88435,1
88442,1
88445,1
88451,1
88467,1
88502,1
88564,1
88599,1
88720,1
88771,1
88813,1
88836,1
88867,2
88893,1
88944,1
88995,1
89004,1
89024,1
89034,1
89091,1
89098,1
89117,1
89206,1
89219,1
89286,1
89312,1
89331,1
89395,1
89418,1
89433,1
89440,1
89508,1
89520,1
89578,1
89702,1
89709,1
89718,1
89738,1
89815,1
89852,1
89881,1
90087,1
90250,1
90310,1
90371,2
90425,1
90637,1
90698,1
90816,1
90832,1
90998,1
91027,1
91028,1
91158,1
91165,1
91255,1
91440,1
91478,1
91542,1
91556,1
92106,1
92227,1
92403,1
92528,1
92720,1
92733,1
92790,1
92867,1
92874,1
92944,1
93418,1
93693,1
93731,1
93859,1
93968,1
94077,2
94384,1
94461,1
95174,1
95399,1
95782,1
95891,1
96176,1
96237,1
96240,1
96586,1
96854,1
96870,1
97113,1
97629,1
98473,1
99914,1
99991,1
106054,1
106263,1
108307,1
111427,1
118064,1
120054,1
120756,1
121373,1
124688,1
125533,1
131232,1
137117,1
137309,1
160137,1
164374,1
209098,1
227517,1
298057,1
321472,1
356640,1
362579,1
365280,1
375356,1
377165,1
386560,1
391191,1
395881,1
404992,1
410841,1
412166,1
412611,1
412969,1
419146,1
423850,1
428499,1
429040,1
429158,1
434470,1
437526,1
444016,1
445180,1
448163,1
448672,1
450339,1
460700,1
462764,1
465155,1
466390,1
469424,1
476374,1
479532,1
482819,1
483152,1
483731,1
498412,1
501828,1
503690,1
506614,1
517190,1
520509,1
521783,1
524074,1
529904,1
535017,1
535837,1
537450,1
539959,1
546323,1
549446,1
552887,1
557072,1
558678,1
561146,1
567312,1
568128,1
574476,1
575859,1
579718,1
579843,1
583623,1
590800,1
591939,1
593866,1
600525,1
602695,1
604048,1
605866,1
610115,1
616924,1
620310,1
627081,1
629238,1
636934,1
642688,1
643353,1
643357,1
656823,1
661158,1
662128,1
662634,1
665216,1
676336,1
677459,1
680893,1
682851,1
683203,1
687338,1
696560,1
697366,1
700518,1
700880,1
701347,1
704902,1
714160,1
715145,1
716685,1
720221,1
724493,1
728905,1
734944,1
735728,1
736304,1
738656,1
741424,1
745654,1
749818,1
754377,1
758678,1
762589,1
767785,1
772765,1
775315,1
775824,1
787492,1
795129,1
795862,1
798794,1
806199,1
808029,1
811500,1
814409,1
818416,1
823184,1
827706,1
827930,1
829737,1
836864,1
838532,1
841616,1
844522,1
844589,1
849904,1
852188,1
857015,1
859197,1
864518,1
865737,1
866576,1
869555,1
870358,1
877766,1
882921,1
885968,1
886013,1
887184,1
888464,1
896492,1
900323,1
906077,1
916771,1
918636,1
920298,1
926192,1
939360,1
941994,1
947847,1
958947,1
960170,1
964009,1
964672,1
5771110,1
5778854,1
5782083,1
5784540,1
5805261,1
