# Samples: 98728, Average: 5316.9 ns, StdDev: 809.9 ns, Quartiles: 4716.0/5184.0/5744.0 ns
4153,2
4154,1
4157,1
4160,1
4166,2
4167,2
4173,7
4176,1
4179,4
4180,3
4183,1
4185,2
4186,6
4189,1
4192,12
4195,1
4198,10
4199,2
4202,4
4204,1
4205,8
4208,3
4211,14
4212,7
4214,4
4215,1
4217,4
4218,12
4220,1
4221,3
4224,27
4227,4
4228,1
4230,27
4231,9
4233,1
4234,3
4236,8
4237,21
4240,9
4243,36
4244,8
4246,15
4247,1
4249,13
4250,32
4253,10
4256,58
4259,9
4262,27
4263,25
4265,9
4266,11
4268,15
4269,57
4272,19
4275,51
4276,12
4278,13
4279,10
4281,50
4282,47
4284,5
4285,12
4288,101
4291,15
4292,9
4294,69
4295,52
4297,9
4298,15
4300,24
4301,92
4304,39
4307,118
4308,19
4310,23
4311,9
4313,66
4314,101
4316,4
4317,27
4320,152
4323,29
4324,3
4326,88
4327,66
4329,16
4330,21
4332,28
4333,138
4336,45
4339,152
4340,32
4342,19
4343,5
4345,74
4346,92
4348,10
4349,33
4352,199
4355,32
4356,10
4358,125
4359,77
4361,17
4362,19
4364,41
4365,164
4368,53
4371,173
4372,36
4374,28
4375,30
4377,74
4378,137
4380,6
4381,44
4384,229
4387,51
4388,12
4390,161
4391,104
4393,14
4394,42
4396,45
4397,226
4400,60
4403,212
4404,44
4406,30
4407,21
4409,113
4410,176
4412,14
4413,55
4416,264
4419,56
4420,10
4422,170
4423,122
4425,25
4426,52
4428,69
4429,228
4432,63
4435,237
4436,55
4438,43
4439,21
4441,129
4442,173
4444,14
4445,53
4448,275
4451,46
4452,14
4454,177
4455,106
4457,32
4458,37
4460,70
4461,250
4464,60
4467,249
4468,54
4470,42
4471,24
4473,111
4474,200
4476,15
4477,61
4480,341
4483,57
4484,20
4486,195
4487,137
4489,32
4490,38
4492,50
4493,229
4496,82
4499,249
4500,66
4502,39
4503,27
4505,125
4506,191
4508,20
4509,60
4512,315
4515,75
4516,19
4518,223
4519,135
4521,36
4522,47
4524,70
4525,274
4528,72
4531,268
4532,79
4534,47
4535,28
4537,140
4538,214
4540,19
4541,65
4544,323
4547,72
4548,19
4550,229
4551,140
4553,36
4554,44
4556,76
4557,258
4560,77
4563,278
4564,67
4566,48
4567,39
4569,140
4570,203
4572,12
4573,71
4576,336
4579,64
4580,10
4582,190
4583,128
4585,27
4586,47
4588,66
4589,272
4592,80
4595,262
4596,58
4598,43
4599,30
4601,126
4602,206
4604,15
4605,65
4608,325
4611,58
4612,23
4614,226
4615,137
4617,18
4618,57
4620,68
4621,279
4624,79
4627,277
4628,68
4630,67
4631,30
4633,120
4634,197
4636,14
4637,58
4640,348
4643,65
4644,21
4646,211
4647,109
4649,45
4650,42
4652,63
4653,283
4656,89
4659,267
4660,77
4662,57
4663,45
4665,148
4666,197
4668,18
4669,77
4672,317
4675,65
4676,14
4678,228
4679,137
4681,34
4682,48
4684,82
4685,283
4688,85
4691,264
4692,68
4694,68
4695,44
4697,148
4698,225
4700,19
4701,70
4704,367
4707,65
4708,16
4710,231
4711,149
4713,46
4714,44
4716,73
4717,283
4720,94
4723,279
4724,68
4726,59
4727,29
4729,129
4730,195
4732,15
4733,76
4736,346
4739,82
4740,21
4742,223
4743,149
4745,37
4746,43
4748,85
4749,271
4752,91
4755,333
4756,79
4758,61
4759,41
4761,133
4762,171
4764,14
4765,71
4768,355
4771,65
4772,13
4774,221
4775,133
4777,38
4778,53
4780,74
4781,265
4784,75
4787,272
4788,77
4790,59
4791,26
4793,145
4794,243
4796,18
4797,56
4800,312
4803,62
4804,17
4806,186
4807,126
4809,21
4810,48
4812,65
4813,238
4816,81
4819,267
4820,58
4822,53
4823,33
4825,131
4826,198
4828,25
4829,62
4832,333
4835,65
4836,20
4838,192
4839,129
4841,36
4842,49
4844,77
4845,246
4848,67
4851,261
4852,61
4854,48
4855,31
4857,120
4858,175
4860,16
4861,58
4864,276
4867,59
4868,15
4870,173
4871,137
4873,26
4874,46
4876,55
4877,222
4880,80
4883,219
4884,37
4886,30
4887,20
4889,95
4890,150
4892,11
4893,47
4896,232
4899,32
4900,10
4902,144
4903,102
4905,27
4906,32
4908,48
4909,199
4912,51
4915,193
4916,60
4918,31
4919,27
4921,104
4922,176
4924,6
4925,44
4928,253
4931,35
4932,16
4934,149
4935,107
4937,19
4938,37
4940,47
4941,163
4944,49
4947,192
4948,57
4950,23
4951,26
4953,97
4954,147
4956,10
4957,46
4960,216
4963,57
4964,12
4966,136
4967,105
4969,23
4970,38
4972,55
4973,181
4976,46
4979,192
4980,43
4982,32
4983,24
4985,77
4986,128
4988,5
4989,41
4992,200
4995,54
4996,16
4998,136
4999,66
5001,15
5002,37
5004,52
5005,177
5008,46
5011,152
5012,50
5014,34
5015,21
5017,80
5018,134
5020,8
5021,40
5024,229
5027,34
5028,11
5030,144
5031,100
5033,13
5034,32
5036,54
5037,177
5040,51
5043,193
5044,53
5046,28
5047,20
5049,88
5050,165
5052,11
5053,42
5056,251
5059,40
5060,7
5062,165
5063,103
5065,28
5066,26
5068,49
5069,198
5072,59
5075,211
5076,42
5078,39
5079,20
5081,99
5082,163
5084,10
5085,34
5088,306
5091,50
5092,15
5094,158
5095,107
5097,12
5098,30
5100,44
5101,222
5104,53
5107,214
5108,45
5110,28
5111,14
5113,97
5114,130
5116,14
5117,34
5120,238
5123,56
5124,10
5126,131
5127,96
5129,21
5130,38
5132,47
5133,201
5136,49
5139,186
5140,46
5142,28
5143,20
5145,95
5146,153
5148,7
5149,50
5152,240
5155,52
5156,8
5158,131
5159,105
5161,24
5162,27
5164,39
5165,184
5168,39
5171,182
5172,54
5174,35
5175,21
5177,91
5178,155
5180,13
5181,44
5184,238
5187,43
5188,14
5190,153
5191,98
5193,20
5194,33
5196,42
5197,201
5200,61
5203,181
5204,37
5206,36
5207,21
5209,87
5210,144
5212,10
5213,39
5216,230
5219,36
5220,11
5222,153
5223,93
5225,27
5226,29
5228,37
5229,208
5232,55
5235,193
5236,45
5238,27
5239,26
5241,90
5242,146
5244,12
5245,46
5248,264
5251,27
5252,8
5254,131
5255,82
5257,19
5258,32
5260,47
5261,208
5264,53
5267,201
5268,57
5270,26
5271,24
5273,98
5274,126
5276,15
5277,40
5280,230
5283,49
5284,8
5286,141
5287,108
5289,27
5290,36
5292,30
5293,176
5296,61
5299,187
5300,55
5302,43
5303,20
5305,94
5306,122
5308,16
5309,42
5312,246
5315,43
5316,10
5318,141
5319,92
5321,23
5322,34
5324,50
5325,197
5328,59
5331,212
5332,49
5334,43
5335,24
5337,113
5338,136
5340,16
5341,30
5344,286
5347,48
5348,14
5350,163
5351,81
5353,25
5354,38
5356,54
5357,214
5360,77
5363,272
5364,54
5366,45
5367,21
5369,105
5370,168
5372,8
5373,58
5376,321
5379,49
5380,17
5382,190
5383,118
5385,24
5386,51
5388,63
5389,212
5392,67
5395,273
5396,69
5398,45
5399,31
5401,102
5402,216
5404,18
5405,49
5408,305
5411,52
5412,13
5414,153
5415,99
5417,35
5418,49
5420,69
5421,189
5424,78
5427,224
5428,61
5430,32
5431,23
5433,122
5434,161
5436,15
5437,38
5440,226
5443,51
5444,9
5446,157
5447,88
5449,19
5450,43
5452,44
5453,171
5456,53
5459,171
5460,54
5462,41
5463,21
5465,76
5466,121
5468,9
5469,35
5472,215
5475,43
5476,8
5478,134
5479,94
5481,24
5482,29
5484,36
5485,174
5488,50
5491,175
5492,48
5494,24
5495,26
5497,83
5498,115
5500,13
5501,33
5504,181
5507,37
5508,6
5510,123
5511,99
5513,18
5514,33
5516,41
5517,150
5520,52
5523,154
5524,45
5526,19
5527,15
5529,86
5530,112
5532,11
5533,46
5536,196
5539,29
5540,6
5542,106
5543,71
5545,17
5546,32
5548,53
5549,148
5552,42
5555,161
5556,32
5558,31
5559,19
5561,65
5562,101
5564,11
5565,40
5568,173
5571,39
5572,15
5574,116
5575,91
5577,26
5578,26
5580,27
5581,134
5584,53
5587,154
5588,33
5590,23
5591,19
5593,84
5594,113
5596,12
5597,44
5600,192
5603,36
5604,10
5606,117
5607,58
5609,15
5610,25
5612,36
5613,136
5616,45
5619,160
5620,53
5622,29
5623,17
5625,67
5626,104
5628,5
5629,27
5632,196
5635,25
5636,12
5638,124
5639,92
5641,20
5642,32
5644,46
5645,166
5648,36
5651,174
5652,39
5654,17
5655,21
5657,86
5658,112
5660,10
5661,28
5664,195
5667,38
5668,13
5670,109
5671,79
5673,20
5674,30
5676,43
5677,141
5680,40
5683,164
5684,44
5686,18
5687,27
5689,74
5690,126
5692,13
5693,45
5696,181
5699,34
5700,8
5702,122
5703,82
5705,27
5706,30
5708,49
5709,172
5712,40
5715,181
5716,32
5718,22
5719,25
5721,97
5722,121
5724,14
5725,45
5728,259
5731,44
5732,9
5734,160
5735,98
5737,23
5738,37
5740,55
5741,188
5744,61
5747,214
5748,72
5750,35
5751,27
5753,109
5754,175
5756,20
5757,54
5760,303
5763,46
5764,12
5766,177
5767,101
5769,24
5770,50
5772,65
5773,239
5776,60
5779,279
5780,79
5782,37
5783,34
5785,117
5786,177
5788,17
5789,56
5792,292
5795,75
5796,13
5798,172
5799,140
5801,28
5802,42
5804,66
5805,230
5808,67
5811,234
5812,46
5814,43
5815,26
5817,103
5818,159
5820,12
5821,53
5824,239
5827,45
5828,11
5830,149
5831,110
5833,32
5834,32
5836,46
5837,193
5840,66
5843,203
5844,58
5846,38
5847,32
5849,111
5850,139
5852,12
5853,51
5856,282
5859,48
5860,15
5862,162
5863,94
5865,19
5866,27
5868,47
5869,200
5872,69
5875,195
5876,42
5878,41
5879,25
5881,89
5882,138
5884,13
5885,40
5888,250
5891,42
5892,8
5894,143
5895,74
5897,18
5898,39
5900,38
5901,185
5904,56
5907,184
5908,45
5910,29
5911,16
5913,81
5914,136
5916,9
5917,46
5920,190
5923,42
5924,9
5926,117
5927,71
5929,28
5930,29
5932,37
5933,133
5936,46
5939,153
5940,46
5942,26
5943,8
5945,57
5946,101
5948,9
5949,25
5952,132
5955,31
5956,12
5958,110
5959,61
5961,14
5962,14
5964,31
5965,123
5968,36
5971,127
5972,29
5974,24
5975,17
5977,55
5978,65
5980,4
5981,27
5984,156
5987,27
5988,5
5990,92
5991,65
5993,15
5994,18
5996,27
5997,114
6000,28
6003,115
6004,26
6006,18
6007,8
6009,45
6010,80
6012,3
6013,23
6016,123
6019,22
6020,7
6022,74
6023,46
6025,12
6026,12
6028,18
6029,89
6032,31
6035,97
6036,16
6038,19
6039,9
6041,38
6042,58
6044,2
6045,16
6048,103
6051,20
6052,3
6054,62
6055,38
6057,7
6058,12
6060,15
6061,82
6064,17
6067,80
6068,20
6070,14
6071,7
6073,31
6074,56
6076,1
6077,15
6080,98
6083,21
6084,2
6086,70
6087,36
6089,7
6090,11
6092,26
6093,83
6096,22
6099,75
6100,18
6102,8
6103,13
6105,40
6106,59
6108,1
6109,13
6112,108
6115,16
6116,6
6118,64
6119,32
6121,9
6122,15
6124,17
6125,72
6128,24
6131,73
6132,19
6134,6
6135,4
6137,30
6138,62
6140,5
6141,24
6144,97
6147,13
6148,5
6150,54
6151,45
6153,5
6154,12
6156,22
6157,75
6160,20
6163,76
6164,15
6166,15
6167,5
6169,37
6170,61
6172,6
6173,12
6176,97
6179,21
6180,5
6182,43
6183,37
6185,9
6186,7
6188,19
6189,77
6192,28
6195,83
6196,17
6198,9
6199,10
6201,29
6202,47
6204,4
6205,18
6208,86
6211,17
6212,1
6214,54
6215,32
6217,12
6218,18
6220,12
6221,62
6224,17
6227,59
6228,14
6230,8
6231,9
6233,29
6234,38
6236,2
6237,17
6240,68
6243,15
6244,4
6246,45
6247,30
6249,2
6250,8
6252,20
6253,66
6256,12
6259,54
6260,8
6262,7
6263,9
6265,23
6266,28
6268,3
6269,12
6272,54
6275,15
6278,35
6279,16
6281,8
6282,7
6284,7
6285,42
6288,21
6291,53
6292,8
6294,7
6295,6
6297,25
6298,40
6300,2
6301,14
6304,52
6307,5
6308,4
6310,33
6311,17
6313,7
6314,4
6316,6
6317,50
6320,11
6323,43
6324,10
6326,7
6327,2
6329,19
6330,22
6332,4
6333,14
6336,49
6339,5
6340,1
6342,34
6343,15
6345,6
6346,9
6348,8
6349,28
6352,8
6355,41
6356,9
6358,8
6359,4
6361,9
6362,25
6364,5
6365,9
6368,42
6371,8
6372,1
6374,27
6375,12
6377,6
6378,6
6380,6
6381,29
6384,10
6387,31
6388,10
6390,6
6391,4
6393,14
6394,19
6397,9
6400,46
6403,12
6404,1
6406,15
6407,20
6409,3
6410,4
6412,6
6413,18
6416,5
6419,26
6420,9
6422,3
6423,2
6425,15
6426,26
6428,1
6429,8
6432,25
6435,13
6436,5
6438,21
6439,21
6441,11
6442,2
6444,5
6445,32
6448,6
6451,35
6452,8
6454,5
6455,2
6457,13
6458,18
6460,1
6461,4
6464,40
6467,7
6468,2
6470,24
6471,12
6473,3
6474,3
6476,5
6477,26
6480,10
6483,22
6484,4
6486,7
6487,1
6489,16
6490,22
6492,3
6493,9
6496,37
6499,7
6500,2
6502,15
6503,6
6505,4
6506,5
6508,6
6509,32
6512,5
6515,31
6516,6
6518,2
6519,5
6521,13
6522,22
6524,1
6525,1
6528,34
6531,3
6532,2
6534,22
6535,11
6537,1
6538,4
6540,3
6541,13
6544,8
6547,23
6548,5
6550,5
6551,5
6553,14
6554,21
6556,2
6557,1
6560,35
6563,10
6566,21
6567,10
6569,2
6570,4
6572,9
6573,23
6576,2
6579,23
6580,7
6582,5
6583,3
6585,16
6586,13
6589,2
6592,32
6595,3
6598,16
6599,10
6601,2
6602,3
6604,7
6605,23
6608,2
6611,31
6612,6
6614,5
6615,3
6617,9
6618,13
6621,4
6624,33
6627,4
6628,2
6630,13
6631,12
6633,2
6634,3
6636,3
6637,28
6640,2
6643,31
6644,3
6646,7
6647,4
6649,16
6650,8
6653,6
6656,47
6659,3
6660,1
6662,16
6663,15
6665,1
6666,3
6668,6
6669,20
6672,10
6675,15
6676,6
6678,1
6679,1
6681,14
6682,15
6685,8
6688,21
6691,9
6692,2
6694,15
6695,10
6697,1
6698,5
6700,7
6701,21
6704,6
6707,23
6708,6
6710,2
6711,1
6713,15
6714,15
6716,1
6717,6
6720,31
6723,4
6724,2
6726,17
6727,11
6729,5
6730,5
6732,5
6733,15
6736,3
6739,14
6740,3
6742,5
6743,3
6745,13
6746,14
6748,2
6749,5
6752,22
6755,7
6758,15
6759,10
6761,3
6762,6
6764,6
6765,11
6768,5
6771,23
6772,1
6774,4
6775,2
6777,14
6778,14
6780,2
6781,7
6784,21
6787,7
6790,11
6791,11
6793,3
6794,2
6796,10
6797,23
6800,3
6803,14
6804,2
6806,5
6807,3
6809,12
6810,14
6812,2
6813,4
6816,33
6819,6
6820,3
6822,14
6823,7
6825,3
6826,6
6828,2
6829,17
6832,11
6835,20
6836,3
6838,7
6839,1
6841,7
6842,13
6844,1
6845,3
6848,22
6851,1
6854,13
6855,7
6857,4
6858,5
6860,3
6861,22
6864,5
6867,15
6868,6
6870,2
6871,4
6873,10
6874,14
6876,1
6877,4
6880,17
6883,7
6884,1
6886,17
6887,13
6890,1
6892,7
6893,11
6896,4
6899,16
6900,3
6902,1
6905,11
6906,8
6908,2
6909,4
6912,27
6915,6
6916,1
6918,18
6919,10
6921,2
6922,1
6924,3
6925,18
6928,3
6931,22
6932,5
6934,5
6935,1
6937,8
6938,17
6940,1
6941,4
6944,27
6947,2
6948,1
6950,15
6951,10
6953,1
6954,4
6956,5
6957,14
6960,8
6963,23
6964,3
6966,4
6967,3
6969,8
6970,13
6972,2
6973,4
6976,18
6979,6
6982,14
6983,10
6986,3
6988,2
6989,19
6992,2
6995,15
6996,4
6998,4
6999,1
7001,9
7002,10
7004,2
7005,5
7008,22
7011,6
7012,1
7014,12
7015,9
7017,1
7018,3
7020,7
7021,16
7024,9
7027,13
7028,4
7030,2
7031,1
7033,5
7034,15
7037,8
7040,18
7043,2
7044,2
7046,15
7047,5
7049,2
7050,3
7052,6
7053,25
7056,5
7059,15
7060,8
7062,1
7065,9
7066,16
7068,1
7069,2
7072,27
7075,4
7078,19
7079,5
7081,3
7082,5
7084,8
7085,10
7088,6
7091,20
7092,3
7094,2
7097,5
7098,12
7100,3
7104,15
7107,6
7108,1
7110,17
7111,11
7113,2
7114,2
7116,1
7117,11
7120,7
7123,14
7124,6
7126,6
7127,1
7129,7
7130,12
7133,4
7136,16
7139,7
7140,1
7142,11
7143,8
7145,2
7146,5
7148,3
7149,15
7152,5
7155,15
7156,6
7158,5
7159,1
7161,6
7162,13
7164,1
7165,4
7168,18
7171,7
7172,2
7174,11
7175,11
7177,5
7178,3
7180,2
7181,12
7184,5
7187,11
7188,7
7190,1
7191,2
7193,3
7194,8
7196,1
7197,7
7200,19
7203,3
7206,9
7207,5
7210,4
7212,6
7213,12
7216,1
7219,14
7220,6
7222,3
7223,2
7225,5
7226,9
7229,3
7232,11
7235,1
7238,8
7239,7
7242,4
7244,2
7245,10
7248,2
7251,16
7252,2
7254,1
7257,6
7258,12
7260,1
7261,5
7264,14
7267,5
7270,7
7271,6
7273,1
7274,1
7276,3
7277,11
7280,2
7283,15
7284,3
7286,1
7287,1
7289,4
7290,18
7292,2
7293,1
7296,13
7299,1
7300,6
7302,6
7303,8
7305,2
7306,3
7308,6
7309,12
7312,2
7315,19
7316,5
7318,2
7319,3
7321,7
7322,9
7324,1
7325,2
7328,17
7331,3
7334,8
7335,1
7337,1
7340,4
7341,7
7344,2
7347,11
7348,1
7350,3
7351,1
7353,9
7354,8
7356,1
7357,3
7360,11
7363,3
7366,6
7367,4
7369,1
7370,2
7372,1
7373,3
7376,5
7379,9
7380,2
7382,3
7383,1
7385,4
7386,6
7389,1
7392,7
7395,2
7396,3
7398,6
7399,6
7401,3
7402,1
7404,1
7405,8
7408,3
7411,7
7412,3
7414,5
7415,1
7417,1
7418,9
7420,1
7421,2
7424,10
7427,5
7430,6
7431,3
7434,2
7436,2
7437,12
7440,1
7443,9
7444,2
7446,2
7447,2
7449,4
7450,5
7453,2
7456,10
7459,1
7462,3
7463,2
7465,1
7468,4
7469,5
7472,2
7475,9
7476,2
7478,2
7479,1
7481,3
7482,2
7485,2
7488,11
7492,1
7494,5
7495,3
7497,1
7498,3
7500,2
7501,7
7504,1
7507,12
7508,1
7511,1
7513,1
7514,2
7517,2
7520,8
7523,3
7524,1
7526,4
7530,1
7533,7
7539,8
7540,2
7543,1
7545,3
7546,5
7549,4
7552,7
7555,4
7556,1
7558,4
7559,3
7562,1
7564,1
7565,7
7568,1
7571,9
7572,1
7574,2
7577,1
7578,5
7581,1
7584,9
7590,7
7591,6
7593,1
7596,2
7597,8
7600,1
7603,11
7604,2
7610,2
7613,2
7616,10
7619,1
7622,8
7623,5
7626,2
7629,2
7632,2
7635,4
7636,2
7638,2
7639,1
7641,3
7642,2
7645,1
7648,11
7651,2
7654,4
7655,1
7660,2
7661,7
7664,2
7667,7
7668,2
7673,2
7674,4
7680,8
7683,2
7686,4
7689,2
7690,1
7693,9
7696,1
7699,6
7700,2
7702,1
7703,1
7705,4
7706,3
7709,2
7712,4
7716,1
7718,6
7719,2
7722,1
7725,4
7728,1
7731,4
7734,1
7737,3
7738,4
7741,2
7744,4
7747,2
7748,1
7750,4
7751,3
7757,1
7760,1
7763,10
7764,1
7766,2
7767,1
7769,5
7770,6
7776,8
7782,2
7783,2
7788,2
7789,6
7792,2
7795,2
7798,1
7799,2
7801,4
7802,3
7805,2
7808,6
7811,1
7812,1
7814,7
7815,2
7817,2
7818,2
7820,1
7821,2
7824,2
7827,9
7828,1
7830,2
7833,2
7834,4
7836,1
7837,1
7840,8
7843,3
7844,1
7846,2
7847,1
7849,2
7850,1
7852,1
7853,1
7856,1
7859,7
7860,2
7862,1
7863,1
7865,2
7866,2
7869,1
7872,9
7875,3
7878,6
7879,2
7881,1
7884,1
7885,11
7888,3
7891,4
7892,2
7894,1
7897,4
7898,5
7901,1
7904,8
7907,1
7908,1
7910,2
7911,4
7914,1
7916,2
7917,5
7920,1
7923,15
7924,1
7926,1
7929,4
7930,7
7933,1
7936,17
7942,5
7943,5
7945,2
7946,2
7948,4
7949,6
7952,3
7955,8
7956,3
7958,1
7961,2
7962,2
7965,1
7968,8
7974,4
7975,2
7980,3
7981,11
7984,1
7987,9
7988,2
7990,3
7991,1
7993,3
7994,5
7996,1
8000,13
8003,2
8004,2
8006,7
8007,1
8009,1
8012,1
8013,6
8016,1
8019,5
8020,1
8023,1
8025,3
8026,6
8029,3
8032,7
8036,1
8038,7
8039,6
8041,1
8042,2
8044,4
8045,9
8048,2
8051,8
8052,4
8054,1
8055,2
8058,10
8061,3
8064,10
8067,3
8070,9
8071,4
8074,2
8076,1
8077,6
8080,2
8083,10
8086,1
8087,2
8089,5
8090,6
8093,2
8096,5
8099,5
8100,2
8102,6
8103,1
8105,3
8106,1
8108,4
8109,6
8112,3
8115,11
8116,4
8118,2
8121,4
8122,5
8128,11
8131,4
8132,1
8134,4
8135,5
8137,3
8138,1
8140,1
8141,8
8144,3
8147,5
8148,3
8150,3
8151,1
8153,4
8154,9
8156,1
8157,3
8160,12
8163,5
8164,1
8166,5
8167,3
8169,1
8170,3
8172,3
8173,13
8176,3
8179,11
8180,2
8182,1
8183,1
8185,8
8186,3
8188,1
8192,5
8198,7
8199,8
8201,1
8204,5
8205,7
8208,2
8211,6
8212,3
8214,1
8215,1
8217,1
8218,7
8221,1
8224,5
8227,2
8230,6
8231,10
8233,2
8234,4
8236,3
8237,9
8240,5
8243,7
8244,1
8246,2
8247,2
8249,2
8250,6
8253,1
8256,9
8260,1
8262,8
8263,5
8266,3
8268,2
8269,11
8272,2
8275,10
8276,2
8278,2
8279,2
8281,5
8282,8
8285,3
8288,8
8291,1
8294,9
8295,1
8297,2
8298,5
8300,2
8301,6
8304,2
8307,10
8308,3
8310,1
8313,5
8314,12
8317,2
8320,14
8323,2
8324,1
8326,9
8327,1
8330,1
8332,1
8333,8
8336,1
8339,5
8340,1
8342,4
8343,2
8345,2
8346,6
8349,3
8352,5
8358,3
8359,1
8362,2
8364,1
8365,5
8368,6
8371,4
8372,2
8374,4
8375,1
8377,5
8378,11
8384,9
8387,6
8388,2
8390,3
8391,3
8393,1
8394,1
8396,1
8397,5
8400,3
8403,9
8404,3
8406,2
8410,9
8413,4
8416,8
8419,4
8420,1
8422,7
8423,5
8426,1
8428,2
8429,6
8432,1
8435,6
8436,2
8438,1
8441,3
8442,3
8445,1
8448,6
8451,1
8452,1
8454,4
8455,4
8457,2
8460,4
8461,10
8464,1
8467,6
8471,1
8473,1
8474,6
8476,1
8477,3
8480,7
8483,3
8486,4
8487,6
8489,1
8490,1
8492,2
8493,8
8496,3
8499,13
8500,1
8502,2
8503,2
8505,8
8506,9
8509,4
8512,14
8515,1
8518,6
8519,3
8521,1
8522,1
8524,1
8525,13
8528,1
8531,7
8532,4
8534,1
8535,1
8537,3
8538,7
8541,2
8544,10
8547,1
8550,8
8551,4
8553,2
8554,1
8557,4
8560,4
8563,13
8564,2
8566,1
8567,1
8569,1
8570,6
8573,2
8576,11
8579,1
8580,2
8582,10
8583,2
8585,1
8586,1
8589,6
8592,2
8595,17
8596,2
8599,1
8601,5
8602,5
8605,1
8608,7
8611,2
8614,6
8615,4
8617,2
8618,1
8620,5
8621,2
8624,2
8627,11
8628,3
8630,3
8631,1
8633,2
8634,3
8637,4
8640,5
8643,2
8644,1
8646,5
8647,3
8649,3
8650,1
8652,1
8653,13
8656,1
8659,6
8660,1
8662,1
8665,2
8666,3
8668,1
8669,2
8672,5
8675,4
8676,1
8678,5
8679,4
8681,1
8682,1
8684,1
8685,8
8688,1
8691,7
8692,3
8694,3
8695,1
8698,4
8701,1
8704,5
8707,3
8710,2
8711,3
8714,3
8717,3
8720,1
8723,6
8724,2
8727,1
8729,2
8733,1
8736,7
8739,1
8742,4
8743,2
8746,1
8748,1
8749,4
8755,4
8756,2
8759,1
8762,5
8765,1
8768,4
8771,1
8774,1
8778,1
8780,1
8781,8
8787,3
8788,5
8790,1
8791,2
8793,5
8794,4
8796,2
8797,1
8800,4
8803,1
8806,1
8807,1
8809,1
8810,1
8813,2
8816,3
8819,1
8820,1
8825,1
8826,5
8832,2
8835,1
8838,3
8839,1
8841,1
8845,3
8848,3
8851,3
8857,3
8858,4
8864,4
8867,1
8871,2
8876,2
8877,1
8883,6
8884,1
8889,2
8890,1
8893,1
8896,1
8902,2
8903,3
8908,2
8915,1
8916,1
8921,1
8922,1
8928,2
8934,3
8938,1
8940,1
8941,2
8947,1
8948,1
8953,1
8960,1
8963,1
8966,2
8967,1
8973,2
8979,3
8985,1
8986,1
8988,1
8992,3
8998,4
8999,1
9005,1
9008,1
9011,2
9017,1
9018,1
9024,1
9031,3
9037,1
9040,1
9043,4
9056,1
9059,1
9068,1
9069,1
9072,1
9075,1
9079,2
9081,1
9088,1
9091,1
9094,1
9101,1
9120,2
9126,2
9133,2
9152,1
9161,1
9162,1
9172,1
9178,1
9184,1
9197,3
9204,1
9206,1
9209,1
9216,1
9229,1
9232,1
9245,1
9248,3
9252,1
9254,2
9261,2
9264,1
9268,1
9300,1
9331,1
9332,1
9338,1
9350,1
9363,1
9376,1
9379,1
9389,1
9405,1
9418,1
9446,1
9459,1
9472,1
9479,1
9596,1
9620,1
9671,1
9705,1
9779,1
9824,1
9882,1
9888,1
9958,1
9968,1
10048,1
10055,1
10061,1
10068,1
10131,1
10176,1
10195,1
10247,1
10284,1
10291,1
10330,1
10361,1
10362,1
10412,1
10419,1
10439,1
10483,1
10605,1
10615,1
10617,1
10618,1
10624,1
10707,1
10752,1
10905,1
10995,1
11014,1
11053,1
11113,1
11123,1
11212,1
11232,1
11239,1
11277,1
11443,2
11463,1
11482,1
11513,1
11514,1
11533,1
11542,1
11584,1
11610,1
11629,1
11638,1
11645,1
11680,1
11693,1
11712,1
11731,1
11744,1
11898,1
11942,1
12090,1
12118,1
12192,1
12390,1
12429,1
12538,1
12646,1
12678,1
12832,1
12928,1
12947,1
12960,1
13011,1
13082,1
13114,1
13133,1
13152,1
13174,1
13363,1
13389,1
13446,1
13542,1
13690,1
13977,1
14061,1
15312,1
16224,1
