# Samples: 98253, Average: 7779.2 ns, StdDev: 693.2 ns, Quartiles: 7260.0/7737.0/8284.0 ns
4464,1
5107,1
5548,1
5575,1
5616,1
5626,1
5639,1
5648,1
5671,2
5674,1
5683,1
5684,1
5692,1
5699,2
5702,1
5718,1
5719,1
5721,1
5731,1
5734,3
5735,1
5747,1
5754,1
5757,1
5760,3
5767,2
5769,2
5779,2
5782,1
5786,1
5789,1
5795,1
5798,1
5802,1
5805,3
5808,3
5814,1
5815,1
5818,1
5821,4
5824,2
5830,2
5831,1
5833,3
5834,1
5837,4
5840,6
5843,1
5844,4
5847,1
5849,2
5850,1
5852,1
5853,4
5856,7
5862,3
5869,3
5872,1
5875,2
5878,1
5879,2
5881,3
5882,3
5884,1
5885,1
5888,3
5891,2
5894,2
5897,1
5898,3
5901,5
5904,3
5907,5
5910,3
5911,1
5914,5
5916,2
5917,4
5920,3
5923,4
5926,4
5927,1
5930,2
5932,1
5933,4
5936,5
5939,7
5940,2
5943,3
5945,2
5946,5
5949,2
5952,3
5955,3
5958,7
5959,1
5961,2
5962,1
5964,1
5965,4
5971,1
5974,1
5977,5
5981,2
5984,5
5987,1
5988,2
5990,6
5991,4
5993,4
5994,1
5996,3
5997,5
6000,6
6003,3
6006,1
6007,1
6009,3
6010,2
6013,4
6016,9
6019,5
6020,1
6022,4
6023,1
6025,1
6026,2
6028,3
6029,5
6032,4
6035,8
6038,5
6041,2
6042,5
6044,3
6045,1
6048,4
6051,5
6054,2
6055,3
6057,1
6058,2
6061,5
6064,3
6067,3
6070,1
6073,3
6074,7
6076,1
6077,3
6080,8
6083,6
6084,1
6086,3
6087,5
6089,3
6090,2
6092,3
6093,7
6096,6
6099,9
6102,3
6105,2
6106,4
6109,4
6112,5
6115,4
6116,1
6118,5
6119,3
6122,3
6124,1
6125,4
6128,7
6131,6
6132,3
6134,2
6137,2
6138,3
6140,2
6141,2
6144,4
6147,6
6148,3
6150,6
6151,5
6153,3
6154,3
6156,4
6157,3
6160,5
6163,5
6166,4
6167,3
6169,1
6170,6
6173,1
6176,1
6179,4
6180,2
6182,9
6183,2
6186,2
6188,3
6189,11
6192,2
6195,7
6196,3
6198,3
6199,4
6202,5
6204,1
6205,5
6208,7
6211,8
6212,1
6214,9
6215,4
6218,2
6221,8
6224,6
6227,2
6228,1
6230,1
6231,3
6233,3
6234,4
6236,1
6237,5
6240,7
6243,2
6246,1
6247,4
6249,1
6250,3
6253,6
6256,2
6259,4
6260,2
6262,2
6263,3
6265,1
6266,2
6268,1
6269,6
6272,7
6275,5
6276,2
6278,5
6279,3
6281,2
6282,3
6284,1
6285,4
6288,3
6291,5
6292,2
6294,5
6295,4
6297,2
6298,2
6300,2
6301,1
6304,7
6307,4
6310,11
6311,3
6313,7
6314,8
6316,3
6317,8
6320,7
6323,6
6324,1
6326,3
6327,4
6329,2
6330,6
6333,3
6336,13
6339,4
6342,10
6343,6
6345,1
6346,4
6348,2
6349,3
6352,5
6355,9
6356,1
6358,3
6359,3
6361,4
6362,6
6365,6
6368,7
6371,9
6374,7
6375,2
6377,3
6378,4
6380,1
6381,6
6384,10
6387,7
6388,1
6390,5
6391,2
6393,6
6394,4
6396,1
6397,8
6400,6
6403,3
6404,2
6406,5
6407,4
6409,1
6410,3
6412,1
6413,10
6416,11
6419,8
6420,1
6422,2
6423,2
6425,4
6426,5
6429,5
6432,7
6435,5
6436,1
6438,4
6439,5
6441,1
6442,4
6444,3
6445,8
6448,8
6451,6
6452,1
6454,1
6455,2
6457,6
6458,5
6460,1
6461,5
6464,13
6467,7
6468,3
6470,11
6471,4
6473,6
6474,7
6476,6
6477,12
6480,4
6483,9
6484,3
6486,4
6487,5
6489,4
6490,12
6492,1
6493,6
6496,8
6499,7
6500,2
6502,4
6503,8
6505,1
6506,4
6508,1
6509,4
6512,7
6515,10
6516,2
6518,3
6519,5
6521,2
6522,16
6524,3
6525,5
6528,6
6531,7
6532,2
6534,8
6535,6
6537,8
6538,5
6540,1
6541,8
6544,6
6547,14
6548,3
6550,4
6551,10
6553,7
6554,8
6556,2
6557,10
6560,16
6563,14
6564,3
6566,12
6567,6
6569,4
6570,6
6572,5
6573,12
6576,11
6579,17
6580,2
6582,11
6583,3
6585,8
6586,9
6588,3
6589,8
6592,18
6595,14
6596,2
6598,7
6599,9
6601,7
6602,11
6604,2
6605,17
6608,25
6611,21
6612,3
6614,9
6615,7
6617,12
6618,11
6620,5
6621,11
6624,26
6627,20
6628,1
6630,19
6631,16
6633,9
6634,7
6636,3
6637,21
6640,20
6643,26
6644,6
6646,13
6647,9
6649,7
6650,18
6652,8
6653,16
6656,36
6659,22
6660,7
6662,17
6663,8
6665,13
6666,10
6668,5
6669,23
6672,37
6675,24
6676,12
6678,19
6679,9
6681,20
6682,19
6684,3
6685,18
6688,40
6691,18
6692,3
6694,27
6695,11
6697,7
6698,18
6700,12
6701,33
6704,26
6707,39
6708,16
6710,16
6711,8
6713,19
6714,31
6716,6
6717,23
6720,49
6723,25
6724,6
6726,43
6727,14
6729,12
6730,24
6732,10
6733,46
6736,34
6739,56
6740,16
6742,24
6743,13
6745,23
6746,36
6748,8
6749,26
6752,58
6755,38
6756,6
6758,42
6759,27
6761,16
6762,31
6764,13
6765,55
6768,44
6771,56
6772,12
6774,34
6775,20
6777,35
6778,56
6780,6
6781,42
6784,73
6787,51
6788,10
6790,39
6791,33
6793,31
6794,35
6796,20
6797,46
6800,57
6803,54
6804,16
6806,37
6807,30
6809,33
6810,42
6812,12
6813,46
6816,81
6819,45
6820,17
6822,42
6823,47
6825,38
6826,45
6828,27
6829,68
6832,74
6835,76
6836,24
6838,37
6839,28
6841,43
6842,65
6844,12
6845,56
6848,98
6851,68
6852,24
6854,51
6855,41
6857,32
6858,46
6860,19
6861,99
6864,67
6867,87
6868,18
6870,49
6871,41
6873,32
6874,76
6876,21
6877,48
6880,98
6883,64
6884,13
6886,69
6887,60
6889,42
6890,59
6892,32
6893,88
6896,93
6899,102
6900,22
6902,41
6903,27
6905,48
6906,68
6908,17
6909,80
6912,138
6915,81
6916,11
6918,73
6919,50
6921,47
6922,56
6924,32
6925,106
6928,104
6931,116
6932,40
6934,40
6935,36
6937,68
6938,80
6940,16
6941,94
6944,149
6947,90
6948,21
6950,84
6951,52
6953,33
6954,53
6956,36
6957,125
6960,101
6963,122
6964,37
6966,83
6967,37
6969,62
6970,89
6972,25
6973,92
6976,178
6979,73
6980,25
6982,96
6983,60
6985,54
6986,71
6988,43
6989,126
6992,127
6995,136
6996,35
6998,87
6999,50
7001,60
7002,101
7004,28
7005,106
7008,167
7011,104
7012,26
7014,80
7015,62
7017,54
7018,69
7020,33
7021,144
7024,113
7027,140
7028,34
7030,75
7031,52
7033,78
7034,101
7036,28
7037,103
7040,171
7043,109
7044,29
7046,129
7047,74
7049,47
7050,85
7052,34
7053,142
7056,161
7059,165
7060,44
7062,84
7063,48
7065,76
7066,109
7068,26
7069,112
7072,192
7075,113
7076,31
7078,118
7079,81
7081,64
7082,97
7084,40
7085,146
7088,141
7091,146
7092,36
7094,85
7095,66
7097,79
7098,126
7100,26
7101,118
7104,206
7107,135
7108,27
7110,124
7111,81
7113,68
7114,82
7116,51
7117,154
7120,139
7123,145
7124,44
7126,100
7127,45
7129,87
7130,105
7132,29
7133,115
7136,182
7139,119
7140,27
7142,111
7143,76
7145,56
7146,84
7148,36
7149,142
7152,160
7155,154
7156,55
7158,101
7159,63
7161,96
7162,128
7164,33
7165,104
7168,204
7171,119
7172,32
7174,154
7175,77
7177,43
7178,92
7180,38
7181,161
7184,137
7187,158
7188,43
7190,80
7191,66
7193,89
7194,122
7196,22
7197,133
7200,193
7203,114
7204,28
7206,120
7207,72
7209,61
7210,91
7212,46
7213,177
7216,173
7219,152
7220,32
7222,93
7223,59
7225,79
7226,118
7228,23
7229,111
7232,195
7235,112
7236,37
7238,115
7239,80
7241,62
7242,83
7244,35
7245,152
7248,148
7251,158
7252,38
7254,96
7255,66
7257,74
7258,132
7260,36
7261,117
7264,214
7267,118
7268,29
7270,102
7271,68
7273,67
7274,98
7276,34
7277,176
7280,143
7283,167
7284,36
7286,81
7287,71
7289,83
7290,127
7292,24
7293,104
7296,215
7299,108
7300,26
7302,110
7303,76
7305,59
7306,90
7308,38
7309,186
7312,158
7315,164
7316,48
7318,98
7319,63
7321,78
7322,127
7324,28
7325,116
7328,192
7331,129
7332,30
7334,101
7335,58
7337,47
7338,88
7340,58
7341,170
7344,145
7347,162
7348,39
7350,90
7351,57
7353,82
7354,112
7356,48
7357,132
7360,220
7363,123
7364,21
7366,118
7367,88
7369,66
7370,120
7372,40
7373,131
7376,138
7379,157
7380,44
7382,73
7383,46
7385,89
7386,141
7388,33
7389,117
7392,192
7395,132
7396,30
7398,122
7399,76
7401,53
7402,87
7404,33
7405,137
7408,131
7411,163
7412,38
7414,90
7415,65
7417,66
7418,123
7420,22
7421,103
7424,179
7427,120
7428,30
7430,101
7431,89
7433,55
7434,82
7436,40
7437,162
7440,146
7443,157
7444,30
7446,67
7447,55
7449,68
7450,114
7452,30
7453,95
7456,205
7459,107
7460,27
7462,114
7463,94
7465,61
7466,82
7468,45
7469,173
7472,128
7475,166
7476,39
7478,99
7479,53
7481,74
7482,100
7484,22
7485,107
7488,178
7491,99
7492,34
7494,129
7495,70
7497,43
7498,86
7500,42
7501,160
7504,152
7507,133
7508,40
7510,98
7511,64
7513,88
7514,109
7516,23
7517,132
7520,211
7523,112
7524,24
7526,114
7527,72
7529,55
7530,90
7532,42
7533,158
7536,118
7539,160
7540,40
7542,82
7543,71
7545,63
7546,108
7548,25
7549,107
7552,207
7555,125
7556,34
7558,119
7559,81
7561,51
7562,67
7564,44
7565,155
7568,142
7571,149
7572,45
7574,84
7575,56
7577,75
7578,102
7580,32
7581,105
7584,192
7587,104
7588,28
7590,109
7591,68
7593,47
7594,75
7596,30
7597,142
7600,132
7603,148
7604,29
7606,80
7607,49
7609,73
7610,112
7612,25
7613,89
7616,208
7619,117
7620,37
7622,111
7623,87
7625,51
7626,79
7628,34
7629,157
7632,171
7635,119
7636,23
7638,69
7639,58
7641,72
7642,106
7644,22
7645,100
7648,172
7651,107
7652,38
7654,118
7655,65
7657,59
7658,86
7660,37
7661,139
7664,138
7667,148
7668,27
7670,67
7671,32
7673,65
7674,104
7676,22
7677,103
7680,167
7683,103
7684,26
7686,108
7687,60
7689,54
7690,72
7692,44
7693,145
7696,124
7699,144
7700,29
7702,65
7703,57
7705,72
7706,102
7708,30
7709,109
7712,192
7715,102
7716,16
7718,96
7719,62
7721,59
7722,69
7724,43
7725,134
7728,112
7731,141
7732,44
7734,72
7735,51
7737,69
7738,107
7740,28
7741,113
7744,208
7747,118
7748,23
7750,120
7751,73
7753,48
7754,74
7756,34
7757,130
7760,127
7763,130
7764,39
7766,76
7767,57
7769,63
7770,116
7772,25
7773,87
7776,167
7779,110
7780,30
7782,94
7783,62
7785,54
7786,70
7788,27
7789,129
7792,108
7795,128
7796,43
7798,71
7799,50
7801,70
7802,96
7804,31
7805,99
7808,171
7811,100
7812,19
7814,106
7815,58
7817,52
7818,70
7820,39
7821,131
7824,148
7827,136
7828,34
7830,82
7831,53
7833,68
7834,81
7836,29
7837,88
7840,176
7843,96
7844,21
7846,112
7847,81
7849,37
7850,87
7852,30
7853,134
7856,97
7859,140
7860,31
7862,77
7863,56
7865,64
7866,103
7868,21
7869,91
7872,178
7875,82
7876,30
7878,88
7879,71
7881,60
7882,64
7884,35
7885,138
7888,98
7891,107
7892,27
7894,75
7895,48
7897,64
7898,100
7900,23
7901,78
7904,170
7907,100
7908,26
7910,90
7911,81
7913,61
7914,61
7916,44
7917,139
7920,111
7923,132
7924,38
7926,80
7927,48
7929,55
7930,98
7932,33
7933,105
7936,175
7939,93
7940,24
7942,102
7943,75
7945,54
7946,76
7948,44
7949,115
7952,137
7955,151
7956,31
7958,66
7959,57
7961,63
7962,116
7964,24
7965,105
7968,182
7971,95
7972,23
7974,105
7975,65
7977,35
7978,64
7980,34
7981,128
7984,122
7987,123
7988,33
7990,77
7991,40
7993,75
7994,73
7996,25
7997,105
8000,173
8003,89
8004,28
8006,93
8007,72
8009,30
8010,70
8012,46
8013,134
8016,113
8019,130
8020,33
8022,61
8023,50
8025,61
8026,105
8028,19
8029,74
8032,183
8035,94
8036,27
8038,88
8039,60
8041,57
8042,63
8044,40
8045,120
8048,124
8051,131
8052,35
8054,66
8055,44
8057,58
8058,97
8060,23
8061,95
8064,146
8067,111
8068,29
8070,106
8071,65
8073,49
8074,71
8076,31
8077,125
8080,110
8083,157
8084,31
8086,70
8087,51
8089,57
8090,91
8092,19
8093,114
8096,170
8099,91
8100,30
8102,115
8103,56
8105,42
8106,62
8108,26
8109,122
8112,115
8115,118
8116,33
8118,66
8119,53
8121,60
8122,108
8124,26
8125,100
8128,167
8131,94
8132,22
8134,104
8135,59
8137,44
8138,82
8140,27
8141,147
8144,102
8147,128
8148,31
8150,63
8151,47
8153,86
8154,92
8156,31
8157,90
8160,163
8163,104
8164,20
8166,88
8167,62
8169,40
8170,74
8172,14
8173,136
8176,99
8179,99
8180,32
8182,64
8183,46
8185,74
8186,98
8188,32
8189,106
8192,153
8195,93
8196,29
8198,92
8199,68
8201,55
8202,81
8204,49
8205,147
8208,121
8211,141
8212,23
8214,65
8215,43
8217,56
8218,106
8220,20
8221,111
8224,151
8227,85
8228,29
8230,95
8231,70
8233,51
8234,75
8236,36
8237,128
8240,131
8243,129
8244,39
8246,82
8247,54
8249,66
8250,97
8252,23
8253,100
8256,169
8259,89
8260,28
8262,109
8263,83
8265,33
8266,78
8268,38
8269,126
8272,118
8275,153
8276,34
8278,60
8279,42
8281,66
8282,95
8284,24
8285,98
8288,157
8291,94
8292,23
8294,98
8295,62
8297,45
8298,66
8300,26
8301,131
8304,116
8307,133
8308,25
8310,66
8311,43
8313,60
8314,81
8316,22
8317,116
8320,164
8323,90
8324,25
8326,98
8327,52
8329,59
8330,64
8332,35
8333,135
8336,132
8339,135
8340,31
8342,64
8343,32
8345,50
8346,99
8348,22
8349,101
8352,175
8355,107
8356,29
8358,103
8359,53
8361,51
8362,56
8364,29
8365,115
8368,102
8371,139
8372,33
8374,82
8375,39
8377,66
8378,93
8380,22
8381,96
8384,154
8387,80
8388,28
8390,97
8391,71
8393,54
8394,74
8396,27
8397,124
8400,125
8403,126
8404,29
8406,56
8407,43
8409,57
8410,103
8412,26
8413,91
8416,159
8419,104
8420,20
8422,98
8423,85
8425,41
8426,79
8428,29
8429,135
8432,134
8435,141
8436,23
8438,66
8439,48
8441,60
8442,102
8444,21
8445,106
8448,146
8451,83
8452,35
8454,107
8455,42
8457,41
8458,74
8460,21
8461,127
8464,118
8467,140
8468,32
8470,67
8471,47
8473,53
8474,101
8476,28
8477,88
8480,155
8483,105
8484,18
8486,92
8487,73
8489,51
8490,60
8492,31
8493,126
8496,116
8499,115
8500,32
8502,62
8503,53
8505,71
8506,99
8508,20
8509,83
8512,168
8515,84
8516,21
8518,104
8519,57
8521,44
8522,57
8524,29
8525,127
8528,108
8531,124
8532,31
8534,60
8535,47
8537,50
8538,101
8540,18
8541,87
8544,173
8547,84
8548,21
8550,94
8551,66
8553,36
8554,56
8556,38
8557,119
8560,107
8563,135
8564,28
8566,61
8567,50
8569,50
8570,106
8572,23
8573,75
8576,157
8579,90
8580,19
8582,70
8583,61
8585,55
8586,72
8588,33
8589,129
8592,118
8595,107
8596,29
8598,79
8599,36
8601,73
8602,78
8604,17
8605,95
8608,153
8611,75
8612,17
8614,68
8615,67
8617,41
8618,69
8620,27
8621,114
8624,113
8627,129
8628,36
8630,64
8631,39
8633,51
8634,95
8636,22
8637,78
8640,133
8643,89
8644,13
8646,89
8647,55
8649,33
8650,62
8652,30
8653,126
8656,104
8659,111
8660,21
8662,60
8663,42
8665,61
8666,71
8668,21
8669,65
8672,117
8675,69
8676,21
8678,90
8679,54
8681,54
8682,62
8684,16
8685,110
8688,101
8691,103
8692,25
8694,51
8695,37
8697,54
8698,69
8700,16
8701,61
8704,114
8707,69
8708,19
8710,68
8711,47
8713,35
8714,42
8716,21
8717,102
8720,91
8723,101
8724,30
8726,61
8727,34
8729,41
8730,76
8732,17
8733,66
8736,126
8739,65
8740,10
8742,71
8743,31
8745,26
8746,56
8748,26
8749,96
8752,73
8755,79
8756,29
8758,58
8759,38
8761,36
8762,69
8764,14
8765,56
8768,95
8771,58
8772,15
8774,64
8775,35
8777,24
8778,41
8780,24
8781,80
8784,77
8787,71
8788,17
8790,41
8791,34
8793,44
8794,42
8796,20
8797,54
8800,100
8803,49
8804,9
8806,50
8807,38
8809,26
8810,42
8812,23
8813,73
8816,61
8819,67
8820,20
8822,36
8823,26
8825,29
8826,44
8828,10
8829,46
8832,89
8835,49
8836,7
8838,46
8839,40
8841,15
8842,24
8844,11
8845,54
8848,52
8851,69
8852,14
8854,28
8855,21
8857,26
8858,36
8860,8
8861,34
8864,62
8867,40
8868,4
8870,26
8871,29
8873,22
8874,37
8876,10
8877,52
8880,57
8883,44
8884,13
8886,21
8887,18
8889,21
8890,31
8892,7
8893,40
8896,45
8899,14
8900,10
8902,24
8903,27
8905,15
8906,19
8908,10
8909,39
8912,35
8915,31
8916,12
8918,15
8919,16
8921,22
8922,24
8924,7
8925,25
8928,50
8931,33
8932,6
8934,30
8935,19
8937,13
8938,18
8940,4
8941,27
8944,32
8947,41
8948,11
8950,18
8951,20
8953,17
8954,22
8956,6
8957,28
8960,35
8963,22
8964,7
8966,17
8967,11
8969,15
8970,11
8972,11
8973,30
8976,18
8979,32
8980,8
8982,15
8983,8
8985,13
8986,12
8988,4
8989,16
8992,23
8995,15
8996,6
8998,25
8999,13
9001,6
9002,8
9004,6
9005,21
9008,21
9011,19
9012,2
9014,4
9015,4
9017,7
9018,12
9020,2
9021,12
9024,21
9027,4
9028,4
9030,9
9031,9
9033,4
9034,15
9036,7
9037,16
9040,7
9043,20
9044,3
9046,12
9047,6
9049,9
9050,14
9052,5
9053,16
9056,19
9059,14
9060,1
9062,10
9063,7
9065,5
9066,6
9068,1
9069,11
9072,13
9075,15
9076,2
9078,5
9079,6
9081,8
9082,12
9084,3
9085,6
9088,12
9091,8
9092,2
9094,10
9095,5
9097,5
9098,7
9100,1
9101,8
9104,12
9107,4
9108,1
9110,4
9111,3
9113,5
9114,4
9116,2
9117,5
9120,11
9123,9
9124,2
9126,5
9127,2
9129,3
9130,6
9132,2
9133,11
9136,12
9139,5
9140,4
9142,3
9143,1
9145,2
9146,2
9149,1
9152,7
9155,4
9156,2
9158,5
9159,2
9161,5
9162,2
9164,3
9165,5
9168,9
9171,2
9172,1
9175,2
9177,3
9178,4
9180,2
9181,6
9184,7
9187,4
9188,1
9190,2
9191,2
9193,1
9194,2
9196,1
9197,4
9200,2
9203,3
9204,2
9206,1
9207,2
9210,3
9213,3
9216,3
9219,1
9220,1
9222,1
9223,1
9229,2
9232,2
9235,1
9239,2
9245,2
9248,4
9251,2
9254,1
9255,1
9258,2
9261,3
9264,3
9267,1
9270,1
9280,7
9283,1
9289,2
9293,3
9296,1
9299,3
9305,2
9309,2
9312,1
9318,1
9322,1
9325,3
9328,3
9331,2
9338,1
9340,1
9341,2
9347,1
9350,2
9353,1
9360,1
9363,1
9366,1
9369,1
9372,1
9373,1
9385,1
9388,1
9389,1
9392,1
9395,1
9398,2
9401,1
9402,1
9414,1
9415,1
9421,1
9424,1
9428,1
9430,2
9437,1
9443,1
9444,1
9446,2
9447,1
9449,1
9450,1
9453,1
9456,3
9460,1
9472,2
9475,1
9476,1
9481,1
9485,3
9494,2
9498,1
9504,2
9520,2
9526,2
9533,1
9536,1
9539,1
9542,1
9543,2
9549,1
9562,2
9568,1
9572,1
9574,1
9587,1
9590,1
9596,1
9607,1
9616,1
9619,1
9625,1
9626,3
9629,1
9632,1
9638,1
9639,1
9671,1
9677,1
9683,1
9689,1
9716,1
9718,1
9719,1
9721,1
9725,3
9728,1
9731,2
9734,1
9747,1
9754,1
9757,2
9760,2
9763,2
9767,1
9779,1
9785,1
9786,4
9796,1
9799,1
9801,1
9802,1
9805,1
9808,2
9811,1
9818,1
9821,1
9824,1
9828,1
9837,1
9843,1
9856,1
9859,1
9869,3
9875,2
9881,1
9888,1
9894,2
9895,1
9900,1
9916,2
9917,1
9942,1
9949,1
9952,1
9958,1
9959,1
9971,1
9975,2
9980,1
9981,1
9984,1
9987,1
9991,1
9993,1
9997,2
10016,3
10022,1
10028,1
10041,1
10045,1
10077,1
10080,2
10083,1
10084,1
10118,1
10124,2
10148,1
10166,1
10173,1
10176,1
10179,1
10195,2
10196,1
10208,1
10214,1
10215,1
10217,1
10227,1
10228,1
10231,1
10233,1
10240,3
10263,1
10284,1
10288,1
10304,1
10307,1
10310,2
10332,1
10333,1
10336,1
10346,1
10352,1
10355,1
10365,1
10374,2
10384,1
10387,2
10394,1
10396,1
10400,1
10403,1
10406,1
10407,1
10416,1
10419,3
10420,1
10429,1
10432,1
10435,1
10451,1
10452,1
10457,1
10458,2
10464,1
10467,1
10474,1
10486,1
10489,1
10490,1
10496,1
10503,1
10506,2
10515,2
10531,2
10541,1
10547,1
10548,1
10550,1
10560,2
10566,1
10569,1
10572,1
10573,1
10576,2
10586,1
10589,2
10592,1
10595,2
10602,1
10608,1
10621,1
10624,2
10627,1
10633,1
10634,1
10640,3
10646,1
10650,1
10656,1
10659,1
10662,1
10663,1
10668,1
10675,1
10681,1
10685,2
10688,1
10694,3
10708,1
10720,1
10724,1
10726,1
10732,1
10739,1
10752,1
10762,1
10768,2
10781,1
10790,1
10791,2
10800,2
10803,1
10823,1
10825,2
10826,2
10841,1
10845,1
10852,1
10861,1
10870,1
10876,1
10877,2
10883,1
10893,1
10905,1
10906,1
10912,1
10918,1
10925,2
10928,1
10931,1
10934,1
10940,1
10941,1
10944,1
10948,1
10950,1
10951,1
10954,1
10957,1
10960,6
10966,2
10982,1
10983,1
10985,1
10992,1
10996,1
10999,1
11005,2
11008,1
11024,1
11027,1
11037,2
11040,3
11043,2
11046,1
11050,1
11053,2
11059,1
11069,1
11075,1
11076,1
11078,1
11081,1
11091,2
11098,3
11101,1
11104,2
11107,1
11108,1
11110,1
11114,1
11116,1
11123,1
11130,1
11132,1
11133,1
11136,3
11142,1
11162,1
11165,1
11168,1
11171,2
11172,1
11174,1
11178,1
11187,3
11193,1
11204,1
11206,1
11219,1
11220,1
11222,1
11225,1
11232,1
11238,2
11244,1
11245,1
11255,2
11260,1
11264,1
11271,2
11276,1
11277,2
11283,1
11292,1
11302,1
11312,1
11315,1
11337,1
11338,1
11344,2
11347,2
11356,1
11360,1
11369,1
11370,1
11372,2
11380,1
11392,1
11411,1
11424,1
11430,1
11434,1
11443,1
11463,1
11469,1
11485,1
11488,1
11501,1
11504,1
11511,1
11514,1
11523,2
11526,1
11529,1
11552,1
11555,1
11568,1
11572,1
11577,1
11580,1
11581,1
11600,1
11603,2
11610,1
11626,1
11629,1
11632,1
11635,2
11651,1
11657,1
11658,1
11661,1
11680,1
11699,1
11700,1
11747,1
11750,1
11789,1
11792,1
11814,1
11840,1
11894,1
11901,2
11933,1
11949,1
12010,1
12032,1
12042,1
12051,1
12052,1
12055,1
12124,1
12135,1
12144,1
12154,1
12179,1
12221,1
12256,1
12272,1
12300,1
12413,1
12423,1
12477,1
12486,1
12538,1
12550,1
12576,1
12595,1
12602,1
12612,1
12627,2
12672,1
12675,1
12682,1
12701,1
12704,1
12742,1
12778,2
12825,1
12908,1
12935,1
12940,1
12982,1
13062,1
13104,1
13139,1
13142,1
13171,1
13191,1
13223,1
13238,1
13287,1
13328,1
13434,1
13452,1
13549,1
13580,1
13638,1
13671,1
13687,1
13779,1
13869,1
13878,1
13923,1
13965,1
13968,1
13974,1
14057,1
14074,1
14186,1
14198,1
14243,1
14291,1
14374,1
14419,1
14541,1
14560,1
14604,1
14685,1
14730,1
14748,1
14759,1
14791,1
14848,1
14900,1
14912,1
14973,1
15053,1
15517,1
15699,1
15776,1
16016,1
16313,1
16774,1
16844,1
47094,1
