13210,1
13225,1
13910,1
14195,1
16519,1
18771,1
19181,1
20301,1
21152,1
26362,1
30919,1
31002,1
31133,1
31158,1
31165,2
31174,1
31180,1
31232,1
31238,1
31261,1
31267,1
31283,1
31287,1
31290,2
31296,1
31299,2
31309,1
31318,1
31325,1
31331,1
31334,2
31335,1
31337,1
31338,2
31341,1
31344,1
31354,1
31363,1
31370,1
31373,1
31386,1
31392,4
31405,2
31433,1
31440,1
31452,1
31456,1
31460,1
31469,1
31475,1
31481,2
31482,1
31485,1
31488,2
31491,1
31497,1
31498,3
31500,1
31501,2
31510,2
31513,1
31514,2
31516,2
31517,2
31523,1
31526,1
31530,1
31533,3
31536,1
31539,3
31540,1
31542,1
31549,1
31555,1
31558,1
31561,1
31565,1
31568,2
31571,2
31574,2
31575,1
31577,1
31587,1
31588,1
31594,1
31603,1
31609,1
31610,1
31613,2
31616,1
31619,3
31622,1
31625,1
31626,1
31628,1
31629,2
31632,3
31635,3
31636,1
31642,2
31645,1
31648,2
31651,1
31654,2
31657,2
31658,3
31660,1
31664,3
31671,1
31674,1
31677,3
31686,1
31687,1
31692,1
31693,3
31696,1
31699,2
31700,2
31702,1
31706,1
31709,2
31712,2
31715,1
31716,1
31731,1
31734,1
31735,1
31738,1
31740,1
31741,1
31744,2
31747,1
31750,1
31753,2
31757,4
31760,1
31763,1
31766,1
31769,1
31770,3
31772,1
31773,1
31776,1
31779,4
31780,1
31782,4
31783,1
31786,2
31788,1
31792,3
31795,1
31796,1
31798,1
31799,2
31801,1
31804,1
31805,3
31808,1
31811,1
31814,1
31815,1
31818,2
31824,1
31828,4
31831,3
31836,4
31837,1
31840,1
31843,2
31846,3
31847,1
31850,1
31852,1
31853,1
31856,4
31859,4
31863,1
31866,3
31869,2
31872,3
31875,2
31878,1
31879,2
31881,1
31882,1
31885,3
31888,3
31891,4
31892,1
31894,4
31895,2
31897,2
31898,1
31900,3
31901,8
31904,3
31907,4
31908,2
31910,2
31911,1
31913,2
31914,1
31917,2
31920,3
31923,1
31926,3
31927,1
31929,3
31930,3
31932,1
31933,1
31936,4
31939,5
31940,1
31942,2
31943,2
31945,1
31946,1
31948,1
31949,1
31952,2
31955,2
31956,1
31962,3
31964,1
31965,4
31968,6
31971,1
31972,1
31974,2
31975,1
31978,4
31980,1
31981,4
31984,2
31987,5
31988,2
31990,1
31991,2
31993,1
31994,5
31997,3
32000,8
32003,3
32006,2
32009,1
32010,1
32013,4
32016,7
32022,2
32025,1
32026,3
32028,3
32029,4
32032,3
32035,5
32036,2
32038,2
32039,1
32041,4
32042,1
32044,2
32045,2
32048,3
32051,3
32052,1
32055,2
32057,2
32058,2
32060,2
32061,3
32064,7
32067,4
32070,2
32073,4
32074,1
32077,2
32080,4
32083,6
32084,1
32086,1
32087,4
32089,3
32090,3
32092,2
32093,1
32096,6
32099,4
32100,2
32102,1
32103,3
32106,3
32109,4
32112,2
32115,3
32118,5
32119,3
32121,2
32122,5
32125,4
32128,4
32132,3
32134,2
32135,1
32137,2
32138,2
32141,3
32144,4
32147,2
32148,2
32150,1
32151,2
32153,6
32154,2
32156,1
32157,5
32160,2
32163,2
32166,3
32169,2
32170,3
32173,4
32176,2
32179,4
32180,4
32182,2
32185,2
32186,2
32189,3
32192,1
32196,1
32198,2
32199,3
32201,2
32202,2
32205,3
32208,3
32211,2
32212,2
32215,1
32217,2
32218,3
32220,1
32221,6
32224,4
32227,4
32228,1
32230,1
32231,3
32233,1
32234,3
32236,1
32237,3
32240,2
32243,2
32246,3
32247,3
32249,1
32250,3
32253,4
32256,4
32259,5
32260,2
32262,4
32265,2
32266,4
32268,1
32269,4
32272,4
32275,4
32276,1
32279,3
32281,1
32282,3
32285,5
32288,2
32291,8
32294,3
32295,1
32297,2
32298,2
32300,2
32301,5
32304,6
32307,4
32308,1
32310,2
32311,1
32313,4
32314,4
32316,2
32317,1
32320,10
32323,3
32324,1
32326,3
32327,5
32329,4
32330,8
32333,1
32336,7
32339,3
32340,1
32342,1
32345,3
32346,7
32349,5
32352,4
32355,4
32359,4
32361,1
32362,2
32364,1
32365,3
32368,7
32371,6
32375,1
32377,2
32378,5
32381,7
32384,4
32387,5
32388,5
32390,6
32391,2
32393,1
32394,6
32396,2
32397,6
32400,9
32403,5
32406,3
32407,4
32409,4
32410,6
32413,4
32416,4
32419,8
32422,2
32423,1
32425,3
32426,6
32428,3
32429,3
32432,8
32435,6
32436,1
32438,8
32442,4
32445,5
32448,6
32451,6
32452,2
32454,5
32455,3
32457,5
32458,5
32460,1
32461,7
32464,3
32467,6
32468,2
32470,3
32471,1
32473,2
32474,5
32477,4
32480,4
32483,3
32486,3
32487,4
32489,4
32490,4
32492,2
32493,6
32496,3
32499,9
32500,1
32502,4
32503,2
32505,7
32506,1
32508,2
32509,4
32512,4
32515,3
32516,1
32518,1
32521,3
32522,4
32524,2
32525,3
32528,6
32531,2
32534,2
32535,2
32537,1
32538,5
32541,8
32544,6
32547,6
32548,2
32550,2
32551,5
32553,4
32554,3
32556,1
32557,8
32560,2
32563,6
32566,5
32567,1
32569,1
32570,5
32572,3
32573,3
32576,3
32579,6
32580,1
32582,7
32583,1
32585,3
32586,3
32589,4
32592,9
32595,6
32596,1
32598,3
32599,1
32601,4
32602,5
32605,10
32608,5
32611,4
32612,2
32614,5
32615,3
32617,2
32618,1
32621,8
32624,8
32627,9
32628,1
32630,6
32631,3
32633,2
32634,2
32636,1
32637,4
32640,9
32643,2
32644,2
32646,3
32647,4
32649,1
32650,3
32652,2
32653,6
32656,10
32659,4
32660,2
32662,5
32663,4
32665,2
32666,4
32668,2
32669,5
32672,7
32675,4
32678,5
32679,1
32681,2
32682,5
32684,1
32685,5
32688,5
32691,9
32694,3
32695,4
32697,2
32698,4
32700,1
32701,5
32704,3
32707,5
32708,1
32710,4
32711,3
32713,5
32714,1
32716,2
32717,5
32720,10
32723,7
32724,1
32726,5
32727,3
32729,4
32730,4
32732,2
32733,5
32736,7
32739,6
32742,2
32743,1
32745,1
32746,4
32749,11
32752,8
32755,6
32756,2
32758,2
32759,1
32761,1
32762,2
32764,1
32765,4
32768,12
32771,8
32772,1
32774,4
32775,2
32777,2
32778,6
32780,1
32781,7
32784,11
32787,4
32788,2
32790,6
32791,4
32793,3
32794,3
32796,3
32797,9
32800,3
32803,5
32804,1
32806,8
32807,5
32809,4
32810,3
32813,9
32816,10
32819,8
32820,2
32822,5
32823,2
32825,3
32826,7
32828,2
32829,5
32832,7
32835,8
32836,4
32838,2
32839,3
32841,4
32842,10
32845,1
32848,5
32851,7
32852,1
32854,4
32855,5
32858,1
32860,2
32861,12
32864,5
32867,8
32868,2
32870,6
32871,5
32874,8
32876,2
32877,9
32880,8
32883,7
32884,1
32886,6
32887,5
32889,1
32890,7
32892,1
32893,13
32896,6
32899,5
32900,1
32902,3
32903,1
32905,2
32906,4
32908,2
32909,4
32912,7
32915,5
32916,6
32918,2
32919,4
32922,5
32924,1
32925,3
32928,10
32931,6
32932,1
32934,5
32935,1
32937,4
32938,3
32940,2
32941,3
32944,10
32947,7
32948,1
32950,3
32951,4
32953,5
32954,5
32956,2
32957,7
32960,8
32963,7
32964,2
32966,7
32967,3
32970,7
32972,2
32973,8
32976,3
32979,3
32980,2
32982,1
32983,2
32985,7
32986,3
32988,3
32989,4
32992,12
32995,3
32996,1
32998,2
32999,5
33001,5
33002,4
33005,9
33008,8
33011,2
33012,4
33014,2
33015,1
33017,6
33018,8
33020,2
33021,5
33024,6
33027,4
33028,4
33030,5
33031,3
33033,3
33034,3
33036,2
33037,6
33040,2
33043,4
33044,2
33046,10
33047,8
33049,1
33050,5
33052,2
33053,3
33056,8
33059,5
33060,1
33062,4
33063,4
33065,2
33066,4
33068,5
33069,3
33072,9
33075,5
33076,1
33078,4
33079,1
33081,5
33082,2
33084,1
33085,3
33088,5
33091,6
33092,3
33094,2
33097,3
33098,5
33100,1
33101,4
33104,10
33107,5
33108,5
33110,5
33111,3
33113,3
33114,9
33116,3
33117,8
33120,9
33123,7
33124,3
33126,4
33127,3
33129,5
33130,8
33133,3
33136,12
33139,6
33140,2
33142,5
33143,2
33145,3
33146,4
33148,2
33149,10
33152,12
33155,7
33156,2
33158,5
33159,5
33161,2
33162,2
33164,1
33165,7
33168,5
33171,6
33172,2
33174,2
33177,2
33178,5
33180,2
33181,9
33184,10
33187,9
33188,2
33191,4
33193,8
33194,6
33196,1
33197,3
33200,10
33203,6
33204,1
33206,5
33207,2
33209,3
33210,8
33212,1
33213,3
33216,5
33219,5
33220,3
33222,6
33223,3
33225,5
33226,10
33228,1
33229,5
33232,4
33235,11
33236,2
33238,3
33239,6
33241,3
33242,4
33244,2
33245,6
33248,5
33251,8
33252,1
33254,11
33255,2
33257,1
33258,7
33260,2
33261,4
33264,17
33267,11
33270,5
33271,3
33273,3
33274,1
33276,2
33277,8
33280,12
33283,6
33284,5
33286,7
33287,5
33289,2
33290,7
33292,2
33293,8
33296,5
33299,5
33300,2
33302,3
33303,4
33305,5
33306,8
33308,2
33309,9
33312,5
33315,8
33316,3
33318,6
33319,1
33321,2
33322,2
33324,1
33325,5
33328,7
33331,4
33332,2
33335,6
33337,4
33338,5
33340,1
33341,11
33344,6
33347,1
33348,1
33350,5
33351,2
33354,4
33356,4
33357,8
33360,6
33363,7
33364,2
33366,4
33369,3
33370,2
33372,3
33373,10
33376,8
33379,6
33382,5
33383,3
33385,4
33386,5
33388,1
33389,13
33392,12
33395,7
33396,1
33398,2
33399,8
33401,3
33402,6
33404,1
33405,7
33408,7
33411,9
33412,1
33414,6
33415,6
33417,3
33418,4
33420,3
33421,3
33424,6
33427,7
33428,1
33430,7
33433,5
33434,10
33436,2
33437,9
33440,6
33443,12
33444,2
33446,6
33447,3
33449,5
33450,3
33453,5
33456,14
33459,8
33460,1
33462,4
33463,5
33465,1
33466,10
33468,2
33469,5
33472,5
33475,7
33476,1
33478,9
33479,5
33481,3
33482,4
33484,3
33485,8
33488,6
33491,4
33492,3
33494,5
33495,3
33497,3
33498,3
33500,1
33501,5
33504,4
33507,11
33508,2
33510,6
33511,7
33513,4
33514,5
33516,1
33517,2
33520,7
33523,5
33524,1
33526,2
33527,3
33529,2
33530,9
33532,2
33533,8
33536,8
33539,10
33540,1
33542,4
33543,5
33545,2
33546,8
33548,2
33549,3
33552,10
33555,8
33556,1
33558,8
33559,5
33561,5
33562,4
33565,5
33568,4
33571,7
33572,2
33574,6
33575,4
33577,3
33578,7
33580,3
33581,7
33584,6
33587,8
33588,3
33590,7
33591,1
33593,2
33594,4
33596,1
33597,8
33600,6
33603,6
33604,1
33606,4
33607,2
33609,3
33610,5
33612,4
33613,7
33616,14
33619,9
33620,5
33622,6
33623,4
33625,1
33626,5
33628,2
33629,1
33632,17
33635,6
33636,2
33638,2
33639,4
33641,5
33642,9
33645,10
33648,8
33651,10
33654,5
33655,1
33657,2
33658,6
33660,3
33661,6
33664,13
33667,9
33668,4
33670,4
33671,2
33673,3
33674,3
33676,4
33677,9
33680,14
33683,8
33684,6
33686,3
33687,5
33689,5
33690,7
33692,2
33693,5
33696,5
33699,13
33700,1
33702,5
33703,4
33705,3
33706,9
33709,6
33712,8
33715,6
33716,2
33718,2
33719,5
33721,3
33722,7
33724,1
33725,3
33728,6
33731,6
33732,1
33734,5
33735,7
33737,7
33738,5
33740,3
33741,3
33744,8
33747,4
33748,3
33750,3
33751,2
33753,3
33754,6
33757,4
33760,7
33763,5
33764,2
33766,2
33767,3
33769,1
33770,5
33772,2
33773,7
33776,11
33779,9
33780,2
33782,7
33783,2
33785,4
33786,6
33789,9
33792,6
33795,7
33798,4
33799,2
33801,2
33802,4
33804,3
33805,13
33808,9
33811,4
33812,2
33814,5
33815,3
33817,6
33818,6
33820,2
33821,4
33824,12
33827,4
33828,4
33830,7
33831,4
33833,1
33834,4
33836,3
33837,11
33840,11
33843,5
33844,1
33846,8
33847,5
33850,7
33852,3
33853,9
33856,10
33859,3
33860,2
33862,6
33863,4
33865,1
33866,6
33868,1
33869,9
33872,5
33875,6
33876,1
33878,8
33879,3
33881,3
33882,2
33885,5
33888,10
33891,3
33894,7
33895,7
33897,5
33898,5
33900,4
33901,7
33904,10
33907,3
33910,3
33911,4
33913,6
33914,2
33916,2
33917,8
33920,5
33923,11
33924,1
33926,5
33927,4
33929,3
33930,5
33932,3
33933,6
33936,8
33939,6
33940,2
33942,4
33943,2
33945,2
33946,3
33948,1
33949,9
33952,9
33955,10
33956,2
33958,10
33959,5
33961,2
33962,3
33964,1
33965,8
33968,11
33971,8
33972,1
33974,3
33975,2
33977,4
33978,4
33980,2
33981,10
33984,5
33987,3
33988,2
33990,4
33991,3
33993,5
33994,6
33996,1
33997,4
34000,7
34003,8
34004,1
34006,2
34007,1
34009,2
34010,2
34012,2
34013,6
34016,7
34019,8
34020,3
34022,6
34023,5
34025,4
34026,6
34028,3
34029,3
34032,13
34035,4
34036,2
34038,4
34039,6
34041,2
34042,7
34045,6
34048,8
34051,7
34052,2
34054,8
34055,3
34057,7
34058,4
34060,1
34061,8
34064,4
34067,10
34068,1
34070,1
34071,4
34073,5
34074,6
34077,11
34080,11
34083,11
34084,1
34086,6
34087,3
34089,3
34090,1
34092,2
34093,11
34096,13
34099,7
34100,2
34102,2
34103,1
34105,1
34106,3
34109,10
34112,4
34115,8
34116,3
34118,7
34121,6
34122,2
34124,4
34125,7
34128,8
34131,7
34132,4
34134,5
34135,7
34137,2
34138,3
34140,1
34141,4
34144,8
34147,7
34150,5
34151,3
34153,4
34154,7
34157,4
34160,8
34163,5
34164,3
34166,7
34167,1
34169,4
34170,7
34172,2
34173,5
34176,7
34179,8
34182,5
34183,3
34185,3
34186,9
34188,2
34189,7
34192,6
34195,7
34196,5
34198,2
34199,2
34201,3
34202,8
34205,5
34208,7
34211,8
34212,3
34214,4
34215,5
34217,3
34218,4
34220,2
34221,10
34224,5
34227,8
34228,2
34230,6
34231,4
34233,4
34234,4
34237,10
34240,8
34243,5
34244,2
34246,3
34247,3
34249,2
34250,6
34252,3
34253,6
34256,10
34259,8
34260,5
34262,3
34263,8
34265,1
34266,3
34268,2
34269,3
34272,9
34275,3
34276,3
34278,2
34279,6
34281,4
34282,8
34284,2
34285,4
34288,13
34291,2
34294,4
34295,1
34297,2
34298,2
34300,3
34301,5
34304,7
34307,8
34308,1
34310,8
34311,3
34313,3
34314,8
34316,1
34317,6
34320,6
34323,9
34324,2
34326,7
34327,6
34329,4
34330,2
34332,1
34333,9
34336,3
34339,13
34340,3
34342,5
34343,6
34345,2
34346,2
34348,1
34349,5
34352,6
34355,9
34356,1
34358,3
34359,2
34361,1
34362,8
34364,2
34365,3
34368,7
34371,3
34372,1
34374,3
34375,5
34377,5
34378,4
34380,2
34381,6
34384,12
34387,10
34388,1
34390,3
34391,2
34393,3
34394,4
34396,1
34397,4
34400,3
34403,7
34406,6
34407,2
34409,2
34410,4
34413,11
34416,7
34419,7
34420,1
34422,4
34423,1
34425,3
34426,5
34429,4
34432,6
34435,2
34436,2
34438,3
34439,1
34441,5
34442,2
34444,1
34445,7
34448,6
34451,7
34452,2
34454,3
34455,4
34457,1
34458,2
34460,1
34461,9
34464,7
34467,3
34468,2
34470,5
34471,2
34473,1
34474,2
34476,1
34477,6
34480,5
34483,4
34484,3
34486,2
34487,4
34489,3
34490,9
34492,1
34493,9
34496,11
34499,5
34500,2
34502,1
34503,6
34505,2
34506,5
34508,1
34509,5
34512,8
34515,6
34516,2
34518,4
34519,3
34521,2
34522,4
34524,1
34525,4
34528,8
34531,4
34532,1
34534,3
34535,3
34537,1
34538,4
34540,1
34541,5
34544,9
34547,7
34548,3
34550,5
34551,5
34553,1
34554,2
34556,1
34557,3
34560,2
34563,6
34564,2
34566,5
34567,2
34569,2
34570,8
34572,4
34573,4
34576,6
34579,4
34580,3
34582,3
34583,3
34585,4
34586,4
34588,2
34589,6
34592,6
34595,5
34596,4
34598,4
34599,6
34601,2
34602,2
34604,1
34605,7
34608,10
34611,4
34612,1
34614,2
34615,2
34617,2
34618,6
34620,1
34621,9
34624,10
34627,8
34628,2
34630,6
34631,4
34633,2
34634,4
34636,1
34637,3
34640,13
34643,10
34644,5
34646,2
34647,2
34649,5
34650,2
34652,3
34653,5
34656,11
34659,5
34662,5
34663,1
34665,5
34666,5
34668,1
34669,8
34672,9
34675,10
34676,4
34678,4
34679,1
34681,1
34682,7
34684,1
34685,8
34688,6
34691,6
34692,1
34694,3
34695,2
34697,3
34698,5
34700,1
34701,5
34704,8
34707,1
34708,1
34710,5
34711,3
34713,2
34714,7
34716,1
34717,8
34720,7
34723,10
34724,1
34726,5
34727,4
34729,3
34730,4
34732,1
34733,2
34736,10
34739,10
34740,1
34742,4
34743,3
34745,3
34746,8
34748,1
34749,7
34752,6
34755,6
34756,1
34758,5
34759,1
34761,2
34762,3
34764,3
34765,5
34768,7
34771,3
34772,1
34774,7
34775,3
34777,3
34778,3
34780,2
34781,5
34784,8
34787,5
34788,1
34790,9
34791,1
34793,1
34794,4
34796,6
34797,7
34800,6
34803,5
34806,1
34807,3
34809,5
34810,2
34812,2
34813,4
34816,9
34819,8
34820,3
34822,3
34823,4
34825,4
34826,6
34828,1
34829,5
34832,4
34835,8
34836,2
34838,6
34839,1
34841,3
34842,4
34844,1
34845,9
34848,7
34851,5
34852,2
34854,4
34855,3
34857,2
34858,7
34860,3
34861,5
34864,6
34867,4
34868,3
34870,3
34871,2
34873,2
34874,6
34876,2
34877,8
34880,11
34883,8
34884,1
34886,3
34887,3
34889,1
34890,3
34892,3
34893,5
34896,8
34899,8
34900,2
34902,8
34903,1
34905,6
34906,3
34909,8
34912,6
34915,3
34916,1
34918,4
34919,4
34921,1
34922,4
34924,1
34925,4
34928,11
34931,7
34932,1
34934,2
34935,2
34937,5
34938,5
34940,2
34941,4
34944,3
34947,5
34950,5
34951,2
34953,3
34954,6
34957,6
34960,10
34963,9
34964,1
34966,5
34967,2
34969,3
34970,6
34972,1
34973,11
34976,6
34979,5
34980,2
34982,4
34983,7
34985,3
34986,6
34988,1
34989,2
34992,8
34995,5
34996,2
34998,6
34999,3
35001,2
35002,9
35004,2
35005,6
35008,8
35011,7
35012,1
35014,5
35015,3
35017,1
35018,3
35020,1
35021,4
35024,6
35027,6
35028,5
35030,3
35031,4
35033,2
35034,6
35036,3
35037,4
35040,8
35043,3
35046,9
35047,3
35049,5
35050,7
35052,3
35053,5
35056,5
35059,7
35060,2
35062,6
35063,2
35065,6
35066,6
35068,2
35069,4
35072,14
35075,9
35076,2
35078,4
35079,1
35081,1
35085,2
35088,7
35091,7
35092,1
35094,3
35095,4
35097,2
35098,5
35101,8
35104,5
35107,6
35108,1
35110,4
35111,2
35113,3
35114,3
35116,2
35117,8
35120,10
35123,9
35124,2
35126,3
35127,3
35129,5
35130,3
35132,2
35133,5
35136,9
35142,2
35143,3
35145,3
35146,5
35148,4
35149,5
35152,6
35155,4
35158,4
35159,2
35161,6
35162,1
35164,4
35165,5
35168,11
35171,5
35172,1
35174,4
35175,1
35177,1
35178,5
35180,2
35181,7
35184,7
35187,2
35188,1
35190,9
35191,1
35194,2
35196,1
35197,7
35200,5
35203,6
35204,1
35206,8
35207,3
35210,4
35213,7
35216,6
35219,3
35220,2
35222,3
35223,1
35225,5
35226,7
35228,1
35229,5
35232,2
35235,8
35238,4
35239,4
35241,5
35242,2
35245,7
35248,5
35251,3
35252,2
35254,7
35255,3
35257,2
35258,2
35260,1
35261,7
35264,8
35267,6
35268,2
35271,2
35273,4
35274,5
35277,4
35280,10
35283,5
35286,4
35287,3
35289,6
35290,5
35292,2
35293,6
35296,7
35299,9
35302,4
35303,4
35305,3
35306,3
35308,2
35309,2
35312,3
35315,5
35316,1
35318,6
35321,2
35322,4
35324,7
35325,7
35328,6
35331,6
35332,3
35334,2
35335,5
35337,3
35338,4
35341,3
35344,10
35347,7
35348,2
35350,2
35351,1
35353,1
35354,6
35356,2
35357,2
35360,10
35363,6
35366,3
35367,2
35369,3
35370,5
35373,7
35376,8
35379,5
35380,2
35382,5
35383,2
35385,4
35386,7
35388,1
35389,3
35392,10
35395,5
35396,2
35398,5
35399,3
35401,2
35402,7
35404,2
35405,6
35408,7
35411,5
35412,2
35414,3
35415,2
35417,2
35418,3
35421,2
35424,8
35427,4
35430,5
35431,7
35433,2
35434,5
35436,2
35437,7
35440,7
35443,9
35444,1
35446,4
35447,1
35449,5
35450,2
35453,6
35456,4
35459,2
35460,2
35462,3
35463,1
35465,2
35466,1
35468,2
35469,3
35472,5
35475,5
35476,1
35478,7
35479,5
35481,6
35482,1
35484,2
35485,5
35488,3
35491,7
35494,3
35495,3
35497,2
35498,4
35500,1
35501,3
35504,8
35507,5
35508,3
35510,2
35514,4
35516,2
35517,6
35520,3
35523,9
35524,2
35526,5
35527,5
35529,3
35530,6
35533,4
35536,5
35539,4
35540,3
35542,6
35543,4
35545,3
35546,3
35549,4
35552,9
35555,5
35556,3
35558,1
35559,4
35561,2
35562,3
35564,2
35565,8
35568,9
35571,3
35574,2
35575,2
35577,4
35578,2
35580,2
35581,2
35584,4
35587,3
35588,1
35590,5
35591,3
35593,3
35594,2
35597,7
35600,8
35603,2
35604,1
35606,5
35607,4
35609,4
35610,7
35612,3
35613,6
35616,4
35619,2
35620,1
35622,1
35623,3
35625,2
35626,3
35628,1
35629,8
35632,8
35635,8
35636,2
35638,6
35639,3
35641,2
35642,3
35644,1
35645,7
35648,4
35651,4
35654,5
35655,2
35657,1
35658,1
35660,1
35661,8
35664,10
35667,6
35668,1
35670,4
35671,1
35673,3
35674,7
35676,2
35677,4
35680,6
35683,9
35686,6
35687,1
35689,2
35690,6
35692,2
35693,1
35696,5
35699,7
35702,5
35705,2
35706,3
35709,5
35712,9
35715,9
35716,2
35718,7
35719,2
35721,6
35722,7
35724,1
35725,7
35728,8
35731,7
35732,1
35734,9
35735,5
35737,1
35738,3
35741,3
35744,9
35747,6
35748,3
35750,4
35751,4
35753,2
35754,2
35756,1
35757,3
35760,8
35763,8
35764,3
35766,6
35767,4
35769,1
35770,7
35772,1
35773,5
35776,6
35779,8
35780,2
35783,2
35785,2
35786,4
35788,1
35789,7
35792,4
35795,4
35798,10
35799,2
35801,2
35802,6
35805,6
35808,4
35811,6
35814,6
35815,4
35817,2
35818,7
35820,2
35821,5
35824,7
35827,5
35830,5
35831,1
35833,1
35834,3
35836,2
35837,6
35840,7
35843,2
35844,1
35846,6
35847,1
35849,2
35852,3
35853,3
35856,9
35859,13
35860,3
35862,3
35863,2
35865,3
35866,3
35868,2
35869,5
35872,9
35875,5
35876,2
35878,8
35881,2
35882,4
35884,2
35885,7
35888,5
35891,8
35892,1
35894,3
35895,3
35898,7
35900,1
35901,3
35904,9
35907,5
35908,4
35910,3
35911,2
35913,3
35914,4
35916,1
35917,5
35920,5
35923,5
35926,2
35927,4
35929,2
35930,5
35933,2
35936,4
35939,4
35940,3
35942,6
35943,7
35945,1
35946,6
35948,2
35949,6
35952,12
35955,5
35956,2
35958,4
35959,7
35961,1
35962,4
35964,1
35965,8
35968,8
35971,3
35972,3
35974,11
35975,4
35977,2
35978,2
35980,2
35981,11
35984,12
35987,4
35990,5
35991,4
35993,3
35994,6
35996,1
35997,11
36000,5
36003,5
36004,2
36006,2
36007,3
36009,3
36010,4
36012,2
36013,11
36016,11
36019,5
36020,1
36022,4
36023,4
36025,6
36026,2
36028,2
36029,3
36032,7
36035,7
36036,4
36038,3
36039,6
36041,2
36042,3
36044,3
36045,3
36048,6
36051,9
36052,2
36054,1
36055,5
36057,1
36058,4
36061,4
36064,6
36067,4
36068,2
36070,7
36071,3
36073,2
36074,7
36077,5
36080,9
36083,2
36084,3
36086,4
36087,4
36089,5
36090,3
36092,2
36093,13
36096,5
36099,5
36100,1
36103,1
36105,2
36106,2
36108,1
36109,2
36112,9
36115,6
36116,2
36118,6
36119,3
36121,3
36122,6
36124,2
36125,9
36128,4
36131,4
36132,2
36134,6
36135,1
36137,1
36138,4
36140,1
36141,7
36144,10
36147,5
36150,4
36151,2
36154,5
36157,1
36160,7
36163,6
36164,3
36166,6
36167,5
36169,4
36170,3
36172,1
36173,7
36176,8
36179,12
36180,2
36182,7
36185,4
36186,8
36188,2
36189,4
36192,5
36195,4
36196,1
36198,6
36199,4
36201,1
36202,7
36204,2
36205,7
36208,7
36211,7
36212,4
36214,7
36215,3
36218,8
36220,2
36221,2
36224,11
36227,7
36230,7
36231,2
36233,4
36234,4
36236,1
36237,1
36240,10
36243,7
36246,4
36247,3
36249,2
36250,6
36252,1
36253,5
36256,2
36259,4
36260,1
36262,5
36263,2
36265,2
36266,3
36269,4
36272,5
36275,8
36276,3
36278,7
36279,2
36281,3
36282,4
36284,1
36285,5
36288,4
36291,1
36292,1
36294,4
36295,5
36297,2
36298,2
36300,1
36301,2
36304,10
36307,4
36308,2
36310,1
36311,3
36314,4
36317,1
36320,10
36323,1
36324,3
36326,4
36327,5
36329,4
36330,8
36333,6
36336,5
36339,4
36340,2
36342,5
36343,1
36345,4
36346,6
36348,3
36349,2
36352,6
36355,6
36356,1
36358,3
36359,1
36361,7
36362,5
36364,1
36365,7
36368,13
36371,9
36372,2
36374,5
36375,1
36377,4
36378,6
36380,1
36381,11
36384,7
36387,4
36388,1
36390,7
36391,3
36394,4
36396,1
36397,5
36400,7
36403,6
36406,5
36407,2
36409,4
36410,5
36413,3
36416,4
36419,3
36420,1
36422,5
36423,3
36425,1
36426,6
36428,3
36429,8
36432,7
36435,3
36436,2
36438,5
36439,5
36441,4
36442,3
36445,5
36448,1
36451,8
36452,1
36454,4
36457,2
36458,5
36460,5
36461,2
36464,6
36467,7
36468,1
36470,4
36471,3
36473,2
36474,4
36476,2
36477,5
36480,10
36483,2
36484,2
36486,4
36487,4
36489,1
36490,7
36492,1
36493,4
36496,10
36499,11
36502,7
36503,5
36505,2
36506,3
36508,1
36509,6
36512,11
36515,2
36518,2
36519,1
36521,4
36522,5
36524,3
36525,4
36528,12
36531,8
36532,1
36534,9
36535,5
36537,3
36540,3
36541,7
36544,7
36547,2
36548,1
36550,5
36551,8
36553,1
36554,4
36556,2
36557,10
36560,5
36563,2
36564,2
36566,8
36567,2
36569,2
36570,7
36572,5
36573,5
36576,10
36579,2
36580,1
36582,4
36583,3
36585,3
36586,4
36588,2
36589,3
36592,5
36595,9
36596,2
36598,6
36599,5
36601,3
36602,5
36604,4
36605,7
36608,6
36611,7
36612,2
36614,2
36615,1
36617,1
36618,7
36620,1
36621,1
36624,7
36627,5
36628,4
36630,5
36631,2
36633,4
36634,5
36636,1
36637,5
36640,6
36643,7
36646,7
36647,1
36649,1
36650,5
36653,8
36656,12
36659,12
36660,1
36662,4
36663,3
36665,5
36666,3
36668,2
36669,9
36672,8
36675,7
36676,1
36678,3
36679,6
36681,3
36682,5
36684,2
36685,2
36688,6
36691,8
36692,1
36694,5
36695,1
36697,1
36698,4
36701,5
36704,8
36707,5
36710,6
36711,7
36713,1
36714,5
36717,4
36720,7
36723,7
36724,1
36726,8
36727,4
36729,7
36730,3
36732,1
36733,7
36736,7
36739,7
36740,2
36742,4
36743,4
36745,4
36746,4
36748,1
36749,4
36752,6
36755,2
36758,5
36759,6
36761,4
36762,5
36764,3
36765,3
36768,8
36771,6
36772,3
36774,4
36775,2
36777,1
36778,2
36780,3
36781,8
36784,5
36787,6
36788,1
36790,3
36791,2
36793,2
36794,3
36797,4
36800,15
36803,5
36804,4
36806,7
36807,1
36809,2
36810,4
36813,5
36816,9
36819,7
36820,3
36822,5
36823,2
36825,2
36826,4
36828,1
36829,8
36832,9
36835,6
36836,3
36838,3
36839,6
36841,4
36842,3
36845,9
36848,9
36851,8
36852,3
36854,8
36855,3
36857,4
36858,8
36860,1
36861,6
36864,11
36867,6
36870,8
36871,2
36873,2
36874,6
36876,1
36877,7
36880,6
36883,8
36884,2
36886,2
36889,1
36890,3
36892,2
36893,6
36896,8
36899,10
36900,1
36902,4
36903,3
36905,3
36906,4
36908,1
36909,11
36912,6
36915,5
36916,2
36918,8
36919,2
36921,2
36924,1
36925,10
36928,8
36931,5
36932,5
36934,7
36935,1
36937,5
36938,4
36941,2
36944,6
36947,10
36948,2
36950,4
36951,4
36953,1
36954,3
36957,7
36960,11
36963,7
36964,3
36966,4
36967,3
36969,2
36970,6
36972,1
36973,6
36976,7
36979,9
36982,6
36983,1
36985,3
36986,5
36988,3
36989,3
36992,11
36995,8
36996,1
36998,3
36999,5
37001,4
37002,1
37004,1
37005,5
37008,7
37011,4
37012,3
37014,5
37015,3
37017,1
37018,2
37020,3
37021,3
37024,6
37027,9
37028,1
37030,5
37031,4
37033,7
37034,4
37036,2
37037,10
37040,7
37043,3
37044,1
37046,3
37047,1
37049,3
37050,1
37052,2
37053,1
37056,7
37059,10
37060,1
37062,5
37063,2
37065,4
37066,5
37068,1
37069,10
37072,11
37075,7
37078,5
37079,1
37081,3
37082,9
37084,2
37085,9
37088,4
37091,2
37092,5
37094,3
37095,2
37097,3
37098,3
37100,1
37101,1
37104,5
37107,4
37108,3
37110,4
37111,3
37113,4
37114,3
37116,1
37117,4
37120,8
37123,7
37124,1
37126,3
37127,4
37129,3
37130,9
37132,1
37133,6
37136,11
37139,6
37140,1
37142,8
37145,2
37146,8
37148,1
37149,4
37152,4
37155,6
37156,2
37158,6
37159,6
37161,1
37162,6
37164,3
37165,4
37168,7
37171,4
37172,3
37174,3
37175,2
37177,2
37178,2
37180,3
37181,6
37184,6
37187,7
37188,4
37190,2
37191,6
37193,2
37194,4
37196,3
37197,4
37200,7
37203,4
37206,1
37207,2
37209,2
37210,3
37212,2
37213,5
37216,9
37219,3
37220,1
37222,5
37223,4
37225,1
37226,5
37228,1
37229,6
37232,14
37235,6
37236,4
37238,3
37239,5
37241,5
37242,4
37245,6
37248,5
37251,13
37252,1
37254,2
37255,1
37257,2
37258,3
37260,1
37261,6
37264,5
37267,9
37268,3
37270,4
37271,1
37273,5
37274,2
37277,5
37280,6
37283,3
37286,3
37287,3
37289,3
37290,5
37292,3
37296,10
37299,8
37300,1
37302,4
37303,3
37305,1
37306,4
37309,12
37312,3
37315,5
37316,3
37318,6
37319,4
37321,1
37322,5
37324,1
37325,8
37328,7
37331,3
37332,1
37334,3
37335,2
37337,4
37338,5
37340,1
37341,10
37344,7
37347,5
37348,1
37350,1
37351,2
37353,4
37354,3
37356,2
37357,6
37360,5
37363,4
37366,5
37367,5
37369,1
37370,6
37373,5
37376,8
37379,2
37382,6
37385,4
37386,4
37388,3
37389,4
37392,3
37395,7
37398,4
37399,4
37401,5
37402,7
37405,7
37408,2
37411,5
37412,1
37414,3
37415,1
37417,1
37418,6
37420,5
37421,3
37424,10
37427,6
37428,1
37430,8
37431,3
37433,4
37434,2
37436,1
37437,5
37440,5
37443,8
37444,1
37446,4
37447,4
37449,4
37450,3
37453,8
37456,8
37459,4
37460,1
37462,3
37463,2
37465,4
37466,6
37468,1
37469,9
37472,5
37475,9
37476,1
37478,9
37479,4
37481,3
37482,6
37484,1
37485,5
37488,4
37491,2
37494,1
37495,6
37497,5
37498,6
37501,3
37504,9
37507,5
37508,3
37510,6
37511,3
37513,3
37514,6
37516,1
37517,10
37520,6
37523,9
37524,1
37526,3
37527,4
37529,8
37530,3
37532,2
37533,1
37536,12
37539,9
37540,2
37542,4
37543,4
37545,3
37546,6
37548,1
37549,3
37552,7
37555,9
37558,6
37561,2
37562,7
37564,1
37565,8
37568,3
37571,11
37572,3
37574,7
37575,1
37577,3
37578,9
37580,1
37581,5
37584,9
37587,11
37588,1
37590,3
37591,2
37593,5
37594,3
37596,2
37597,5
37600,15
37603,5
37604,1
37606,6
37609,3
37610,4
37612,2
37613,8
37616,4
37619,9
37620,1
37622,6
37623,6
37625,1
37626,8
37628,1
37629,9
37632,8
37635,3
37636,4
37638,3
37639,4
37641,5
37642,5
37644,1
37645,9
37648,6
37651,9
37652,1
37654,4
37655,3
37657,1
37658,3
37660,1
37661,5
37664,13
37667,6
37668,2
37671,1
37673,2
37674,8
37676,2
37677,11
37680,7
37683,6
37686,2
37687,3
37689,2
37690,4
37692,5
37693,3
37696,6
37699,4
37702,3
37703,4
37705,3
37706,5
37709,10
37712,5
37715,4
37716,2
37718,3
37719,2
37721,1
37722,2
37724,4
37725,5
37728,6
37731,8
37732,1
37734,5
37735,6
37737,3
37738,6
37740,3
37741,8
37744,3
37747,4
37748,2
37750,2
37751,2
37753,4
37754,3
37756,2
37757,7
37760,7
37763,3
37764,2
37766,6
37767,4
37769,4
37770,4
37772,2
37773,6
37776,8
37779,4
37782,8
37783,6
37785,1
37786,2
37789,6
37792,2
37795,6
37796,3
37798,5
37799,1
37801,3
37802,4
37804,1
37805,7
37808,12
37811,5
37812,4
37815,5
37817,3
37818,3
37820,2
37821,7
37824,9
37827,5
37828,1
37830,7
37831,1
37833,3
37834,2
37837,7
37843,8
37844,1
37846,6
37847,2
37849,3
37852,1
37853,7
37856,6
37859,3
37860,1
37862,9
37863,7
37865,4
37866,5
37868,2
37869,8
37872,8
37875,9
37876,2
37878,4
37879,3
37881,5
37882,6
37884,2
37885,13
37888,10
37891,4
37892,1
37894,4
37895,2
37897,1
37898,5
37900,3
37901,8
37904,7
37907,6
37910,4
37911,1
37913,4
37914,6
37916,2
37917,10
37920,15
37923,7
37926,5
37927,3
37929,4
37930,4
37932,3
37933,7
37936,8
37939,7
37942,7
37943,6
37945,2
37946,3
37948,2
37949,4
37952,11
37955,4
37956,2
37958,6
37959,5
37961,2
37962,7
37965,6
37968,10
37971,7
37972,3
37974,4
37975,6
37977,8
37978,2
37980,1
37981,4
37984,10
37987,8
37988,4
37990,3
37991,1
37993,1
37994,2
37996,1
37997,5
38000,11
38003,6
38004,3
38006,6
38007,4
38009,3
38010,3
38012,3
38013,9
38016,2
38019,5
38020,1
38022,7
38023,2
38025,3
38026,6
38028,2
38029,6
38032,9
38035,7
38036,3
38038,7
38039,8
38042,2
38044,1
38045,8
38048,8
38051,4
38052,4
38054,5
38055,4
38057,1
38058,3
38060,1
38061,4
38064,8
38067,8
38070,4
38071,1
38073,2
38074,1
38076,1
38077,3
38080,9
38083,10
38084,2
38086,6
38087,1
38089,3
38090,2
38092,4
38093,7
38096,9
38099,7
38100,3
38102,2
38103,4
38105,9
38106,4
38108,1
38109,3
38112,16
38115,5
38116,3
38118,8
38119,1
38121,3
38122,5
38124,2
38125,3
38128,3
38131,7
38132,2
38134,7
38135,4
38137,3
38138,2
38140,2
38141,6
38144,7
38147,6
38148,2
38151,4
38153,3
38154,2
38157,10
38160,7
38163,2
38164,1
38166,5
38167,3
38169,2
38170,3
38173,15
38176,5
38179,6
38182,8
38183,2
38185,1
38186,7
38188,2
38189,10
38192,8
38195,8
38198,5
38199,3
38201,4
38202,3
38204,2
38205,7
38208,7
38211,8
38212,2
38214,4
38215,4
38217,1
38218,3
38220,1
38221,14
38224,14
38227,2
38230,5
38231,5
38233,5
38234,7
38236,4
38237,5
38240,6
38243,5
38244,1
38246,4
38247,2
38249,1
38250,3
38252,2
38253,6
38256,10
38259,6
38260,1
38262,6
38263,4
38265,2
38266,12
38269,6
38272,11
38275,7
38278,4
38279,2
38281,1
38282,4
38284,5
38285,7
38288,10
38291,5
38292,2
38294,8
38295,1
38297,1
38298,8
38300,2
38301,6
38304,8
38307,8
38308,1
38310,6
38311,3
38313,2
38314,2
38316,1
38317,2
38320,10
38323,6
38324,3
38326,2
38327,1
38329,5
38330,5
38332,3
38333,10
38336,10
38339,8
38340,3
38342,3
38343,3
38345,1
38346,2
38349,3
38352,4
38355,5
38356,1
38358,7
38359,4
38361,4
38362,5
38364,1
38365,4
38368,4
38371,4
38374,2
38375,2
38377,4
38378,4
38381,5
38384,5
38387,6
38390,7
38393,2
38394,5
38396,2
38397,7
38400,11
38403,6
38404,1
38406,3
38407,5
38409,4
38410,4
38412,2
38413,7
38416,9
38419,10
38420,2
38422,5
38423,1
38425,6
38426,4
38428,2
38429,4
38432,4
38435,8
38436,1
38438,9
38439,3
38441,4
38442,4
38444,2
38445,2
38448,8
38451,7
38452,2
38454,2
38455,4
38458,6
38461,6
38464,12
38467,4
38468,1
38470,6
38471,1
38473,6
38474,3
38476,2
38477,9
38480,10
38483,7
38484,2
38486,11
38487,4
38489,5
38490,4
38492,2
38493,6
38496,7
38499,8
38500,1
38502,6
38503,3
38505,1
38506,2
38508,1
38509,11
38512,4
38515,11
38516,2
38518,2
38519,8
38521,4
38522,1
38525,5
38528,9
38531,5
38532,3
38534,5
38535,1
38537,1
38538,8
38540,1
38541,11
38544,6
38547,7
38548,2
38550,6
38551,1
38553,5
38554,8
38556,3
38557,9
38560,14
38563,9
38564,2
38566,4
38567,5
38569,2
38570,4
38572,1
38573,4
38576,11
38579,6
38580,6
38582,5
38583,9
38586,3
38588,2
38589,7
38592,10
38595,13
38596,3
38598,1
38599,4
38601,1
38602,4
38604,2
38605,8
38608,7
38611,9
38614,3
38615,1
38617,8
38618,4
38620,1
38621,6
38624,6
38627,15
38628,2
38630,7
38631,2
38633,3
38634,7
38636,4
38637,4
38640,8
38643,6
38644,2
38646,2
38647,2
38649,6
38650,7
38652,2
38653,5
38656,11
38659,4
38662,4
38663,2
38665,7
38666,11
38668,1
38669,8
38672,7
38675,7
38676,3
38678,13
38679,4
38681,7
38682,4
38684,2
38685,9
38688,7
38691,9
38692,1
38694,4
38697,4
38698,4
38700,4
38701,1
38704,5
38707,10
38710,5
38711,3
38713,3
38714,3
38717,5
38720,7
38723,3
38724,1
38726,5
38727,6
38729,2
38730,3
38733,6
38736,6
38739,4
38740,6
38742,2
38743,2
38745,2
38746,1
38748,2
38749,5
38752,11
38755,9
38756,3
38758,2
38759,2
38761,1
38762,8
38764,1
38765,3
38768,13
38771,1
38772,5
38774,9
38775,4
38777,1
38778,4
38780,1
38781,7
38784,7
38787,4
38788,1
38790,5
38791,5
38793,5
38794,4
38796,1
38797,8
38800,6
38803,7
38804,1
38806,2
38807,4
38809,4
38810,6
38812,1
38813,8
38816,7
38819,6
38820,2
38822,8
38823,7
38825,3
38826,5
38829,6
38832,9
38835,5
38838,6
38839,3
38841,1
38842,7
38844,2
38845,6
38848,8
38851,4
38852,1
38854,6
38855,2
38857,3
38858,5
38861,8
38864,10
38867,11
38870,5
38871,6
38873,2
38874,5
38876,6
38877,9
38880,7
38883,1
38886,6
38887,5
38889,2
38890,7
38892,1
38893,8
38896,14
38899,7
38900,1
38902,1
38903,3
38905,3
38906,3
38908,1
38909,12
38912,9
38915,8
38916,3
38918,4
38919,2
38921,3
38922,6
38924,5
38925,10
38928,5
38931,4
38932,1
38934,10
38935,4
38937,5
38938,5
38941,3
38944,5
38947,8
38950,4
38951,3
38953,3
38954,4
38957,10
38960,3
38963,9
38964,4
38966,5
38967,3
38969,3
38970,5
38972,2
38973,10
38976,8
38979,2
38982,4
38983,2
38985,6
38986,1
38988,3
38989,6
38992,10
38995,7
38996,2
38998,9
38999,1
39001,3
39002,2
39004,1
39005,8
39008,12
39011,4
39012,1
39014,6
39015,2
39017,3
39018,4
39020,2
39021,5
39024,12
39027,9
39028,1
39030,8
39031,3
39033,2
39034,6
39036,1
39037,9
39040,7
39043,5
39044,1
39046,4
39047,2
39049,1
39050,5
39052,3
39053,6
39056,3
39059,11
39060,1
39062,6
39063,7
39065,4
39066,3
39068,1
39069,7
39072,11
39075,7
39076,2
39078,6
39079,3
39081,2
39082,2
39084,2
39085,7
39088,11
39091,10
39092,2
39094,1
39095,3
39097,2
39098,7
39101,7
39104,8
39107,7
39108,1
39110,9
39111,4
39113,4
39114,4
39116,4
39117,7
39120,5
39123,10
39124,4
39126,5
39127,8
39129,2
39130,7
39132,1
39133,4
39136,7
39139,3
39140,2
39142,5
39143,3
39145,2
39146,6
39148,1
39149,5
39152,7
39155,5
39156,1
39158,7
39159,6
39161,3
39162,9
39164,1
39165,5
39168,5
39171,6
39174,2
39175,5
39177,4
39178,6
39180,1
39181,6
39184,7
39187,6
39188,1
39190,10
39191,3
39193,4
39194,6
39196,2
39197,10
39200,4
39203,5
39204,2
39206,3
39207,4
39209,2
39210,9
39212,2
39213,9
39216,6
39219,8
39220,4
39222,5
39223,6
39225,6
39226,3
39228,2
39229,3
39232,11
39235,5
39236,4
39238,4
39239,1
39241,5
39242,6
39245,8
39248,6
39251,4
39254,6
39255,1
39257,2
39261,2
39264,7
39267,10
39268,1
39270,4
39271,2
39273,1
39274,7
39277,7
39280,10
39283,5
39284,1
39286,6
39287,2
39289,2
39290,6
39292,1
39293,5
39296,2
39299,5
39302,7
39303,3
39305,6
39306,7
39308,2
39309,6
39312,4
39315,2
39316,3
39318,7
39319,6
39321,2
39322,5
39325,7
39328,6
39331,7
39332,2
39334,9
39335,4
39337,3
39338,5
39341,8
39344,5
39347,3
39348,1
39350,5
39351,6
39353,1
39354,4
39356,1
39357,5
39360,9
39363,5
39364,1
39366,6
39367,5
39369,6
39370,9
39372,1
39373,7
39376,8
39379,8
39380,2
39382,6
39383,3
39385,4
39386,7
39388,1
39389,9
39392,6
39395,7
39398,9
39399,3
39401,1
39402,2
39404,2
39405,9
39408,3
39411,7
39412,1
39414,5
39415,3
39417,2
39418,6
39420,1
39421,7
39424,6
39427,8
39430,7
39431,1
39433,4
39434,7
39436,5
39437,11
39440,5
39443,9
39444,2
39446,4
39447,3
39449,3
39450,3
39452,1
39453,4
39456,7
39459,7
39460,1
39462,3
39463,3
39465,1
39466,7
39469,5
39472,4
39475,10
39476,4
39478,8
39479,2
39481,1
39482,6
39484,1
39485,3
39488,6
39491,6
39492,2
39494,3
39495,4
39497,2
39498,4
39500,3
39501,3
39504,7
39507,6
39508,2
39510,5
39511,1
39513,5
39514,6
39516,1
39517,6
39520,7
39523,11
39524,2
39526,4
39527,7
39530,6
39532,1
39533,5
39536,11
39539,6
39540,2
39542,1
39543,4
39545,4
39546,4
39548,1
39549,4
39552,10
39555,8
39556,1
39558,4
39559,4
39561,1
39562,3
39564,2
39565,6
39568,7
39571,3
39572,5
39574,2
39577,3
39578,3
39580,2
39581,10
39584,5
39587,6
39588,2
39590,4
39591,7
39593,4
39594,3
39596,3
39597,3
39600,3
39603,4
39606,3
39607,5
39609,7
39610,3
39612,1
39613,4
39616,7
39619,7
39622,4
39623,2
39625,4
39626,5
39628,1
39629,5
39632,6
39635,6
39636,2
39638,5
39639,5
39641,5
39642,2
39645,4
39648,15
39651,2
39652,2
39654,5
39658,1
39661,6
39664,7
39667,9
39668,2
39670,5
39671,6
39674,3
39677,9
39680,4
39683,6
39684,3
39686,6
39687,6
39689,4
39690,3
39692,1
39693,3
39696,5
39699,8
39700,2
39702,2
39703,2
39706,6
39708,1
39709,16
39712,4
39715,11
39716,2
39718,1
39719,2
39721,2
39722,2
39724,1
39725,5
39728,5
39731,4
39732,3
39734,1
39735,4
39737,5
39738,6
39741,5
39744,7
39747,7
39748,1
39750,7
39751,1
39753,2
39754,7
39756,2
39757,6
39760,10
39763,5
39764,1
39766,3
39767,3
39769,1
39770,5
39772,1
39773,3
39776,10
39779,7
39782,3
39783,4
39785,5
39786,8
39788,2
39789,9
39792,5
39795,6
39796,1
39798,9
39801,2
39802,2
39805,6
39808,9
39811,4
39812,2
39814,4
39815,4
39817,3
39818,2
39821,6
39824,8
39827,8
39828,1
39830,3
39831,1
39833,6
39834,3
39837,3
39840,5
39843,4
39844,2
39846,7
39847,4
39849,3
39850,9
39852,1
39853,6
39856,2
39859,2
39860,1
39862,5
39863,3
39865,1
39866,4
39868,1
39869,10
39872,7
39875,4
39876,2
39878,2
39879,3
39881,6
39882,1
39884,2
39885,6
39888,9
39891,8
39892,4
39894,2
39895,4
39897,5
39898,1
39900,2
39901,2
39904,6
39907,6
39908,3
39910,3
39911,1
39913,2
39914,2
39916,1
39917,5
39920,10
39923,6
39924,2
39926,1
39927,5
39929,6
39930,5
39932,1
39933,4
39936,4
39939,6
39942,6
39943,4
39945,2
39946,3
39949,5
39952,13
39955,2
39958,6
39959,4
39961,1
39962,3
39965,10
39968,4
39971,13
39972,2
39974,1
39975,4
39977,3
39978,4
39980,1
39981,6
39984,4
39987,4
39990,2
39991,1
39993,1
39994,2
39996,1
39997,5
40000,9
40003,7
40004,1
40006,4
40007,4
40009,6
40010,9
40012,2
40013,5
40016,7
40019,6
40020,2
40022,4
40023,4
40025,5
40026,2
40028,2
40029,4
40032,5
40035,1
40038,4
40039,2
40041,3
40042,4
40044,3
40045,3
40048,4
40051,5
40052,2
40054,2
40055,2
40057,4
40058,2
40060,1
40061,4
40064,10
40067,12
40068,1
40070,2
40071,2
40073,1
40074,5
40076,3
40077,3
40080,3
40083,4
40086,3
40089,2
40090,10
40092,2
40093,3
40096,7
40099,6
40100,1
40102,2
40105,1
40106,5
40109,4
40112,7
40115,6
40116,1
40118,3
40119,1
40121,1
40122,4
40124,1
40125,7
40128,8
40131,4
40132,1
40134,6
40135,1
40137,1
40138,5
40141,5
40144,4
40147,4
40148,2
40150,2
40151,2
40153,1
40154,4
40156,2
40160,6
40163,6
40164,1
40166,8
40167,4
40169,1
40170,3
40173,4
40176,9
40179,3
40180,1
40182,4
40183,2
40185,3
40186,5
40189,6
40192,9
40195,3
40196,1
40198,3
40199,1
40201,2
40202,1
40205,4
40208,5
40211,2
40212,2
40214,6
40215,3
40217,2
40218,1
40220,2
40221,5
40224,9
40227,4
40228,1
40230,3
40231,1
40233,1
40234,1
40237,4
40240,6
40243,8
40244,3
40246,2
40247,3
40250,4
40252,2
40253,3
40256,6
40259,3
40262,3
40263,3
40265,4
40266,3
40268,1
40269,3
40272,6
40275,7
40278,3
40281,1
40282,7
40284,1
40285,3
40288,7
40291,2
40294,2
40295,1
40297,4
40298,3
40300,1
40301,4
40304,6
40307,2
40308,1
40310,2
40311,4
40313,3
40314,6
40317,5
40320,5
40323,1
40326,6
40327,4
40329,3
40330,3
40333,9
40336,7
40340,2
40342,3
40343,2
40345,2
40346,8
40348,2
40349,3
40352,6
40355,2
40358,1
40359,3
40361,3
40362,1
40365,6
40368,3
40371,4
40372,1
40374,4
40375,2
40377,4
40378,3
40381,2
40384,9
40387,6
40388,1
40390,3
40391,3
40394,6
40397,2
40400,8
40403,1
40404,1
40406,1
40407,4
40409,2
40410,3
40413,6
40416,1
40419,5
40420,1
40422,1
40423,7
40425,2
40426,2
40429,5
40432,1
40435,1
40438,1
40439,1
40441,3
40442,1
40445,2
40448,7
40451,1
40452,1
40454,2
40455,3
40457,1
40458,5
40461,4
40464,7
40467,6
40468,1
40470,2
40471,2
40474,4
40477,6
40480,3
40483,4
40486,1
40487,1
40489,2
40490,2
40492,1
40493,2
40496,4
40499,6
40500,2
40502,6
40505,1
40506,2
40508,1
40509,5
40512,7
40515,5
40518,2
40519,3
40521,1
40522,3
40524,1
40525,1
40528,3
40531,2
40534,5
40535,1
40537,2
40538,7
40540,1
40541,5
40544,7
40547,3
40548,1
40550,2
40551,1
40554,4
40557,1
40560,4
40563,5
40566,2
40567,2
40569,1
40570,2
40572,1
40573,6
40576,2
40579,2
40580,1
40582,3
40583,1
40586,4
40588,1
40589,5
40592,7
40595,5
40598,5
40599,1
40601,2
40602,3
40604,1
40605,2
40608,4
40611,4
40614,5
40615,1
40618,3
40621,4
40624,7
40627,2
40628,1
40630,6
40631,1
40633,1
40634,4
40637,5
40640,3
40643,3
40644,1
40646,3
40647,3
40649,4
40650,7
40652,1
40653,6
40656,4
40659,2
40662,2
40663,2
40665,1
40666,1
40669,2
40672,5
40675,2
40676,1
40678,2
40679,2
40681,1
40685,3
40688,2
40691,5
40694,6
40697,3
40700,1
40701,5
40704,4
40707,1
40708,1
40710,4
40711,2
40716,1
40717,3
40720,6
40723,5
40726,1
40727,2
40729,1
40730,1
40732,2
40733,5
40736,3
40739,1
40742,2
40743,3
40745,4
40746,1
40749,7
40752,3
40755,5
40756,1
40758,2
40761,3
40762,7
40764,3
40765,4
40768,8
40771,2
40774,3
40775,3
40777,2
40778,5
40780,2
40781,4
40784,6
40787,2
40788,1
40790,4
40791,2
40794,2
40797,4
40800,6
40803,5
40806,4
40807,2
40809,1
40813,5
40816,7
40822,2
40823,2
40825,1
40826,5
40829,5
40832,3
40835,5
40836,1
40838,2
40839,1
40841,2
40842,4
40844,1
40845,4
40848,2
40851,3
40854,3
40855,1
40857,2
40858,2
40860,1
40861,4
40864,7
40867,3
40870,4
40871,2
40873,1
40874,3
40876,1
40877,6
40880,3
40883,5
40884,1
40886,1
40887,1
40889,5
40890,1
40892,1
40893,4
40896,3
40899,7
40900,2
40902,1
40905,2
40906,2
40908,1
40909,4
40912,5
40915,3
40916,1
40918,3
40919,3
40921,4
40922,3
40925,5
40928,4
40931,6
40934,3
40935,1
40938,2
40941,2
40944,5
40947,3
40950,2
40953,3
40954,3
40957,3
40960,9
40963,5
40964,1
40966,5
40967,2
40969,2
40970,6
40973,1
40976,3
40979,2
40980,1
40983,1
40985,4
40989,4
40992,4
40995,2
40998,3
40999,1
41001,2
41002,2
41004,1
41005,4
41008,4
41011,3
41012,3
41014,2
41015,2
41018,2
41020,1
41021,4
41024,3
41027,4
41028,1
41030,3
41033,2
41034,3
41037,3
41040,2
41043,2
41046,4
41047,2
41049,3
41050,2
41052,1
41053,1
41056,5
41059,1
41062,3
41063,2
41066,1
41069,8
41072,2
41075,1
41076,1
41078,1
41079,2
41081,1
41082,2
41084,1
41085,5
41088,5
41091,1
41094,4
41095,1
41098,4
41100,3
41101,2
41104,5
41108,2
41110,5
41111,2
41113,1
41114,3
41116,1
41117,2
41120,3
41123,7
41126,3
41129,1
41130,4
41132,2
41133,2
41136,5
41139,1
41140,1
41142,2
41143,1
41146,5
41148,1
41149,1
41152,5
41155,2
41159,2
41161,1
41164,2
41165,3
41168,9
41171,7
41172,1
41174,3
41175,1
41178,2
41181,3
41184,2
41187,2
41188,1
41190,4
41191,2
41193,6
41196,1
41197,4
41200,4
41203,3
41207,2
41209,1
41210,4
41213,1
41216,10
41220,2
41222,1
41223,4
41225,2
41226,5
41232,4
41235,1
41236,3
41238,2
41239,2
41241,3
41242,1
41245,4
41248,6
41251,1
41252,2
41254,1
41255,2
41257,1
41258,3
41264,7
41267,5
41271,3
41273,1
41274,3
41276,1
41277,3
41280,2
41283,2
41284,1
41286,4
41287,3
41289,2
41290,2
41293,4
41296,2
41299,4
41300,1
41302,2
41303,2
41305,2
41306,3
41309,4
41312,2
41315,8
41318,3
41319,1
41321,3
41322,2
41325,5
41328,3
41331,1
41332,1
41334,2
41335,2
41337,2
41338,3
41341,6
41344,5
41347,1
41348,2
41350,3
41353,2
41354,1
41356,1
41357,9
41360,6
41363,5
41364,1
41366,2
41367,1
41370,3
41372,3
41373,1
41376,3
41379,1
41382,1
41383,2
41385,2
41386,2
41388,1
41389,5
41392,2
41396,1
41398,2
41399,1
41402,2
41404,2
41408,5
41411,2
41412,2
41414,6
41415,2
41417,4
41418,2
41420,2
41421,1
41424,4
41427,3
41428,1
41430,8
41433,5
41434,2
41436,1
41437,6
41440,3
41443,4
41444,2
41446,2
41447,2
41449,3
41452,1
41453,2
41456,2
41459,1
41466,4
41468,2
41469,2
41472,4
41475,4
41478,3
41481,2
41482,3
41485,2
41488,5
41491,3
41494,5
41495,2
41497,3
41498,4
41500,1
41501,4
41504,4
41507,6
41510,5
41511,1
41513,2
41514,2
41517,2
41520,5
41523,3
41526,3
41527,2
41530,3
41532,1
41533,1
41536,8
41539,3
41542,8
41543,2
41546,4
41548,2
41549,1
41552,5
41555,1
41556,2
41558,3
41559,1
41561,1
41564,1
41565,1
41568,3
41571,4
41572,1
41574,1
41575,1
41578,2
41580,1
41581,1
41584,5
41587,5
41588,1
41590,1
41591,2
41593,3
41594,3
41597,2
41600,7
41603,1
41604,2
41606,1
41607,1
41609,4
41610,1
41613,4
41616,9
41619,3
41622,4
41623,1
41625,1
41626,1
41628,1
41629,1
41632,5
41635,5
41636,1
41638,1
41639,5
41641,2
41642,1
41644,3
41645,2
41648,5
41651,7
41652,3
41654,1
41655,2
41657,3
41658,2
41661,5
41664,7
41667,2
41668,3
41670,5
41673,2
41674,4
41676,3
41680,2
41683,2
41686,1
41687,1
41689,2
41690,1
41693,3
41696,1
41699,2
41702,2
41703,2
41705,1
41706,3
41709,3
41715,4
41716,2
41718,2
41719,1
41721,2
41722,2
41725,2
41728,2
41731,5
41734,3
41735,1
41737,3
41738,1
41740,2
41741,3
41744,7
41747,9
41748,1
41750,6
41751,4
41753,1
41754,3
41757,6
41760,2
41766,1
41767,1
41769,1
41770,1
41772,1
41773,4
41776,5
41779,6
41782,5
41783,3
41785,5
41786,5
41792,6
41795,5
41798,2
41799,1
41801,1
41802,2
41805,4
41808,8
41811,2
41812,1
41814,2
41815,1
41817,2
41818,3
41820,1
41821,3
41824,1
41827,3
41830,1
41831,1
41833,1
41834,2
41837,2
41840,4
41843,2
41846,3
41847,2
41849,2
41850,3
41853,4
41856,2
41860,3
41863,1
41865,3
41866,3
41868,1
41869,3
41872,6
41875,3
41876,1
41878,3
41879,1
41881,2
41882,6
41884,1
41885,1
41888,2
41894,2
41895,1
41897,2
41898,1
41900,1
41901,6
41904,1
41907,4
41908,1
41910,2
41913,4
41914,1
41917,1
41920,1
41923,7
41924,1
41926,2
41929,1
41930,2
41933,4
41936,4
41939,4
41942,3
41943,2
41945,1
41946,1
41949,3
41952,3
41955,1
41958,1
41959,3
41961,1
41962,1
41965,4
41968,5
41971,5
41972,1
41974,3
41977,2
41978,2
41981,1
41984,1
41987,2
41988,1
41991,1
41993,1
41994,1
41996,3
41997,5
42000,5
42003,3
42006,3
42007,1
42009,1
42010,2
42012,1
42013,6
42016,1
42019,1
42022,1
42025,4
42026,2
42028,1
42029,2
42032,1
42035,2
42038,3
42039,1
42041,1
42042,1
42045,2
42048,3
42051,3
42054,4
42055,1
42058,3
42060,1
42061,3
42064,4
42067,2
42070,1
42071,2
42073,2
42074,2
42077,2
42080,3
42083,6
42086,1
42087,4
42089,2
42093,2
42096,3
42099,1
42100,4
42102,1
42103,1
42105,4
42106,3
42108,1
42109,3
42112,2
42115,1
42118,2
42119,1
42121,2
42122,1
42125,1
42128,4
42131,1
42134,1
42135,1
42137,2
42138,3
42141,5
42147,4
42150,2
42151,4
42154,1
42157,4
42160,3
42163,2
42164,1
42166,1
42173,2
42176,3
42179,1
42180,1
42182,4
42183,1
42185,1
42188,2
42189,1
42192,3
42195,2
42198,2
42199,1
42202,3
42205,4
42208,5
42212,3
42214,3
42215,1
42217,2
42220,1
42221,2
42224,4
42227,1
42228,1
42230,4
42231,2
42233,3
42234,1
42237,4
42240,2
42243,1
42246,4
42247,1
42249,1
42250,5
42252,2
42256,7
42259,3
42262,4
42265,1
42268,1
42269,3
42272,2
42275,7
42278,2
42279,1
42281,1
42284,1
42288,3
42291,1
42292,1
42294,2
42297,2
42298,1
42300,1
42301,1
42304,2
42307,4
42310,1
42311,1
42314,3
42316,1
42317,3
42320,3
42323,4
42324,2
42327,1
42329,2
42330,4
42333,1
42336,1
42339,2
42342,1
42343,1
42345,2
42346,2
42348,3
42349,3
42352,3
42355,4
42358,1
42362,2
42364,1
42368,2
42371,2
42372,1
42374,3
42377,1
42378,2
42380,1
42381,1
42384,5
42390,3
42391,3
42393,2
42394,2
42396,1
42397,1
42400,2
42403,2
42404,1
42406,1
42407,1
42410,1
42412,1
42413,3
42419,5
42422,1
42425,1
42429,3
42432,3
42435,2
42436,2
42438,1
42439,2
42445,2
42448,3
42451,4
42452,3
42454,3
42458,5
42461,2
42464,3
42467,2
42470,1
42471,1
42473,1
42474,1
42477,1
42480,4
42483,2
42484,1
42486,1
42489,1
42490,4
42492,2
42493,1
42500,1
42502,1
42503,1
42509,1
42512,3
42515,2
42516,1
42518,7
42522,1
42531,1
42532,1
42534,1
42535,1
42541,1
42544,4
42547,2
42550,4
42553,2
42554,3
42557,4
42560,3
42566,2
42567,1
42569,1
42572,1
42573,1
42576,2
42579,1
42583,3
42585,3
42586,1
42592,4
42595,2
42598,2
42599,3
42601,2
42602,1
42605,1
42608,5
42611,2
42615,3
42618,2
42621,1
42624,1
42627,3
42630,1
42631,1
42633,1
42634,1
42637,1
42640,1
42643,3
42647,1
42649,2
42650,1
42652,1
42656,1
42659,4
42663,1
42666,1
42668,1
42672,2
42675,1
42676,1
42681,1
42682,1
42685,2
42691,1
42692,1
42694,1
42697,1
42698,2
42701,3
42704,1
42707,2
42711,3
42713,1
42714,5
42717,4
42720,2
42724,1
42726,2
42729,1
42730,2
42733,2
42736,1
42740,2
42742,1
42743,1
42746,1
42749,1
42752,2
42755,2
42761,1
42762,1
42765,1
42768,3
42772,1
42774,1
42778,2
42787,1
42788,1
42791,1
42797,1
42800,4
42803,2
42806,2
42807,1
42809,1
42810,2
42812,1
42816,3
42819,2
42823,3
42825,3
42826,1
42828,1
42829,2
42832,1
42835,2
42836,2
42838,3
42841,1
42842,2
42844,1
42845,1
42851,2
42854,1
42855,3
42858,1
42861,2
42864,1
42871,4
42874,2
42877,1
42880,1
42883,1
42886,2
42887,3
42889,1
42893,2
42896,2
42899,3
42902,1
42906,3
42908,2
42909,2
42912,2
42918,1
42921,1
42922,1
42925,3
42928,1
42931,3
42934,1
42935,2
42938,3
42940,1
42944,2
42953,1
42954,1
42956,1
42957,4
42960,4
42963,1
42964,2
42967,1
42969,1
42973,1
42976,1
42985,2
42986,1
42989,1
43001,1
43005,1
43008,2
43011,4
43014,1
43018,3
43020,2
43021,1
43024,3
43027,1
43031,1
43034,1
43036,2
43037,2
43040,2
43043,1
43044,1
43046,1
43047,1
43049,1
43050,1
43052,2
43053,3
43056,2
43059,1
43060,2
43065,1
43066,2
43068,1
43069,1
43072,3
43075,1
43076,1
43078,2
43079,1
43082,3
43085,1
43091,3
43094,3
43098,1
43100,1
43101,2
43104,1
43110,1
43111,1
43116,1
43117,1
43120,1
43127,2
43130,1
43133,2
43140,1
43143,1
43145,1
43149,1
43152,1
43155,1
43158,3
43159,1
43164,1
43165,1
43174,2
43184,1
43193,1
43197,4
43200,2
43210,2
43213,2
43216,4
43219,1
43223,1
43225,1
43226,2
43229,1
43235,1
43239,1
43242,1
43244,1
43245,2
43248,2
43251,2
43252,1
43257,3
43258,3
43264,1
43267,1
43270,1
43280,1
43287,2
43289,2
43290,1
43292,1
43293,3
43302,3
43305,2
43306,1
43308,1
43309,1
43312,2
43318,1
43325,1
43331,2
43334,2
43337,1
43338,1
43344,2
43347,2
43350,1
43354,1
43356,2
43357,2
43360,3
43366,1
43367,1
43369,1
43370,2
43376,4
43379,1
43380,1
43385,1
43389,5
43392,1
43395,1
43399,1
43408,1
43411,1
43414,2
43418,1
43421,1
43424,1
43427,1
43437,4
43440,2
43444,1
43446,2
43447,2
43456,1
43462,1
43468,1
43469,1
43472,4
43475,1
43482,1
43501,1
43504,3
43507,1
43514,1
43517,1
43520,1
43530,1
43533,2
43539,1
43540,1
43542,3
43543,1
43549,2
43552,1
43568,4
43571,1
43574,1
43581,1
43590,1
43591,2
43594,1
43597,1
43603,3
43610,1
43619,1
43626,1
43639,1
43645,1
43651,1
43657,1
43658,2
43667,1
43670,1
43673,1
43674,2
43677,3
43680,4
43683,2
43684,1
43686,1
43689,1
43696,1
43699,1
43700,1
43702,1
43705,1
43709,2
43712,1
43716,1
43724,1
43725,1
43735,1
43737,1
43738,2
43741,1
43751,2
43753,1
43757,1
43766,1
43767,2
43770,2
43773,2
43776,1
43779,1
43780,1
43783,2
43788,2
43789,2
43792,1
43795,1
43798,1
43805,1
43808,2
43811,1
43814,1
43818,1
43830,1
43831,1
43834,1
43843,2
43856,1
43859,1
43869,1
43872,2
43875,1
43894,1
43898,1
43901,1
43904,2
43907,2
43916,1
43926,1
43927,1
43932,1
43933,2
43939,1
43942,1
43949,1
43952,1
43955,1
43959,3
43968,2
43981,2
43984,2
43987,2
43994,1
43997,1
44000,1
44003,1
44007,1
44009,2
44010,1
44013,1
44016,2
44019,1
44020,1
44025,1
44028,2
44029,1
44032,2
44035,1
44039,1
44041,4
44042,1
44044,1
44048,1
44052,1
44054,1
44057,1
44060,1
44064,2
44070,1
44080,2
44083,1
44086,1
44112,1
44115,2
44116,1
44119,1
44122,3
44125,1
44128,2
44138,1
44147,2
44153,1
44160,1
44163,1
44173,2
44176,1
44179,3
44183,1
44185,2
44186,1
44188,1
44195,1
44198,1
44199,1
44201,1
44205,1
44208,1
44217,1
44227,1
44228,1
44231,1
44234,1
44237,1
44240,2
44243,1
44246,1
44249,1
44253,1
44259,1
44262,1
44265,1
44272,1
44275,2
44278,1
44288,1
44292,1
44301,2
44304,1
44310,1
44311,1
44313,1
44323,1
44326,1
44327,1
44333,1
44336,3
44339,1
44342,2
44345,1
44346,2
44352,1
44358,2
44359,1
44365,1
44368,2
44371,2
44378,1
44384,4
44387,1
44394,1
44396,1
44397,1
44400,1
44406,1
44407,3
44409,1
44413,3
44416,2
44422,1
44423,1
44426,1
44428,1
44429,2
44432,2
44441,1
44448,1
44451,1
44454,2
44455,1
44457,1
44467,1
44470,1
44489,1
44493,1
44496,1
44499,1
44502,2
44509,1
44512,1
44515,1
44521,1
44525,1
44528,1
44531,1
44537,1
44538,2
44541,2
44547,1
44550,1
44557,1
44560,1
44563,1
44570,1
44576,1
44579,1
44580,1
44582,1
44585,1
44586,1
44589,2
44592,1
44595,2
44599,1
44608,2
44611,1
44614,2
44620,1
44624,2
44627,1
44630,1
44631,1
44637,1
44640,1
44643,1
44647,1
44650,1
44656,1
44659,1
44666,1
44672,2
44675,1
44678,2
44681,2
44682,1
44688,2
44692,1
44698,1
44707,1
44710,1
44716,1
44720,1
44723,2
44726,1
44733,1
44743,1
44745,1
44749,1
44752,1
44755,2
44758,3
44768,1
44771,2
44781,1
44784,3
44787,2
44791,3
44794,3
44797,1
44800,1
44806,1
44813,1
44822,2
44825,1
44829,3
44839,1
44841,2
44842,1
44845,2
44848,2
44851,1
44854,1
44857,2
44858,1
44864,2
44867,1
44873,2
44874,1
44877,2
44893,2
44896,1
44899,1
44902,1
44903,1
44909,1
44915,1
44918,1
44919,2
44924,1
44925,1
44931,1
44937,1
44948,1
44950,1
44951,1
44960,2
44969,1
44973,1
44976,1
44979,1
44980,1
44982,1
44983,1
44986,1
44989,1
44992,2
44998,1
44999,1
45001,1
45002,3
45004,1
45005,1
45008,3
45012,1
45014,1
45015,1
45017,1
45018,1
45020,1
45021,1
45027,2
45031,1
45037,2
45040,1
45043,1
45047,1
45052,2
45053,2
45056,4
45059,1
45069,1
45072,1
45075,1
45076,1
45078,1
45082,1
45088,1
45095,1
45101,1
45104,2
45111,1
45114,1
45117,1
45120,1
45123,1
45127,1
45130,3
45133,1
45139,1
45143,1
45145,1
45146,3
45148,2
45152,2
45161,1
45171,1
45177,1
45180,1
45181,1
45191,1
45193,1
45203,1
45216,1
45223,1
45226,4
45235,1
45241,1
45242,1
45244,1
45248,2
45251,1
45254,1
45257,1
45264,1
45273,2
45274,2
45277,1
45283,1
45286,2
45292,1
45293,2
45296,2
45299,1
45302,1
45306,1
45309,2
45312,2
45315,1
45324,1
45325,2
45334,2
45335,1
45337,2
45340,1
45341,1
45347,1
45354,2
45357,1
45360,2
45366,1
45369,1
45370,1
45372,1
45376,1
45385,1
45392,1
45395,1
45396,2
45402,1
45405,1
45408,1
45411,1
45414,1
45418,1
45427,1
45428,1
45436,1
45443,1
45447,1
45452,1
45453,1
45463,1
45469,1
45472,1
45478,1
45481,1
45485,2
45488,2
45497,1
45498,1
45501,2
45507,1
45513,1
45514,2
45517,1
45520,1
45523,1
45526,2
45529,2
45542,2
45545,1
45549,4
45555,1
45556,1
45558,1
45561,1
45562,1
45568,2
45571,1
45574,1
45575,3
45577,1
45578,1
45584,2
45587,1
45588,1
45590,2
45594,1
45597,1
45603,1
45613,2
45619,3
45622,1
45623,1
45625,1
45626,1
45629,1
45632,3
45635,1
45641,1
45644,1
45648,1
45651,2
45654,3
45660,1
45661,1
45664,1
45671,1
45676,2
45677,1
45683,1
45690,1
45693,2
45696,1
45702,1
45709,3
45712,1
45718,2
45722,1
45725,1
45728,2
45732,1
45734,1
45735,1
45738,2
45744,1
45753,1
45754,2
45760,3
45763,2
45764,1
45769,1
45773,2
45776,1
45779,1
45786,1
45788,1
45789,1
45792,1
45801,2
45808,1
45811,2
45817,1
45818,1
45821,1
45824,2
45827,1
45831,1
45850,4
45856,4
45862,1
45863,1
45866,1
45869,2
45879,2
45881,1
45882,1
45888,1
45891,1
45894,2
45895,3
45897,1
45901,1
45904,1
45907,1
45908,1
45911,1
45914,1
45917,1
45920,3
45923,1
45929,1
45933,1
45936,2
45942,1
45946,1
45949,3
45955,1
45958,1
45968,2
45971,2
45975,2
45978,2
45981,1
45987,4
45988,1
45994,3
45997,1
46000,2
46003,1
46006,2
46010,1
46013,1
46022,1
46023,1
46025,2
46028,1
46035,1
46036,1
46038,1
46041,1
46044,1
46045,1
46054,1
46058,1
46061,1
46064,1
46068,1
46070,1
46073,1
46074,1
46077,1
46083,2
46087,1
46102,1
46106,2
46109,1
46112,1
46122,1
46128,1
46141,1
46144,4
46147,1
46154,1
46156,1
46157,1
46160,1
46163,1
46169,1
46179,2
46186,1
46189,1
46198,1
46201,1
46205,1
46208,1
46211,2
46218,1
46220,1
46221,1
46227,3
46237,1
46240,1
46249,1
46253,2
46256,2
46259,1
46263,1
46268,1
46272,2
46275,2
46276,2
46279,1
46281,1
46284,2
46295,2
46323,2
46324,1
46326,3
46336,2
46339,1
46346,1
46352,1
46356,1
46361,1
46362,1
46374,1
46375,1
46377,2
46378,2
46384,1
46387,1
46400,1
46407,1
46409,1
46412,1
46419,2
46420,1
46429,2
46432,2
46435,1
46441,1
46452,1
46471,1
46477,2
46483,1
46486,1
46496,1
46508,1
46512,1
46525,2
46538,1
46541,1
46544,1
46557,1
46566,1
46570,2
46573,2
46576,1
46583,1
46585,1
46586,1
46595,1
46611,3
46614,1
46624,3
46637,4
46640,2
46643,2
46653,1
46656,1
46666,1
46675,1
46684,1
46688,1
46691,1
46695,1
46707,1
46710,1
46713,1
46714,1
46717,1
46720,1
46723,1
46727,1
46729,1
46742,1
46746,1
46752,1
46755,1
46761,1
46768,2
46771,1
46777,1
46784,1
46787,1
46797,1
46800,2
46806,1
46807,1
46809,1
46812,1
46813,1
46822,1
46829,1
46832,1
46836,1
46838,1
46842,1
46845,1
46855,1
46858,2
46864,1
46870,1
46873,2
46883,1
46899,1
46900,1
46912,1
46928,1
46944,1
46954,1
46957,1
46964,1
46966,1
46967,1
46976,1
46979,1
46982,1
46983,1
46986,1
46992,1
46995,1
47002,1
47004,1
47008,1
47014,1
47021,1
47031,1
47046,2
47053,1
47056,1
47059,1
47062,2
47069,1
47078,1
47081,1
47085,2
47094,2
47111,1
47113,1
47117,1
47120,1
47130,1
47133,2
47136,1
47139,1
47152,1
47162,2
47180,1
47184,1
47187,1
47197,1
47222,2
47229,1
47241,1
47245,2
47248,1
47254,1
47257,1
47264,1
47267,1
47271,1
47280,1
47284,1
47287,1
47290,1
47302,2
47306,1
47312,1
47328,1
47338,2
47350,1
47354,1
47360,1
47370,1
47373,1
47389,1
47395,1
47402,2
47404,1
47408,2
47414,2
47418,1
47421,1
47424,1
47427,1
47433,1
47434,1
47437,1
47440,2
47446,1
47453,1
47459,1
47466,1
47472,1
47488,2
47491,1
47498,1
47504,2
47517,1
47523,3
47527,1
47539,1
47542,2
47543,1
47546,1
47549,1
47552,1
47565,1
47571,1
47574,1
47577,1
47584,1
47593,1
47597,1
47603,1
47606,1
47609,1
47613,2
47616,2
47619,1
47620,1
47622,1
47629,1
47648,2
47660,1
47664,1
47667,1
47670,1
47677,1
47680,1
47696,1
47699,1
47705,1
47708,1
47709,1
47712,1
47721,1
47728,2
47735,1
47741,1
47773,1
47786,1
47795,1
47798,1
47808,1
47828,1
47837,1
47840,1
47847,2
47853,2
47859,1
47862,1
47865,1
47866,1
47869,1
47872,1
47875,1
47878,1
47881,1
47888,1
47901,1
47904,2
47920,2
47930,1
47962,2
47971,1
47974,1
47975,2
47978,1
47990,1
47996,1
48003,1
48016,2
48025,1
48035,2
48036,1
48054,1
48064,1
48067,2
48071,1
48074,1
48077,1
48080,1
48102,1
48115,1
48121,1
48124,1
48125,1
48128,2
48144,1
48154,1
48160,1
48163,1
48173,1
48176,1
48179,1
48192,2
48195,1
48208,1
48221,1
48233,1
48250,1
48252,1
48253,2
48269,1
48275,1
48276,1
48282,1
48304,1
48314,1
48323,2
48336,1
48342,2
48345,1
48346,1
48348,1
48349,1
48352,1
48362,1
48371,1
48384,1
48410,1
48419,1
48422,1
48426,2
48436,1
48442,1
48445,1
48467,2
48470,1
48483,1
48486,1
48490,2
48496,1
48500,1
48502,1
48505,1
48512,2
48522,2
48525,1
48531,1
48532,1
48541,1
48544,1
48560,1
48566,1
48589,1
48599,1
48602,1
48621,1
48627,1
48634,1
48640,1
48643,2
48646,1
48672,1
48675,1
48679,1
48681,1
48682,1
48691,1
48695,1
48701,1
48723,1
48726,1
48736,1
48752,2
48759,1
48762,2
48787,2
48793,1
48794,1
48800,1
48803,1
48819,1
48825,1
48826,2
48838,1
48839,1
48845,1
48854,1
48857,1
48864,1
48867,2
48890,1
48892,1
48893,1
48902,1
48925,1
48928,1
48941,1
48950,1
48951,1
48954,1
48960,1
48970,1
48973,1
48979,1
48992,1
49012,1
49014,1
49017,1
49037,1
49040,1
49047,1
49050,1
49069,1
49104,1
49110,1
49114,1
49126,1
49127,1
49130,1
49133,1
49136,1
49149,1
49155,1
49158,1
49168,1
49193,1
49197,1
49216,1
49232,1
49238,1
49251,1
49264,1
49270,2
49287,1
49289,1
49296,1
49318,1
49335,1
49341,2
49344,1
49360,1
49376,1
49379,1
49392,1
49398,1
49411,1
49414,2
49430,1
49436,1
49453,1
49462,1
49479,1
49485,2
49508,1
49523,1
49524,1
49529,2
49542,1
49545,1
49565,1
49571,1
49603,1
49607,2
49622,1
49639,1
49645,1
49657,1
49664,1
49683,3
49687,1
49690,1
49696,1
49702,1
49715,1
49731,1
49744,2
49757,1
49770,1
49776,1
49783,1
49789,1
49792,1
49795,1
49808,1
49834,1
49840,1
49850,1
49875,2
49882,1
49894,1
49920,1
49923,1
49930,1
49936,1
49942,1
49955,2
50010,1
50022,1
50029,1
50032,1
50077,1
50080,1
50096,1
50103,1
50115,1
50118,2
50134,1
50135,1
50137,1
50141,2
50153,1
50154,1
50176,1
50180,1
50230,1
50236,1
50246,2
50259,1
50262,1
50266,1
50272,1
50275,1
50304,1
50323,1
50340,1
50342,1
50380,1
50381,1
50413,1
50429,1
50448,1
50455,1
50458,1
50473,1
50515,1
50525,1
50544,1
50583,1
50586,2
50592,1
50608,1
50620,1
50624,1
50653,1
50676,1
50695,1
50704,1
50726,1
50732,1
50733,1
50755,1
50775,2
50781,2
50784,1
50787,2
50796,1
50804,1
50844,1
50852,1
50857,1
50858,1
50873,1
50908,2
50912,2
50915,2
50931,1
50944,1
50969,1
50976,1
50983,1
50989,1
50995,1
51001,1
51015,1
51127,1
51133,1
51136,1
51149,1
51152,1
51178,1
51193,1
51209,1
51210,1
51248,1
51268,1
51274,2
51289,1
51312,1
51328,1
51367,1
51373,1
51412,1
51417,1
51444,1
51485,1
51495,1
51501,1
51510,1
51513,1
51530,2
51575,1
51578,1
51591,1
51597,1
51622,1
51642,1
51658,1
51690,1
51703,1
51728,2
51757,1
51779,1
51785,1
51789,1
51814,1
51827,1
51840,1
51853,1
51968,2
52051,1
52061,1
52067,1
52087,1
52089,2
52102,1
52106,1
52138,1
52147,1
52157,1
52208,1
52256,2
52259,1
52275,1
52291,1
52304,1
52323,1
52327,1
52352,1
52380,1
52384,1
52445,1
52480,1
52503,1
52506,1
52659,1
52666,1
52713,1
52716,1
52739,1
52749,2
52806,1
52816,1
52855,1
52867,2
53005,1
53030,1
53031,1
53047,1
53069,1
53140,1
53168,1
53232,1
53248,1
53274,1
53302,1
53312,1
53322,1
53325,1
53347,1
53357,1
53363,1
53382,1
53433,1
53491,1
53523,1
53572,1
53581,1
53610,1
53648,1
53664,1
53789,1
53869,1
53885,1
53894,1
53936,1
53962,1
53993,1
54045,1
54077,1
54109,1
54112,1
54122,1
54163,1
54179,1
54253,2
54256,1
54263,1
54361,1
54368,1
54566,1
54595,1
54608,1
54634,1
54647,1
54672,1
54675,1
54691,1
54707,1
54730,1
54752,1
54826,1
54829,1
55021,1
55156,1
55174,1
55287,1
55315,1
55417,1
55610,1
55818,1
55837,1
56016,1
56122,1
56163,1
56212,1
56410,1
56506,1
56550,1
56800,1
57053,1
57556,1
57952,1
58455,1
59900,1
60736,1
