# Samples: 9911, Average: 33857.8 ns, StdDev: 1932.5 ns, Quartiles: 32557.0/33520.0/34822.0 ns
12026,1
12867,1
13239,1
15031,1
15687,1
18205,1
18246,1
30468,1
30541,1
30566,1
30569,1
30601,1
30611,1
30618,1
30656,1
30659,1
30700,2
30704,1
30707,1
30723,1
30726,1
30730,1
30752,1
30764,2
30778,2
30780,1
30790,1
30793,1
30794,1
30797,1
30803,1
30810,1
30816,1
30819,2
30825,1
30826,1
30835,1
30841,1
30851,2
30867,1
30868,1
30873,1
30874,1
30877,2
30880,1
30883,1
30890,1
30892,2
30899,1
30906,2
30915,1
30925,2
30931,2
30937,2
30941,1
30944,2
30951,1
30957,2
30963,1
30964,1
30966,1
30967,2
30969,1
30970,1
30973,1
30979,1
30982,1
30985,1
30986,1
30989,1
30992,1
30995,1
31002,1
31008,1
31014,4
31015,1
31018,1
31020,1
31021,3
31024,2
31030,1
31031,1
31033,1
31034,2
31037,1
31040,3
31043,2
31046,2
31047,1
31049,1
31050,2
31052,1
31056,1
31062,1
31063,1
31065,1
31068,1
31069,2
31072,2
31076,1
31081,1
31085,1
31091,1
31097,3
31098,2
31101,1
31107,1
31116,1
31117,3
31120,2
31123,1
31126,2
31130,2
31133,1
31136,2
31140,1
31142,1
31143,2
31146,1
31149,3
31152,1
31155,5
31161,1
31162,1
31168,3
31174,4
31175,1
31177,2
31178,1
31184,2
31187,2
31191,1
31193,1
31197,3
31200,6
31203,1
31206,2
31207,3
31209,1
31212,3
31213,4
31216,2
31220,1
31223,1
31226,1
31228,1
31229,1
31232,2
31235,2
31238,1
31239,1
31242,1
31245,2
31248,2
31254,1
31255,2
31257,1
31261,1
31264,5
31267,1
31268,2
31270,5
31271,1
31277,1
31280,1
31283,2
31287,1
31289,1
31290,1
31293,1
31296,3
31302,1
31303,2
31306,1
31309,2
31312,1
31315,3
31316,2
31319,2
31321,3
31322,3
31325,1
31328,8
31331,4
31334,1
31335,1
31338,1
31341,3
31347,3
31348,1
31353,3
31354,3
31357,1
31360,3
31363,2
31364,1
31366,2
31367,1
31369,1
31372,1
31373,3
31376,2
31379,1
31380,3
31382,2
31385,4
31386,4
31389,1
31392,10
31395,1
31396,3
31398,1
31399,2
31405,1
31411,1
31414,4
31415,1
31418,1
31424,7
31427,3
31428,2
31430,8
31431,3
31433,2
31434,3
31436,1
31437,4
31440,1
31443,3
31444,2
31446,3
31447,2
31449,1
31450,2
31456,6
31459,2
31462,4
31463,1
31468,2
31469,5
31472,2
31475,2
31476,2
31479,1
31481,2
31482,2
31485,2
31488,5
31491,1
31494,8
31497,1
31498,1
31500,1
31501,4
31504,4
31507,5
31510,3
31513,2
31514,2
31517,2
31520,7
31523,3
31526,4
31527,1
31529,1
31530,2
31532,1
31533,3
31536,3
31539,1
31540,2
31543,1
31545,2
31546,1
31549,2
31552,5
31555,2
31556,4
31559,4
31561,1
31562,1
31565,5
31568,1
31571,5
31574,1
31575,1
31577,4
31578,1
31581,2
31584,9
31587,3
31590,6
31591,2
31593,3
31597,10
31600,2
31603,1
31606,2
31607,1
31609,2
31610,4
31612,1
31613,2
31616,6
31619,2
31622,4
31623,2
31625,1
31626,1
31629,7
31632,3
31635,3
31638,2
31639,1
31641,1
31642,5
31645,3
31648,3
31651,3
31652,1
31654,5
31655,8
31657,3
31658,1
31660,1
31661,10
31664,1
31667,1
31668,3
31670,3
31671,1
31673,1
31674,4
31677,1
31680,3
31686,6
31687,5
31690,2
31692,1
31693,9
31696,3
31699,6
31700,1
31703,2
31705,3
31706,7
31709,2
31712,8
31715,4
31716,1
31718,1
31719,5
31722,4
31724,1
31725,4
31728,1
31731,4
31732,2
31734,2
31735,1
31737,5
31738,5
31741,2
31744,3
31747,5
31750,5
31751,3
31753,2
31754,1
31756,1
31757,6
31760,5
31763,2
31764,2
31767,2
31769,3
31770,2
31773,2
31776,9
31779,2
31782,4
31783,2
31785,2
31786,4
31788,2
31789,1
31792,3
31795,7
31799,2
31801,1
31802,1
31805,3
31808,12
31811,3
31814,4
31815,4
31817,2
31818,3
31820,2
31821,4
31824,4
31827,7
31828,1
31830,2
31831,1
31833,3
31834,3
31837,4
31840,5
31843,2
31846,8
31847,4
31849,1
31852,1
31853,4
31856,3
31859,4
31860,2
31862,3
31863,2
31865,7
31866,3
31868,2
31869,3
31872,4
31875,2
31878,5
31879,1
31881,1
31882,3
31884,1
31885,5
31888,1
31891,7
31892,4
31894,1
31897,2
31898,4
31901,3
31904,7
31907,2
31908,1
31910,5
31911,4
31914,1
31916,1
31917,6
31920,2
31923,4
31926,1
31927,1
31929,2
31930,5
31932,1
31933,2
31936,9
31939,7
31942,6
31943,2
31946,6
31952,4
31955,8
31956,4
31958,1
31959,2
31961,3
31962,3
31964,1
31965,5
31968,8
31971,1
31974,2
31975,3
31977,4
31978,1
31980,2
31981,8
31984,3
31987,9
31988,1
31990,3
31993,2
31994,4
31996,2
31997,3
32000,5
32003,6
32006,3
32007,1
32010,3
32012,2
32013,9
32016,4
32019,9
32020,1
32022,1
32023,2
32025,3
32026,3
32028,1
32029,1
32032,7
32035,3
32036,1
32038,5
32039,3
32041,3
32042,3
32044,2
32045,7
32048,5
32051,5
32052,1
32054,4
32057,2
32058,7
32061,3
32064,6
32067,3
32070,4
32071,4
32073,2
32074,1
32077,4
32080,3
32083,10
32086,2
32087,1
32089,1
32090,3
32092,2
32093,2
32096,6
32099,3
32102,10
32103,6
32105,2
32106,6
32108,2
32109,6
32112,5
32115,9
32118,2
32119,3
32122,9
32125,3
32128,13
32131,3
32132,1
32134,7
32135,4
32137,1
32138,2
32140,3
32141,5
32144,3
32147,9
32148,2
32150,2
32151,2
32153,2
32154,3
32156,2
32157,3
32160,13
32163,4
32166,8
32167,1
32169,1
32170,2
32172,1
32173,12
32176,5
32179,5
32180,1
32182,2
32183,1
32185,3
32186,6
32188,1
32189,5
32192,5
32195,2
32198,6
32199,4
32201,4
32202,5
32204,1
32205,10
32208,4
32211,4
32212,5
32214,4
32215,1
32217,2
32218,3
32221,2
32224,10
32227,2
32230,5
32231,2
32233,2
32234,4
32236,3
32237,2
32240,7
32243,4
32244,4
32246,2
32247,2
32249,4
32250,8
32252,3
32253,3
32256,11
32259,3
32262,7
32263,3
32265,1
32266,4
32268,2
32269,5
32272,6
32275,4
32279,1
32281,5
32282,4
32285,4
32288,8
32291,8
32292,1
32294,5
32295,4
32297,2
32298,3
32300,2
32301,7
32304,2
32307,7
32308,4
32310,4
32313,10
32314,2
32316,1
32317,2
32320,14
32323,3
32324,1
32326,6
32327,4
32329,2
32330,2
32332,1
32333,11
32336,4
32339,17
32340,4
32342,5
32343,1
32345,4
32346,6
32348,2
32349,5
32352,15
32355,4
32356,1
32358,1
32359,10
32361,1
32362,5
32364,4
32365,9
32368,5
32371,5
32372,1
32374,3
32375,2
32377,8
32378,10
32380,2
32381,2
32384,9
32387,2
32388,1
32390,9
32391,4
32393,5
32394,5
32396,3
32397,11
32400,4
32403,5
32404,5
32406,5
32407,1
32409,1
32410,7
32412,1
32413,5
32416,15
32419,4
32420,1
32422,6
32423,5
32425,2
32426,2
32428,3
32429,4
32432,6
32435,9
32436,2
32438,4
32439,2
32441,8
32442,8
32444,3
32445,5
32448,5
32451,6
32452,2
32454,14
32455,6
32457,1
32458,7
32460,1
32461,14
32464,5
32467,10
32468,2
32470,9
32473,7
32474,5
32476,3
32477,3
32480,8
32483,2
32486,8
32487,2
32489,1
32492,2
32493,7
32496,2
32499,11
32500,2
32502,2
32503,1
32505,4
32506,5
32508,2
32509,3
32512,7
32515,1
32516,1
32518,7
32519,4
32521,1
32522,3
32524,4
32525,13
32528,7
32531,11
32532,1
32534,6
32535,3
32537,5
32538,3
32541,3
32544,10
32547,3
32550,11
32551,4
32553,3
32554,2
32556,5
32557,21
32560,5
32563,13
32564,1
32566,3
32567,2
32569,5
32570,5
32573,3
32576,10
32579,6
32582,7
32583,6
32585,2
32586,2
32588,1
32589,10
32592,9
32595,6
32596,2
32598,2
32599,1
32601,4
32602,9
32604,2
32605,8
32608,8
32611,5
32612,2
32614,12
32615,5
32617,4
32618,1
32620,2
32621,12
32624,4
32627,8
32628,1
32630,2
32631,1
32633,5
32634,11
32636,2
32637,4
32640,13
32643,9
32644,1
32646,4
32647,6
32649,2
32650,3
32652,2
32653,9
32656,5
32659,9
32660,4
32662,7
32663,2
32665,10
32666,11
32669,3
32672,13
32675,4
32676,1
32678,6
32679,6
32681,1
32682,3
32684,3
32685,13
32688,4
32691,12
32692,2
32694,3
32695,2
32697,5
32698,6
32700,2
32701,2
32704,12
32707,7
32708,2
32710,8
32711,2
32713,1
32714,5
32716,1
32717,10
32720,7
32723,8
32724,1
32726,2
32727,5
32729,6
32730,8
32732,2
32733,4
32736,9
32739,4
32740,2
32742,5
32743,3
32745,2
32746,2
32748,3
32749,17
32752,6
32755,9
32756,1
32758,1
32759,3
32761,5
32762,6
32764,2
32765,2
32768,7
32771,5
32772,1
32774,6
32775,10
32777,1
32778,5
32780,1
32781,5
32784,6
32787,10
32790,1
32791,4
32793,2
32794,11
32796,1
32797,1
32800,12
32803,6
32804,2
32806,6
32807,5
32809,2
32810,4
32812,3
32813,10
32816,2
32819,9
32820,4
32822,2
32823,2
32825,6
32826,6
32828,2
32829,7
32832,14
32835,2
32836,1
32838,6
32839,4
32842,7
32845,8
32848,6
32851,14
32852,1
32854,9
32857,1
32858,4
32860,2
32861,4
32864,18
32867,3
32868,2
32870,9
32871,4
32873,2
32874,3
32876,3
32877,10
32880,2
32883,6
32884,3
32886,6
32887,2
32889,5
32890,7
32892,1
32893,2
32896,9
32899,5
32902,5
32903,4
32905,5
32906,6
32908,4
32909,13
32912,4
32915,7
32916,2
32918,4
32919,5
32921,5
32922,3
32924,2
32925,5
32928,12
32931,6
32932,1
32934,6
32935,2
32937,5
32938,1
32940,2
32941,9
32944,5
32947,6
32948,2
32950,3
32951,3
32953,5
32954,8
32956,2
32957,2
32960,14
32963,5
32964,1
32966,4
32967,4
32969,4
32970,1
32973,12
32976,5
32979,5
32980,5
32982,4
32983,2
32985,3
32986,7
32989,8
32992,7
32995,4
32998,6
32999,8
33002,5
33004,1
33005,7
33008,5
33011,10
33012,4
33014,7
33015,9
33017,9
33018,7
33020,1
33021,6
33024,6
33027,4
33030,7
33031,8
33033,6
33034,2
33036,3
33037,15
33040,4
33043,9
33044,2
33047,3
33049,3
33050,4
33053,7
33056,9
33059,4
33060,3
33062,7
33063,5
33065,2
33066,3
33068,1
33069,6
33072,1
33075,11
33076,1
33078,1
33079,3
33081,3
33082,5
33085,3
33088,9
33091,3
33092,3
33094,5
33095,8
33097,1
33098,1
33100,3
33101,8
33104,3
33107,8
33108,2
33110,3
33111,2
33113,4
33114,5
33116,1
33117,3
33120,8
33123,3
33124,1
33126,9
33127,5
33129,8
33130,3
33132,2
33133,9
33136,3
33139,6
33140,3
33142,2
33143,2
33145,6
33146,7
33149,6
33152,13
33155,5
33156,1
33158,8
33159,3
33161,1
33162,5
33164,1
33165,9
33168,2
33171,11
33172,1
33174,2
33177,3
33178,10
33180,1
33181,4
33184,13
33187,4
33188,1
33190,5
33191,4
33193,3
33194,4
33196,2
33197,5
33200,3
33203,11
33204,3
33206,1
33207,1
33209,4
33210,8
33212,4
33213,3
33216,15
33219,6
33222,9
33223,5
33225,3
33226,2
33228,4
33229,7
33232,2
33235,6
33236,2
33238,3
33239,1
33241,3
33242,4
33244,1
33245,4
33248,6
33251,2
33252,1
33254,5
33255,1
33257,2
33258,4
33260,2
33261,7
33264,5
33267,10
33270,4
33271,3
33273,5
33274,4
33277,3
33280,10
33283,2
33286,7
33287,4
33289,2
33290,1
33292,3
33293,14
33296,2
33299,13
33300,1
33303,1
33305,8
33306,5
33309,3
33312,15
33315,2
33316,1
33318,11
33319,1
33321,1
33322,2
33324,1
33325,13
33328,5
33331,6
33332,3
33334,3
33335,1
33337,7
33338,3
33340,2
33341,2
33344,7
33347,5
33348,4
33350,6
33351,6
33354,3
33356,3
33357,10
33360,3
33363,10
33364,2
33366,3
33367,6
33369,4
33370,6
33372,1
33373,5
33376,9
33379,3
33380,1
33382,6
33383,7
33385,1
33386,6
33388,1
33389,10
33392,8
33395,9
33396,3
33398,2
33399,3
33401,9
33402,5
33405,3
33408,10
33411,5
33412,1
33414,3
33415,4
33417,1
33418,9
33420,1
33421,9
33424,2
33427,11
33430,2
33431,4
33433,2
33434,6
33436,1
33437,6
33440,13
33443,5
33444,1
33446,6
33447,4
33450,1
33452,3
33453,14
33456,2
33459,11
33460,2
33462,5
33463,2
33465,3
33466,5
33468,2
33469,5
33472,9
33475,3
33476,2
33478,13
33479,4
33482,3
33484,1
33485,13
33488,6
33491,6
33492,1
33494,4
33495,2
33497,5
33498,3
33500,2
33501,2
33504,11
33507,2
33508,1
33510,5
33511,3
33513,3
33514,5
33516,1
33517,10
33520,8
33523,8
33524,4
33526,1
33527,1
33529,6
33530,7
33532,3
33533,2
33536,8
33539,3
33542,3
33543,5
33545,1
33546,3
33548,3
33549,6
33552,6
33555,11
33556,2
33558,1
33559,2
33561,5
33562,4
33564,2
33565,7
33568,11
33571,5
33572,1
33574,3
33575,5
33577,4
33578,1
33580,1
33581,5
33584,3
33587,10
33588,1
33591,4
33593,2
33594,5
33596,1
33600,8
33603,3
33606,8
33607,2
33609,1
33610,2
33612,1
33613,7
33616,9
33619,9
33620,3
33622,1
33623,2
33625,6
33626,11
33629,5
33632,7
33635,6
33636,1
33638,6
33639,3
33641,3
33642,1
33644,1
33645,4
33648,6
33651,9
33652,2
33654,4
33655,1
33657,4
33658,4
33661,1
33664,10
33667,1
33670,4
33671,2
33674,3
33676,3
33677,11
33680,4
33683,12
33684,3
33687,4
33689,3
33690,8
33692,1
33693,5
33696,13
33699,1
33702,10
33703,3
33705,2
33706,2
33708,4
33709,7
33712,5
33715,9
33716,2
33718,3
33719,2
33721,4
33722,10
33724,1
33728,15
33731,5
33734,7
33735,2
33737,6
33738,3
33740,2
33741,5
33744,2
33747,7
33748,1
33750,2
33751,1
33753,2
33754,7
33757,3
33760,11
33763,3
33766,7
33767,2
33770,4
33773,7
33776,5
33779,2
33780,3
33782,4
33783,2
33785,3
33786,5
33788,2
33789,2
33792,6
33795,2
33796,2
33798,9
33799,4
33801,2
33802,4
33804,2
33805,9
33808,4
33811,7
33812,2
33815,3
33817,5
33818,8
33821,2
33824,6
33827,2
33830,4
33831,4
33834,2
33836,2
33837,5
33840,6
33843,9
33846,2
33847,2
33849,6
33850,5
33852,3
33853,2
33856,11
33859,5
33860,1
33862,5
33863,3
33865,4
33866,3
33869,5
33872,8
33875,8
33876,5
33878,5
33879,2
33881,3
33882,3
33885,10
33888,16
33891,1
33894,6
33895,4
33897,2
33898,3
33900,3
33901,13
33907,11
33908,2
33910,2
33911,1
33913,2
33914,7
33916,1
33917,3
33920,10
33923,3
33924,2
33926,4
33927,4
33930,7
33932,1
33933,6
33936,5
33939,4
33940,4
33942,2
33943,1
33945,8
33946,7
33949,1
33952,6
33955,7
33956,1
33958,7
33959,4
33961,1
33962,5
33964,1
33965,4
33968,5
33971,8
33972,1
33975,3
33977,3
33978,8
33980,2
33981,1
33984,10
33987,5
33990,5
33993,1
33994,5
33996,1
33997,12
34000,7
34003,12
34006,1
34009,3
34010,5
34012,1
34013,2
34016,9
34019,1
34020,1
34022,7
34023,2
34025,3
34026,2
34029,6
34032,3
34035,5
34036,1
34038,4
34039,2
34041,2
34042,3
34045,2
34048,7
34051,3
34052,2
34054,5
34055,5
34057,4
34058,3
34060,1
34061,7
34064,1
34067,5
34068,2
34070,3
34071,1
34073,5
34074,4
34076,2
34077,5
34080,9
34083,4
34086,5
34087,4
34090,2
34093,9
34096,3
34099,11
34100,2
34102,1
34103,1
34105,6
34106,11
34109,5
34112,12
34115,3
34118,3
34119,7
34122,3
34124,3
34125,4
34128,2
34131,2
34132,1
34134,1
34135,1
34137,6
34138,6
34141,1
34144,14
34147,1
34150,1
34151,5
34153,1
34154,1
34156,3
34157,6
34160,5
34163,4
34166,3
34167,2
34169,1
34170,5
34173,4
34176,11
34179,2
34182,4
34183,3
34185,2
34186,1
34188,5
34189,9
34192,5
34195,6
34196,4
34198,1
34201,4
34202,6
34204,2
34205,5
34208,6
34211,4
34214,5
34215,3
34217,4
34218,3
34220,2
34221,4
34224,3
34227,8
34228,1
34230,2
34231,4
34233,3
34234,9
34236,1
34237,2
34240,4
34243,3
34246,5
34247,3
34249,2
34250,1
34252,3
34253,2
34256,3
34259,4
34260,1
34262,5
34263,3
34265,2
34266,6
34269,2
34272,13
34275,5
34278,6
34281,1
34284,1
34285,6
34288,1
34291,12
34294,4
34295,2
34297,2
34298,8
34301,3
34304,5
34307,2
34310,6
34311,3
34313,4
34314,3
34316,1
34317,6
34320,2
34323,6
34324,1
34326,3
34327,2
34330,3
34333,2
34336,12
34339,4
34342,3
34343,2
34345,2
34346,5
34348,3
34349,3
34352,2
34355,8
34356,1
34358,2
34359,1
34361,4
34362,1
34365,3
34368,8
34371,4
34374,6
34375,4
34377,1
34378,2
34380,1
34381,8
34384,3
34387,3
34390,3
34391,1
34393,6
34394,3
34397,3
34400,9
34403,3
34404,2
34406,9
34407,7
34409,3
34410,1
34412,7
34413,4
34416,1
34419,13
34420,2
34422,3
34425,2
34426,7
34428,1
34429,1
34432,4
34435,1
34436,1
34438,1
34439,3
34441,1
34442,5
34445,7
34448,2
34451,8
34454,1
34455,1
34457,1
34458,1
34460,2
34461,1
34464,4
34467,4
34468,1
34470,9
34471,2
34473,1
34474,1
34476,3
34477,5
34480,3
34483,1
34484,2
34486,1
34489,2
34490,4
34492,1
34493,3
34496,5
34499,1
34502,3
34503,6
34505,1
34506,2
34508,3
34509,10
34512,2
34515,8
34516,1
34518,1
34519,1
34521,3
34522,3
34525,3
34528,6
34531,4
34532,1
34534,6
34535,2
34537,1
34538,3
34540,2
34541,4
34544,7
34547,6
34548,2
34551,2
34553,5
34554,3
34557,4
34560,5
34563,2
34564,1
34566,3
34567,2
34569,1
34570,3
34572,4
34573,5
34576,5
34579,4
34582,2
34583,1
34585,2
34586,4
34588,1
34589,3
34592,5
34595,7
34596,1
34598,9
34599,4
34602,3
34604,2
34605,3
34608,2
34611,7
34614,3
34615,2
34617,3
34618,1
34621,4
34624,7
34627,4
34630,2
34631,2
34633,1
34634,1
34636,1
34637,5
34640,3
34643,5
34644,1
34647,1
34649,1
34650,5
34652,1
34653,3
34656,9
34659,3
34662,4
34663,3
34666,1
34668,1
34669,7
34672,2
34675,5
34676,1
34678,2
34679,4
34681,8
34682,4
34685,2
34688,7
34691,3
34692,1
34694,4
34695,2
34698,2
34701,3
34704,3
34707,9
34708,3
34710,2
34711,1
34713,2
34714,3
34717,3
34720,7
34723,1
34726,4
34727,4
34729,1
34730,3
34732,1
34733,10
34736,1
34739,4
34740,2
34742,1
34745,2
34746,2
34748,1
34749,2
34752,5
34755,4
34756,1
34758,5
34759,3
34764,1
34765,6
34768,4
34771,8
34772,1
34774,1
34775,1
34777,3
34778,1
34781,4
34784,8
34787,2
34790,3
34791,3
34794,4
34796,1
34797,5
34800,3
34803,3
34804,1
34806,5
34809,2
34810,5
34813,3
34816,5
34819,3
34822,2
34823,1
34825,4
34826,3
34828,5
34829,6
34832,2
34835,3
34836,6
34838,2
34841,5
34842,10
34848,8
34851,2
34854,4
34855,4
34857,1
34858,3
34861,6
34864,4
34867,3
34873,1
34874,2
34877,5
34880,7
34883,2
34884,1
34886,1
34887,6
34889,3
34890,3
34893,4
34896,5
34899,5
34902,1
34903,2
34905,2
34906,6
34908,1
34912,6
34915,2
34916,1
34918,2
34919,2
34924,1
34928,4
34931,6
34934,1
34935,2
34937,1
34938,1
34941,3
34944,9
34947,4
34950,4
34951,5
34953,3
34954,1
34957,3
34960,2
34964,4
34966,4
34967,2
34969,3
34970,3
34973,2
34976,5
34979,5
34982,6
34983,3
34986,1
34988,1
34989,5
34992,1
34995,5
34998,2
35001,5
35002,4
35008,5
35011,6
35012,1
35014,3
35015,3
35017,1
35018,3
35020,1
35021,3
35027,3
35030,4
35031,1
35033,2
35034,3
35037,1
35040,5
35043,1
35046,8
35049,1
35053,3
35056,6
35059,11
35060,2
35062,3
35065,1
35066,7
35068,2
35069,1
35072,10
35075,1
35078,5
35082,1
35084,2
35085,6
35088,3
35091,5
35092,1
35097,3
35098,4
35101,2
35104,6
35107,2
35110,3
35111,3
35113,2
35114,1
35116,4
35117,3
35123,6
35126,2
35127,3
35129,3
35130,1
35133,4
35136,2
35139,3
35140,1
35142,5
35143,1
35145,1
35146,1
35148,1
35149,3
35152,2
35155,3
35156,2
35158,3
35161,3
35162,4
35165,2
35168,7
35171,2
35174,3
35175,2
35178,1
35180,1
35181,7
35184,4
35187,6
35188,1
35191,2
35193,2
35194,3
35196,1
35197,4
35200,5
35203,1
35206,4
35207,3
35209,1
35210,2
35212,1
35213,6
35216,3
35219,7
35222,3
35223,2
35225,3
35226,7
35229,1
35232,5
35235,2
35236,1
35238,3
35241,1
35242,1
35245,4
35248,7
35251,4
35254,3
35255,2
35258,6
35261,1
35264,6
35267,3
35268,1
35270,2
35271,2
35273,1
35274,3
35276,1
35277,5
35280,5
35283,2
35284,2
35289,5
35290,1
35292,1
35293,2
35296,4
35300,1
35302,1
35303,2
35305,1
35308,1
35309,5
35312,4
35315,4
35316,2
35318,2
35319,1
35321,4
35322,1
35325,3
35328,5
35331,3
35332,1
35334,1
35335,3
35337,1
35338,1
35340,1
35341,4
35344,1
35347,1
35348,3
35351,2
35353,3
35354,1
35356,1
35357,1
35360,9
35366,4
35367,1
35370,3
35373,3
35376,5
35379,6
35380,2
35385,1
35386,4
35389,3
35392,2
35398,1
35399,2
35401,2
35405,3
35411,3
35415,3
35417,3
35418,1
35421,4
35424,6
35427,4
35430,1
35431,4
35434,3
35437,4
35440,1
35443,2
35444,1
35449,3
35452,1
35453,3
35456,8
35459,2
35462,3
35463,4
35465,1
35466,2
35468,1
35469,5
35472,1
35475,6
35478,2
35479,1
35481,3
35482,3
35484,1
35485,3
35488,6
35491,2
35494,2
35495,3
35498,2
35500,1
35501,2
35504,2
35507,5
35508,1
35510,1
35514,5
35517,2
35520,3
35523,3
35524,1
35526,5
35527,2
35529,1
35532,6
35533,5
35536,2
35539,4
35542,1
35545,2
35546,1
35549,2
35552,6
35555,1
35558,1
35559,1
35565,4
35568,4
35571,4
35572,2
35574,1
35577,2
35578,2
35580,1
35584,3
35587,2
35590,2
35591,3
35596,1
35597,3
35603,3
35604,2
35606,2
35609,1
35610,2
35613,1
35616,1
35619,3
35620,1
35622,1
35623,3
35626,2
35629,3
35635,5
35636,1
35639,1
35641,1
35642,4
35644,2
35645,1
35648,4
35651,3
35654,2
35658,2
35660,2
35661,6
35664,5
35667,3
35668,1
35670,1
35673,2
35674,2
35680,8
35686,2
35687,4
35689,2
35693,3
35696,4
35699,2
35700,1
35705,2
35706,4
35708,1
35712,4
35715,4
35718,1
35721,1
35722,1
35724,2
35725,3
35731,4
35732,1
35735,2
35737,3
35738,5
35741,2
35744,3
35750,2
35751,3
35756,1
35757,2
35760,1
35763,6
35767,1
35769,1
35770,1
35773,1
35776,5
35780,1
35782,3
35783,1
35785,1
35788,2
35789,6
35792,1
35795,4
35798,2
35801,2
35802,2
35804,1
35805,1
35808,4
35811,3
35815,1
35818,1
35820,1
35821,2
35828,1
35830,2
35831,2
35833,1
35834,1
35840,3
35846,4
35847,3
35849,1
35853,4
35856,2
35859,4
35860,3
35865,2
35866,3
35869,1
35872,1
35882,2
35885,2
35888,1
35891,1
35892,1
35894,1
35895,1
35897,1
35898,1
35904,4
35910,1
35917,2
35920,2
35923,4
35927,1
35929,1
35930,2
35933,1
35936,2
35942,1
35943,1
35946,1
35949,1
35952,4
35955,1
35956,1
35958,3
35959,1
35961,3
35962,2
35965,1
35968,4
35971,2
35974,6
35975,2
35980,1
35981,4
35984,1
35990,2
35991,1
35993,4
35994,3
36000,8
36006,2
36007,1
36010,2
36013,3
36019,4
36020,2
36022,1
36023,1
36026,3
36029,2
36038,2
36039,1
36042,2
36044,1
36045,2
36048,2
36051,4
36052,2
36054,1
36055,1
36058,3
36061,2
36064,3
36067,1
36070,3
36074,2
36077,1
36080,4
36083,3
36086,1
36089,1
36093,2
36096,2
36099,1
36102,3
36103,3
36106,1
36108,1
36109,2
36112,2
36115,2
36116,2
36121,3
36122,4
36128,3
36132,1
36134,1
36137,1
36138,1
36140,2
36141,4
36144,1
36147,4
36150,1
36151,3
36153,1
36154,2
36156,1
36160,4
36163,1
36166,4
36169,1
36173,2
36176,3
36179,4
36182,3
36185,1
36186,1
36189,1
36192,5
36195,2
36198,1
36199,1
36201,1
36202,2
36205,1
36208,4
36212,1
36214,1
36218,1
36221,4
36224,6
36227,1
36234,1
36237,1
36243,1
36250,1
36253,1
36256,3
36259,2
36260,1
36262,2
36263,2
36266,2
36268,2
36269,4
36272,3
36275,3
36279,1
36281,2
36282,3
36285,1
36288,2
36291,1
36294,1
36301,4
36304,1
36307,2
36310,1
36313,1
36314,3
36316,1
36317,1
36320,4
36323,2
36324,1
36326,4
36327,1
36333,7
36336,1
36339,4
36345,1
36346,1
36352,2
36355,2
36359,1
36361,1
36364,2
36365,3
36368,1
36371,2
36374,3
36377,1
36378,2
36384,3
36390,1
36391,1
36393,1
36396,1
36397,3
36403,2
36404,1
36407,2
36410,1
36419,2
36425,2
36429,3
36432,2
36436,2
36442,1
36445,2
36448,1
36454,1
36455,2
36461,1
36473,1
36474,1
36476,2
36477,1
36480,1
36486,1
36487,1
36489,1
36490,1
36496,1
36499,2
36500,1
36502,1
36506,3
36512,7
36518,1
36519,1
36528,2
36531,1
36532,1
36537,2
36538,2
36541,1
36544,2
36547,1
36551,2
36554,4
36560,1
36563,3
36564,2
36569,3
36570,2
36572,2
36573,2
36576,5
36582,1
36588,2
36589,1
36592,1
36595,3
36596,1
36598,1
36599,1
36601,2
36605,1
36608,1
36611,4
36614,1
36621,1
36624,2
36627,3
36630,1
36634,1
36636,1
36637,1
36640,5
36643,1
36646,1
36647,1
36649,2
36653,2
36656,1
36659,3
36660,1
36662,1
36663,1
36672,2
36675,2
36678,1
36682,1
36685,1
36691,1
36697,1
36701,1
36704,4
36707,1
36711,1
36714,1
36717,1
36720,1
36723,1
36727,1
36733,1
36736,3
36739,1
36742,1
36743,2
36745,1
36746,2
36749,2
36755,2
36765,1
36768,1
36771,1
36772,1
36774,1
36775,1
36778,1
36781,2
36787,1
36788,1
36791,1
36794,2
36800,2
36806,3
36807,1
36813,1
36819,1
36826,1
36829,1
36832,3
36835,1
36838,2
36839,1
36845,3
36848,1
36854,1
36857,1
36858,1
36860,1
36861,1
36864,2
36868,1
36870,1
36877,3
36883,2
36889,1
36890,1
36896,1
36902,1
36908,1
36909,2
36915,2
36921,1
36922,2
36928,5
36931,1
36934,1
36935,2
36938,1
36941,3
36944,2
36947,1
36951,1
36953,2
36954,1
36966,2
36976,1
36980,1
36983,1
36986,1
36989,1
36992,1
36995,2
36998,1
36999,1
37002,1
37005,1
37017,3
37024,2
37030,1
37031,2
37036,1
37040,2
37046,1
37053,1
37059,1
37062,2
37063,1
37065,2
37068,1
37072,1
37075,2
37078,1
37085,1
37088,1
37091,1
37100,1
37101,2
37107,1
37111,2
37113,1
37114,1
37117,1
37120,1
37126,1
37130,3
37136,1
37139,1
37145,1
37146,1
37152,2
37155,1
37158,1
37159,2
37161,1
37164,2
37165,1
37168,2
37172,1
37177,1
37178,1
37180,1
37184,3
37190,3
37193,1
37197,3
37200,3
37203,1
37209,1
37210,2
37216,2
37219,1
37222,1
37226,1
37235,3
37238,1
37242,1
37248,2
37257,1
37258,1
37264,1
37267,2
37270,1
37271,1
37273,1
37274,2
37280,3
37286,1
37287,1
37292,2
37293,1
37296,1
37299,4
37300,1
37305,1
37308,1
37312,1
37315,1
37318,2
37319,1
37322,1
37324,1
37338,2
37341,2
37344,1
37347,1
37356,1
37360,2
37363,1
37369,2
37379,1
37383,1
37386,1
37388,1
37389,1
37412,1
37414,3
37415,1
37424,2
37434,2
37446,1
37447,1
37456,1
37460,2
37462,2
37465,1
37466,2
37469,2
37478,2
37488,1
37491,1
37492,1
37495,1
37497,3
37498,2
37504,2
37511,1
37514,1
37516,1
37520,1
37524,1
37527,1
37536,3
37543,1
37545,3
37546,1
37549,1
37552,2
37555,1
37561,1
37562,1
37565,1
37587,1
37593,1
37594,1
37596,1
37600,2
37607,1
37612,1
37613,3
37616,1
37626,1
37629,1
37639,1
37645,1
37651,1
37654,1
37657,1
37658,1
37676,1
37683,1
37686,1
37696,1
37702,2
37709,2
37715,1
37721,2
37722,1
37725,2
37741,1
37747,1
37750,1
37753,1
37754,1
37757,2
37767,1
37769,1
37772,1
37785,1
37786,1
37792,2
37798,1
37804,2
37808,4
37818,2
37821,1
37828,1
37830,2
37837,1
37843,1
37850,1
37853,1
37859,1
37862,1
37869,1
37882,1
37894,1
37895,1
37898,1
37913,2
37917,2
37920,1
37926,2
37936,1
37939,2
37942,1
37952,2
37955,2
37959,2
37965,1
37971,2
37972,1
37981,1
38003,2
38016,2
38019,1
38022,1
38025,1
38032,2
38041,1
38048,1
38051,1
38054,2
38055,2
38057,1
38058,1
38060,1
38061,1
38073,1
38077,1
38086,2
38089,1
38092,1
38093,2
38099,1
38106,1
38118,1
38119,1
38147,1
38153,1
38156,1
38163,2
38170,3
38176,4
38179,1
38188,1
38192,1
38195,1
38208,1
38221,1
38234,1
38240,3
38247,1
38250,3
38256,1
38259,1
38263,1
38266,1
38272,3
38279,1
38285,1
38291,2
38292,1
38294,1
38298,1
38304,1
38310,1
38323,1
38349,1
38361,1
38371,1
38387,1
38394,1
38407,1
38413,1
38419,1
38420,1
38426,2
38429,1
38432,2
38439,1
38451,1
38454,2
38458,1
38461,1
38471,2
38474,1
38477,2
38490,1
38492,1
38496,1
38503,1
38505,1
38509,1
38519,1
38538,1
38541,1
38544,1
38557,1
38560,1
38570,1
38586,1
38611,1
38618,1
38649,1
38650,1
38659,1
38662,1
38668,1
38678,1
38682,2
38691,1
38701,1
38714,1
38716,1
38745,1
38758,1
38778,1
38797,1
38806,1
38812,1
38813,1
38829,1
38832,1
38835,2
38854,1
38855,1
38864,1
38870,1
38874,1
38880,1
38883,1
38919,1
38925,1
38941,1
38944,1
38964,1
38966,1
38982,1
38983,1
38992,1
39008,1
39014,1
39015,1
39027,1
39034,1
39044,1
39046,1
39059,1
39060,1
39081,1
39091,1
39117,2
39123,1
39146,1
39152,1
39155,1
39188,1
39194,1
39197,1
39206,1
39235,1
39244,1
39315,1
39322,1
39328,2
39341,1
39360,1
39367,1
39373,2
39418,1
39421,1
39431,1
39443,1
39462,1
39475,1
39476,1
39479,1
39488,1
39520,1
39564,1
39584,1
39590,1
39619,1
39620,1
39629,1
39661,1
39731,1
39770,1
39804,1
39834,1
39866,1
39881,1
39904,1
39949,1
39984,1
40029,1
40045,1
40071,1
40077,1
40112,1
40122,1
40179,1
40214,1
40236,1
40291,1
40301,1
40304,1
40314,1
40374,1
40393,2
40403,1
40416,1
40473,1
40480,1
40493,1
40503,1
40538,1
40563,1
40576,1
40615,1
40627,1
40716,1
40723,1
40797,1
40828,1
40906,1
40922,1
40973,1
41040,1
41092,1
41107,1
41110,1
41174,1
41190,1
41200,1
41213,1
41216,1
41271,1
41357,1
41376,1
41542,1
41562,1
41658,1
41671,1
41772,1
41776,1
41821,1
41859,1
41862,1
41888,1
41920,1
41977,1
42032,1
42067,1
42109,1
42160,2
42169,1
42195,1
42336,1
42343,2
42346,1
42412,1
42448,1
42509,1
42528,1
42553,1
42579,1
42695,2
42742,1
42743,1
42819,1
42928,1
42960,1
42979,2
43059,1
43085,1
43171,1
43226,1
43335,1
43347,1
43360,1
43373,1
43405,1
43465,1
43475,1
43482,1
43584,1
43629,1
43677,1
44007,1
44371,1
44630,1
44790,1
45075,1
45076,1
46160,1
