# Samples: 54483, Average: 4313.1 ns, StdDev: 203.4 ns, Quartiles: 4208.0/4260.0/4374.0 ns
4070,2
4071,1
4073,2
4077,1
4083,1
4086,2
4087,1
4090,3
4092,1
4093,5
4096,2
4099,9
4100,4
4102,9
4103,4
4105,14
4106,14
4108,2
4109,17
4112,74
4115,24
4116,9
4118,57
4119,39
4121,33
4122,35
4124,28
4125,119
4128,123
4131,189
4132,52
4134,94
4135,63
4137,128
4138,199
4140,37
4141,149
4144,415
4147,208
4148,63
4150,327
4151,215
4153,120
4154,178
4156,116
4157,528
4160,339
4163,582
4164,123
4166,237
4167,160
4169,333
4170,418
4172,67
4173,379
4176,826
4179,344
4180,90
4182,485
4183,327
4185,194
4186,266
4188,147
4189,687
4192,493
4195,731
4196,185
4198,302
4199,221
4201,392
4202,601
4204,112
4205,443
4208,980
4211,463
4212,143
4214,620
4215,436
4217,230
4218,359
4220,226
4221,816
4224,593
4227,901
4228,223
4230,356
4231,266
4233,412
4234,690
4236,141
4237,502
4240,1045
4243,478
4244,122
4246,603
4247,431
4249,224
4250,339
4252,239
4253,773
4256,545
4259,703
4260,205
4262,301
4263,191
4265,339
4266,527
4268,97
4269,345
4272,799
4275,327
4276,79
4278,408
4279,293
4281,145
4282,209
4284,124
4285,484
4288,318
4291,439
4292,126
4294,166
4295,152
4297,216
4298,301
4300,66
4301,245
4304,501
4307,177
4308,59
4310,255
4311,203
4313,97
4314,152
4316,69
4317,359
4320,247
4323,320
4324,85
4326,145
4327,95
4329,163
4330,235
4332,55
4333,172
4336,420
4339,201
4340,42
4342,253
4343,136
4345,85
4346,117
4348,71
4349,308
4352,210
4355,265
4356,72
4358,132
4359,67
4361,134
4362,203
4364,40
4365,150
4368,311
4371,140
4372,34
4374,204
4375,122
4377,55
4378,107
4380,52
4381,234
4384,158
4387,240
4388,61
4390,99
4391,55
4393,126
4394,195
4396,31
4397,132
4400,274
4403,138
4404,23
4406,177
4407,126
4409,64
4410,92
4412,57
4413,245
4416,166
4419,237
4420,64
4422,111
4423,68
4425,124
4426,172
4428,27
4429,137
4432,323
4435,120
4436,31
4438,182
4439,120
4441,66
4442,107
4444,52
4445,211
4448,165
4451,205
4452,52
4454,103
4455,58
4457,92
4458,145
4460,20
4461,108
4464,203
4467,99
4468,25
4470,118
4471,91
4473,50
4474,55
4476,49
4477,138
4480,96
4483,156
4484,28
4486,60
4487,43
4489,66
4490,123
4492,17
4493,71
4496,162
4499,74
4500,20
4502,92
4503,65
4505,39
4506,45
4508,24
4509,103
4512,87
4515,92
4516,32
4518,46
4519,28
4521,60
4522,64
4524,11
4525,44
4528,121
4531,40
4532,12
4534,64
4535,41
4537,20
4538,37
4540,18
4541,90
4544,58
4547,86
4548,19
4550,42
4551,32
4553,53
4554,71
4556,6
4557,49
4560,125
4563,60
4564,10
4566,67
4567,60
4569,27
4570,41
4572,25
4573,114
4576,62
4579,81
4580,33
4582,35
4583,39
4585,60
4586,80
4588,12
4589,40
4592,118
4595,52
4596,14
4598,61
4599,56
4601,19
4602,39
4604,28
4605,85
4608,54
4611,69
4612,14
4614,36
4615,20
4617,31
4618,41
4620,8
4621,40
4624,80
4627,32
4628,16
4630,31
4631,25
4633,14
4634,25
4636,10
4637,39
4640,33
4643,46
4644,16
4646,10
4647,8
4649,33
4650,27
4652,3
4653,20
4656,37
4659,16
4660,2
4662,31
4663,12
4665,4
4666,7
4668,8
4669,29
4672,14
4675,26
4676,9
4678,12
4679,5
4681,5
4682,12
4684,1
4685,10
4688,22
4691,9
4692,2
4694,11
4695,10
4697,6
4698,6
4700,3
4701,13
4704,12
4707,18
4708,5
4710,4
4711,6
4713,5
4714,15
4716,7
4717,6
4720,29
4723,9
4724,2
4726,15
4727,7
4729,3
4730,7
4732,2
4733,24
4736,10
4739,19
4740,2
4742,6
4743,5
4745,4
4746,10
4748,2
4749,15
4752,29
4755,11
4756,2
4758,12
4759,7
4761,4
4762,6
4764,2
4765,9
4768,10
4771,13
4772,4
4774,6
4775,4
4777,9
4778,8
4781,9
4784,19
4787,4
4788,4
4790,9
4791,10
4793,1
4794,11
4796,6
4797,9
4800,11
4803,16
4804,5
4806,3
4807,2
4809,5
4810,13
4812,3
4813,3
4816,18
4819,7
4822,12
4823,9
4825,2
4826,4
4828,1
4829,10
4832,7
4835,12
4836,5
4838,6
4839,3
4841,15
4842,11
4844,2
4845,4
4848,24
4851,11
4852,1
4854,12
4855,12
4857,6
4858,5
4860,4
4861,16
4864,6
4867,22
4868,4
4870,4
4871,8
4873,7
4874,12
4876,5
4877,11
4880,23
4883,10
4884,1
4886,9
4887,3
4889,3
4890,4
4892,1
4893,10
4896,8
4899,7
4900,3
4902,3
4903,1
4905,4
4906,11
4908,1
4909,5
4912,16
4915,6
4916,2
4918,8
4919,3
4921,1
4922,4
4924,3
4925,16
4928,7
4931,7
4932,2
4934,1
4935,4
4937,4
4938,3
4940,2
4941,9
4944,10
4947,2
4948,2
4950,7
4953,1
4954,2
4956,1
4957,7
4960,5
4963,12
4964,2
4966,2
4967,3
4969,3
4970,7
4972,5
4973,7
4976,6
4979,2
4982,4
4983,3
4985,2
4986,5
4988,6
4989,7
4992,11
4995,7
4996,2
4998,2
4999,1
5001,2
5002,4
5004,3
5005,1
5008,5
5011,1
5012,1
5014,4
5015,2
5017,1
5018,2
5020,2
5021,6
5024,3
5027,4
5028,2
5030,4
5031,3
5033,1
5034,4
5036,1
5040,7
5043,3
5044,1
5046,4
5047,4
5050,2
5052,2
5053,1
5056,1
5059,2
5060,1
5062,1
5065,3
5066,5
5069,2
5072,4
5075,1
5078,5
5079,2
5081,2
5085,6
5091,2
5092,2
5094,2
5097,1
5098,2
5101,3
5104,3
5108,1
5110,2
5114,2
5120,1
5123,2
5129,1
5136,2
5140,1
5142,1
5143,1
5149,1
5155,1
5162,1
5168,1
5175,1
5178,2
5184,1
5226,1
5344,1
5386,1
5392,1
5411,1
5434,1
5440,1
5478,1
5507,1
5517,1
5530,2
5539,1
5542,1
5545,1
5546,2
5549,1
5552,3
5556,1
5558,1
5559,1
5562,1
5574,1
5577,1
5584,2
5597,2
5603,1
5623,1
5636,1
5638,1
5639,1
5641,1
5648,1
5655,1
5661,1
5712,1
5734,1
5798,1
5814,1
5843,1
5952,1
6480,2
6492,1
6493,1
6499,2
6503,1
6505,1
6525,1
6544,1
6551,1
6560,1
6595,1
6611,1
6612,1
6615,1
6665,1
6781,1
6793,1
6816,1
6826,1
6854,1
6909,1
7004,1
7088,1
7123,1
7299,1
7517,1
7536,1
7568,1
7645,1
7760,1
7783,1
7911,1
7920,1
7939,1
8067,1
8156,1
8183,1
8323,1
8342,1
8464,1
8637,1
8756,1
8765,1
8803,1
8928,1
9027,1
9034,1
9066,1
9251,1
9427,1
9500,1
9645,1
9853,1
9862,1
9993,1
10182,1
10377,1
10454,1
10775,1
11008,1
11997,1
