4272,1
4288,1
4313,1
4314,1
4336,1
4339,1
4349,1
4365,1
4381,1
4615,1
5184,1
8531,1
8652,2
8656,1
8684,1
8698,1
8716,1
8727,1
8733,1
8745,1
8746,1
8755,1
8759,1
8764,1
8771,2
8777,1
8778,3
8784,1
8787,1
8790,2
8791,1
8794,3
8797,1
8800,2
8803,2
8806,1
8807,1
8809,2
8812,1
8813,2
8816,1
8819,1
8820,2
8822,1
8825,1
8826,2
8828,1
8829,2
8832,3
8835,2
8838,1
8839,1
8841,2
8842,1
8844,1
8845,3
8848,6
8851,6
8855,4
8857,1
8860,3
8861,3
8864,5
8867,3
8868,1
8870,2
8871,2
8873,1
8874,3
8876,1
8877,2
8880,4
8883,4
8886,1
8890,3
8892,2
8893,4
8896,5
8899,4
8900,2
8902,4
8903,1
8906,1
8909,6
8912,10
8915,7
8916,1
8918,7
8919,2
8921,4
8922,5
8924,2
8925,3
8928,3
8931,6
8932,3
8934,4
8935,4
8937,7
8938,4
8940,1
8941,3
8944,6
8947,11
8948,7
8950,7
8951,3
8953,2
8954,5
8956,3
8957,6
8960,8
8963,5
8964,3
8966,6
8967,4
8969,5
8970,5
8972,5
8973,11
8976,9
8979,9
8980,4
8982,10
8983,5
8985,2
8986,5
8989,1
8992,13
8995,6
8996,4
8998,7
8999,4
9001,1
9002,3
9005,6
9008,11
9011,7
9012,2
9014,4
9015,3
9017,3
9018,8
9020,6
9021,11
9024,16
9027,13
9030,9
9031,6
9033,10
9034,8
9036,2
9037,13
9040,16
9043,16
9044,3
9046,6
9047,3
9049,1
9050,8
9052,7
9053,18
9056,13
9059,15
9062,7
9063,4
9065,8
9066,8
9068,3
9069,10
9072,11
9075,15
9076,2
9078,10
9079,11
9081,3
9082,6
9084,3
9085,10
9088,18
9091,5
9092,4
9094,12
9095,6
9097,3
9098,6
9100,7
9101,13
9104,21
9107,9
9108,2
9110,10
9111,7
9113,9
9114,12
9116,2
9117,18
9120,23
9123,16
9124,2
9126,13
9127,9
9129,8
9130,16
9132,2
9133,15
9136,15
9139,12
9140,3
9142,10
9143,10
9145,8
9146,5
9148,2
9149,11
9152,22
9155,23
9156,4
9158,11
9159,10
9161,11
9162,10
9164,6
9165,22
9168,24
9171,15
9172,6
9174,14
9175,10
9177,14
9178,15
9180,5
9181,16
9184,14
9187,11
9188,7
9190,11
9191,11
9193,8
9194,13
9196,5
9197,16
9200,20
9203,18
9204,5
9206,16
9207,17
9209,7
9210,16
9212,7
9213,22
9216,25
9219,19
9220,1
9222,15
9223,8
9225,10
9226,16
9228,7
9229,27
9232,21
9235,15
9236,5
9238,15
9239,10
9241,10
9242,15
9244,6
9245,12
9248,26
9251,19
9252,7
9254,24
9255,7
9257,10
9258,16
9260,4
9261,21
9264,20
9267,14
9268,4
9270,10
9271,14
9273,6
9274,13
9276,4
9277,15
9280,19
9283,19
9284,6
9286,17
9287,11
9289,11
9290,11
9292,7
9293,20
9296,22
9299,25
9300,6
9302,17
9303,7
9305,6
9306,19
9308,4
9309,27
9312,34
9315,22
9316,4
9318,15
9319,13
9321,6
9322,13
9324,8
9325,21
9328,23
9331,16
9332,3
9334,16
9335,17
9337,8
9338,16
9340,6
9341,14
9344,28
9347,21
9348,3
9350,17
9351,13
9353,15
9354,23
9356,8
9357,21
9360,20
9363,28
9364,4
9366,16
9367,10
9369,5
9370,13
9372,9
9373,27
9376,29
9379,15
9380,2
9382,10
9383,9
9385,13
9386,17
9388,6
9389,19
9392,31
9395,18
9396,4
9398,20
9399,11
9401,11
9402,22
9404,3
9405,16
9408,20
9411,18
9412,3
9414,16
9415,9
9417,13
9418,11
9420,3
9421,17
9424,27
9427,17
9428,8
9430,24
9431,10
9433,12
9434,16
9436,6
9437,14
9440,23
9443,25
9444,5
9446,14
9447,9
9449,9
9450,15
9452,9
9453,28
9456,15
9459,20
9460,3
9462,15
9463,14
9465,14
9466,19
9468,8
9469,20
9472,34
9475,20
9476,5
9478,16
9479,7
9481,10
9482,14
9484,4
9485,19
9488,38
9491,26
9492,7
9494,14
9495,14
9497,5
9498,13
9500,4
9501,23
9504,21
9507,20
9508,4
9510,17
9511,12
9513,8
9514,17
9516,9
9517,13
9520,34
9523,20
9524,5
9526,16
9527,9
9529,7
9530,16
9532,11
9533,15
9536,25
9539,25
9540,7
9542,11
9543,11
9545,13
9546,19
9548,4
9549,24
9552,29
9555,19
9556,7
9558,16
9559,8
9561,11
9562,12
9564,7
9565,13
9568,21
9571,18
9572,5
9574,12
9575,13
9577,7
9578,17
9580,3
9581,13
9584,20
9587,19
9588,4
9590,19
9591,7
9593,10
9594,9
9596,7
9597,18
9600,23
9603,19
9604,5
9606,13
9607,11
9609,11
9610,13
9612,4
9613,20
9616,29
9619,19
9620,8
9622,22
9623,12
9625,12
9626,15
9628,5
9629,16
9632,26
9635,19
9636,4
9638,13
9639,6
9641,9
9642,18
9644,2
9645,17
9648,20
9651,16
9652,2
9654,14
9655,10
9657,8
9658,15
9660,5
9661,15
9664,33
9667,12
9668,3
9670,10
9671,10
9673,10
9674,17
9676,7
9677,13
9680,17
9683,18
9684,2
9686,3
9687,6
9689,8
9690,6
9692,3
9693,20
9696,19
9699,15
9700,3
9702,18
9703,7
9705,6
9706,7
9708,3
9709,21
9712,17
9715,23
9716,6
9718,19
9719,6
9721,8
9722,11
9724,2
9725,14
9728,18
9731,16
9732,5
9734,14
9735,10
9737,5
9738,10
9740,1
9741,23
9744,12
9747,13
9748,2
9750,13
9751,5
9753,6
9754,8
9756,4
9757,13
9760,13
9763,9
9764,4
9766,10
9767,7
9769,8
9770,7
9772,1
9773,10
9776,15
9779,12
9782,8
9783,3
9785,3
9786,17
9788,6
9789,15
9792,20
9795,17
9796,1
9798,9
9799,7
9801,2
9802,9
9804,2
9805,16
9808,11
9811,13
9812,1
9814,5
9815,10
9817,7
9818,4
9820,3
9821,14
9824,16
9827,17
9828,4
9830,8
9831,7
9833,10
9834,8
9836,2
9837,7
9840,14
9843,10
9844,2
9846,5
9847,10
9849,5
9850,11
9852,2
9853,13
9856,12
9859,12
9860,4
9862,6
9863,5
9865,6
9866,7
9868,4
9869,9
9872,13
9875,7
9876,2
9878,17
9879,7
9881,8
9882,10
9884,3
9885,9
9888,12
9891,9
9892,3
9894,5
9895,9
9897,5
9898,3
9900,3
9901,5
9904,13
9907,8
9908,3
9910,12
9913,7
9914,9
9916,4
9917,12
9920,13
9923,10
9924,2
9926,5
9927,5
9929,6
9930,8
9932,6
9933,9
9936,14
9939,7
9942,7
9943,4
9945,4
9946,6
9948,3
9949,8
9952,7
9955,9
9956,3
9958,2
9959,6
9961,4
9962,5
9964,3
9965,8
9968,18
9971,9
9972,1
9974,5
9975,5
9977,3
9978,7
9980,1
9981,5
9984,12
9987,11
9988,5
9990,8
9991,5
9993,2
9994,7
9996,4
9997,13
10000,15
10003,13
10004,2
10006,5
10007,2
10009,6
10010,5
10012,2
10013,11
10016,8
10019,7
10020,3
10022,8
10023,5
10025,5
10026,6
10028,4
10029,9
10032,5
10035,12
10036,1
10038,4
10039,3
10041,8
10042,5
10044,2
10045,7
10048,10
10051,6
10052,2
10054,6
10055,7
10057,3
10058,3
10060,2
10061,7
10064,9
10067,7
10068,1
10070,5
10071,4
10073,4
10074,2
10076,2
10077,6
10080,7
10083,10
10084,5
10086,3
10087,5
10089,2
10090,4
10092,4
10093,6
10096,8
10099,4
10100,1
10102,5
10103,1
10105,4
10106,4
10109,6
10112,14
10115,8
10118,8
10119,1
10121,4
10122,5
10125,7
10128,10
10131,1
10132,5
10134,7
10135,5
10137,5
10138,5
10140,2
10141,6
10144,10
10147,9
10148,2
10150,4
10151,2
10153,5
10154,5
10156,1
10157,3
10160,5
10163,2
10164,2
10166,5
10169,3
10170,4
10173,6
10176,6
10179,4
10182,3
10183,4
10185,1
10186,10
10188,2
10189,3
10192,6
10195,5
10196,1
10199,1
10201,2
10202,1
10204,3
10205,7
10208,7
10211,4
10214,6
10215,1
10218,7
10221,4
10224,4
10227,7
10228,1
10230,3
10231,4
10234,4
10236,3
10237,4
10240,5
10243,7
10244,2
10246,3
10247,1
10249,3
10250,3
10252,1
10253,6
10256,5
10259,5
10262,2
10263,4
10265,3
10266,3
10268,1
10269,14
10272,3
10275,6
10278,2
10279,2
10281,2
10282,1
10284,3
10285,5
10288,8
10291,7
10292,1
10294,2
10295,1
10297,1
10298,1
10301,4
10304,5
10307,3
10308,2
10311,1
10313,2
10314,6
10316,2
10317,5
10320,4
10323,3
10324,1
10326,2
10327,2
10329,3
10330,2
10332,1
10333,2
10336,4
10339,2
10343,3
10345,2
10346,2
10349,4
10352,5
10355,2
10359,3
10361,1
10362,2
10368,3
10371,3
10374,2
10375,3
10377,3
10380,2
10381,2
10384,4
10387,2
10388,1
10390,6
10391,1
10393,1
10394,3
10397,2
10400,3
10403,2
10406,2
10407,2
10409,1
10412,1
10416,3
10419,2
10422,3
10423,2
10425,2
10426,7
10429,2
10432,3
10435,2
10438,2
10441,1
10442,3
10444,3
10445,1
10448,1
10451,5
10454,3
10457,1
10458,1
10461,3
10464,1
10467,1
10468,1
10470,1
10471,2
10473,1
10474,2
10477,6
10480,4
10483,3
10486,3
10489,2
10490,1
10496,3
10499,4
10500,2
10502,2
10503,1
10506,3
10509,3
10512,6
10515,1
10516,1
10518,1
10519,2
10521,2
10522,2
10524,2
10528,4
10534,2
10537,1
10540,1
10541,3
10544,3
10548,1
10550,3
10551,2
10557,2
10560,10
10563,5
10566,2
10567,1
10570,4
10572,1
10573,3
10579,2
10580,2
10582,2
10583,4
10586,1
10589,3
10592,6
10595,1
10596,1
10598,2
10602,1
10605,2
10608,6
10611,1
10612,1
10614,2
10618,1
10621,4
10624,8
10627,2
10628,1
10630,2
10633,1
10634,2
10640,5
10643,1
10644,1
10646,3
10647,1
10649,1
10650,2
10652,1
10653,2
10656,1
10659,4
10660,1
10665,1
10666,1
10669,2
10672,1
10675,1
10676,1
10678,2
10681,2
10682,1
10684,1
10685,1
10688,4
10691,1
10694,1
10695,3
10698,1
10701,1
10704,1
10707,3
10708,1
10710,1
10711,1
10713,1
10714,1
10720,4
10723,3
10726,1
10727,1
10729,1
10733,3
10736,1
10739,2
10742,2
10746,1
10748,1
10749,1
10752,1
10755,4
10756,1
10759,1
10761,1
10762,1
10765,1
10771,1
10772,1
10774,1
10775,1
10777,1
10778,1
10780,1
10787,1
10788,1
10793,1
10794,3
10797,3
10800,2
10803,4
10809,1
10810,3
10813,2
10816,2
10822,1
10823,1
10826,2
10828,2
10832,2
10835,1
10838,2
10839,1
10841,2
10842,1
10851,4
10854,2
10855,1
10857,1
10858,1
10860,1
10861,1
10864,2
10867,1
10868,1
10870,2
10874,4
10883,3
10886,2
10887,1
10889,1
10890,1
10893,3
10896,3
10899,3
10903,2
10905,1
10906,2
10912,1
10918,1
10922,1
10925,2
10931,2
10934,1
10937,3
10938,1
10941,2
10944,1
10947,2
10950,1
10951,1
10953,2
10954,2
10957,2
10960,1
10964,1
10966,2
10967,1
10969,2
10973,2
10976,4
10979,2
10982,1
10983,1
10985,1
10989,3
10992,2
10995,2
10999,3
11001,1
11002,2
11008,1
11011,1
11012,1
11014,1
11018,1
11021,1
11027,1
11030,2
11031,1
11036,1
11040,1
11043,2
11046,1
11047,1
11049,1
11053,1
11056,1
11059,1
11060,1
11062,1
11066,2
11069,2
11072,2
11075,3
11082,2
11088,2
11092,1
11094,1
11097,1
11101,2
11104,5
11107,2
11110,1
11111,3
11114,3
11117,1
11120,3
11123,1
11126,2
11133,2
11136,4
11142,2
11143,2
11145,4
11146,1
11149,1
11152,1
11165,3
11171,2
11177,1
11178,2
11181,4
11184,3
11187,2
11188,1
11193,1
11194,5
11197,2
11200,1
11203,4
11206,1
11207,1
11209,1
11213,2
11216,3
11219,2
11222,2
11225,3
11226,2
11228,1
11229,2
11235,3
11238,3
11239,1
11242,3
11245,1
11248,3
11251,4
11254,1
11258,2
11264,5
11267,2
11268,1
11270,1
11277,5
11280,3
11283,2
11286,1
11287,2
11289,1
11293,2
11299,2
11302,1
11303,1
11306,2
11308,1
11309,1
11312,1
11315,1
11318,2
11319,1
11321,1
11325,3
11331,4
11332,1
11334,8
11335,2
11338,2
11341,4
11344,3
11351,1
11354,3
11357,5
11363,1
11364,1
11366,2
11367,2
11369,2
11370,2
11373,1
11376,1
11379,3
11382,3
11383,1
11385,1
11386,1
11392,3
11395,3
11398,3
11401,2
11404,1
11405,1
11411,1
11414,2
11417,1
11421,1
11427,4
11428,1
11433,1
11434,1
11436,1
11437,3
11440,2
11443,1
11446,3
11450,3
11453,1
11456,4
11459,2
11462,1
11463,1
11465,3
11466,2
11468,2
11472,2
11475,2
11478,3
11481,1
11482,1
11484,1
11485,1
11488,3
11491,3
11495,1
11497,1
11498,3
11500,1
11504,1
11507,2
11510,1
11513,2
11514,2
11516,1
11520,3
11523,3
11524,1
11526,2
11527,1
11529,1
11530,1
11532,2
11533,4
11536,2
11539,1
11542,5
11543,2
11545,2
11549,1
11552,8
11555,1
11556,2
11559,3
11568,4
11571,7
11574,1
11575,1
11577,3
11580,2
11581,3
11584,1
11587,1
11590,2
11591,2
11593,1
11594,2
11597,4
11600,3
11603,3
11606,2
11607,1
11609,2
11613,3
11616,3
11619,2
11622,2
11623,1
11625,2
11629,4
11632,2
11635,1
11638,1
11645,2
11648,3
11651,1
11654,3
11658,2
11660,1
11661,2
11664,3
11667,1
11671,1
11673,1
11674,1
11677,2
11680,3
11683,1
11686,5
11690,1
11692,1
11693,1
11702,2
11703,1
11706,1
11708,1
11709,3
11712,5
11716,1
11718,3
11719,2
11724,1
11725,2
11728,2
11731,1
11734,1
11738,1
11740,1
11750,2
11753,1
11754,1
11756,1
11757,1
11760,2
11763,3
11767,2
11769,1
11772,1
11773,6
11776,1
11779,1
11780,2
11782,3
11785,1
11789,3
11792,1
11795,3
11796,1
11798,4
11799,2
11801,1
11802,3
11805,2
11808,2
11811,1
11812,1
11814,1
11815,1
11817,1
11818,1
11821,2
11824,2
11830,3
11831,1
11833,1
11834,1
11837,1
11843,3
11844,1
11847,3
11850,2
11853,4
11856,4
11859,3
11865,1
11866,2
11869,2
11875,3
11876,1
11882,3
11884,2
11888,4
11891,2
11894,1
11895,1
11898,1
11900,1
11901,4
11904,5
11907,1
11910,1
11911,1
11914,2
11917,1
11920,2
11923,1
11927,1
11929,2
11933,4
11936,3
11939,1
11940,2
11942,3
11943,2
11946,2
11948,3
11949,1
11952,2
11955,1
11958,2
11961,1
11962,1
11968,2
11971,1
11974,2
11975,1
11981,1
11984,2
11987,2
11990,1
11991,1
11993,1
11994,2
11996,2
11997,1
12003,4
12006,1
12009,1
12010,2
12013,4
12016,2
12022,2
12025,2
12026,1
12028,1
12029,1
12032,2
12035,1
12038,3
12045,3
12048,1
12051,1
12052,1
12055,1
12057,3
12058,1
12061,1
12064,1
12067,2
12068,2
12074,2
12077,2
12080,2
12083,2
12084,1
12086,1
12087,1
12090,2
12093,4
12099,3
12102,2
12105,1
12106,2
12108,1
12109,1
12112,2
12115,1
12119,3
12121,1
12122,5
12125,1
12128,2
12131,2
12134,4
12135,1
12137,1
12138,3
12140,1
12141,2
12144,2
12147,3
12150,4
12153,1
12156,2
12160,1
12163,4
12169,1
12170,1
12173,3
12176,4
12180,1
12182,2
12185,1
12186,1
12192,3
12195,1
12196,2
12198,2
12199,2
12201,1
12202,1
12205,1
12211,3
12214,1
12218,3
12221,1
12224,4
12227,1
12234,1
12237,3
12240,3
12243,2
12246,1
12249,1
12250,1
12253,6
12256,3
12259,2
12260,1
12262,1
12278,2
12279,1
12282,1
12284,2
12285,3
12288,6
12291,2
12297,4
12300,2
12301,2
12304,4
12308,1
12310,2
12314,2
12316,1
12317,4
12320,1
12323,1
12327,2
12330,2
12332,1
12333,2
12336,3
12339,1
12342,1
12343,1
12345,1
12346,3
12349,4
12352,3
12355,3
12358,2
12359,1
12362,2
12365,1
12368,2
12374,3
12377,1
12380,1
12381,2
12384,4
12387,3
12390,5
12394,2
12397,3
12400,3
12407,1
12409,2
12412,2
12413,2
12419,4
12422,1
12423,1
12426,1
12429,2
12432,2
12435,2
12438,1
12441,3
12445,3
12448,2
12451,3
12452,2
12455,1
12457,1
12458,1
12461,2
12464,3
12470,3
12473,2
12474,1
12476,1
12477,2
12480,1
12483,1
12492,1
12493,1
12496,1
12499,2
12502,1
12505,2
12506,1
12509,4
12512,2
12515,5
12518,2
12522,1
12528,3
12531,1
12532,1
12534,2
12535,1
12541,4
12544,3
12547,1
12550,1
12551,1
12556,1
12557,3
12560,2
12563,2
12569,2
12573,2
12576,1
12579,3
12580,3
12582,1
12585,1
12586,1
12589,4
12592,4
12595,1
12596,1
12598,1
12599,1
12602,1
12605,1
12611,1
12615,1
12617,1
12618,2
12620,1
12621,1
12624,2
12627,3
12628,1
12630,2
12634,1
12640,3
12643,3
12646,3
12650,1
12652,1
12656,4
12659,1
12662,2
12666,1
12669,1
12672,3
12675,2
12676,1
12681,1
12682,1
12688,1
12691,2
12692,1
12694,1
12697,2
12700,1
12701,1
12704,3
12707,3
12710,1
12711,1
12714,2
12717,1
12720,3
12723,1
12724,3
12726,2
12727,1
12730,4
12732,2
12736,3
12739,1
12742,1
12745,3
12746,5
12749,1
12752,2
12755,3
12758,1
12765,1
12768,3
12771,2
12774,1
12775,3
12777,1
12778,1
12781,1
12784,1
12790,2
12793,1
12803,1
12804,1
12806,1
12807,1
12809,2
12813,1
12816,2
12819,1
12820,2
12822,2
12823,3
12826,2
12828,1
12829,3
12835,2
12839,1
12841,1
12844,1
12845,1
12848,2
12851,2
12852,1
12854,1
12855,3
12857,2
12858,1
12861,1
12864,3
12867,1
12868,1
12873,1
12874,2
12877,2
12880,2
12883,3
12886,1
12887,2
12889,1
12890,3
12892,2
12893,1
12896,1
12899,2
12903,1
12905,1
12906,1
12908,3
12909,2
12912,3
12918,1
12919,1
12921,1
12922,1
12925,4
12928,2
12931,1
12934,2
12937,1
12938,1
12941,1
12944,2
12947,5
12950,1
12951,1
12954,3
12957,3
12960,2
12963,1
12966,1
12967,1
12970,1
12973,3
12976,2
12982,2
12983,2
12986,1
12988,1
12992,1
12995,3
12998,2
12999,2
13005,3
13008,4
13011,3
13012,2
13014,3
13018,1
13021,1
13027,3
13028,2
13030,2
13037,1
13040,4
13043,1
13044,1
13046,2
13047,1
13052,1
13053,1
13056,2
13059,3
13065,1
13069,3
13078,3
13079,3
13082,3
13085,3
13088,2
13091,2
13092,1
13095,2
13097,2
13098,1
13101,1
13104,1
13107,2
13111,2
13113,1
13114,1
13117,1
13123,2
13126,5
13130,1
13133,1
13136,2
13139,1
13145,1
13146,1
13149,1
13152,3
13155,2
13156,1
13158,1
13162,1
13164,1
13165,1
13168,1
13171,1
13172,2
13174,2
13175,1
13178,2
13180,1
13184,2
13187,1
13190,1
13191,1
13193,2
13194,3
13197,4
13200,4
13203,2
13204,1
13207,1
13209,2
13213,2
13216,2
13219,3
13222,2
13223,1
13225,2
13226,1
13229,1
13232,5
13235,1
13236,1
13238,2
13239,1
13241,2
13245,1
13248,1
13251,2
13255,1
13257,1
13260,1
13264,2
13267,2
13268,1
13270,1
13273,1
13274,1
13276,1
13277,3
13280,1
13286,1
13287,1
13289,1
13290,2
13293,2
13296,2
13299,1
13300,1
13303,1
13305,1
13306,1
13308,1
13309,1
13312,2
13318,1
13322,1
13324,2
13325,2
13328,2
13331,3
13334,3
13335,2
13338,4
13341,1
13344,3
13347,2
13350,2
13351,2
13357,1
13363,1
13364,1
13366,1
13367,2
13369,2
13370,1
13373,4
13376,3
13382,1
13385,1
13386,2
13388,1
13389,1
13392,2
13395,2
13401,1
13405,1
13408,1
13411,1
13412,1
13418,2
13421,1
13427,3
13433,1
13434,3
13436,1
13437,3
13440,1
13443,1
13446,1
13447,1
13449,1
13450,2
13453,4
13456,4
13460,1
13462,3
13463,2
13466,2
13469,4
13472,2
13475,5
13478,2
13481,1
13482,2
13485,3
13488,1
13494,2
13497,1
13498,2
13501,2
13510,4
13514,4
13520,1
13523,1
13526,2
13533,3
13536,3
13539,1
13542,3
13543,1
13545,1
13546,2
13549,3
13552,3
13555,2
13558,2
13561,1
13562,3
13564,1
13565,1
13568,3
13574,1
13575,1
13577,2
13578,2
13581,1
13584,2
13590,2
13591,1
13596,1
13597,1
13600,4
13604,1
13606,1
13607,1
13609,1
13610,1
13613,1
13616,3
13619,3
13628,1
13629,2
13632,2
13635,2
13636,1
13639,1
13641,1
13642,1
13645,1
13651,2
13658,2
13664,2
13674,1
13680,2
13683,3
13686,1
13687,1
13689,2
13690,3
13692,1
13693,1
13696,4
13699,3
13700,1
13702,1
13705,2
13708,1
13709,2
13715,2
13716,1
13718,2
13721,3
13722,1
13724,1
13725,1
13728,2
13731,1
13735,2
13738,1
13741,2
13744,1
13747,1
13751,2
13760,2
13763,1
13764,1
13769,2
13772,1
13773,3
13776,3
13779,1
13782,2
13786,1
13789,2
13795,3
13796,1
13801,2
13802,3
13805,1
13808,2
13811,1
13817,1
13818,1
13820,1
13821,2
13824,2
13827,1
13828,1
13830,2
13834,3
13836,1
13837,1
13840,1
13843,2
13849,2
13853,1
13856,1
13859,1
13863,1
13869,1
13875,6
13878,3
13879,2
13881,1
13882,1
13885,1
13888,1
13891,1
13898,3
13901,2
13904,4
13907,1
13910,1
13914,3
13917,1
13923,3
13927,2
13932,2
13933,1
13936,1
13939,1
13942,3
13943,1
13945,1
13946,1
13948,2
13949,2
13952,4
13955,2
13958,3
13962,2
13965,1
13968,1
13974,1
13977,1
13978,2
13984,1
13987,4
13990,1
13994,1
14003,1
14006,1
14010,1
14013,2
14016,2
14022,2
14023,2
14026,2
14029,1
14032,2
14035,4
14036,2
14038,1
14041,1
14044,1
14045,1
14048,1
14051,2
14052,1
14054,1
14055,1
14058,2
14061,1
14064,1
14067,2
14071,2
14073,1
14074,1
14077,2
14080,2
14083,1
14086,4
14093,3
14096,2
14099,2
14100,1
14109,1
14112,1
14118,1
14121,1
14122,3
14124,1
14125,1
14128,1
14131,3
14132,1
14134,1
14138,1
14141,1
14144,1
14154,1
14157,2
14160,1
14166,1
14169,2
14170,1
14172,1
14173,1
14176,2
14179,4
14180,1
14182,2
14185,1
14186,1
14188,1
14189,2
14195,1
14198,1
14202,2
14208,2
14215,3
14217,1
14221,1
14224,2
14228,1
14230,1
14231,1
14233,2
14234,3
14237,2
14240,1
14243,1
14246,1
14256,1
14259,2
14265,1
14266,1
14269,2
14272,5
14275,3
14276,1
14279,1
14282,1
14284,2
14288,1
14291,1
14292,1
14294,1
14295,4
14297,1
14300,1
14301,2
14304,1
14307,2
14308,1
14311,1
14313,1
14314,1
14317,1
14320,4
14323,3
14324,1
14326,2
14333,1
14336,2
14339,1
14342,3
14343,2
14346,1
14348,1
14349,2
14352,2
14358,3
14362,1
14368,3
14371,4
14375,1
14380,1
14381,2
14384,4
14387,1
14390,1
14391,1
14394,1
14396,1
14397,1
14400,1
14407,3
14409,1
14416,4
14419,2
14420,1
14423,3
14425,1
14426,1
14429,1
14432,1
14438,2
14439,1
14448,3
14451,1
14454,1
14455,2
14458,1
14464,1
14470,2
14474,1
14477,1
14483,1
14484,2
14493,1
14496,1
14499,1
14500,1
14502,1
14503,1
14509,1
14512,1
14515,2
14519,2
14524,1
14525,2
14528,1
14531,2
14535,2
14540,1
14541,2
14544,5
14550,1
14551,2
14553,2
14554,1
14556,1
14557,3
14560,3
14563,2
14564,1
14566,2
14567,1
14569,2
14570,1
14573,1
14579,2
14582,1
14586,1
14589,1
14596,2
14602,2
14605,2
14612,1
14614,4
14615,1
14617,2
14618,1
14621,1
14627,1
14628,1
14630,2
14631,1
14633,1
14634,1
14636,2
14637,1
14643,1
14646,1
14647,2
14650,2
14656,2
14659,1
14662,1
14666,2
14669,1
14672,3
14675,1
14678,1
14681,2
14685,2
14688,2
14691,3
14695,1
14701,1
14704,1
14707,1
14711,1
14713,1
14723,3
14727,1
14730,1
14733,2
14736,1
14739,1
14740,2
14742,1
14745,3
14746,2
14752,1
14755,1
14758,1
14759,2
14762,1
14764,1
14765,1
14768,2
14775,2
14777,1
14784,1
14787,2
14790,1
14791,1
14797,2
14809,1
14812,1
14816,7
14832,1
14836,1
14838,1
14842,5
14848,2
14857,2
14858,2
14861,1
14864,1
14868,1
14870,1
14871,1
14877,1
14883,1
14899,1
14905,1
14909,1
14915,1
14925,1
14928,1
14934,1
14938,4
14941,2
14950,2
14957,2
14960,1
14964,1
14966,3
14967,1
14970,2
14979,2
14988,1
14989,1
14992,1
14995,1
14999,3
15001,1
15005,1
15008,2
15011,2
15014,1
15017,1
15027,1
15030,1
15033,1
15037,1
15043,1
15049,1
15053,1
15056,1
15059,1
15062,1
15075,1
15079,1
15085,1
15088,2
15095,1
15101,2
15111,1
15113,1
15117,1
15120,1
15127,1
15133,3
15139,1
15146,1
15149,1
15152,1
15155,1
15161,1
15162,1
15164,1
15168,2
15174,1
15175,1
15177,3
15178,1
15180,1
15187,2
15191,1
15193,1
15197,1
15200,1
15203,1
15207,1
15210,1
15216,2
15219,2
15223,1
15225,1
15232,1
15235,1
15238,1
15239,1
15245,3
15257,1
15270,2
15271,1
15280,2
15287,1
15289,1
15290,1
15292,1
15302,1
15303,2
15306,1
15315,1
15322,1
15328,1
15335,1
15347,1
15370,1
15383,2
15386,1
15392,1
15398,2
15402,1
15405,1
15408,1
15411,1
15415,1
15417,1
15418,1
15424,1
15427,2
15436,1
15437,1
15440,1
15443,1
15450,2
15456,2
15459,1
15460,1
15469,1
15481,1
15482,1
15485,2
15488,1
15497,1
15498,1
15501,1
15504,1
15508,1
15510,1
15511,1
15517,1
15523,1
15530,2
15545,1
15546,1
15552,1
15555,1
15568,1
15571,1
15588,1
15596,1
15606,1
15629,3
15636,1
15652,1
15661,1
15676,1
15677,1
15683,1
15686,1
15692,1
15702,1
15709,1
15712,2
15722,1
15735,1
15737,1
15738,1
15757,1
15773,1
15786,1
15801,1
15808,1
15811,2
15814,1
15817,1
15820,1
15821,1
15833,1
15856,1
15859,2
15885,1
15888,1
15913,1
15917,1
15923,2
15924,1
15939,1
15946,2
15955,1
15958,1
15971,1
15974,1
15978,1
15987,1
15994,1
16010,1
16013,2
16016,1
16022,1
16051,1
16073,1
16077,1
16083,1
16093,1
16096,1
16100,1
16109,1
16112,1
16128,1
16141,2
16144,1
16148,1
16157,1
16160,1
16182,1
16208,1
16211,1
16217,1
16237,1
16250,1
16256,1
16278,1
16294,1
16304,1
16314,1
16339,1
16342,1
16348,2
16361,1
16365,1
16371,2
16384,1
16397,1
16403,1
16410,1
16420,1
16429,1
16432,2
16451,1
16454,2
16490,1
16493,1
16496,1
16499,1
16521,1
16551,1
16553,1
16557,1
16563,1
16576,2
16582,1
16592,1
16605,1
16608,1
16647,1
16656,1
16669,1
16672,1
16675,1
16679,1
16694,1
16697,1
16713,1
16717,1
16736,1
16762,1
16765,1
16768,1
16781,1
16784,1
16800,1
16832,2
16835,1
16838,1
16845,1
16848,1
16851,1
16855,1
16857,1
16858,1
16899,1
16931,1
16937,1
16989,1
17024,1
17034,1
17043,1
17068,1
17107,1
17133,1
17181,1
17216,1
17222,1
17254,1
17331,1
17431,1
17514,1
17584,1
17606,1
17689,1
17789,1
17805,1
17955,1
17968,1
18003,1
18086,1
18096,1
18144,1
18214,1
18374,1
18505,1
18509,1
18541,1
18640,1
18854,1
19027,1
19088,1
19306,1
19325,1
19418,1
19719,1
20013,1
20102,1
20474,1
20490,1
20640,1
20969,1
21220,1
21436,1
21517,1
22121,1
22832,1
22954,1
23037,1
23075,1
23213,1
23286,1
23303,1
23405,1
23555,1
24166,1
24361,1
25702,1
25863,1
25907,1
26311,1
27187,1
27239,1
27331,1
27440,1
27558,1
27584,1
27587,1
27677,1
27712,1
28004,1
29088,1
29094,1
29548,1
29927,1
30547,1
30666,1
30867,1
31335,1
31472,1
31530,1
31568,1
31600,1
31610,1
31705,1
32221,1
32887,1
33494,1
33824,1
34886,1
34934,1
35479,1
35783,1
35811,1
35926,1
36371,1
36410,1
36858,1
36925,1
37431,1
39094,1
39184,1
39245,1
39533,1
40074,1
40262,1
40451,1
40474,1
41136,1
43523,1
43792,1
43805,1
43872,1
48086,1
51162,1
51802,1
52774,1
54262,1
54771,1
55428,1
58890,1
62237,1
64314,1
64771,1
66813,1
66861,1
66880,1
66906,1
67699,1
69085,1
71177,1
71328,1
71386,1
71526,1
71670,1
72761,1
72861,1
74861,1
75444,1
76170,1
78688,1
79177,1
79626,1
79932,1
80768,1
81939,1
83200,1
84132,1
84250,1
84294,1
84727,1
85533,1
86358,1
87543,1
87828,1
87836,1
88269,1
88314,1
88624,1
88969,1
88976,1
89213,1
89255,1
89360,1
89376,1
89693,1
90240,1
90368,1
91142,1
91504,1
91712,1
91888,1
92189,1
92403,1
92736,1
92813,1
93210,1
93389,1
93600,1
93734,1
93891,1
94397,1
94726,1
94796,1
94883,1
94905,1
95389,1
95610,1
95926,1
96506,1
96973,1
97216,1
97756,1
97997,1
98131,1
98384,1
99654,1
100889,1
105187,1
106266,1
106934,1
109309,1
110339,1
110643,1
114054,1
114710,1
117936,1
123094,1
126544,1
128320,1
130969,1
135472,1
138969,1
139367,1
142883,1
143229,1
146765,1
149232,1
151033,1
153722,1
154759,1
156176,1
156842,1
158474,1
158794,1
160058,1
160092,1
160836,1
161302,1
161596,1
161756,1
162157,1
163293,1
165913,1
166006,1
166848,1
168893,1
