# Samples: 99012, Average: 5159.1 ns, StdDev: 612.4 ns, Quartiles: 4966.0/5127.0/5299.0 ns
768,1
4199,1
4243,1
4281,1
4295,1
4301,1
4307,1
4314,1
4372,1
4384,2
4396,1
4442,1
4487,1
4490,1
4499,3
4502,1
4508,1
4509,4
4512,3
4518,2
4519,1
4521,2
4522,5
4524,1
4525,3
4528,5
4531,4
4532,1
4534,3
4537,3
4538,2
4540,1
4541,1
4544,7
4547,5
4548,2
4550,10
4551,2
4553,2
4554,2
4556,2
4557,8
4560,6
4563,6
4564,1
4566,7
4567,3
4569,8
4570,4
4572,4
4573,5
4576,14
4579,5
4580,3
4582,10
4583,2
4585,7
4586,10
4588,7
4589,12
4592,14
4595,23
4596,4
4598,8
4599,5
4601,11
4602,18
4604,2
4605,15
4608,29
4611,12
4612,10
4614,14
4615,18
4617,9
4618,12
4620,7
4621,31
4624,23
4627,26
4628,8
4630,13
4631,9
4633,15
4634,21
4636,8
4637,17
4640,50
4643,20
4644,5
4646,31
4647,25
4649,21
4650,17
4652,9
4653,44
4656,37
4659,49
4660,7
4662,14
4663,10
4665,28
4666,61
4668,4
4669,31
4672,78
4675,35
4676,9
4678,49
4679,44
4681,12
4682,31
4684,14
4685,64
4688,55
4691,83
4692,22
4694,39
4695,18
4697,40
4698,57
4700,11
4701,58
4704,95
4707,37
4708,15
4710,62
4711,46
4713,38
4714,41
4716,24
4717,95
4720,82
4723,112
4724,35
4726,58
4727,21
4729,62
4730,81
4732,16
4733,73
4736,151
4739,72
4740,12
4742,93
4743,78
4745,50
4746,64
4748,37
4749,138
4752,114
4755,176
4756,43
4758,77
4759,49
4761,87
4762,114
4764,25
4765,91
4768,201
4771,88
4772,20
4774,168
4775,110
4777,57
4778,79
4780,52
4781,201
4784,155
4787,218
4788,57
4790,119
4791,67
4793,103
4794,148
4796,37
4797,142
4800,274
4803,161
4804,36
4806,200
4807,105
4809,96
4810,114
4812,69
4813,242
4816,199
4819,270
4820,63
4822,124
4823,82
4825,133
4826,197
4828,43
4829,187
4832,338
4835,183
4836,30
4838,225
4839,154
4841,97
4842,151
4844,80
4845,304
4848,234
4851,302
4852,82
4854,147
4855,95
4857,190
4858,242
4860,54
4861,202
4864,400
4867,219
4868,44
4870,253
4871,181
4873,104
4874,167
4876,104
4877,361
4880,290
4883,324
4884,82
4886,188
4887,116
4889,180
4890,284
4892,47
4893,242
4896,503
4899,257
4900,70
4902,298
4903,173
4905,137
4906,186
4908,86
4909,416
4912,309
4915,402
4916,110
4918,213
4919,131
4921,201
4922,298
4924,64
4925,248
4928,483
4931,268
4932,56
4934,303
4935,198
4937,124
4938,203
4940,95
4941,399
4944,330
4947,431
4948,120
4950,213
4951,123
4953,217
4954,276
4956,85
4957,266
4960,529
4963,291
4964,71
4966,335
4967,214
4969,140
4970,203
4972,112
4973,470
4976,357
4979,485
4980,109
4982,223
4983,158
4985,218
4986,350
4988,90
4989,289
4992,572
4995,315
4996,84
4998,340
4999,209
5001,152
5002,223
5004,140
5005,490
5008,325
5011,454
5012,123
5014,221
5015,156
5017,219
5018,362
5020,98
5021,320
5024,582
5027,297
5028,78
5030,337
5031,210
5033,141
5034,239
5036,110
5037,459
5040,388
5043,471
5044,121
5046,219
5047,152
5049,214
5050,368
5052,76
5053,295
5056,593
5059,273
5060,76
5062,339
5063,225
5065,157
5066,240
5068,133
5069,484
5072,378
5075,503
5076,122
5078,231
5079,133
5081,255
5082,338
5084,71
5085,274
5088,628
5091,287
5092,69
5094,373
5095,274
5097,145
5098,229
5100,113
5101,475
5104,392
5107,511
5108,125
5110,236
5111,161
5113,243
5114,351
5116,75
5117,318
5120,600
5123,328
5124,81
5126,381
5127,242
5129,139
5130,237
5132,112
5133,493
5136,422
5139,505
5140,132
5142,229
5143,165
5145,252
5146,354
5148,87
5149,315
5152,599
5155,291
5156,82
5158,357
5159,225
5161,136
5162,220
5164,133
5165,485
5168,372
5171,460
5172,116
5174,256
5175,163
5177,247
5178,347
5180,74
5181,331
5184,647
5187,328
5188,78
5190,371
5191,261
5193,175
5194,236
5196,128
5197,499
5200,391
5203,532
5204,125
5206,262
5207,150
5209,244
5210,383
5212,69
5213,336
5216,614
5219,314
5220,73
5222,345
5223,241
5225,141
5226,199
5228,83
5229,427
5232,352
5235,441
5236,113
5238,212
5239,129
5241,235
5242,361
5244,79
5245,284
5248,558
5251,274
5252,77
5254,302
5255,207
5257,133
5258,204
5260,92
5261,416
5264,288
5267,398
5268,85
5270,197
5271,130
5273,190
5274,288
5276,59
5277,262
5280,488
5283,232
5284,46
5286,289
5287,189
5289,142
5290,184
5292,90
5293,391
5296,274
5299,386
5300,86
5302,171
5303,122
5305,187
5306,272
5308,58
5309,204
5312,396
5315,222
5316,60
5318,235
5319,172
5321,109
5322,159
5324,86
5325,320
5328,272
5331,305
5332,72
5334,121
5335,93
5337,151
5338,231
5340,47
5341,212
5344,404
5347,191
5348,40
5350,252
5351,137
5353,109
5354,120
5356,83
5357,265
5360,236
5363,278
5364,79
5366,122
5367,90
5369,120
5370,201
5372,46
5373,138
5376,322
5379,182
5380,47
5382,201
5383,106
5385,65
5386,117
5388,58
5389,248
5392,207
5395,225
5396,72
5398,101
5399,77
5401,114
5402,160
5404,38
5405,148
5408,283
5411,142
5412,29
5414,180
5415,102
5417,59
5418,114
5420,56
5421,211
5424,180
5427,171
5428,56
5430,93
5431,59
5433,93
5434,135
5436,36
5437,127
5440,243
5443,129
5444,30
5446,151
5447,87
5449,61
5450,89
5452,52
5453,190
5456,150
5459,192
5460,46
5462,83
5463,82
5465,115
5466,118
5468,32
5469,120
5472,237
5475,119
5476,19
5478,114
5479,92
5481,67
5482,85
5484,37
5485,166
5488,141
5491,171
5492,27
5494,70
5495,54
5497,85
5498,136
5500,26
5501,98
5504,203
5507,94
5508,18
5510,118
5511,71
5513,62
5514,75
5516,46
5517,162
5520,127
5523,160
5524,40
5526,67
5527,57
5529,78
5530,110
5532,19
5533,94
5536,164
5539,85
5540,23
5542,111
5543,67
5545,34
5546,69
5548,40
5549,128
5552,97
5555,116
5556,34
5558,71
5559,36
5561,59
5562,92
5564,9
5565,75
5568,135
5571,74
5572,23
5574,75
5575,51
5577,35
5578,55
5580,24
5581,129
5584,95
5587,87
5588,27
5590,45
5591,31
5593,45
5594,67
5596,13
5597,61
5600,140
5603,67
5604,12
5606,61
5607,52
5609,30
5610,49
5612,21
5613,87
5616,58
5619,83
5620,31
5622,41
5623,31
5625,42
5626,74
5628,16
5629,64
5632,102
5635,65
5636,14
5638,57
5639,44
5641,28
5642,38
5644,17
5645,80
5648,69
5651,80
5652,11
5654,26
5655,19
5657,37
5658,36
5660,17
5661,32
5664,77
5667,33
5668,14
5670,54
5671,22
5673,17
5674,36
5676,13
5677,69
5680,53
5683,51
5684,14
5686,42
5687,19
5689,20
5690,53
5692,5
5693,39
5696,72
5699,29
5700,9
5702,28
5703,25
5705,16
5706,16
5708,13
5709,41
5712,29
5715,56
5716,7
5718,19
5719,10
5721,22
5722,39
5724,5
5725,29
5728,56
5731,23
5732,6
5734,24
5735,22
5737,13
5738,17
5740,10
5741,26
5744,28
5747,43
5748,7
5750,11
5751,6
5753,16
5754,14
5756,4
5757,24
5760,38
5763,17
5764,6
5766,23
5767,10
5769,7
5770,18
5772,7
5773,32
5776,25
5779,13
5780,8
5782,17
5783,11
5785,15
5786,24
5788,7
5789,25
5792,25
5795,12
5798,16
5799,18
5801,9
5802,8
5804,3
5805,22
5808,13
5811,26
5814,15
5815,6
5817,17
5818,16
5820,2
5821,14
5824,34
5827,14
5830,12
5831,13
5833,10
5834,11
5836,1
5837,31
5840,12
5843,11
5844,2
5846,6
5847,3
5849,10
5850,9
5852,1
5853,8
5856,21
5859,14
5860,3
5862,7
5863,7
5865,4
5866,4
5868,2
5869,13
5872,12
5875,4
5876,3
5878,3
5879,2
5881,11
5882,6
5884,4
5885,6
5888,14
5891,8
5892,1
5894,7
5895,9
5897,5
5898,12
5900,3
5901,12
5904,3
5907,13
5908,3
5910,2
5911,1
5913,6
5914,6
5916,1
5917,2
5920,5
5923,6
5924,3
5926,4
5927,5
5929,3
5930,4
5932,2
5933,6
5936,7
5939,8
5940,3
5942,4
5943,1
5945,3
5946,5
5948,3
5949,7
5952,10
5955,5
5958,6
5959,6
5961,5
5962,2
5964,2
5965,10
5968,3
5971,4
5972,2
5974,2
5975,5
5977,2
5978,7
5981,9
5984,4
5987,3
5990,6
5991,3
5993,2
5994,1
5996,4
5997,6
6000,6
6003,6
6006,2
6007,1
6009,2
6010,2
6013,3
6016,7
6019,7
6022,4
6023,1
6025,2
6026,3
6029,6
6032,4
6035,1
6041,2
6042,2
6044,1
6045,1
6048,5
6051,3
6054,4
6055,5
6057,1
6058,1
6060,3
6061,6
6064,2
6067,1
6068,1
6070,1
6071,3
6073,1
6077,9
6080,6
6083,3
6084,1
6086,3
6087,1
6090,2
6093,5
6096,6
6099,4
6100,1
6102,1
6105,1
6106,1
6108,1
6112,4
6115,2
6116,2
6118,2
6125,2
6131,1
6132,2
6134,2
6135,1
6138,1
6144,3
6147,1
6150,1
6151,1
6153,1
6154,2
6160,2
6163,1
6166,1
6170,3
6173,2
6176,1
6179,3
6183,1
6185,2
6195,1
6198,1
6211,1
6214,1
6217,1
6224,1
6227,1
6233,1
6237,2
6249,1
6250,1
6253,1
6259,1
6262,1
6266,1
6272,2
6275,2
6291,2
6295,1
6298,1
6301,1
6314,1
6320,1
6333,1
6342,1
6345,1
6346,1
6355,1
6362,1
6368,2
6375,1
6381,1
6387,1
6390,1
6406,1
6412,1
6420,1
6426,1
6441,1
6448,1
6470,1
6477,2
6486,1
6519,1
6525,1
6553,1
6560,1
6598,1
6611,1
6634,1
6663,1
6665,1
6675,1
6679,1
6691,1
6701,1
6726,1
6749,1
6761,1
6788,1
6797,2
6810,2
6832,1
6851,1
6861,1
6874,1
6884,1
6893,2
6899,1
6919,2
6931,1
6944,1
6957,1
6963,1
6964,1
6969,2
6976,2
6982,1
7002,1
7008,1
7021,1
7027,1
7040,3
7043,1
7050,2
7059,2
7072,2
7082,1
7085,2
7095,1
7120,1
7123,1
7129,1
7132,1
7142,1
7148,1
7152,1
7155,3
7161,2
7162,1
7171,1
7180,1
7194,1
7209,1
7222,1
7229,1
7248,1
7289,1
7299,1
7312,1
7318,1
7373,1
7379,1
7380,1
7389,1
7427,1
7453,1
7459,1
7462,1
7484,1
7504,1
7542,1
7556,1
7642,1
7683,1
7760,1
7827,1
7833,1
7840,2
7856,2
7862,1
7872,1
7904,1
7910,1
7920,1
7923,1
7930,1
7946,1
7968,1
7981,1
7994,2
8000,1
8003,1
8032,1
8099,2
8134,1
8137,1
8144,1
8166,1
8208,1
8215,1
8288,1
8371,1
8400,1
8426,1
8461,1
8464,1
8554,1
8557,2
8576,1
8598,1
8628,1
8640,1
8647,1
8711,1
8758,1
8790,1
8858,1
9044,1
9126,1
9210,1
9229,1
9242,1
9267,1
9293,1
9491,1
9533,1
9565,1
9661,1
9824,1
9869,1
9940,1
10116,1
10166,1
10172,1
10195,1
10240,1
10323,1
10621,1
10624,1
10637,1
10704,1
10732,1
10765,1
10868,1
10890,1
10918,1
10957,1
10985,1
10989,1
11005,1
11011,1
11059,2
11069,2
11091,1
11097,1
11184,1
11187,1
11207,1
11242,1
11252,1
11254,1
11258,1
11261,1
11290,1
11296,1
11302,1
11315,1
11334,1
11344,3
11383,1
11385,1
11437,1
11440,1
11456,1
11459,1
11482,2
11485,1
11500,1
11526,1
11533,1
11590,1
11610,1
11645,1
11676,1
11677,1
11686,1
11712,1
11753,1
11754,1
11773,1
11789,1
11817,1
11824,1
11840,1
11878,1
11885,1
11895,1
11904,1
11907,1
11914,1
11956,1
11961,1
11962,1
12013,1
12026,1
12032,1
12055,1
12109,1
12119,1
12122,1
12134,1
12147,1
12157,1
12198,1
12199,1
12214,1
12224,1
12262,1
12266,1
12291,1
12307,1
12361,1
12390,1
12397,1
12403,1
12416,1
12464,1
12493,1
12544,1
12573,1
12592,1
12666,1
12704,3
12729,1
12758,1
12780,1
12784,1
12810,1
12838,1
12867,1
12900,1
12944,1
12953,1
13018,1
13094,1
13120,1
13123,1
13146,1
13194,1
13239,2
13363,1
13376,1
13446,1
13466,1
13513,1
13555,1
13635,1
13689,1
13751,1
14099,1
14806,1
158483,1
