# Samples: 98043, Average: 9552.7 ns, StdDev: 11807.9 ns, Quartiles: 5446.0/6009.0/6506.0 ns
4925,1
4928,1
4931,2
4935,1
4940,2
4941,2
4944,2
4947,1
4948,1
4950,4
4951,2
4953,1
4954,4
4956,2
4957,9
4960,8
4963,15
4964,5
4966,6
4967,9
4969,11
4970,12
4972,5
4973,29
4976,41
4979,28
4980,4
4982,43
4983,29
4985,18
4986,30
4988,13
4989,51
4992,52
4995,58
4996,16
4998,44
4999,27
5001,37
5002,41
5004,12
5005,47
5008,88
5011,60
5012,21
5014,52
5015,36
5017,25
5018,34
5020,19
5021,60
5024,82
5027,78
5028,17
5030,42
5031,31
5033,41
5034,78
5036,19
5037,61
5040,116
5043,69
5044,17
5046,67
5047,47
5049,41
5050,65
5052,23
5053,104
5056,111
5059,132
5060,27
5062,77
5063,42
5065,63
5066,112
5068,37
5069,131
5072,157
5075,106
5076,42
5078,90
5079,89
5081,61
5082,88
5084,43
5085,169
5088,135
5091,164
5092,31
5094,84
5095,67
5097,91
5098,133
5100,30
5101,158
5104,241
5107,146
5108,35
5110,135
5111,98
5113,68
5114,112
5116,41
5117,224
5120,200
5123,210
5124,52
5126,137
5127,90
5129,115
5130,153
5132,40
5133,183
5136,268
5139,168
5140,49
5142,184
5143,106
5145,98
5146,135
5148,50
5149,225
5152,222
5155,252
5156,65
5158,123
5159,76
5161,117
5162,154
5164,38
5165,176
5168,275
5171,170
5172,44
5174,147
5175,116
5177,87
5178,112
5180,54
5181,207
5184,186
5187,213
5188,48
5190,106
5191,79
5193,113
5194,150
5196,39
5197,154
5200,249
5203,158
5204,39
5206,170
5207,88
5209,64
5210,98
5212,51
5213,183
5216,177
5219,176
5220,51
5222,110
5223,59
5225,94
5226,131
5228,30
5229,151
5232,218
5235,121
5236,37
5238,147
5239,83
5241,67
5242,119
5244,37
5245,182
5248,181
5251,167
5252,41
5254,99
5255,56
5257,84
5258,123
5260,30
5261,132
5264,192
5267,126
5268,37
5270,112
5271,84
5273,75
5274,90
5276,25
5277,123
5280,154
5283,132
5284,34
5286,90
5287,46
5289,65
5290,111
5292,20
5293,116
5296,171
5299,114
5300,22
5302,95
5303,82
5305,40
5306,92
5308,37
5309,126
5312,120
5315,144
5316,40
5318,70
5319,50
5321,70
5322,97
5324,16
5325,91
5328,167
5331,115
5332,27
5334,93
5335,74
5337,52
5338,94
5340,34
5341,124
5344,142
5347,144
5348,32
5350,70
5351,44
5353,66
5354,108
5356,28
5357,109
5360,172
5363,100
5364,23
5366,105
5367,59
5369,50
5370,97
5372,21
5373,144
5376,145
5379,126
5380,35
5382,85
5383,49
5385,73
5386,106
5388,32
5389,118
5392,161
5395,110
5396,28
5398,98
5399,64
5401,64
5402,85
5404,34
5405,141
5408,134
5411,132
5412,31
5414,69
5415,51
5417,67
5418,101
5420,29
5421,104
5424,182
5427,99
5428,31
5430,92
5431,73
5433,68
5434,60
5436,33
5437,137
5440,136
5443,146
5444,42
5446,87
5447,54
5449,66
5450,96
5452,23
5453,96
5456,163
5459,108
5460,21
5462,114
5463,64
5465,48
5466,66
5468,30
5469,145
5472,120
5475,127
5476,28
5478,84
5479,54
5481,82
5482,86
5484,23
5485,113
5488,138
5491,104
5492,32
5494,93
5495,62
5497,50
5498,64
5500,29
5501,117
5504,118
5507,140
5508,39
5510,71
5511,59
5513,65
5514,102
5516,26
5517,114
5520,166
5523,101
5524,25
5526,87
5527,70
5529,53
5530,69
5532,27
5533,122
5536,139
5539,127
5540,26
5542,58
5543,53
5545,55
5546,92
5548,24
5549,98
5552,182
5555,111
5556,28
5558,103
5559,70
5561,46
5562,78
5564,42
5565,137
5568,134
5571,134
5572,21
5574,67
5575,44
5577,55
5578,112
5580,23
5581,99
5584,152
5587,99
5588,33
5590,87
5591,66
5593,62
5594,72
5596,30
5597,142
5600,155
5603,117
5604,34
5606,72
5607,55
5609,66
5610,108
5612,31
5613,92
5616,186
5619,100
5620,26
5622,91
5623,53
5625,60
5626,83
5628,23
5629,128
5632,126
5635,126
5636,24
5638,73
5639,53
5641,57
5642,98
5644,22
5645,94
5648,154
5651,99
5652,31
5654,79
5655,57
5657,40
5658,62
5660,33
5661,142
5664,112
5667,137
5668,22
5670,74
5671,44
5673,55
5674,89
5676,25
5677,101
5680,170
5683,83
5684,20
5686,99
5687,56
5689,36
5690,73
5692,21
5693,119
5696,128
5699,112
5700,37
5702,62
5703,45
5705,62
5706,98
5708,23
5709,88
5712,133
5715,83
5716,18
5718,84
5719,53
5721,61
5722,53
5724,24
5725,104
5728,108
5731,122
5732,31
5734,61
5735,42
5737,66
5738,82
5740,29
5741,83
5744,149
5747,81
5748,26
5750,91
5751,56
5753,47
5754,64
5756,30
5757,126
5760,123
5763,101
5764,25
5766,73
5767,44
5769,48
5770,71
5772,19
5773,90
5776,140
5779,93
5780,19
5782,67
5783,58
5785,55
5786,70
5788,34
5789,107
5792,104
5795,125
5796,31
5798,54
5799,38
5801,72
5802,72
5804,21
5805,86
5808,131
5811,82
5812,23
5814,89
5815,57
5817,42
5818,73
5820,25
5821,112
5824,107
5827,101
5828,18
5830,62
5831,58
5833,50
5834,68
5836,18
5837,84
5840,125
5843,75
5844,11
5846,70
5847,49
5849,43
5850,59
5852,25
5853,102
5856,119
5859,100
5860,27
5862,46
5863,40
5865,43
5866,80
5868,27
5869,97
5872,127
5875,73
5876,31
5878,78
5879,42
5881,39
5882,48
5884,20
5885,107
5888,95
5891,97
5892,15
5894,63
5895,53
5897,48
5898,95
5900,21
5901,80
5904,126
5907,93
5908,19
5910,86
5911,58
5913,48
5914,63
5916,25
5917,102
5920,126
5923,129
5924,31
5926,77
5927,55
5929,59
5930,98
5932,20
5933,95
5936,162
5939,96
5940,29
5942,112
5943,78
5945,62
5946,80
5948,39
5949,183
5952,154
5955,146
5956,48
5958,115
5959,62
5961,77
5962,138
5964,33
5965,138
5968,196
5971,117
5972,36
5974,113
5975,89
5977,61
5978,90
5980,49
5981,150
5984,168
5987,167
5988,41
5990,117
5991,68
5993,103
5994,117
5996,25
5997,131
6000,222
6003,146
6004,29
6006,123
6007,92
6009,79
6010,96
6012,45
6013,167
6016,154
6019,156
6020,43
6022,94
6023,69
6025,92
6026,131
6028,33
6029,138
6032,206
6035,107
6036,30
6038,126
6039,96
6041,66
6042,110
6044,42
6045,154
6048,171
6051,172
6052,32
6054,90
6055,73
6057,86
6058,128
6060,26
6061,107
6064,204
6067,107
6068,28
6070,124
6071,83
6073,56
6074,80
6076,38
6077,148
6080,169
6083,154
6084,44
6086,91
6087,59
6089,78
6090,101
6092,37
6093,121
6096,174
6099,127
6100,33
6102,136
6103,75
6105,64
6106,90
6108,46
6109,139
6112,152
6115,177
6116,30
6118,75
6119,57
6121,79
6122,111
6124,30
6125,106
6128,188
6131,91
6132,31
6134,126
6135,65
6137,60
6138,86
6140,35
6141,136
6144,149
6147,160
6148,48
6150,98
6151,58
6153,80
6154,116
6156,21
6157,108
6160,212
6163,107
6164,29
6166,121
6167,69
6169,61
6170,88
6172,43
6173,152
6176,146
6179,161
6180,48
6182,104
6183,62
6185,80
6186,99
6188,28
6189,115
6192,169
6195,109
6196,18
6198,114
6199,83
6201,46
6202,77
6204,33
6205,136
6208,167
6211,151
6212,39
6214,88
6215,63
6217,65
6218,125
6220,28
6221,107
6224,177
6227,117
6228,21
6230,118
6231,75
6233,62
6234,89
6236,37
6237,149
6240,136
6243,140
6244,37
6246,70
6247,50
6249,66
6250,110
6252,17
6253,93
6256,175
6259,121
6260,22
6262,106
6263,60
6265,59
6266,71
6268,32
6269,142
6272,131
6275,130
6276,31
6278,78
6279,48
6281,72
6282,98
6284,32
6285,94
6288,156
6291,83
6292,30
6294,94
6295,79
6297,57
6298,65
6300,29
6301,133
6304,148
6307,152
6308,36
6310,83
6311,48
6313,74
6314,129
6316,22
6317,115
6320,172
6323,107
6324,28
6326,105
6327,60
6329,48
6330,84
6332,26
6333,142
6336,114
6339,128
6340,43
6342,58
6343,45
6345,64
6346,104
6348,20
6349,81
6352,163
6355,90
6356,26
6358,96
6359,54
6361,34
6362,70
6364,42
6365,126
6368,123
6371,130
6372,36
6374,67
6375,39
6377,74
6378,98
6380,26
6381,84
6384,167
6387,93
6388,21
6390,87
6391,56
6393,50
6394,63
6396,29
6397,137
6400,110
6403,131
6404,30
6406,83
6407,59
6409,64
6410,81
6412,24
6413,105
6416,137
6419,98
6420,23
6422,90
6423,60
6425,50
6426,72
6428,27
6429,127
6432,128
6435,130
6436,29
6438,71
6439,54
6441,60
6442,110
6444,21
6445,109
6448,161
6451,110
6452,19
6454,106
6455,77
6457,40
6458,87
6460,23
6461,135
6464,118
6467,115
6468,22
6470,73
6471,55
6473,79
6474,106
6476,16
6477,106
6480,170
6483,93
6484,28
6486,112
6487,63
6489,49
6490,83
6492,35
6493,122
6496,150
6499,151
6500,31
6502,83
6503,53
6505,84
6506,98
6508,20
6509,107
6512,172
6515,101
6516,21
6518,98
6519,50
6521,52
6522,90
6524,34
6525,153
6528,117
6531,142
6532,33
6534,86
6535,50
6537,57
6538,97
6540,32
6541,106
6544,158
6547,112
6548,18
6550,100
6551,64
6553,44
6554,75
6556,37
6557,119
6560,107
6563,121
6564,34
6566,67
6567,43
6569,66
6570,91
6572,17
6573,99
6576,149
6579,99
6580,25
6582,89
6583,50
6585,45
6586,68
6588,30
6589,110
6592,102
6595,101
6596,21
6598,71
6599,42
6601,45
6602,70
6604,31
6605,86
6608,140
6611,83
6612,22
6614,77
6615,51
6617,37
6618,45
6620,23
6621,98
6624,88
6627,89
6628,25
6630,52
6631,37
6633,46
6634,77
6636,23
6637,63
6640,129
6643,66
6644,17
6646,73
6647,47
6649,34
6650,44
6652,24
6653,97
6656,87
6659,69
6660,9
6662,52
6663,27
6665,39
6666,61
6668,16
6669,60
6672,87
6675,58
6676,15
6678,51
6679,34
6681,25
6682,36
6684,29
6685,63
6688,65
6691,66
6692,14
6694,44
6695,34
6697,37
6698,45
6700,8
6701,66
6704,76
6707,56
6708,12
6710,51
6711,34
6713,37
6714,47
6716,22
6717,62
6720,75
6723,72
6724,18
6726,39
6727,29
6729,34
6730,55
6732,14
6733,58
6736,87
6739,57
6740,19
6742,60
6743,37
6745,21
6746,29
6748,13
6749,64
6752,71
6755,67
6756,14
6758,34
6759,34
6761,29
6762,50
6764,14
6765,37
6768,76
6771,44
6772,11
6774,54
6775,32
6777,16
6778,39
6780,17
6781,44
6784,43
6787,59
6788,10
6790,16
6791,19
6793,27
6794,43
6796,11
6797,32
6800,65
6803,36
6804,10
6806,30
6807,19
6809,15
6810,34
6812,13
6813,45
6816,30
6819,38
6820,6
6822,29
6823,14
6825,22
6826,37
6828,5
6829,27
6832,49
6835,29
6836,5
6838,23
6839,25
6841,14
6842,22
6844,12
6845,46
6848,38
6851,27
6852,9
6854,12
6855,13
6857,20
6858,17
6860,4
6861,13
6864,30
6867,19
6868,4
6870,22
6871,17
6873,12
6874,13
6876,5
6877,20
6880,33
6883,26
6884,5
6886,15
6887,5
6889,16
6890,11
6892,6
6893,11
6896,29
6899,14
6900,8
6902,14
6903,6
6905,7
6906,11
6908,5
6909,15
6912,12
6915,20
6916,3
6918,9
6919,5
6921,2
6922,17
6924,4
6925,11
6928,16
6931,8
6932,7
6934,9
6935,5
6937,9
6938,6
6940,4
6941,13
6944,9
6947,11
6950,2
6951,2
6953,7
6954,14
6956,2
6957,4
6960,14
6963,4
6964,2
6966,11
6967,8
6970,6
6972,1
6973,9
6976,7
6979,9
6980,2
6982,5
6985,9
6986,5
6989,7
6992,5
6995,6
6996,1
6998,4
6999,5
7001,1
7002,3
7005,8
7008,2
7011,7
7012,5
7014,2
7015,3
7017,1
7018,7
7020,2
7021,5
7024,4
7027,5
7028,1
7030,3
7031,2
7033,1
7034,1
7036,2
7037,4
7040,4
7043,5
7044,1
7046,4
7047,2
7049,7
7050,4
7052,3
7053,2
7056,5
7059,6
7062,8
7063,7
7065,1
7066,7
7068,1
7069,10
7072,3
7075,4
7076,3
7078,4
7079,2
7081,2
7082,1
7084,1
7085,4
7088,4
7091,3
7092,1
7098,2
7100,2
7101,3
7104,5
7107,6
7108,5
7110,2
7111,3
7113,4
7114,6
7116,2
7117,1
7120,4
7123,3
7124,2
7126,1
7127,2
7129,2
7130,8
7132,2
7133,3
7136,7
7139,6
7142,5
7143,1
7145,5
7146,2
7149,5
7152,6
7155,3
7158,5
7159,5
7161,1
7162,4
7164,2
7165,7
7168,6
7171,7
7172,2
7174,3
7175,1
7177,6
7178,4
7181,10
7184,7
7187,5
7188,1
7190,5
7191,2
7193,3
7194,5
7196,1
7197,7
7200,5
7203,7
7204,1
7206,4
7207,1
7209,3
7210,4
7212,2
7213,7
7216,8
7219,4
7220,1
7222,8
7223,7
7226,4
7228,3
7229,4
7232,7
7235,4
7238,5
7239,1
7241,5
7242,8
7244,2
7245,6
7248,11
7251,5
7252,1
7254,3
7255,5
7257,1
7258,3
7260,3
7261,4
7264,8
7267,9
7268,2
7270,3
7271,4
7273,3
7274,5
7276,4
7277,9
7280,8
7283,4
7286,3
7287,4
7289,5
7290,5
7293,5
7296,3
7299,5
7300,1
7302,2
7303,6
7305,3
7306,2
7308,2
7309,9
7312,6
7315,4
7316,2
7318,4
7319,2
7321,1
7322,3
7324,4
7325,4
7328,11
7331,5
7332,3
7337,3
7338,7
7340,1
7341,6
7344,7
7347,4
7348,1
7351,1
7353,3
7354,4
7357,6
7360,4
7363,4
7364,1
7367,2
7369,5
7370,4
7372,1
7373,5
7376,6
7379,3
7380,1
7382,1
7383,1
7386,4
7389,2
7392,1
7395,1
7396,1
7398,2
7399,2
7401,4
7402,2
7408,5
7411,1
7412,1
7414,5
7415,3
7418,2
7421,5
7424,4
7427,4
7428,1
7430,2
7433,2
7436,1
7437,2
7443,2
7446,1
7447,2
7449,1
7450,5
7452,1
7453,3
7456,2
7459,1
7460,1
7462,3
7465,2
7466,5
7468,2
7469,2
7472,7
7475,2
7479,2
7481,1
7482,1
7484,1
7485,5
7488,2
7491,3
7494,1
7495,3
7498,2
7500,1
7501,2
7504,5
7507,4
7513,1
7514,3
7516,1
7517,3
7520,1
7523,2
7526,2
7527,1
7529,1
7530,3
7533,6
7536,6
7540,1
7542,2
7543,2
7546,1
7548,1
7549,3
7552,3
7555,4
7558,2
7559,2
7561,2
7562,2
7564,1
7565,2
7568,5
7571,2
7572,1
7574,1
7575,4
7578,1
7580,1
7581,3
7584,2
7587,5
7594,3
7596,1
7597,6
7600,4
7603,4
7606,3
7607,3
7609,1
7610,1
7612,3
7613,4
7616,1
7619,3
7620,1
7622,1
7623,1
7625,1
7626,2
7629,2
7632,4
7638,2
7639,2
7641,1
7642,1
7645,3
7648,1
7651,2
7652,1
7654,2
7658,2
7664,1
7667,4
7668,1
7670,1
7673,2
7674,1
7677,2
7680,4
7683,2
7687,2
7690,2
7692,2
7693,1
7696,1
7699,2
7702,2
7703,2
7708,1
7709,4
7712,7
7715,1
7718,2
7719,2
7722,2
7725,1
7728,4
7731,2
7734,2
7735,3
7738,1
7740,2
7741,3
7744,3
7747,1
7748,2
7750,2
7751,2
7753,3
7757,5
7760,1
7763,2
7766,2
7776,1
7779,2
7780,1
7782,2
7783,1
7785,1
7786,1
7789,2
7792,4
7799,1
7801,2
7802,1
7805,1
7808,2
7811,3
7815,1
7818,1
7824,4
7827,2
7830,2
7831,2
7836,1
7837,1
7840,3
7843,3
7844,1
7847,1
7849,2
7850,1
7853,3
7856,4
7859,2
7862,2
7863,1
7865,1
7868,1
7869,2
7872,1
7875,6
7878,4
7881,1
7882,2
7885,1
7888,2
7891,3
7892,1
7894,3
7895,2
7897,2
7898,2
7904,4
7907,2
7910,1
7913,1
7914,4
7917,4
7920,2
7923,4
7926,2
7927,4
7929,1
7930,3
7933,2
7936,2
7939,2
7940,3
7942,4
7946,2
7948,1
7949,2
7952,4
7955,2
7958,2
7959,3
7961,2
7962,4
7965,3
7968,4
7971,1
7972,1
7977,3
7984,6
7987,1
7988,1
7990,5
7991,1
7993,2
7994,2
7996,1
7997,2
8004,1
8009,1
8010,1
8012,1
8013,2
8016,4
8019,2
8022,1
8028,1
8029,4
8032,3
8035,4
8038,4
8041,1
8042,1
8045,2
8048,1
8051,3
8055,1
8058,1
8060,2
8061,1
8064,1
8067,2
8068,1
8073,2
8074,1
8076,1
8077,1
8080,7
8087,1
8089,1
8090,1
8092,1
8093,2
8096,2
8099,1
8102,2
8103,2
8105,3
8108,1
8109,1
8112,4
8115,3
8118,2
8119,2
8122,3
8124,1
8125,2
8128,3
8131,3
8132,1
8137,1
8138,5
8141,3
8144,6
8148,1
8150,1
8151,2
8153,1
8154,2
8156,2
8157,3
8163,7
8164,2
8166,4
8167,2
8169,2
8170,1
8172,1
8173,6
8176,7
8179,1
8182,2
8183,4
8186,4
8189,2
8192,3
8195,3
8198,2
8199,2
8201,1
8202,1
8205,6
8208,8
8211,3
8212,2
8214,3
8215,3
8217,1
8218,3
8220,1
8221,6
8224,4
8227,4
8228,1
8230,1
8231,1
8233,1
8234,2
8237,1
8240,2
8243,1
8246,2
8247,1
8249,1
8250,3
8253,5
8256,1
8259,3
8260,1
8262,7
8263,3
8265,2
8266,3
8269,3
8272,6
8275,4
8278,1
8281,1
8282,2
8285,5
8288,4
8291,4
8292,2
8297,3
8298,2
8300,1
8301,1
8304,2
8307,1
8310,4
8313,2
8314,3
8316,2
8317,3
8320,6
8323,3
8324,1
8326,5
8327,4
8329,7
8330,1
8333,4
8336,2
8339,4
8340,1
8342,4
8343,7
8345,1
8346,2
8348,1
8349,7
8352,5
8356,2
8358,1
8359,1
8361,1
8362,3
8364,2
8365,4
8368,4
8371,5
8374,2
8375,1
8377,4
8378,1
8380,2
8381,6
8384,3
8387,3
8388,2
8391,2
8393,2
8394,1
8396,1
8397,4
8400,6
8403,3
8406,3
8407,2
8409,3
8410,2
8412,1
8413,6
8416,7
8419,3
8422,1
8423,1
8425,3
8426,2
8429,1
8432,3
8435,1
8438,2
8441,1
8442,3
8444,1
8445,1
8448,3
8451,4
8454,1
8457,1
8460,1
8461,3
8464,5
8467,1
8468,2
8470,2
8471,1
8473,3
8474,1
8477,2
8480,7
8483,3
8484,3
8486,4
8487,2
8489,2
8493,5
8496,5
8499,2
8500,2
8502,2
8505,1
8506,1
8508,1
8509,5
8512,1
8515,2
8516,2
8518,1
8519,2
8522,2
8525,4
8528,5
8531,3
8535,1
8537,1
8538,1
8540,2
8541,2
8544,1
8547,4
8548,2
8550,2
8553,1
8554,5
8557,4
8560,4
8563,2
8564,2
8569,1
8576,4
8579,1
8583,1
8589,1
8595,1
8598,1
8599,1
8601,2
8602,1
8608,3
8612,1
8614,1
8617,3
8618,2
8621,3
8624,2
8630,1
8633,1
8634,3
8636,2
8637,1
8643,2
8644,1
8650,2
8652,1
8653,1
8656,5
8659,1
8662,1
8663,1
8669,1
8672,2
8675,5
8679,1
8681,1
8682,3
8688,3
8691,1
8694,1
8698,1
8701,3
8704,1
8707,1
8710,1
8711,1
8714,2
8717,1
8723,1
8736,2
8739,2
8740,1
8742,2
8743,1
8746,2
8749,2
8752,3
8755,1
8758,1
8759,1
8771,1
8778,2
8781,3
8784,1
8790,3
8791,1
8793,3
8796,1
8797,1
8800,2
8803,3
8807,1
8810,4
8812,1
8816,3
8819,2
8826,1
8829,3
8832,2
8838,1
8841,3
8845,2
8851,3
8854,1
8857,1
8860,1
8861,1
8864,1
8867,1
8868,1
8874,1
8880,3
8883,1
8884,1
8886,3
8889,1
8892,1
8893,4
8896,3
8902,1
8905,1
8906,1
8909,3
8912,1
8924,2
8928,1
8931,2
8935,1
8941,1
8944,1
8950,1
8957,1
8964,1
8972,1
8973,1
8976,1
8982,4
8985,1
8986,1
8992,1
8995,1
9001,1
9002,1
9005,1
9017,1
9018,2
9028,1
9030,2
9033,2
9036,1
9044,1
9053,2
9062,2
9079,1
9085,3
9088,1
9092,1
9094,3
9104,1
9110,1
9111,1
9113,2
9117,1
9120,3
9123,1
9126,1
9127,1
9132,1
9133,2
9136,2
9139,1
9143,2
9148,1
9149,2
9155,6
9162,2
9168,2
9171,1
9177,1
9178,1
9184,1
9187,1
9190,1
9191,2
9196,1
9197,2
9200,1
9203,2
9206,3
9207,2
9212,1
9213,3
9219,1
9226,1
9229,1
9232,1
9241,1
9245,1
9257,1
9258,2
9264,1
9267,1
9270,3
9274,1
9277,1
9283,1
9284,1
9286,1
9290,1
9292,1
9299,2
9302,2
9303,1
9315,1
9318,1
9321,1
9328,2
9331,1
9337,1
9338,1
9341,2
9344,1
9347,1
9354,2
9363,1
9366,1
9370,2
9373,2
9379,1
9382,1
9385,1
9386,1
9389,2
9402,1
9405,1
9408,2
9411,2
9414,1
9415,2
9421,2
9424,1
9440,2
9443,4
9450,1
9453,1
9459,2
9466,1
9469,1
9472,1
9485,2
9491,1
9495,1
9501,2
9504,1
9507,2
9517,1
9520,2
9523,1
9526,1
9527,1
9529,2
9530,2
9533,1
9536,1
9542,1
9545,1
9546,1
9549,1
9559,1
9564,2
9565,1
9571,4
9578,1
9584,2
9588,1
9591,1
9593,2
9597,2
9609,1
9616,1
9619,1
9623,1
9629,2
9635,1
9638,1
9642,1
9652,1
9657,1
9664,1
9680,2
9683,2
9684,1
9686,3
9699,5
9702,4
9706,2
9709,1
9722,2
9724,1
9725,2
9728,2
9731,1
9732,1
9737,1
9744,2
9747,1
9751,1
9753,1
9754,1
9757,2
9763,2
9764,1
9769,1
9776,1
9779,1
9782,1
9795,1
9799,1
9801,1
9804,1
9805,1
9808,1
9811,1
9814,1
9818,3
9824,1
9830,1
9831,1
9834,3
9836,1
9837,2
9840,1
9846,2
9847,1
9859,1
9863,1
9865,1
9866,1
9872,4
9875,1
9878,1
9879,1
9881,1
9882,2
9892,1
9895,1
9898,2
9901,2
9904,2
9907,2
9916,1
9917,1
9920,1
9926,1
9929,1
9936,1
9939,1
9940,1
9942,1
9946,1
9949,1
9955,1
9956,1
9965,1
9968,1
9971,1
9974,1
9975,1
9978,1
9984,2
9993,1
10000,1
10004,1
10006,1
10010,1
10013,1
10016,2
10019,4
10023,1
10026,1
10032,1
10035,1
10039,1
10048,1
10054,1
10055,1
10061,2
10064,1
10067,2
10070,2
10083,2
10084,1
10086,1
10087,3
10090,2
10093,1
10096,1
10102,1
10105,1
10109,1
10112,1
10115,2
10118,1
10122,2
10128,1
10131,1
10135,1
10138,1
10144,1
10147,1
10150,2
10153,1
10154,2
10160,1
10176,1
10179,1
10182,1
10183,1
10186,1
10192,1
10195,1
10198,1
10199,1
10211,1
10214,1
10215,1
10221,1
10224,1
10230,2
10237,1
10243,3
10247,1
10249,2
10250,2
10256,1
10259,1
10263,1
10265,1
10266,2
10275,1
10282,2
10288,3
10292,1
10298,1
10304,3
10308,1
10317,1
10320,1
10326,1
10327,1
10336,1
10339,2
10342,2
10352,1
10356,1
10362,1
10364,1
10368,1
10384,1
10387,1
10390,2
10391,1
10393,1
10394,1
10396,1
10403,1
10404,2
10406,1
10409,1
10413,1
10416,2
10419,1
10425,1
10429,1
10432,1
10435,2
10441,1
10444,1
10451,2
10457,1
10461,1
10464,2
10467,1
10470,1
10474,1
10477,2
10480,1
10483,1
10484,1
10486,1
10499,2
10502,1
10506,1
10516,1
10519,2
10521,1
10528,3
10537,1
10547,1
10550,2
10554,1
10557,2
10560,1
10567,1
10576,1
10579,1
10585,1
10589,1
10592,1
10596,1
10598,2
10599,1
10605,2
10608,2
10611,1
10614,1
10621,1
10624,1
10627,2
10628,1
10633,3
10636,1
10637,1
10640,1
10644,1
10646,1
10647,1
10649,1
10653,3
10659,1
10669,2
10672,1
10675,1
10688,1
10691,1
10694,2
10697,1
10700,1
10701,1
10704,1
10707,1
10710,1
10713,1
10714,3
10717,1
10730,1
10733,1
10739,1
10740,1
10742,1
10743,1
10746,1
10749,2
10752,2
10755,1
10756,1
10759,1
10761,1
10762,2
10765,1
10768,1
10774,1
10780,1
10781,2
10784,3
10787,1
10800,1
10806,1
10810,1
10812,1
10819,2
10820,1
10825,1
10826,2
10828,1
10829,2
10839,1
10845,3
10848,2
10851,1
10858,3
10867,1
10868,1
10871,1
10874,1
10883,1
10886,1
10887,1
10889,2
10890,1
10893,1
10896,4
10900,1
10902,1
10909,2
10912,2
10921,1
10922,2
10925,2
10928,2
10931,1
10934,1
10938,1
10948,1
10957,3
10963,2
10972,1
10973,1
11005,2
11008,1
11012,1
11020,2
11024,1
11027,1
11034,1
11037,4
11043,1
11046,1
11053,1
11059,1
11062,1
11063,1
11098,2
11107,2
11111,1
11113,1
11114,1
11123,2
11124,1
11126,2
11127,1
11130,1
11132,1
11139,1
11142,1
11145,1
11146,1
11149,1
11152,1
11158,2
11168,2
11171,1
11172,1
11174,3
11181,1
11184,1
11187,1
11209,1
11210,1
11219,1
11232,1
11244,1
11245,3
11254,2
11258,1
11260,1
11261,1
11267,1
11268,1
11270,1
11271,1
11273,1
11274,1
11277,2
11280,2
11283,2
11286,4
11306,1
11312,1
11315,1
11318,1
11325,2
11334,2
11337,1
11338,2
11340,2
11344,1
11347,1
11350,2
11356,2
11357,1
11360,1
11363,2
11366,1
11373,1
11376,1
11379,1
11380,1
11383,3
11386,1
11389,2
11399,1
11401,3
11402,2
11405,1
11411,3
11417,1
11421,2
11430,1
11431,1
11440,1
11446,1
11447,1
11450,1
11452,1
11453,2
11456,1
11460,1
11462,2
11472,2
11481,1
11482,1
11485,2
11488,2
11494,1
11498,2
11501,2
11507,1
11508,1
11520,1
11523,1
11524,1
11532,1
11536,1
11539,2
11540,1
11543,2
11549,1
11556,1
11559,2
11561,1
11562,1
11565,2
11568,2
11571,2
11572,1
11574,1
11575,1
11577,1
11584,2
11587,1
11590,1
11593,1
11594,2
11603,1
11604,1
11613,1
11616,1
11619,2
11623,2
11626,1
11629,1
11632,4
11638,1
11658,2
11667,1
11673,1
11676,1
11677,1
11680,2
11690,1
11693,1
11696,1
11699,1
11702,1
11705,1
11706,1
11709,3
11722,2
11725,1
11735,1
11741,1
11747,2
11748,1
11754,2
11756,1
11760,2
11766,2
11770,2
11773,1
11776,1
11779,1
11786,1
11789,1
11795,1
11799,1
11801,2
11805,1
11808,1
11811,2
11812,1
11818,1
11821,1
11827,1
11837,1
11846,1
11850,1
11862,1
11868,1
11879,1
11881,1
11882,2
11888,1
11894,1
11897,1
11901,1
11904,1
11910,1
11913,2
11914,2
11945,1
11949,1
11952,1
11958,1
11959,2
11977,1
11991,2
11993,2
11997,1
12003,1
12006,1
12010,1
12016,2
12019,1
12023,1
12026,1
12028,2
12029,1
12032,2
12035,1
12041,1
12042,1
12045,1
12051,1
12052,1
12060,1
12061,2
12064,1
12070,1
12073,1
12080,1
12083,1
12093,2
12099,1
12100,1
12102,1
12103,2
12109,1
12112,2
12115,2
12116,1
12118,1
12122,1
12131,1
12134,2
12144,2
12147,2
12150,1
12151,2
12157,2
12160,1
12166,1
12167,2
12170,1
12173,1
12176,1
12179,1
12182,1
12186,2
12189,1
12192,1
12195,1
12201,1
12202,2
12211,2
12214,1
12218,1
12224,1
12227,1
12234,1
12246,1
12247,1
12250,1
12256,1
12262,2
12266,1
12269,1
12272,1
12275,2
12282,1
12291,3
12292,1
12298,2
12301,2
12304,1
12307,1
12310,1
12316,1
12317,1
12323,2
12326,1
12327,1
12329,3
12339,2
12340,1
12348,1
12352,3
12364,1
12365,2
12368,2
12378,3
12381,1
12397,1
12400,1
12403,2
12413,2
12429,1
12432,2
12435,2
12445,2
12448,1
12451,2
12452,1
12454,1
12458,1
12461,1
12467,2
12471,1
12473,1
12474,1
12480,2
12483,1
12496,2
12503,2
12505,1
12506,1
12512,1
12515,3
12518,3
12521,2
12531,1
12534,2
12541,1
12544,1
12563,2
12573,1
12583,1
12586,2
12588,1
12598,2
12612,1
12614,1
12618,1
12627,2
12631,1
12634,1
12640,2
12644,1
12652,1
12653,1
12656,1
12659,1
12662,1
12678,1
12681,1
12685,2
12688,2
12695,1
12704,1
12707,1
12730,1
12732,1
12733,1
12742,1
12743,1
12758,1
12761,1
12768,2
12771,1
12784,1
12788,1
12791,1
12797,2
12803,1
12807,1
12809,2
12816,1
12819,1
12822,1
12825,1
12829,1
12835,1
12838,1
12839,1
12845,1
12848,2
12851,1
12854,2
12873,1
12874,1
12877,1
12880,1
12887,1
12893,1
12896,1
12899,1
12909,1
12912,4
12918,1
12919,1
12928,2
12934,1
12937,1
12940,1
12944,2
12951,1
12956,1
12957,1
12963,3
12966,1
12969,1
12970,1
12972,1
12976,1
12983,1
12985,1
12989,1
12995,2
12999,1
13002,1
13005,1
13008,1
13014,2
13018,1
13020,2
13021,1
13024,1
13027,1
13028,1
13033,1
13034,2
13037,1
13040,2
13043,1
13046,1
13047,1
13050,1
13056,2
13059,1
13062,1
13065,1
13069,2
13072,3
13078,2
13079,1
13088,2
13091,1
13092,1
13101,1
13104,2
13107,2
13110,1
13113,1
13117,1
13120,1
13123,2
13126,1
13129,1
13130,1
13132,1
13139,1
13143,1
13149,2
13152,3
13155,1
13156,1
13159,3
13161,2
13162,1
13164,1
13165,1
13168,2
13174,1
13175,2
13184,1
13187,3
13193,2
13197,1
13200,1
13203,1
13206,2
13210,1
13212,1
13213,1
13216,1
13219,2
13226,4
13229,2
13232,1
13235,1
13236,1
13238,3
13239,1
13245,1
13251,1
13254,2
13257,1
13258,1
13264,3
13267,1
13270,2
13277,1
13280,1
13283,2
13286,1
13290,2
13293,1
13296,1
13299,2
13302,1
13308,1
13309,2
13312,1
13315,3
13318,1
13321,1
13322,1
13325,1
13328,4
13331,1
13332,1
13341,1
13344,1
13347,1
13348,2
13351,1
13353,1
13354,1
13360,3
13363,1
13366,2
13372,1
13376,3
13379,3
13380,1
13388,1
13389,3
13392,2
13395,1
13398,1
13399,2
13405,1
13408,1
13411,2
13414,5
13417,1
13418,3
13421,1
13424,2
13433,1
13437,1
13440,1
13446,2
13447,1
13449,1
13450,1
13453,3
13456,3
13462,1
13463,1
13465,1
13469,3
13472,2
13475,4
13478,1
13479,1
13482,1
13485,1
13491,1
13495,1
13498,1
13507,2
13508,1
13514,1
13520,1
13523,1
13526,3
13527,3
13533,1
13536,1
13539,1
13546,1
13548,1
13552,2
13555,2
13561,1
13565,2
13571,2
13578,2
13580,1
13581,2
13584,2
13590,1
13591,2
13593,1
13594,1
13596,1
13597,1
13600,2
13603,1
13606,1
13607,2
13609,1
13610,1
13612,1
13613,2
13616,2
13620,1
13623,2
13635,5
13641,1
13644,3
13648,1
13652,1
13654,2
13657,1
13661,2
13670,1
13677,2
13680,1
13683,2
13684,1
13690,2
13692,1
13693,1
13696,1
13699,1
13702,1
13703,2
13709,3
13712,1
13718,1
13721,1
13724,1
13728,1
13731,1
13737,1
13738,1
13741,1
13744,2
13747,2
13751,2
13756,1
13760,2
13763,1
13770,1
13773,1
13779,1
13783,1
13785,1
13788,1
13792,2
13795,1
13798,3
13808,2
13814,1
13821,3
13827,2
13831,1
13836,1
13837,1
13840,1
13846,2
13847,1
13852,1
13866,1
13869,2
13872,3
13882,1
13885,3
13891,1
13892,1
13898,1
13901,3
13907,1
13910,2
13911,1
13926,1
13933,1
13936,3
13942,1
13943,2
13945,1
13955,1
13968,1
13971,1
13972,1
13978,1
13980,1
13981,1
13984,1
13987,2
13994,2
14000,1
14006,2
14007,1
14010,1
14012,2
14016,1
14019,2
14025,1
14026,1
14029,1
14032,2
14038,1
14045,3
14057,2
14061,1
14070,3
14071,1
14073,1
14074,3
14076,1
14077,1
14083,1
14087,1
14089,1
14092,1
14093,1
14096,2
14099,1
14106,2
14109,1
14112,4
14115,1
14118,3
14122,2
14128,1
14131,2
14132,1
14138,1
14141,2
14144,2
14150,1
14153,1
14154,1
14160,3
14166,1
14173,1
14176,1
14179,1
14180,1
14189,1
14192,1
14195,2
14198,4
14205,2
14208,1
14211,2
14214,1
14218,1
14221,1
14224,1
14227,2
14237,2
14240,2
14246,2
14249,1
14250,1
14253,1
14259,1
14262,2
14266,3
14269,5
14272,1
14275,4
14276,1
14279,1
14291,1
14292,1
14295,1
14301,1
14307,2
14310,1
14311,1
14313,1
14314,2
14317,2
14329,1
14336,1
14346,1
14349,1
14352,5
14355,2
14358,1
14361,1
14362,1
14368,2
14371,1
14375,1
14378,1
14381,2
14384,1
14387,1
14390,2
14394,3
14400,1
14403,1
14407,1
14410,1
14416,1
14419,1
14422,1
14425,2
14426,1
14435,1
14439,2
14445,2
14457,1
14461,1
14464,2
14473,1
14476,1
14477,2
14480,1
14483,1
14484,2
14486,1
14492,2
14499,1
14505,1
14509,1
14512,2
14515,2
14518,4
14519,1
14521,1
14525,2
14531,1
14538,2
14553,2
14560,2
14563,2
14567,1
14570,1
14572,1
14573,1
14576,3
14583,1
14585,1
14586,1
14592,1
14598,1
14602,1
14608,1
14611,1
14615,1
14621,2
14627,1
14631,1
14634,1
14640,1
14643,3
14646,1
14647,1
14649,1
14650,1
14659,1
14662,1
14663,1
14665,1
14666,1
14668,1
14672,1
14678,1
14681,2
14682,1
14684,1
14685,2
14691,1
14694,1
14698,1
14701,1
14704,2
14711,2
14714,2
14717,1
14720,1
14723,1
14726,2
14727,1
14730,2
14736,1
14742,3
14743,1
14748,1
14752,1
14758,1
14761,1
14768,1
14772,1
14777,3
14780,1
14784,1
14791,1
14800,4
14803,1
14806,2
14813,2
14816,2
14819,1
14822,2
14826,2
14829,2
14832,1
14835,1
14838,1
14841,1
14842,2
14845,1
14848,2
14855,3
14857,2
14858,1
14861,2
14864,1
14870,1
14877,1
14880,2
14890,1
14893,1
14896,1
14899,2
14902,2
14906,1
14909,1
14912,2
14915,2
14916,2
14922,2
14934,1
14937,1
14941,1
14944,1
14954,1
14956,1
14957,1
14960,2
14963,2
14964,2
14966,2
14967,1
14973,1
14976,2
14982,2
14992,1
14998,1
14999,1
15002,1
15005,1
15011,1
15015,1
15018,1
15028,1
15040,1
15043,2
15044,1
15047,2
15050,1
15056,2
15059,1
15062,1
15066,4
15069,1
15072,1
15075,1
15076,1
15078,2
15082,1
15085,1
15088,1
15091,1
15094,2
15097,1
15098,1
15107,1
15114,2
15120,2
15126,1
15133,2
15136,1
15139,1
15140,1
15143,1
15149,1
15152,1
15155,1
15158,2
15162,1
15165,2
15168,1
15172,1
15174,1
15178,2
15184,1
15187,2
15194,1
15197,3
15200,2
15203,1
15207,1
15209,1
15210,1
15216,1
15219,2
15226,1
15235,1
15238,1
15245,1
15248,1
15255,1
15257,2
15261,1
15267,1
15270,1
15273,1
15302,2
15318,1
15321,1
15325,3
15328,1
15331,2
15334,1
15344,1
15353,1
15356,1
15364,1
15373,1
15376,2
15389,1
15395,1
15399,1
15401,1
15404,1
15408,1
15420,1
15424,1
15431,2
15434,2
15437,2
15440,1
15447,1
15450,1
15459,1
15460,1
15462,2
15463,1
15466,1
15472,2
15478,2
15479,1
15488,2
15498,1
15504,2
15507,2
15511,1
15513,1
15516,1
15517,3
15523,1
15530,1
15533,1
15536,1
15542,1
15546,1
15559,1
15561,1
15565,1
15568,1
15571,2
15574,1
15581,1
15587,1
15590,1
15603,1
15610,1
15613,1
15619,1
15620,1
15623,1
15626,1
15629,1
15632,1
15648,1
15664,1
15667,1
15677,1
15680,2
15686,1
15690,1
15702,1
15706,1
15731,1
15735,1
15738,1
15741,1
15760,1
15786,1
15792,2
15795,2
15799,2
15801,1
15805,1
15808,1
15824,2
15831,1
15834,1
15837,2
15847,1
15849,1
15853,1
15856,1
15862,1
15863,1
15865,1
15869,1
15875,2
15882,1
15895,1
15897,1
15904,1
15914,1
15920,1
15923,1
15926,2
15936,1
15940,1
15943,1
15945,1
15952,1
15956,1
15965,1
15968,1
15971,1
15972,1
15974,3
15984,1
15988,1
15990,1
15994,1
16006,1
16009,1
16010,2
16025,1
16026,1
16029,1
16032,1
16035,1
16041,2
16045,1
16052,1
16058,1
16061,2
16064,1
16074,1
16080,3
16083,1
16086,1
16087,1
16093,1
16096,1
16102,1
16109,2
16115,1
16118,1
16121,1
16125,1
16137,1
16138,1
16144,3
16147,1
16157,1
16160,1
16164,1
16167,1
16170,1
16183,1
16186,2
16189,1
16195,1
16202,1
16208,1
16215,1
16230,1
16231,1
16243,2
16244,2
16246,1
16256,1
16275,1
16282,2
16295,1
16304,2
16307,1
16310,1
16313,1
16324,1
16332,1
16333,1
16336,1
16339,1
16342,2
16355,1
16387,1
16390,1
16391,1
16400,1
16407,1
16412,1
16416,1
16425,1
16428,1
16435,1
16436,1
16445,2
16451,1
16455,1
16461,1
16467,1
16477,1
16484,1
16492,2
16496,2
16499,1
16502,1
16503,1
16506,1
16525,1
16528,2
16534,1
16544,1
16548,2
16560,1
16582,1
16588,1
16589,1
16595,2
16598,1
16599,1
16612,1
16618,1
16631,1
16633,1
16637,2
16640,1
16643,1
16647,1
16650,1
16656,1
16665,1
16688,2
16698,1
16710,1
16711,2
16717,1
16720,1
16729,1
16736,1
16739,1
16764,1
16768,2
16778,1
16784,1
16803,2
16806,1
16812,1
16819,1
16823,1
16832,2
16839,1
16845,1
16848,1
16870,2
16871,1
16873,1
16874,2
16877,1
16886,1
16909,1
16912,2
16915,1
16919,1
16931,1
16934,1
16935,1
16941,1
16944,2
16947,1
16950,1
16953,1
16957,1
16976,1
16979,1
16983,1
16986,1
16989,1
17008,2
17011,1
17017,2
17021,1
17033,1
17034,1
17046,1
17052,1
17053,1
17066,1
17069,1
17085,1
17104,1
17111,1
17114,1
17117,1
17124,1
17129,1
17143,1
17146,1
17152,1
17158,2
17175,1
17177,1
17178,1
17181,1
17187,2
17194,1
17200,1
17206,1
17209,1
17210,1
17216,1
17222,1
17223,1
17232,1
17248,2
17258,1
17261,1
17264,2
17267,1
17280,2
17289,1
17290,1
17296,2
17299,1
17308,1
17321,1
17322,2
17328,1
17331,1
17340,2
17341,1
17344,1
17347,1
17350,2
17357,2
17369,1
17370,1
17373,1
17392,1
17395,1
17399,1
17415,1
17417,1
17424,1
17428,1
17430,1
17433,1
17440,2
17443,2
17456,1
17463,1
17472,1
17476,1
17485,1
17488,3
17497,1
17498,1
17501,2
17504,2
17507,1
17536,1
17539,1
17549,1
17555,1
17568,1
17574,1
17577,2
17578,2
17581,2
17587,1
17588,1
17594,1
17603,1
17613,1
17620,1
17622,2
17625,3
17628,1
17635,1
17651,1
17657,1
17658,1
17664,1
17674,1
17677,1
17680,1
17689,1
17692,2
17703,1
17712,2
17716,1
17718,1
17725,1
17731,1
17744,1
17751,1
17760,1
17763,1
17770,1
17776,1
17780,1
17783,1
17789,1
17796,1
17808,1
17814,1
17815,1
17821,1
17836,2
17846,1
17850,1
17859,1
17875,1
17879,1
17888,1
17897,2
17917,1
17923,1
17930,1
17946,1
17949,1
17952,1
17958,1
17964,1
17975,1
17977,1
17981,1
17987,1
17990,1
17991,2
17994,1
17997,1
18000,1
18013,1
18016,1
18019,1
18029,1
18038,1
18042,2
18048,1
18051,1
18064,2
18067,1
18073,1
18080,1
18083,1
18093,2
18103,1
18112,1
18128,1
18137,1
18147,1
18151,1
18154,1
18157,1
18160,1
18163,1
18173,1
18176,1
18179,1
18182,1
18183,1
18186,1
18188,1
18189,1
18198,1
18199,1
18202,1
18204,1
18208,1
18214,1
18215,1
18218,1
18221,1
18234,1
18243,1
18249,1
18253,1
18263,1
18285,1
18288,2
18298,1
18307,1
18310,1
18313,1
18314,1
18317,1
18327,2
18339,1
18343,1
18349,1
18359,1
18361,1
18365,1
18368,2
18371,1
18374,1
18384,1
18387,1
18390,1
18400,1
18406,1
18409,1
18410,1
18419,1
18441,1
18442,1
18451,1
18464,1
18470,1
18474,1
18477,1
18480,1
18486,1
18490,1
18493,1
18496,1
18499,1
18519,1
18522,2
18525,1
18544,1
18547,1
18553,1
18560,1
18573,1
18576,1
18586,1
18588,1
18589,1
18592,1
18617,1
18624,1
18640,1
18643,1
18647,1
18650,1
18653,1
18656,1
18659,1
18672,1
18678,1
18682,1
18685,2
18697,1
18698,1
18704,1
18708,1
18710,1
18713,1
18714,1
18724,1
18729,1
18730,1
18736,1
18740,1
18752,1
18765,1
18774,2
18777,1
18781,1
18790,1
18793,1
18794,1
18806,1
18809,1
18810,1
18813,1
18816,1
18820,2
18822,1
18826,1
18835,1
18845,1
18848,4
18851,1
18861,1
18870,1
18871,2
18876,1
18880,1
18883,1
18886,1
18887,1
18890,1
18893,1
18896,1
18903,1
18918,1
18922,1
18925,1
18928,1
18937,2
18953,1
18960,1
18982,1
18992,1
18998,2
19002,1
19005,1
19018,1
19024,1
19047,1
19050,1
19053,3
19056,2
19063,1
19066,1
19068,1
19078,1
19079,1
19100,1
19104,1
19126,1
19127,1
19142,1
19146,1
19148,1
19155,1
19159,1
19168,1
19171,1
19172,1
19175,1
19181,1
19184,1
19190,1
19194,1
19210,1
19216,2
19219,1
19229,1
19242,1
19245,1
19248,1
19251,1
19254,1
19261,1
19271,1
19302,2
19309,2
19331,1
19344,2
19350,1
19385,1
19398,1
19405,1
19411,1
19414,1
19418,1
19420,1
19421,1
19437,2
19440,1
19444,1
19459,1
19465,1
19466,1
19469,2
19472,1
19481,1
19485,1
19498,1
19504,1
19507,1
19510,2
19513,1
19524,2
19526,1
19529,1
19539,2
19543,1
19546,1
19548,1
19549,2
19552,1
19568,1
19577,1
19603,2
19606,1
19609,1
19619,1
19625,1
19639,2
19641,1
19651,1
19667,1
19670,1
19673,1
19699,1
19708,1
19715,1
19722,1
19731,1
19734,1
19738,1
19740,1
19750,1
19764,1
19770,1
19776,1
19779,1
19786,1
19789,1
19795,1
19805,2
19812,1
19820,1
19824,2
19830,1
19834,1
19846,1
19872,2
19875,1
19894,1
19900,1
19923,1
19936,1
19939,1
19952,2
19959,1
19962,1
19971,1
19978,1
19984,1
19993,2
20003,1
20007,1
20010,1
20013,1
20016,1
20025,1
20032,2
20038,2
20039,1
20041,1
20042,1
20045,1
20067,1
20068,1
20076,1
20077,1
20087,1
20092,1
20093,2
20096,1
20102,1
20103,1
20109,2
20112,1
20118,2
20125,2
20128,1
20131,1
20138,3
20141,1
20144,1
20154,1
20156,1
20157,1
20160,2
20164,1
20169,1
20176,4
20180,1
20182,1
20183,1
20185,1
20192,1
20202,1
20214,1
20218,1
20227,1
20228,1
20246,2
20253,1
20259,2
20260,1
20269,1
20272,1
20282,1
20291,2
20295,1
20300,1
20301,2
20304,1
20310,1
20311,1
20323,1
20333,1
20339,1
20355,1
20365,1
20375,2
20384,1
20397,1
20407,2
20409,1
20416,1
20419,1
20425,1
20432,1
20435,3
20439,1
20444,1
20451,2
20454,1
20455,1
20461,1
20467,1
20474,2
20476,1
20477,2
20480,1
20489,1
20490,1
20493,1
20506,1
20521,1
20522,1
20525,1
20538,1
20547,1
20554,1
20557,1
20560,1
20566,1
20573,1
20576,1
20602,1
20618,2
20627,1
20649,1
20660,1
20669,1
20685,1
20688,1
20720,1
20749,1
20752,1
20761,1
20771,2
20784,2
20787,1
20791,1
20797,1
20806,1
20810,1
20841,1
20851,1
20861,1
20867,1
20868,1
20870,1
20873,1
20876,1
20880,1
20886,1
20893,1
20896,1
20908,1
20925,1
20934,1
20938,1
20954,1
20960,1
20966,1
20967,1
20973,1
20983,1
20985,1
20988,1
20989,2
20992,1
20995,1
21002,1
21014,1
21021,1
21030,1
21034,1
21036,1
21040,1
21062,1
21063,1
21082,1
21088,2
21091,1
21097,1
21098,2
21107,1
21111,1
21114,1
21117,1
21120,1
21132,1
21133,1
21139,1
21155,1
21171,1
21172,1
21174,1
21184,1
21191,1
21216,1
21219,1
21223,1
21232,1
21244,1
21248,1
21254,1
21261,1
21267,2
21284,2
21289,1
21293,2
21306,1
21309,1
21316,1
21321,1
21328,1
21331,1
21334,1
21340,1
21341,2
21351,1
21366,1
21369,1
21373,1
21376,1
21379,2
21382,1
21395,1
21411,1
21417,1
21424,1
21440,1
21444,1
21450,1
21475,2
21488,1
21494,2
21498,1
21500,1
21504,3
21507,1
21514,1
21517,1
21520,1
21527,1
21533,1
21539,1
21542,1
21549,1
21552,2
21555,1
21565,1
21577,1
21578,1
21591,1
21597,3
21610,1
21619,1
21626,1
21629,1
21635,1
21641,1
21642,1
21645,2
21651,1
21654,1
21658,1
21661,1
21664,1
21667,1
21677,2
21683,1
21696,1
21715,1
21725,3
21744,1
21750,1
21776,2
21779,1
21795,1
21805,1
21811,1
21814,1
21815,1
21818,2
21824,1
21827,3
21843,1
21844,1
21856,1
21881,1
21894,1
21907,1
21911,1
21917,2
21923,1
21924,1
21926,1
21927,1
21933,1
21936,1
21939,1
21943,1
21962,1
21965,1
21977,1
21980,1
21984,1
21987,1
21991,1
21994,1
21997,1
22010,1
22020,1
22022,1
22032,1
22038,1
22041,1
22042,1
22064,1
22070,1
22076,1
22080,1
22087,1
22096,2
22103,1
22105,1
22109,1
22115,1
22125,1
22128,2
22144,1
22147,1
22150,1
22160,1
22169,1
22173,2
22176,2
22183,1
22186,1
22189,1
22192,1
22211,3
22221,1
22227,1
22240,2
22252,1
22253,1
22263,1
22272,1
22284,1
22288,1
22297,1
22310,1
22323,2
22330,1
22333,2
22342,1
22346,2
22362,1
22365,1
22368,1
22371,3
22377,1
22384,2
22387,1
22406,2
22416,1
22420,1
22425,2
22435,1
22442,1
22445,2
22455,1
22458,1
22464,1
22470,2
22474,2
22480,2
22486,1
22487,1
22496,1
22522,1
22525,1
22531,1
22535,1
22538,1
22541,1
22544,1
22550,1
22554,1
22556,1
22563,2
22567,2
22569,1
22570,1
22572,1
22576,1
22579,1
22583,1
22585,1
22589,1
22592,1
22595,1
22601,1
22602,1
22605,2
22611,1
22615,2
22618,1
22621,2
22630,1
22631,1
22637,1
22640,1
22646,1
22647,1
22653,1
22656,1
22678,1
22681,1
22685,2
22710,1
22717,1
22720,1
22730,3
22733,1
22736,1
22745,1
22746,1
22752,1
22759,1
22761,1
22762,1
22765,1
22768,3
22778,2
22781,2
22784,1
22791,1
22794,1
22806,1
22810,2
22813,1
22819,1
22829,3
22832,2
22835,1
22838,1
22839,2
22845,2
22851,2
22852,1
22854,1
22858,1
22860,1
22873,1
22874,1
22880,1
22890,1
22902,1
22909,1
22912,2
22919,1
22921,1
22928,1
22941,1
22951,1
22954,1
22956,1
22957,1
22966,1
22973,1
22980,1
22983,1
23004,1
23018,1
23024,1
23027,2
23030,1
23047,1
23050,1
23053,1
23056,1
23060,1
23068,1
23072,1
23078,1
23081,1
23085,1
23094,2
23095,3
23101,1
23104,1
23108,2
23113,1
23114,1
23117,1
23120,1
23126,1
23133,1
23142,1
23145,1
23155,1
23161,1
23162,1
23164,1
23168,3
23172,1
23178,1
23184,1
23197,1
23200,1
23204,1
23210,1
23216,1
23226,1
23228,1
23245,1
23260,1
23264,1
23271,2
23283,2
23286,1
23292,1
23293,2
23300,1
23318,1
23322,1
23328,1
23340,1
23357,1
23360,1
23373,3
23383,1
23385,2
23386,2
23389,1
23396,1
23399,1
23405,1
23414,1
23424,1
23427,1
23428,1
23430,2
23446,1
23449,1
23453,1
23456,2
23466,1
23475,2
23488,1
23492,1
23504,2
23507,2
23523,1
23530,1
23536,1
23542,1
23549,1
23571,1
23581,1
23596,1
23600,1
23626,1
23629,2
23635,1
23642,1
23644,1
23654,1
23661,1
23664,1
23667,1
23686,1
23690,2
23699,2
23715,1
23718,1
23722,1
23728,1
23737,1
23741,1
23744,1
23750,1
23754,1
23763,1
23766,1
23767,1
23769,1
23773,1
23780,1
23783,1
23786,2
23792,1
23795,1
23798,1
23802,1
23821,2
23828,1
23830,1
23837,1
23843,3
23853,1
23866,1
23875,2
23878,1
23882,1
23884,1
23895,1
23904,1
23907,1
23929,1
23933,1
23936,1
23939,1
23940,2
23943,1
23949,1
23958,1
23959,1
23972,1
23987,1
23990,1
23994,1
24003,1
24004,1
24006,1
24007,1
24010,1
24012,1
24013,1
24016,1
24026,1
24035,1
24036,1
24038,1
24039,1
24042,1
24045,2
24048,1
24054,1
24055,1
24061,1
24071,1
24074,2
24077,1
24080,1
24083,2
24087,1
24109,1
24112,1
24118,1
24119,1
24128,1
24135,1
24140,1
24141,2
24150,1
24156,1
24157,1
24160,2
24163,1
24164,1
24173,1
24176,1
24182,1
24186,1
24189,1
24192,2
24195,1
24205,2
24208,1
24218,1
24221,2
24224,1
24227,1
24230,1
24246,1
24252,2
24259,1
24262,1
24269,1
24276,1
24291,1
24298,4
24317,1
24330,1
24336,1
24342,1
24349,1
24355,1
24356,1
24359,2
24371,1
24375,1
24384,1
24391,1
24393,1
24397,1
24413,1
24419,1
24422,1
24426,2
24432,3
24435,1
24445,1
24454,1
24457,1
24467,1
24471,1
24496,1
24499,1
24502,1
24512,1
24518,1
24525,1
24534,1
24547,1
24553,1
24576,1
24595,1
24598,1
24602,1
24608,1
24624,2
24633,1
24656,2
24662,1
24666,1
24685,1
24698,1
24704,1
24710,1
24711,1
24713,2
24717,1
24720,1
24729,1
24733,1
24748,1
24768,1
24771,1
24774,1
24780,1
24787,1
24793,1
24803,1
24806,1
24832,1
24842,1
24855,1
24861,1
24880,1
24883,1
24886,2
24890,1
24893,2
24896,1
24899,1
24906,3
24912,1
24915,1
24921,2
24924,1
24925,1
24928,2
24957,1
24966,1
24970,1
24973,1
24982,1
24989,1
25001,1
25002,2
25004,1
25005,1
25024,2
25030,1
25040,2
25050,1
25062,1
25072,2
25085,1
25091,2
25094,1
25098,1
25104,1
25110,1
25117,2
25123,2
25126,1
25129,1
25130,2
25133,1
25136,2
25155,2
25161,1
25162,1
25181,2
25197,1
25207,1
25216,1
25219,1
25232,1
25239,1
25241,1
25248,2
25258,1
25264,1
25276,1
25280,3
25283,1
25290,1
25293,1
25296,1
25315,1
25316,1
25325,2
25328,2
25347,1
25356,1
25360,4
25369,1
25370,1
25376,1
25379,1
25382,1
25385,1
25388,1
25398,1
25405,2
25408,1
25411,2
25412,1
25424,1
25427,1
25430,1
25431,1
25433,1
25440,1
25443,2
25444,1
25447,1
25449,1
25459,1
25472,1
25475,1
25482,3
25485,1
25488,1
25491,2
25495,1
25497,1
25501,1
25504,1
25507,2
25510,1
25520,2
25523,2
25539,1
25548,1
25558,1
25577,1
25578,1
25580,2
25591,1
25597,1
25604,1
25610,1
25616,1
25619,1
25622,2
25629,1
25632,1
25638,2
25651,1
25655,1
25667,1
25671,1
25683,1
25686,1
25699,1
25706,1
25715,1
25718,1
25738,1
25757,1
25760,2
25764,1
25772,1
25776,1
25789,1
25802,1
25808,1
25815,1
25817,1
25821,1
25827,1
25830,1
25836,1
25840,1
25853,1
25862,1
25872,1
25888,1
25920,1
25930,1
25945,1
25949,1
25956,1
25962,1
25968,1
25978,1
25981,2
25990,1
25994,2
26016,2
26019,2
26029,1
26039,1
26042,1
26057,1
26058,1
26067,1
26109,1
26121,1
26124,1
26125,1
26132,1
26150,1
26157,1
26172,1
26176,1
26192,1
26205,1
26208,1
26211,2
26215,2
26218,1
26243,1
26259,1
26265,1
26276,1
26285,2
26288,3
26291,1
26292,1
26300,1
26301,1
26304,1
26310,1
26313,2
26320,1
26326,1
26336,3
26339,1
26348,1
26352,1
26365,1
26381,1
26384,1
26387,1
26403,1
26410,1
26438,1
26442,2
26445,2
26454,3
26461,3
26483,1
26496,1
26534,1
26541,2
26548,1
26553,1
26554,1
26563,1
26564,1
26569,2
26592,1
26596,1
26598,3
26599,1
26624,2
26628,1
26643,2
26665,1
26669,1
26672,1
26675,1
26701,1
26704,3
26707,1
26714,1
26717,1
26736,1
26742,2
26749,3
26752,1
26758,1
26762,1
26778,1
26781,2
26790,1
26794,2
26797,3
26800,1
26803,1
26806,1
26816,2
26819,2
26825,1
26826,1
26829,1
26832,1
26838,1
26841,1
26845,1
26848,1
26851,1
26858,2
26867,1
26877,2
26880,2
26883,1
26900,1
26905,1
26909,1
26922,2
26928,1
26931,2
26937,1
26938,1
26950,1
26953,1
26954,2
26960,1
26963,1
26966,1
26967,1
26970,1
26976,1
26982,1
26989,1
26998,1
26999,1
27005,1
27024,1
27028,1
27031,1
27033,1
27040,1
27056,1
27075,1
27076,1
27092,1
27100,1
27142,1
27145,1
27152,1
27168,2
27171,1
27197,1
27210,1
27216,2
27223,1
27226,2
27229,1
27241,1
27248,1
27255,1
27267,1
27270,1
27274,1
27283,2
27293,1
27296,2
27308,1
27321,1
27334,1
27344,1
27347,1
27353,1
27354,1
27363,1
27370,1
27373,1
27402,1
27404,2
27411,1
27418,1
27421,1
27433,1
27437,1
27440,1
27453,1
27479,1
27484,1
27491,2
27494,1
27495,1
27501,2
27504,1
27511,1
27513,1
27533,1
27552,1
27584,1
27593,1
27594,1
27600,1
27610,1
27613,1
27616,1
27620,1
27632,2
27639,1
27642,3
27644,1
27648,1
27651,1
27683,1
27687,1
27690,4
27706,1
27719,1
27722,1
27728,1
27737,1
27741,1
27747,1
27748,1
27750,1
27754,1
27756,1
27760,1
27766,1
27769,1
27770,1
27776,1
27779,1
27782,1
27792,1
27811,1
27818,1
27821,1
27824,1
27849,1
27853,1
27856,2
27862,1
27869,1
27872,1
27875,1
27878,1
27882,1
27885,2
27888,2
27892,1
27901,2
27904,1
27907,2
27910,1
27917,1
27920,1
27923,1
27932,1
27936,1
27945,1
27965,1
27968,1
27972,1
27974,1
27978,1
27984,2
27987,1
27990,1
27991,1
27993,1
28003,2
28019,1
28020,1
28022,1
28029,1
28041,1
28042,1
28051,1
28061,1
28064,1
28067,2
28070,1
28071,1
28074,1
28083,1
28090,1
28093,1
28106,2
28115,1
28128,1
28132,1
28157,1
28166,1
28169,2
28170,1
28173,1
28186,1
28189,1
28195,2
28196,1
28211,2
28214,1
28220,1
28224,1
28228,1
28231,1
28233,1
28234,1
28240,1
28246,1
28249,1
28259,2
28265,1
28269,1
28272,1
28275,1
28279,1
28281,1
28285,1
28288,1
28291,2
28313,1
28329,1
28333,1
28336,1
28339,1
28342,1
28345,1
28346,1
28349,1
28352,1
28356,1
28362,1
28378,1
28381,1
28384,1
28387,1
28393,1
28403,2
28404,1
28409,1
28425,1
28448,1
28451,3
28454,1
28467,1
28470,1
28480,2
28483,1
28484,1
28505,1
28506,1
28509,1
28512,1
28531,2
28541,1
28544,1
28547,1
28548,1
28550,1
28557,1
28569,1
28576,1
28579,1
28582,2
28596,1
28598,1
28604,1
28608,1
28611,1
28612,1
28627,1
28633,1
28637,1
28650,1
28653,1
28656,1
28659,1
28665,1
28666,1
28669,2
28678,1
28685,1
28692,1
28694,2
28701,1
28707,3
28717,1
28720,1
28723,1
28730,1
28733,2
28740,1
28742,1
28748,1
28752,2
28758,1
28761,1
28765,1
28775,1
28778,2
28784,3
28794,1
28796,1
28806,1
28809,1
28812,1
28819,2
28823,1
28832,1
28836,1
28841,1
28845,1
28848,1
28851,1
28854,1
28857,1
28858,1
28864,1
28870,1
28873,2
28876,1
28880,1
28883,2
28887,1
28899,2
28906,1
28918,1
28940,1
28950,1
28957,2
28966,2
28967,1
28983,1
28985,1
28989,1
28995,1
29008,1
29014,1
29033,1
29037,1
29047,2
29050,1
29072,1
29075,1
29078,2
29079,1
29085,1
29088,1
29097,1
29101,1
29104,2
29111,1
29116,1
29123,1
29143,1
29155,2
29165,2
29168,1
29172,2
29178,1
29190,1
29196,1
29203,1
29213,2
29216,2
29222,1
29226,1
29232,1
29245,2
29248,1
29252,1
29280,1
29296,1
29316,1
29318,1
29332,1
29334,2
29338,1
29344,1
29347,1
29350,2
29351,1
29366,1
29369,1
29379,1
29389,1
29399,1
29405,1
29411,2
29417,2
29430,1
29431,1
29437,2
29443,1
29446,1
29447,1
29456,2
29459,1
29462,1
29465,1
29469,1
29472,1
29475,3
29488,2
29495,1
29504,3
29508,1
29511,1
29514,1
29523,1
29527,2
29532,1
29536,1
29545,1
29555,1
29556,1
29559,1
29561,1
29568,2
29571,1
29574,1
29575,1
29584,1
29587,1
29597,1
29600,1
29609,1
29610,2
29619,1
29626,1
29636,1
29639,1
29658,1
29664,1
29667,1
29699,1
29709,1
29712,1
29715,1
29721,1
29722,1
29728,1
29731,1
29732,1
29734,1
29737,1
29747,1
29764,1
29766,1
29770,2
29776,3
29786,1
29799,1
29808,1
29818,1
29821,1
29830,1
29856,1
29860,1
29863,1
29868,1
29884,1
29894,1
29897,1
29914,1
29924,1
29927,1
29939,1
29945,1
29946,1
29955,2
29958,1
29968,1
29971,1
29975,1
29978,1
29981,1
29987,2
29994,1
29997,2
30003,1
30022,1
30023,1
30028,1
30035,1
30039,1
30042,1
30045,2
30051,1
30054,1
30061,1
30064,1
30074,2
30076,1
30080,1
30083,1
30084,1
30092,1
30109,1
30112,1
30122,2
30154,1
30160,1
30176,1
30179,1
30186,1
30205,1
30217,1
30218,1
30220,1
30231,1
30243,1
30249,1
30250,1
30253,1
30260,1
30262,1
30268,2
30269,1
30278,1
30281,2
30282,1
30298,2
30304,2
30307,1
30313,1
30316,1
30320,1
30326,2
30327,1
30330,1
30332,1
30345,2
30355,1
30365,1
30384,1
30387,1
30391,1
30397,1
30400,1
30416,1
30419,1
30435,1
30445,1
30448,1
30451,3
30452,1
30457,1
30458,1
30464,1
30493,3
30502,1
30503,1
30512,1
30525,1
30532,1
30534,2
30547,2
30553,1
30564,1
30576,1
30586,1
30595,2
30596,1
30598,1
30604,1
30620,1
30621,2
30630,1
30633,1
30643,1
30649,1
30656,2
30662,1
30665,1
30669,1
30672,1
30679,1
30685,2
30688,1
30692,1
30697,1
30704,3
30707,2
30710,1
30717,2
30736,2
30742,1
30743,1
30745,1
30746,1
30749,2
30755,1
30765,1
30768,1
30771,1
30790,1
30796,1
30797,1
30800,1
30816,1
30825,1
30839,1
30842,1
30854,1
30867,1
30874,1
30880,1
30886,1
30890,1
30896,1
30899,1
30902,1
30908,1
30928,1
30937,2
30944,1
30950,1
30960,1
30963,2
30967,1
30970,1
30972,2
30973,2
30980,1
30985,1
30989,1
30992,2
30998,2
31011,1
31014,2
31017,1
31024,1
31027,1
31033,1
31036,1
31046,1
31056,1
31060,1
31062,1
31069,1
31078,1
31085,1
31097,1
31104,1
31113,1
31120,2
31133,2
31139,2
31140,2
31143,1
31152,1
31162,2
31177,1
31197,2
31200,1
31216,2
31220,1
31236,1
31242,1
31245,1
31251,2
31255,1
31274,1
31276,2
31277,1
31290,1
31292,1
31293,2
31302,1
31305,2
31306,1
31309,1
31318,1
31322,1
31337,1
31338,1
31360,1
31363,1
31373,1
31376,2
31379,1
31382,1
31386,1
31388,2
31396,1
31402,1
31414,1
31415,1
31418,1
31428,1
31431,1
31433,1
31434,1
31462,1
31466,1
31469,2
31472,1
31475,1
31478,1
31482,1
31485,1
31498,1
31501,1
31504,1
31511,1
31520,2
31523,1
31536,1
31542,1
31555,1
31558,3
31571,2
31578,1
31581,1
31590,1
31591,1
31594,1
31597,1
31603,1
31609,1
31654,1
31657,1
31667,1
31670,1
31677,2
31680,1
31690,3
31734,1
31735,1
31740,1
31748,1
31750,1
31757,1
31766,1
31779,1
31792,1
31795,1
31798,1
31801,1
31817,3
31820,1
31831,1
31843,2
31849,1
31859,1
31862,1
31869,1
31872,1
31885,3
31901,3
31907,1
31908,1
31911,1
31930,1
31932,1
31933,1
31936,2
31939,2
31945,1
31946,1
31952,1
31962,1
31968,1
31997,1
32000,1
32007,1
32010,2
32016,1
32019,1
32025,1
32026,1
32032,1
32041,1
32045,1
32048,3
32057,1
32080,1
32083,1
32086,1
32087,1
32093,1
32105,1
32109,1
32112,2
32118,1
32141,1
32147,2
32148,1
32150,1
32151,1
32154,1
32157,1
32160,1
32176,1
32182,2
32183,1
32189,1
32192,1
32195,3
32202,1
32211,1
32214,1
32217,1
32224,3
32240,1
32247,1
32250,1
32253,1
32256,1
32259,2
32262,1
32269,1
32272,2
32282,1
32284,1
32298,1
32300,1
32301,1
32313,1
32317,1
32329,1
32332,1
32336,1
32342,1
32355,1
32361,1
32365,1
32371,2
32375,1
32384,2
32390,1
32397,1
32403,1
32410,1
32416,1
32432,1
32435,1
32439,1
32445,1
32451,1
32470,1
32471,1
32480,2
32493,2
32496,1
32505,2
32534,1
32540,1
32554,1
32560,1
32583,1
32588,1
32605,1
32608,1
32612,1
32618,1
32621,1
32624,1
32630,1
32636,1
32643,1
32646,1
32656,1
32659,1
32663,1
32668,1
32669,2
32676,1
32682,1
32685,1
32688,2
32692,1
32695,1
32701,1
32704,1
32708,1
32710,1
32714,2
32716,1
32720,3
32730,1
32733,2
32752,1
32755,1
32759,2
32762,1
32764,1
32768,1
32771,1
32774,1
32775,1
32788,1
32800,2
32809,2
32810,1
32826,1
32844,1
32848,2
32851,1
32871,1
32873,1
32883,1
32886,1
32893,1
32899,1
32912,1
32924,1
32925,1
32931,1
32941,1
32944,1
32947,1
32951,1
32969,1
32973,1
32979,1
32982,1
32983,2
32986,1
32992,1
32995,1
32998,1
32999,1
33014,1
33021,1
33027,3
33040,2
33049,1
33050,1
33062,1
33065,1
33075,1
33094,1
33098,2
33104,1
33110,1
33117,1
33123,1
33126,1
33127,1
33133,1
33162,2
33165,1
33168,1
33174,1
33175,1
33177,1
33194,1
33197,1
33203,1
33206,3
33216,1
33225,1
33226,1
33232,1
33241,1
33245,1
33251,1
33252,1
33267,1
33277,1
33283,2
33290,1
33296,1
33299,1
33309,1
33312,1
33321,1
33322,1
33328,1
33335,2
33347,1
33348,1
33364,1
33366,1
33367,1
33369,1
33373,1
33376,1
33383,1
33388,1
33392,1
33399,1
33402,1
33405,1
33408,1
33411,1
33417,1
33424,1
33430,1
33434,1
33437,1
33440,1
33447,1
33453,2
33459,1
33469,1
33475,1
33476,1
33482,1
33485,1
33488,1
33497,1
33498,2
33507,2
33508,1
33517,1
33523,1
33526,1
33527,1
33536,2
33539,3
33540,1
33543,1
33546,1
33562,1
33565,3
33568,2
33571,1
33575,1
33587,1
33590,2
33594,1
33606,1
33607,1
33616,1
33622,1
33623,1
33632,1
33638,1
33642,2
33648,1
33651,1
33657,1
33658,1
33660,1
33664,1
33699,1
33702,2
33705,1
33709,1
33712,1
33734,1
33738,2
33740,1
33741,1
33747,1
33754,2
33757,1
33769,1
33770,1
33776,1
33779,1
33808,1
33815,1
33821,1
33824,2
33834,1
33837,1
33840,2
33853,1
33860,1
33866,1
33895,1
33900,1
33917,1
33923,1
33936,1
33942,1
33949,1
33968,1
33972,1
33981,1
33993,1
34000,1
34016,1
34026,1
34028,1
34045,1
34061,1
34064,1
34067,1
34083,1
34087,1
34090,1
34103,2
34109,1
34115,2
34116,1
34118,1
34121,1
34122,1
34125,1
34128,1
34131,2
34132,1
34148,1
34150,1
34156,1
34163,2
34179,1
34192,1
34195,1
34198,1
34199,1
34208,1
34218,1
34227,1
34230,1
34253,1
34256,1
34262,1
34265,1
34275,2
34278,1
34288,1
34301,2
34310,1
34320,2
34327,1
34330,2
34345,1
34346,1
34352,1
34355,1
34365,1
34371,1
34377,1
34380,1
34384,1
34391,1
34397,1
34400,1
34407,1
34410,1
34413,1
34422,2
34423,1
34435,2
34444,1
34445,2
34448,1
34451,2
34454,1
34455,1
34458,1
34464,1
34467,1
34480,1
34486,1
34487,2
34492,1
34496,1
34499,1
34503,2
34509,1
34512,1
34528,1
34531,1
34538,2
34544,2
34547,1
34553,1
34554,2
34557,2
34563,1
34566,1
34567,1
34570,1
34573,1
34576,1
34579,1
34583,1
34592,1
34598,1
34599,1
34601,1
34605,1
34608,1
34615,2
34653,1
34659,2
34665,1
34675,1
34685,1
34695,1
34713,1
34717,1
34720,1
34732,1
34733,2
34736,2
34740,1
34749,3
34752,1
34755,1
34762,1
34764,1
34765,1
34774,2
34781,1
34784,1
34787,2
34794,1
34809,1
34810,1
34813,2
34816,4
34819,1
34823,2
34829,1
34832,1
34838,2
34842,1
34845,1
34851,2
34858,1
34864,1
34873,1
34874,1
34877,1
34884,1
34893,1
34902,1
34903,2
34906,1
34912,1
34915,2
34918,1
34922,1
34934,1
34938,1
34941,1
34957,1
34960,1
34970,1
34973,1
34976,1
34980,1
34983,1
34989,1
34992,2
35004,1
35005,1
35008,1
35015,2
35018,1
35020,1
35024,1
35027,1
35040,2
35043,1
35050,1
35056,2
35075,1
35076,1
35081,1
35095,1
35101,2
35107,1
35120,1
35124,1
35126,1
35136,1
35149,1
35165,1
35181,1
35196,1
35197,1
35203,2
35207,1
35212,1
35216,1
35222,1
35228,1
35271,2
35280,2
35318,1
35322,1
35344,1
35347,1
35350,1
35356,1
35357,1
35369,1
35379,1
35389,2
35395,1
35415,1
35424,2
35428,1
35431,1
35453,1
35456,1
35469,1
35475,2
35485,1
35491,1
35494,1
35498,1
35500,1
35504,1
35508,1
35510,1
35514,1
35526,1
35548,1
35565,1
35571,1
35581,1
35584,2
35587,1
35603,1
35610,1
35613,2
35622,1
35632,1
35635,1
35644,2
35648,1
35655,2
35667,2
35670,2
35674,1
35677,1
35715,1
35724,1
35728,2
35740,1
35750,1
35766,1
35767,1
35773,1
35785,1
35798,2
35801,1
35814,1
35824,1
35827,3
35834,1
35837,2
35840,1
35844,1
35846,1
35856,1
35862,2
35868,1
35869,1
35872,1
35875,2
35878,1
35879,1
35885,1
35894,1
35898,2
35900,1
35907,1
35911,2
35914,1
35920,1
35933,1
35936,2
35943,1
35949,1
35961,1
35965,3
35977,1
35978,1
35984,3
35988,1
35994,1
36003,1
36009,1
36010,1
36013,1
36016,1
36026,2
36036,1
36038,1
36048,1
36057,1
36061,1
36067,1
36070,1
36071,1
36080,1
36083,1
36093,2
36106,1
36109,2
36112,1
36122,1
36125,2
36128,3
36131,1
36132,1
36135,1
36153,1
36154,1
36160,1
36163,1
36169,1
36176,3
36179,1
36182,1
36192,4
36195,1
36196,1
36201,1
36204,1
36208,1
36214,1
36218,1
36224,1
36234,1
36240,2
36265,1
36269,1
36310,1
36311,1
36323,1
36336,2
36339,1
36348,1
36361,1
36374,1
36388,1
36406,1
36410,1
36423,1
36429,1
36439,1
36441,1
36451,1
36457,1
36464,1
36467,2
36471,1
36477,1
36480,1
36483,3
36502,1
36509,1
36515,1
36522,1
36538,1
36550,1
36560,2
36570,2
36586,1
36589,2
36595,1
36598,1
36602,1
36605,1
36608,2
36617,2
36624,1
36627,3
36633,1
36634,1
36636,1
36640,1
36649,1
36650,1
36656,1
36669,1
36672,1
36688,2
36704,1
36714,1
36729,1
36739,1
36742,1
36746,1
36752,1
36756,1
36762,1
36765,1
36775,1
36781,1
36787,1
36790,1
36794,1
36797,1
36803,2
36804,1
36816,1
36835,1
36854,2
36860,1
36864,1
36867,1
36870,1
36874,1
36883,1
36886,1
36896,1
36899,1
36903,1
36915,1
36921,1
36931,2
36951,1
36957,1
36964,1
36969,1
36970,1
36980,1
36989,1
37001,1
37015,1
37021,2
37030,1
37037,1
37043,1
37060,1
37065,1
37066,2
37069,1
37076,1
37078,1
37088,1
37092,1
37095,1
37097,2
37098,1
37104,1
37107,1
37114,1
37133,1
37136,1
37139,2
37155,1
37161,2
37165,1
37168,1
37174,1
37184,2
37194,1
37213,1
37216,2
37219,2
37229,1
37236,1
37238,1
37251,1
37258,1
37261,2
37270,1
37277,1
37280,1
37289,1
37293,2
37299,2
37302,1
37319,1
37325,1
37328,3
37334,2
37337,1
37338,2
37341,1
37347,2
37357,1
37360,1
37370,1
37383,1
37386,1
37389,2
37392,3
37399,1
37405,1
37415,1
37434,1
37437,2
37440,1
37443,1
37453,1
37459,2
37465,2
37472,1
37476,1
37481,2
37482,1
37484,1
37488,1
37494,1
37504,2
37507,1
37511,1
37513,1
37514,1
37516,1
37517,1
37520,1
37526,1
37527,1
37539,1
37549,1
37552,1
37558,1
37559,2
37572,2
37578,1
37580,1
37584,1
37604,1
37613,2
37622,1
37623,2
37638,1
37639,1
37642,1
37645,3
37657,1
37661,2
37664,1
37674,1
37680,1
37686,1
37692,1
37724,1
37725,2
37731,3
37732,1
37744,1
37757,1
37763,1
37769,1
37782,1
37796,1
37798,1
37802,1
37805,2
37808,1
37817,1
37821,2
37827,2
37844,1
37860,1
37872,1
37885,1
37888,1
37891,2
37897,1
37898,1
37907,1
37913,1
37920,1
37923,1
37926,2
37946,1
37956,1
37958,1
37968,1
37974,1
37987,1
37997,1
38006,1
38013,1
38032,1
38035,2
38042,3
38045,1
38061,1
38064,1
38080,1
38083,1
38100,1
38102,2
38112,1
38115,3
38121,1
38128,1
38135,1
38138,1
38151,2
38160,2
38167,1
38173,1
38180,1
38182,1
38202,1
38208,1
38211,1
38218,1
38228,1
38231,1
38240,2
38256,1
38260,1
38262,1
38269,1
38272,1
38275,1
38282,1
38294,1
38304,1
38314,1
38317,1
38320,1
38323,3
38330,1
38342,2
38346,1
38349,1
38352,1
38355,2
38362,1
38381,1
38388,1
38393,3
38397,1
38410,1
38419,2
38423,1
38438,1
38442,1
38448,1
38451,1
38461,1
38474,1
38480,1
38483,1
38489,1
38490,1
38496,1
38512,1
38525,2
38528,1
38535,1
38538,1
38547,1
38551,1
38563,1
38569,1
38570,3
38573,1
38582,2
38586,1
38589,1
38592,1
38595,2
38596,2
38601,1
38605,2
38608,1
38618,1
38621,1
38630,1
38640,3
38646,1
38647,1
38656,2
38663,1
38666,1
38678,1
38682,1
38685,1
38697,1
38704,2
38708,1
38710,1
38717,2
38727,1
38733,2
38740,1
38749,1
38778,1
38780,1
38784,1
38787,1
38791,1
38797,1
38819,1
38825,1
38829,1
38832,1
38835,2
38838,2
38848,1
38851,1
38854,1
38857,1
38858,1
38861,1
38871,1
38873,1
38876,1
38877,1
38880,1
38883,2
38892,1
38928,1
38931,1
38940,1
38944,2
38950,1
38954,2
38960,1
38963,1
38980,1
38983,1
38989,1
38995,1
39011,2
39024,1
39028,1
39030,1
39031,1
39044,1
39049,1
39052,1
39056,2
39059,1
39072,1
39094,2
39123,1
39129,1
39143,1
39152,1
39155,1
39156,1
39161,1
39177,1
39181,2
39184,1
39188,1
39197,1
39209,1
39213,1
39219,1
39235,1
39236,1
39248,1
39261,2
39274,2
39283,1
39287,1
39305,1
39312,2
39338,1
39347,1
39350,1
39357,1
39366,1
39373,1
39376,2
39379,1
39392,1
39396,1
39401,1
39402,1
39405,2
39408,1
39411,1
39430,1
39433,1
39434,1
39440,1
39443,1
39447,1
39450,1
39452,1
39453,2
39459,1
39460,1
39475,1
39485,2
39488,1
39492,1
39497,1
39498,1
39501,1
39504,1
39510,2
39514,1
39517,2
39523,1
39530,1
39536,3
39539,2
39540,1
39548,1
39552,2
39555,1
39565,1
39568,1
39575,1
39587,1
39591,2
39593,1
39596,1
39600,2
39616,1
39622,1
39632,1
39641,1
39642,1
39651,1
39668,1
39680,3
39684,1
39686,1
39687,2
39689,2
39696,1
39702,1
39715,1
39725,1
39728,1
39734,2
39738,1
39740,1
39747,1
39751,1
39760,2
39766,1
39779,1
39780,1
39783,2
39785,1
39792,1
39804,1
39815,1
39824,2
39834,1
39837,2
39844,1
39872,1
39885,2
39895,1
39898,1
39904,1
39917,1
39923,1
39936,2
39939,1
39949,2
39952,1
39955,1
39961,1
39962,1
39968,1
39980,1
39981,1
39984,2
39987,1
39990,1
39991,2
39997,1
40010,1
40023,1
40029,1
40032,2
40035,1
40038,1
40041,1
40045,1
40048,3
40058,1
40086,1
40087,1
40090,2
40099,1
40103,1
40106,1
40109,1
40115,1
40116,1
40118,3
40125,1
40128,1
40135,1
40138,1
40144,1
40147,1
40151,1
40160,1
40166,1
40170,3
40176,1
40189,1
40192,2
40195,1
40196,1
40205,1
40208,1
40214,1
40224,1
40227,1
40230,1
40231,1
40240,1
40246,1
40253,1
40259,1
40263,1
40266,1
40276,1
40288,1
40292,1
40298,1
40300,1
40304,1
40307,1
40308,1
40311,1
40314,1
40317,1
40323,1
40330,1
40333,1
40342,1
40343,1
40345,1
40346,1
40349,2
40352,1
40355,1
40361,1
40362,1
40368,2
40374,2
40381,2
40393,1
40413,1
40416,2
40422,1
40423,2
40428,1
40435,1
40438,1
40442,1
40445,1
40448,2
40452,1
40457,1
40458,2
40473,1
40496,1
40499,1
40518,1
40521,1
40528,1
40531,1
40538,2
40540,1
40554,2
40570,1
40576,1
40579,2
40586,1
40592,1
40596,1
40602,2
40618,1
40621,1
40627,1
40630,1
40634,1
40637,1
40656,1
40662,1
40668,1
40675,1
40678,1
40679,2
40681,1
40695,1
40708,1
40713,1
40717,1
40720,1
40723,1
40726,1
40727,1
40739,1
40745,1
40748,1
40752,1
40762,1
40765,1
40778,1
40781,1
40784,1
40793,3
40797,1
40804,1
40809,1
40816,1
40822,1
40823,1
40838,1
40844,1
40845,1
40851,1
40857,1
40858,1
40867,1
40871,3
40877,1
40880,3
40887,1
40896,1
40902,1
40905,1
40909,2
40912,1
40915,3
40918,1
40925,1
40941,3
40944,1
40957,1
40963,2
40966,2
40970,1
40976,1
40998,1
41001,2
41015,1
41024,1
41027,1
41040,2
41047,1
41053,2
41062,1
41063,1
41066,1
41069,1
41075,1
41085,1
41107,1
41111,1
41113,1
41117,1
41123,1
41129,2
41130,1
41133,1
41136,2
41145,1
41152,1
41162,2
41165,1
41168,1
41184,2
41187,1
41190,1
41206,1
41242,1
41245,2
41248,1
41261,1
41271,1
41276,1
41296,1
41309,2
41312,1
41318,1
41321,1
41337,1
41348,1
41353,1
41357,1
41360,1
41366,1
41369,2
41373,1
41376,1
41386,1
41392,1
41395,1
41408,1
41417,1
41421,1
41424,4
41427,1
41430,2
41431,1
41434,2
41440,2
41443,1
41450,1
41456,2
41466,1
41472,2
41481,2
41494,1
41495,1
41497,2
41501,2
41504,1
41510,1
41513,1
41514,3
41517,1
41523,3
41539,1
41545,1
41565,2
41568,1
41574,1
41584,1
41587,1
41590,2
41597,1
41609,1
41616,1
41619,2
41632,1
41658,1
41660,1
41664,1
41667,1
41680,2
41683,1
41692,1
41703,1
41706,1
41735,1
41737,1
41747,1
41750,1
41751,1
41756,1
41767,1
41773,2
41776,2
41783,1
41789,2
41799,1
41805,1
41814,1
41827,1
41833,1
41834,1
41836,1
41840,1
41844,1
41846,2
41847,2
41850,2
41856,1
41865,1
41868,1
41869,1
41872,2
41875,1
41885,1
41891,1
41898,1
41904,1
41911,1
41913,1
41920,1
41929,1
41933,1
41968,1
41981,1
41984,1
41988,1
42000,1
42013,1
42026,2
42029,1
42032,1
42036,1
42044,1
42048,1
42064,2
42074,1
42083,2
42092,1
42096,1
42100,1
42106,1
42116,1
42125,1
42128,1
42141,1
42157,1
42160,1
42173,2
42176,2
42183,1
42185,1
42188,1
42199,1
42205,2
42212,1
42218,1
42221,1
42237,1
42243,1
42247,1
42249,1
42253,1
42256,1
42275,1
42279,1
42282,1
42285,1
42291,1
42294,3
42324,1
42326,1
42327,1
42333,1
42343,1
42345,1
42384,1
42391,1
42397,1
42403,1
42416,2
42419,1
42422,1
42429,1
42439,1
42448,1
42451,1
42460,1
42464,1
42467,1
42470,1
42477,1
42480,1
42493,1
42499,1
42508,1
42519,1
42525,1
42532,2
42535,1
42556,1
42557,1
42570,1
42576,1
42583,1
42604,1
42605,2
42611,1
42621,1
42624,1
42643,1
42647,1
42653,3
42659,1
42663,1
42665,2
42672,1
42675,2
42679,1
42692,1
42694,1
42698,1
42704,1
42723,1
42727,1
42730,1
42742,1
42743,2
42745,1
42752,2
42761,1
42762,1
42768,1
42771,2
42794,1
42800,1
42804,1
42806,2
42810,1
42813,1
42819,1
42822,1
42826,1
42829,2
42832,1
42835,1
42838,1
42839,1
42841,1
42845,1
42851,1
42855,1
42858,1
42867,1
42873,1
42883,2
42902,1
42909,1
42921,1
42932,1
42940,1
42941,1
42944,1
42948,1
42950,2
42963,1
42970,1
42973,1
42979,1
42982,1
42985,1
42988,1
42992,2
42995,1
42999,1
43002,1
43011,1
43018,1
43021,1
43024,2
43027,1
43030,1
43036,1
43040,1
43043,1
43053,1
43056,2
43072,2
43091,1
43094,1
43107,2
43110,1
43111,1
43142,2
43155,3
43172,2
43175,1
43177,2
43178,1
43184,1
43194,1
43200,1
43206,2
43228,1
43229,2
43235,1
43254,1
43257,1
43264,1
43267,1
43274,1
43277,1
43280,1
43296,4
43299,1
43309,1
43315,1
43319,1
43321,1
43322,1
43325,1
43338,1
43350,1
43357,1
43379,1
43386,1
43402,1
43412,1
43417,1
43421,1
43424,1
43434,1
43437,1
43449,1
43501,1
43507,1
43523,2
43530,1
43536,1
43542,1
43552,1
43555,1
43561,2
43562,1
43578,1
43581,1
43584,1
43587,1
43606,1
43610,1
43632,2
43651,1
43654,1
43664,1
43683,1
43709,1
43712,2
43715,1
43725,1
43737,1
43750,1
43760,1
43763,2
43767,1
43773,1
43779,1
43792,1
43799,1
43802,1
43804,1
43805,2
43811,2
43812,1
43814,1
43817,1
43821,2
43824,1
43833,1
43853,1
43863,2
43869,2
43875,2
43881,1
43882,1
43885,1
43888,2
43891,1
43901,1
43907,1
43917,1
43920,1
43927,1
43929,1
43930,1
43933,1
43939,1
43945,1
43952,1
43962,2
43971,1
43972,1
43978,1
43997,1
44000,2
44006,2
44029,2
44032,1
44035,1
44036,1
44045,1
44048,1
44054,1
44061,3
44071,1
44077,1
44086,1
44087,1
44092,1
44100,1
44121,1
44122,1
44138,1
44150,1
44156,1
44163,1
44176,1
44192,1
44202,1
44211,2
44218,1
44230,1
44234,1
44240,1
44266,1
44268,1
44272,1
44284,2
44285,1
44288,1
44304,1
44307,1
44311,1
44317,1
44329,3
44336,1
44342,1
44343,1
44358,1
44362,1
44372,1
44377,1
44390,2
44397,1
44403,1
44404,1
44409,1
44426,1
44428,1
44435,1
44438,1
44444,2
44445,1
44448,1
44451,2
44455,1
44461,1
44464,2
44470,1
44471,1
44477,1
44490,1
44492,1
44509,1
44522,2
44525,1
44528,2
44531,1
44551,1
44553,1
44566,1
44567,1
44573,1
44576,1
44582,1
44583,1
44586,1
44596,1
44599,2
44605,1
44608,1
44611,1
44617,1
44618,2
44624,1
44630,1
44631,1
44637,1
44650,2
44656,2
44668,1
44675,2
44720,2
44726,1
44727,1
44729,1
44746,1
44752,1
44768,1
44771,1
44774,1
44778,1
44803,1
44806,1
44809,1
44816,1
44829,1
44835,1
44841,1
44851,1
44854,1
44861,1
44871,1
44884,1
44887,1
44893,1
44896,1
44905,1
44912,1
44922,1
44931,2
44957,1
44960,1
44963,1
44966,1
44967,1
44972,1
44976,1
44979,1
44985,1
44988,1
44989,1
44995,1
45015,1
45024,1
45027,1
45034,1
45059,1
45060,1
45069,1
45072,1
45081,1
45110,1
45117,1
45129,1
45136,1
45155,1
45168,1
45177,1
45184,1
45194,1
45207,2
45209,2
45212,1
45216,1
45219,1
45222,1
45223,1
45225,1
45229,1
45232,1
45255,1
45267,2
45271,1
45277,1
45280,1
45283,1
45299,1
45302,1
45308,1
45312,1
45315,2
45319,1
45322,1
45328,1
45334,1
45341,1
45354,1
45363,1
45367,1
45369,1
45376,1
45385,1
45389,1
45395,1
45399,1
45405,1
45408,1
45443,1
45449,1
45459,2
45462,1
45475,1
45482,1
45498,2
45510,1
45523,1
45524,1
45529,1
45532,2
45539,1
45549,2
45552,1
45561,2
45568,1
45571,1
45574,3
45581,1
45587,1
45594,1
45600,1
45603,1
45606,1
45610,1
45629,1
45635,1
45642,1
45644,1
45645,1
45657,1
45667,2
45677,1
45680,1
45696,2
45699,1
45703,1
45712,1
45719,1
45722,1
45725,1
45728,2
45731,1
45741,1
45744,1
45750,1
45760,1
45776,3
45779,1
45782,1
45792,1
45795,1
45808,1
45824,1
45827,1
45840,1
45846,1
45856,1
45859,1
45898,1
45904,1
45917,2
45936,1
45939,2
45942,1
45946,1
45955,1
45965,2
45968,1
45974,1
45981,1
45987,1
45997,1
46000,1
46013,1
46016,2
46019,1
46025,1
46039,1
46048,1
46055,1
46058,1
46061,2
46064,1
46067,1
46071,1
46077,3
46083,1
46096,1
46105,1
46109,2
46115,2
46119,1
46125,2
46128,1
46134,2
46141,1
46157,1
46160,3
46164,1
46170,1
46172,1
46179,2
46185,1
46208,2
46211,2
46221,1
46224,1
46233,1
46240,2
46249,1
46250,1
46263,1
46272,1
46275,2
46282,1
46297,1
46298,1
46304,2
46313,1
46320,1
46327,1
46330,1
46336,1
46346,1
46352,1
46359,1
46365,1
46384,2
46393,1
46394,1
46400,1
46407,1
46410,2
46423,1
46429,1
46435,1
46438,1
46442,1
46451,1
46471,2
46476,2
46477,2
46483,2
46489,1
46490,1
46496,1
46499,1
46500,1
46509,1
46512,1
46525,2
46531,1
46535,1
46538,1
46541,1
46544,1
46550,1
46551,1
46563,1
46583,1
46595,1
46605,2
46620,1
46624,1
46627,1
46633,1
46637,1
46640,2
46643,1
46646,1
46659,1
46669,1
46682,1
46688,1
46720,1
46723,1
46726,1
46729,1
46730,1
46742,1
46755,1
46761,2
46764,1
46765,1
46768,2
46771,1
46772,1
46774,2
46775,1
46781,1
46784,3
46788,1
46791,1
46793,1
46800,1
46806,1
46812,1
46816,2
46820,1
46829,1
46835,1
46838,1
46842,2
46845,1
46854,1
46857,1
46870,1
46877,1
46889,1
46896,2
46905,1
46909,1
46915,1
46921,1
46928,3
46931,1
46940,1
46944,1
46960,1
46969,1
46979,1
46992,1
47005,1
47027,1
47034,2
47043,1
47066,1
47068,1
47072,1
47079,1
47082,1
47111,1
47120,2
47129,2
47133,3
47149,2
47158,1
47162,1
47165,2
47168,2
47184,1
47190,1
47200,1
47204,1
47212,1
47226,1
47228,1
47229,1
47238,1
47248,1
47255,1
47258,1
47271,1
47280,2
47299,1
47300,1
47306,1
47319,1
47321,1
47322,1
47328,1
47338,1
47344,2
47347,1
47360,1
47366,1
47370,1
47376,2
47383,1
47396,2
47402,1
47408,1
47414,1
47427,1
47433,2
47446,1
47450,1
47463,1
47466,1
47469,1
47472,1
47475,1
47482,1
47491,1
47501,1
47517,1
47529,1
47539,1
47549,1
47556,1
47562,1
47580,1
47581,1
47584,1
47600,3
47609,1
47610,2
47623,1
47629,1
47632,1
47638,1
47641,1
47642,1
47645,1
47664,1
47673,1
47676,1
47687,1
47715,1
47722,1
47731,1
47734,3
47744,1
47747,1
47753,1
47770,1
47776,2
47782,3
47786,1
47798,1
47805,1
47824,1
47827,1
47834,1
47850,2
47856,2
47869,1
47876,1
47878,1
47879,1
47881,1
47882,1
47888,2
47904,1
47911,2
47920,1
47923,2
47930,1
47933,1
47936,1
47939,1
47942,1
47945,1
47946,2
47949,1
47952,2
47955,1
47956,1
47980,1
48013,1
48016,1
48026,1
48038,1
48045,1
48048,1
48051,1
48058,1
48071,1
48073,1
48074,1
48080,3
48092,2
48096,1
48112,1
48118,1
48124,2
48125,1
48137,1
48138,1
48150,1
48151,1
48154,1
48160,1
48163,1
48173,1
48176,2
48179,1
48185,1
48189,2
48192,1
48195,1
48198,1
48208,2
48214,1
48218,1
48221,1
48224,1
48236,1
48240,1
48250,2
48259,1
48266,1
48278,1
48288,1
48291,1
48292,1
48301,1
48307,2
48313,1
48314,1
48326,1
48336,1
48340,1
48342,1
48343,1
48355,1
48388,1
48397,2
48413,1
48451,1
48464,1
48467,1
48468,1
48471,1
48477,1
48486,1
48487,1
48489,1
48506,2
48518,1
48541,2
48544,1
48557,1
48572,1
48586,1
48599,3
48602,1
48617,2
48624,1
48637,1
48643,1
48646,2
48649,1
48652,1
48665,1
48672,1
48675,1
48679,1
48685,1
48694,2
48698,1
48720,2
48726,1
48730,1
48739,1
48745,1
48746,1
48748,1
48749,1
48752,1
48755,2
48768,1
48771,1
48774,1
48775,1
48784,1
48794,1
48797,2
48803,1
48810,2
48816,2
48820,1
48823,1
48832,1
48838,1
48845,1
48854,2
48855,1
48861,1
48867,1
48870,1
48873,1
48880,1
48883,1
48887,1
48893,1
48896,2
48906,1
48925,1
48932,1
48937,1
48944,1
48957,1
48963,1
48969,1
48970,2
48982,1
48983,1
48992,3
49002,1
49024,2
49040,1
49043,1
49053,1
49063,2
49068,1
49069,1
49072,1
49075,1
49076,1
49078,2
49088,2
49092,1
49095,1
49097,1
49104,1
49114,1
49123,1
49124,1
49132,1
49136,2
49139,1
49152,1
49158,2
49162,1
49187,2
49207,1
49219,1
49223,1
49229,1
49232,1
49241,1
49242,1
49248,1
49257,1
49260,1
49261,1
49270,1
49273,1
49276,1
49286,1
49290,1
49300,2
49302,1
49305,1
49309,1
49312,1
49315,2
49319,1
49321,1
49322,1
49328,1
49334,1
49335,2
49341,2
49350,1
49354,1
49360,2
49370,1
49376,1
49379,3
49389,2
49392,1
49404,1
49408,1
49411,1
49415,1
49418,2
49424,2
49431,3
49434,2
49437,1
49466,2
49472,1
49475,1
49481,1
49485,1
49491,1
49498,1
49501,1
49510,1
49526,1
49530,1
49533,1
49539,1
49556,1
49558,1
49565,1
49590,1
49593,1
49600,1
49603,1
49613,1
49616,1
49632,1
49635,1
49648,1
49652,1
49664,1
49677,2
49684,1
49693,1
49696,1
49712,1
49722,2
49725,1
49728,1
49735,1
49741,2
49750,1
49751,1
49757,2
49769,1
49773,1
49776,1
49779,2
49783,1
49786,1
49795,2
49802,1
49808,2
49820,1
49821,1
49827,1
49833,1
49834,2
49840,1
49843,2
49847,1
49859,1
49885,1
49901,1
49904,1
49907,2
49910,1
49917,2
49920,1
49933,1
49936,1
49946,1
49952,1
49965,1
49971,1
49977,1
49980,1
49993,3
49997,1
50007,1
50013,2
50019,1
50045,1
50048,2
50068,1
50070,1
50073,1
50077,2
50080,1
50083,1
50090,1
50106,1
50118,1
50119,1
50121,1
50135,1
50138,1
50141,1
50153,1
50163,1
50173,1
50179,2
50186,1
50189,1
50192,1
50195,2
50201,1
50205,2
50208,1
50224,1
50227,1
50237,1
50240,2
50247,1
50256,2
50259,3
50262,2
50265,1
50268,1
50272,3
50288,2
50291,1
50292,1
50294,1
50297,1
50304,1
50307,2
50332,1
50336,1
50339,1
50346,1
50358,1
50364,1
50365,2
50368,1
50371,1
50374,1
50378,2
50384,1
50393,1
50397,1
50400,2
50403,1
50413,1
50429,1
50432,1
50435,1
50436,1
50441,1
50448,1
50451,1
50454,1
50467,1
50470,1
50477,1
50484,1
50487,1
50490,1
50492,1
50499,1
50503,1
50512,1
50518,1
50521,1
50525,1
50537,1
50547,1
50548,2
50551,1
50557,1
50563,1
50564,1
50573,2
50576,1
50592,1
50596,1
50605,1
50615,2
50618,2
50624,1
50628,1
50630,1
50640,2
50643,2
50646,2
50659,2
50660,1
50663,2
50675,1
50681,1
50688,1
50695,1
50697,1
50701,1
50707,2
50720,1
50727,1
50733,2
50739,1
50742,2
50752,1
50762,1
50765,1
50771,1
50772,1
50774,2
50777,1
50784,1
50787,1
50790,1
50791,1
50794,1
50800,1
50807,1
50823,1
50829,1
50835,1
50836,1
50845,1
50848,1
50851,1
50867,1
50889,1
50890,1
50899,1
50906,1
50909,1
50931,1
50934,1
50938,1
50947,1
50953,1
50960,1
50966,1
50967,1
50973,3
50980,1
50995,1
51002,1
51005,1
51011,2
51014,1
51021,1
51034,1
51037,1
51050,1
51056,1
51059,1
51066,1
51075,1
51079,1
51081,1
51088,1
51101,1
51107,2
51114,1
51136,1
51155,1
51158,1
51161,1
51162,1
51187,1
51190,1
51197,2
51200,1
51210,1
51216,1
51223,1
51235,1
51241,1
51242,1
51245,1
51248,1
51252,1
51267,1
51271,1
51283,1
51284,2
51305,1
51319,1
51324,1
51328,1
51337,1
51341,1
51347,1
51357,2
51366,2
51370,1
51373,2
51376,3
51392,1
51395,2
51414,1
51415,1
51420,1
51427,1
51434,1
51440,2
51450,2
51456,1
51469,2
51472,1
51475,1
51494,2
51498,1
51510,1
51513,1
51520,1
51523,1
51542,1
51549,1
51564,1
51584,1
51590,1
51619,1
51626,1
51629,1
51632,2
51639,1
51641,1
51648,1
51651,1
51658,2
51671,1
51677,1
51680,1
51683,1
51690,1
51693,1
51700,1
51702,1
51706,1
51708,1
51709,2
51712,2
51718,1
51725,1
51731,1
51732,1
51734,1
51744,1
51754,1
51776,1
51779,3
51782,2
51792,1
51795,1
51801,1
51804,2
51805,1
51808,2
51811,1
51824,1
51827,1
51840,2
51850,1
51869,1
51875,1
51881,1
51884,1
51885,2
51894,1
51904,2
51910,1
51911,1
51927,1
51930,1
51933,1
51936,1
51939,1
51945,1
51946,1
51955,1
51961,1
51965,1
51971,1
51974,2
51978,1
51981,1
51984,1
51987,1
51993,1
51994,1
51997,1
52006,1
52007,1
52013,1
52016,2
52019,1
52022,1
52025,1
52026,1
52029,3
52038,1
52039,1
52042,1
52058,1
52064,2
52067,1
52070,1
52077,1
52083,1
52090,1
52092,1
52093,1
52096,1
52102,1
52103,2
52105,1
52106,1
52112,2
52119,1
52128,1
52144,1
52147,1
52151,1
52157,1
52176,1
52179,1
52186,1
52189,1
52198,1
52202,1
52208,1
52212,1
52231,1
52247,1
52256,1
52259,2
52262,1
52265,1
52266,1
52269,1
52272,1
52291,2
52301,1
52304,2
52307,1
52308,1
52310,1
52329,1
52336,1
52356,1
52368,1
52384,1
52388,1
52391,1
52394,2
52400,2
52403,2
52406,1
52407,1
52412,1
52419,1
52425,1
52426,1
52432,1
52442,2
52445,2
52454,1
52457,1
52460,1
52468,1
52477,1
52480,1
52483,1
52486,1
52487,1
52489,1
52496,1
52499,1
52502,1
52515,2
52522,2
52525,1
52528,1
52535,1
52537,1
52550,1
52557,1
52569,1
52573,2
52579,1
52595,1
52598,1
52604,1
52614,2
52630,1
52647,1
52649,1
52653,1
52656,1
52669,1
52679,1
52694,1
52701,2
52708,1
52720,1
52723,3
52727,1
52729,1
52730,1
52736,1
52743,1
52745,1
52749,2
52752,1
52758,1
52765,1
52771,1
52777,2
52784,1
52790,1
52793,1
52800,2
52813,1
52819,1
52829,1
52842,1
52848,1
52851,2
52855,1
52871,1
52876,1
52880,1
52887,1
52899,1
52909,1
52922,1
52925,1
52928,1
52931,1
52935,3
52938,1
52944,1
52947,1
52950,1
52967,1
52995,2
53008,1
53012,1
53014,1
53021,1
53027,1
53040,2
53043,1
53049,1
53059,1
53069,1
53072,1
53088,1
53091,1
53098,1
53101,1
53120,1
53136,1
53139,2
53142,2
53146,1
53152,1
53155,1
53161,1
53171,1
53177,1
53178,1
53209,1
53210,2
53219,1
53222,1
53226,2
53239,1
53244,1
53245,1
53254,1
53258,5
53271,1
53280,1
53290,1
53293,1
53299,1
53305,1
53315,1
53324,1
53331,1
53334,1
53337,1
53348,1
53350,1
53351,1
53354,1
53357,2
53373,1
53380,1
53385,1
53405,1
53408,1
53414,1
53421,1
53427,2
53437,2
53443,2
53447,1
53450,1
53453,1
53456,3
53459,1
53466,1
53469,1
53475,1
53482,2
53484,1
53494,1
53497,1
53504,1
53510,3
53511,1
53530,1
53536,2
53539,1
53545,1
53546,2
53555,4
53559,1
53561,1
53571,1
53574,2
53590,1
53593,1
53597,1
53603,1
53612,1
53613,1
53652,1
53670,1
53676,1
53686,2
53689,1
53725,1
53744,1
53747,1
53748,1
53754,1
53763,1
53766,1
53767,1
53776,1
53782,1
53789,3
53792,3
53795,1
53808,1
53814,1
53815,1
53820,1
53830,1
53843,2
53846,1
53850,1
53856,1
53859,1
53860,1
53866,1
53875,1
53888,3
53897,1
53898,1
53901,1
53904,1
53907,2
53908,1
53914,1
53917,1
53923,1
53936,3
53942,1
53949,1
53952,2
53955,1
53961,1
53987,1
54000,1
54006,1
54012,1
54022,1
54038,1
54044,1
54048,1
54057,1
54058,2
54077,1
54096,3
54102,1
54112,1
54121,1
54138,1
54140,1
54144,1
54150,1
54154,1
54160,2
54167,1
54170,1
54176,1
54185,1
54186,1
54192,1
54217,1
54221,1
54224,1
54228,1
54230,1
54249,1
54253,4
54263,1
54272,1
54279,1
54288,1
54301,1
54304,1
54314,1
54320,1
54330,1
54336,1
54343,1
54349,1
54352,2
54368,1
54371,1
54374,1
54381,1
54384,1
54393,1
54394,1
54397,1
54403,2
54413,1
54425,1
54428,1
54432,3
54438,1
54442,2
54445,1
54454,1
54455,1
54464,3
54467,1
54473,1
54487,1
54492,1
54493,1
54499,1
54503,1
54506,1
54515,1
54525,1
54531,1
54535,1
54537,1
54541,1
54547,1
54553,2
54557,1
54566,2
54570,2
54576,1
54588,1
54592,1
54596,1
54608,3
54611,1
54618,2
54621,1
54627,1
54653,2
54659,1
54660,1
54662,2
54672,1
54685,1
54691,1
54704,1
54710,2
54717,1
54720,1
54726,2
54745,1
54755,1
54756,1
54762,1
54764,1
54765,1
54768,1
54778,1
54781,2
54797,1
54823,1
54832,2
54857,1
54858,1
54860,1
54880,1
54883,1
54887,1
54890,1
54896,2
54899,1
54902,1
54903,2
54909,1
54912,2
54921,1
54924,1
54940,2
54944,1
54947,1
54953,1
54966,1
54969,1
54979,1
54992,1
54999,1
55014,1
55018,1
55021,2
55030,1
55046,1
55056,1
55059,2
55076,1
55094,2
55108,1
55113,1
55120,1
55136,1
55162,1
55172,1
55177,1
55184,1
55187,1
55196,1
55203,1
55204,1
55212,1
55213,2
55216,4
55223,1
55229,1
55232,1
55235,1
55254,1
55258,1
55261,1
55267,2
55270,1
55280,2
55283,1
55286,1
55293,1
55299,1
55318,1
55328,2
55335,1
55337,1
55338,2
55340,1
55344,1
55350,1
55353,1
55363,1
55369,1
55370,1
55373,1
55382,1
55389,1
55392,1
55398,1
55404,1
55414,1
55427,1
55430,1
55434,1
55436,1
55440,2
55443,1
55469,1
55472,1
55475,2
55482,1
55498,1
55504,2
55507,1
55523,2
55530,1
55536,1
55549,1
55555,1
55558,1
55565,1
55568,2
55587,1
55594,3
55600,1
55610,1
55616,1
55648,2
55651,1
55655,1
55660,1
55673,1
55683,1
55686,1
55690,2
55693,2
55696,1
55702,1
55705,2
55709,1
55719,2
55722,1
55725,2
55734,1
55737,1
55738,1
55760,1
55767,2
55770,1
55776,2
55786,1
55789,1
55796,1
55802,1
55812,1
55824,1
55827,2
55830,2
55836,1
55850,1
55859,2
55863,1
55865,1
55868,1
55869,1
55878,1
55882,2
55892,1
55894,1
55900,1
55901,1
55904,1
55910,1
55911,1
55913,1
55914,1
55917,1
55923,1
55932,1
55936,1
55939,1
55942,2
55945,2
55946,1
55952,1
55974,2
55984,1
55990,1
55993,1
56003,3
56006,3
56007,1
56012,1
56016,1
56019,2
56042,2
56044,1
56045,1
56048,1
56051,1
56061,1
56067,1
56070,1
56083,1
56086,1
56092,1
56099,1
56105,2
56109,1
56112,1
56115,1
56118,1
56119,2
56128,1
56131,1
56138,1
56140,1
56141,1
56160,2
56163,1
56166,1
56167,3
56176,2
56179,1
56182,1
56188,1
56198,1
56199,1
56205,2
56211,1
56218,1
56220,1
56228,1
56233,1
56240,2
56243,1
56246,3
56247,1
56252,1
56260,2
56262,1
56266,1
56272,1
56275,1
56278,1
56288,2
56292,1
56301,1
56304,1
56307,1
56311,1
56316,1
56317,1
56320,1
56333,1
56336,1
56346,1
56352,1
56356,1
56365,2
56374,1
56375,1
56381,1
56394,1
56400,1
56406,1
56416,1
56419,1
56425,1
56435,1
56448,1
56458,1
56464,1
56468,1
56480,1
56487,1
56499,1
56500,1
56502,2
56506,1
56508,1
56509,1
56519,1
56521,1
56525,1
56535,1
56550,1
56551,1
56553,1
56560,1
56566,1
56570,1
56576,1
56579,1
56589,1
56608,1
56614,1
56615,1
56618,1
56628,1
56630,1
56637,2
56653,1
56672,1
56675,1
56685,1
56688,2
56698,1
56701,1
56704,1
56707,2
56714,1
56717,2
56723,2
56739,1
56752,1
56755,2
56762,1
56764,1
56777,1
56790,1
56806,1
56810,1
56816,1
56822,1
56839,1
56848,2
56861,1
56883,1
56893,1
56915,1
56916,1
56922,2
56924,1
56925,1
56931,2
56935,1
56937,1
56938,1
56941,1
56950,1
56951,1
56957,1
56963,2
56976,2
56989,3
56992,1
56995,1
57008,1
57014,1
57018,1
57021,1
57024,1
57027,1
57030,1
57033,1
57036,1
57047,1
57049,1
57052,1
57065,1
57069,3
57075,2
57085,1
57088,1
57101,2
57104,1
57108,1
57110,1
57114,1
57120,1
57123,2
57124,1
57136,1
57143,2
57146,1
57149,1
57152,1
57158,2
57168,1
57175,1
57181,2
57187,1
57197,2
57200,1
57203,1
57210,1
57222,1
57223,1
57226,1
57242,1
57251,2
57261,1
57267,3
57268,1
57270,1
57274,2
57287,1
57296,3
57305,1
57306,1
57308,1
57315,2
57318,2
57331,3
57332,1
57335,1
57338,1
57340,1
57341,2
57347,2
57354,1
57357,1
57360,1
57363,1
57366,1
57369,1
57373,2
57376,2
57379,1
57392,2
57395,1
57398,1
57405,4
57411,1
57421,2
57430,1
57443,1
57444,1
57446,1
57450,2
57453,1
57462,1
57469,1
57472,1
57494,1
57501,1
57504,1
57517,1
57520,3
57524,1
57526,1
57533,3
57536,1
57562,1
57571,1
57581,2
57584,2
57588,1
57593,1
57597,1
57607,2
57609,1
57610,2
57616,1
57619,1
57622,1
57632,1
57639,1
57658,1
57664,1
57674,1
57677,1
57680,1
57683,1
57686,3
57689,1
57705,1
57712,1
57715,1
57719,1
57722,1
57728,1
57738,1
57750,1
57763,1
57770,1
57776,1
57779,1
57798,1
57799,2
57801,1
57802,1
57808,1
57814,1
57817,1
57821,1
57824,1
57827,1
57830,1
57831,1
57834,1
57849,1
57850,1
57856,1
57859,2
57863,1
57869,1
57875,1
57881,1
57895,1
57910,1
57917,1
57920,1
57930,1
57933,1
57936,1
57939,1
57942,2
57948,2
57949,2
57965,1
57968,1
57971,1
57974,1
57978,1
57981,1
57993,1
57994,1
58000,2
58009,1
58016,1
58019,1
58022,1
58028,1
58032,1
58038,1
58041,1
58051,1
58058,1
58060,1
58064,3
58096,2
58112,1
58125,1
58141,1
58144,1
58166,1
58186,1
58192,1
58198,1
58208,1
58227,1
58228,1
58230,1
58234,1
58246,1
58249,1
58253,2
58262,1
58272,1
58278,1
58281,1
58282,1
58288,1
58294,1
58295,1
58297,1
58301,1
58304,1
58310,1
58329,1
58343,1
58345,1
58352,2
58362,1
58371,1
58374,2
58387,1
58393,1
58400,1
58403,1
58413,1
58423,1
58426,1
58432,1
58435,1
58441,1
58448,1
58451,1
58458,1
58464,1
58468,1
58474,1
58480,1
58490,1
58503,1
58505,1
58508,1
58509,1
58512,1
58528,2
58531,1
58544,1
58551,3
58564,1
58566,2
58569,1
58582,1
58585,1
58586,1
58592,1
58598,1
58599,1
58601,1
58608,1
58621,1
58624,2
58627,1
58628,1
58630,1
58636,1
58644,1
58653,2
58672,1
58681,1
58685,1
58704,2
58707,1
58710,1
58711,2
58720,1
58726,1
58727,1
58729,1
58736,2
58755,1
58762,2
58765,1
58771,1
58777,1
58781,1
58784,1
58787,1
58790,1
58806,1
58807,2
58813,1
58820,1
58826,2
58838,1
58844,1
58845,1
58848,1
58874,1
58880,1
58883,1
58886,2
58896,1
58900,1
58906,1
58908,1
58912,1
58924,2
58932,1
58934,1
58941,2
58944,2
58960,2
58966,1
58988,1
58989,1
58992,1
59002,1
59008,1
59011,1
59021,1
59024,1
59034,1
59040,1
59047,1
59050,1
59052,1
59056,1
59065,1
59069,1
59078,1
59104,1
59108,1
59110,1
59113,1
59114,2
59117,1
59126,1
59133,2
59136,1
59139,1
59146,2
59158,1
59161,1
59165,1
59174,1
59177,1
59187,2
59190,1
59200,2
59203,1
59213,1
59226,1
59229,1
59232,1
59242,1
59245,1
59248,1
59251,1
59257,1
59261,1
59267,1
59271,1
59277,1
59280,1
59290,1
59293,1
59296,1
59299,1
59302,1
59305,1
59308,2
59315,1
59341,2
59350,1
59366,2
59376,2
59379,1
59385,1
59395,1
59399,1
59408,1
59412,1
59415,1
59421,1
59431,1
59447,1
59488,1
59495,1
59498,2
59504,1
59507,2
59511,2
59517,1
59532,1
59539,2
59552,1
59555,4
59561,1
59564,1
59568,1
59577,1
59593,1
59594,1
59597,1
59600,2
59603,2
59607,2
59613,1
59616,2
59622,1
59623,1
59639,1
59642,1
59648,1
59657,1
59667,1
59671,1
59686,1
59690,1
59696,1
59703,1
59706,1
59709,1
59721,1
59731,1
59737,1
59738,1
59753,1
59760,1
59763,2
59776,1
59779,1
59780,1
59786,1
59795,1
59798,3
59799,1
59805,1
59814,1
59817,1
59818,1
59827,1
59840,1
59846,1
59853,2
59859,1
59872,2
59885,1
59888,2
59904,1
59920,2
59924,2
59933,1
59965,1
59972,1
59974,1
59975,1
59977,1
59984,1
59987,1
59997,2
60010,1
60016,1
60022,1
60032,1
60035,1
60036,1
60045,1
60048,1
60051,2
60054,1
60074,1
60077,2
60080,1
60090,2
60093,1
60105,1
60118,1
60119,2
60122,3
60125,1
60128,1
60135,1
60144,1
60147,2
60163,1
60166,1
60170,1
60173,1
60176,2
60180,1
60182,1
60189,1
60192,2
60195,1
60202,1
60205,1
60214,1
60215,1
60233,1
60237,1
60240,3
60243,1
60246,1
60249,1
60253,1
60256,1
60266,1
60272,1
60278,1
60279,1
60285,1
60291,1
60298,1
60304,2
60314,1
60323,1
60329,3
60336,2
60343,1
60349,1
60358,1
60362,1
60371,1
60384,1
60387,2
60390,1
60393,1
60394,1
60397,2
60406,1
60410,1
60416,1
60419,1
60422,1
60429,1
60445,1
60464,1
60467,1
60468,1
60486,1
60496,1
60509,3
60518,1
60535,1
60550,1
60554,1
60557,2
60567,1
60570,2
60573,1
60585,1
60586,1
60589,1
60595,1
60598,1
60601,1
60608,1
60627,1
60628,2
60633,2
60646,1
60650,2
60668,1
60672,1
60675,1
60692,1
60697,1
60701,1
60707,1
60717,1
60720,1
60723,1
60726,2
60727,1
60730,1
60736,1
60739,1
60742,1
60746,2
60752,2
60755,1
60758,1
60759,1
60768,2
60771,2
60778,1
60781,1
60787,2
60804,1
60809,1
60812,1
60816,1
60825,1
60835,2
60838,1
60851,1
60854,2
60861,1
60864,1
60867,1
60868,1
60886,1
60887,1
60893,1
60896,2
60899,1
60900,1
60905,1
60912,2
60915,1
60919,1
60932,2
60934,1
60953,1
60957,1
60960,1
60972,1
60982,1
60985,1
60998,1
60999,1
61005,1
61015,1
61031,2
61043,1
61044,1
61046,1
61053,1
61059,1
61060,1
61066,2
61072,1
61078,1
61084,1
61098,1
61101,1
61104,1
61107,1
61111,1
61117,1
61126,1
61149,1
61152,1
61155,2
61159,1
61175,1
61181,1
61184,1
61188,1
61190,1
61194,1
61200,1
61216,2
61219,1
61229,1
61257,2
61258,1
61260,2
61261,1
61264,1
61271,1
61274,1
61280,1
61284,1
61296,4
61302,1
61309,1
61312,2
61315,2
61321,1
61325,1
61328,1
61344,1
61347,1
61351,1
61353,1
61357,3
61367,1
61380,1
61386,1
61389,2
61398,1
61401,1
61402,1
61411,1
61412,1
61414,1
61418,1
61424,1
61430,1
61434,1
61446,1
61447,2
61478,1
61482,1
61495,1
61497,1
61511,1
61517,1
61527,2
61536,1
61539,1
61545,1
61546,1
61561,1
61562,1
61571,1
61581,1
61584,3
61604,1
61606,1
61616,1
61623,1
61632,1
61638,1
61642,1
61648,1
61651,1
61661,1
61667,3
61670,1
61673,1
61693,1
61708,1
61715,1
61718,1
61722,1
61737,1
61744,1
61750,1
61751,2
61767,1
61769,1
61776,1
61783,1
61808,1
61840,1
61843,1
61856,1
61860,1
61875,1
61878,1
61881,1
61884,1
61885,1
61888,1
61895,1
61897,2
61920,1
61923,1
61924,1
61929,1
61939,1
61942,1
61946,1
61949,3
61952,1
61959,1
61968,1
61974,1
61975,1
61987,2
61996,1
62013,1
62019,1
62026,1
62029,1
62038,1
62051,2
62071,1
62077,1
62080,2
62083,1
62084,1
62096,1
62105,3
62109,1
62134,1
62153,2
62160,3
62169,1
62170,1
62173,1
62179,2
62180,1
62188,1
62195,2
62198,1
62201,1
62205,3
62208,4
62214,1
62217,2
62218,1
62231,1
62233,2
62234,2
62240,3
62243,1
62252,1
62256,1
62260,1
62266,1
62269,1
62272,1
62275,1
62282,1
62288,2
62291,1
62298,1
62301,1
62304,3
62307,3
62310,2
62314,2
62317,2
62320,5
62323,1
62330,1
62332,1
62333,2
62339,2
62345,2
62348,1
62352,1
62356,1
62359,1
62364,2
62368,2
62371,2
62372,2
62374,1
62381,2
62384,2
62387,4
62388,1
62396,1
62397,4
62400,3
62403,4
62407,1
62409,2
62410,2
62413,5
62416,4
62419,3
62422,1
62425,1
62426,1
62429,4
62432,2
62435,1
62438,1
62439,2
62442,2
62448,7
62451,2
62452,1
62454,3
62455,2
62457,3
62458,2
62461,1
62464,3
62467,4
62470,2
62473,1
62474,2
62476,2
62480,3
62483,3
62486,2
62487,1
62489,1
62490,1
62493,1
62496,7
62499,2
62502,4
62503,1
62505,4
62506,5
62508,2
62509,4
62512,3
62515,2
62518,2
62519,2
62521,3
62522,4
62524,2
62525,6
62528,4
62531,4
62532,1
62534,2
62535,1
62537,1
62541,1
62544,6
62547,1
62548,3
62550,4
62551,5
62553,1
62554,4
62556,2
62557,6
62560,5
62563,1
62566,2
62567,1
62569,3
62570,4
62572,2
62573,2
62576,3
62579,2
62582,3
62583,4
62585,2
62586,2
62588,1
62589,5
62592,9
62595,4
62596,2
62598,3
62599,3
62601,6
62602,2
62605,4
62608,7
62611,3
62612,3
62614,5
62615,1
62617,2
62618,2
62621,1
62624,4
62627,5
62628,3
62630,2
62631,1
62633,2
62634,4
62636,2
62637,3
62640,7
62643,5
62646,3
62647,1
62649,3
62650,2
62652,2
62653,3
62656,4
62659,4
62660,1
62662,3
62663,1
62665,3
62666,6
62668,1
62669,2
62672,5
62675,3
62676,1
62678,4
62679,3
62681,2
62682,1
62684,1
62685,7
62688,2
62691,8
62692,1
62694,1
62695,1
62697,5
62698,5
62700,3
62701,3
62704,6
62707,1
62708,3
62710,5
62711,3
62713,1
62714,3
62716,1
62717,3
62720,5
62723,5
62726,5
62729,1
62730,3
62732,2
62733,5
62736,3
62739,2
62742,1
62743,1
62745,2
62746,4
62748,1
62749,1
62752,1
62755,3
62758,6
62759,1
62761,1
62762,3
62765,3
62768,9
62771,5
62772,2
62774,6
62775,3
62777,1
62778,1
62781,4
62784,6
62787,4
62790,2
62791,3
62794,2
62797,4
62800,5
62803,2
62804,1
62806,1
62807,1
62809,2
62813,2
62816,3
62819,3
62822,1
62825,2
62826,3
62828,1
62829,3
62832,2
62835,2
62836,1
62838,3
62839,2
62841,1
62845,2
62848,2
62851,4
62852,3
62854,2
62855,1
62857,3
62858,1
62861,1
62864,5
62867,1
62870,3
62871,2
62874,1
62876,2
62877,3
62880,2
62883,3
62886,1
62887,2
62890,1
62899,3
62902,1
62903,2
62905,1
62908,1
62909,5
62912,1
62915,2
62918,3
62921,1
62928,1
62931,2
62934,1
62937,1
62941,1
62944,2
62960,3
62963,1
62966,1
62969,1
62976,2
62979,1
62980,1
62982,1
62986,2
62989,1
62992,1
62996,1
62998,2
62999,1
63004,1
63014,2
63033,1
63044,1
63047,1
63056,2
63075,2
63085,1
63110,1
63126,1
63136,1
63161,1
63162,1
63184,1
63187,1
63196,1
63255,1
63271,1
63280,1
63290,1
63318,1
63337,1
63344,2
63389,1
63453,1
63465,1
63527,1
63571,1
63623,1
63638,1
63657,1
63748,1
63808,1
63843,1
63859,1
63866,1
63933,1
63939,1
63971,1
63993,1
64003,1
64026,1
64042,1
64057,1
64073,1
64125,1
64141,1
64164,1
64208,1
64218,1
64256,1
64259,1
64268,1
64278,1
64307,1
64311,1
64326,1
64327,1
64336,1
64348,1
64355,1
64358,1
64368,1
64381,1
64413,2
64451,1
64454,1
64458,1
64464,1
64476,1
64483,1
64496,2
64508,1
64516,1
64518,2
64531,1
64534,1
64537,1
64538,1
64544,2
64573,1
64579,1
64592,1
64595,1
64599,1
64604,1
64605,1
64627,1
64633,1
64649,1
64656,1
64659,1
64669,1
64688,1
64695,2
64701,1
64710,1
64723,1
64726,1
64730,1
64742,1
64743,1
64745,1
64749,1
64762,1
64781,1
64784,1
64797,1
64838,1
64880,1
64906,1
64938,1
64950,1
64972,1
64995,2
65012,1
65174,1
65232,1
65238,1
65303,1
65386,1
65479,1
65510,1
65606,1
65613,1
65628,1
65632,1
65654,1
65657,1
65747,1
65776,1
65789,1
65799,1
65850,1
65939,1
66080,1
66089,2
66163,1
66237,1
66240,1
66250,1
66256,1
66359,1
66441,1
66448,1
66522,1
66608,1
66611,1
66633,1
66656,2
66665,1
66678,1
66784,1
66794,1
66813,1
67229,1
67238,1
67245,1
67462,1
67488,1
67677,1
67780,1
67782,1
67804,1
67805,1
67811,1
67831,1
67882,1
67888,1
67964,1
67994,1
68019,1
68036,1
68128,1
68163,1
68172,1
68301,1
68400,1
68521,1
68535,1
68630,1
68634,1
68682,1
68775,1
68858,1
68867,1
69129,1
69267,1
69293,1
69373,1
69485,1
69495,1
69596,1
69597,1
69619,2
69638,1
69786,1
69859,1
70000,1
70004,1
70055,1
70103,1
70128,1
70135,1
70266,1
70301,1
70313,1
70326,1
70455,1
70471,1
70492,1
70576,1
70583,1
70585,1
70618,1
70640,1
70646,1
70653,1
70659,1
70660,1
70678,1
70720,1
70724,1
70726,1
70742,1
70746,1
70755,1
70762,1
70765,1
70775,1
70806,1
70807,1
70832,1
70851,1
70880,1
70899,1
70905,1
70919,1
70944,1
70947,1
70979,1
70996,1
71031,1
71040,1
71056,1
71142,1
71178,1
71241,1
71261,1
71312,1
71484,1
71584,1
71731,1
71795,1
71821,1
71868,1
71907,1
71958,1
72256,1
72323,1
72374,1
72451,1
72547,1
72745,1
72746,1
72819,1
72857,1
72954,1
73088,1
73139,2
73283,1
73632,1
73674,1
73776,1
73795,1
73878,1
73964,1
74045,1
74140,1
74144,1
74231,1
74234,1
74393,1
74464,1
74480,1
74487,1
74557,1
74560,1
74583,1
74608,1
74621,1
74880,1
74925,1
75037,1
75126,1
75171,1
75220,1
75258,1
75277,1
75302,1
75357,1
75414,1
75427,1
75494,1
75677,1
75830,1
76147,1
76275,1
76323,1
76391,1
76438,1
76762,1
76947,1
76995,1
77065,1
77204,1
77283,1
77357,1
77482,1
77510,1
77546,1
77696,1
77760,1
77785,1
77955,1
78118,1
78144,1
78154,1
78157,1
78192,1
78246,1
78320,1
78438,1
78502,1
78531,1
78563,1
78572,1
78592,1
78634,1
78640,1
78704,1
78749,1
78825,1
78835,1
78870,1
78916,1
79162,1
79299,1
79520,1
79664,1
79677,1
79817,1
79975,1
80093,1
80252,1
80352,1
80391,1
80438,1
80630,1
81380,1
81443,1
81472,1
81689,1
81734,1
81801,1
81955,1
82090,1
82355,1
82442,1
82762,1
82765,1
82983,1
83306,2
83642,1
84006,1
84281,1
84381,1
84531,1
84541,1
85488,1
86253,1
86566,1
86627,1
86822,1
87133,1
87395,1
87555,1
87958,1
88195,1
88320,1
88637,1
89197,1
90118,1
90346,1
91018,1
91552,1
92061,1
92554,1
92730,1
92870,1
93037,1
93043,1
93162,1
93606,1
94563,1
94765,1
96041,1
