# Samples: 98597, Average: 8189.4 ns, StdDev: 1401.8 ns, Quartiles: 7546.0/8016.0/8483.0 ns
6652,1
6704,1
6733,1
6739,1
6742,1
6743,1
6746,2
6749,2
6758,1
6762,1
6765,1
6771,1
6774,1
6775,1
6778,1
6781,2
6787,2
6790,2
6791,1
6794,2
6796,1
6797,2
6800,2
6803,4
6804,1
6806,1
6809,1
6812,1
6813,2
6816,1
6819,4
6822,2
6825,4
6826,4
6828,1
6829,4
6832,2
6835,4
6838,1
6839,2
6841,3
6842,4
6844,1
6845,3
6848,7
6851,3
6852,4
6854,3
6855,2
6857,3
6858,2
6860,2
6861,8
6864,8
6867,2
6868,2
6870,4
6871,8
6873,1
6874,5
6876,3
6877,11
6880,15
6883,9
6884,1
6886,8
6887,9
6889,5
6890,7
6892,1
6893,10
6896,13
6899,11
6900,2
6902,9
6903,8
6905,1
6906,6
6908,3
6909,18
6912,18
6915,7
6916,4
6918,11
6919,5
6921,4
6922,9
6924,4
6925,14
6928,17
6931,13
6932,3
6934,10
6935,12
6937,7
6938,19
6940,3
6941,20
6944,16
6947,16
6948,9
6950,13
6951,17
6953,7
6954,17
6956,7
6957,32
6960,28
6963,34
6964,6
6966,27
6967,10
6969,18
6970,14
6972,7
6973,34
6976,38
6979,23
6980,6
6982,18
6983,16
6985,19
6986,17
6988,8
6989,41
6992,53
6995,31
6996,5
6998,28
6999,15
7001,21
7002,26
7004,7
7005,35
7008,40
7011,39
7012,9
7014,33
7015,20
7017,27
7018,44
7020,13
7021,48
7024,54
7027,55
7028,16
7030,26
7031,17
7033,27
7034,37
7036,13
7037,58
7040,70
7043,67
7044,15
7046,52
7047,19
7049,36
7050,50
7052,22
7053,72
7056,80
7059,59
7060,15
7062,44
7063,28
7065,37
7066,50
7068,23
7069,83
7072,79
7075,62
7076,16
7078,49
7079,31
7081,32
7082,51
7084,15
7085,71
7088,101
7091,79
7092,19
7094,53
7095,33
7097,31
7098,53
7100,15
7101,78
7104,91
7107,74
7108,18
7110,66
7111,42
7113,39
7114,61
7116,21
7117,95
7120,104
7123,79
7124,19
7126,60
7127,42
7129,51
7130,65
7132,33
7133,81
7136,112
7139,89
7140,22
7142,63
7143,34
7145,52
7146,81
7148,24
7149,86
7152,122
7155,97
7156,15
7158,74
7159,55
7161,55
7162,76
7164,34
7165,96
7168,142
7171,111
7172,24
7174,81
7175,48
7177,57
7178,69
7180,24
7181,96
7184,115
7187,117
7188,24
7190,82
7191,66
7193,52
7194,71
7196,26
7197,121
7200,149
7203,124
7204,28
7206,68
7207,58
7209,48
7210,66
7212,36
7213,128
7216,130
7219,120
7220,30
7222,84
7223,69
7225,59
7226,84
7228,27
7229,126
7232,154
7235,104
7236,30
7238,87
7239,60
7241,55
7242,101
7244,33
7245,128
7248,162
7251,99
7252,35
7254,87
7255,64
7257,57
7258,99
7260,38
7261,128
7264,152
7267,129
7268,33
7270,79
7271,63
7273,74
7274,93
7276,39
7277,128
7280,155
7283,118
7284,30
7286,80
7287,59
7289,64
7290,92
7292,39
7293,129
7296,155
7299,106
7300,22
7302,91
7303,65
7305,65
7306,105
7308,44
7309,151
7312,162
7315,121
7316,44
7318,90
7319,65
7321,67
7322,93
7324,44
7325,144
7328,154
7331,140
7332,34
7334,77
7335,67
7337,68
7338,101
7340,31
7341,123
7344,153
7347,133
7348,35
7350,105
7351,63
7353,59
7354,87
7356,29
7357,136
7360,180
7363,124
7364,33
7366,111
7367,61
7369,58
7370,77
7372,34
7373,121
7376,165
7379,133
7380,25
7382,98
7383,51
7385,71
7386,99
7388,34
7389,156
7392,170
7395,146
7396,32
7398,91
7399,70
7401,74
7402,115
7404,28
7405,132
7408,198
7411,140
7412,29
7414,101
7415,58
7417,74
7418,95
7420,29
7421,128
7424,167
7427,164
7428,39
7430,117
7431,67
7433,74
7434,97
7436,30
7437,147
7440,167
7443,140
7444,36
7446,115
7447,70
7449,63
7450,105
7452,27
7453,143
7456,176
7459,153
7460,29
7462,87
7463,69
7465,62
7466,114
7468,35
7469,135
7472,177
7475,136
7476,34
7478,110
7479,66
7481,71
7482,101
7484,34
7485,132
7488,161
7491,138
7492,29
7494,105
7495,58
7497,78
7498,102
7500,32
7501,136
7504,175
7507,146
7508,31
7510,84
7511,69
7513,52
7514,106
7516,37
7517,110
7520,137
7523,153
7524,38
7526,126
7527,56
7529,73
7530,99
7532,37
7533,120
7536,179
7539,115
7540,36
7542,106
7543,57
7545,59
7546,111
7548,39
7549,134
7552,186
7555,125
7556,36
7558,93
7559,66
7561,63
7562,95
7564,39
7565,124
7568,147
7571,135
7572,32
7574,96
7575,77
7577,68
7578,103
7580,30
7581,130
7584,161
7587,132
7588,32
7590,113
7591,63
7593,79
7594,105
7596,37
7597,150
7600,174
7603,124
7604,26
7606,95
7607,73
7609,68
7610,102
7612,32
7613,117
7616,208
7619,146
7620,33
7622,93
7623,95
7625,69
7626,83
7628,34
7629,133
7632,136
7635,140
7636,29
7638,76
7639,69
7641,66
7642,86
7644,29
7645,137
7648,149
7651,130
7652,37
7654,101
7655,59
7657,58
7658,90
7660,34
7661,147
7664,169
7667,122
7668,36
7670,105
7671,71
7673,71
7674,107
7676,30
7677,112
7680,166
7683,115
7684,36
7686,88
7687,69
7689,64
7690,99
7692,34
7693,138
7696,165
7699,130
7700,23
7702,77
7703,68
7705,63
7706,102
7708,31
7709,136
7712,180
7715,127
7716,33
7718,80
7719,75
7721,60
7722,81
7724,31
7725,121
7728,148
7731,121
7732,33
7734,91
7735,63
7737,59
7738,116
7740,29
7741,136
7744,150
7747,133
7748,38
7750,106
7751,62
7753,77
7754,102
7756,29
7757,130
7760,185
7763,110
7764,34
7766,103
7767,76
7769,71
7770,108
7772,28
7773,136
7776,174
7779,117
7780,44
7782,101
7783,70
7785,66
7786,91
7788,38
7789,137
7792,165
7795,142
7796,32
7798,108
7799,72
7801,67
7802,108
7804,38
7805,110
7808,165
7811,129
7812,41
7814,105
7815,62
7817,74
7818,96
7820,24
7821,116
7824,174
7827,148
7828,31
7830,109
7831,64
7833,75
7834,98
7836,32
7837,152
7840,168
7843,124
7844,44
7846,108
7847,53
7849,68
7850,97
7852,33
7853,128
7856,186
7859,131
7860,35
7862,102
7863,57
7865,74
7866,106
7868,28
7869,134
7872,168
7875,124
7876,25
7878,99
7879,67
7881,65
7882,110
7884,34
7885,132
7888,168
7891,115
7892,27
7894,105
7895,75
7897,61
7898,85
7900,39
7901,135
7904,169
7907,128
7908,37
7910,100
7911,59
7913,81
7914,96
7916,30
7917,156
7920,155
7923,138
7924,38
7926,85
7927,75
7929,72
7930,119
7932,34
7933,137
7936,168
7939,137
7940,33
7942,100
7943,72
7945,73
7946,113
7948,34
7949,140
7952,179
7955,137
7956,27
7958,98
7959,75
7961,67
7962,98
7964,34
7965,168
7968,179
7971,130
7972,42
7974,104
7975,61
7977,72
7978,93
7980,39
7981,165
7984,175
7987,148
7988,36
7990,100
7991,68
7993,60
7994,104
7996,31
7997,129
8000,172
8003,142
8004,38
8006,108
8007,53
8009,61
8010,107
8012,31
8013,146
8016,177
8019,145
8020,24
8022,112
8023,70
8025,70
8026,111
8028,23
8029,152
8032,164
8035,132
8036,34
8038,107
8039,77
8041,68
8042,105
8044,34
8045,126
8048,184
8051,131
8052,37
8054,129
8055,59
8057,59
8058,106
8060,38
8061,131
8064,180
8067,149
8068,42
8070,105
8071,61
8073,72
8074,115
8076,37
8077,117
8080,198
8083,151
8084,35
8086,116
8087,66
8089,69
8090,93
8092,39
8093,124
8096,164
8099,133
8100,43
8102,122
8103,75
8105,68
8106,129
8108,34
8109,132
8112,170
8115,143
8116,28
8118,112
8119,85
8121,76
8122,107
8124,49
8125,149
8128,178
8131,142
8132,30
8134,94
8135,64
8137,71
8138,97
8140,38
8141,126
8144,170
8147,137
8148,19
8150,114
8151,71
8153,67
8154,98
8156,22
8157,125
8160,167
8163,148
8164,39
8166,86
8167,78
8169,72
8170,119
8172,46
8173,159
8176,152
8179,138
8180,37
8182,111
8183,74
8185,70
8186,116
8188,34
8189,126
8192,162
8195,138
8196,34
8198,117
8199,71
8201,78
8202,134
8204,30
8205,141
8208,158
8211,134
8212,22
8214,101
8215,83
8217,73
8218,88
8220,39
8221,139
8224,154
8227,130
8228,33
8230,104
8231,70
8233,70
8234,89
8236,28
8237,137
8240,185
8243,135
8244,41
8246,109
8247,69
8249,71
8250,92
8252,31
8253,139
8256,168
8259,138
8260,35
8262,91
8263,73
8265,59
8266,101
8268,23
8269,123
8272,178
8275,131
8276,38
8278,103
8279,73
8281,60
8282,93
8284,35
8285,133
8288,158
8291,111
8292,33
8294,110
8295,68
8297,81
8298,107
8300,33
8301,126
8304,164
8307,133
8308,32
8310,101
8311,61
8313,79
8314,93
8316,36
8317,141
8320,181
8323,125
8324,32
8326,84
8327,60
8329,52
8330,99
8332,43
8333,141
8336,168
8339,155
8340,29
8342,91
8343,59
8345,80
8346,102
8348,27
8349,149
8352,153
8355,136
8356,30
8358,95
8359,55
8361,86
8362,96
8364,37
8365,113
8368,137
8371,134
8372,38
8374,105
8375,60
8377,61
8378,124
8380,49
8381,142
8384,140
8387,125
8388,29
8390,91
8391,69
8393,66
8394,104
8396,35
8397,136
8400,166
8403,127
8404,39
8406,106
8407,66
8409,68
8410,100
8412,39
8413,128
8416,159
8419,154
8420,33
8422,89
8423,64
8425,58
8426,114
8428,30
8429,105
8432,190
8435,129
8436,38
8438,102
8439,82
8441,63
8442,92
8444,28
8445,125
8448,166
8451,114
8452,26
8454,83
8455,56
8457,77
8458,105
8460,38
8461,127
8464,148
8467,128
8468,28
8470,92
8471,63
8473,83
8474,95
8476,36
8477,136
8480,175
8483,126
8484,37
8486,110
8487,65
8489,48
8490,86
8492,27
8493,138
8496,170
8499,118
8500,50
8502,104
8503,74
8505,61
8506,81
8508,32
8509,123
8512,175
8515,129
8516,35
8518,83
8519,62
8521,67
8522,115
8524,21
8525,136
8528,151
8531,125
8532,26
8534,86
8535,70
8537,54
8538,104
8540,45
8541,145
8544,173
8547,127
8548,29
8550,102
8551,63
8553,63
8554,108
8556,30
8557,129
8560,168
8563,108
8564,33
8566,106
8567,60
8569,58
8570,101
8572,38
8573,114
8576,133
8579,124
8580,33
8582,94
8583,55
8585,62
8586,96
8588,34
8589,130
8592,163
8595,114
8596,25
8598,89
8599,63
8601,61
8602,106
8604,43
8605,116
8608,152
8611,121
8612,42
8614,81
8615,65
8617,63
8618,95
8620,35
8621,124
8624,130
8627,115
8628,28
8630,103
8631,56
8633,54
8634,77
8636,36
8637,107
8640,135
8643,110
8644,23
8646,77
8647,64
8649,52
8650,90
8652,28
8653,100
8656,155
8659,111
8660,36
8662,94
8663,59
8665,63
8666,79
8668,21
8669,107
8672,121
8675,109
8676,36
8678,72
8679,57
8681,59
8682,75
8684,20
8685,114
8688,123
8691,99
8692,30
8694,82
8695,45
8697,38
8698,67
8700,17
8701,92
8704,111
8707,102
8708,22
8710,65
8711,34
8713,65
8714,70
8716,31
8717,101
8720,119
8723,88
8724,25
8726,65
8727,57
8729,47
8730,65
8732,26
8733,98
8736,108
8739,92
8740,30
8742,56
8743,52
8745,54
8746,55
8748,23
8749,86
8752,122
8755,90
8756,20
8758,61
8759,47
8761,62
8762,75
8764,13
8765,66
8768,104
8771,79
8772,21
8774,59
8775,46
8777,44
8778,63
8780,25
8781,84
8784,102
8787,89
8788,15
8790,48
8791,36
8793,40
8794,60
8796,22
8797,79
8800,80
8803,78
8804,17
8806,72
8807,40
8809,33
8810,57
8812,22
8813,64
8816,99
8819,57
8820,11
8822,50
8823,25
8825,34
8826,55
8828,13
8829,47
8832,61
8835,59
8836,19
8838,55
8839,25
8841,31
8842,38
8844,8
8845,66
8848,69
8851,56
8852,9
8854,50
8855,32
8857,27
8858,38
8860,15
8861,65
8864,63
8867,55
8868,16
8870,38
8871,26
8873,19
8874,56
8876,14
8877,61
8880,65
8883,54
8884,12
8886,43
8887,27
8889,18
8890,44
8892,14
8893,49
8896,52
8899,48
8900,14
8902,22
8903,32
8905,21
8906,33
8908,18
8909,42
8912,64
8915,40
8916,12
8918,35
8919,18
8921,15
8922,35
8924,12
8925,42
8928,63
8931,45
8932,10
8934,28
8935,26
8937,25
8938,42
8940,10
8941,27
8944,46
8947,38
8948,9
8950,31
8951,17
8953,16
8954,29
8956,11
8957,33
8960,49
8963,34
8964,6
8966,22
8967,19
8969,16
8970,20
8972,8
8973,32
8976,47
8979,23
8980,11
8982,28
8983,15
8985,12
8986,26
8988,11
8989,26
8992,47
8995,35
8996,4
8998,11
8999,16
9001,18
9002,27
9004,6
9005,27
9008,31
9011,25
9012,7
9014,17
9015,16
9017,10
9018,18
9020,11
9021,26
9024,30
9027,29
9028,13
9030,17
9031,13
9033,7
9034,20
9036,5
9037,20
9040,31
9043,27
9044,6
9046,17
9047,12
9049,16
9050,13
9052,6
9053,9
9056,21
9059,33
9060,4
9062,18
9063,17
9065,10
9066,11
9068,3
9069,21
9072,34
9075,19
9076,10
9078,16
9079,11
9081,9
9082,12
9084,7
9085,19
9088,28
9091,28
9092,6
9094,14
9095,10
9097,9
9098,16
9100,5
9101,15
9104,15
9107,20
9108,3
9110,11
9111,10
9113,8
9114,15
9116,6
9117,14
9120,20
9123,15
9124,2
9126,9
9127,11
9129,7
9130,4
9132,2
9133,16
9136,7
9139,19
9140,1
9142,10
9143,5
9145,8
9146,9
9148,2
9149,11
9152,16
9155,17
9158,10
9159,9
9161,3
9162,12
9164,2
9165,7
9168,22
9171,20
9172,2
9174,13
9175,7
9177,8
9178,13
9180,7
9181,7
9184,20
9187,16
9188,6
9190,6
9191,6
9193,6
9194,8
9196,1
9197,12
9200,10
9203,12
9204,4
9206,11
9207,4
9209,8
9210,6
9212,4
9213,11
9216,16
9219,16
9222,8
9223,3
9225,3
9226,10
9228,5
9229,11
9232,14
9235,15
9236,8
9238,11
9239,7
9241,7
9242,8
9244,8
9245,9
9248,12
9251,5
9252,5
9254,7
9255,2
9257,4
9258,6
9261,5
9264,11
9267,15
9268,5
9270,7
9271,4
9273,6
9274,7
9276,1
9277,8
9280,10
9283,7
9284,4
9286,5
9287,8
9289,3
9290,8
9292,3
9293,9
9296,14
9299,10
9300,4
9302,8
9303,7
9305,9
9306,6
9309,13
9312,11
9315,8
9316,2
9318,3
9319,5
9321,2
9322,9
9324,2
9325,12
9328,20
9331,12
9332,2
9334,8
9335,7
9337,6
9338,9
9340,1
9341,13
9344,10
9347,8
9348,3
9350,6
9351,4
9353,7
9354,3
9356,3
9357,11
9360,9
9363,10
9364,1
9366,9
9367,2
9369,4
9370,9
9372,2
9373,8
9376,16
9379,9
9380,4
9382,4
9383,12
9385,9
9386,8
9388,3
9389,12
9392,17
9395,4
9396,1
9398,6
9399,7
9401,4
9402,9
9404,6
9405,14
9408,15
9411,10
9412,3
9414,12
9415,4
9417,1
9418,6
9421,13
9424,10
9427,10
9428,6
9430,9
9431,4
9433,6
9434,7
9436,3
9437,19
9440,9
9443,10
9446,10
9447,8
9449,9
9450,12
9452,5
9453,11
9456,6
9459,8
9460,4
9462,13
9463,5
9465,7
9466,7
9468,5
9469,6
9472,16
9475,11
9476,2
9478,11
9479,5
9481,8
9482,7
9484,3
9485,6
9488,16
9491,14
9492,5
9494,11
9495,7
9497,5
9498,11
9500,1
9501,10
9504,21
9507,7
9508,1
9510,11
9511,5
9513,8
9514,10
9516,5
9517,9
9520,20
9523,8
9524,1
9526,16
9527,9
9529,5
9530,6
9532,3
9533,14
9536,10
9539,14
9540,2
9542,7
9543,3
9545,8
9546,7
9548,2
9549,14
9552,12
9555,14
9556,3
9558,14
9559,4
9561,4
9562,7
9564,5
9565,9
9568,15
9571,7
9572,6
9574,12
9575,4
9577,4
9578,12
9580,3
9581,14
9584,11
9587,7
9588,4
9590,2
9591,4
9593,9
9594,8
9596,5
9597,11
9600,9
9603,16
9604,2
9606,5
9607,6
9609,4
9610,3
9612,3
9613,12
9616,12
9619,9
9620,1
9622,10
9623,3
9625,7
9626,6
9628,5
9629,6
9632,11
9635,16
9636,1
9638,8
9639,4
9641,4
9642,4
9644,2
9645,6
9648,14
9651,11
9652,2
9654,5
9655,3
9657,8
9658,6
9660,4
9661,11
9664,13
9667,8
9668,3
9670,7
9671,6
9673,4
9674,11
9676,2
9677,4
9680,18
9683,9
9684,1
9686,8
9687,7
9689,4
9690,10
9692,1
9693,13
9696,6
9699,12
9700,1
9702,7
9703,4
9705,1
9706,6
9708,1
9709,6
9712,5
9715,7
9716,3
9718,4
9719,5
9721,4
9722,6
9724,2
9725,8
9728,11
9731,9
9732,2
9734,8
9735,7
9737,3
9738,3
9740,2
9741,9
9744,14
9747,9
9748,3
9750,5
9751,2
9753,1
9754,2
9756,2
9757,12
9760,13
9763,7
9764,2
9766,5
9767,4
9769,1
9770,2
9772,4
9773,7
9776,15
9779,9
9780,1
9782,5
9783,1
9785,4
9786,6
9788,1
9789,6
9792,10
9795,7
9796,2
9798,8
9799,1
9801,2
9802,9
9805,7
9808,5
9811,4
9812,2
9814,6
9815,3
9817,4
9818,3
9820,1
9821,8
9824,7
9827,7
9828,2
9830,7
9831,7
9833,6
9834,3
9836,3
9837,6
9840,9
9843,5
9844,2
9846,8
9847,3
9849,4
9850,2
9852,1
9853,5
9856,9
9859,11
9862,6
9863,2
9865,2
9866,4
9868,2
9869,5
9872,14
9875,8
9876,1
9878,5
9881,3
9882,6
9884,1
9885,6
9888,11
9891,6
9892,1
9894,3
9897,1
9898,7
9900,1
9901,11
9904,10
9907,3
9908,4
9910,4
9911,3
9913,3
9914,4
9916,1
9917,12
9920,9
9923,4
9924,1
9926,5
9927,5
9929,3
9930,5
9932,2
9933,4
9936,7
9939,4
9940,1
9942,4
9943,2
9945,1
9946,1
9949,6
9952,8
9955,12
9956,2
9958,2
9959,3
9961,2
9962,3
9964,2
9965,4
9968,7
9971,9
9974,5
9975,2
9977,3
9978,9
9981,7
9984,10
9987,9
9990,6
9991,3
9993,2
9994,2
9997,6
10000,8
10003,7
10004,3
10006,4
10007,4
10009,2
10010,11
10012,2
10013,4
10016,5
10019,6
10022,11
10023,2
10025,1
10026,3
10028,3
10029,10
10032,11
10035,4
10036,3
10038,4
10039,3
10041,2
10042,10
10044,1
10045,5
10048,8
10051,3
10052,3
10054,5
10055,1
10057,2
10058,1
10060,1
10061,2
10064,9
10067,5
10068,2
10070,5
10071,5
10073,3
10074,3
10076,3
10077,7
10080,6
10083,5
10086,3
10087,2
10090,3
10092,2
10093,1
10096,2
10099,3
10100,2
10102,2
10103,3
10105,1
10106,2
10108,2
10109,3
10112,3
10115,4
10116,2
10118,5
10119,2
10121,2
10122,4
10124,2
10125,6
10128,3
10131,2
10132,1
10135,4
10137,1
10138,3
10141,3
10144,2
10147,5
10148,1
10151,3
10153,1
10154,2
10156,1
10157,6
10160,6
10163,3
10164,1
10166,1
10167,1
10170,4
10172,1
10173,2
10176,2
10179,2
10180,3
10182,1
10183,1
10185,2
10186,6
10189,6
10192,5
10195,1
10198,5
10199,4
10202,5
10204,1
10208,3
10211,5
10214,4
10215,2
10217,1
10218,2
10221,5
10224,3
10227,2
10228,1
10230,1
10233,1
10234,2
10236,1
10237,2
10240,5
10243,2
10246,4
10247,3
10249,3
10253,4
10256,2
10259,4
10262,1
10265,3
10266,3
10269,3
10272,4
10275,4
10278,3
10279,3
10281,1
10282,3
10284,1
10285,1
10288,2
10294,3
10295,2
10297,3
10298,1
10301,1
10304,3
10307,4
10311,2
10313,2
10314,1
10317,2
10320,4
10323,4
10326,4
10327,1
10329,1
10330,2
10332,2
10333,3
10346,1
10349,2
10352,1
10355,6
10358,1
10359,1
10362,1
10365,3
10368,4
10375,1
10377,1
10378,3
10380,1
10381,3
10384,1
10390,2
10393,1
10397,4
10400,4
10403,1
10406,2
10407,1
10409,1
10410,1
10412,1
10416,1
10420,1
10422,1
10423,1
10426,1
10428,1
10429,1
10432,1
10435,1
10438,1
10445,1
10451,2
10455,1
10458,1
10461,1
10464,3
10468,2
10470,2
10471,3
10473,1
10477,1
10480,1
10487,2
10492,2
10493,2
10496,1
10499,1
10502,1
10506,1
10508,1
10509,1
10515,2
10525,1
10528,2
10531,2
10532,1
10537,1
10541,2
10544,1
10547,2
10557,1
10560,2
10563,1
10566,1
10567,1
10569,1
10573,1
10576,1
10582,1
10595,2
10602,1
10604,2
10605,1
10612,1
10615,1
10620,1
10621,2
10624,2
10633,1
10634,1
10637,1
10640,1
10646,1
10649,1
10653,1
10656,3
10659,2
10663,2
10679,1
10682,2
10685,1
10688,2
10700,1
10701,1
10708,1
10710,1
10717,1
10720,1
10723,1
10730,4
10736,2
10739,1
10749,1
10752,1
10755,2
10762,1
10768,2
10774,1
10784,1
10787,1
10793,2
10797,1
10806,1
10809,2
10810,1
10825,1
10826,1
10832,1
10839,1
10842,1
10845,2
10851,1
10854,1
10855,1
10861,2
10864,1
10870,1
10873,1
10883,1
10886,1
10887,1
10893,1
10896,2
10902,1
10912,3
10918,1
10928,1
10931,1
10951,1
10956,1
10957,1
10963,1
10966,2
10970,1
10976,2
10999,2
11002,1
11005,1
11008,1
11011,2
11017,1
11018,2
11027,1
11036,1
11037,1
11046,1
11050,1
11053,2
11056,1
11059,3
11060,1
11063,2
11066,1
11072,1
11075,1
11076,2
11078,1
11082,2
11084,1
11085,1
11088,3
11091,2
11092,1
11100,1
11113,1
11114,1
11132,1
11136,4
11149,2
11152,2
11159,3
11162,1
11165,1
11168,1
11171,4
11172,1
11178,1
11181,3
11187,1
11196,1
11197,1
11200,1
11210,2
11212,1
11213,1
11216,1
11219,2
11222,1
11223,1
11226,2
11228,2
11232,1
11235,2
11238,1
11242,2
11248,4
11261,1
11264,1
11267,1
11268,1
11270,2
11273,1
11280,3
11283,1
11286,2
11290,1
11293,3
11296,3
11299,1
11305,1
11306,2
11312,1
11315,2
11316,1
11318,2
11321,1
11322,1
11328,1
11331,2
11344,1
11347,4
11348,1
11350,2
11351,1
11353,1
11354,2
11363,1
11364,1
11369,3
11370,1
11376,4
11379,1
11380,1
11382,2
11385,1
11386,1
11388,2
11389,2
11392,4
11395,1
11398,4
11402,1
11405,2
11408,3
11411,1
11415,1
11417,1
11421,1
11424,1
11427,2
11430,1
11431,1
11434,2
11437,2
11443,1
11444,1
11446,1
11447,1
11456,3
11459,1
11469,3
11472,2
11475,3
11479,1
11481,2
11482,1
11484,2
11485,2
11497,3
11500,1
11501,1
11504,1
11507,2
11508,1
11510,1
11513,1
11514,1
11517,1
11520,2
11523,1
11526,1
11529,1
11530,1
11533,1
11536,2
11539,2
11542,1
11545,2
11546,2
11548,1
11549,2
11561,1
11565,4
11568,3
11571,2
11572,1
11574,1
11575,2
11577,2
11578,2
11580,1
11584,3
11588,1
11590,1
11591,2
11593,2
11594,1
11596,1
11597,1
11600,3
11603,2
11606,1
11607,1
11609,1
11610,1
11612,1
11616,2
11619,1
11622,1
11623,1
11629,1
11632,1
11635,1
11639,1
11642,1
11644,1
11648,2
11651,1
11652,1
11654,1
11655,1
11657,2
11658,1
11661,1
11664,1
11667,5
11673,1
11674,4
11677,1
11680,5
11686,1
11689,2
11690,4
11692,1
11693,2
11696,1
11699,3
11705,1
11706,1
11712,1
11715,2
11716,1
11721,2
11722,1
11728,3
11731,3
11738,1
11741,2
11744,1
11747,1
11751,1
11756,2
11760,1
11766,1
11769,1
11770,1
11779,2
11782,1
11783,2
11789,1
11799,2
11801,1
11802,2
11805,3
11808,1
11814,1
11815,2
11817,1
11821,1
11824,1
11827,1
11828,1
11833,1
11834,2
11840,2
11843,1
11844,1
11859,3
11860,1
11863,1
11866,1
11869,2
11872,1
11882,4
11885,1
11897,1
11904,1
11910,1
11914,1
11920,3
11923,1
11929,1
11936,2
11939,1
11946,2
11956,1
11958,2
11961,1
11968,2
11988,1
11996,1
12007,1
12009,1
12013,1
12022,1
12023,1
12029,2
12032,2
12039,1
12045,1
12048,1
12055,1
12067,2
12070,1
12071,1
12073,1
12074,1
12077,1
12080,1
12084,1
12090,1
12092,1
12093,1
12096,2
12099,1
12102,1
12115,1
12116,1
12134,1
12135,1
12144,1
12163,2
12169,1
12176,1
12189,1
12192,1
12195,2
12198,1
12199,2
12208,2
12211,1
12214,2
12215,1
12217,1
12227,1
12233,1
12243,3
12244,1
12246,2
12256,1
12259,1
12268,1
12272,2
12285,1
12291,2
12294,1
12297,1
12304,1
12310,1
12323,2
12336,2
12339,1
12342,1
12345,2
12346,1
12348,1
12362,1
12365,1
12371,1
12406,2
12407,1
12419,1
12426,1
12435,2
12442,1
12451,1
12467,1
12477,2
12480,1
12499,1
12502,1
12503,1
12525,2
12528,2
12532,1
12541,1
12544,1
12548,1
12557,2
12579,1
12586,1
12592,1
12602,1
12614,1
12621,1
12624,1
12627,2
12633,1
12652,1
12659,2
12662,1
12672,1
12675,2
12679,1
12688,1
12700,1
12711,1
12713,1
12716,1
12720,1
12730,1
12736,1
12740,1
12749,2
12759,1
12761,1
12768,1
12781,1
12784,1
12790,1
12793,1
12800,2
12803,2
12804,1
12813,1
12816,1
12826,1
12828,1
12835,1
12838,1
12842,1
12844,1
12851,1
12857,1
12870,1
12874,1
12892,1
12899,1
12902,1
12903,1
12908,1
12909,1
12912,1
12915,2
12918,1
12925,1
12941,1
12944,1
12947,1
12948,1
12954,1
12969,1
12979,1
12989,2
12992,1
13002,1
13011,1
13021,1
13024,1
13027,1
13033,1
13037,2
13046,1
13056,1
13059,2
13066,2
13088,2
13107,1
13110,1
13117,2
13129,1
13152,2
13155,2
13164,1
13168,1
13177,1
13180,1
13184,1
13190,1
13193,1
13194,1
13203,1
13209,1
13210,1
13213,1
13216,1
13220,1
13223,1
13229,1
13238,1
13248,1
13261,1
13274,2
13277,1
13280,1
13287,1
13290,1
13293,2
13299,1
13300,1
13302,1
13305,1
13308,1
13309,2
13312,1
13322,2
13335,1
13337,1
13338,1
13354,1
13370,1
13372,1
13376,2
13388,1
13395,1
13396,1
13398,1
13402,2
13405,1
13421,2
13428,1
13440,2
13450,1
13456,1
13459,2
13475,1
13476,1
13478,1
13479,1
13485,1
13488,1
13497,1
13501,1
13507,1
13513,1
13514,1
13517,1
13520,1
13523,1
13530,1
13532,1
13533,1
13539,1
13542,1
13545,1
13546,1
13555,1
13561,1
13565,1
13571,1
13584,1
13587,1
13593,2
13603,1
13606,1
13619,1
13628,1
13632,2
13642,1
13645,1
13648,1
13660,1
13670,1
13673,2
13677,1
13687,1
13689,1
13699,1
13702,1
13703,1
13712,1
13721,1
13722,2
13728,1
13738,1
13750,1
13757,1
13770,1
13773,1
13782,2
13783,1
13786,1
13799,1
13805,2
13808,1
13814,1
13821,1
13827,3
13833,1
13834,1
13837,2
13840,1
13843,1
13846,1
13856,2
13862,1
13869,1
13875,1
13888,1
13892,1
13894,1
13897,1
13901,3
13910,1
13911,1
13917,1
13920,1
13926,2
13936,1
13961,1
13965,1
13974,2
13981,2
13988,1
13997,1
14000,1
14003,1
14006,1
14016,1
14032,1
14035,3
14042,1
14045,1
14052,1
14054,1
14058,1
14071,1
14083,1
14099,2
14102,1
14103,1
14109,2
14119,1
14131,2
14137,1
14147,2
14153,1
14160,1
14167,1
14173,2
14176,1
14186,1
14192,1
14195,1
14198,1
14202,1
14218,1
14230,1
14234,1
14240,1
14243,1
14249,1
14250,1
14262,1
14266,1
14279,1
14281,1
14284,1
14295,1
14307,1
14310,1
14320,1
14327,1
14342,2
14346,1
14349,1
14355,1
14359,2
14361,1
14364,1
14381,1
14391,1
14400,1
14406,1
14409,1
14410,1
14425,1
14428,1
14435,1
14452,1
14457,1
14464,1
14471,1
14476,1
14483,2
14489,1
14496,1
14508,1
14512,2
14518,1
14522,2
14537,1
14541,1
14544,1
14547,1
14560,1
14563,1
14566,1
14573,2
14576,1
14580,1
14582,1
14601,1
14604,1
14605,1
14608,1
14611,1
14617,1
14627,1
14637,1
14640,1
14643,1
14656,1
14672,1
14675,1
14684,1
14710,1
14720,1
14723,1
14727,3
14730,1
14755,1
14761,1
14790,1
14794,1
14796,1
14806,1
14809,1
14826,1
14829,1
14832,1
14838,1
14842,1
14845,1
14848,1
14854,1
14861,1
14867,1
14868,1
14871,1
14877,1
14880,2
14896,1
14903,1
14918,1
14922,1
14925,2
14957,2
14960,1
14963,1
14966,1
14976,1
14982,1
14996,1
14998,1
15001,1
15004,1
15008,1
15011,1
15053,1
15056,2
15075,2
15076,1
15078,1
15094,1
15101,1
15104,1
15120,1
15136,1
15142,1
15152,1
15158,1
15159,1
15168,1
15171,2
15174,1
15175,1
15178,2
15187,1
15188,1
15197,1
15200,2
15203,1
15207,1
15216,1
15219,1
15232,1
15238,1
15242,1
15245,1
15248,2
15254,1
15264,1
15273,1
15276,1
15280,1
15287,1
15289,2
15293,1
15296,2
15306,1
15309,1
15312,2
15315,1
15328,1
15331,1
15334,1
15341,1
15344,1
15354,1
15364,1
15373,1
15379,1
15389,3
15392,3
15395,1
15401,1
15408,1
15411,1
15415,1
15420,1
15431,1
15437,2
15440,1
15446,2
15452,2
15453,1
15465,1
15488,1
15491,1
15495,1
15501,2
15504,1
15507,1
15530,1
15539,2
15555,1
15559,1
15590,1
15591,1
15596,1
15597,1
15604,1
15609,2
15610,1
15629,1
15645,1
15648,2
15654,1
15660,1
15661,1
15664,1
15667,2
15670,1
15671,1
15689,2
15690,3
15696,1
15706,1
15719,1
15728,1
15731,2
15738,1
15741,1
15744,1
15747,2
15750,1
15757,1
15760,1
15780,1
15792,1
15795,1
15815,1
15817,1
15821,1
15824,2
15827,1
15834,2
15840,2
15843,1
15844,1
15852,1
15863,1
15872,3
15894,1
15904,3
15914,2
15926,1
15933,1
15939,2
15943,1
15948,1
15949,1
15961,1
15972,1
15977,1
15987,1
15990,2
15993,1
16000,1
16010,2
16012,1
16016,2
16019,1
16023,1
16025,1
16029,1
16042,1
16045,1
16061,2
16064,1
16067,1
16071,1
16074,3
16080,1
16083,1
16093,1
16096,1
16099,2
16115,2
16119,1
16125,1
16131,1
16132,1
16137,1
16138,1
16140,1
16144,2
16147,1
16154,1
16156,1
16160,1
16163,2
16167,1
16182,1
16186,1
16208,1
16212,1
16214,2
16215,2
16224,1
16227,1
16234,1
16237,1
16243,1
16244,1
16262,1
16263,1
16266,1
16268,1
16275,3
16276,1
16279,1
16282,1
16285,2
16288,1
16291,2
16304,1
16314,2
16316,1
16317,3
16320,1
16326,2
16327,2
16333,1
16340,1
16342,1
16343,1
16345,1
16358,2
16359,2
16365,1
16368,4
16380,1
16384,2
16387,1
16390,1
16391,1
16397,1
16400,1
16412,1
16416,2
16435,1
16444,1
16451,1
16455,1
16464,1
16471,1
16474,1
16477,2
16480,3
16483,4
16486,1
16490,1
16493,1
16496,2
16505,2
16508,1
16512,1
16518,1
16519,2
16522,1
16528,1
16531,2
16532,1
16537,1
16544,2
16548,1
16550,1
16551,2
16553,1
16554,1
16557,1
16560,1
16570,3
16572,1
16576,1
16579,1
16586,2
16595,1
16602,1
16605,1
16608,3
16611,3
16614,1
16621,1
16624,3
16627,1
16628,1
16634,1
16637,1
16643,3
16646,1
16649,3
16656,2
16659,1
16662,3
16669,1
16672,1
16679,1
16688,1
16691,1
16694,1
16697,2
16700,1
16701,1
16707,1
16710,1
16713,1
16714,1
16717,1
16730,1
16732,1
16736,1
16739,1
16743,1
16746,2
16749,3
16752,1
16758,3
16759,1
16774,2
16784,3
16787,1
16790,1
16797,2
16800,1
16806,1
16809,1
16813,1
16819,1
16820,1
16825,1
16828,1
16829,2
16832,2
16848,1
16851,2
16854,2
16864,1
16870,1
16873,3
16874,1
16877,1
16880,3
16883,1
16886,1
16887,1
16896,1
16899,4
16903,1
16905,1
16906,2
16912,2
16922,1
16925,2
16928,2
16931,1
16937,2
16941,2
16944,1
16947,1
16948,1
16970,2
16973,2
16976,1
16979,1
16983,1
16988,1
16989,1
16995,1
16998,1
16999,1
17005,1
17008,1
17011,1
17014,1
17021,1
17027,1
17028,1
17031,1
17034,1
17043,1
17044,1
17056,1
17065,1
17068,1
17069,1
17072,1
17079,1
17081,1
17082,2
17088,1
17095,1
17098,1
17100,2
17101,1
17110,1
17113,1
17114,2
17116,1
17117,1
17120,1
17123,1
17126,1
17127,1
17129,1
17132,1
17133,1
17136,1
17139,1
17149,3
17155,1
17171,1
17184,1
17191,1
17194,1
17196,1
17197,1
17206,3
17209,1
17216,2
17229,1
17232,3
17239,1
17241,1
17245,2
17248,2
17251,1
17252,1
17257,1
17264,4
17276,1
17277,1
17280,3
17283,1
17286,1
17290,1
17300,1
17302,2
17312,1
17315,1
17318,1
17321,1
17331,1
17334,1
17341,2
17344,3
17350,2
17357,1
17360,2
17373,2
17376,1
17383,1
17386,1
17405,1
17408,1
17418,1
17427,1
17430,2
17440,1
17443,1
17446,1
17447,1
17449,2
17456,2
17459,1
17469,1
17479,1
17482,1
17491,1
17494,1
17495,1
17498,3
17500,1
17514,2
17520,1
17524,1
17526,1
17533,2
17539,1
17543,1
17545,1
17546,1
17549,2
17552,1
17555,1
17562,1
17568,2
17575,1
17577,2
17584,3
17596,1
17597,2
17600,1
17603,1
17613,1
17616,2
17619,2
17625,1
17629,4
17632,2
17641,1
17642,1
17648,1
17651,1
17652,1
17654,2
17657,1
17660,1
17661,2
17664,1
17667,1
17670,1
17671,1
17673,1
17680,2
17686,1
17689,1
17690,1
17696,1
17699,2
17702,2
17706,4
17709,1
17712,2
17716,1
17722,1
17731,2
17735,2
17737,1
17744,4
17757,3
17760,1
17763,1
17770,1
17772,1
17773,2
17782,1
17789,3
17795,2
17798,1
17799,1
17802,2
17804,1
17811,2
17812,2
17818,2
17827,2
17830,1
17836,1
17837,2
17840,2
17846,1
17850,1
17853,1
17856,1
17862,1
17865,1
17872,1
17891,2
17897,2
17901,2
17904,1
17907,1
17911,1
17920,3
17926,1
17927,1
17933,1
17939,2
17945,1
17948,1
17965,1
17968,1
17971,2
17972,1
17981,1
17984,1
17987,2
17993,1
17997,1
18000,1
18003,1
18009,1
18016,1
18022,1
18023,1
18032,1
18035,1
18039,1
18041,1
18048,1
18057,1
18061,1
18067,1
18071,1
18074,1
18077,1
18080,3
18086,2
18096,1
18102,2
18109,1
18112,2
18118,1
18138,1
18144,1
18147,1
18148,1
18156,2
18183,1
18192,1
18199,1
18201,1
18202,2
18205,1
18221,1
18230,1
18231,1
18233,1
18237,1
18253,1
18256,1
18259,1
18272,1
18276,1
18282,1
18285,1
18288,1
18294,2
18311,1
18317,1
18330,1
18336,2
18345,1
18352,1
18355,1
18358,2
18361,1
18374,1
18378,1
18384,1
18391,1
18394,1
18400,1
18406,1
18416,1
18419,1
18422,1
18425,1
18428,1
18432,1
18442,1
18444,1
18445,1
18458,1
18464,1
18484,1
18486,1
18493,1
18496,1
18512,2
18515,1
18544,1
18547,1
18550,1
18560,1
18576,1
18579,2
18598,1
18604,2
18605,1
18611,1
18624,1
18631,1
18633,1
18634,2
18637,1
18653,1
18656,1
18666,1
18669,1
18672,2
18682,2
18691,2
18704,3
18707,1
18713,1
18720,1
18739,1
18740,1
18743,1
18755,2
18758,1
18764,1
18781,1
18787,1
18790,1
18793,1
18794,3
18797,1
18804,1
18806,2
18816,1
18822,1
18836,1
18845,1
18848,1
18851,2
18858,1
18860,1
18864,1
18867,1
18870,1
18871,1
18874,1
18880,1
18889,2
18893,1
18896,1
18900,1
18906,1
18912,1
18922,1
18944,1
18960,1
18970,1
18972,1
18976,1
18982,1
18992,1
19001,1
19021,1
19033,1
19034,1
19037,1
19040,1
19043,1
19046,2
19056,2
19062,1
19069,1
19082,2
19085,1
19091,3
19095,2
19107,1
19113,1
19114,1
19117,1
19123,1
19127,1
19136,1
19139,1
19146,1
19152,2
19155,1
19165,1
19168,2
19172,1
19184,1
19187,1
19193,1
19194,1
19203,1
19209,1
19219,1
19222,1
19225,1
19229,1
19235,1
19267,1
19270,1
19286,1
19287,1
19303,1
19324,1
19328,1
19337,1
19347,2
19366,1
19367,1
19398,2
19405,3
19411,1
19414,1
19418,1
19430,1
19437,2
19440,1
19443,1
19446,1
19449,1
19453,3
19462,1
19478,2
19482,1
19495,1
19500,1
19513,1
19524,1
19532,1
19533,1
19536,2
19545,1
19546,1
19549,1
19555,3
19568,1
19571,1
19578,1
19587,3
19593,1
19597,1
19603,1
19619,1
19623,1
19639,1
19642,1
19645,1
19651,1
19660,1
19661,1
19671,1
19673,2
19674,1
19699,1
19703,1
19712,1
19715,1
19722,1
19725,2
19734,1
19741,1
19750,1
19763,1
19766,1
19769,1
19779,2
19785,1
19798,1
19837,1
19888,1
19894,1
19920,1
19929,2
19936,1
19943,1
19952,1
19955,1
19977,1
19981,1
20016,1
20019,3
20039,1
20048,2
20061,1
20067,1
20109,1
20112,1
20141,1
20144,1
20154,1
20157,1
20160,1
20176,1
20189,1
20202,1
20227,1
20228,1
20237,1
20284,1
20304,1
20438,1
20470,1
20615,1
20620,1
20732,1
20902,1
21091,1
21129,1
21213,1
21229,1
21248,1
21341,1
21366,1
21392,1
21453,1
21463,1
21792,1
21836,1
21837,1
21888,1
21923,1
21949,1
21955,1
22064,1
25978,1
27885,1
33476,1
68535,1
69021,1
71654,1
73821,1
74186,1
75798,1
98045,1
