# Samples: 52756, Average: 15535.8 ns, StdDev: 3201.9 ns, Quartiles: 14490.0/14829.0/15252.0 ns
13302,1
13328,1
13379,1
13404,1
13408,1
13428,1
13453,1
13468,1
13476,1
13488,1
13494,1
13495,1
13501,1
13520,1
13529,1
13552,1
13555,2
13562,1
13564,1
13574,1
13581,1
13587,1
13590,2
13597,2
13600,1
13606,2
13607,2
13609,1
13613,1
13622,1
13625,2
13626,1
13629,1
13632,1
13635,4
13642,1
13648,3
13651,2
13654,1
13658,1
13661,2
13664,2
13667,2
13668,1
13671,4
13674,2
13676,1
13677,3
13680,4
13683,1
13687,1
13690,2
13692,1
13693,1
13696,3
13699,4
13700,2
13702,5
13703,1
13708,2
13709,6
13712,4
13715,3
13716,1
13718,3
13721,1
13722,9
13724,1
13725,3
13728,6
13731,4
13732,1
13734,1
13735,3
13737,5
13738,2
13741,5
13744,4
13747,3
13748,1
13750,2
13751,2
13753,5
13754,2
13757,4
13760,9
13763,5
13766,8
13767,7
13769,3
13770,7
13772,1
13773,5
13776,6
13779,7
13780,2
13782,2
13783,2
13785,4
13786,7
13788,2
13789,6
13792,13
13795,5
13796,3
13798,4
13799,4
13801,4
13802,6
13804,1
13805,7
13808,8
13811,10
13812,3
13814,4
13815,6
13817,5
13818,5
13820,2
13821,10
13824,15
13827,10
13828,2
13830,7
13831,4
13833,6
13834,3
13836,7
13837,11
13840,11
13843,18
13844,2
13846,8
13847,9
13849,6
13850,8
13852,5
13853,12
13856,12
13859,15
13860,5
13862,7
13863,4
13865,4
13866,11
13868,3
13869,13
13872,17
13875,9
13876,4
13878,12
13879,9
13881,4
13882,11
13884,5
13885,18
13888,19
13891,22
13892,3
13894,14
13895,7
13897,5
13898,11
13900,5
13901,18
13904,10
13907,10
13908,2
13910,6
13911,10
13913,7
13914,10
13916,2
13917,8
13920,19
13923,15
13924,3
13926,7
13927,9
13929,11
13930,14
13932,3
13933,19
13936,29
13939,22
13940,4
13942,14
13943,9
13945,6
13946,12
13948,4
13949,22
13952,35
13955,24
13956,6
13958,15
13959,10
13961,9
13962,16
13964,7
13965,31
13968,29
13971,19
13972,5
13974,20
13975,18
13977,12
13978,17
13980,12
13981,23
13984,24
13987,18
13988,4
13990,13
13991,14
13993,14
13994,24
13996,6
13997,19
14000,32
14003,19
14004,13
14006,21
14007,10
14009,13
14010,17
14012,6
14013,37
14016,33
14019,35
14020,11
14022,11
14023,22
14025,10
14026,13
14028,10
14029,29
14032,37
14035,32
14036,9
14038,21
14039,15
14041,13
14042,16
14044,5
14045,28
14048,42
14051,37
14052,6
14054,25
14055,19
14057,20
14058,26
14060,7
14061,32
14064,49
14067,30
14068,8
14070,25
14071,17
14073,18
14074,22
14076,6
14077,31
14080,58
14083,30
14084,8
14086,30
14087,31
14089,22
14090,28
14092,12
14093,48
14096,57
14099,39
14100,5
14102,26
14103,16
14105,27
14106,39
14108,7
14109,42
14112,68
14115,55
14116,9
14118,17
14119,22
14121,24
14122,29
14124,11
14125,37
14128,52
14131,32
14132,12
14134,28
14135,19
14137,21
14138,32
14140,10
14141,46
14144,68
14147,48
14148,12
14150,39
14151,21
14153,18
14154,39
14156,9
14157,48
14160,62
14163,45
14164,14
14166,38
14167,27
14169,29
14170,41
14172,12
14173,41
14176,56
14179,71
14180,10
14182,43
14183,31
14185,25
14186,53
14188,14
14189,55
14192,55
14195,60
14196,20
14198,45
14199,33
14201,30
14202,46
14204,18
14205,77
14208,63
14211,50
14212,11
14214,47
14215,26
14217,25
14218,34
14220,9
14221,63
14224,61
14227,71
14228,18
14230,51
14231,26
14233,29
14234,36
14236,15
14237,67
14240,86
14243,50
14244,19
14246,57
14247,32
14249,31
14250,44
14252,17
14253,51
14256,72
14259,58
14260,22
14262,39
14263,40
14265,33
14266,48
14268,9
14269,69
14272,86
14275,59
14276,15
14278,54
14279,36
14281,38
14282,56
14284,20
14285,76
14288,82
14291,75
14292,20
14294,50
14295,41
14297,27
14298,49
14300,16
14301,70
14304,95
14307,63
14308,17
14310,51
14311,41
14313,49
14314,44
14316,20
14317,77
14320,86
14323,74
14324,20
14326,48
14327,42
14329,34
14330,60
14332,27
14333,79
14336,89
14339,71
14340,22
14342,64
14343,47
14345,27
14346,55
14348,18
14349,70
14352,87
14355,88
14356,28
14358,61
14359,37
14361,49
14362,52
14364,19
14365,76
14368,93
14371,82
14372,16
14374,55
14375,35
14377,33
14378,67
14380,16
14381,98
14384,104
14387,72
14388,16
14390,62
14391,40
14393,33
14394,64
14396,20
14397,75
14400,110
14403,87
14404,16
14406,68
14407,41
14409,45
14410,56
14412,13
14413,99
14416,105
14419,65
14420,28
14422,65
14423,37
14425,52
14426,61
14428,15
14429,79
14432,107
14435,94
14436,14
14438,76
14439,26
14441,42
14442,66
14444,30
14445,79
14448,107
14451,85
14452,30
14454,67
14455,57
14457,51
14458,69
14460,21
14461,91
14464,107
14467,79
14468,23
14470,64
14471,52
14473,51
14474,70
14476,20
14477,115
14480,119
14483,79
14484,25
14486,63
14487,40
14489,38
14490,67
14492,35
14493,94
14496,111
14499,97
14500,19
14502,65
14503,50
14505,34
14506,70
14508,27
14509,86
14512,114
14515,86
14516,19
14518,63
14519,35
14521,38
14522,64
14524,23
14525,96
14528,124
14531,109
14532,29
14534,78
14535,55
14537,54
14538,70
14540,13
14541,99
14544,112
14547,105
14548,27
14550,69
14551,45
14553,58
14554,69
14556,17
14557,98
14560,126
14563,107
14564,22
14566,96
14567,35
14569,71
14570,62
14572,17
14573,82
14576,111
14579,87
14580,23
14582,62
14583,50
14585,49
14586,64
14588,36
14589,95
14592,124
14595,116
14596,25
14598,74
14599,39
14601,51
14602,64
14604,25
14605,113
14608,128
14611,108
14612,33
14614,65
14615,52
14617,46
14618,62
14620,20
14621,94
14624,126
14627,107
14628,21
14630,65
14631,49
14633,47
14634,83
14636,30
14637,90
14640,110
14643,104
14644,25
14646,77
14647,56
14649,51
14650,82
14652,12
14653,99
14656,109
14659,105
14660,24
14662,92
14663,56
14665,55
14666,87
14668,27
14669,101
14672,149
14675,117
14676,27
14678,78
14679,40
14681,59
14682,71
14684,25
14685,104
14688,111
14691,111
14692,22
14694,89
14695,38
14697,47
14698,87
14700,21
14701,113
14704,122
14707,91
14708,21
14710,82
14711,55
14713,57
14714,65
14716,32
14717,103
14720,132
14723,102
14724,28
14726,79
14727,58
14729,40
14730,82
14732,19
14733,102
14736,140
14739,99
14740,32
14742,87
14743,34
14745,46
14746,81
14748,35
14749,119
14752,124
14755,104
14756,25
14758,68
14759,52
14761,49
14762,78
14764,31
14765,92
14768,114
14771,102
14772,26
14774,64
14775,56
14777,47
14778,80
14780,23
14781,105
14784,123
14787,111
14788,25
14790,83
14791,50
14793,48
14794,74
14796,23
14797,110
14800,141
14803,95
14804,32
14806,70
14807,53
14809,55
14810,69
14812,23
14813,85
14816,138
14819,91
14820,24
14822,89
14823,44
14825,45
14826,79
14828,22
14829,94
14832,123
14835,94
14836,25
14838,66
14839,40
14841,51
14842,80
14844,31
14845,96
14848,122
14851,96
14852,27
14854,71
14855,49
14857,43
14858,90
14860,37
14861,112
14864,111
14867,95
14868,18
14870,80
14871,48
14873,55
14874,76
14876,25
14877,98
14880,137
14883,94
14884,28
14886,70
14887,63
14889,47
14890,53
14892,28
14893,95
14896,128
14899,85
14900,27
14902,66
14903,45
14905,61
14906,68
14908,15
14909,89
14912,114
14915,91
14916,32
14918,71
14919,31
14921,45
14922,76
14924,16
14925,89
14928,108
14931,88
14932,20
14934,85
14935,39
14937,56
14938,71
14940,23
14941,89
14944,131
14947,95
14948,24
14950,82
14951,48
14953,42
14954,61
14956,22
14957,93
14960,106
14963,102
14964,26
14966,70
14967,55
14969,39
14970,66
14972,33
14973,84
14976,112
14979,75
14980,22
14982,59
14983,56
14985,45
14986,71
14988,19
14989,85
14992,112
14995,88
14996,14
14998,77
14999,48
15001,38
15002,70
15004,29
15005,90
15008,112
15011,104
15012,18
15014,66
15015,57
15017,41
15018,72
15020,19
15021,66
15024,99
15027,75
15028,25
15030,57
15031,50
15033,46
15034,51
15036,11
15037,72
15040,90
15043,72
15044,17
15046,56
15047,40
15049,42
15050,59
15052,16
15053,89
15056,97
15059,82
15060,22
15062,56
15063,33
15065,37
15066,66
15068,18
15069,75
15072,91
15075,72
15076,19
15078,64
15079,40
15081,40
15082,44
15084,14
15085,83
15088,88
15091,71
15092,18
15094,57
15095,29
15097,32
15098,48
15100,12
15101,91
15104,100
15107,75
15108,22
15110,55
15111,32
15113,39
15114,72
15116,18
15117,87
15120,75
15123,69
15124,12
15126,63
15127,35
15129,44
15130,49
15132,19
15133,72
15136,91
15139,65
15140,19
15142,48
15143,36
15145,27
15146,51
15148,8
15149,67
15152,81
15155,62
15156,24
15158,47
15159,30
15161,26
15162,47
15164,14
15165,61
15168,81
15171,67
15172,15
15174,40
15175,24
15177,38
15178,50
15180,17
15181,54
15184,88
15187,66
15188,16
15190,43
15191,35
15193,36
15194,56
15196,18
15197,63
15200,83
15203,68
15204,14
15206,45
15207,28
15209,35
15210,54
15212,10
15213,61
15216,81
15219,61
15220,11
15222,39
15223,24
15225,17
15226,39
15228,17
15229,59
15232,73
15235,56
15236,16
15238,45
15239,28
15241,25
15242,36
15244,12
15245,64
15248,53
15251,51
15252,16
15254,51
15255,19
15257,28
15258,35
15260,17
15261,46
15264,53
15267,50
15268,11
15270,39
15271,22
15273,21
15274,33
15276,12
15277,54
15280,54
15283,55
15284,14
15286,41
15287,28
15289,18
15290,46
15292,15
15293,47
15296,62
15299,41
15300,14
15302,48
15303,30
15305,18
15306,36
15308,17
15309,53
15312,50
15315,45
15316,12
15318,36
15319,28
15321,32
15322,32
15324,12
15325,52
15328,63
15331,36
15332,14
15334,34
15335,18
15337,21
15338,34
15340,12
15341,36
15344,53
15347,38
15348,13
15350,32
15351,20
15353,21
15354,25
15356,15
15357,44
15360,40
15363,46
15364,11
15366,31
15367,17
15369,19
15370,17
15372,11
15373,38
15376,56
15379,43
15380,7
15382,31
15383,20
15385,27
15386,37
15388,10
15389,45
15392,37
15395,36
15396,8
15398,26
15399,18
15401,21
15402,17
15404,8
15405,31
15408,51
15411,30
15412,13
15414,32
15415,8
15417,17
15418,28
15420,6
15421,26
15424,30
15427,27
15428,7
15430,26
15431,25
15433,13
15434,30
15436,7
15437,22
15440,49
15443,34
15444,7
15446,21
15447,24
15449,14
15450,19
15452,2
15453,39
15456,29
15459,31
15460,5
15462,17
15463,20
15465,17
15466,14
15468,11
15469,22
15472,35
15475,18
15476,7
15478,21
15479,14
15481,7
15482,20
15484,7
15485,24
15488,37
15491,25
15492,5
15494,22
15495,13
15497,18
15498,13
15500,7
15501,17
15504,38
15507,26
15508,4
15510,22
15511,11
15513,8
15514,17
15516,7
15517,22
15520,31
15523,21
15524,5
15526,13
15527,12
15529,13
15530,19
15532,5
15533,16
15536,29
15539,22
15540,6
15542,20
15543,7
15545,17
15546,23
15548,11
15549,17
15552,26
15555,21
15556,8
15558,11
15559,8
15561,10
15562,16
15564,4
15565,22
15568,16
15571,16
15572,3
15574,13
15575,12
15577,13
15578,15
15580,8
15581,17
15584,24
15587,25
15588,4
15590,12
15591,9
15593,8
15594,24
15596,4
15597,15
15600,19
15603,11
15604,7
15606,19
15607,4
15609,11
15610,15
15612,3
15613,21
15616,20
15619,31
15620,4
15622,9
15623,3
15625,7
15626,10
15628,3
15629,17
15632,20
15635,17
15636,2
15638,6
15639,9
15641,7
15642,11
15644,3
15645,10
15648,26
15651,17
15652,2
15654,10
15655,9
15657,5
15658,15
15660,7
15661,16
15664,13
15667,17
15668,3
15670,11
15671,10
15673,8
15674,9
15676,3
15677,12
15680,18
15683,6
15684,6
15686,7
15687,7
15689,3
15690,11
15692,6
15693,9
15696,12
15699,15
15700,7
15702,4
15703,5
15705,4
15706,5
15708,5
15709,14
15712,16
15715,16
15716,5
15718,8
15719,1
15721,8
15722,10
15724,5
15725,10
15728,18
15731,8
15734,5
15735,1
15737,5
15738,7
15740,2
15741,11
15744,10
15747,8
15748,1
15750,10
15751,2
15753,5
15754,11
15756,3
15757,14
15760,18
15763,9
15764,1
15766,5
15767,2
15769,4
15770,8
15772,2
15773,4
15776,9
15779,9
15780,1
15782,4
15783,5
15785,3
15786,6
15788,4
15789,7
15792,7
15795,10
15796,5
15798,10
15799,3
15801,6
15802,6
15804,2
15805,7
15808,12
15811,7
15814,8
15815,3
15817,6
15818,6
15820,3
15821,10
15824,11
15827,11
15828,6
15830,5
15831,5
15833,4
15834,7
15836,2
15837,12
15840,9
15843,8
15844,3
15846,4
15847,1
15849,5
15850,8
15852,1
15853,7
15856,8
15859,10
15860,2
15862,4
15863,2
15865,3
15866,3
15869,6
15872,7
15875,2
15876,5
15878,4
15879,3
15881,3
15882,6
15884,1
15885,4
15888,5
15891,8
15892,3
15894,3
15895,3
15897,3
15898,6
15900,2
15901,9
15904,6
15907,9
15910,5
15911,7
15914,5
15916,1
15917,9
15920,8
15923,3
15924,1
15926,3
15927,3
15929,3
15930,4
15932,1
15933,1
15936,6
15939,8
15942,5
15943,2
15945,1
15946,4
15948,1
15949,6
15952,5
15955,5
15956,3
15958,5
15959,3
15961,5
15962,7
15964,1
15965,4
15968,8
15971,5
15972,1
15974,3
15975,6
15977,5
15978,5
15980,1
15981,3
15984,2
15987,2
15988,2
15990,8
15991,3
15993,8
15994,5
15997,4
16000,6
16003,9
16004,3
16006,6
16007,4
16009,3
16010,6
16013,7
16016,10
16019,5
16020,3
16022,2
16023,3
16025,2
16026,3
16029,5
16032,8
16035,5
16036,4
16038,6
16039,1
16041,2
16042,6
16044,1
16045,4
16048,6
16051,8
16052,1
16054,1
16055,1
16057,3
16058,2
16060,2
16061,5
16064,3
16067,7
16068,2
16070,3
16071,2
16073,5
16074,5
16076,1
16077,4
16080,3
16083,5
16086,2
16087,2
16090,6
16092,2
16093,5
16096,8
16099,6
16100,2
16102,6
16103,1
16105,4
16108,1
16109,4
16112,7
16115,5
16118,4
16119,4
16121,4
16122,4
16124,3
16125,1
16128,9
16131,3
16134,3
16135,3
16137,1
16138,4
16141,1
16144,4
16147,6
16148,1
16150,5
16151,3
16153,4
16154,2
16156,1
16157,8
16160,5
16163,8
16164,3
16166,3
16167,4
16169,3
16170,1
16172,2
16173,2
16176,2
16179,1
16180,2
16182,5
16183,2
16185,6
16186,4
16189,2
16192,2
16195,2
16199,2
16201,3
16202,7
16204,2
16205,1
16208,5
16211,4
16214,2
16215,1
16217,3
16218,2
16221,3
16224,6
16227,6
16230,8
16231,1
16233,2
16236,1
16237,5
16240,6
16243,2
16246,6
16247,2
16249,2
16250,6
16252,3
16253,3
16256,9
16259,3
16260,1
16262,4
16263,4
16265,1
16266,5
16269,6
16272,8
16275,6
16278,3
16281,1
16282,1
16285,6
16288,5
16291,3
16294,2
16295,3
16297,4
16298,6
16301,3
16304,3
16307,1
16308,2
16310,3
16311,2
16314,2
16316,1
16317,1
16320,6
16323,3
16326,4
16327,1
16329,3
16330,4
16333,6
16336,2
16339,4
16342,3
16343,2
16345,2
16348,1
16349,1
16352,5
16355,3
16356,2
16358,3
16359,2
16361,2
16362,4
16364,1
16365,4
16368,5
16371,7
16372,1
16374,5
16375,1
16377,2
16381,5
16384,3
16387,3
16388,2
16390,1
16391,3
16393,2
16394,1
16397,3
16400,3
16403,2
16404,2
16406,2
16407,2
16409,1
16410,1
16416,3
16419,2
16420,2
16422,3
16423,3
16425,3
16426,2
16428,1
16429,3
16432,7
16435,7
16436,1
16438,4
16439,2
16441,1
16442,1
16444,1
16445,3
16448,2
16451,3
16452,1
16454,3
16457,3
16458,3
16460,1
16461,1
16464,3
16467,10
16470,1
16471,2
16473,1
16474,4
16476,2
16477,3
16480,4
16483,2
16486,2
16487,2
16489,2
16490,3
16493,3
16496,8
16499,1
16502,2
16503,4
16505,1
16506,5
16508,2
16509,4
16512,5
16515,8
16518,3
16519,2
16521,2
16522,1
16525,2
16528,3
16531,1
16532,1
16534,2
16537,1
16538,5
16540,1
16541,6
16544,2
16547,1
16548,2
16550,4
16551,1
16553,2
16554,1
16556,2
16557,4
16560,3
16563,6
16564,3
16566,6
16567,2
16569,1
16570,3
16573,3
16576,4
16579,3
16582,1
16583,1
16585,1
16586,2
16589,4
16592,1
16596,2
16598,2
16599,3
16601,1
16602,3
16604,2
16605,3
16608,5
16611,5
16614,3
16615,4
16618,2
16620,1
16621,5
16624,3
16627,2
16630,3
16633,3
16634,2
16637,4
16640,8
16643,6
16646,5
16647,1
16649,3
16652,1
16653,3
16656,4
16659,5
16660,2
16662,2
16665,3
16666,2
16668,1
16669,9
16672,6
16675,6
16678,3
16679,1
16681,1
16682,1
16684,1
16685,5
16688,4
16691,1
16694,2
16695,2
16697,1
16698,1
16700,1
16701,3
16704,6
16707,6
16708,1
16710,3
16711,1
16713,2
16714,1
16717,2
16720,8
16723,1
16724,1
16726,2
16727,2
16729,1
16730,2
16732,1
16733,4
16736,2
16739,5
16742,2
16743,2
16745,1
16746,4
16748,2
16749,3
16752,6
16755,2
16756,1
16758,2
16761,1
16762,2
16764,2
16765,4
16768,2
16771,1
16774,2
16775,1
16777,2
16778,1
16780,1
16781,2
16784,3
16787,1
16790,1
16791,1
16793,2
16794,2
16796,3
16797,4
16800,6
16803,1
16809,2
16810,2
16812,2
16813,4
16816,3
16819,3
16822,3
16823,2
16829,4
16832,5
16835,1
16836,1
16838,2
16839,1
16841,3
16842,2
16844,1
16845,2
16848,3
16851,2
16852,2
16854,1
16857,1
16858,2
16860,1
16861,6
16864,5
16867,1
16868,1
16870,1
16871,2
16873,2
16877,4
16880,3
16883,3
16886,3
16887,1
16890,1
16893,2
16896,11
16899,3
16902,1
16903,2
16906,2
16909,4
16912,5
16915,4
16916,1
16918,5
16919,2
16921,2
16922,1
16924,1
16925,4
16928,4
16931,2
16932,1
16935,2
16937,2
16938,2
16940,1
16941,1
16944,3
16948,3
16950,3
16951,1
16953,1
16956,1
16960,6
16963,4
16964,1
16966,5
16970,3
16972,1
16973,2
16976,2
16979,2
16982,1
16986,3
16989,2
16992,7
16995,3
16998,1
16999,2
17001,2
17002,5
17004,1
17005,5
17008,3
17011,3
17014,1
17015,1
17017,3
17018,2
17020,1
17021,4
17024,2
17027,1
17028,1
17030,1
17031,1
17033,1
17034,1
17036,1
17040,2
17043,1
17044,2
17046,4
17047,2
17050,3
17052,1
17053,2
17056,2
17059,2
17062,1
17063,1
17065,1
17066,1
17069,1
17072,1
17075,3
17078,3
17079,1
17082,3
17084,1
17085,1
17088,6
17091,2
17092,1
17094,2
17095,1
17097,1
17098,4
17101,3
17104,6
17107,1
17108,2
17110,1
17111,1
17117,2
17120,4
17123,2
17126,2
17127,2
17129,1
17130,2
17132,2
17133,4
17136,3
17139,2
17142,3
17146,1
17148,1
17149,2
17152,1
17155,3
17156,1
17158,1
17159,2
17161,4
17162,5
17164,2
17165,2
17168,1
17171,2
17172,1
17177,2
17178,5
17181,1
17184,4
17187,1
17190,1
17191,2
17193,1
17194,3
17196,2
17197,2
17200,1
17203,2
17206,1
17207,1
17210,1
17212,1
17213,1
17216,2
17219,1
17220,1
17225,1
17226,2
17228,1
17229,1
17232,5
17235,1
17238,2
17239,1
17241,1
17242,1
17245,6
17248,1
17251,1
17252,1
17254,1
17258,2
17260,1
17261,8
17264,3
17267,2
17270,3
17271,3
17273,4
17274,1
17277,2
17280,3
17283,2
17284,2
17287,1
17289,2
17293,5
17296,5
17299,2
17302,1
17303,1
17305,1
17306,1
17309,2
17312,6
17315,3
17316,1
17318,3
17319,2
17321,2
17322,3
17324,1
17325,2
17328,6
17331,7
17332,1
17334,2
17335,1
17337,1
17338,1
17341,1
17344,1
17347,3
17350,4
17351,1
17353,2
17354,5
17356,1
17357,3
17360,4
17363,3
17366,1
17367,1
17370,1
17373,3
17376,2
17379,5
17389,3
17392,4
17395,1
17399,3
17402,2
17404,2
17408,5
17411,1
17412,2
17414,3
17415,1
17417,1
17418,1
17420,1
17421,2
17427,1
17431,2
17434,1
17440,3
17443,4
17444,2
17446,1
17447,1
17450,1
17452,1
17453,2
17456,3
17469,1
17472,2
17475,2
17476,1
17478,2
17479,1
17485,6
17488,3
17491,3
17494,1
17497,2
17498,2
17501,2
17504,2
17507,1
17510,2
17513,1
17514,2
17517,1
17520,3
17523,1
17526,1
17529,2
17532,1
17536,1
17539,2
17540,1
17542,2
17545,2
17549,2
17552,2
17555,2
17558,2
17561,2
17562,3
17565,2
17568,2
17572,1
17574,2
17575,1
17577,1
17578,1
17581,3
17584,2
17587,2
17590,1
17593,1
17594,7
17597,1
17600,3
17603,3
17606,1
17607,2
17609,1
17610,2
17613,3
17616,5
17619,3
17622,1
17623,1
17625,1
17629,1
17632,6
17635,1
17638,2
17639,4
17641,1
17642,1
17645,1
17648,2
17651,1
17652,1
17654,2
17655,1
17657,3
17658,3
17661,1
17664,3
17667,1
17670,2
17673,1
17674,1
17676,1
17680,2
17684,1
17686,3
17687,1
17689,3
17690,1
17693,1
17696,3
17700,1
17702,4
17703,3
17705,1
17706,1
17715,1
17722,1
17725,1
17728,1
17731,3
17732,1
17734,1
17735,3
17737,1
17738,2
17741,2
17744,2
17747,1
17748,1
17750,1
17753,1
17754,1
17760,4
17763,1
17766,3
17769,1
17770,1
17773,3
17776,2
17782,2
17783,1
17785,1
17786,1
17788,2
17789,1
17792,1
17795,2
17796,1
17798,1
17804,1
17805,1
17808,3
17811,1
17814,2
17815,1
17817,1
17820,1
17821,2
17824,1
17827,3
17831,1
17833,2
17837,1
17843,2
17846,1
17849,4
17850,1
17852,1
17853,2
17856,4
17859,1
17865,1
17866,1
17872,1
17875,1
17879,1
17881,1
17885,1
17888,2
17891,1
17892,1
17894,1
17895,2
17901,2
17904,3
17907,2
17911,1
17913,2
17914,1
17917,3
17920,5
17923,3
17926,3
17929,1
17930,2
17932,2
17933,2
17939,2
17940,1
17942,1
17943,1
17946,1
17948,1
17952,1
17955,3
17958,2
17961,3
17962,1
17964,1
17965,1
17971,2
17975,1
17977,2
17978,3
17981,1
17984,1
17987,1
17988,1
17990,1
17991,1
17994,2
17997,1
18003,1
18016,4
18019,2
18020,1
18022,1
18026,1
18029,2
18032,2
18035,2
18039,3
18041,1
18042,2
18048,4
18052,1
18054,1
18055,2
18061,1
18064,3
18067,2
18070,1
18073,1
18074,2
18077,2
18080,3
18084,1
18090,1
18092,1
18096,2
18099,1
18102,2
18106,2
18109,2
18112,4
18115,2
18118,2
18119,2
18121,1
18122,3
18124,1
18128,4
18131,2
18135,2
18137,2
18138,2
18141,2
18144,2
18147,1
18154,2
18163,3
18164,1
18166,3
18169,1
18170,1
18172,1
18173,1
18176,2
18179,1
18182,1
18186,4
18189,1
18195,1
18198,2
18201,1
18202,1
18208,4
18215,2
18217,1
18218,1
18220,1
18224,2
18227,3
18230,1
18231,1
18237,4
18240,2
18243,2
18247,1
18250,1
18253,2
18256,3
18266,1
18269,1
18272,1
18275,1
18276,3
18278,1
18279,1
18282,1
18285,6
18288,1
18294,1
18301,2
18304,2
18307,1
18308,2
18310,2
18313,1
18314,1
18317,2
18320,1
18323,4
18324,1
18326,1
18329,2
18330,1
18336,2
18339,1
18342,1
18345,2
18346,1
18352,4
18355,1
18356,1
18358,1
18359,1
18361,1
18362,2
18365,2
18368,4
18371,1
18378,2
18380,1
18384,1
18387,2
18391,2
18393,1
18407,1
18410,2
18412,1
18416,1
18419,1
18422,1
18426,1
18432,2
18435,2
18438,1
18439,4
18442,1
18445,4
18448,2
18452,1
18455,2
18458,1
18460,1
18461,4
18464,1
18467,2
18468,1
18471,1
18473,3
18474,2
18477,4
18480,1
18483,1
18486,2
18489,1
18490,1
18493,3
18496,2
18499,2
18503,2
18505,1
18508,2
18509,1
18512,1
18515,3
18516,1
18518,2
18521,2
18525,3
18528,3
18531,2
18534,1
18535,2
18541,3
18544,1
18547,1
18550,1
18551,1
18553,1
18554,1
18557,2
18560,2
18563,4
18566,2
18569,2
18576,3
18580,1
18582,2
18592,1
18598,1
18602,3
18608,3
18611,6
18612,1
18615,4
18618,4
18620,1
18621,2
18624,1
18630,1
18631,1
18633,1
18640,3
18646,3
18649,1
18650,1
18659,2
18663,3
18665,3
18666,2
18668,1
18669,1
18672,1
18675,6
18678,2
18679,1
18681,1
18682,1
18684,1
18685,3
18691,2
18694,1
18697,2
18698,1
18700,2
18701,1
18704,1
18707,3
18710,1
18711,1
18713,2
18714,1
18720,2
18724,1
18726,1
18727,1
18729,1
18733,2
18736,3
18739,5
18742,1
18746,6
18755,3
18756,1
18758,1
18759,1
18761,1
18762,1
18774,3
18778,1
18780,1
18781,1
18784,3
18787,3
18793,1
18797,1
18800,4
18803,1
18804,1
18806,2
18807,1
18810,1
18816,3
18819,4
18822,1
18823,2
18825,2
18828,1
18829,2
18832,3
18835,2
18839,1
18842,1
18845,2
18851,3
18852,1
18855,1
18858,1
18860,2
18864,2
18867,3
18870,3
18871,2
18874,1
18877,1
18880,1
18883,1
18886,3
18887,1
18893,2
18896,2
18899,1
18906,1
18912,4
18915,2
18916,2
18919,1
18921,1
18925,2
18928,1
18935,1
18938,1
18941,3
18944,3
18947,2
18951,1
18953,1
18954,3
18957,2
18960,3
18963,3
18966,1
18967,1
18969,3
18970,3
18973,3
18976,1
18979,3
18980,1
18982,1
18983,2
18985,1
18986,2
18989,3
18992,2
18995,1
18998,1
19001,1
19004,1
19005,3
19008,1
19014,1
19015,1
19017,1
19018,2
19024,2
19027,2
19028,1
19030,4
19031,1
19034,1
19043,2
19044,1
19047,1
19050,1
19053,1
19056,3
19059,1
19060,1
19065,1
19066,1
19068,1
19069,4
19072,3
19076,1
19078,1
19082,1
19085,1
19088,2
19091,2
19094,2
19095,1
19097,1
19098,2
19101,1
19104,3
19108,1
19110,1
19111,2
19114,1
19120,2
19123,1
19127,2
19130,1
19132,1
19133,3
19136,3
19139,4
19142,4
19143,1
19145,2
19146,1
19148,2
19149,5
19152,3
19155,1
19158,2
19159,1
19161,1
19162,1
19164,1
19165,1
19168,2
19171,1
19174,3
19177,1
19181,1
19184,4
19187,1
19190,2
19191,2
19193,1
19194,2
19196,1
19200,2
19203,3
19204,1
19206,1
19207,2
19210,3
19212,1
19213,1
19219,3
19222,1
19223,3
19225,2
19232,2
19239,1
19241,2
19242,1
19245,1
19248,3
19251,1
19254,1
19255,2
19257,1
19258,5
19261,2
19264,3
19267,2
19271,1
19274,3
19276,1
19280,2
19284,1
19286,1
19289,2
19290,2
19296,3
19299,1
19302,2
19303,1
19305,1
19312,5
19315,2
19318,2
19322,1
19324,2
19325,1
19328,1
19335,3
19337,1
19338,2
19340,2
19341,1
19344,1
19347,2
19348,1
19350,1
19357,1
19360,5
19363,1
19366,2
19369,2
19370,5
19373,3
19376,2
19379,2
19383,2
19386,2
19388,2
19389,1
19392,2
19399,1
19401,1
19402,1
19404,1
19405,1
19408,3
19411,1
19415,1
19417,1
19420,1
19421,3
19424,1
19427,1
19434,1
19440,1
19450,1
19453,1
19456,1
19460,1
19462,4
19463,1
19465,3
19466,2
19468,1
19469,1
19472,2
19475,2
19479,1
19485,1
19488,4
19494,3
19498,1
19501,1
19504,4
19507,3
19513,2
19514,3
19517,1
19520,1
19526,1
19530,1
19532,1
19536,1
19539,3
19540,1
19543,1
19545,2
19546,1
19552,2
19555,2
19558,3
19561,1
19565,2
19568,3
19571,2
19572,2
19574,2
19575,3
19578,1
19581,1
19584,3
19590,1
19591,1
19593,1
19600,3
19603,2
19604,1
19606,3
19607,2
19609,2
19610,1
19613,3
19616,1
19619,2
19620,1
19622,1
19625,1
19626,1
19629,1
19635,2
19638,1
19641,1
19642,1
19645,5
19648,2
19651,5
19657,1
19658,1
19661,2
19664,5
19667,3
19670,1
19673,1
19677,1
19683,3
19686,1
19689,1
19692,1
19693,2
19696,2
19699,5
19702,1
19708,1
19709,4
19712,3
19715,1
19716,1
19718,1
19721,2
19722,1
19725,1
19728,2
19731,1
19734,1
19735,1
19737,1
19738,2
19740,2
19744,1
19747,1
19748,1
19750,3
19754,2
19757,2
19760,4
19763,2
19764,1
19766,1
19767,2
19769,1
19770,1
19772,1
19773,3
19776,1
19779,3
19782,1
19783,1
19785,2
19786,1
19788,1
19789,1
19792,4
19795,2
19798,1
19799,1
19801,1
19805,1
19808,4
19811,4
19812,1
19814,1
19815,1
19817,2
19818,2
19824,4
19827,1
19834,1
19837,2
19846,2
19850,1
19856,3
19859,1
19862,1
19863,1
19868,1
19869,1
19872,3
19875,2
19878,1
19879,1
19881,3
19882,1
19885,4
19888,1
19891,4
19892,1
19894,2
19898,3
19901,3
19904,2
19910,2
19911,2
19920,2
19923,2
19926,1
19930,2
19932,1
19933,1
19936,2
19939,2
19942,3
19943,1
19945,1
19946,1
19949,1
19952,4
19955,1
19956,1
19958,1
19959,1
19962,3
19965,2
19968,2
19971,2
19974,1
19975,2
19981,2
19987,4
19997,3
20000,2
20003,2
20006,2
20007,3
20009,1
20010,1
20016,2
20020,3
20022,2
20023,3
20025,1
20028,1
20029,1
20032,5
20035,2
20038,3
20039,1
20042,2
20044,1
20045,2
20048,4
20051,2
20055,1
20060,1
20061,1
20064,2
20067,5
20070,1
20071,1
20073,2
20077,2
20080,2
20083,1
20086,1
20089,1
20090,1
20093,1
20096,2
20099,2
20102,1
20103,1
20106,2
20109,2
20115,3
20118,1
20119,1
20122,2
20124,1
20125,1
20128,6
20131,1
20134,2
20138,3
20144,1
20147,1
20150,1
20151,2
20153,1
20156,2
20157,2
20160,3
20163,1
20166,1
20167,2
20170,3
20173,4
20176,7
20179,3
20182,2
20185,1
20186,3
20192,3
20195,1
20196,1
20198,2
20202,1
20205,3
20208,2
20211,2
20214,1
20217,2
20221,2
20224,4
20227,1
20230,2
20233,1
20236,1
20237,3
20240,2
20243,2
20244,1
20246,3
20247,1
20256,3
20259,1
20260,1
20262,2
20265,1
20266,3
20269,3
20272,3
20275,1
20278,2
20279,4
20281,2
20282,1
20284,2
20288,2
20291,2
20294,2
20297,2
20298,3
20301,2
20304,6
20307,3
20308,1
20313,1
20314,2
20316,1
20317,5
20320,2
20323,2
20326,2
20327,2
20329,2
20330,1
20333,2
20336,1
20339,3
20340,1
20342,2
20345,2
20349,2
20352,1
20358,1
20359,2
20361,1
20362,1
20368,1
20371,2
20372,1
20374,1
20378,4
20381,1
20384,1
20387,2
20390,2
20391,2
20394,2
20397,1
20400,1
20403,1
20406,2
20409,2
20410,1
20412,1
20416,4
20422,3
20423,3
20425,1
20428,1
20432,1
20435,2
20438,2
20441,3
20442,2
20444,1
20445,5
20451,2
20455,1
20458,1
20460,1
20461,1
20464,4
20467,2
20474,3
20477,2
20480,4
20483,1
20487,1
20489,1
20490,2
20492,2
20493,3
20496,3
20499,1
20502,4
20509,4
20512,3
20515,1
20518,2
20519,2
20521,1
20522,1
20524,1
20525,3
20528,2
20531,1
20532,1
20534,2
20535,2
20537,1
20538,1
20541,2
20544,2
20551,1
20553,1
20554,2
20557,2
20563,4
20566,2
20567,1
20569,1
20570,1
20573,1
20580,1
20583,1
20585,1
20589,1
20595,3
20598,1
20599,1
20601,3
20608,3
20611,1
20615,1
20618,4
20620,1
20621,4
20624,2
20633,2
20634,1
20637,1
20640,1
20644,1
20646,1
20649,1
20650,1
20652,2
20653,1
20656,2
20659,1
20662,1
20663,1
20669,3
20672,2
20675,4
20676,1
20678,1
20679,2
20681,1
20682,2
20685,1
20688,2
20691,1
20694,6
20695,2
20698,1
20701,1
20704,1
20708,3
20714,3
20717,3
20723,1
20730,1
20732,1
20733,4
20736,1
20739,1
20742,1
20746,1
20749,2
20752,1
20755,2
20758,1
20759,1
20761,1
20762,2
20765,3
20771,1
20772,1
20774,2
20777,1
20778,1
20781,1
20784,3
20787,3
20788,1
20791,1
20794,2
20797,2
20800,5
20803,2
20804,1
20806,2
20807,1
20810,1
20822,3
20825,2
20826,1
20832,4
20835,2
20838,2
20839,2
20842,2
20844,1
20845,1
20848,5
20851,1
20857,1
20858,1
20861,2
20864,3
20867,3
20870,2
20871,4
20873,1
20876,1
20880,1
20883,3
20886,2
20887,1
20890,2
20893,3
20896,3
20899,1
20902,1
20905,1
20906,3
20909,2
20915,2
20918,1
20919,1
20921,3
20922,1
20924,2
20925,2
20928,3
20931,2
20934,1
20935,1
20937,3
20938,1
20940,1
20944,1
20947,1
20948,1
20950,2
20954,1
20957,2
20960,2
20963,2
20966,1
20967,2
20969,2
20973,3
20976,2
20979,1
20980,1
20982,1
20986,1
20989,1
20992,2
20995,4
20998,1
20999,1
21002,1
21005,3
21008,3
21021,1
21028,1
21030,1
21034,1
21037,1
21040,1
21043,1
21046,2
21049,2
21053,4
21056,1
21060,1
21062,1
21066,3
21068,1
21069,4
21072,2
21075,2
21076,2
21079,1
21081,1
21082,3
21084,1
21085,1
21088,1
21091,3
21094,3
21095,4
21097,1
21098,4
21101,4
21104,4
21108,1
21110,3
21113,1
21114,1
21117,2
21120,2
21123,4
21126,3
21129,3
21130,1
21132,1
21133,2
21136,1
21139,3
21143,1
21146,1
21148,1
21149,1
21152,3
21156,1
21162,2
21165,3
21168,5
21171,1
21172,1
21174,1
21175,1
21177,1
21181,2
21184,1
21187,1
21188,2
21190,1
21193,1
21194,4
21196,1
21197,2
21200,3
21203,1
21204,1
21206,1
21207,1
21209,2
21210,2
21213,2
21216,4
21219,1
21222,2
21225,4
21226,1
21229,1
21239,1
21242,1
21245,2
21248,1
21251,2
21254,2
21255,1
21257,1
21261,4
21264,4
21270,1
21273,3
21274,1
21276,1
21277,3
21280,3
21286,2
21289,1
21290,1
21293,3
21296,1
21299,1
21302,3
21305,1
21306,1
21312,1
21315,3
21316,1
21321,1
21325,3
21331,2
21334,1
21337,1
21338,1
21344,5
21347,2
21350,1
21351,4
21354,2
21363,2
21366,1
21367,1
21369,1
21370,2
21376,5
21379,2
21382,1
21383,1
21389,2
21392,2
21395,2
21398,3
21402,2
21405,3
21411,3
21414,1
21415,2
21421,1
21424,3
21427,1
21428,1
21430,2
21431,2
21433,1
21434,1
21436,2
21437,2
21443,1
21447,2
21450,1
21452,1
21453,5
21456,4
21462,2
21463,1
21465,2
21468,1
21469,3
21472,2
21475,2
21478,1
21481,1
21482,1
21485,2
21494,1
21497,1
21501,1
21504,1
21507,2
21510,2
21511,1
21513,1
21514,3
21517,3
21523,2
21524,1
21526,2
21529,1
21530,2
21536,2
21542,1
21546,1
21549,1
21552,1
21555,2
21561,3
21565,2
21568,2
21571,2
21574,2
21575,1
21578,3
21580,1
21581,3
21584,4
21588,2
21590,3
21594,2
21596,1
21597,1
21600,1
21603,1
21604,1
21616,1
21619,3
21622,1
21625,1
21626,1
21629,4
21638,3
21639,1
21642,1
21644,1
21645,2
21648,1
21651,2
21652,1
21654,2
21658,1
21661,1
21664,3
21667,1
21670,2
21673,2
21674,1
21676,1
21677,2
21683,2
21684,1
21686,2
21690,3
21693,1
21696,2
21699,1
21702,2
21705,1
21709,1
21712,1
21715,3
21716,1
21719,1
21721,2
21722,1
21724,1
21725,5
21728,2
21731,1
21734,2
21735,1
21737,1
21738,1
21744,1
21747,2
21751,1
21753,1
21754,1
21760,3
21763,2
21764,1
21767,2
21769,1
21770,2
21772,1
21773,3
21776,1
21779,3
21782,1
21783,2
21785,1
21786,1
21789,2
21795,2
21796,1
21798,1
21799,3
21801,1
21802,2
21805,1
21808,2
21811,3
21812,1
21814,1
21821,2
21824,1
21827,2
21830,2
21831,2
21833,1
21834,1
21836,1
21837,1
21840,1
21843,1
21844,1
21846,1
21849,1
21850,1
21852,1
21853,3
21856,2
21862,2
21863,2
21865,1
21869,4
21872,4
21875,2
21878,4
21879,1
21882,1
21885,3
21891,3
21894,1
21895,1
21900,1
21904,3
21907,4
21910,1
21913,1
21914,2
21917,2
21923,1
21926,3
21927,2
21930,1
21933,1
21936,1
21939,2
21942,2
21943,1
21945,1
21952,3
21955,2
21958,1
21959,1
21962,1
21965,2
21968,7
21971,1
21972,1
21974,1
21981,2
21984,3
21987,1
21990,2
21994,2
21997,3
22000,3
22004,1
22009,1
22013,2
22016,2
22019,1
22026,1
22029,1
22032,3
22035,1
22038,4
22042,3
22045,2
22048,5
22051,1
22054,3
22055,2
22061,3
22064,5
22067,1
22068,1
22070,1
22074,2
22077,2
22080,3
22086,2
22087,2
22090,1
22093,1
22096,2
22099,1
22102,1
22106,2
22108,1
22109,3
22112,3
22115,1
22119,1
22122,1
22128,2
22131,1
22132,1
22134,1
22140,2
22141,2
22144,2
22147,3
22150,1
22151,1
22153,1
22154,1
22157,2
22160,2
22163,2
22170,4
22176,2
22179,3
22182,2
22183,1
22189,2
22192,1
22196,1
22198,1
22202,3
22205,1
22208,5
22211,1
22214,1
22218,1
22220,1
22221,2
22224,1
22227,2
22230,2
22231,1
22233,1
22234,2
22236,1
22240,2
22243,1
22244,1
22247,1
22249,1
22250,2
22252,1
22253,1
22256,5
22259,1
22260,1
22262,1
22263,2
22265,1
22269,2
22272,3
22275,3
22278,1
22279,1
22282,1
22285,1
22288,4
22292,1
22294,3
22295,2
22297,2
22298,1
22304,2
22307,2
22308,1
22313,1
22314,3
22320,2
22323,1
22324,1
22326,1
22330,1
22333,1
22336,1
22339,2
22342,1
22343,1
22345,1
22346,1
22352,4
22361,2
22362,1
22364,1
22365,2
22368,1
22371,1
22374,3
22375,2
22377,2
22384,1
22387,3
22390,1
22394,3
22400,3
22406,1
22409,2
22410,1
22412,1
22413,2
22416,4
22419,2
22420,1
22422,1
22423,1
22425,2
22429,1
22432,3
22438,3
22439,1
22441,2
22442,1
22448,1
22451,3
22455,2
22457,1
22458,1
22460,1
22461,1
22468,1
22471,1
22474,3
22477,2
22480,3
22486,1
22489,2
22490,2
22493,3
22502,1
22505,1
22506,1
22508,3
22512,3
22515,3
22516,1
22518,1
22521,1
22522,1
22525,2
22534,1
22535,2
22537,2
22541,1
22548,1
22550,1
22553,2
22557,2
22560,3
22563,1
22564,1
22570,1
22576,1
22579,1
22583,1
22585,1
22586,2
22588,1
22589,2
22592,1
22598,1
22608,5
22611,1
22617,1
22618,1
22624,1
22630,2
22633,2
22634,1
22636,1
22637,2
22646,1
22647,1
22649,1
22650,1
22653,4
22656,1
22659,2
22665,1
22666,1
22669,3
22675,2
22678,4
22685,1
22688,4
22691,1
22692,1
22698,3
22704,3
22707,1
22710,3
22717,1
22726,3
22729,2
22732,1
22733,6
22736,2
22739,1
22742,1
22743,2
22745,1
22755,3
22758,2
22759,2
22762,1
22765,2
22775,3
22778,2
22784,2
22787,1
22790,3
22793,2
22794,2
22800,1
22803,2
22810,2
22813,2
22816,2
22822,1
22823,1
22825,1
22826,1
22835,1
22836,1
22838,1
22841,1
22845,3
22848,3
22852,1
22854,1
22855,2
22861,1
22864,1
22867,1
22868,2
22870,1
22871,1
22873,1
22876,1
22877,1
22880,1
22884,1
22886,1
22887,1
22889,1
22890,1
22893,1
22899,3
22900,1
22903,1
22905,1
22906,1
22909,1
22912,1
22915,1
22916,2
22918,2
22922,3
22925,3
22928,1
22931,1
22937,1
22938,1
22941,3
22944,2
22947,1
22950,1
22951,2
22953,1
22954,1
22956,1
22960,2
22966,3
22970,4
22973,1
22976,4
22979,2
22983,1
22989,1
22992,1
22995,4
22999,1
23001,1
23002,4
23005,1
23008,2
23014,3
23015,1
23017,1
23021,1
23024,1
23027,1
23030,1
23033,1
23034,4
23037,2
23040,4
23043,2
23044,1
23046,1
23050,1
23053,1
23060,2
23065,1
23069,3
23075,1
23078,1
23079,2
23081,2
23082,1
23085,1
23088,1
23091,1
23092,1
23097,2
23098,1
23101,3
23104,2
23110,1
23117,1
23120,1
23123,4
23126,1
23127,1
23132,2
23133,3
23136,2
23139,3
23142,1
23143,4
23146,2
23149,2
23158,1
23159,1
23161,1
23165,2
23168,2
23174,1
23175,1
23178,1
23184,2
23187,2
23188,1
23191,1
23193,1
23194,1
23196,1
23197,3
23200,1
23203,2
23206,3
23207,2
23210,2
23212,1
23213,2
23216,1
23219,1
23228,1
23229,1
23232,3
23235,1
23238,1
23242,1
23245,2
23248,2
23251,6
23254,1
23255,1
23258,3
23261,2
23264,1
23267,1
23271,1
23273,1
23274,1
23277,1
23280,1
23283,2
23286,1
23287,1
23290,1
23293,1
23296,3
23302,1
23303,1
23305,1
23306,1
23309,1
23315,2
23316,1
23318,1
23321,1
23322,1
23324,1
23328,1
23331,1
23335,1
23337,1
23338,1
23340,1
23344,3
23347,2
23353,1
23357,1
23360,4
23363,3
23366,2
23367,2
23373,4
23376,2
23382,1
23383,1
23385,1
23388,1
23389,1
23392,1
23395,1
23396,1
23398,3
23399,2
23401,1
23402,1
23404,1
23408,3
23414,1
23417,1
23421,2
23424,1
23427,1
23431,2
23433,1
23434,1
23436,1
23440,1
23446,1
23453,3
23456,1
23459,2
23460,1
23463,1
23466,1
23468,1
23469,1
23472,2
23475,3
23478,5
23479,1
23481,2
23482,1
23485,1
23488,3
23491,2
23498,1
23500,1
23501,2
23504,1
23507,4
23510,1
23511,2
23513,1
23517,3
23520,3
23523,2
23526,1
23529,1
23530,4
23532,1
23533,1
23536,1
23539,2
23542,1
23543,1
23546,1
23549,2
23552,3
23555,3
23556,1
23558,1
23559,1
23561,2
23562,1
23564,1
23565,2
23568,1
23571,1
23572,1
23574,3
23575,1
23577,1
23581,1
23584,2
23587,2
23590,1
23591,2
23593,1
23594,3
23597,2
23600,5
23603,2
23604,1
23606,2
23610,1
23613,1
23616,3
23619,1
23622,1
23626,1
23629,3
23632,1
23635,2
23638,1
23639,2
23641,2
23642,1
23645,1
23651,1
23654,1
23655,1
23657,2
23658,3
23661,3
23664,2
23667,2
23668,2
23670,2
23674,1
23677,3
23680,2
23683,2
23689,1
23690,1
23692,1
23693,5
23696,1
23699,1
23702,3
23709,3
23712,3
23715,1
23719,1
23721,1
23725,5
23728,1
23731,1
23735,2
23738,1
23740,1
23744,2
23747,1
23748,1
23750,1
23753,1
23754,1
23757,1
23760,2
23769,1
23770,1
23773,2
23779,1
23782,3
23786,1
23789,2
23792,1
23795,2
23798,1
23799,1
23801,2
23802,3
23805,1
23808,4
23811,1
23815,1
23821,1
23824,1
23827,1
23830,1
23834,2
23837,4
23840,4
23843,2
23849,2
23850,1
23853,1
23856,5
23859,3
23860,1
23868,1
23872,1
23875,2
23876,2
23879,1
23885,2
23888,1
23894,2
23898,3
23901,3
23904,1
23907,3
23911,1
23917,2
23920,1
23923,1
23924,1
23927,3
23929,2
23930,1
23933,4
23936,2
23939,1
23940,1
23942,3
23945,1
23949,3
23952,3
23955,2
23958,3
23962,1
23965,2
23968,1
23971,2
23972,1
23974,1
23977,2
23978,1
23981,3
23984,1
23987,2
23990,1
23994,1
24000,3
24004,2
24006,1
24007,1
24010,1
24013,2
24016,2
24019,1
24023,2
24025,2
24029,5
24035,2
24039,2
24041,1
24042,2
24044,1
24045,2
24051,3
24054,3
24058,1
24060,1
24061,1
24064,3
24067,1
24070,2
24076,1
24077,1
24080,4
24083,3
24084,3
24086,1
24090,3
24092,1
24093,4
24099,2
24102,1
24103,2
24108,1
24109,3
24112,1
24115,4
24118,1
24119,1
24121,1
24125,2
24128,2
24132,1
24135,1
24138,2
24141,1
24144,1
24147,2
24148,1
24150,2
24151,3
24154,2
24157,1
24160,3
24164,1
24166,1
24167,2
24169,2
24172,3
24173,5
24176,1
24179,4
24180,1
24182,2
24186,1
24189,1
24192,1
24195,3
24199,1
24201,1
24202,1
24205,1
24208,4
24212,1
24214,1
24215,2
24218,3
24220,1
24221,2
24224,3
24227,1
24228,1
24230,3
24231,1
24233,1
24234,1
24240,4
24243,3
24244,1
24246,2
24249,1
24252,2
24253,1
24256,1
24259,2
24263,1
24266,3
24268,1
24269,2
24272,2
24275,3
24279,1
24282,1
24285,1
24288,4
24291,2
24292,1
24294,1
24295,2
24298,2
24300,1
24301,1
24304,2
24307,1
24310,2
24311,2
24314,1
24317,2
24320,1
24323,3
24326,3
24327,1
24329,2
24332,1
24333,4
24336,4
24339,3
24342,4
24343,3
24345,3
24346,1
24348,1
24352,4
24358,2
24359,2
24361,1
24362,3
24364,1
24365,2
24368,2
24371,1
24372,1
24374,2
24375,1
24377,2
24378,2
24380,1
24384,2
24387,4
24391,1
24393,2
24394,2
24396,1
24397,3
24400,2
24406,1
24407,2
24409,1
24410,3
24413,2
24416,4
24422,5
24423,1
24426,1
24428,1
24429,1
24432,1
24436,1
24438,5
24441,1
24442,3
24445,4
24448,5
24452,1
24454,1
24457,1
24460,2
24461,2
24464,3
24467,4
24468,4
24470,2
24471,1
24474,2
24477,1
24480,6
24483,1
24486,2
24487,1
24490,3
24493,3
24496,5
24499,3
24500,1
24502,1
24503,2
24506,1
24508,1
24509,3
24512,5
24515,3
24516,1
24518,1
24521,1
24525,2
24528,3
24531,4
24535,1
24538,3
24541,3
24547,2
24553,2
24554,1
24557,5
24560,2
24563,1
24566,2
24569,2
24570,6
24572,1
24573,5
24576,2
24579,3
24582,1
24589,4
24592,3
24595,2
24598,1
24599,2
24601,2
24602,2
24605,1
24608,2
24611,3
24615,1
24617,1
24618,3
24620,1
24621,1
24624,3
24627,2
24628,1
24630,1
24633,1
24634,1
24637,2
24643,2
24646,5
24647,1
24649,1
24650,2
24653,1
24656,4
24659,3
24660,1
24662,1
24663,2
24665,1
24666,3
24669,4
24672,2
24676,1
24678,1
24679,2
24684,1
24685,5
24688,2
24691,1
24692,1
24694,2
24695,3
24704,4
24707,2
24708,1
24714,1
24716,1
24720,1
24726,1
24729,1
24730,1
24733,3
24736,3
24739,2
24742,1
24745,3
24749,2
24752,2
24755,2
24759,2
24762,1
24765,2
24768,2
24771,3
24774,1
24775,1
24778,1
24784,2
24787,2
24788,1
24790,2
24791,2
24793,1
24797,4
24800,4
24807,2
24809,1
24812,1
24816,5
24822,1
24823,1
24825,2
24826,2
24829,3
24832,7
24835,1
24836,1
24841,2
24842,1
24848,2
24852,1
24854,4
24858,4
24861,6
24864,3
24867,1
24868,2
24873,1
24874,2
24876,1
24877,3
24880,3
24883,1
24890,1
24899,3
24900,1
24902,2
24905,1
24906,1
24909,1
24916,1
24918,3
24919,1
24921,2
24922,3
24925,2
24928,3
24931,1
24934,2
24935,1
24937,1
24938,2
24941,3
24944,2
24947,2
24950,1
24951,1
24953,2
24954,1
24956,1
24957,3
24960,2
24963,1
24966,2
24970,4
24973,2
24976,2
24979,2
24982,1
24983,1
24985,1
24986,2
24989,1
24992,4
24999,1
25001,1
25002,2
25005,2
25008,2
25011,2
25012,1
25014,3
25015,2
25021,2
25024,1
25027,3
25030,3
25031,1
25034,1
25040,2
25043,2
25044,3
25046,2
25047,1
25049,1
25050,1
25052,1
25053,2
25056,3
25059,1
25060,2
25062,1
25065,1
25068,1
25069,3
25075,2
25076,1
25078,1
25079,1
25085,4
25088,3
25094,1
25097,2
25098,1
25101,1
25104,2
25107,1
25108,1
25110,2
25111,1
25117,2
25123,1
25124,1
25126,1
25127,1
25130,1
25132,1
25133,2
25136,1
25139,1
25142,2
25143,2
25146,2
25152,1
25155,2
25158,1
25159,1
25161,1
25162,1
25168,6
25171,1
25172,2
25174,2
25175,2
25178,2
25181,1
25184,1
25187,3
25190,1
25191,1
25194,1
25196,2
25200,2
25203,4
25206,2
25207,1
25213,1
25219,3
25220,1
25223,2
25225,1
25226,3
25228,1
25229,1
25232,1
25236,1
25239,1
25241,1
25242,2
25254,2
25255,1
25258,2
25264,2
25267,3
25270,1
25273,1
25274,1
25276,2
25277,3
25280,1
25284,1
25286,3
25290,1
25293,1
25296,4
25299,7
25306,1
25309,1
25312,1
25316,1
25319,1
25321,2
25328,1
25331,1
25332,1
25334,1
25338,1
25341,1
25344,1
25360,1
25363,2
25366,1
25369,1
25372,1
25376,2
25379,1
25392,1
25395,1
25398,1
25399,2
25402,1
25408,2
25411,1
25414,1
25415,1
25418,1
25421,1
25427,2
25430,1
25434,1
25436,2
25437,1
25440,2
25443,2
25447,1
25450,1
25453,5
25456,1
25459,1
25462,3
25463,1
25465,1
25469,1
25472,1
25475,1
25476,1
25478,1
25481,1
25485,1
25488,1
25491,3
25494,1
25495,1
25497,1
25501,1
25504,2
25507,1
25510,1
25514,1
25520,1
25523,2
25527,1
25530,2
25536,1
25540,1
25546,1
25552,2
25555,2
25561,1
25562,1
25564,1
25565,2
25568,2
25584,1
25587,2
25590,1
25591,1
25603,2
25606,1
25607,1
25610,2
25613,1
25616,1
25622,1
25632,1
25636,1
25638,2
25639,2
25648,1
25651,1
25655,1
25657,1
25661,1
25671,2
25674,1
25676,1
25677,1
25680,3
25683,2
25686,1
25687,1
25689,1
25693,1
25696,1
25699,2
25706,1
25709,1
25712,3
25715,1
25724,1
25728,2
25734,2
25737,2
25738,1
25740,1
25744,1
25748,1
25756,1
25757,1
25763,2
25766,1
25773,1
25776,2
25786,1
25795,1
25798,1
25799,1
25802,2
25805,1
25811,1
25814,1
25815,2
25827,1
25830,1
25836,1
25837,1
25840,1
25843,2
25849,1
25853,2
25862,1
25866,1
25869,1
25872,2
25875,1
25882,1
25888,1
25894,1
25901,1
25907,2
25911,1
25914,2
25920,1
25927,1
25930,1
25933,2
25936,1
25940,1
25942,1
25946,1
25958,1
25962,1
25971,1
25981,1
25984,1
25988,1
25990,1
25993,1
26000,1
26006,2
26023,1
26029,1
26042,1
26045,1
26061,1
26067,1
26090,1
26102,1
26109,2
26131,3
26137,1
26144,1
26147,1
26179,1
26201,1
26202,1
26208,1
26227,1
26256,1
26259,1
26281,1
26307,2
26320,1
26339,1
26349,1
26407,1
26422,1
26464,1
26473,1
26480,1
26551,1
26576,1
26675,1
26679,1
26695,1
26740,1
26755,1
26765,1
26806,1
26816,1
26838,1
26921,1
27028,1
27037,1
27216,1
27251,1
27277,2
27325,1
27523,1
27526,1
27530,1
27626,1
27642,1
27709,1
27828,1
27879,1
27945,1
27946,1
27975,1
28045,1
28249,1
28451,1
28662,1
28848,1
28909,1
29024,1
29072,1
29161,1
29188,1
29242,1
29856,1
30086,1
30109,1
30144,1
30441,1
30550,1
30605,1
30797,1
30807,1
30876,1
30905,1
30973,1
31005,1
31146,1
31328,1
31603,1
31895,1
32150,1
32176,1
32509,1
40006,1
44887,1
45939,1
46375,1
46848,1
60176,1
62524,1
66490,1
72028,1
74432,1
87565,1
123331,1
497212,1
