# Samples: 24667, Average: 31814.3 ns, StdDev: 48555.2 ns, Quartiles: 8227.0/10153.0/25872.0 ns
5254,1
5488,1
5568,1
5572,1
5584,1
5607,1
5620,1
5625,1
5629,1
5645,2
5652,2
5661,1
5687,1
5692,1
5693,1
5696,1
5699,2
5703,1
5709,1
5712,1
5724,1
5725,1
5738,1
5744,2
5747,2
5753,1
5763,1
5766,1
5773,1
5776,1
5779,2
5783,1
5805,1
5808,2
5811,1
5824,1
5830,1
5843,1
5849,1
5850,2
5862,1
5865,1
5872,2
5875,1
5882,2
5885,1
5894,1
5900,1
5901,2
5908,1
5916,1
5924,1
5930,1
5933,1
5939,1
5942,1
5952,1
5955,2
5965,1
5971,1
5977,1
5978,1
5981,1
5987,1
5997,1
6009,1
6022,1
6023,1
6038,1
6042,1
6051,1
6057,1
6067,2
6070,1
6086,1
6093,1
6096,2
6102,1
6109,2
6118,3
6121,1
6124,1
6125,1
6128,2
6137,2
6147,1
6150,1
6156,1
6160,1
6163,1
6169,1
6176,2
6183,1
6186,2
6195,1
6198,1
6214,1
6221,1
6224,1
6231,1
6237,1
6253,1
6256,2
6265,1
6266,1
6269,1
6272,1
6275,1
6279,1
6284,2
6297,1
6301,2
6304,1
6307,1
6313,1
6317,1
6320,1
6329,2
6330,1
6333,1
6343,1
6346,1
6352,1
6355,2
6356,1
6361,2
6365,1
6374,1
6381,2
6384,2
6387,1
6394,2
6397,1
6400,4
6403,1
6404,1
6413,1
6419,2
6422,1
6426,1
6429,2
6432,1
6438,2
6439,1
6444,1
6445,2
6448,3
6451,1
6452,1
6454,1
6458,1
6461,1
6464,4
6468,1
6470,1
6473,2
6474,1
6476,2
6477,1
6480,3
6483,1
6486,1
6487,1
6489,1
6490,3
6492,1
6493,1
6496,1
6500,1
6502,3
6503,5
6506,1
6508,2
6509,7
6512,3
6515,5
6518,2
6519,2
6522,4
6524,1
6525,2
6528,4
6531,3
6532,1
6534,2
6535,1
6537,1
6538,4
6540,1
6541,4
6544,4
6547,1
6550,3
6553,5
6554,3
6557,3
6560,3
6563,2
6566,3
6567,3
6569,1
6570,2
6572,1
6573,4
6576,2
6579,2
6580,2
6582,4
6583,1
6585,2
6586,2
6589,5
6592,3
6595,5
6596,2
6598,3
6599,4
6601,2
6602,5
6604,1
6605,6
6608,4
6611,2
6612,1
6614,3
6615,1
6617,2
6618,3
6620,1
6621,3
6624,4
6627,1
6628,2
6630,2
6631,1
6633,2
6634,1
6636,1
6637,4
6640,13
6643,6
6644,1
6646,4
6649,2
6650,3
6652,2
6653,2
6656,5
6662,9
6663,4
6665,4
6666,1
6668,1
6669,7
6672,4
6675,7
6678,7
6679,3
6681,4
6682,3
6685,2
6688,7
6691,1
6694,3
6695,2
6697,2
6698,6
6700,2
6701,6
6704,6
6707,9
6708,6
6710,3
6711,2
6713,4
6714,6
6716,1
6717,3
6720,8
6723,3
6724,1
6726,10
6727,6
6729,5
6730,5
6732,2
6733,7
6736,11
6739,7
6742,3
6743,2
6745,5
6746,10
6748,5
6749,4
6752,8
6755,6
6756,1
6758,8
6759,9
6761,3
6762,3
6764,4
6765,12
6768,6
6771,9
6772,1
6774,6
6775,1
6777,8
6778,8
6780,3
6781,6
6784,14
6787,4
6790,9
6791,5
6793,5
6794,2
6796,6
6797,15
6800,6
6803,6
6804,2
6806,8
6807,7
6810,9
6812,1
6813,5
6816,7
6819,8
6820,1
6822,13
6823,6
6825,1
6826,5
6828,2
6829,11
6832,11
6835,14
6836,2
6838,1
6839,2
6841,5
6842,9
6844,1
6845,8
6848,13
6851,6
6852,2
6854,7
6855,3
6857,5
6858,8
6860,1
6861,11
6864,11
6867,7
6868,4
6870,7
6871,4
6873,7
6874,11
6876,1
6877,9
6880,13
6883,13
6884,3
6886,10
6887,3
6889,4
6890,6
6892,1
6893,8
6896,9
6899,10
6902,2
6903,4
6905,4
6906,6
6908,1
6909,7
6912,13
6915,6
6916,2
6918,7
6919,6
6921,6
6922,8
6925,8
6928,12
6931,11
6932,2
6934,11
6935,1
6937,5
6938,12
6940,2
6941,10
6944,12
6947,4
6948,2
6950,4
6951,8
6953,8
6954,3
6956,4
6957,10
6960,5
6963,16
6964,3
6966,10
6967,2
6969,7
6970,10
6972,4
6973,9
6976,16
6979,7
6980,2
6982,5
6983,9
6985,5
6986,7
6988,3
6989,13
6992,11
6995,16
6996,6
6998,7
6999,5
7001,6
7002,9
7004,4
7005,10
7008,16
7011,4
7012,1
7014,8
7015,9
7017,2
7018,6
7020,4
7021,15
7024,13
7027,21
7028,3
7030,14
7031,6
7033,8
7034,9
7036,1
7037,11
7040,14
7043,10
7044,2
7046,14
7047,4
7049,1
7050,7
7052,6
7053,14
7056,14
7059,10
7060,4
7062,6
7063,3
7065,8
7066,13
7068,6
7069,15
7072,17
7075,12
7078,8
7079,6
7081,4
7082,12
7084,3
7085,16
7088,6
7091,16
7092,4
7094,13
7095,8
7097,8
7098,13
7100,3
7101,11
7104,23
7107,14
7110,13
7111,10
7113,7
7114,5
7116,5
7117,11
7120,9
7123,17
7124,4
7126,5
7127,6
7129,4
7130,14
7132,4
7133,14
7136,21
7139,7
7140,5
7142,9
7143,6
7145,5
7146,10
7148,5
7149,13
7152,16
7155,20
7156,5
7158,3
7159,6
7161,14
7162,12
7164,3
7165,10
7168,15
7171,10
7172,2
7174,13
7175,7
7177,5
7178,9
7180,7
7181,11
7184,16
7187,10
7188,3
7190,5
7191,4
7193,12
7194,13
7196,1
7197,9
7200,15
7203,9
7204,2
7206,8
7207,12
7209,6
7210,8
7212,4
7213,14
7216,9
7219,13
7220,5
7222,6
7223,3
7225,8
7226,10
7228,2
7229,6
7232,15
7235,9
7236,3
7238,12
7239,4
7241,4
7242,7
7244,5
7245,12
7248,10
7251,10
7252,4
7254,8
7255,5
7257,6
7258,12
7260,3
7261,9
7264,13
7267,13
7268,1
7270,9
7271,4
7273,9
7274,3
7276,4
7277,18
7280,12
7283,14
7284,2
7286,1
7287,4
7289,10
7290,14
7292,4
7293,10
7296,14
7299,15
7300,3
7302,9
7303,7
7305,4
7306,7
7308,1
7309,15
7312,9
7315,19
7316,3
7318,7
7319,2
7321,7
7322,9
7324,3
7325,10
7328,16
7331,7
7332,5
7334,12
7335,4
7337,4
7338,3
7340,6
7341,12
7344,7
7347,13
7348,3
7350,3
7351,4
7353,7
7354,8
7356,2
7357,6
7360,10
7363,10
7364,4
7366,11
7367,3
7369,3
7370,6
7372,1
7373,9
7376,13
7379,15
7380,3
7382,3
7383,4
7385,10
7386,14
7388,1
7389,9
7392,10
7395,9
7396,3
7398,12
7399,5
7401,8
7402,6
7404,1
7405,11
7408,10
7411,7
7412,2
7414,5
7415,4
7417,7
7418,7
7420,2
7421,9
7424,14
7427,3
7430,6
7431,6
7433,5
7434,4
7436,4
7437,10
7440,9
7443,10
7444,2
7446,3
7447,1
7449,5
7450,7
7452,2
7453,13
7456,11
7459,7
7460,3
7462,4
7463,3
7465,1
7466,3
7468,2
7469,4
7472,9
7475,4
7478,7
7479,2
7481,10
7482,10
7484,1
7485,11
7488,16
7491,8
7492,3
7494,10
7495,6
7497,5
7498,7
7500,3
7501,12
7504,9
7507,9
7508,3
7510,7
7511,2
7513,6
7514,8
7516,2
7517,10
7520,18
7523,10
7524,5
7526,6
7527,7
7529,5
7530,5
7532,4
7533,3
7536,8
7539,13
7540,3
7542,8
7543,10
7545,7
7546,15
7548,1
7549,8
7552,10
7555,11
7556,4
7558,5
7559,7
7561,3
7562,5
7564,1
7565,14
7568,12
7571,15
7572,3
7574,6
7575,8
7577,5
7578,10
7580,1
7581,4
7584,13
7587,7
7588,1
7590,9
7591,4
7593,6
7594,6
7596,2
7597,10
7600,11
7603,9
7604,6
7606,12
7607,4
7609,10
7610,11
7612,3
7613,8
7616,16
7619,6
7620,2
7622,4
7623,6
7625,3
7626,8
7628,1
7629,11
7632,8
7635,14
7636,1
7638,7
7639,2
7641,2
7642,10
7644,2
7645,14
7648,18
7651,9
7652,1
7654,10
7655,6
7657,2
7658,9
7660,2
7661,13
7664,13
7667,9
7668,1
7670,8
7671,6
7673,7
7674,13
7677,11
7680,14
7683,8
7686,10
7687,8
7689,4
7690,2
7692,1
7693,8
7696,12
7699,13
7700,1
7702,3
7703,3
7705,7
7706,9
7708,1
7709,5
7712,20
7715,8
7718,7
7719,4
7721,7
7722,2
7724,2
7725,7
7728,8
7731,6
7732,2
7734,5
7735,7
7737,5
7738,8
7740,1
7741,7
7744,12
7747,5
7748,2
7750,11
7751,9
7753,3
7754,7
7756,3
7757,11
7760,5
7763,5
7764,4
7766,3
7767,2
7769,4
7770,9
7772,2
7773,4
7776,10
7779,8
7780,3
7782,7
7783,4
7786,4
7788,3
7789,12
7792,13
7795,9
7796,2
7798,7
7799,3
7801,1
7802,4
7805,10
7808,6
7811,3
7812,3
7814,5
7815,6
7817,5
7818,3
7820,1
7821,15
7824,9
7827,6
7828,3
7830,6
7831,9
7833,2
7834,5
7836,5
7840,12
7843,11
7844,2
7846,15
7847,2
7849,3
7850,4
7852,4
7853,8
7856,8
7859,5
7860,3
7862,4
7863,3
7865,7
7866,7
7868,1
7869,11
7872,13
7875,9
7876,2
7878,9
7879,5
7881,4
7882,1
7885,6
7888,7
7891,4
7892,2
7894,3
7895,2
7897,6
7898,9
7900,1
7901,7
7904,8
7907,8
7908,1
7910,5
7911,4
7913,1
7914,4
7916,5
7917,14
7920,8
7923,12
7926,3
7927,4
7929,7
7930,4
7932,1
7933,7
7936,13
7939,7
7940,2
7942,8
7943,3
7946,6
7948,4
7949,10
7952,8
7955,9
7956,3
7958,8
7959,1
7961,3
7962,3
7964,2
7965,4
7968,13
7971,4
7972,4
7974,9
7975,5
7977,2
7978,2
7980,2
7981,11
7984,8
7987,12
7988,3
7990,4
7991,4
7993,3
7994,5
7996,1
7997,8
8000,18
8003,6
8004,1
8006,5
8007,4
8009,2
8010,2
8012,6
8013,7
8016,8
8019,11
8022,7
8023,3
8025,12
8026,7
8028,3
8029,2
8032,13
8035,9
8038,11
8039,5
8041,2
8042,5
8044,3
8045,13
8048,7
8051,11
8052,3
8054,3
8055,2
8057,6
8058,7
8061,4
8064,12
8067,7
8070,7
8071,3
8073,3
8074,4
8076,1
8077,9
8080,5
8083,10
8086,10
8087,2
8089,7
8090,3
8092,1
8093,6
8096,12
8099,8
8100,1
8102,9
8103,3
8105,3
8106,4
8108,1
8109,6
8112,10
8115,11
8116,2
8118,3
8119,2
8121,4
8122,6
8124,2
8125,12
8128,15
8131,5
8132,2
8134,6
8135,7
8137,2
8138,4
8140,1
8141,6
8144,7
8147,8
8148,2
8150,7
8151,1
8153,7
8154,9
8156,2
8157,7
8160,10
8163,7
8164,1
8166,7
8167,5
8169,3
8170,6
8172,4
8173,10
8176,5
8179,10
8180,2
8182,6
8183,2
8185,4
8186,12
8188,2
8189,8
8192,16
8195,7
8196,4
8198,5
8199,2
8201,1
8202,5
8204,4
8205,12
8208,15
8211,12
8212,3
8214,4
8215,5
8217,2
8218,7
8220,2
8221,12
8224,20
8227,6
8228,2
8230,7
8231,8
8233,2
8234,5
8236,1
8237,9
8240,8
8243,12
8244,3
8246,4
8247,1
8249,6
8250,5
8252,1
8253,6
8256,13
8259,4
8260,1
8262,4
8263,3
8265,5
8266,8
8268,2
8269,9
8272,8
8275,7
8276,4
8278,6
8279,5
8281,3
8282,4
8284,3
8285,3
8288,17
8291,7
8292,1
8294,6
8295,4
8297,2
8298,5
8300,4
8301,14
8304,11
8307,10
8308,4
8310,3
8311,3
8313,2
8314,6
8316,1
8317,5
8320,14
8323,10
8324,5
8326,7
8327,4
8329,5
8330,7
8332,1
8333,7
8336,8
8339,9
8340,4
8342,4
8343,3
8345,5
8346,8
8348,1
8349,7
8352,7
8355,3
8356,4
8358,6
8359,2
8361,3
8362,5
8364,4
8365,6
8368,7
8371,9
8372,1
8374,6
8375,2
8377,6
8378,6
8380,1
8381,1
8384,13
8387,5
8388,1
8390,5
8391,5
8393,1
8394,8
8396,3
8397,7
8400,8
8403,9
8404,1
8406,8
8407,1
8409,7
8410,6
8412,1
8413,6
8416,14
8419,4
8422,6
8423,6
8425,4
8426,4
8428,5
8429,11
8432,11
8435,10
8436,5
8438,4
8439,1
8442,6
8444,1
8445,6
8448,11
8451,7
8454,8
8455,7
8457,2
8458,5
8460,3
8461,12
8464,7
8467,7
8468,4
8470,3
8471,5
8473,7
8474,6
8476,1
8477,5
8480,12
8483,3
8484,2
8486,4
8487,4
8489,3
8490,6
8492,3
8493,9
8496,11
8499,13
8500,4
8502,7
8503,4
8505,3
8506,14
8508,3
8509,5
8512,15
8515,8
8516,3
8518,11
8519,7
8521,4
8522,4
8524,2
8525,11
8528,8
8531,11
8532,2
8534,3
8535,3
8537,2
8538,9
8540,3
8541,9
8544,15
8547,8
8548,1
8550,7
8551,5
8553,4
8554,2
8556,3
8557,7
8560,13
8563,8
8564,1
8566,7
8567,1
8569,5
8570,7
8572,1
8573,5
8576,11
8579,11
8582,7
8583,4
8585,3
8586,7
8588,3
8589,7
8592,8
8595,6
8596,1
8598,4
8599,7
8601,5
8602,4
8604,2
8605,9
8608,10
8611,7
8612,1
8614,6
8615,4
8617,4
8618,4
8620,2
8621,9
8627,8
8628,5
8630,4
8631,3
8633,4
8634,12
8637,8
8640,18
8643,5
8644,4
8646,5
8647,4
8649,5
8650,7
8652,3
8653,12
8656,12
8659,9
8660,2
8662,1
8663,4
8665,9
8666,7
8668,2
8669,9
8672,18
8675,4
8676,3
8678,14
8679,2
8681,3
8682,5
8684,3
8685,11
8688,6
8691,13
8692,2
8694,4
8695,3
8697,3
8698,8
8700,1
8701,4
8704,6
8707,7
8708,3
8710,12
8711,4
8713,5
8714,4
8716,3
8717,6
8720,4
8723,10
8726,6
8727,6
8729,3
8730,6
8732,4
8733,10
8736,8
8739,5
8740,1
8742,7
8743,5
8745,8
8746,4
8749,11
8752,10
8755,14
8756,3
8758,3
8759,3
8761,4
8762,7
8764,2
8765,1
8768,8
8771,3
8774,7
8775,1
8777,2
8778,9
8780,1
8781,10
8784,4
8787,14
8788,1
8790,7
8791,2
8793,6
8794,7
8796,2
8797,8
8800,6
8803,9
8804,1
8806,7
8807,5
8809,3
8810,7
8812,1
8813,7
8816,9
8819,6
8820,3
8822,7
8823,4
8826,10
8828,2
8829,8
8832,17
8835,5
8836,1
8838,11
8839,4
8841,5
8842,5
8844,2
8845,8
8848,10
8851,11
8852,1
8854,7
8855,2
8857,6
8858,6
8861,10
8864,15
8867,12
8868,3
8870,4
8871,5
8873,3
8874,4
8876,3
8877,11
8880,9
8883,8
8884,2
8886,5
8887,4
8889,4
8890,9
8892,1
8893,8
8896,14
8899,8
8900,1
8902,8
8903,5
8905,4
8906,2
8908,4
8909,16
8912,11
8915,8
8916,1
8918,8
8919,3
8921,9
8922,10
8924,1
8925,2
8928,7
8931,8
8934,5
8935,9
8937,5
8938,6
8940,1
8941,8
8944,5
8947,11
8948,2
8950,4
8951,5
8953,4
8954,5
8956,1
8957,5
8960,17
8963,6
8964,4
8966,6
8967,8
8969,3
8970,7
8972,2
8973,5
8976,8
8979,8
8980,2
8982,2
8983,4
8985,7
8986,12
8988,1
8989,11
8992,16
8995,6
8996,2
8998,12
8999,6
9001,3
9002,4
9004,2
9005,10
9008,9
9011,9
9012,2
9014,4
9015,5
9017,5
9018,9
9020,2
9021,6
9024,18
9027,8
9028,1
9030,7
9031,8
9033,1
9034,5
9036,3
9037,12
9040,8
9043,11
9044,1
9046,2
9047,4
9049,4
9050,6
9052,1
9053,6
9056,7
9059,12
9060,2
9062,5
9063,3
9065,1
9066,8
9069,13
9072,8
9075,11
9076,1
9078,9
9079,2
9081,4
9082,11
9085,3
9088,10
9091,7
9092,3
9094,8
9095,8
9097,2
9098,6
9100,4
9101,14
9104,2
9107,5
9108,2
9110,1
9111,2
9113,5
9114,6
9116,1
9117,6
9120,11
9123,4
9124,2
9126,8
9127,6
9129,2
9130,8
9132,3
9133,7
9136,8
9139,7
9140,1
9142,4
9143,1
9145,8
9146,6
9149,10
9152,7
9155,5
9156,5
9158,4
9159,7
9161,6
9162,3
9164,2
9165,13
9168,13
9171,10
9172,6
9174,6
9175,2
9177,6
9178,4
9180,1
9181,7
9184,14
9187,4
9188,1
9190,8
9191,3
9194,7
9196,2
9197,7
9200,12
9203,10
9206,4
9207,4
9209,5
9210,6
9213,7
9216,11
9219,7
9220,3
9222,13
9223,9
9225,2
9226,6
9228,1
9229,10
9232,10
9235,10
9236,6
9238,2
9239,4
9241,4
9242,12
9244,2
9245,6
9248,8
9251,6
9252,2
9254,8
9255,5
9257,3
9258,8
9260,3
9261,14
9264,8
9267,12
9268,2
9270,2
9271,2
9273,4
9274,3
9276,1
9277,10
9280,10
9283,7
9284,3
9286,8
9287,2
9289,2
9290,7
9292,2
9293,12
9296,11
9299,17
9300,3
9302,3
9303,4
9305,6
9306,5
9309,4
9312,12
9315,5
9316,1
9318,7
9319,1
9321,3
9322,3
9325,10
9328,7
9331,11
9332,1
9334,2
9335,3
9337,3
9338,6
9340,2
9341,5
9344,7
9347,7
9348,1
9350,5
9351,4
9353,8
9354,6
9356,2
9357,11
9360,14
9363,6
9364,6
9366,5
9367,1
9369,6
9370,9
9372,4
9373,7
9376,13
9379,7
9380,1
9382,8
9383,3
9385,3
9386,3
9388,1
9389,11
9392,8
9395,8
9396,1
9398,7
9399,4
9401,3
9402,3
9405,2
9408,10
9411,8
9414,9
9415,4
9417,6
9418,5
9420,1
9421,12
9424,8
9427,10
9428,3
9430,9
9431,3
9433,5
9434,5
9436,2
9437,6
9440,14
9443,7
9444,2
9446,6
9447,2
9449,2
9450,4
9452,2
9453,10
9456,7
9459,8
9460,1
9462,5
9463,7
9465,8
9466,2
9468,2
9469,5
9472,15
9475,6
9476,2
9478,16
9479,5
9481,4
9482,6
9484,1
9485,11
9488,7
9491,7
9492,3
9494,6
9495,5
9497,6
9498,5
9500,1
9501,9
9504,8
9507,11
9508,2
9510,7
9511,3
9513,1
9514,6
9516,2
9517,13
9520,9
9523,10
9524,2
9526,3
9527,9
9529,5
9530,6
9532,2
9533,11
9536,7
9539,5
9540,3
9542,12
9545,5
9546,8
9548,6
9549,9
9552,6
9555,9
9556,4
9558,1
9559,2
9561,8
9562,3
9564,2
9565,3
9568,15
9571,4
9572,1
9574,10
9575,3
9577,4
9578,4
9580,1
9581,9
9584,7
9587,14
9588,1
9590,5
9591,4
9593,6
9594,10
9596,2
9597,4
9600,7
9603,5
9604,1
9606,5
9607,2
9609,4
9610,2
9612,3
9613,11
9616,8
9619,10
9620,2
9622,3
9625,3
9626,12
9628,2
9629,7
9632,17
9635,10
9636,2
9638,10
9639,10
9641,3
9642,2
9644,4
9645,7
9648,7
9651,20
9654,4
9655,2
9657,8
9658,2
9660,1
9661,9
9664,16
9667,10
9668,5
9670,10
9671,2
9673,4
9674,11
9676,1
9677,16
9680,11
9683,6
9684,2
9686,7
9687,3
9689,5
9690,7
9692,3
9693,8
9696,7
9699,19
9700,2
9702,1
9705,3
9706,7
9708,6
9709,7
9712,11
9715,9
9716,5
9718,10
9719,2
9721,7
9722,8
9724,1
9725,2
9728,9
9731,5
9732,5
9734,5
9735,6
9737,3
9738,5
9740,1
9741,12
9744,9
9747,9
9748,1
9750,6
9751,1
9753,8
9754,5
9756,2
9757,10
9760,6
9763,10
9764,2
9766,5
9767,2
9773,11
9776,7
9779,7
9782,5
9783,2
9785,2
9786,3
9788,2
9789,3
9792,7
9795,7
9798,5
9799,6
9801,3
9802,7
9804,4
9805,11
9808,4
9811,7
9812,1
9814,4
9815,10
9817,7
9818,9
9820,1
9821,7
9824,14
9827,8
9828,1
9830,9
9831,2
9833,2
9834,1
9836,9
9837,6
9840,9
9843,10
9844,4
9846,7
9847,6
9849,5
9850,4
9852,1
9853,10
9856,13
9859,5
9860,3
9862,8
9863,2
9865,5
9866,2
9868,2
9869,9
9872,8
9875,12
9876,2
9878,3
9879,1
9881,8
9882,4
9884,3
9885,8
9888,13
9891,6
9892,1
9894,12
9895,3
9897,1
9898,5
9900,4
9901,10
9904,5
9907,10
9908,4
9910,1
9911,1
9913,6
9914,8
9917,11
9920,11
9923,3
9924,2
9926,7
9927,3
9929,3
9930,4
9932,4
9933,8
9936,5
9939,11
9940,6
9942,7
9943,10
9945,8
9946,11
9948,4
9949,9
9952,11
9955,5
9956,2
9958,13
9959,2
9961,2
9962,5
9964,7
9965,8
9968,9
9971,10
9972,2
9974,9
9975,1
9977,6
9978,5
9980,2
9981,9
9984,19
9987,9
9988,2
9990,14
9991,8
9993,4
9994,3
9996,5
9997,7
10000,8
10003,11
10004,3
10006,3
10007,2
10009,4
10010,8
10012,3
10013,8
10016,13
10019,8
10020,2
10022,4
10023,5
10025,2
10026,6
10028,4
10029,10
10032,7
10035,10
10036,3
10038,4
10039,1
10041,5
10042,10
10045,7
10048,16
10051,5
10052,1
10054,6
10055,5
10057,4
10058,5
10061,13
10064,9
10067,3
10070,3
10073,4
10074,14
10076,2
10077,10
10080,7
10083,5
10086,6
10087,8
10089,2
10090,2
10092,2
10093,10
10096,8
10099,6
10100,2
10102,10
10103,4
10105,5
10106,6
10108,3
10109,3
10112,12
10115,5
10116,1
10118,6
10119,4
10121,4
10122,11
10124,1
10125,14
10128,7
10131,10
10132,1
10134,8
10135,1
10137,13
10138,16
10140,1
10141,8
10144,13
10147,8
10148,3
10150,7
10151,4
10153,4
10154,10
10156,2
10157,9
10160,8
10163,16
10164,1
10166,5
10167,6
10169,1
10170,8
10172,3
10173,8
10176,11
10179,8
10182,9
10183,3
10185,3
10186,2
10189,17
10192,10
10195,10
10196,6
10198,4
10199,5
10201,5
10202,3
10204,2
10205,14
10208,10
10211,7
10214,13
10215,3
10217,5
10218,4
10220,1
10221,12
10224,8
10227,9
10228,3
10230,4
10231,5
10233,3
10234,9
10236,2
10237,8
10240,7
10243,3
10244,1
10246,5
10247,7
10249,3
10250,3
10252,1
10253,11
10256,8
10259,15
10260,3
10262,7
10263,3
10265,1
10266,11
10268,3
10269,11
10272,21
10275,10
10278,9
10279,4
10281,4
10282,3
10284,1
10285,9
10288,4
10291,12
10292,4
10294,4
10295,2
10297,6
10298,6
10300,2
10301,9
10304,10
10307,7
10308,2
10310,8
10311,7
10313,2
10314,3
10316,1
10317,13
10320,11
10323,13
10324,1
10326,1
10327,1
10329,6
10330,7
10333,8
10336,17
10339,8
10340,1
10342,14
10343,7
10345,2
10346,6
10348,3
10349,9
10352,9
10355,16
10356,4
10358,13
10359,1
10361,6
10362,6
10365,6
10368,16
10371,6
10372,2
10374,9
10375,3
10377,6
10378,7
10380,2
10381,12
10384,7
10387,10
10388,2
10390,6
10391,3
10393,3
10394,10
10397,2
10400,11
10403,2
10404,1
10406,9
10407,1
10409,2
10410,5
10412,2
10413,10
10416,7
10419,12
10420,4
10422,9
10423,3
10425,3
10426,4
10429,6
10432,8
10435,11
10438,7
10439,4
10441,3
10442,6
10444,2
10445,8
10448,5
10451,13
10452,2
10454,5
10455,1
10457,8
10458,4
10460,3
10461,5
10464,9
10467,4
10468,1
10470,12
10471,4
10473,2
10474,4
10476,4
10477,12
10480,8
10483,17
10484,4
10486,5
10487,4
10489,7
10490,4
10493,9
10496,12
10499,7
10502,5
10503,3
10505,2
10506,3
10508,3
10509,10
10512,11
10515,6
10516,3
10518,7
10519,6
10521,4
10522,11
10524,1
10525,10
10528,13
10531,6
10532,2
10534,10
10535,3
10537,2
10540,1
10541,6
10544,4
10547,5
10548,4
10550,2
10551,2
10553,4
10554,5
10557,3
10560,19
10563,10
10564,1
10566,11
10567,3
10569,3
10570,7
10572,2
10573,9
10576,9
10579,10
10580,3
10582,6
10583,4
10585,10
10586,11
10588,2
10589,7
10592,18
10595,7
10596,3
10598,8
10599,4
10601,5
10602,9
10604,2
10605,7
10608,9
10611,9
10612,2
10614,5
10615,3
10617,7
10618,9
10620,3
10621,5
10624,13
10627,9
10628,1
10630,9
10631,3
10633,5
10634,7
10636,4
10637,11
10640,8
10643,16
10644,8
10646,5
10647,4
10649,5
10650,10
10653,5
10656,13
10659,11
10660,2
10662,10
10663,6
10665,3
10666,4
10668,4
10669,9
10672,7
10675,13
10676,3
10678,4
10679,5
10681,5
10682,6
10684,2
10685,10
10688,9
10691,6
10692,2
10694,12
10695,4
10697,3
10698,3
10700,4
10701,6
10704,11
10707,11
10708,5
10710,4
10711,8
10713,9
10714,10
10716,1
10717,9
10720,15
10723,7
10724,3
10726,11
10727,3
10729,3
10730,5
10732,2
10733,14
10736,9
10739,12
10740,3
10742,5
10743,1
10745,3
10746,6
10748,3
10749,6
10752,9
10755,10
10758,8
10759,6
10761,3
10762,10
10764,3
10765,6
10768,7
10771,7
10772,2
10774,3
10775,1
10777,4
10778,3
10780,4
10781,7
10784,3
10787,2
10788,1
10790,6
10791,4
10793,5
10794,3
10796,2
10797,11
10800,4
10803,14
10804,1
10806,4
10807,4
10809,4
10810,8
10812,2
10813,6
10816,16
10819,8
10820,1
10822,7
10823,4
10825,2
10826,5
10828,1
10829,10
10832,12
10835,7
10836,2
10838,10
10839,1
10841,5
10842,11
10844,3
10845,9
10848,11
10851,5
10852,3
10854,8
10855,5
10857,2
10858,2
10860,2
10861,11
10864,6
10867,9
10870,2
10871,6
10873,7
10874,5
10876,2
10877,15
10880,17
10883,5
10884,3
10886,7
10887,6
10889,3
10890,6
10893,7
10896,8
10899,17
10900,2
10902,3
10903,2
10905,7
10906,10
10908,4
10909,8
10912,7
10915,13
10916,4
10918,5
10921,5
10922,4
10924,3
10925,11
10928,9
10931,12
10932,1
10934,8
10935,4
10937,8
10938,6
10940,3
10941,8
10944,13
10947,11
10948,1
10950,10
10951,6
10953,1
10954,5
10956,4
10957,6
10960,11
10963,8
10964,6
10966,3
10967,4
10969,1
10970,6
10972,1
10973,6
10976,15
10979,6
10980,1
10982,5
10983,8
10985,4
10986,6
10988,1
10989,8
10992,5
10995,11
10996,2
10998,12
10999,2
11001,6
11002,7
11004,1
11005,9
11008,16
11011,8
11012,2
11014,6
11015,6
11017,4
11018,6
11020,4
11021,13
11024,13
11027,8
11028,3
11030,6
11031,3
11033,6
11034,9
11036,5
11037,7
11040,14
11043,9
11046,12
11047,5
11049,2
11050,11
11052,1
11053,10
11056,10
11059,15
11060,2
11062,8
11063,1
11065,3
11066,6
11068,3
11069,6
11072,10
11075,9
11076,1
11078,13
11079,2
11081,2
11082,5
11085,11
11088,7
11091,7
11092,2
11094,3
11095,5
11097,6
11098,10
11101,9
11104,11
11107,8
11108,2
11110,7
11111,6
11113,1
11114,5
11117,11
11120,4
11123,7
11124,3
11126,4
11127,3
11129,8
11130,5
11132,2
11133,5
11136,8
11139,5
11142,11
11143,4
11145,3
11146,5
11148,2
11149,8
11152,13
11155,14
11156,1
11158,4
11159,6
11161,3
11162,5
11165,10
11168,12
11171,5
11172,1
11174,5
11175,4
11177,4
11178,2
11180,2
11181,13
11184,6
11187,8
11188,2
11190,6
11191,2
11193,7
11194,16
11197,9
11200,17
11203,10
11204,1
11206,8
11207,3
11209,8
11210,4
11212,1
11213,9
11216,7
11219,11
11220,3
11222,3
11223,2
11225,4
11226,9
11228,2
11229,10
11232,18
11235,6
11236,4
11238,9
11239,7
11241,4
11242,6
11244,1
11245,3
11248,10
11251,10
11252,7
11254,5
11255,5
11257,4
11258,9
11260,1
11261,7
11264,10
11267,2
11268,3
11270,8
11271,7
11273,4
11274,9
11276,4
11277,8
11280,9
11283,8
11284,1
11286,9
11287,2
11289,7
11290,11
11293,8
11296,17
11299,6
11300,1
11302,5
11303,4
11305,1
11306,5
11308,3
11309,10
11312,5
11315,11
11316,2
11318,4
11319,1
11321,7
11322,8
11324,1
11325,4
11328,25
11331,5
11332,2
11334,7
11335,6
11337,5
11338,6
11340,2
11341,10
11344,10
11347,9
11348,1
11350,8
11351,4
11353,6
11354,8
11356,1
11357,7
11360,14
11363,13
11364,2
11366,9
11367,3
11369,1
11370,7
11372,2
11373,6
11376,11
11379,6
11380,2
11382,4
11383,2
11385,4
11386,13
11388,2
11389,11
11392,11
11395,7
11396,1
11398,8
11399,5
11401,1
11402,7
11404,2
11405,15
11408,9
11411,10
11412,2
11414,4
11415,3
11417,4
11418,4
11420,4
11421,6
11424,11
11427,6
11428,4
11430,3
11431,5
11433,1
11434,2
11436,4
11437,7
11440,5
11443,8
11444,4
11446,5
11447,4
11449,3
11450,6
11452,2
11453,6
11456,8
11459,5
11460,1
11462,6
11463,4
11465,1
11466,3
11468,4
11469,7
11472,6
11475,11
11476,3
11478,2
11479,2
11481,3
11482,5
11485,5
11488,12
11491,5
11492,1
11494,4
11495,7
11497,2
11498,3
11501,8
11504,6
11507,5
11508,2
11510,3
11511,1
11513,6
11514,5
11516,1
11517,3
11520,10
11523,5
11524,3
11526,9
11527,4
11530,2
11533,5
11536,2
11539,8
11542,5
11543,1
11545,5
11546,2
11548,1
11549,1
11552,12
11555,4
11556,2
11558,7
11559,2
11562,4
11565,6
11568,4
11571,5
11574,5
11575,2
11577,2
11578,4
11580,1
11581,3
11584,2
11587,5
11590,3
11591,3
11593,1
11594,1
11596,2
11597,1
11600,3
11603,11
11604,1
11606,2
11607,6
11609,4
11610,3
11612,1
11613,2
11616,6
11619,1
11622,9
11623,3
11625,1
11626,2
11628,3
11629,9
11632,3
11635,6
11636,2
11638,1
11639,1
11641,1
11642,5
11644,1
11645,3
11648,7
11651,2
11654,2
11655,2
11657,1
11661,2
11664,1
11667,4
11668,2
11670,1
11671,2
11673,1
11674,3
11677,3
11680,3
11683,1
11686,2
11687,4
11690,3
11693,3
11696,1
11699,6
11703,1
11705,1
11706,2
11709,3
11712,3
11715,1
11716,1
11718,2
11719,2
11721,2
11722,1
11724,1
11725,2
11728,1
11731,2
11735,1
11737,1
11738,2
11741,3
11744,1
11750,3
11751,1
11753,1
11754,1
11757,3
11763,1
11769,2
11770,1
11773,1
11776,2
11780,1
11782,2
11783,2
11786,1
11789,2
11792,1
11795,3
11801,1
11802,1
11805,1
11811,3
11814,1
11817,1
11820,3
11824,1
11827,2
11828,1
11831,1
11837,2
11840,3
11843,2
11846,1
11847,1
11850,1
11852,1
11853,2
11859,2
11865,2
11866,3
11869,1
11872,1
11878,1
11885,1
11888,1
11891,1
11892,1
11894,2
11895,1
11901,2
11904,2
11907,1
11908,1
11910,1
11911,1
11913,1
11914,1
11920,2
11923,1
11924,1
11933,1
11936,3
11939,1
11940,1
11942,1
11943,1
11952,2
11955,1
11961,1
11962,2
11964,1
11965,1
11968,2
11971,3
11977,1
11980,1
11981,4
11984,4
11987,1
11993,2
11994,2
12003,2
12007,1
12025,2
12026,1
12029,3
12032,2
12035,1
12038,1
12039,1
12045,2
12048,2
12051,1
12061,1
12064,3
12073,1
12077,1
12080,4
12083,4
12087,1
12093,3
12096,1
12102,2
12108,1
12109,1
12112,1
12115,1
12125,2
12128,1
12131,1
12134,1
12135,1
12137,1
12144,2
12147,1
12150,1
12154,1
12160,1
12163,1
12166,1
12167,2
12169,1
12170,1
12173,1
12176,3
12179,3
12182,1
12183,1
12185,1
12186,1
12192,4
12195,1
12202,2
12208,2
12211,1
12227,1
12228,1
12230,3
12231,1
12234,1
12236,1
12240,1
12243,2
12244,1
12246,1
12250,2
12256,6
12259,2
12262,1
12268,1
12272,3
12275,1
12276,3
12288,3
12294,1
12295,1
12298,3
12301,2
12304,2
12307,4
12314,1
12317,2
12323,1
12326,1
12333,3
12336,4
12339,1
12342,2
12343,1
12346,1
12352,1
12355,1
12361,2
12365,1
12368,1
12371,2
12375,2
12378,2
12384,1
12387,1
12390,1
12397,1
12400,2
12410,1
12413,2
12416,3
12419,1
12420,1
12425,2
12429,2
12436,1
12439,1
12442,1
12445,1
12448,1
12454,1
12455,1
12474,2
12493,2
12496,1
12499,2
12506,1
12508,1
12512,3
12515,1
12518,2
12519,1
12522,1
12528,1
12531,1
12534,1
12538,1
12540,1
12541,1
12544,1
12550,1
12551,1
12557,1
12579,1
12580,1
12582,5
12589,2
12592,2
12595,3
12596,2
12599,1
12601,1
12605,1
12621,2
12624,1
12627,1
12628,1
12636,1
12640,2
12643,1
12650,1
12653,2
12662,2
12665,1
12669,1
12672,1
12675,2
12678,1
12685,1
12695,2
12697,1
12710,1
12714,1
12727,2
12730,4
12733,1
12736,2
12742,1
12743,2
12746,1
12752,2
12756,2
12758,1
12761,1
12762,1
12777,1
12780,1
12784,1
12787,2
12788,1
12793,1
12796,1
12797,1
12800,3
12813,1
12819,1
12822,2
12825,1
12832,1
12838,1
12841,1
12845,2
12848,3
12858,1
12860,1
12867,2
12871,1
12874,1
12876,1
12883,1
12890,1
12893,3
12899,1
12902,1
12903,1
12906,1
12912,1
12918,1
12925,1
12931,1
12957,1
12960,2
12963,1
12966,2
12973,2
12982,2
12986,1
12992,1
12998,1
12999,1
13002,1
13008,1
13011,1
13015,1
13017,2
13018,1
13021,2
13024,1
13027,2
13028,2
13031,1
13037,1
13040,1
13043,3
13044,1
13049,1
13053,1
13056,3
13062,2
13066,1
13068,1
13072,1
13075,1
13082,1
13088,1
13091,1
13094,1
13100,1
13104,1
13107,1
13110,2
13113,1
13114,1
13117,2
13120,1
13123,2
13126,1
13127,1
13130,1
13133,2
13136,1
13139,1
13146,2
13155,1
13158,1
13161,1
13165,1
13168,1
13171,2
13177,1
13190,2
13194,1
13203,2
13210,1
13213,2
13216,1
13226,1
13248,1
13258,1
13264,1
13271,1
13273,2
13274,3
13286,1
13290,1
13293,1
13312,2
13318,1
13325,1
13328,1
13331,1
13338,1
13344,3
13347,1
13348,1
13350,1
13351,1
13353,1
13354,3
13373,1
13376,1
13379,1
13382,1
13388,1
13389,2
13395,2
13402,1
13405,1
13414,1
13415,1
13418,1
13420,1
13421,1
13434,1
13437,1
13440,1
13446,2
13453,1
13459,2
13465,1
13469,1
13472,1
13478,1
13481,1
13482,1
13488,1
13494,2
13498,1
13500,1
13501,1
13504,1
13523,1
13524,1
13549,2
13552,1
13555,1
13559,1
13562,1
13568,1
13578,1
13581,2
13584,1
13587,1
13596,1
13600,1
13606,2
13607,1
13610,1
13613,1
13616,1
13623,1
13625,1
13632,2
13642,2
13645,1
13654,2
13661,1
13664,1
13674,1
13677,2
13680,1
13683,1
13684,1
13696,1
13702,1
13706,1
13712,1
13715,1
13724,1
13735,1
13738,1
13750,1
13753,1
13760,1
13782,2
13783,1
13785,1
13786,2
13792,2
13811,2
13812,1
13824,1
13844,1
13846,1
13847,1
13853,1
13859,1
13862,1
13863,1
13872,1
13875,2
13879,1
13885,2
13888,1
13898,1
13904,1
13908,1
13916,1
13917,1
13936,1
13949,1
13952,2
13961,1
13965,1
13984,2
13990,2
13997,2
14000,1
14007,1
14013,1
14016,1
14019,1
14020,2
14023,1
14025,1
14029,1
14032,1
14042,1
14054,1
14058,1
14067,1
14077,1
14080,2
14086,1
14090,1
14092,1
14096,2
14105,1
14115,1
14119,1
14125,1
14141,1
14156,1
14164,1
14169,1
14176,1
14180,1
14182,1
14183,1
14189,1
14202,1
14215,1
14217,1
14218,1
14227,1
14240,2
14243,1
14246,2
14253,1
14256,1
14266,3
14268,3
14275,1
14285,1
14288,1
14298,1
14310,1
14311,1
14313,1
14317,2
14320,1
14327,1
14333,1
14336,1
14339,1
14358,1
14375,1
14381,1
14400,1
14403,1
14407,1
14438,1
14457,1
14464,1
14467,1
14470,1
14474,1
14493,1
14499,1
14515,1
14518,1
14528,1
14550,1
14563,1
14573,1
14582,1
14586,2
14605,1
14608,1
14630,1
14643,1
14659,2
14675,1
14678,1
14679,1
14704,1
14707,1
14714,1
14723,1
14726,1
14730,1
14736,1
14739,1
14771,1
14806,1
14825,1
14842,1
14851,1
14867,1
14893,1
14912,1
14934,1
14944,1
14954,2
14969,1
14983,1
14985,1
14986,1
15011,1
15027,1
15075,1
15091,3
15104,1
15129,1
15159,1
15168,1
15191,1
15200,1
15216,1
15232,1
15238,2
15244,1
15245,1
15261,1
15293,1
15350,1
15354,1
15382,1
15450,1
15456,1
15475,1
15504,1
15546,1
15596,1
15603,1
15612,1
15628,1
15683,1
15706,1
15734,1
15737,1
15747,2
15754,1
15764,1
15788,1
15821,1
15824,2
15827,1
15834,1
15844,1
15853,1
15859,1
15872,1
15875,1
15901,1
15926,1
15956,1
15965,1
15971,1
16000,1
16009,1
16019,2
16032,1
16077,1
16090,1
16105,1
16109,1
16119,1
16137,1
16163,1
16166,1
16173,1
16198,1
16240,1
16243,1
16272,1
16282,1
16301,1
16327,1
16345,1
16365,1
16371,1
16393,1
16407,1
16439,2
16441,1
16448,1
16455,1
16474,1
16480,1
16486,1
16490,1
16493,1
16547,1
16563,1
16570,1
16582,1
16605,1
16608,1
16633,1
16640,1
16643,1
16646,1
16688,1
16694,1
16697,1
16701,1
16704,1
16711,1
16730,1
16736,1
16775,1
16825,1
16880,1
16883,1
16889,2
16896,1
16934,1
16957,1
16985,1
16995,1
17031,1
17069,1
17075,1
17095,1
17110,1
17120,1
17145,1
17155,1
17165,1
17184,1
17200,3
17216,1
17222,1
17229,1
17255,1
17267,1
17293,2
17357,1
17363,1
17373,1
17379,1
17380,1
17389,1
17415,1
17443,1
17478,1
17485,1
17511,1
17520,1
17530,1
17555,1
17561,1
17587,1
17591,1
17629,1
17648,1
17693,1
17696,1
17747,1
17750,1
17753,1
17766,1
17783,1
17818,1
17869,1
17959,1
17972,1
17997,1
18019,1
18039,1
18042,1
18157,1
18160,1
18167,1
18179,1
18211,1
18243,1
18256,1
18298,1
18304,1
18342,1
18374,1
18378,1
18381,1
18404,1
18448,1
18464,1
18480,1
18493,1
18547,1
18570,1
18572,1
18614,1
18621,1
18637,1
18659,1
18679,1
18681,1
18756,1
18771,1
18781,1
18791,1
18822,1
18838,1
18938,1
18940,2
18947,1
18948,1
19024,2
19031,1
19072,1
19098,1
19110,1
19120,1
19140,1
19149,2
19165,1
19225,1
19226,1
19261,1
19287,1
19308,1
19373,1
19383,1
19404,1
19472,1
19495,1
19504,1
19510,1
19514,1
19568,1
19593,2
19603,1
19623,1
19632,1
19641,1
19648,1
19670,1
19674,1
19706,1
19709,1
19722,1
19731,1
19769,1
19818,1
19824,2
19827,1
19833,1
19836,1
19840,1
19895,1
19923,1
19945,1
19968,1
19977,1
19994,1
20054,1
20109,1
20160,1
20205,1
20227,2
20281,1
20317,1
20320,2
20339,2
20352,1
20365,1
20377,1
20378,1
20407,1
20413,1
20416,1
20428,1
20461,1
20467,1
20525,1
20531,1
20534,1
20595,1
20605,1
20608,1
20621,1
20637,1
20726,1
20765,1
20794,1
20884,1
20890,2
20938,1
21030,1
21097,1
21207,1
21258,1
21261,1
21270,1
21280,1
21319,1
21354,1
21357,1
21370,1
21373,1
21386,1
21408,1
21421,3
21440,1
21449,1
21456,1
21459,1
21472,1
21504,3
21513,1
21523,1
21561,1
21564,1
21568,1
21590,1
21600,1
21619,1
21625,1
21709,1
21712,1
21732,1
21744,1
21757,2
21772,2
21779,1
21792,1
21805,1
21849,1
21856,1
21923,1
21942,1
21968,1
21984,1
21987,1
22013,1
22028,1
22048,1
22054,1
22073,1
22089,1
22102,1
22140,1
22157,1
22176,1
22188,1
22192,1
22227,1
22240,1
22246,2
22266,1
22285,1
22288,1
22329,1
22330,1
22352,2
22368,1
22381,1
22397,1
22400,1
22454,1
22570,1
22598,1
22601,1
22611,1
22614,1
22643,2
22653,1
22656,1
22708,1
22803,1
22816,1
22819,1
22826,1
22835,1
22874,1
22883,1
22892,1
22909,1
22957,1
22989,1
23005,1
23015,1
23027,1
23030,1
23060,1
23075,2
23094,1
23116,1
23149,1
23152,1
23187,1
23196,1
23283,1
23286,1
23290,1
23296,1
23321,1
23331,1
23341,1
23373,1
23418,1
23440,1
23472,1
23475,1
23498,1
23539,1
23552,1
23580,1
23594,2
23597,1
23600,1
23619,1
23654,1
23677,1
23680,1
23705,1
23779,1
23789,1
23824,1
23850,1
23901,1
23907,1
23910,1
23961,1
23971,1
23987,1
24003,1
24048,1
24051,1
24118,1
24122,1
24125,1
24134,1
24147,1
24157,1
24173,1
24192,1
24212,1
24221,1
24230,1
24247,1
24304,1
24307,1
24317,1
24320,1
24329,1
24333,1
24355,1
24362,1
24391,1
24470,1
24473,1
24537,1
24569,1
24592,1
24704,1
24710,1
24844,1
24848,1
24867,1
24908,1
24909,1
24922,1
24960,2
25002,1
25011,1
25021,1
25072,1
25113,1
25152,1
25171,2
25203,1
25232,1
25239,1
25286,2
25322,1
25402,1
25456,1
25517,1
25530,1
25651,1
25670,1
25680,1
25699,1
25731,1
25780,1
25805,1
25811,1
25837,1
25850,1
25865,1
25872,2
25898,1
25917,1
25924,1
25932,1
25962,1
25965,1
26003,1
26051,1
26057,1
26061,1
26163,1
26170,2
26180,1
26198,1
26211,1
26234,1
26272,1
26279,1
26282,1
26298,1
26308,1
26317,1
26329,1
26374,1
26381,1
26384,1
26429,1
26438,1
26458,1
26522,1
26538,1
26547,1
26566,1
26570,1
26573,1
26598,1
26621,1
26704,1
26720,2
26723,1
26764,1
26771,1
26787,1
26835,1
26841,1
26873,1
26874,1
26890,1
26925,1
26931,1
26938,1
26944,1
26967,1
26998,1
27059,1
27104,1
27107,1
27110,1
27123,1
27130,1
27139,1
27178,1
27207,1
27213,1
27277,1
27302,1
27303,1
27306,1
27328,1
27360,1
27405,2
27444,1
27465,1
27472,1
27475,1
27488,1
27500,1
27514,1
27575,1
27606,1
27613,1
27619,1
27632,1
27645,1
27702,1
27766,1
27799,1
27811,1
27833,1
27856,1
27859,1
27891,2
27907,1
27910,2
27914,1
27920,1
27927,1
27949,1
27955,1
28013,1
28044,1
28048,2
28070,1
28086,2
28089,1
28134,1
28141,1
28160,1
28214,1
28228,1
28253,1
28262,1
28272,2
28326,1
28339,2
28368,1
28371,1
28400,1
28461,1
28506,1
28522,1
28525,1
28544,1
28576,1
28631,1
28646,1
28656,2
28723,1
28733,1
28761,1
28768,1
28797,1
28816,1
28851,1
28854,1
28870,1
28887,1
28890,1
28896,1
28931,2
28950,1
28963,1
28967,1
28973,1
28979,1
29008,1
29021,1
29033,1
29049,1
29066,1
29079,1
29085,1
29130,1
29184,1
29216,1
29222,1
29235,2
29248,1
29254,1
29274,1
29283,1
29299,1
29331,1
29332,1
29337,1
29373,1
29376,1
29379,1
29383,1
29411,1
29421,1
29452,1
29456,1
29468,1
29497,1
29508,1
29517,1
29520,1
29578,1
29587,1
29594,1
29612,1
29619,1
29632,1
29658,1
29677,1
29683,2
29689,1
29690,1
29712,1
29718,1
29744,1
29760,1
29772,1
29776,1
29811,1
29866,1
29901,1
29920,1
29927,1
29949,1
29952,1
29984,1
29991,1
30013,1
30035,1
30036,1
30048,1
30054,1
30064,1
30096,1
30135,1
30157,1
30176,1
30224,1
30230,1
30240,1
30288,1
30297,1
30349,1
30359,1
30368,1
30374,1
30393,1
30444,1
30458,1
30461,1
30512,1
30554,1
30605,1
30627,1
30669,1
30675,1
30679,1
30682,1
30710,1
30720,1
30752,1
30772,1
30774,1
30832,1
30851,1
30871,1
30887,1
30896,1
30925,1
30963,1
30970,1
31040,1
31059,1
31078,1
31084,1
31094,1
31132,1
31140,1
31155,1
31162,1
31168,1
31177,1
31188,1
31229,1
31232,1
31238,1
31254,1
31267,1
31296,1
31303,1
31306,1
31415,1
31427,1
31437,1
31456,1
31459,1
31488,1
31491,2
31498,1
31501,1
31526,1
31558,1
31578,1
31584,2
31609,1
31632,1
31664,1
31677,2
31715,1
31776,1
31789,1
31798,1
31840,1
31846,1
31859,1
31878,1
31891,1
31897,1
31958,1
31962,1
32016,2
32052,1
32067,1
32089,1
32147,1
32156,1
32204,1
32352,1
32381,1
32387,1
32413,1
32422,1
32445,1
32457,1
32471,1
32509,1
32512,1
32519,2
32522,1
32531,1
32550,1
32551,1
32553,1
32573,1
32576,1
32583,2
32614,1
32617,1
32656,1
32669,1
32724,1
32727,1
32765,1
32781,1
32807,1
32809,1
32826,1
32854,1
32864,1
32893,1
32915,1
32973,2
32998,1
33024,1
33040,1
33056,1
33072,1
33085,1
33095,1
33098,1
33108,1
33116,1
33120,1
33133,2
33139,1
33190,1
33207,1
33210,1
33212,1
33219,1
33225,1
33229,1
33235,1
33274,1
33290,1
33293,1
33296,1
33309,1
33350,1
33357,1
33417,1
33440,1
33450,1
33453,1
33469,1
33478,1
33504,1
33523,1
33524,1
33625,1
33626,1
33629,1
33642,1
33655,1
33671,1
33680,1
33683,1
33709,1
33728,1
33747,1
33760,1
33770,1
33783,1
33818,1
33856,1
33865,1
33866,1
33869,1
33901,1
33920,1
33952,1
33955,1
34000,1
34009,1
34026,1
34035,2
34051,1
34080,1
34083,1
34093,1
34118,2
34128,1
34141,1
34163,1
34176,1
34192,1
34195,1
34198,1
34275,1
34278,1
34310,2
34323,1
34326,1
34339,1
34397,1
34413,1
34422,1
34428,1
34451,1
34457,1
34492,1
34496,1
34512,1
34528,2
34573,1
34582,1
34598,1
34611,1
34624,2
34637,1
34640,1
34659,1
34669,1
34675,1
34685,2
34704,1
34723,1
34730,1
34739,1
34745,2
34822,1
34848,1
34868,1
34906,1
34935,1
34954,1
34960,1
35050,1
35066,1
35123,1
35139,1
35148,1
35168,1
35172,1
35200,1
35206,1
35209,1
35225,1
35232,3
35270,1
35273,1
35328,1
35388,1
35402,1
35405,1
35418,1
35436,1
35444,1
35446,1
35456,1
35510,1
35517,1
35571,1
35575,1
35590,1
35609,1
35622,1
35635,1
35636,1
35651,1
35652,1
35655,1
35658,1
35680,1
35687,1
35725,1
35741,1
35747,1
35750,1
35769,1
35783,1
35811,1
35814,1
35846,1
35856,2
35859,1
35865,1
35879,1
35891,1
35927,1
35930,2
35962,1
35974,1
35981,1
35993,1
36025,1
36054,1
36077,1
36115,1
36124,1
36153,1
36259,1
36278,1
36339,2
36410,1
36419,1
36432,2
36451,1
36467,1
36528,1
36531,1
36534,1
36540,1
36551,1
36586,1
36592,1
36595,1
36608,1
36647,1
36650,2
36717,1
36736,1
36756,1
36768,1
36787,1
36800,1
36861,1
36864,1
36880,1
36909,1
36915,1
36922,1
36963,1
36964,1
36966,1
36986,1
36992,2
37005,1
37018,1
37050,1
37075,1
37100,1
37107,1
37120,1
37142,1
37158,1
37204,1
37219,1
37225,1
37226,1
37235,1
37245,1
37252,1
37261,2
37274,1
37284,1
37318,1
37337,1
37344,1
37350,1
37364,1
37424,1
37453,1
37475,1
37478,1
37504,1
37530,1
37562,1
37578,1
37600,1
37622,1
37652,1
37661,1
37671,1
37686,1
37693,1
37696,1
37715,2
37760,1
37767,1
37824,1
37856,1
37872,1
37888,1
37908,1
37939,1
37942,1
37946,1
37964,1
37981,1
38000,1
38007,1
38016,1
38019,1
38073,1
38080,1
38096,1
38128,1
38131,1
38150,1
38163,1
38196,1
38227,1
38250,1
38256,1
38260,1
38263,1
38265,1
38272,2
38275,1
38298,1
38311,1
38340,1
38381,2
38384,1
38390,1
38426,1
38509,1
38515,1
38528,1
38550,2
38560,1
38566,1
38614,1
38637,1
38646,1
38691,1
38704,1
38710,1
38726,1
38736,1
38746,1
38752,1
38759,1
38772,1
38774,1
38819,2
38822,1
38832,1
38848,1
38868,1
38890,1
38915,1
38928,1
38931,1
38937,1
38957,1
39040,1
39088,1
39113,1
39136,1
39177,1
39200,1
39219,1
39225,1
39244,1
39245,1
39254,1
39258,1
39264,1
39270,1
39338,1
39347,2
39373,1
39417,1
39428,1
39443,1
39459,2
39460,1
39465,1
39466,1
39469,1
39552,1
39584,1
39636,1
39638,1
39642,1
39648,2
39651,1
39667,1
39680,1
39686,1
39715,1
39750,1
39754,1
39776,1
39779,1
39798,1
39801,1
39827,1
39856,1
39891,1
39901,1
39914,1
39923,1
39955,1
39956,1
39968,1
39994,1
40000,1
40004,2
40028,1
40041,1
40067,1
40096,1
40109,1
40112,1
40124,1
40153,2
40170,1
40218,1
40227,1
40231,1
40282,1
40301,1
40310,1
40323,1
40333,1
40336,1
40348,1
40439,1
40493,1
40496,1
40505,1
40528,1
40551,1
40586,1
40627,1
40640,1
40691,1
40695,1
40762,1
40774,1
40787,1
40825,1
40848,2
40854,1
40855,1
40887,1
40896,1
40899,1
40902,1
40912,1
40931,1
40934,1
40950,1
40966,1
40970,1
40976,1
41017,1
41024,1
41082,1
41088,1
41117,1
41120,1
41152,1
41165,2
41184,1
41188,1
41197,1
41207,1
41213,1
41216,2
41219,1
41241,1
41261,1
41286,1
41312,1
41347,1
41357,1
41369,1
41376,1
41405,1
41408,1
41420,1
41424,1
41443,1
41456,1
41462,2
41465,1
41469,1
41472,1
41481,1
41510,1
41529,1
41549,1
41588,1
41607,1
41609,1
41626,1
41696,1
41706,1
41709,1
41721,1
41792,1
41814,1
41837,1
41926,1
41927,1
41930,1
41942,1
41952,1
41959,2
41997,1
42016,1
42026,1
42044,1
42054,1
42055,1
42067,1
42144,2
42156,1
42172,1
42185,1
42192,1
42196,1
42233,1
42247,1
42250,1
42253,1
42266,1
42292,1
42313,1
42314,1
42317,1
42332,1
42336,3
42346,1
42375,1
42387,1
42403,1
42429,1
42436,1
42451,1
42477,1
42522,1
42547,1
42560,1
42563,1
42601,1
42621,1
42637,1
42640,1
42646,1
42656,1
42694,1
42714,1
42720,1
42726,1
42784,1
42790,1
42806,1
42813,1
42874,1
42880,1
42928,1
42950,1
42992,1
43002,1
43014,1
43015,1
43021,1
43053,1
43059,1
43107,1
43139,1
43145,1
43152,1
43174,1
43194,2
43206,1
43287,1
43289,1
43331,1
43334,1
43411,1
43437,1
43469,1
43527,1
43558,1
43565,1
43635,1
43722,1
43756,1
43767,2
43773,1
43799,1
43859,1
43923,1
43991,1
44112,1
44128,1
44170,1
44176,1
44221,1
44243,1
44249,1
44269,1
44323,1
44336,1
44371,1
44378,1
44410,1
44419,1
44467,1
44474,1
44486,1
44502,1
44522,1
44531,1
44550,1
44576,1
44595,1
44601,1
44644,1
44672,1
44682,1
44704,1
44724,1
44788,1
44813,1
44829,2
44938,1
44954,1
44960,1
44970,1
44982,1
45015,1
45017,1
45050,1
45075,1
45101,1
45143,1
45162,1
45200,1
45223,1
45248,1
45309,1
45325,1
45366,2
45395,1
45434,1
45444,1
45465,1
45581,1
45607,1
45613,1
45680,1
45708,1
45712,2
45741,1
45757,1
45786,1
45792,1
45818,1
45831,1
45836,1
45840,1
45875,1
45888,1
45930,1
45965,1
45968,1
45984,1
45990,1
46003,1
46009,1
46013,1
46039,1
46041,1
46086,1
46093,1
46100,1
46122,1
46151,1
46157,1
46173,1
46195,1
46230,1
46263,1
46279,1
46281,1
46304,1
46330,1
46355,1
46358,2
46359,1
46390,1
46393,1
46394,1
46451,1
46502,1
46512,1
46515,1
46544,1
46556,1
46576,1
46583,1
46605,1
46608,1
46649,1
46650,1
46714,1
46720,1
46762,1
46772,1
46778,1
46806,1
46839,1
46854,1
46886,1
46932,1
46938,1
47015,1
47107,1
47148,1
47158,1
47184,2
47226,1
47241,1
47271,1
47370,1
47430,2
47472,1
47476,1
47578,1
47588,1
47597,3
47616,1
47622,1
47625,1
47635,1
47639,1
47658,1
47680,1
47703,1
47738,1
47760,2
47776,2
47795,1
47821,1
47859,1
47891,1
47952,1
47975,2
48013,1
48035,1
48077,2
48090,1
48096,1
48102,1
48124,1
48151,1
48154,1
48198,1
48231,1
48250,1
48282,1
48291,1
48298,1
48314,1
48346,1
48365,1
48390,1
48397,1
48409,1
48419,1
48429,1
48490,1
48492,1
48518,1
48531,1
48532,1
48573,1
48576,1
48601,1
48608,1
48647,1
48669,1
48730,1
48825,1
48864,1
48896,1
48905,1
48915,1
48928,1
48956,1
49030,1
49037,1
49044,1
49056,1
49063,1
49072,1
49097,1
49098,1
49129,1
49133,1
49184,1
49260,1
49261,1
49322,1
49328,1
49357,1
49360,1
49389,1
49462,1
49472,1
49530,1
49536,2
49548,1
49552,1
49561,1
49587,1
49597,1
49645,2
49657,1
49658,1
49670,1
49683,1
49686,1
49722,1
49728,1
49757,1
49815,2
49830,1
49869,1
49875,1
49884,1
49920,1
49936,1
49949,1
49952,1
49961,1
49980,1
49981,1
50080,1
50092,1
50112,1
50140,1
50163,1
50195,1
50237,1
50252,1
50253,3
50281,1
50301,1
50304,1
50349,1
50365,2
50374,1
50403,1
50464,1
50496,1
50506,1
50512,1
50525,1
50531,1
50540,1
50553,1
50554,1
50576,1
50592,1
50598,1
50624,1
50653,1
50701,1
50723,1
50729,1
50733,1
50759,1
50771,1
50797,1
50816,1
50854,1
50857,1
50992,1
51017,1
51031,1
51049,1
51056,1
51079,1
51091,1
51113,1
51123,1
51145,1
51162,1
51223,1
51226,1
51255,1
51258,1
51277,1
51341,1
51385,1
51392,2
51456,1
51482,1
51513,1
51530,1
51549,1
51623,1
51642,1
51673,1
51680,1
51712,1
51715,1
51721,1
51773,1
51786,1
51792,1
51798,1
51863,1
51920,1
51965,2
51990,1
51994,2
52042,1
52057,1
52108,1
52116,1
52128,1
52138,1
52160,1
52166,1
52186,1
52218,1
52237,1
52265,1
52288,1
52291,1
52314,1
52317,1
52339,1
52364,1
52380,1
52387,1
52406,1
52407,1
52457,1
52461,1
52496,1
52525,1
52547,1
52569,1
52570,1
52599,1
52652,1
52717,1
52730,1
52790,1
52826,1
52848,1
52889,1
52890,1
52912,1
52934,1
52957,1
52972,1
52995,1
53011,1
53015,1
53021,1
53024,1
53072,1
53078,1
53082,1
53113,1
53114,1
53136,1
53178,1
53194,1
53206,1
53210,1
53223,1
53283,1
53421,1
53485,1
53546,1
53552,1
53555,1
53580,1
53632,1
53661,1
53664,1
53680,1
53687,1
53690,1
53703,1
53712,1
53744,1
53782,1
53792,1
53804,1
53840,1
53891,1
53907,1
53920,1
53962,1
53974,1
53978,1
53984,1
54016,1
54083,1
54099,1
54112,2
54128,1
54144,1
54179,1
54189,1
54202,1
54205,1
54208,2
54221,2
54295,1
54320,1
54355,1
54381,1
54393,1
54413,1
54432,1
54451,1
54470,1
54480,1
54538,1
54541,1
54560,1
54621,1
54624,1
54640,1
54653,1
54717,1
54720,1
54730,1
54733,3
54749,1
54777,1
54794,1
54807,1
54842,1
54845,1
54893,1
54902,1
54944,1
54957,1
54986,1
55014,2
55020,1
55027,1
55066,1
55091,1
55111,1
55127,1
55149,1
55158,1
55181,1
55232,1
55289,2
55290,1
55305,1
55331,1
55341,1
55424,1
55488,1
55510,1
55517,1
55523,1
55532,1
55571,1
55588,1
55641,1
55674,1
55712,1
55763,1
55795,1
55881,1
55984,2
56010,1
56045,1
56058,1
56064,1
56090,1
56109,2
56125,1
56128,1
56192,1
56237,1
56240,2
56269,4
56288,1
56301,2
56314,1
56345,1
56371,1
56429,1
56454,1
56470,1
56477,1
56486,1
56531,1
56544,1
56576,1
56602,1
56608,1
56621,1
56634,1
56662,1
56666,1
56697,1
56781,1
56804,1
56813,1
56825,1
56848,1
56861,1
56928,2
56934,1
56953,1
56986,2
56989,1
57043,1
57050,1
57053,1
57056,1
57069,2
57101,1
57132,1
57152,1
57190,1
57193,1
57200,1
57207,1
57229,1
57239,1
57244,1
57325,1
57340,1
57405,1
57427,2
57466,1
57508,1
57520,1
57558,1
57568,1
57574,2
57578,1
57680,1
57696,2
57709,1
57715,1
57718,1
57744,1
57766,1
57782,1
57801,1
57840,1
57843,1
57865,1
57872,2
57888,1
57929,1
57948,1
57955,1
57971,1
57990,1
57997,1
58032,1
58041,1
58074,1
58086,1
58096,1
58099,1
58118,1
58121,1
58208,1
58234,1
58237,2
58288,2
58291,1
58301,1
58308,1
58355,1
58387,1
58407,1
58422,1
58480,1
58534,1
58535,1
58544,1
58547,1
58557,1
58585,1
58633,1
58781,1
58787,1
58790,1
58800,1
58835,1
58857,1
58960,2
58970,1
58982,1
58995,1
59002,1
59011,1
59052,1
59120,1
59126,1
59130,1
59161,1
59178,1
59187,1
59206,1
59324,1
59363,1
59395,1
59404,1
59418,1
59450,1
59453,1
59488,1
59507,1
59527,1
59536,1
59546,1
59552,1
59597,1
59705,1
59725,1
59737,1
59770,1
59834,1
59853,1
59911,1
59955,1
59956,1
60029,1
60051,1
60096,1
60112,1
60115,1
60121,1
60134,1
60135,1
60179,1
60234,1
60339,1
60358,1
60377,1
60390,2
60492,1
60493,1
60496,1
60544,1
60551,1
60566,1
60608,1
60617,1
60633,1
60653,1
60672,1
60675,1
60685,1
60688,1
60713,1
60749,1
60809,1
60835,2
60915,1
60916,1
60953,1
60973,1
60995,1
61024,2
61027,1
61033,1
61040,1
61044,1
61072,2
61075,1
61082,1
61085,1
61088,1
61114,1
61127,1
61158,1
61184,1
61203,1
61207,1
61251,1
61260,1
61312,1
61315,1
61324,1
61357,1
61386,1
61395,1
61402,1
61456,1
61475,1
61542,1
61584,1
61594,1
61622,1
61674,1
61721,2
61725,1
61805,1
61821,1
61878,1
61920,2
61946,1
61971,1
61984,1
62016,2
62064,2
62074,1
62109,2
62115,1
62214,1
62218,1
62288,1
62330,1
62349,1
62413,1
62432,1
62435,1
62471,1
62473,1
62483,1
62544,1
62547,1
62560,1
62566,1
62583,1
62585,1
62649,1
62662,1
62672,1
62720,1
62723,1
62752,1
62816,1
62826,1
62883,1
62906,1
62967,1
62970,1
63008,1
63011,1
63027,1
63034,1
63104,1
63123,1
63175,1
63188,1
63200,1
63235,1
63238,1
63245,1
63296,1
63300,1
63334,1
63386,1
63437,1
63507,1
63555,1
63558,1
63641,1
63683,1
63703,1
63724,1
63744,1
63763,1
63783,1
63852,1
63853,2
63878,1
63910,1
63936,1
63942,1
63962,1
64023,1
64026,1
64039,1
64061,1
64087,1
64109,1
64179,1
64192,1
64211,1
64224,1
64233,1
64240,1
64246,1
64272,1
64316,1
64323,1
64330,1
64352,1
64356,1
64371,1
64396,1
64544,1
64556,1
64566,1
64605,1
64627,1
64672,2
64676,1
64714,1
64726,1
64825,1
64848,1
64858,1
64884,1
64893,1
64931,1
64937,1
64979,1
64986,1
65011,1
65069,1
65072,1
65097,1
65107,1
65143,1
65149,1
65156,1
65158,1
65175,1
65213,1
65216,1
65222,1
65229,1
65235,1
65245,1
65270,1
65274,1
65303,1
65322,1
65411,1
65412,1
65424,1
65430,1
65440,1
65453,1
65460,1
65465,1
65488,2
65588,1
65606,1
65613,1
65632,1
65658,1
65661,1
65674,1
65680,1
65683,1
65690,1
65712,1
65735,1
65799,1
65814,1
65821,1
65831,1
65833,1
65837,1
65859,1
65865,1
65942,1
65946,1
65952,2
65968,1
65993,1
66013,1
66038,1
66068,1
66080,2
66112,1
66141,1
66150,1
66160,1
66180,1
66186,1
66189,1
66227,1
66246,1
66297,1
66300,1
66310,1
66314,1
66352,1
66368,1
66436,1
66454,1
66470,1
66490,1
66541,1
66551,1
66592,1
66599,1
66605,1
66631,1
66633,1
66636,1
66662,1
66694,1
66701,1
66713,1
66720,1
66724,1
66745,1
66768,1
66809,1
66816,1
66839,1
66848,1
66874,1
66884,1
66947,1
66973,1
66988,1
67062,1
67072,1
67075,1
67171,1
67194,1
67197,1
67203,1
67223,1
67225,1
67229,1
67258,2
67261,1
67309,1
67324,1
67334,1
67369,1
67383,1
67389,1
67408,1
67411,1
67444,1
67479,1
67501,1
67523,1
67536,1
67556,1
67609,1
67642,1
67648,1
67658,1
67664,1
67706,1
67728,1
67773,1
67789,1
67897,1
67926,1
67936,1
67971,1
67984,1
67997,1
68013,1
68016,1
68020,1
68026,1
68096,1
68115,1
68192,1
68205,1
68234,1
68249,1
68272,1
68278,1
68285,1
68288,1
68327,1
68359,1
68388,1
68390,1
68429,1
68441,1
68454,1
68468,1
68496,1
68500,1
68503,1
68528,1
68541,1
68547,1
68583,1
68588,1
68650,1
68652,1
68694,2
68698,1
68701,1
68714,1
68740,1
68742,1
68748,1
68758,1
68826,1
68921,1
68944,1
68950,1
68960,1
68963,1
68979,1
68980,1
68983,1
68992,1
69027,1
69040,1
69047,1
69056,1
69075,1
69091,1
69100,1
69120,1
69139,1
69155,1
69159,1
69280,1
69299,1
69356,1
69414,1
69452,2
69472,1
69475,1
69479,1
69568,1
69613,1
69635,1
69639,1
69651,2
69684,1
69708,1
69725,1
69738,1
69796,1
69856,2
69881,1
69914,1
69927,1
69962,1
69974,1
70051,1
70109,1
70134,1
70135,1
70176,1
70208,1
70237,1
70253,1
70262,1
70265,1
70268,1
70323,1
70358,1
70371,1
70378,1
70391,1
70419,1
70490,1
70531,1
70592,1
70627,1
70682,1
70691,1
70755,1
70781,1
70790,1
70809,1
70848,1
70868,1
70976,1
70986,1
70998,1
71062,1
71079,1
71111,1
71136,1
71171,1
71181,1
71219,1
71241,1
71251,1
71268,1
71296,1
71315,1
71319,1
71337,1
71360,1
71370,1
71386,1
71424,1
71430,1
71456,1
71485,1
71494,1
71603,1
71613,1
71616,1
71687,1
71692,1
71782,1
71798,1
71811,1
71847,1
71881,1
71894,1
71923,1
72000,1
72025,1
72029,1
72112,1
72185,1
72275,1
72295,1
72301,1
72307,1
72349,1
72365,1
72387,1
72413,1
72423,1
72460,1
72464,1
72528,1
72563,2
72586,1
72605,1
72608,1
72627,1
72672,1
72691,1
72742,1
72752,1
72755,1
72781,1
72784,1
72797,1
72839,1
72870,1
72900,1
72912,1
72916,1
72995,1
73012,1
73024,1
73033,1
73069,1
73076,1
73088,1
73104,1
73123,1
73168,1
73197,1
73257,1
73289,1
73293,1
73312,1
73318,1
73321,1
73344,1
73392,1
73398,1
73460,1
73498,1
73517,1
73584,1
73587,1
73645,1
73648,1
73658,1
73667,1
73687,1
73735,1
73785,1
73853,1
73862,1
73936,1
73939,1
73977,1
73984,1
73990,1
74000,1
74058,1
74080,1
74086,1
74134,1
74151,1
74163,1
74166,1
74202,1
74234,1
74281,1
74284,1
74285,2
74288,1
74298,1
74304,1
74329,1
74352,1
74368,1
74381,1
74387,1
74406,1
74413,1
74454,1
74464,1
74496,2
74503,1
74515,1
74522,1
74576,1
74618,1
74656,1
74660,1
74668,1
74672,1
74682,1
74697,1
74707,1
74717,1
74720,1
74742,1
74755,1
74784,1
74813,1
74832,1
74835,1
74844,1
74867,1
74935,1
74937,1
74960,1
74976,1
75005,1
75062,1
75069,1
75107,1
75159,1
75171,1
75181,1
75283,1
75312,1
75315,1
75373,1
75382,1
75402,1
75420,1
75427,1
75433,1
75440,1
75469,1
75501,2
75527,1
75546,1
75571,1
75600,1
75606,1
75629,1
75635,1
75648,1
75651,1
75690,1
75753,1
75763,1
75783,1
75802,1
75837,1
75856,1
75859,1
75866,1
75939,1
75958,1
75961,1
75978,1
75990,1
76045,2
76061,1
76093,1
76106,1
76172,1
76192,1
76195,1
76201,1
76214,1
76218,1
76243,1
76272,1
76301,1
76333,1
76346,1
76368,1
76372,2
76384,2
76397,1
76403,1
76409,1
76423,1
76455,1
76480,1
76499,1
76544,1
76550,1
76557,1
76662,1
76681,1
76694,1
76698,1
76707,1
76723,1
76755,1
76768,1
76778,1
76790,1
76860,1
76864,1
76867,1
76892,1
76905,1
76934,1
76985,1
77020,1
77043,1
77047,1
77053,2
77066,1
77088,2
77091,1
77114,1
77130,1
77181,1
77190,1
77229,1
77238,1
77254,1
77268,1
77296,1
77318,2
77353,1
77354,1
77376,1
77479,2
77517,1
77536,1
77546,1
77559,2
77606,1
77619,1
77664,1
77683,1
77690,1
77763,1
77766,1
77859,1
77885,1
77923,1
77965,1
77978,1
77990,1
77994,1
78023,1
78048,1
78077,1
78099,3
78109,1
78112,1
78150,1
78154,1
78179,1
78214,1
78246,1
78317,1
78352,1
78381,1
78400,1
78416,2
78419,1
78445,1
78461,1
78477,1
78496,2
78528,1
78532,1
78611,1
78620,1
78666,1
78685,1
78713,2
78717,1
78775,1
78797,1
78803,1
78870,1
78889,1
78896,2
78954,1
78998,1
79002,1
79021,1
79043,1
79066,1
79101,1
79107,1
79123,1
79136,1
79139,1
79142,1
79155,2
79161,1
79180,1
79184,1
79229,1
79239,1
79258,1
79261,1
79264,1
79277,1
79324,1
79347,1
79354,1
79357,1
79444,1
79472,1
79498,1
79539,1
79562,1
79568,1
79574,1
79616,1
79645,1
79658,1
79661,1
79664,1
79683,1
79712,1
79750,1
79757,1
79773,1
79783,1
79801,1
79802,1
79817,1
79834,1
79875,1
79884,1
79910,1
79917,2
79920,1
79926,1
79939,1
79977,1
80013,1
80083,1
80086,1
80128,1
80134,1
80160,1
80166,1
80192,1
80247,1
80253,1
80269,1
80275,1
80282,1
80310,1
80371,1
80372,1
80384,1
80435,1
80461,1
80477,1
80493,1
80515,1
80518,1
80528,1
80532,1
80550,1
80579,1
80602,1
80700,1
80727,1
80732,1
80768,1
80771,1
80787,1
80832,1
80854,1
80871,1
80883,1
80928,1
80935,1
80953,1
80983,1
81030,1
81107,1
81136,1
81164,1
81232,2
81261,1
81283,1
81284,1
81286,1
81312,1
81347,1
81376,1
81382,1
81385,1
81389,1
81434,1
81440,1
81459,1
81460,1
81472,1
81520,1
81581,1
81609,1
81623,1
81642,2
81651,1
81661,1
81676,1
81696,1
81699,1
81757,2
81760,1
81763,1
81773,1
81779,1
81785,1
81796,1
81799,1
81833,1
81853,1
81882,1
81888,1
81932,1
81933,1
81948,1
81984,1
82012,1
82029,1
82128,1
82141,1
82151,1
82157,2
82160,1
82166,1
82202,1
82218,1
82259,1
82297,1
82324,1
82372,1
82378,1
82394,2
82483,1
82489,1
82492,1
82496,1
82499,1
82515,1
82554,1
82580,1
82605,1
82611,1
82640,1
82653,1
82716,1
82727,1
82729,1
82733,1
82739,1
82749,1
82807,1
82844,1
82861,1
82931,1
82951,1
82979,1
83056,1
83078,1
83107,1
83111,1
83146,1
83168,2
83172,1
83181,1
83184,1
83200,1
83213,1
83225,1
83293,1
83302,1
83309,1
83344,1
83360,1
83366,1
83431,1
83462,1
83517,1
83543,1
83590,1
83610,1
83629,1
83642,1
83683,1
83690,1
83693,1
83705,1
83770,1
83776,1
83798,1
83856,1
83859,1
83916,1
83923,1
83924,1
83926,1
84000,1
84039,1
84041,1
84154,1
84167,1
84176,1
84196,1
84218,1
84244,1
84266,1
84275,1
84278,1
84288,1
84355,1
84409,1
84419,1
84487,1
84490,1
84512,1
84537,1
84547,1
84563,1
84573,1
84582,2
84605,1
84627,1
84652,1
84685,1
84691,1
84694,1
84707,1
84723,1
84729,1
84730,1
84736,1
84742,1
84743,1
84755,1
84762,1
84774,1
84781,1
84793,1
84813,1
84820,1
84871,1
84886,1
84951,1
84954,1
85001,1
85002,1
85043,1
85066,1
85101,1
85108,1
85120,1
85127,1
85133,1
85136,1
85158,1
85164,1
85172,1
85187,1
85196,1
85207,1
85241,1
85254,1
85258,1
85277,1
85292,1
85293,1
85299,1
85309,1
85312,1
85315,1
85318,1
85321,1
85338,1
85344,1
85357,1
85389,1
85415,1
85433,1
85436,1
85469,1
85478,1
85488,1
85527,1
85568,1
85572,1
85587,1
85600,1
85619,1
85626,1
85635,1
85638,1
85645,1
85696,1
85718,1
85721,1
85735,1
85747,1
85748,1
85788,1
85833,1
85834,1
85850,1
85882,1
85895,1
85898,1
85990,1
86007,1
86096,1
86099,1
86121,1
86157,1
86170,2
86182,1
86198,1
86208,1
86217,1
86230,1
86247,1
86288,1
86301,1
86314,1
86333,1
86374,1
86377,1
86390,1
86416,1
86445,1
86455,1
86490,1
86528,1
86557,1
86560,1
86570,1
86630,1
86649,1
86656,1
86662,1
86697,1
86710,1
86759,2
86768,1
86771,1
86775,1
86784,1
86819,1
86832,1
86844,1
86848,1
86867,1
86871,1
86874,1
86950,1
86957,1
87030,1
87053,1
87088,1
87097,1
87155,1
87162,2
87165,1
87177,1
87251,1
87296,1
87300,1
87312,1
87424,1
87446,1
87501,2
87514,1
87572,1
87584,1
87603,1
87616,1
87635,1
87680,1
87696,1
87705,1
87718,1
87753,1
87754,1
87833,1
87856,2
87879,1
87885,1
87891,1
87910,1
87923,1
87930,1
87936,1
87955,1
88006,1
88036,1
88051,1
88070,1
88093,1
88096,1
88137,1
88138,1
88176,1
88208,1
88211,3
88269,1
88275,2
88282,1
88310,1
88339,1
88348,1
88381,1
88391,1
88503,1
88519,1
88535,1
88560,1
88572,1
88628,1
88652,1
88659,1
88666,1
88688,1
88698,1
88713,1
88765,1
88787,1
88816,1
88819,1
88826,1
88922,1
88934,1
88940,1
88982,1
88992,1
88999,1
89011,1
89015,1
89044,1
89059,1
89066,1
89085,1
89095,1
89107,1
89116,1
89140,1
89197,1
89219,1
89229,1
89241,1
89287,1
89315,1
89341,1
89366,1
89408,1
89481,1
89491,1
89510,1
89514,2
89539,1
89559,1
89571,1
89578,1
89587,1
89603,1
89626,1
89658,1
89664,1
89696,2
89699,1
89740,1
89750,1
89757,1
89783,1
89786,1
89805,2
89824,1
89859,1
89876,1
89943,1
89961,1
89981,1
90003,1
90042,1
90070,1
90099,1
90102,1
90118,1
90131,1
90138,1
90147,2
90157,1
90185,1
90192,1
90199,1
90249,1
90250,1
90266,1
90281,1
90285,1
90314,1
90324,1
90333,1
90352,1
90361,1
90451,1
90470,1
90499,1
90535,1
90560,2
90567,1
90586,1
90592,1
90640,1
90650,2
90662,1
90672,1
90768,1
90781,1
90790,1
90809,1
90813,1
90839,1
90852,1
90944,1
90960,1
90969,1
90970,1
90988,1
90989,1
91002,1
91008,1
91011,1
91024,1
91066,1
91085,1
91094,1
91111,1
91142,1
91146,1
91172,1
91184,1
91188,1
91203,1
91220,1
91242,1
91267,1
91271,1
91283,1
91287,1
91296,1
91299,1
91312,1
91318,1
91328,1
91334,1
91350,1
91373,1
91380,1
91392,2
91398,1
91411,1
91418,1
91472,1
91542,1
91545,1
91572,1
91574,1
91584,1
91626,1
91638,1
91648,1
91670,1
91680,1
91683,1
91750,1
91763,1
91767,1
91776,1
91789,1
91792,1
91808,1
91865,1
91885,1
91914,1
91917,1
91920,1
91936,1
91945,1
91949,1
91974,1
91980,1
92012,1
92016,1
92029,1
92058,1
92070,1
92086,1
92147,1
92163,1
92167,1
92176,1
92186,1
92215,1
92230,1
92237,1
92262,1
92275,1
92288,1
92304,1
92377,1
92390,1
92394,1
92400,1
92410,1
92422,2
92423,1
92458,1
92461,1
92487,1
92588,1
92592,1
92602,1
92608,1
92614,1
92621,1
92627,1
92678,1
92679,1
92691,1
92710,1
92717,1
92736,1
92765,1
92775,1
92781,1
92787,2
92794,1
92810,1
92877,1
92944,1
92980,1
93018,1
93030,1
93062,1
93075,1
93117,1
93120,2
93136,1
93155,1
93165,1
93181,1
93203,1
93210,1
93216,1
93232,1
93241,1
93261,2
93271,1
93293,1
93300,1
93309,1
93315,1
93344,1
93354,1
93363,1
93382,1
93398,1
93494,1
93543,1
93552,2
93555,1
93590,1
93593,1
93609,1
93632,1
93638,1
93731,1
93747,1
93820,1
93849,1
93850,1
93856,1
93879,1
93885,1
93888,1
93895,1
93907,1
93920,1
93929,1
93962,1
93965,1
94000,1
94003,1
94009,2
94026,1
94061,1
94070,1
94096,1
94112,1
94151,1
94156,1
94163,1
94192,1
94195,1
94198,1
94237,1
94240,1
94246,1
94259,1
94297,1
94317,1
94329,1
94336,1
94384,1
94400,1
94403,1
94410,1
94426,1
94480,1
94525,1
94531,1
94550,1
94605,1
94611,2
94633,1
94653,1
94688,1
94708,1
94713,1
94739,1
94745,1
94768,1
94771,1
94804,1
94861,1
94864,1
94868,1
94889,1
94912,1
94963,1
94970,1
94989,1
95037,1
95047,1
95049,1
95100,1
95110,1
95161,1
95162,1
95168,1
95241,1
95251,1
95257,1
95271,1
95331,1
95335,1
95341,1
95350,1
95353,1
95357,1
95366,1
95392,1
95398,1
95405,1
95492,1
95510,1
95517,1
95540,1
95558,1
95571,1
95594,1
95610,1
95622,1
95671,1
95712,1
95716,1
95741,1
95769,1
95830,1
95850,1
95852,1
95853,1
95862,1
95891,2
95929,1
95955,1
96006,1
96016,1
96058,1
96076,1
96080,1
96096,1
96102,1
96121,1
96147,1
96154,1
96160,1
96166,1
96179,1
96201,1
96205,1
96218,1
96278,1
96281,1
96288,1
96326,1
96384,1
96406,2
96410,1
96470,1
96480,1
96493,1
96499,1
96503,1
96524,1
96531,1
96535,1
96560,1
96566,1
96572,1
96596,1
96598,1
96599,1
96618,1
96621,2
96624,1
96682,1
96684,1
96688,1
96729,1
96736,1
96752,1
96794,1
96809,1
96829,1
96841,1
96848,1
96861,1
96873,1
96960,1
96966,1
96969,1
96970,1
96979,1
97043,1
97059,1
97069,1
97133,1
97165,1
97168,2
97194,1
97197,1
97219,1
97274,2
97283,1
97344,1
97348,1
97366,2
97376,1
97382,1
97452,1
97456,1
97469,2
97532,1
97564,1
97571,1
97580,1
97587,1
97658,1
97661,1
97664,1
97674,1
97689,1
97705,1
97719,1
97738,1
97760,1
97763,1
97795,1
97798,1
97846,1
97865,1
97907,1
97929,1
97936,1
98009,1
98013,1
98029,2
98074,1
98083,1
98105,1
98106,1
98176,1
98179,1
98189,1
98201,1
98205,1
98224,1
98227,1
98230,1
98285,1
98301,1
98304,1
98371,1
98375,1
98496,1
98522,2
98566,2
98573,1
98589,2
98631,1
98656,1
98666,1
98688,1
98765,1
98810,1
98835,1
98848,1
98857,1
98874,1
98880,1
98912,1
98964,1
99021,1
99030,1
99034,1
99050,1
99053,1
99082,1
99095,1
99111,1
99129,1
99174,1
99175,1
99187,1
99193,1
99194,1
99216,1
99245,1
99248,1
99290,2
99308,1
99319,1
99328,1
99350,1
99434,1
99494,1
99546,1
99575,1
99619,1
99638,1
99648,1
99654,1
99664,1
99673,1
99735,1
99738,2
99772,1
99802,1
99805,1
99856,1
99872,1
99879,1
99920,1
99924,1
99926,1
99974,1
99994,1
100000,1
100006,1
100013,1
100029,1
100051,1
100084,1
100090,1
100099,1
100102,1
100137,1
100151,1
100166,1
100220,1
100233,1
100240,1
100301,1
100304,1
100391,1
100413,1
100484,1
100487,1
100496,1
100524,1
100525,1
100538,1
100573,1
100579,1
100628,1
100640,1
100679,1
100691,1
100726,1
100730,1
100733,1
100736,1
100739,1
100743,1
100764,1
100787,1
100804,1
100819,1
100845,1
100851,3
100868,1
100921,1
100934,1
100950,1
100957,1
100960,1
100973,1
100980,1
101018,1
101024,1
101049,1
101065,1
101069,1
101075,1
101082,1
101104,1
101110,1
101136,1
101146,1
101165,1
101209,1
101238,1
101245,1
101248,1
101286,1
101299,1
101303,1
101325,1
101376,1
101389,1
101401,1
101414,1
101421,1
101443,1
101497,1
101504,1
101632,1
101648,1
101664,1
101725,1
101808,1
101824,1
101830,1
101849,1
101878,1
101888,1
101949,1
101958,2
101984,1
102041,1
102054,1
102055,1
102067,1
102131,1
102163,1
102164,1
102173,1
102182,1
102183,1
102192,1
102215,1
102230,1
102253,1
102304,1
102323,1
102330,1
102355,1
102380,1
102468,1
102483,1
102499,1
102505,1
102537,1
102544,1
102573,1
102598,1
102634,1
102656,1
102685,1
102701,1
102720,1
102764,1
102768,1
102791,1
102842,1
102864,1
102868,1
102870,1
102890,1
102902,1
102925,1
102979,1
102998,1
103021,1
103037,1
103059,1
103088,1
103110,1
103165,1
103168,1
103171,1
103219,1
103222,1
103248,1
103276,1
103283,1
103309,1
103350,1
103395,1
103401,1
103481,1
103507,1
103520,1
103542,2
103552,1
103619,1
103622,1
103642,1
103661,1
103718,1
103756,1
103808,1
103824,1
103828,1
103837,1
103840,1
103846,1
103856,1
103859,1
103868,1
103910,2
103924,1
103929,1
103933,1
103942,1
103956,1
103987,1
103994,1
104003,1
104025,1
104051,2
104096,1
104102,1
104115,1
104153,1
104186,1
104188,1
104205,1
104227,1
104269,1
104272,1
104297,1
104320,1
104339,1
104377,1
104381,1
104384,1
104393,1
104396,1
104413,1
104506,1
104518,1
104547,1
104617,1
104624,1
104653,1
104675,1
104678,1
104682,1
104684,1
104762,1
104765,1
104784,1
104787,1
104854,1
104877,1
104890,1
104905,1
104928,1
104944,1
104995,1
105018,1
105069,1
105075,1
105097,2
105120,1
105133,1
105155,1
105178,1
105187,1
105216,2
105229,1
105303,1
105309,1
105312,1
105318,1
105347,1
105351,1
105353,1
105504,1
105510,1
105545,1
105575,1
105587,1
105597,1
105600,1
105603,1
105628,2
105635,1
105683,1
105693,1
105696,1
105709,1
105725,1
105766,1
105772,1
105773,1
105776,1
105815,1
105856,1
105872,1
105876,1
105885,1
105907,1
105920,1
105933,1
106022,1
106026,1
106035,1
106042,1
106115,1
106141,1
106153,1
106186,1
106250,2
106269,1
106317,1
106432,1
106451,1
106458,1
106464,1
106471,1
106480,1
106493,1
106509,1
106512,1
106553,1
106611,1
106656,1
106659,1
106669,2
106701,1
106736,1
106739,1
106778,1
106791,1
106796,1
106816,1
106826,1
106841,1
106842,1
106845,1
106870,1
106871,1
106915,1
106995,1
106998,1
107014,1
107088,1
107095,1
107097,1
107139,1
107155,1
107203,1
107235,1
107277,1
107302,1
107315,1
107354,1
107366,1
107389,1
107398,1
107405,1
107443,1
107452,1
107494,1
107514,1
107517,1
107520,1
107533,1
107571,1
107597,1
107610,1
107654,1
107660,1
107661,1
107677,1
107687,1
107712,1
107728,1
107747,1
107795,1
107799,1
107843,1
107846,1
107866,1
107892,1
107914,1
107926,1
107930,1
107974,1
107987,1
108019,1
108022,1
108023,1
108029,1
108054,1
108096,1
108106,1
108160,1
108179,1
108198,1
108215,1
108224,1
108227,1
108250,1
108272,2
108304,1
108307,1
108332,1
108333,1
108409,1
108460,1
108531,1
108532,1
108598,1
108653,1
108662,1
108665,1
108704,1
108752,1
108781,1
108794,1
108832,1
108861,1
108963,2
109015,1
109030,1
109037,1
109046,1
109072,1
109104,1
109120,1
109155,1
109222,1
109242,1
109251,1
109254,1
109264,1
109302,1
109331,1
109373,1
109376,1
109424,1
109559,1
109584,1
109622,1
109632,1
109641,1
109686,1
109689,1
109690,1
109696,1
109789,2
109792,1
109811,1
109824,1
109846,1
109876,1
109879,1
109888,1
109897,1
109911,1
109933,1
109936,1
110010,1
110099,1
110112,1
110144,1
110151,1
110153,1
110170,1
110183,1
110195,1
110217,1
110246,1
110253,1
110256,1
110275,2
110278,1
110297,1
110301,1
110308,1
110330,1
110349,1
110364,1
110374,2
110375,1
110381,1
110403,1
110406,1
110410,1
110413,1
110432,1
110445,1
110448,1
110489,1
110547,1
110563,1
110570,1
110579,1
110663,1
110701,1
110723,1
110727,1
110752,1
110755,1
110765,1
110777,1
110784,1
110806,2
110832,1
110857,1
110893,1
110899,1
110928,1
110935,1
110988,1
110999,1
111024,1
111062,1
111149,1
111156,1
111162,1
111181,2
111206,1
111271,1
111280,1
111289,1
111302,2
111315,1
111347,1
111430,1
111443,1
111472,1
111479,1
111536,1
111539,1
111564,1
111571,1
111575,1
111581,1
111610,1
111641,1
111658,1
111673,1
111680,1
111686,1
111744,1
111754,1
111764,1
111796,1
111801,1
111808,1
111882,1
111885,1
111894,1
111908,1
112029,1
112038,1
112061,1
112071,1
112099,1
112115,1
112128,1
112157,1
112169,1
112172,1
112179,1
112182,1
112185,1
112196,1
112215,1
112217,1
112224,1
112263,1
112265,1
112266,1
112301,1
112308,1
112371,1
112377,1
112380,1
112381,1
112409,1
112451,1
112519,1
112528,1
112531,1
112541,1
112550,2
112554,1
112589,1
112614,1
112633,1
112637,1
112656,1
112707,2
112713,1
112717,1
112729,1
112768,1
112775,1
112813,2
112874,1
112880,1
112886,1
112890,1
112902,1
112912,1
113002,1
113015,1
113033,1
113043,1
113063,1
113066,1
113094,1
113104,1
113120,1
113145,1
113191,1
113203,1
113207,1
113216,2
113229,1
113268,1
113274,1
113318,1
113331,1
113344,2
113380,1
113427,1
113430,1
113444,1
113456,1
113530,1
113587,1
113591,1
113600,1
113657,1
113700,1
113712,1
113751,1
113763,1
113769,1
113779,2
113799,1
113817,1
113869,1
113914,1
113968,1
113990,1
114041,2
114067,1
114074,1
114103,1
114122,1
114154,1
114163,1
114182,1
114227,1
114272,1
114275,1
114294,1
114311,1
114323,1
114380,1
114406,1
114444,1
114448,1
114464,1
114532,1
114548,1
114557,1
114582,1
114592,1
114640,1
114643,1
114691,1
114729,1
114733,1
114743,1
114752,1
114797,1
114800,1
114823,1
114835,1
114864,1
114874,1
114899,2
114944,1
114957,1
114963,1
114979,2
114992,1
115001,1
115020,1
115046,1
115050,1
115066,1
115072,1
115075,1
115094,1
115117,1
115142,1
115143,1
115149,1
115174,1
115181,1
115200,1
115210,1
115229,1
115254,1
115258,1
115296,1
115299,1
115309,1
115325,1
115334,1
115344,1
115354,1
115357,1
115367,1
115443,1
115475,1
115476,1
115526,1
115555,1
115574,1
115580,1
115619,1
115629,1
115693,1
115699,1
115738,1
115740,1
115753,1
115766,1
115853,1
115869,1
115885,1
115904,1
115946,1
115955,1
115959,1
115968,1
115977,1
115984,1
116013,1
116026,1
116106,2
116125,3
116167,1
116214,1
116243,1
116249,1
116250,1
116292,1
116294,1
116304,1
116320,1
116384,1
116390,1
116394,1
116435,1
116448,1
116496,1
116518,1
116528,1
116614,1
116615,1
116653,1
116682,1
116710,1
116720,1
116736,1
116739,1
116742,1
116758,1
116780,1
116800,1
116813,1
116822,1
116825,1
116832,1
116864,1
116873,1
116876,1
116887,1
116893,1
116906,1
116909,1
116966,2
117015,1
117046,1
117075,1
117098,1
117123,1
117124,1
117139,2
117149,1
117155,1
117190,1
117197,1
117222,1
117226,1
117264,1
117293,1
117347,1
117376,1
117389,1
117398,1
117517,1
117555,1
117587,2
117600,1
117632,1
117639,1
117648,1
117664,2
117670,1
117689,1
117703,1
117732,1
117734,1
117741,1
117753,1
117760,1
117782,1
117798,1
117799,1
117824,1
117850,1
117865,2
117914,2
117920,1
117949,1
117952,1
117968,2
117984,2
118010,1
118029,1
118035,1
118064,1
118067,1
118086,1
118105,1
118116,1
118134,1
118148,1
118151,1
118170,1
118272,1
118282,1
118336,1
118342,2
118346,1
118355,1
118362,1
118365,1
118393,1
118442,1
118489,1
118496,1
118519,1
118550,1
118553,1
118560,1
118579,1
118582,1
118592,1
118656,1
118694,1
118700,1
118704,1
118707,1
118720,1
118724,1
118729,1
118746,1
118759,1
118781,1
118784,1
118787,1
118835,2
118852,1
118873,1
118874,1
118941,1
118957,1
119014,1
119015,1
119066,1
119114,1
119120,1
119149,1
119181,1
119184,1
119193,1
119219,1
119229,1
119274,1
119290,1
119309,1
119411,1
119431,1
119485,1
119498,1
119514,1
119520,1
119536,1
119552,1
119578,1
119619,1
119628,1
119667,1
119671,1
119677,1
119683,1
119690,1
119721,1
119808,1
119830,1
119836,1
119860,1
119895,1
119930,1
119933,1
119936,1
119946,1
119952,1
119974,1
120019,1
120054,1
120073,1
120099,2
120157,1
120160,1
120173,1
120195,1
120259,1
120265,1
120297,1
120304,1
120314,1
120326,2
120349,1
120352,1
120429,1
120441,1
120499,1
120512,1
120569,1
120601,1
120617,1
120640,1
120694,1
120714,1
120736,1
120768,1
120790,1
120819,2
120832,1
120854,1
120884,1
120972,1
120999,1
121001,1
121011,1
121100,1
121139,1
121145,1
121210,1
121213,1
121242,1
121260,1
121284,1
121286,1
121309,1
121328,1
121344,1
121354,1
121376,1
121418,1
121421,1
121427,2
121430,1
121434,1
121443,1
121485,1
121495,2
121510,1
121517,1
121523,1
121532,1
121542,1
121545,1
121590,1
121648,1
121652,1
121706,1
121715,1
121750,1
121757,1
121760,1
121888,1
121930,1
122003,1
122035,1
122064,1
122076,1
122106,1
122121,1
122166,2
122179,1
122250,1
122297,1
122320,1
122342,1
122361,1
122374,1
122406,1
122442,1
122535,1
122586,1
122592,1
122608,1
122630,1
122650,1
122672,1
122685,1
122695,1
122704,1
122733,1
122743,1
122758,1
122762,1
122777,1
122781,1
122788,1
122797,1
122822,1
122823,1
122877,2
122960,1
122966,1
122992,1
123027,1
123050,1
123117,1
123120,1
123146,1
123152,1
123187,1
123200,1
123212,1
123232,1
123235,1
123257,1
123283,1
123312,1
123348,1
123354,1
123357,1
123386,1
123395,1
123411,1
123424,1
123440,1
123504,1
123523,1
123552,1
123565,1
123588,1
123591,1
123597,1
123718,1
123721,1
123782,1
123783,1
123795,1
123811,2
123827,1
123872,1
123878,1
123882,1
123907,1
123930,1
123958,1
124067,1
124090,2
124215,1
124260,1
124272,1
124275,2
124294,1
124301,1
124311,1
124313,2
124333,1
124349,2
124394,1
124448,1
124454,1
124461,1
124464,1
124468,1
124496,1
124506,1
124525,1
124547,1
124551,1
124557,1
124560,1
124576,1
124599,1
124659,1
124662,1
124724,1
124749,1
124758,1
124803,1
124816,2
124845,1
124868,1
124902,1
124922,1
124963,1
124992,1
125011,1
125062,1
125065,1
125084,1
125174,1
125244,1
125245,1
125255,1
125260,1
125286,1
125338,1
125356,1
125408,1
125434,1
125517,1
125594,1
125606,1
125613,1
125645,1
125699,1
125703,1
125721,1
125725,1
125731,1
125786,1
125811,1
125824,1
125840,1
125856,1
125869,1
125891,1
125958,1
125984,1
126000,1
126003,2
126013,1
126102,1
126119,1
126125,1
126151,1
126170,2
126186,1
126202,1
126342,1
126352,1
126361,1
126368,1
126378,1
126416,1
126438,1
126442,1
126458,1
126470,1
126477,1
126525,1
126557,1
126605,1
126640,1
126698,1
126701,1
126752,1
126829,1
126832,1
126835,1
126877,2
126921,1
126925,1
126937,1
126938,1
126964,1
126992,1
127008,1
127053,1
127056,1
127059,1
127079,1
127085,1
127092,1
127097,1
127152,1
127155,1
127174,1
127238,1
127245,1
127302,1
127331,1
127341,1
127354,1
127388,1
127395,1
127418,1
127463,1
127479,1
127520,1
127526,1
127539,1
127564,1
127565,1
127578,1
127623,1
127628,1
127635,1
127728,1
127731,1
127741,1
127789,1
127795,1
127824,1
127879,1
127901,1
127959,1
127962,1
127994,3
128038,1
128068,1
128071,1
128167,1
128186,1
128205,1
128250,1
128275,1
128313,1
128320,1
128342,1
128345,1
128349,1
128470,1
128480,1
128509,1
128512,1
128556,1
128576,1
128663,1
128691,1
128704,1
128730,1
128742,1
128746,1
128771,1
128784,1
128787,1
128793,1
128803,1
128848,1
128908,1
128928,1
128950,2
128992,1
129002,1
129017,1
129031,1
129069,1
129072,1
129085,1
129091,1
129094,1
129123,1
129168,1
129171,1
129178,1
129210,1
129239,1
129251,1
129261,1
129277,1
129312,1
129335,1
129363,1
129383,1
129408,1
129417,1
129427,1
129459,1
129504,1
129568,1
129571,1
129587,1
129610,1
129626,1
129632,1
129642,1
129674,1
129677,1
129696,1
129731,1
129767,1
129910,1
129916,1
129926,1
129936,1
129975,1
130010,1
130080,1
130087,1
130106,1
130135,1
130163,1
130214,1
130221,1
130227,1
130266,1
130291,1
130336,1
130384,1
130400,1
130435,1
130448,2
130467,1
130471,1
130473,1
130489,1
130509,1
130519,1
130522,1
130534,1
130541,1
130662,1
130663,1
130707,1
130726,1
130729,1
130748,1
130762,1
130768,1
130777,1
130816,1
130835,1
130852,1
130899,1
130905,1
130918,1
130954,1
130963,1
130976,1
131021,2
131095,1
131110,1
131120,1
131161,1
131162,1
131191,1
131207,2
131305,1
131335,1
131351,1
131376,1
131424,2
131469,1
131475,1
131491,1
131510,2
131552,1
131584,1
131658,1
131705,1
131719,1
131737,1
131747,1
131773,1
131783,1
131792,1
131802,1
131828,1
131847,1
131856,1
131881,1
131907,1
131914,1
131917,1
132007,1
132016,1
132086,1
132090,1
132096,1
132105,1
132128,2
132135,1
132157,1
132198,1
132288,2
132298,1
132332,1
132352,2
132371,1
132390,1
132444,1
132461,1
132464,1
132518,1
132531,1
132550,1
132563,2
132570,1
132582,1
132688,2
132729,1
132736,1
132742,1
132768,1
132771,1
132787,1
132794,1
132813,2
132822,1
132825,1
132841,1
132925,1
132941,1
132989,1
133031,1
133085,1
133088,1
133104,1
133107,1
133165,1
133191,1
133216,1
133219,1
133264,1
133270,1
133283,1
133296,1
133322,1
133366,1
133376,2
133380,1
133399,1
133401,1
133408,2
133478,2
133510,1
133571,1
133613,1
133616,1
133626,1
133683,1
133734,1
133747,1
133763,2
133789,1
133795,1
133808,1
133830,1
133843,1
133856,1
133869,2
133882,1
133910,1
133930,1
133940,1
133952,1
133956,1
133974,1
134000,1
134016,1
134032,1
134035,1
134055,1
134064,1
134141,1
134157,1
134160,1
134201,1
134224,1
134234,1
134256,1
134269,1
134298,1
134384,1
134397,1
134419,1
134429,1
134471,1
134515,1
134534,1
134553,1
134554,1
134643,2
134660,1
134665,1
134710,1
134736,1
134755,1
134804,2
134845,1
134848,1
134880,1
134903,1
134906,1
134915,2
134922,1
134932,1
134992,1
135011,1
135021,1
135027,1
135066,2
135069,1
135079,1
135084,1
135101,1
135139,1
135142,1
135156,1
135180,1
135193,1
135207,1
135219,1
135260,1
135270,1
135296,1
135312,2
135325,1
135367,2
135386,1
135392,1
135395,1
135424,1
135431,1
135462,1
135469,1
135475,1
135520,1
135526,1
135559,1
135571,1
135584,1
135645,1
135658,1
135680,1
135690,1
135693,1
135738,1
135757,1
135766,1
135782,1
135795,1
135840,1
135862,1
135866,1
135939,1
135961,1
136036,1
136163,1
136192,1
136198,1
136231,1
136300,1
136352,1
136355,1
136384,1
136409,1
136436,1
136464,2
136468,1
136556,1
136614,1
136643,1
136691,1
136710,1
136714,1
136717,1
136749,1
136755,1
136761,1
136883,1
136884,1
136935,1
136969,1
136972,1
137047,1
137056,1
137085,2
137181,1
137203,1
137229,1
137248,1
137267,1
137286,1
137308,1
137312,1
137319,1
137322,1
137338,1
137360,2
137411,1
137430,1
137452,1
137475,1
137491,1
137520,1
137588,1
137616,1
137667,1
137687,1
137738,1
137760,1
137772,1
137805,1
137814,1
137824,1
137926,1
137945,1
137949,1
137977,1
137987,1
138048,1
138074,1
138176,1
138231,1
138253,1
138266,1
138295,1
138297,1
138323,1
138346,2
138349,1
138381,1
138393,1
138486,1
138493,1
138496,1
138518,1
138631,1
138643,1
138649,1
138669,1
138679,1
138701,1
138726,1
138727,1
138733,1
138743,1
138787,1
138797,2
138810,1
138861,1
138867,1
138873,1
138912,1
138919,1
139015,1
139027,1
139136,1
139152,1
139165,1
139187,1
139229,1
139232,1
139280,1
139283,1
139341,1
139356,1
139366,1
139376,1
139450,1
139478,1
139494,1
139514,1
139520,1
139523,1
139545,1
139641,1
139660,1
139670,1
139737,1
139764,1
139818,1
139833,1
139885,1
139942,1
139984,1
139993,1
140007,1
140009,1
140157,1
140262,1
140269,1
140275,1
140288,2
140333,1
140397,1
140468,1
140489,1
140534,1
140569,1
140576,1
140659,1
140665,1
140701,2
140774,1
140800,1
140836,1
140884,1
140922,1
140925,1
140998,1
141030,1
141040,1
141177,1
141193,1
141254,1
141280,1
141306,1
141351,1
141363,1
141370,1
141383,1
141385,1
141389,1
141465,1
141488,1
141500,1
141511,1
141571,1
141593,1
141632,1
141696,2
141732,1
141773,1
141782,1
141814,1
141920,1
141949,1
141952,1
141955,1
141977,1
141997,1
142003,1
142058,1
142096,1
142128,1
142183,1
142221,1
142285,1
142313,1
142327,1
142339,1
142345,1
142355,1
142362,1
142413,1
142470,1
142496,1
142499,1
142544,1
142579,1
142586,1
142595,1
142615,1
142624,1
142646,1
142656,1
142723,1
142730,1
142745,1
142848,1
142864,1
142912,1
142973,1
142985,1
143031,1
143034,1
143059,1
143082,1
143136,1
143158,1
143171,1
143194,1
143200,1
143241,1
143325,1
143405,1
143443,1
143450,1
143452,1
143466,1
143488,2
143584,1
143683,1
143709,1
143757,1
143788,1
143885,1
143894,1
143933,1
143949,1
144029,1
144039,1
144041,1
144080,1
144131,1
144157,1
144173,1
144176,1
144208,2
144227,1
144247,1
144419,1
144435,1
144474,1
144563,1
144588,1
144618,1
144624,1
144660,1
144695,1
144826,1
144906,1
144921,1
144925,1
145008,1
145011,1
145024,1
145037,1
145082,1
145222,1
145280,1
145296,1
145356,1
145370,1
145447,1
145555,1
145568,1
145610,1
145623,1
145638,1
145684,1
145689,1
145719,1
145913,1
145958,1
146025,1
146061,1
146093,1
146170,1
146358,1
146682,1
146809,1
146848,1
146883,1
146953,1
146957,1
147193,1
147242,1
147248,1
147504,1
147510,1
147533,1
147539,1
147591,1
147712,1
147734,1
147834,1
147914,1
147949,1
148010,1
148074,1
148109,2
148195,1
148227,1
148285,1
148307,1
148525,1
148531,1
148617,1
148672,1
148813,1
148848,1
148909,1
149027,1
149043,1
149120,1
149133,1
149149,1
149319,1
149389,1
149555,1
149574,1
149642,1
149785,1
149837,1
149875,1
149885,1
149987,1
150055,1
150068,1
150077,2
150099,1
150304,1
150317,1
150336,1
150364,1
150371,1
150390,1
150490,1
150605,1
150697,1
150707,1
150727,1
150739,1
150826,1
150995,1
151040,1
151104,1
151142,1
151152,1
151213,1
151424,1
151456,1
151492,1
151500,1
151523,1
151559,1
151610,1
151828,1
151863,1
151881,1
151897,1
151901,1
152004,1
152122,1
152147,1
152173,1
152205,1
152307,1
152393,1
152423,1
152455,1
152468,1
152499,1
152512,1
152659,1
152762,1
152797,1
152800,2
152903,1
152963,1
153015,1
153017,1
153018,1
153043,1
153050,1
153328,1
153363,1
153459,1
153495,1
153568,1
153600,1
153603,1
153639,1
153721,1
153735,1
153901,1
154122,1
154128,1
154138,1
154221,1
154237,1
154358,1
154387,1
154576,1
154602,1
154634,1
154650,1
154726,1
154787,1
154829,1
154858,2
154867,1
154899,1
155040,1
155229,1
155254,1
155312,1
155408,1
155738,1
155814,1
156039,1
156048,1
156099,1
156211,1
156340,1
156506,1
156592,1
156608,1
156640,1
156765,1
156832,1
156861,1
157040,1
157059,1
157165,1
157296,1
157319,1
157447,1
157456,1
157568,1
157648,1
157667,1
157757,1
157827,1
157850,1
157862,1
157879,1
157958,1
158055,1
158090,1
158189,1
158217,1
158224,1
158234,1
158292,1
158573,1
158579,1
158656,1
158698,1
158707,1
158745,1
158874,1
159200,1
159447,1
159606,1
159763,1
159796,1
159840,1
159859,1
159936,1
159943,1
160010,1
160070,1
160317,1
160330,1
160419,1
160467,1
160480,1
160819,1
160825,1
160835,1
160893,1
160912,1
160922,1
160980,1
161024,1
161036,1
161043,1
161085,1
161124,1
161165,1
161200,1
161238,1
161245,1
161287,1
161341,1
161399,1
161540,1
161594,2
161654,1
161687,1
161712,1
161747,1
161872,1
161907,1
162012,1
162019,1
162036,1
162041,1
162060,1
162067,1
162182,1
162217,1
162252,1
162304,1
162375,1
162419,1
162438,1
162506,1
162528,1
162532,1
162547,1
162592,1
162631,1
162666,1
162724,1
162730,1
162752,1
162880,1
163004,1
163018,1
163034,2
163075,1
163120,1
163244,1
163252,1
163321,1
163904,1
163914,1
163965,1
164013,1
164160,1
164275,1
164720,1
164989,1
165011,1
165104,1
165331,1
165357,1
165523,1
165536,1
165632,1
165712,1
165770,1
165865,1
165996,1
166054,1
166141,1
166163,1
166199,1
166310,1
166336,1
166355,1
166400,1
166435,1
166605,1
166649,1
166745,1
166838,1
166944,1
167024,1
167072,1
167149,1
167155,1
167156,1
167430,1
167514,1
167549,1
167571,1
167578,1
167706,1
167718,1
167936,1
167981,1
168039,1
168064,1
168172,1
168173,1
168192,1
168336,1
168458,1
168534,1
168541,1
168608,1
168672,1
168678,1
168902,1
168925,1
168938,1
168941,1
169037,1
169133,1
169305,1
169315,1
169350,1
169530,1
169536,1
169555,1
169610,1
169661,1
169830,1
169894,2
170067,1
170285,1
170292,1
170320,1
170474,1
170560,1
170611,1
170685,1
170880,1
170918,1
171021,1
171049,1
171084,1
171193,1
171261,1
171299,1
171408,1
171501,1
171536,1
171824,1
171949,1
171958,1
171991,1
172404,1
172422,1
172515,1
172733,1
172806,1
173024,1
173049,1
173050,1
173316,1
173338,1
173411,1
173446,1
173475,1
173510,1
173546,1
174407,1
174422,1
174502,1
174694,1
174704,1
174756,1
175651,1
175724,1
175974,1
176058,1
176272,1
176371,1
176387,1
176634,1
176806,1
176825,1
176838,1
176940,1
176992,1
177869,1
177904,1
178048,1
178067,1
178215,1
178266,1
178848,1
178880,1
179005,1
179344,1
179536,1
179712,1
179962,1
179968,1
180294,1
180499,1
180688,1
180884,1
180966,1
180970,1
181204,1
181293,1
181712,1
181875,1
182195,1
182538,1
182752,1
182857,1
182909,1
183197,1
183225,1
183254,1
183485,1
183850,1
184038,1
184685,1
184816,1
185274,1
185289,1
185306,1
185559,1
185779,1
185850,1
185882,1
185910,1
186074,1
186342,1
186416,1
186477,1
186730,1
186829,1
186851,1
187175,1
187191,1
187479,1
187750,1
187763,1
187786,1
188316,1
188404,1
188582,1
188665,1
188790,1
189114,1
189152,1
189660,1
189738,1
189799,1
189940,1
190051,1
190125,1
190163,1
190256,1
190374,1
190522,1
190672,1
191194,1
191437,1
192413,1
192628,1
192765,1
192985,1
193197,1
193245,1
193433,1
193891,1
193894,1
194928,1
194983,1
195028,1
195101,1
195468,1
195613,1
195814,1
196007,1
197414,1
198157,1
198329,1
198828,1
199213,1
199412,1
199580,1
200185,1
200480,1
200499,1
200691,1
200768,1
201350,1
201722,1
202663,1
203286,1
203472,1
204013,1
204051,1
205292,1
206160,1
206704,1
207737,1
208067,1
208288,1
209018,1
209056,1
210074,1
210317,1
211949,1
211965,1
212890,1
213417,1
214208,1
214515,1
215017,1
215335,1
215459,1
216016,1
217424,1
217440,1
218745,1
219524,1
220672,1
221104,1
221661,1
222160,1
222316,1
222397,1
223043,1
223168,1
226371,1
227460,1
228083,1
228169,1
229322,1
230387,1
230976,1
232224,1
232826,1
232973,1
235005,1
237408,1
237945,1
239120,1
239491,1
239754,1
240004,1
240404,1
240602,1
240960,1
242400,1
242877,1
242896,1
243114,1
243260,1
243529,1
245168,1
245216,1
245485,1
246029,1
246224,1
246570,1
247769,1
248387,1
250042,1
251136,1
251142,1
251354,1
251542,1
252992,1
253052,1
254156,1
255690,1
256809,1
259708,1
259738,1
260778,1
261792,1
262912,1
263130,1
265722,1
265888,1
266105,1
267028,1
267795,1
268784,1
270035,1
270695,1
271917,1
273255,1
273788,1
274201,1
274720,1
274848,1
274896,1
275104,1
276829,1
277088,1
277126,1
277235,1
278272,1
278855,1
278989,1
279920,1
280576,1
283232,1
283869,1
285184,1
286372,1
286659,1
287401,1
287773,1
288106,1
288166,1
288503,1
289408,1
290969,1
291280,1
292061,1
292125,1
295114,1
296058,1
296650,1
297020,1
297907,1
298925,1
299789,1
299799,1
300813,1
302176,1
302794,1
303081,1
303834,1
304180,1
305545,1
308112,1
308141,1
310349,1
310826,1
312237,1
312803,1
313056,1
314096,1
314265,1
314636,1
314829,1
315015,1
316755,1
319091,1
319283,1
320935,1
321991,1
322813,1
323392,1
326013,1
327100,1
327347,1
328029,1
328071,1
328659,1
329446,1
330169,1
330391,1
332237,1
333785,1
334055,1
334701,1
334909,1
336355,1
336486,1
341254,1
341715,1
342669,1
343357,1
345735,1
347075,1
347616,1
348493,1
354934,1
355392,1
358500,1
358679,1
359242,1
359498,1
360026,1
362499,1
363072,1
369453,1
369507,1
370067,1
373558,1
374064,1
375344,1
376736,1
380096,1
381616,1
381632,1
383232,1
384157,1
384464,1
385978,1
386311,1
391572,1
392627,1
394192,1
395693,1
395878,1
396275,1
396358,1
401034,1
403824,1
405210,1
405757,1
405769,1
406285,1
408448,1
408455,1
409568,1
412764,1
412771,1
412973,1
413187,1
413718,1
414829,1
415293,1
418647,1
419161,1
420413,1
421677,1
425248,1
426176,1
426589,1
426608,1
428496,1
433863,1
438752,1
492393,1
496467,1
