5548,1
5651,1
5654,1
5661,1
5667,1
5690,1
5721,1
5722,1
5731,2
5753,1
5766,1
5769,1
5770,2
5772,1
5773,1
5805,1
5811,1
5814,1
5818,1
5821,1
5837,1
5844,1
5849,1
5853,2
5856,1
5859,1
5862,2
5863,1
5865,1
5872,1
5875,1
5879,1
5894,1
5901,3
5910,1
5926,2
5927,2
5929,1
5933,1
5939,2
5942,1
5959,2
5961,1
5965,1
5971,1
5974,1
5981,1
5984,1
5990,1
5991,1
6016,1
6019,1
6029,1
6035,1
6039,1
6042,1
6045,1
6058,1
6061,1
6064,3
6067,2
6073,1
6076,1
6077,1
6092,2
6093,2
6103,1
6105,1
6106,1
6108,1
6112,4
6115,1
6118,1
6122,1
6125,1
6128,1
6135,1
6138,1
6154,1
6157,1
6160,1
6166,1
6167,1
6199,1
6202,2
6204,1
6211,1
6217,1
6221,1
6230,1
6240,2
6246,1
6253,1
6259,4
6262,2
6265,1
6266,1
6272,1
6275,2
6278,2
6291,1
6297,2
6313,1
6316,1
6320,1
6323,1
6330,2
6332,1
6333,2
6336,1
6349,1
6355,2
6358,1
6359,1
6365,1
6368,2
6374,2
6380,1
6381,2
6387,1
6388,1
6390,2
6396,1
6400,3
6403,1
6409,1
6412,1
6413,2
6416,2
6419,1
6420,1
6422,1
6423,1
6429,1
6432,2
6435,2
6438,1
6439,2
6441,1
6442,2
6445,4
6448,2
6451,1
6454,1
6457,1
6458,4
6461,1
6464,1
6467,2
6468,1
6470,2
6471,3
6473,2
6474,1
6476,2
6477,5
6480,2
6483,3
6484,1
6486,1
6487,3
6489,3
6490,2
6493,2
6496,5
6499,5
6502,1
6503,2
6505,1
6506,3
6508,1
6512,4
6515,3
6518,2
6521,1
6522,4
6524,2
6525,1
6528,4
6531,1
6534,2
6535,2
6538,1
6541,2
6544,4
6547,6
6548,1
6550,5
6553,3
6554,6
6556,1
6557,4
6560,9
6563,5
6564,4
6566,6
6567,1
6569,1
6570,2
6572,2
6573,7
6576,2
6579,3
6580,1
6582,2
6583,1
6586,2
6588,1
6589,4
6592,8
6595,2
6598,2
6599,2
6601,1
6602,3
6605,10
6608,3
6611,7
6614,1
6615,2
6617,2
6618,3
6620,2
6621,2
6624,11
6627,7
6628,1
6630,4
6631,1
6633,2
6634,4
6636,2
6637,8
6640,4
6643,9
6644,1
6646,3
6647,1
6649,1
6650,5
6652,1
6653,5
6656,10
6659,8
6660,2
6662,7
6663,1
6665,1
6666,7
6668,1
6669,7
6672,8
6675,8
6676,2
6678,3
6681,4
6682,8
6684,1
6685,9
6688,4
6691,8
6692,3
6694,9
6695,6
6697,2
6698,6
6700,1
6701,2
6704,1
6707,3
6708,2
6710,12
6711,6
6713,4
6714,7
6716,5
6717,4
6720,9
6723,12
6724,1
6726,9
6727,5
6729,2
6730,4
6732,1
6733,4
6736,10
6739,13
6740,3
6742,2
6743,3
6745,5
6746,7
6748,2
6749,7
6752,15
6755,6
6756,1
6758,8
6759,6
6761,7
6762,9
6765,14
6768,12
6771,9
6772,4
6774,6
6775,3
6777,7
6778,6
6780,2
6781,5
6784,16
6787,6
6788,1
6790,10
6791,7
6793,2
6794,7
6796,4
6797,11
6800,3
6803,11
6804,2
6806,2
6807,4
6809,5
6810,12
6813,8
6816,29
6819,10
6820,1
6822,11
6823,5
6825,5
6826,7
6828,5
6829,16
6832,9
6835,19
6836,2
6838,4
6839,5
6841,4
6842,7
6845,8
6848,13
6851,9
6852,1
6854,12
6855,12
6857,2
6858,6
6860,2
6861,9
6864,15
6867,9
6868,2
6870,4
6871,4
6873,6
6874,10
6876,1
6877,14
6880,18
6883,6
6884,3
6886,12
6887,4
6889,4
6890,6
6892,3
6893,23
6896,11
6899,11
6900,3
6902,9
6903,5
6905,8
6906,8
6908,3
6909,14
6912,17
6915,9
6916,3
6918,9
6919,6
6921,1
6922,10
6924,6
6925,14
6928,11
6931,16
6932,2
6934,5
6935,5
6937,5
6938,13
6940,3
6941,8
6944,19
6947,9
6948,3
6950,11
6951,6
6953,9
6954,5
6956,3
6957,10
6960,17
6963,15
6964,2
6966,12
6967,4
6969,8
6970,10
6972,2
6973,9
6976,15
6979,12
6980,4
6982,15
6983,7
6985,1
6986,5
6988,6
6989,11
6992,10
6995,23
6996,4
6998,14
6999,6
7001,8
7002,15
7004,4
7005,9
7008,14
7011,10
7012,2
7014,13
7015,8
7017,5
7018,15
7020,9
7021,19
7024,13
7027,17
7028,3
7030,11
7031,6
7033,7
7034,14
7036,1
7037,8
7040,20
7043,10
7044,3
7046,15
7047,8
7049,5
7050,18
7052,4
7053,15
7056,12
7059,21
7060,3
7062,4
7063,1
7065,4
7066,14
7068,4
7069,11
7072,19
7075,9
7076,2
7078,12
7079,9
7081,4
7082,14
7084,6
7085,15
7088,14
7091,14
7092,4
7094,7
7095,7
7097,9
7098,15
7100,1
7101,6
7104,25
7107,12
7108,2
7110,12
7111,7
7113,4
7114,9
7116,7
7117,33
7120,18
7123,27
7124,2
7126,6
7127,9
7129,6
7130,17
7132,2
7133,10
7136,21
7139,8
7140,1
7142,12
7143,5
7145,7
7146,13
7148,4
7149,22
7152,15
7155,14
7156,7
7158,8
7159,9
7161,11
7162,10
7164,4
7165,11
7168,24
7171,17
7172,3
7174,11
7175,10
7177,8
7178,12
7180,3
7181,19
7184,14
7187,17
7188,5
7190,13
7191,3
7193,9
7194,10
7196,3
7197,9
7200,16
7203,11
7204,3
7206,14
7207,9
7209,1
7210,8
7212,10
7213,12
7216,16
7219,13
7220,3
7222,8
7223,5
7225,8
7226,14
7228,4
7229,8
7232,21
7235,16
7236,3
7238,17
7239,9
7241,7
7242,11
7244,2
7245,8
7248,16
7251,12
7252,5
7254,10
7255,6
7257,9
7258,10
7260,4
7261,15
7264,13
7267,14
7268,6
7270,12
7271,15
7273,4
7274,7
7276,2
7277,18
7280,12
7283,24
7284,5
7286,7
7287,3
7289,11
7290,17
7292,3
7293,9
7296,19
7299,17
7300,3
7302,11
7303,7
7305,4
7306,5
7308,2
7309,7
7312,19
7315,18
7316,5
7318,8
7319,6
7321,11
7322,10
7325,12
7328,20
7331,14
7332,1
7334,11
7335,7
7337,4
7338,5
7340,3
7341,9
7344,13
7347,15
7348,2
7350,6
7351,3
7353,7
7354,11
7356,5
7357,10
7360,23
7363,16
7364,3
7366,7
7367,7
7369,9
7370,8
7372,3
7373,19
7376,23
7379,13
7380,4
7382,6
7383,5
7385,9
7386,7
7388,3
7389,9
7392,17
7395,6
7396,1
7398,10
7399,5
7401,8
7402,4
7404,2
7405,8
7408,13
7411,13
7412,1
7414,5
7415,6
7417,5
7418,10
7420,3
7421,9
7424,11
7427,8
7428,2
7430,11
7431,6
7433,1
7434,7
7436,1
7437,12
7440,9
7443,14
7444,3
7446,5
7447,3
7449,2
7450,12
7452,3
7453,6
7456,19
7459,5
7460,1
7462,11
7463,5
7465,2
7466,3
7468,4
7469,19
7472,8
7475,14
7476,4
7478,7
7479,6
7481,8
7482,8
7484,1
7485,8
7488,12
7491,12
7492,4
7494,9
7495,6
7497,3
7498,9
7500,2
7501,14
7504,10
7507,17
7508,3
7510,13
7511,3
7513,6
7514,10
7516,2
7517,10
7520,15
7523,11
7526,10
7527,7
7529,5
7530,8
7532,2
7533,8
7536,14
7539,8
7540,4
7542,8
7543,4
7545,4
7546,6
7548,3
7549,6
7552,17
7555,7
7556,1
7558,9
7559,6
7561,4
7562,4
7564,5
7565,10
7568,12
7571,15
7572,5
7574,10
7575,7
7577,11
7578,7
7581,11
7584,14
7587,7
7588,4
7590,14
7591,9
7593,6
7594,13
7596,5
7597,16
7600,12
7603,9
7604,5
7606,6
7607,7
7609,5
7610,8
7613,15
7616,20
7619,6
7620,2
7622,6
7623,6
7625,4
7626,1
7629,14
7632,8
7635,16
7636,3
7638,10
7639,6
7641,8
7642,7
7644,2
7645,6
7648,15
7651,11
7652,5
7654,13
7655,7
7657,5
7658,10
7660,3
7661,13
7664,12
7667,16
7668,6
7670,11
7671,9
7673,3
7674,10
7676,1
7677,5
7680,23
7683,9
7684,3
7686,9
7687,5
7689,5
7690,11
7692,1
7693,14
7696,13
7699,17
7700,2
7702,7
7703,4
7705,12
7706,11
7708,2
7709,10
7712,19
7715,5
7716,3
7718,15
7719,11
7721,4
7722,10
7724,7
7725,12
7728,12
7731,20
7732,5
7734,4
7735,8
7737,7
7738,7
7740,3
7741,11
7744,18
7747,10
7748,2
7750,10
7751,12
7753,4
7754,8
7756,3
7757,10
7760,5
7763,13
7764,2
7766,1
7767,3
7769,3
7770,13
7772,1
7773,13
7776,14
7779,10
7780,3
7782,10
7783,6
7785,4
7786,6
7788,5
7789,9
7792,14
7795,15
7796,3
7798,4
7799,5
7801,13
7802,8
7804,2
7805,6
7808,10
7811,11
7812,3
7814,7
7815,5
7817,1
7818,8
7820,4
7821,10
7824,15
7827,15
7828,1
7830,9
7831,5
7833,4
7834,9
7836,1
7837,7
7840,13
7843,7
7844,2
7846,9
7847,4
7849,5
7850,9
7852,7
7853,11
7856,9
7859,17
7860,1
7862,12
7863,2
7865,4
7866,10
7868,2
7869,8
7872,21
7875,7
7876,1
7878,6
7879,7
7881,1
7882,8
7884,2
7885,11
7888,8
7891,9
7892,1
7894,3
7895,3
7897,7
7898,6
7900,1
7901,5
7904,16
7907,8
7908,2
7910,6
7911,6
7913,4
7914,8
7916,5
7917,5
7920,1
7923,7
7924,2
7926,7
7927,6
7929,9
7930,12
7933,13
7936,18
7939,7
7940,3
7942,6
7943,9
7945,2
7946,4
7948,4
7949,12
7952,12
7955,14
7956,1
7958,11
7959,3
7961,5
7962,13
7964,1
7965,8
7968,13
7971,10
7972,1
7974,8
7975,7
7977,12
7978,3
7980,3
7981,9
7984,12
7987,18
7988,1
7990,7
7991,4
7993,5
7994,4
7996,3
7997,6
8000,22
8003,9
8004,1
8006,10
8007,11
8009,1
8010,5
8012,3
8013,12
8016,7
8019,13
8020,4
8022,6
8023,7
8025,9
8026,7
8028,1
8029,9
8032,12
8035,5
8036,1
8038,8
8039,2
8041,3
8042,8
8044,2
8045,8
8048,7
8051,13
8052,3
8054,3
8055,4
8057,10
8058,12
8060,4
8061,13
8064,11
8067,14
8068,3
8070,20
8071,6
8073,8
8074,3
8076,4
8077,3
8080,14
8083,10
8084,4
8086,7
8087,2
8089,6
8090,3
8092,1
8093,8
8096,16
8099,4
8100,2
8102,8
8103,7
8105,7
8106,6
8108,2
8109,4
8112,12
8115,12
8116,2
8118,2
8119,3
8121,5
8122,5
8124,1
8125,5
8128,15
8131,4
8134,8
8135,4
8138,5
8140,5
8141,11
8144,14
8147,14
8150,9
8151,3
8153,10
8154,7
8156,1
8157,8
8160,9
8163,9
8164,4
8166,9
8167,4
8169,7
8170,6
8173,12
8176,12
8179,14
8180,2
8182,7
8183,2
8185,8
8186,7
8188,2
8189,14
8192,20
8195,8
8196,2
8198,8
8199,6
8201,6
8202,6
8204,3
8205,11
8208,14
8211,13
8212,2
8214,12
8215,6
8217,3
8218,8
8221,11
8224,12
8227,7
8228,3
8230,4
8231,4
8233,2
8234,7
8236,5
8237,11
8240,12
8243,7
8244,5
8246,5
8247,3
8249,4
8250,8
8252,1
8253,7
8256,15
8259,6
8260,1
8262,11
8263,7
8265,6
8266,5
8268,3
8269,11
8272,6
8275,6
8276,2
8278,4
8279,2
8281,6
8282,7
8284,2
8285,5
8288,12
8291,12
8292,3
8294,5
8295,12
8297,2
8298,7
8300,1
8301,8
8304,9
8307,14
8308,4
8310,12
8311,6
8313,3
8314,12
8316,6
8317,11
8320,19
8323,8
8324,1
8326,13
8327,5
8329,3
8330,7
8332,3
8333,24
8336,9
8339,12
8340,4
8342,4
8343,7
8345,5
8346,10
8348,2
8349,7
8352,18
8355,10
8356,3
8358,5
8359,10
8361,3
8362,3
8364,2
8365,9
8368,14
8371,17
8372,1
8374,4
8375,5
8377,7
8378,9
8381,4
8384,20
8387,8
8388,2
8390,9
8391,10
8393,4
8394,2
8396,3
8397,15
8400,12
8403,15
8404,5
8406,8
8407,7
8409,3
8410,16
8412,3
8413,4
8416,7
8419,5
8420,1
8422,11
8423,5
8425,5
8426,4
8428,2
8429,5
8432,9
8435,7
8436,3
8438,5
8439,5
8441,5
8442,12
8444,1
8445,2
8448,24
8451,10
8452,1
8454,8
8455,8
8457,4
8458,6
8460,5
8461,8
8464,12
8467,14
8468,4
8470,4
8471,2
8473,9
8474,11
8476,3
8477,5
8480,12
8483,7
8486,10
8487,7
8489,4
8490,7
8492,3
8493,13
8496,15
8499,18
8500,3
8502,4
8503,2
8505,6
8506,9
8508,2
8509,2
8512,20
8515,8
8516,4
8518,7
8519,4
8521,7
8522,5
8524,3
8525,10
8528,10
8531,9
8532,6
8534,10
8535,3
8537,8
8538,9
8540,1
8541,6
8544,18
8547,7
8548,2
8550,6
8551,5
8553,4
8554,4
8556,1
8557,14
8560,6
8563,12
8564,1
8566,6
8567,6
8569,8
8570,8
8572,3
8573,4
8576,11
8579,4
8580,3
8582,8
8583,6
8585,3
8586,8
8588,3
8589,7
8592,14
8595,9
8596,1
8598,9
8599,2
8601,4
8602,3
8605,11
8608,10
8611,14
8614,12
8615,2
8617,4
8618,4
8620,1
8621,9
8624,8
8627,12
8628,1
8630,5
8631,3
8633,7
8634,5
8636,3
8637,8
8640,8
8643,13
8644,2
8646,10
8647,10
8649,4
8650,10
8652,3
8653,13
8656,12
8659,15
8660,4
8662,13
8663,6
8665,6
8666,8
8668,2
8669,10
8672,10
8675,7
8676,3
8678,16
8679,6
8681,2
8682,5
8684,4
8685,12
8688,11
8691,11
8692,3
8694,3
8695,5
8697,8
8698,8
8701,7
8704,8
8707,7
8708,3
8710,9
8711,6
8713,6
8714,7
8717,17
8720,7
8723,7
8724,3
8726,8
8727,3
8729,4
8730,4
8732,1
8733,13
8736,9
8739,8
8740,3
8742,8
8743,3
8745,1
8746,6
8748,1
8749,10
8752,9
8755,15
8756,5
8758,5
8759,2
8761,2
8762,5
8764,1
8765,9
8768,10
8771,13
8772,2
8774,8
8775,3
8777,2
8778,3
8780,4
8781,8
8784,11
8787,14
8788,2
8790,5
8791,3
8793,2
8794,10
8796,2
8797,4
8800,15
8803,12
8806,5
8807,7
8809,5
8810,8
8812,4
8813,11
8816,11
8819,9
8820,1
8822,6
8823,7
8825,7
8826,8
8828,3
8829,10
8832,12
8835,16
8836,2
8838,7
8839,4
8841,5
8842,7
8844,5
8845,16
8848,8
8851,15
8852,3
8854,10
8855,3
8857,3
8858,6
8860,2
8861,5
8864,17
8867,16
8868,4
8870,9
8871,8
8873,2
8874,9
8876,4
8877,15
8880,9
8883,12
8884,3
8886,6
8887,5
8889,14
8890,10
8892,2
8893,13
8896,22
8899,6
8900,3
8902,13
8903,8
8905,7
8906,7
8908,5
8909,11
8912,8
8915,10
8916,3
8918,2
8919,4
8921,9
8922,12
8924,2
8925,10
8928,15
8931,12
8932,1
8934,8
8935,1
8937,2
8938,2
8940,4
8941,16
8944,5
8947,13
8948,3
8950,7
8951,4
8953,4
8954,11
8956,1
8957,16
8960,17
8963,10
8964,3
8966,9
8967,5
8969,2
8970,5
8972,4
8973,11
8976,10
8979,16
8980,2
8982,7
8983,4
8985,4
8986,7
8988,1
8989,8
8992,16
8995,7
8996,4
8998,10
8999,8
9001,3
9002,3
9004,3
9005,13
9008,7
9011,17
9012,3
9014,4
9015,8
9017,4
9018,12
9021,11
9024,20
9027,8
9030,9
9031,6
9033,5
9034,5
9036,6
9037,14
9040,9
9043,13
9044,2
9046,4
9047,5
9049,1
9050,8
9052,2
9053,11
9056,12
9059,6
9060,5
9062,9
9063,6
9065,3
9066,4
9068,4
9069,13
9072,10
9075,15
9076,1
9078,9
9079,4
9081,2
9082,6
9084,1
9085,7
9088,17
9091,12
9092,4
9094,9
9095,7
9097,4
9098,6
9100,3
9101,8
9104,11
9107,12
9108,2
9110,5
9111,6
9113,7
9114,10
9116,3
9117,2
9120,16
9123,9
9124,1
9126,6
9127,3
9129,6
9130,6
9132,1
9133,15
9136,8
9139,7
9140,4
9142,3
9143,3
9145,7
9146,7
9148,1
9149,10
9152,13
9155,7
9156,2
9158,8
9159,10
9161,3
9162,2
9165,12
9168,15
9171,13
9172,2
9174,4
9175,5
9177,2
9178,12
9180,3
9181,8
9184,18
9187,12
9188,1
9190,16
9191,5
9193,4
9194,9
9197,8
9200,11
9203,10
9204,1
9206,9
9207,3
9209,5
9210,5
9212,3
9213,5
9216,16
9219,12
9220,3
9222,8
9223,2
9225,5
9226,6
9228,1
9229,10
9232,11
9235,6
9236,4
9238,7
9239,3
9241,5
9242,9
9244,7
9245,11
9248,5
9251,5
9252,1
9254,14
9255,5
9257,6
9258,8
9260,2
9261,21
9264,8
9267,10
9268,1
9270,4
9271,2
9273,7
9274,10
9276,3
9277,10
9280,10
9283,5
9284,4
9286,5
9287,4
9289,4
9290,14
9292,4
9293,11
9296,8
9299,11
9300,2
9302,4
9303,2
9305,3
9306,7
9308,1
9309,16
9312,16
9315,7
9316,1
9318,6
9319,3
9321,2
9322,7
9324,1
9325,7
9328,8
9331,8
9332,4
9334,5
9335,4
9337,4
9338,10
9340,2
9341,5
9344,16
9347,12
9348,3
9350,7
9351,6
9353,3
9354,6
9356,3
9357,14
9360,10
9363,19
9364,3
9366,4
9367,7
9369,5
9370,11
9372,2
9373,9
9376,12
9379,6
9380,1
9382,10
9383,6
9385,4
9386,7
9388,3
9389,16
9392,7
9395,12
9396,4
9398,6
9399,3
9401,3
9402,12
9404,2
9405,9
9408,7
9411,10
9412,4
9414,6
9415,6
9417,1
9418,4
9420,2
9421,4
9424,10
9427,8
9428,2
9430,8
9431,4
9433,4
9434,9
9436,1
9437,10
9440,12
9443,5
9446,6
9447,7
9449,3
9450,2
9452,5
9453,4
9456,9
9459,12
9462,4
9463,4
9465,10
9466,8
9468,3
9469,12
9472,8
9475,8
9476,2
9478,10
9479,12
9481,4
9482,8
9484,3
9485,10
9488,16
9491,7
9492,3
9494,2
9495,4
9497,1
9498,10
9500,4
9501,2
9504,18
9507,9
9510,14
9511,1
9513,2
9514,8
9516,4
9517,14
9520,7
9523,7
9524,1
9526,7
9527,2
9529,5
9530,10
9533,10
9536,12
9539,8
9540,2
9542,8
9543,7
9545,5
9546,10
9548,3
9549,12
9552,13
9555,11
9556,3
9558,4
9559,4
9561,12
9562,8
9564,2
9565,11
9568,13
9571,13
9572,4
9574,5
9575,5
9577,5
9578,12
9580,6
9581,11
9584,11
9587,10
9588,4
9590,4
9591,2
9593,7
9594,9
9596,2
9597,8
9600,17
9603,10
9604,5
9606,4
9607,5
9609,8
9610,5
9612,4
9613,8
9616,16
9619,17
9620,5
9622,8
9623,10
9625,13
9626,14
9628,4
9629,12
9632,9
9635,8
9636,3
9638,5
9639,7
9641,3
9642,4
9644,2
9645,17
9648,14
9651,10
9652,4
9654,7
9655,4
9657,3
9658,12
9660,2
9661,4
9664,9
9667,10
9668,3
9670,5
9671,3
9673,4
9674,8
9676,9
9677,10
9680,10
9683,12
9684,5
9686,8
9687,3
9689,6
9690,11
9692,2
9693,9
9696,14
9699,6
9700,2
9702,7
9703,5
9705,1
9706,10
9708,4
9709,11
9712,8
9715,6
9716,3
9718,7
9719,3
9721,3
9722,10
9724,2
9725,8
9728,17
9731,5
9734,10
9735,5
9738,6
9740,2
9741,11
9744,10
9747,10
9748,4
9750,8
9751,2
9753,2
9754,10
9756,5
9757,10
9760,15
9763,6
9766,8
9767,4
9769,4
9770,6
9772,4
9773,9
9776,6
9779,10
9780,3
9782,2
9783,6
9785,8
9786,11
9789,8
9792,11
9795,12
9796,1
9798,6
9799,6
9801,4
9802,5
9805,13
9808,9
9811,11
9812,3
9814,2
9815,5
9817,5
9818,6
9820,1
9821,14
9824,14
9827,11
9828,3
9830,13
9831,3
9833,5
9834,3
9836,4
9837,13
9840,7
9843,18
9844,3
9846,7
9847,4
9849,5
9850,4
9852,2
9853,6
9856,20
9859,11
9860,4
9862,9
9863,4
9865,5
9866,4
9868,3
9869,14
9872,9
9875,12
9876,3
9878,2
9879,2
9881,3
9882,15
9884,3
9885,3
9888,16
9891,7
9892,3
9894,11
9895,13
9897,6
9898,6
9900,3
9901,14
9904,10
9907,11
9908,1
9910,12
9911,2
9913,7
9914,11
9916,2
9917,10
9920,15
9923,4
9926,11
9927,4
9929,5
9930,7
9932,5
9933,18
9936,10
9939,10
9940,3
9942,7
9943,5
9945,5
9946,11
9948,2
9949,9
9952,15
9955,9
9956,4
9958,13
9959,3
9961,3
9962,9
9965,11
9968,8
9971,21
9972,4
9974,6
9975,4
9977,8
9978,9
9980,4
9981,8
9984,11
9987,14
9990,10
9991,2
9993,7
9994,7
9996,2
9997,6
10000,11
10003,8
10004,4
10006,15
10007,6
10009,9
10010,8
10012,2
10013,12
10016,18
10019,12
10020,3
10022,7
10023,5
10025,5
10026,6
10028,2
10029,13
10032,10
10035,15
10036,3
10038,4
10039,6
10041,9
10042,10
10044,3
10045,9
10048,14
10051,8
10052,2
10054,11
10055,3
10057,6
10058,6
10060,2
10061,7
10064,11
10067,14
10068,1
10070,5
10071,3
10073,4
10074,13
10076,1
10077,7
10080,14
10083,9
10084,2
10086,5
10087,6
10089,2
10090,9
10092,2
10093,8
10096,6
10099,13
10100,2
10102,6
10103,4
10105,4
10106,7
10108,3
10109,11
10112,21
10115,9
10116,6
10118,5
10119,4
10121,5
10122,6
10125,7
10128,5
10131,6
10132,3
10134,7
10135,2
10137,8
10138,10
10140,3
10141,12
10144,12
10147,8
10148,2
10150,9
10151,7
10153,1
10154,4
10156,2
10157,11
10160,15
10163,10
10164,2
10166,4
10167,2
10169,6
10170,3
10172,1
10173,11
10176,15
10179,8
10180,2
10182,10
10183,5
10185,6
10186,4
10188,4
10189,11
10192,15
10195,18
10196,2
10198,4
10199,3
10201,10
10202,7
10204,2
10205,5
10208,10
10211,5
10212,2
10214,8
10215,7
10217,3
10218,3
10220,2
10221,13
10224,12
10227,22
10228,5
10230,10
10231,6
10233,7
10234,9
10236,3
10237,10
10240,10
10243,8
10244,2
10246,14
10247,8
10249,2
10250,8
10252,4
10253,15
10256,11
10259,11
10260,4
10262,2
10263,1
10265,6
10266,5
10268,3
10269,9
10272,16
10275,9
10278,11
10279,5
10281,3
10282,7
10284,2
10285,12
10288,7
10291,9
10292,2
10294,4
10295,3
10297,8
10298,9
10301,7
10304,13
10307,8
10308,1
10310,10
10311,4
10313,3
10314,2
10316,3
10317,17
10320,8
10323,10
10324,4
10326,9
10327,3
10329,4
10330,9
10332,1
10333,11
10336,20
10339,12
10340,3
10342,10
10343,6
10345,2
10346,7
10348,3
10349,18
10352,15
10355,15
10356,1
10358,8
10359,5
10361,4
10362,16
10364,4
10365,9
10368,18
10371,10
10372,2
10374,14
10375,8
10377,4
10378,10
10380,5
10381,17
10384,11
10387,19
10388,11
10390,7
10393,4
10394,8
10396,1
10397,6
10400,10
10403,13
10404,2
10406,13
10407,11
10409,4
10410,4
10412,2
10413,14
10416,8
10419,15
10420,6
10422,4
10423,1
10425,9
10426,6
10428,3
10429,3
10432,18
10435,5
10436,3
10438,8
10439,9
10441,2
10442,8
10444,1
10445,11
10448,10
10451,9
10454,5
10455,6
10457,5
10458,5
10460,3
10461,9
10464,15
10467,6
10468,3
10470,8
10471,5
10473,4
10474,8
10476,4
10477,10
10480,11
10483,11
10484,5
10486,7
10487,9
10489,7
10490,5
10493,8
10496,19
10499,8
10500,1
10502,10
10503,4
10505,2
10506,5
10508,2
10509,17
10512,4
10515,6
10516,2
10518,5
10519,3
10521,5
10522,5
10524,3
10525,12
10528,15
10531,9
10532,1
10534,11
10535,3
10537,2
10538,4
10540,3
10541,9
10544,9
10547,10
10548,2
10550,5
10551,3
10553,4
10554,8
10556,2
10557,9
10560,23
10563,12
10564,1
10566,9
10567,9
10569,3
10570,8
10572,4
10573,9
10576,15
10579,7
10580,2
10582,4
10583,5
10585,5
10586,4
10588,1
10589,8
10592,7
10595,10
10596,2
10598,12
10599,7
10601,3
10602,9
10604,7
10605,13
10608,16
10611,9
10612,2
10614,9
10615,8
10617,5
10618,11
10620,1
10621,6
10624,15
10627,5
10628,3
10630,7
10631,8
10633,4
10634,1
10636,1
10637,10
10640,12
10643,14
10644,3
10646,7
10647,8
10649,3
10650,9
10652,1
10653,2
10656,12
10659,8
10660,2
10662,11
10663,14
10665,4
10666,5
10668,5
10669,13
10672,14
10675,6
10676,2
10678,8
10679,6
10681,3
10682,10
10684,1
10685,5
10688,16
10691,9
10692,1
10694,8
10695,6
10697,3
10698,4
10700,4
10701,17
10704,17
10707,11
10708,1
10710,2
10711,4
10713,12
10714,7
10716,2
10717,10
10720,23
10723,5
10724,1
10726,6
10727,4
10729,5
10730,6
10732,3
10733,7
10736,8
10739,11
10740,6
10742,2
10743,2
10745,3
10746,7
10749,4
10752,13
10755,3
10758,9
10759,3
10761,3
10762,3
10764,2
10765,10
10768,6
10771,10
10772,4
10774,4
10775,4
10777,9
10778,12
10780,1
10781,7
10784,17
10787,6
10790,13
10791,3
10793,7
10794,8
10796,1
10797,6
10800,8
10803,13
10804,5
10806,8
10807,6
10809,3
10810,9
10812,1
10813,7
10816,18
10819,9
10820,4
10822,5
10823,3
10825,5
10826,6
10828,3
10829,5
10832,11
10835,13
10836,3
10838,6
10839,3
10841,5
10842,5
10844,2
10845,7
10848,20
10851,9
10854,8
10855,2
10857,7
10858,7
10860,2
10861,14
10864,9
10867,7
10868,1
10870,9
10871,4
10873,4
10874,10
10876,2
10877,5
10880,14
10883,7
10884,2
10886,12
10887,7
10889,5
10890,4
10892,2
10893,9
10896,8
10899,13
10900,9
10902,3
10903,5
10905,10
10906,11
10908,4
10909,3
10912,12
10915,8
10916,2
10918,13
10919,4
10921,5
10922,1
10924,3
10925,11
10928,5
10931,13
10932,2
10934,1
10935,6
10937,8
10938,8
10940,4
10941,7
10944,20
10947,11
10950,8
10951,11
10953,4
10954,8
10956,1
10957,10
10960,8
10963,17
10964,1
10966,9
10967,5
10969,4
10970,8
10972,1
10973,9
10976,18
10979,16
10980,2
10982,11
10983,6
10985,3
10986,8
10988,4
10989,10
10992,10
10995,12
10996,3
10998,2
10999,2
11001,8
11002,14
11004,3
11005,7
11008,18
11011,7
11012,2
11014,10
11015,4
11017,5
11018,9
11020,4
11021,16
11024,13
11027,10
11028,7
11030,9
11031,5
11033,7
11034,11
11036,2
11037,10
11040,17
11043,6
11046,12
11047,6
11049,3
11050,6
11052,2
11053,12
11056,11
11059,20
11060,1
11062,5
11063,4
11065,8
11066,6
11068,1
11069,11
11072,14
11075,7
11076,5
11078,8
11079,7
11081,7
11082,12
11084,5
11085,11
11088,13
11091,9
11092,2
11094,2
11095,1
11097,3
11098,9
11100,2
11101,7
11104,13
11107,7
11108,4
11110,10
11111,7
11113,2
11114,4
11116,2
11117,7
11120,9
11123,13
11124,3
11127,2
11129,3
11130,9
11132,2
11133,9
11136,10
11139,10
11142,13
11143,3
11145,3
11146,7
11148,9
11149,16
11152,10
11155,11
11156,1
11158,8
11159,3
11161,11
11162,5
11164,4
11165,14
11168,19
11171,6
11172,1
11174,11
11175,9
11177,9
11178,6
11180,1
11181,9
11184,9
11187,11
11188,5
11190,3
11191,3
11193,4
11194,10
11196,3
11197,7
11200,22
11203,13
11204,3
11206,3
11207,3
11209,3
11210,8
11213,8
11216,8
11219,5
11220,3
11222,8
11223,4
11225,6
11226,11
11228,2
11229,8
11232,12
11235,7
11238,8
11239,4
11241,4
11242,6
11244,4
11245,13
11248,8
11251,12
11252,3
11254,1
11255,3
11257,4
11258,13
11260,3
11261,4
11264,18
11267,6
11268,1
11270,6
11271,3
11273,2
11274,3
11277,10
11280,9
11283,13
11284,1
11286,10
11287,6
11289,4
11290,3
11292,1
11293,7
11296,11
11299,13
11300,1
11302,9
11303,4
11305,4
11306,9
11308,4
11309,13
11312,13
11315,12
11316,1
11318,5
11319,2
11321,5
11322,10
11324,3
11325,6
11328,11
11331,3
11332,1
11334,8
11335,7
11337,6
11338,10
11341,9
11344,7
11347,17
11348,4
11350,7
11351,3
11353,4
11354,6
11356,1
11357,5
11360,20
11363,7
11364,1
11366,16
11367,7
11369,3
11370,3
11372,4
11373,8
11376,10
11379,7
11380,2
11382,9
11383,6
11385,5
11386,9
11388,2
11389,3
11392,8
11395,5
11396,2
11398,11
11399,8
11401,4
11402,4
11404,3
11405,6
11408,9
11411,11
11412,2
11414,9
11415,5
11417,3
11418,10
11421,7
11424,6
11427,8
11428,3
11430,5
11431,4
11433,3
11434,4
11436,5
11437,7
11440,10
11443,11
11444,1
11446,4
11447,2
11449,5
11450,5
11452,1
11453,3
11456,13
11459,6
11460,1
11462,5
11463,2
11465,2
11466,5
11468,2
11469,7
11472,9
11475,6
11476,1
11478,5
11479,3
11481,3
11482,3
11485,4
11488,12
11491,6
11492,3
11494,4
11495,1
11497,1
11498,5
11500,2
11501,11
11504,10
11507,7
11508,5
11510,9
11511,5
11513,9
11514,6
11517,5
11520,6
11523,4
11526,1
11527,6
11529,1
11530,4
11533,3
11536,8
11539,6
11540,5
11542,4
11543,1
11545,3
11546,3
11548,1
11549,8
11552,14
11555,6
11558,6
11559,5
11562,3
11564,3
11565,4
11568,7
11571,6
11572,2
11574,3
11575,3
11577,4
11578,4
11580,1
11581,2
11584,4
11587,4
11588,1
11590,4
11591,3
11593,1
11594,3
11597,3
11600,5
11603,8
11604,1
11606,1
11607,2
11609,4
11610,5
11613,2
11616,5
11619,3
11622,3
11623,3
11625,2
11626,1
11628,1
11629,2
11632,7
11635,5
11636,2
11638,2
11639,3
11641,4
11642,4
11645,3
11648,3
11651,2
11652,4
11654,3
11657,3
11658,1
11660,3
11661,2
11664,7
11667,4
11671,2
11673,2
11674,4
11677,4
11680,4
11683,4
11687,1
11689,1
11693,3
11696,6
11699,1
11700,2
11703,1
11705,4
11706,3
11708,1
11709,3
11712,5
11715,4
11718,4
11719,1
11721,1
11725,2
11728,2
11731,3
11732,1
11734,3
11735,1
11738,4
11741,4
11744,4
11747,1
11750,2
11754,1
11756,1
11757,4
11760,2
11763,1
11767,1
11769,1
11770,1
11772,1
11773,1
11779,3
11783,1
11786,1
11788,1
11792,2
11795,1
11808,6
11811,2
11814,1
11815,2
11817,2
11818,2
11820,1
11821,1
11824,1
11827,1
11828,1
11831,1
11833,1
11834,1
11837,2
11843,4
11847,1
11850,1
11853,3
11856,3
11859,3
11862,1
11863,1
11865,1
11868,1
11869,1
11872,2
11875,4
11878,2
11879,1
11882,1
11885,1
11891,2
11894,2
11895,1
11898,2
11901,1
11904,2
11910,1
11913,1
11923,4
11924,1
11926,1
11927,2
11930,1
11936,3
11943,2
11949,4
11952,2
11955,2
11959,1
11962,1
11965,2
11968,3
11972,1
11975,1
11978,1
11981,3
11984,1
11987,3
11990,3
11991,1
11993,2
11997,1
12000,3
12003,1
12004,1
12006,2
12007,1
12019,2
12022,3
12025,4
12026,2
12035,1
12036,1
12038,3
12039,1
12041,1
12045,1
12048,1
12058,2
12064,1
12070,1
12074,1
12077,1
12080,1
12089,1
12093,1
12096,8
12099,2
12103,1
12105,1
12106,2
12109,3
12112,1
12115,3
12121,1
12128,3
12134,1
12141,5
12144,2
12147,3
12150,1
12153,1
12157,2
12160,2
12173,1
12176,1
12185,1
12192,1
12195,3
12198,1
12202,2
12204,2
12211,1
12215,1
12218,2
12224,2
12230,1
12233,1
12237,1
12240,2
12243,1
12244,1
12249,1
12253,1
12256,2
12259,1
12260,1
12262,1
12263,1
12269,1
12272,2
12275,3
12276,1
12278,1
12282,4
12288,2
12291,3
12294,1
12298,1
12301,1
12307,1
12313,1
12317,1
12326,1
12327,1
12330,1
12333,3
12336,1
12342,1
12343,1
12349,1
12356,1
12358,1
12359,1
12362,1
12365,1
12371,2
12372,3
12378,1
12384,3
12387,1
12391,2
12393,2
12394,1
12404,1
12406,1
12407,1
12409,1
12410,2
12416,1
12419,1
12423,1
12432,1
12435,1
12436,1
12442,2
12444,1
12448,2
12451,1
12452,1
12454,2
12455,1
12458,1
12460,2
12461,2
12464,1
12467,1
12468,1
12470,1
12473,1
12474,1
12480,2
12484,1
12487,1
12490,2
12492,1
12493,2
12500,2
12502,1
12509,2
12512,1
12519,1
12528,1
12531,3
12532,1
12537,1
12538,1
12541,1
12544,3
12547,2
12548,1
12550,2
12551,1
12557,3
12563,4
12570,3
12573,2
12586,1
12589,1
12592,1
12601,1
12617,1
12618,1
12620,1
12621,1
12624,1
12627,1
12633,2
12637,1
12640,2
12646,3
12647,2
12650,2
12653,1
12656,1
12659,4
12662,1
12663,1
12669,1
12672,4
12675,1
12678,2
12681,1
12685,2
12691,1
12692,1
12694,1
12698,1
12704,1
12707,2
12710,1
12711,1
12716,1
12723,1
12726,1
12730,2
12736,1
12739,1
12742,2
12743,1
12749,2
12755,1
12758,1
12759,1
12768,1
12771,1
12774,1
12775,1
12777,1
12781,1
12791,1
12793,1
12803,1
12807,1
12813,2
12823,1
12828,1
12832,1
12838,1
12839,1
12845,2
12848,4
12852,1
12861,2
12864,1
12867,1
12874,1
12880,1
12884,1
12886,4
12889,1
12893,1
12896,1
12899,1
12902,1
12903,1
12905,1
12909,1
12912,3
12915,1
12918,2
12922,1
12925,4
12931,2
12938,4
12948,1
12950,1
12954,1
12957,1
12963,2
12967,2
12970,1
12972,1
12973,2
12979,1
12982,1
12985,1
12986,1
12988,1
12992,2
12999,2
13005,1
13008,1
13012,2
13015,2
13018,1
13024,2
13034,1
13037,1
13050,1
13053,1
13056,3
13059,1
13063,2
13069,2
13081,2
13082,1
13088,1
13091,2
13098,1
13101,1
13104,1
13113,1
13114,1
13117,1
13120,2
13127,1
13130,1
13133,1
13136,1
13145,2
13152,2
13155,2
13158,1
13159,1
13161,1
13168,2
13172,1
13184,1
13187,1
13190,2
13191,1
13194,1
13197,2
13200,1
13209,1
13210,2
13212,1
13216,2
13222,1
13235,2
13238,2
13248,2
13251,2
13255,1
13258,1
13264,2
13273,1
13274,1
13283,1
13286,1
13289,1
13293,1
13296,1
13299,2
13308,1
13309,1
13312,1
13315,1
13318,1
13325,2
13328,1
13331,2
13332,1
13334,1
13338,1
13344,1
13347,3
13353,1
13356,2
13357,1
13363,2
13369,1
13370,2
13382,1
13383,1
13389,3
13392,1
13405,1
13408,2
13411,1
13414,1
13418,1
13421,3
13424,1
13436,1
13437,1
13446,1
13450,1
13452,1
13453,1
13456,2
13459,1
13465,1
13466,1
13468,1
13481,1
13488,1
13491,1
13497,2
13498,2
13504,2
13507,1
13510,1
13526,1
13527,1
13529,2
13539,1
13542,2
13543,2
13548,1
13549,1
13558,1
13562,1
13564,1
13568,3
13571,1
13581,2
13587,1
13593,1
13594,1
13600,1
13607,2
13609,1
13613,1
13619,2
13622,2
13641,1
13642,1
13651,1
13657,1
13658,1
13680,1
13684,1
13686,1
13696,1
13705,1
13706,1
13709,1
13715,3
13725,1
13728,1
13734,1
13735,1
13737,1
13741,2
13747,1
13763,3
13767,1
13789,1
13795,1
13799,1
13801,1
13805,2
13811,1
13818,1
13824,1
13843,3
13856,2
13862,1
13878,1
13882,1
13895,2
13901,2
13904,1
13907,1
13916,1
13917,1
13920,1
13926,2
13933,1
13939,1
13942,1
13945,1
13962,1
13965,1
13968,3
13971,1
13975,2
13980,1
13990,2
13991,1
14000,1
14003,1
14022,1
14023,1
14029,1
14035,1
14041,2
14042,1
14048,1
14054,1
14064,1
14067,1
14070,2
14071,1
14080,1
14093,1
14096,1
14103,1
14105,1
14109,1
14125,2
14128,2
14131,1
14137,1
14141,2
14144,1
14157,1
14160,1
14163,1
14164,1
14166,1
14170,1
14176,1
14182,1
14183,1
14199,1
14211,2
14214,2
14215,1
14217,2
14234,1
14237,1
14269,1
14272,1
14275,1
14278,1
14281,1
14294,1
14298,2
14310,2
14314,1
14317,1
14323,1
14326,1
14336,1
14339,1
14343,1
14346,1
14348,1
14362,2
14378,1
14381,1
14387,1
14388,1
14400,1
14407,1
14413,1
14416,1
14419,2
14425,1
14432,1
14435,1
14441,1
14452,1
14464,1
14474,1
14480,1
14484,1
14493,1
14496,2
14502,1
14518,1
14528,1
14531,1
14534,1
14538,1
14540,1
14544,1
14547,1
14551,1
14560,1
14586,1
14599,1
14617,1
14624,1
14659,1
14669,1
14672,1
14675,1
14682,2
14732,1
14758,1
14765,1
14794,1
14797,1
14813,1
14842,1
14845,1
14855,1
14864,1
14880,1
14889,1
14909,1
14951,1
14976,1
14980,1
14986,1
15001,1
15014,1
15056,1
15059,2
15060,1
15069,1
15111,1
15146,1
15152,1
15155,1
15190,1
15200,1
15216,1
15225,1
15226,1
15245,1
15248,1
15254,1
15267,1
15268,1
15273,1
15277,1
15284,1
15296,1
15309,1
15319,1
15321,1
15353,1
15360,1
15370,1
15379,1
15398,1
15405,1
15440,1
15456,1
15469,1
15479,1
15482,1
15485,2
15500,1
15504,1
15517,1
15520,1
15542,1
15552,1
15574,1
15581,1
15604,1
15609,1
15629,1
15677,1
15725,1
15728,1
15737,1
15747,1
15776,1
15779,1
15850,1
15878,1
15891,1
15894,1
15907,1
15933,1
15952,1
15958,1
15978,1
16016,2
16020,1
16032,1
16096,1
16109,1
16112,1
16115,1
16121,1
16125,1
16131,1
16144,1
16176,1
16185,1
16186,1
16189,1
16205,1
16249,1
16275,1
16281,1
16285,1
16301,1
16308,1
16327,2
16359,1
16371,1
16374,2
16381,1
16432,1
16439,1
16445,1
16451,1
16505,1
16515,1
16544,2
16554,1
16582,1
16601,1
16608,1
16631,1
16659,1
16662,1
16698,1
16704,1
16714,1
16729,1
16742,1
16743,1
16745,1
16759,1
16768,1
16771,1
16787,1
16797,1
16800,3
16813,1
16857,1
16870,1
16877,1
16909,1
16915,1
16918,1
16925,1
16934,1
16944,1
16956,1
16967,1
16979,1
16989,1
16998,1
17002,1
17024,1
17040,1
17046,1
17059,1
17110,1
17113,1
17127,1
17130,1
17149,1
17159,1
17162,1
17190,1
17222,1
17255,1
17268,1
17274,1
17287,1
17296,1
17299,1
17306,1
17328,1
17350,1
17379,1
17389,1
17398,1
17421,2
17488,1
17513,1
17514,1
17606,1
17616,1
17622,1
17632,1
17645,1
17648,1
17652,1
17658,1
17677,1
17702,2
17721,2
17728,1
17751,1
17754,1
17770,1
17782,1
17786,1
17815,1
17824,2
17844,1
17847,1
17859,1
17862,1
17901,1
17927,1
17945,1
17946,1
17955,1
17962,1
17965,1
17971,1
17981,1
18048,1
18060,1
18068,1
18080,1
18096,1
18141,1
18151,1
18170,2
18176,1
18192,1
18196,1
18221,2
18240,1
18250,1
18253,1
18259,1
18263,1
18275,1
18278,1
18288,1
18294,1
18304,1
18336,1
18359,1
18381,1
18384,1
18441,1
18448,1
18503,1
18515,1
18522,1
18544,1
18547,1
18566,1
18582,1
18589,1
18595,2
18634,1
18653,1
18681,1
18701,2
18714,1
18726,1
18733,2
18736,1
18755,1
18765,1
18771,1
18784,1
18797,2
18819,1
18822,1
18836,1
18842,1
18902,1
18915,1
18919,1
18928,1
18956,1
18957,1
18972,1
18980,1
18985,1
19027,1
19034,1
19084,1
19092,1
19107,1
19152,1
19229,1
19268,1
19280,1
19286,1
19287,1
19312,1
19331,1
19344,1
19351,1
19369,1
19382,1
19386,1
19421,1
19430,1
19433,2
19440,2
19443,1
19446,2
19482,2
19497,1
19513,1
19514,1
19532,1
19533,1
19536,1
19558,1
19584,1
19591,1
19594,1
19597,1
19603,2
19610,1
19622,1
19629,1
19638,1
19642,1
19644,1
19648,1
19654,1
19660,1
19673,1
19674,1
19680,1
19699,1
19715,1
19725,1
19747,1
19750,1
19763,1
19779,1
19801,1
19853,1
19862,1
19917,1
19945,1
19961,1
19991,1
20016,1
20019,2
20025,1
20044,1
20083,1
20153,1
20160,1
20172,1
20176,1
20214,1
20240,1
20244,1
20278,1
20281,1
20301,1
20304,2
20336,3
20342,1
20346,1
20365,1
20384,1
20390,1
20429,1
20442,1
20458,1
20477,1
20524,1
20544,1
20557,1
20588,2
20611,1
20640,1
20659,1
20666,1
20669,1
20672,1
20691,1
20704,3
20730,1
20752,1
20768,1
20820,1
20832,1
20864,1
20867,1
20890,2
20903,2
20941,1
20960,1
20970,1
20992,1
20995,1
21011,1
21040,1
21044,1
21050,1
21068,1
21072,1
21075,1
21088,2
21091,1
21098,1
21120,1
21124,1
21184,1
21251,2
21255,1
21267,1
21280,1
21289,1
21316,1
21318,1
21328,1
21373,1
21376,1
21382,1
21414,1
21421,1
21501,1
21514,1
21529,1
21556,1
21594,1
21600,1
21606,1
21610,1
21632,1
21655,1
21712,1
21715,1
21734,1
21741,1
21757,1
21763,1
21766,2
21769,1
21782,1
21824,1
21836,1
21844,1
21856,1
21860,1
21901,1
21908,1
21933,1
21949,1
22003,1
22019,2
22026,1
22028,1
22039,1
22057,1
22090,1
22093,1
22106,1
22115,1
22166,1
22170,1
22176,1
22179,1
22224,2
22243,1
22250,1
22256,1
22352,1
22358,1
22371,1
22416,1
22425,1
22429,2
22438,1
22470,2
22499,1
22506,1
22528,1
22541,1
22550,1
22573,1
22621,2
22681,1
22688,1
22695,1
22698,1
22717,1
22746,1
22758,1
22764,1
22778,1
22784,1
22819,1
22826,1
22845,1
22867,2
22873,1
22893,1
22909,1
22928,1
22941,1
22944,1
22976,1
23021,1
23024,1
23031,1
23043,1
23050,1
23052,1
23085,1
23098,1
23101,1
23107,1
23114,1
23124,1
23126,1
23130,1
23156,1
23171,1
23200,1
23210,1
23216,1
23222,1
23296,2
23299,1
23315,1
23324,1
23354,1
23360,1
23385,1
23392,1
23427,1
23447,1
23449,1
23462,1
23466,2
23507,1
23520,1
23526,1
23639,1
23676,1
23684,1
23699,1
23728,1
23731,1
23750,1
23772,1
23959,1
23961,1
24009,1
24036,1
24055,1
24096,1
24100,1
24103,2
24115,1
24125,1
24150,1
24153,1
24163,2
24170,1
24182,1
24189,1
24198,1
24279,1
24282,1
24304,1
24317,1
24368,1
24374,1
24394,1
24416,2
24422,1
24423,1
24425,1
24454,1
24461,1
24492,1
24512,1
24544,1
24547,1
24554,1
24560,1
24592,1
24640,1
24643,1
24701,1
24720,1
24749,1
24752,1
24762,1
24768,1
24771,1
24775,1
24787,1
24800,1
24810,1
24835,1
24861,1
24864,1
24890,1
24925,1
24931,1
24934,1
24980,1
25005,1
25031,1
25113,1
25162,1
25168,1
25184,1
25187,1
25204,1
25206,1
25216,1
25222,1
25238,1
25251,2
25254,1
25258,1
25267,2
25283,1
25286,1
25290,1
25322,1
25335,1
25366,1
25370,1
25379,1
25392,1
25402,1
25433,1
25466,1
25475,1
25479,1
25485,1
25523,1
25524,1
25526,1
25571,1
25581,1
25610,1
25616,1
25629,1
25638,1
25642,1
25655,1
25668,1
25716,1
25740,1
25747,1
25760,1
25767,1
25779,1
25788,1
25801,1
25811,1
25812,1
25824,1
25866,1
25878,1
25881,1
25892,1
25904,1
25936,1
25958,1
26016,1
26020,1
26042,1
26054,1
26080,1
26086,2
26112,1
26122,2
26141,1
26154,1
26182,1
26189,1
26198,1
26218,1
26297,1
26314,1
26343,1
26348,1
26356,1
26368,1
26387,1
26419,1
26451,1
26470,1
26473,1
26522,1
26560,1
26566,1
26659,1
26681,1
26695,1
26697,1
26708,1
26723,2
26727,1
26733,1
26761,1
26777,1
26787,1
26861,1
26867,1
26906,1
26947,1
26960,1
26995,1
27018,1
27021,1
27043,1
27068,1
27072,1
27091,1
27129,2
27155,1
27178,1
27248,1
27290,1
27331,1
27338,1
27341,1
27357,1
27366,1
27389,1
27392,1
27465,1
27488,1
27500,1
27520,1
27536,1
27597,1
27609,3
27626,1
27638,1
27668,1
27680,2
27693,1
27696,1
27706,1
27716,1
27760,1
27766,1
27808,1
27824,1
27827,1
27844,1
27853,1
27878,1
27885,1
27917,1
27930,1
27939,1
27968,1
28000,1
28016,1
28035,1
28164,1
28189,1
28208,1
28227,1
28244,1
28246,1
28249,1
28253,2
28256,1
28263,1
28288,1
28320,1
28374,1
28394,1
28422,1
28429,1
28464,1
28518,1
28547,1
28566,1
28569,1
28573,1
28605,1
28653,1
28663,1
28698,1
28716,1
28736,1
28771,1
28774,1
28780,1
28784,1
28790,1
28803,2
28819,1
28826,1
28832,1
28873,1
28906,1
28918,1
28973,1
28999,1
29014,1
29024,1
29037,1
29053,1
29065,1
29088,1
29108,1
29124,1
29136,1
29209,1
29222,1
29235,1
29238,1
29239,1
29283,1
29293,2
29300,1
29312,2
29316,1
29331,1
29334,1
29335,1
29337,1
29344,1
29354,1
29376,1
29380,1
29382,1
29402,1
29427,1
29459,1
29462,1
29475,1
29485,1
29510,1
29561,1
29574,1
29609,1
29612,1
29616,1
29620,1
29626,1
29642,1
29651,1
29664,2
29668,1
29677,1
29699,1
29706,1
29715,1
29734,1
29748,1
29754,1
29763,1
29770,1
29795,1
29799,1
29805,1
29824,1
29836,1
29840,1
29863,1
29888,1
29907,2
29910,1
29949,1
29955,1
29962,1
29968,1
29997,1
30003,1
30035,1
30044,1
30061,1
30064,1
30077,1
30102,2
30138,1
30147,1
30154,1
30173,1
30195,1
30237,1
30240,1
30298,1
30336,1
30400,1
30426,1
30445,1
30490,1
30496,1
30524,1
30560,2
30585,2
30611,1
30618,1
30634,1
30662,1
30704,1
30707,1
30733,1
30784,1
30809,1
30836,1
30848,1
30851,1
30886,1
30889,1
30919,1
30931,1
30932,1
30941,1
30960,1
30976,1
30979,1
31027,1
31075,1
31116,1
31133,1
31136,1
31193,1
31207,1
31228,1
31252,1
31293,1
31318,1
31411,2
31462,1
31488,1
31491,1
31497,1
31542,1
31584,1
31594,1
31639,1
31667,1
31687,1
31693,1
31722,1
31750,1
31751,1
31782,1
31783,1
31834,2
31843,1
31856,3
31866,1
31894,1
31895,1
31914,1
31939,1
31943,1
31965,1
31971,1
31974,1
31984,1
31993,1
31994,1
32004,1
32038,1
32058,1
32074,1
32157,1
32160,1
32208,1
32211,1
32221,1
32227,1
32234,1
32265,1
32288,1
32295,1
32304,1
32310,1
32323,1
32352,1
32355,1
32374,1
32378,1
32387,1
32412,1
32416,1
32426,1
32448,1
32470,1
32499,1
32554,1
32560,1
32595,1
32617,1
32631,1
32653,2
32672,1
32682,1
32697,1
32704,1
32759,1
32775,1
32797,1
32807,1
32842,1
32855,1
32857,1
32890,1
32918,1
32921,1
32925,1
32957,1
32960,1
32964,1
32979,1
32982,1
33050,1
33056,1
33065,1
33075,1
33104,1
33111,1
33123,1
33136,1
33146,2
33225,1
33248,1
33254,1
33264,1
33315,1
33322,1
33328,1
33382,1
33440,1
33527,1
33546,2
33549,1
33574,1
33597,1
33651,1
33683,1
33696,1
33728,1
33740,1
33773,1
33776,1
33779,1
33792,1
33818,1
33827,1
33850,1
33869,1
33888,1
33916,1
33923,1
33958,1
33965,1
33968,1
33974,1
33984,1
33987,1
34000,1
34003,1
34016,1
34019,1
34041,1
34055,1
34068,1
34084,1
34092,1
34118,1
34124,1
34157,1
34160,1
34167,1
34173,1
34179,1
34205,1
34247,1
34301,1
34310,1
34314,1
34355,1
34361,1
34374,1
34377,2
34406,1
34426,1
34429,1
34432,1
34458,1
34474,1
34483,1
34493,1
34512,1
34537,1
34554,1
34560,1
34579,1
34605,1
34646,1
34672,1
34675,1
34678,1
34692,1
34739,1
34755,1
34765,1
34774,1
34777,1
34800,1
34839,1
34857,1
34925,1
34967,1
34970,1
34973,1
34988,1
35012,1
35024,1
35046,1
35056,1
35101,1
35139,1
35152,1
35155,2
35164,1
35191,1
35206,1
35212,1
35220,1
35245,1
35251,2
35258,1
35277,1
35293,1
35312,1
35331,1
35354,1
35414,1
35466,1
35475,1
35491,1
35516,1
35526,1
35552,1
35555,1
35593,1
35619,1
35626,1
35642,1
35648,1
35651,1
35661,1
35677,1
35696,1
35716,1
35724,1
35734,1
35744,1
35773,1
35779,1
35847,1
35853,2
35862,1
35866,2
35894,1
35898,1
35910,1
35943,1
35961,1
35984,1
36029,1
36045,1
36060,1
36064,1
36073,1
36077,1
36100,1
36109,1
36112,1
36227,1
36237,1
36256,1
36266,1
36285,1
36358,1
36422,1
36429,1
36448,1
36452,1
36455,1
36458,1
36474,1
36528,2
36550,1
36560,1
36570,1
36605,1
36633,1
36634,1
36662,1
36675,1
36707,1
36733,1
36749,1
36756,1
36761,1
36787,1
36788,1
36794,2
36803,1
36813,1
36822,1
36823,1
36835,1
36842,1
36880,1
36883,1
36932,1
36950,1
36973,1
37017,1
37043,1
37050,1
37142,1
37148,1
37149,1
37184,1
37187,1
37194,1
37206,1
37213,1
37251,1
37261,1
37293,1
37305,1
37325,1
37328,1
37347,1
37363,1
37376,1
37379,1
37395,1
37408,1
37424,1
37431,1
37433,1
37453,1
37476,1
37485,1
37507,1
37574,1
37587,1
37590,1
37600,1
37616,1
37632,1
37732,1
37740,1
37741,1
37748,1
37769,1
37773,1
37782,1
37827,1
37837,1
37843,1
37866,1
37875,1
37882,1
37920,1
37945,1
37971,1
37975,1
38003,1
38010,1
38051,1
38068,1
38093,1
38102,2
38121,1
38186,1
38205,1
38285,1
38317,1
38323,1
38336,1
38355,1
38358,2
38380,1
38403,2
38432,1
38477,1
38496,1
38502,1
38522,1
38573,1
38595,1
38611,1
38618,1
38624,1
38647,1
38656,1
38678,1
38736,1
38749,1
38764,1
38790,1
38800,1
38816,1
38825,1
38832,1
38836,1
38855,1
38870,1
38873,1
38886,1
38899,1
38906,1
38912,2
38921,1
38931,1
39008,1
39034,1
39050,1
39053,1
39091,1
39149,1
39187,1
39191,1
39200,1
39206,1
39216,1
39219,1
39258,1
39261,1
39280,1
39283,1
39286,1
39308,1
39309,1
39332,2
39334,1
39340,2
39341,1
39372,1
39386,1
39392,1
39446,1
39516,1
39590,1
39591,1
39597,1
39616,1
39639,1
39654,2
39667,3
39683,1
39699,2
39725,1
39754,1
39763,2
39764,1
39776,1
39779,1
39795,1
39796,1
39824,1
39834,1
39837,1
39910,1
39971,1
39975,2
39988,1
40003,1
40019,1
40048,2
40054,1
40061,1
40077,1
40080,1
40109,1
40115,1
40116,1
40144,1
40156,1
40157,1
40163,1
40173,1
40185,1
40192,1
40199,1
40204,1
40212,1
40221,1
40275,1
40320,1
40326,1
40336,1
40358,1
40378,1
40409,1
40423,1
40477,1
40509,1
40534,1
40569,1
40582,1
40595,1
40621,1
40646,1
40678,1
40736,1
40743,1
40800,1
40807,1
40813,1
40832,1
40902,1
40909,1
40912,2
40915,1
40928,1
40941,1
40953,1
40954,1
40979,1
40985,1
41011,1
41021,1
41056,2
41059,1
41063,1
41085,1
41088,2
41094,1
41095,1
41101,1
41107,1
41120,1
41126,1
41146,1
41155,1
41168,1
41181,1
41187,1
41200,1
41229,1
41242,1
41260,1
41264,2
41267,1
41289,1
41290,1
41325,1
41341,1
41383,1
41389,1
41398,1
41411,1
41434,1
41469,1
41482,1
41504,2
41511,1
41520,1
41539,1
41561,1
41562,1
41578,1
41587,1
41689,1
41708,1
41728,1
41744,1
41757,1
41766,1
41779,1
41785,1
41821,1
41827,1
41862,1
41872,1
41875,1
41888,1
41904,1
41910,1
41920,1
41929,1
41939,1
41949,1
41958,1
41962,2
42000,1
42013,1
42032,1
42054,1
42060,1
42061,2
42064,1
42068,1
42080,3
42086,3
42118,1
42119,2
42141,1
42144,1
42150,1
42195,1
42217,1
42224,1
42227,1
42246,1
42275,1
42291,1
42295,1
42317,1
42323,1
42324,1
42333,1
42355,1
42400,1
42425,1
42439,1
42455,1
42457,1
42477,2
42496,1
42505,1
42509,1
42547,1
42548,1
42560,1
42567,1
42572,1
42604,1
42605,1
42633,1
42666,1
42679,1
42701,1
42791,1
42797,1
42848,1
42860,1
42861,1
42874,2
42883,1
42905,1
42944,1
42947,1
42963,1
42989,1
43044,1
43046,1
43062,1
43088,1
43104,2
43107,1
43110,1
43127,1
43152,1
43159,1
43162,1
43168,1
43187,1
43191,1
43209,1
43226,1
43273,1
43306,1
43328,1
43431,1
43433,1
43463,1
43494,1
43500,1
43507,1
43520,2
43526,2
43527,1
43533,1
43552,1
43562,1
43571,1
43619,1
43635,1
43645,1
43652,1
43664,1
43670,1
43677,1
43680,1
43693,1
43703,1
43718,1
43735,1
43741,1
43795,1
43798,1
43824,1
43856,1
43878,1
43898,1
43943,1
43946,1
43981,2
43988,1
44003,1
44010,1
44038,1
44084,1
44092,1
44093,1
44109,2
44132,1
44134,2
44160,1
44182,1
44196,1
44208,1
44211,1
44218,1
44269,1
44285,2
44288,1
44304,1
44330,1
44355,1
44371,1
44387,1
44391,1
44416,1
44422,1
44429,1
44461,1
44477,1
44483,1
44496,1
44505,1
44534,1
44557,1
44598,2
44602,1
44608,1
44637,1
44688,1
44707,1
44740,1
44749,1
44762,1
44775,1
44793,1
44826,1
44852,1
44871,1
44884,1
44890,1
44921,1
44972,1
44979,1
45027,1
45063,1
45066,1
45088,1
45101,1
45120,1
45123,2
45127,1
45165,1
45171,1
45177,1
45207,1
45216,3
45223,1
45235,1
45241,1
45242,1
45245,1
45261,1
45267,1
45290,2
45309,1
45344,2
45356,1
45383,1
45395,1
45402,1
45412,1
45447,1
45459,1
45497,1
45501,1
45510,1
45523,1
45546,1
45549,1
45562,1
45571,1
45632,2
45638,1
45654,1
45658,1
45670,1
45693,1
45702,1
45709,1
45738,1
45744,1
45754,1
45773,1
45795,1
45805,1
45817,1
45847,1
45882,1
45901,1
45904,1
45961,1
45968,1
45984,1
45997,2
46004,1
46006,1
46055,1
46083,1
46106,1
46115,1
46118,1
46119,1
46173,1
46182,1
46199,1
46221,1
46253,1
46329,1
46355,1
46375,1
46384,1
46390,1
46397,2
46413,1
46426,1
46464,1
46480,1
46483,1
46540,1
46573,1
46586,1
46611,1
46614,1
46663,1
46666,1
46688,1
46698,1
46736,2
46755,1
46790,1
46803,1
46873,1
46900,1
46906,1
46908,1
46912,1
46944,1
46947,1
46950,1
46970,1
46986,1
47008,1
47024,1
47027,1
47065,1
47072,2
47088,1
47094,1
47143,1
47162,1
47177,1
47181,1
47193,1
47206,1
47212,1
47232,1
47245,1
47283,1
47300,1
47357,1
47408,1
47443,1
47460,1
47469,1
47472,1
47475,2
47479,1
47481,1
47485,1
47533,1
47536,1
47545,1
47568,1
47575,2
47616,1
47635,1
47638,1
47648,1
47660,1
47696,1
47705,1
47722,1
47728,1
47792,1
47805,1
47862,1
47891,1
47897,1
47901,1
47904,1
47936,2
47952,1
47961,1
47965,1
47975,1
47991,1
48003,2
48006,1
48016,1
48035,1
48051,1
48170,1
48173,1
48186,1
48237,1
48269,1
48279,1
48298,1
48301,1
48333,1
48352,1
48371,1
48384,1
48400,1
48413,1
48425,1
48480,1
48499,1
48522,1
48547,1
48550,1
48589,1
48608,2
48611,1
48618,1
48643,1
48653,1
48662,1
48666,1
48682,1
48684,1
48694,1
48717,1
48736,1
48768,1
48806,2
48813,1
48819,1
48826,1
48839,1
48848,1
48896,1
48909,1
48941,1
48960,1
48985,1
48995,1
49011,1
49012,1
49015,1
49024,1
49030,1
49047,1
49065,1
49072,1
49120,1
49184,1
49190,1
49242,1
49267,1
49290,1
49305,1
49360,1
49364,1
49379,2
49392,1
49405,1
49430,2
49440,1
49459,1
49498,1
49523,1
49526,3
49530,1
49542,1
49578,1
49594,1
49597,1
49626,1
49638,1
49651,2
49690,1
49753,1
49757,1
49808,1
49860,1
49948,1
50016,1
50029,1
50042,1
50071,1
50093,1
50141,1
50156,1
50185,1
50201,1
50227,1
50253,1
50259,2
50275,1
50285,1
50292,1
50311,1
50320,1
50326,1
50327,1
50349,1
50352,1
50355,2
50362,1
50506,1
50560,1
50566,1
50583,1
50615,1
50621,1
50675,1
50682,1
50714,1
50729,1
50736,1
50752,1
50755,1
50768,1
50790,1
50800,1
50813,1
50864,1
50867,1
50880,1
50893,2
50950,1
50960,1
50986,1
50988,1
50999,1
51031,1
51040,1
51056,1
51088,1
51095,1
51123,1
51145,1
51146,1
51200,1
51216,1
51242,1
51258,1
51270,1
51312,1
51360,1
51414,2
51415,2
51421,1
51446,1
51456,1
51463,1
51478,1
51481,1
51488,1
51495,1
51507,1
51513,2
51533,1
51574,1
51581,1
51680,1
51722,1
51747,1
51751,1
51766,1
51769,1
51770,1
51795,1
51830,1
51846,1
51904,1
51933,1
51943,1
51945,1
51968,1
52003,1
52016,1
52032,2
52054,1
52064,1
52070,1
52096,1
52099,1
52128,1
52147,1
52157,1
52192,1
52208,1
52217,1
52246,1
52256,1
52262,1
52281,1
52294,1
52339,1
52365,1
52371,1
52377,1
52390,1
52391,1
52393,1
52400,1
52422,1
52445,1
52460,2
52473,1
52515,1
52518,1
52522,2
52532,1
52547,1
52551,1
52595,1
52615,1
52653,1
52669,1
52698,1
52730,2
52765,1
52768,1
52800,1
52804,1
52825,1
52836,1
52838,2
52842,1
52851,1
52858,1
52876,1
52896,1
52934,1
52950,1
52953,1
52963,1
52979,2
52988,1
53024,1
53037,1
53078,1
53094,1
53130,1
53140,1
53181,2
53200,1
53207,1
53229,1
53254,1
53255,1
53284,1
53292,1
53293,1
53306,1
53318,1
53331,1
53334,1
53347,1
53357,1
53366,1
53408,1
53411,1
53412,1
53433,1
53450,1
53472,1
53482,1
53485,1
53507,2
53539,1
53571,1
53574,1
53584,1
53587,1
53591,1
53635,1
53639,1
53651,1
53690,1
53699,1
53718,1
53728,1
53731,1
53754,1
53763,2
53766,1
53783,1
53789,1
53808,1
53814,1
53875,1
53894,1
53900,1
53904,1
53917,1
53927,1
53939,1
53962,1
53971,1
53997,1
54070,1
54087,1
54131,1
54208,1
54230,1
54233,1
54260,1
54368,1
54375,1
54400,1
54413,1
54425,1
54432,1
54474,1
54505,1
54538,1
54617,1
54630,1
54663,1
54669,1
54688,1
54739,1
54749,1
54758,1
54765,1
54778,1
54784,1
54793,1
54800,1
54803,1
54826,2
54829,1
54845,1
54867,1
54880,1
54924,1
54925,1
54960,1
54986,1
55014,1
55030,1
55049,1
55053,1
55075,1
55081,1
55091,1
55117,1
55158,1
55168,1
55174,1
55216,1
55232,2
55248,1
55251,1
55254,1
55255,1
55283,1
55299,1
55309,1
55316,1
55319,1
55331,1
55347,1
55360,1
55379,2
55389,1
55405,1
55497,1
55507,1
55529,1
55530,1
55533,1
55542,1
55565,1
55580,1
55584,1
55638,1
55683,1
55699,1
55706,1
55716,1
55718,1
55722,1
55756,1
55764,1
55772,1
55773,1
55776,1
55783,1
55796,1
55799,1
55801,1
55840,2
55844,1
55853,1
55868,1
55881,1
55898,1
55904,1
55949,1
56004,1
56006,1
56044,1
56071,1
56073,1
56074,1
56080,2
56109,1
56137,1
56147,1
56170,1
56176,1
56227,2
56263,1
56333,1
56339,1
56345,1
56365,1
56371,1
56396,1
56502,1
56551,2
56588,1
56621,1
56627,1
56649,1
56701,1
56752,1
56768,1
56778,1
56816,1
56822,1
56832,1
56845,1
56858,1
56908,1
56934,1
56973,1
56982,1
56998,1
57044,1
57082,1
57171,1
57204,1
57222,1
57236,1
57242,1
57245,2
57293,1
57299,1
57332,1
57354,1
57376,1
57385,1
57386,1
57414,1
57472,1
57479,1
57497,1
57498,1
57552,1
57575,1
57645,1
57648,1
57664,1
57671,1
57702,1
57715,1
57741,1
57792,1
57821,1
57837,1
57840,1
57850,1
57885,2
57965,1
58028,1
58045,1
58086,1
58121,1
58125,1
58137,1
58144,2
58192,2
58202,1
58208,1
58218,1
58233,1
58284,1
58288,1
58292,1
58327,1
58371,1
58384,1
58391,1
58454,1
58484,1
58486,1
58525,1
58528,1
58579,1
58601,1
58630,1
58640,1
58644,1
58650,1
58682,1
58704,1
58708,1
58720,1
58797,1
58825,1
58854,1
58857,1
58886,1
58892,1
58918,1
58922,2
58931,1
58963,1
59033,1
59072,1
59075,1
59078,1
59117,1
59142,1
59146,1
59155,1
59168,1
59225,1
59239,1
59248,1
59273,1
59303,1
59312,1
59347,1
59360,1
59366,1
59421,1
59481,1
59533,1
59548,1
59549,1
59568,1
59597,1
59622,1
59642,1
59660,1
59667,1
59687,1
59690,1
59705,1
59722,1
59795,1
59805,1
59820,1
59856,1
59901,1
59930,1
59955,1
59968,2
59987,1
59994,1
60003,1
60009,1
60035,1
60051,1
60077,1
60086,1
60090,1
60092,1
60102,1
60141,1
60163,1
60170,1
60188,1
60240,1
60250,1
60324,1
60362,1
60365,2
60377,1
60396,1
60403,1
60416,1
60506,1
60548,1
60560,1
60563,1
60570,1
60582,1
60596,1
60637,1
60691,1
60700,1
60704,2
60710,1
60711,1
60714,1
60726,2
60729,1
60743,1
60755,1
60768,1
60787,1
60873,1
60883,1
60886,1
60889,1
60921,1
60924,1
60947,1
60963,1
60998,1
61033,1
61050,1
61066,1
61097,1
61104,1
61114,1
61123,2
61152,1
61159,1
61171,1
61180,1
61200,1
61222,1
61226,1
61255,1
61277,1
61280,2
61332,1
61347,1
61350,1
61376,2
61414,1
61421,1
61497,1
61498,1
61501,1
61548,1
61584,1
61587,1
61594,1
61600,1
61610,1
61619,1
61638,1
61639,1
61645,1
61673,1
61677,1
61680,1
61683,1
61702,1
61712,1
61725,1
61732,1
61744,1
61753,1
61760,1
61792,2
61814,1
61818,1
61859,1
61959,1
62000,1
62016,1
62048,1
62055,1
62061,1
62077,1
62099,1
62105,1
62138,1
62147,1
62150,1
62160,1
62172,1
62186,1
62211,1
62214,1
62230,1
62253,2
62272,1
62285,2
62311,1
62317,1
62346,1
62355,1
62374,1
62375,1
62432,2
62442,1
62487,1
62515,1
62554,1
62560,1
62573,1
62634,1
62636,1
62672,1
62685,1
62701,1
62713,1
62761,1
62775,1
62796,1
62822,1
62892,1
62905,1
62924,1
62970,1
62988,1
63046,1
63092,1
63095,1
63117,1
63142,1
63168,2
63196,1
63219,1
63229,1
63270,1
63286,1
63293,1
63319,1
63379,1
63411,1
63424,1
63437,2
63440,1
63443,1
63488,2
63572,1
63590,1
63651,1
63658,1
63677,1
63689,1
63699,1
63702,1
63722,1
63732,1
63756,1
63763,1
63796,1
63828,1
63837,1
63875,1
63891,1
63900,1
63911,1
63914,1
63942,1
63955,1
63959,1
63965,1
63981,1
63984,2
64032,1
64039,1
64044,2
64064,1
64067,1
64125,1
64135,1
64166,1
64180,1
64192,2
64195,1
64218,1
64233,1
64237,1
64266,1
64282,1
64301,1
64320,1
64326,1
64340,1
64371,1
64503,1
64515,1
64522,1
64528,1
64538,1
64544,1
64592,1
64602,1
64605,2
64628,2
64653,1
64710,1
64717,1
64727,1
64730,1
64752,1
64761,1
64765,1
64791,2
64813,1
64835,1
64836,1
64839,1
64852,1
64873,1
64889,1
64890,1
64953,1
64995,1
65044,1
65066,1
65088,1
65094,1
65113,1
65143,1
65225,1
65229,1
65245,1
65267,1
65280,1
65290,1
65306,1
65325,1
65334,1
65344,1
65353,1
65379,1
65395,1
65398,1
65404,1
65408,2
65421,1
65427,1
65450,1
65472,1
65494,1
65507,1
65514,1
65536,1
65558,1
65577,1
65625,1
65626,1
65636,1
65696,1
65699,1
65722,1
65782,2
65786,1
65814,1
65843,1
65853,1
65862,1
65872,1
65904,1
65907,1
65917,1
65959,1
65965,1
65990,1
65997,1
66003,1
66016,1
66041,1
66051,1
66052,1
66061,1
66070,1
66102,1
66103,1
66154,1
66186,1
66214,1
66233,1
66253,1
66272,1
66288,1
66294,2
66333,1
66339,2
66355,1
66359,1
66377,1
66381,1
66393,1
66413,1
66423,1
66432,1
66480,2
66496,1
66502,1
66503,1
66519,1
66537,1
66541,1
66544,2
66579,1
66650,1
66675,1
66694,1
66733,1
66756,1
66771,1
66832,2
66848,1
66902,1
66912,1
66919,1
66944,1
66953,1
66980,1
66999,1
67014,1
67040,2
67050,1
67091,1
67123,1
67127,1
67139,1
67148,1
67152,1
67159,1
67168,1
67174,1
67181,1
67188,1
67203,1
67252,1
67257,1
67258,1
67353,1
67414,1
67440,1
67463,1
67488,1
67491,1
67500,1
67507,1
67526,1
67533,1
67584,1
67597,1
67600,1
67658,1
67692,1
67693,1
67798,1
67833,1
67859,1
67869,1
67875,1
67885,1
67898,1
67901,1
67949,1
67968,1
67996,1
68006,1
68023,1
68045,1
68051,1
68055,1
68057,1
68061,1
68115,1
68135,1
68150,1
68192,2
68211,1
68230,1
68237,1
68250,1
68333,1
68340,1
68345,1
68362,2
68364,1
68365,1
68381,1
68423,1
68432,1
68474,1
68493,1
68518,1
68519,1
68538,1
68556,1
68573,3
68595,1
68602,1
68646,1
68665,1
68736,1
68761,1
68765,1
68768,1
68800,2
68804,1
68845,1
68896,1
68900,1
68909,1
68915,1
68916,2
68937,1
69008,2
69037,1
69126,1
69129,1
69171,1
69181,1
69187,1
69219,1
69300,1
69308,1
69386,1
69392,2
69421,1
69424,1
69430,1
69440,1
69469,1
69491,1
69533,1
69549,1
69632,2
69638,1
69645,1
69683,1
69690,1
69712,1
69756,1
69757,1
69772,1
69815,1
69818,1
69875,2
69945,1
69946,1
69978,1
69981,1
69990,1
70000,1
70020,1
70022,1
70029,2
70035,1
70061,1
70068,1
70103,1
70116,1
70182,1
70205,1
70221,1
70291,1
70310,2
70358,1
70374,1
70419,1
70422,1
70423,1
70429,1
70432,1
70445,1
70454,1
70470,1
70500,1
70541,1
70547,2
70566,1
70570,1
70572,1
70630,1
70704,2
70726,1
70739,1
70771,1
70794,1
70858,1
70871,1
70877,1
70887,2
70944,1
70970,1
70983,1
70998,1
71049,1
71069,1
71110,1
71130,1
71139,1
71155,1
71165,1
71174,1
71181,1
71206,1
71271,1
71277,1
71280,1
71296,1
71312,1
71318,1
71325,1
71344,1
71418,1
71437,2
71462,1
71463,1
71469,1
71475,1
71485,1
71513,1
71514,1
71588,1
71597,1
71676,1
71702,1
71712,1
71722,1
71724,1
71740,1
71744,1
71750,1
71811,1
71827,1
71834,1
71840,1
71846,1
71901,1
71907,1
71939,1
71971,1
72013,2
72019,1
72045,1
72080,1
72112,1
72122,2
72166,1
72182,1
72185,1
72192,1
72269,1
72288,1
72314,1
72348,1
72352,1
72368,1
72429,1
72458,1
72487,1
72512,1
72532,1
72563,1
72566,1
72586,1
72627,1
72653,1
72665,1
72691,1
72729,1
72733,1
72749,1
72832,1
72842,1
72845,1
72874,1
72883,1
72938,1
72941,1
72960,1
72963,1
72970,1
72976,1
72979,1
73043,1
73104,1
73124,1
73130,1
73139,1
73142,1
73149,1
73162,1
73196,1
73197,1
73213,1
73238,1
73273,1
73290,1
73293,1
73306,1
73328,1
73399,1
73408,1
73485,1
73497,1
73504,1
73514,1
73533,1
73549,2
73558,1
73562,1
73568,1
73584,2
73600,1
73635,1
73645,1
73683,1
73722,1
73735,1
73754,1
73773,1
73779,1
73834,1
73837,1
73843,1
73856,1
73862,1
73885,1
73897,1
73907,1
73911,1
73936,1
74000,1
74067,2
74096,1
74106,1
74147,1
74192,1
74227,1
74240,1
74330,1
74342,1
74352,1
74362,1
74365,1
74380,1
74409,1
74410,1
74432,1
74438,1
74439,1
74477,1
74486,1
74489,1
74516,1
74554,1
74573,1
74582,1
74586,1
74589,1
74599,1
74608,1
74628,1
74659,1
74662,1
74669,1
74672,1
74684,1
74697,1
74726,1
74742,2
74761,1
74886,1
74902,1
74919,1
74938,1
75005,1
75078,1
75082,1
75104,1
75133,1
75152,1
75155,1
75174,1
75184,1
75200,1
75257,1
75270,2
75280,2
75296,1
75338,1
75351,1
75363,1
75379,1
75392,1
75402,1
75427,2
75511,1
75513,1
75546,1
75590,1
75603,2
75616,1
75632,1
75680,2
75705,1
75782,1
75785,2
75853,1
75869,1
75881,1
75888,2
75914,1
75920,1
75939,1
75968,1
75974,1
75981,1
75984,1
75987,1
76010,1
76023,1
76054,1
76068,1
76087,1
76157,1
76224,1
76247,1
76250,1
76269,2
76310,1
76339,2
76361,1
76368,1
76407,1
76422,1
76432,1
76454,1
76464,1
76496,1
76515,2
76528,1
76531,1
76534,1
76541,1
76557,1
76579,1
76583,1
76586,1
76621,1
76694,1
76720,1
76736,1
76756,1
76768,1
76775,2
76804,1
76819,1
76880,2
76918,1
76928,1
76954,1
76960,1
76973,1
76976,1
76998,1
76999,1
77005,1
77014,1
77037,1
77085,2
77088,1
77094,1
77095,1
77098,1
77114,2
77172,1
77209,1
77257,1
77267,1
77312,1
77357,1
77398,1
77402,1
77443,1
77475,1
77491,1
77501,1
77504,1
77523,1
77539,1
77571,2
77574,1
77584,1
77600,1
77603,1
77607,1
77623,1
77635,1
77657,1
77680,1
77689,1
77696,1
77728,1
77741,1
77773,1
77792,1
77796,1
77805,1
77827,1
77866,1
77885,1
77891,1
77904,1
77929,1
77936,1
77946,1
77958,1
78010,1
78016,2
78029,1
78035,1
78041,1
78045,1
78051,1
78058,1
78064,1
78083,1
78093,1
78103,1
78125,1
78138,1
78173,1
78189,2
78214,1
78266,2
78291,1
78330,1
78355,1
78368,1
78384,1
78400,1
78426,1
78448,1
78464,1
78483,1
78502,2
78534,1
78535,1
78541,1
78550,1
78601,1
78630,1
78643,1
78652,1
78681,1
78684,1
78713,1
78736,1
78762,2
78816,1
78829,1
78896,1
78915,1
78916,1
78925,2
78931,1
78941,1
78947,1
78973,1
78982,1
78989,1
79040,1
79049,1
79063,1
79072,1
79110,1
79136,1
79139,1
79181,1
79209,1
79261,1
79274,1
79280,1
79283,1
79284,1
79286,1
79334,1
79340,1
79347,1
79351,1
79376,1
79392,1
79395,1
79412,1
79415,1
79424,1
79475,1
79514,1
79526,1
79546,1
79549,1
79561,1
79596,1
79635,1
79648,1
79661,1
79673,1
79683,1
79693,1
79750,1
79782,1
79789,1
79795,1
79898,1
79907,1
79910,1
79945,2
79952,1
80016,2
80041,1
80071,1
80074,1
80080,2
80099,1
80147,1
80176,1
80211,2
80221,1
80276,1
80330,1
80339,1
80345,1
80381,1
80409,1
80487,1
80496,1
80586,1
80595,1
80608,1
80663,1
80691,1
80716,1
80733,1
80742,1
80756,1
80787,1
80816,1
80826,1
80848,1
80896,1
80963,1
81008,1
81043,1
81049,1
81053,1
81059,1
81066,1
81088,2
81120,1
81139,1
81171,1
81177,1
81190,1
81248,1
81251,1
81254,1
81267,1
81268,1
81331,1
81354,1
81357,1
81369,1
81383,1
81389,1
81449,1
81485,1
81495,1
81504,1
81508,1
81526,1
81536,1
81562,1
81565,1
81584,1
81603,1
81619,1
81677,1
81702,1
81703,2
81706,1
81735,1
81785,1
81805,1
81863,1
81885,2
81914,1
81939,1
81943,1
81945,1
81978,2
81984,1
81987,1
81997,1
82022,1
82051,1
82054,1
82080,1
82086,1
82099,1
82102,1
82153,1
82166,1
82195,2
82272,1
82308,1
82316,1
82342,1
82368,1
82393,1
82400,1
82404,1
82406,1
82429,1
82432,1
82435,1
82457,1
82464,2
82467,1
82470,1
82477,1
82483,1
82489,1
82492,1
82496,1
82512,1
82531,1
82560,1
82663,1
82682,1
82688,1
82691,1
82701,2
82755,1
82768,1
82778,1
82790,1
82809,1
82822,1
82835,1
82858,1
82871,1
82909,1
82912,1
82931,1
82951,1
82957,1
82970,1
82983,1
83002,2
83017,1
83034,1
83047,1
83053,1
83139,1
83149,1
83168,1
83174,1
83184,1
83200,1
83251,1
83260,1
83264,1
83274,1
83296,1
83306,1
83357,1
83370,1
83399,1
83424,1
83433,2
83475,1
83481,1
83488,2
83491,1
83507,1
83552,1
83565,1
83577,1
83596,1
83597,1
83603,1
83648,1
83696,1
83709,1
83715,1
83718,1
83719,1
83783,1
83833,1
83846,1
83853,1
83885,1
83907,1
83927,1
83955,1
83958,1
83959,1
83961,1
83968,2
83972,1
83993,1
84010,1
84042,1
84054,1
84086,1
84092,1
84096,1
84115,1
84128,1
84134,2
84137,1
84153,1
84154,1
84250,1
84268,1
84282,1
84288,1
84294,1
84327,1
84349,1
84352,1
84358,1
84384,1
84387,1
84390,1
84435,1
84438,1
84451,1
84480,1
84525,2
84528,2
84586,1
84592,1
84631,1
84636,1
84637,1
84672,1
84675,1
84679,1
84717,1
84762,2
84774,1
84781,1
84800,1
84819,1
84829,1
84836,1
84845,1
84848,2
84902,1
84903,1
84915,1
84934,1
84960,1
84986,1
84998,1
84999,1
85021,1
85031,1
85050,1
85069,1
85132,1
85203,1
85216,1
85238,1
85242,1
85289,1
85293,1
85306,1
85322,1
85350,1
85383,1
85433,1
85459,1
85472,1
85584,1
85587,1
85683,1
85709,2
85718,1
85728,1
85740,1
85757,1
85815,1
85875,1
85891,1
85910,1
85920,1
85926,1
85942,1
85946,1
85962,1
85971,1
85991,1
85996,1
86020,1
86023,1
86029,1
86045,1
86112,1
86128,1
86144,1
86202,1
86230,1
86231,1
86259,1
86266,1
86268,1
86336,1
86371,1
86374,1
86384,1
86403,1
86406,1
86425,1
86444,1
86445,1
86452,1
86461,1
86503,2
86508,1
86541,1
86544,1
86576,1
86580,1
86586,1
86608,1
86649,1
86678,1
86685,1
86713,1
86716,2
86717,1
86730,1
86784,1
86803,1
86829,1
86835,1
86848,1
86855,1
86861,1
86868,1
86870,1
86884,1
86890,1
86899,1
86944,1
86967,1
86979,1
86992,1
87014,1
87027,1
87040,1
87046,1
87056,1
87072,1
87079,1
87094,1
87098,1
87101,1
87104,1
87107,1
87148,2
87152,1
87155,1
87168,1
87197,1
87232,1
87293,1
87302,1
87335,1
87341,1
87372,1
87392,1
87408,1
87411,1
87437,1
87453,1
87456,2
87513,1
87526,1
87545,1
87587,1
87596,1
87616,1
87622,1
87629,1
87632,1
87638,2
87670,1
87680,1
87699,3
87709,1
87712,1
87731,1
87734,1
87741,1
87754,2
87756,1
87776,1
87792,1
87795,1
87817,1
87828,1
87843,1
87872,1
87879,1
87888,1
87895,1
87904,1
87927,1
87997,1
88045,1
88051,1
88064,1
88067,1
88070,1
88071,1
88099,1
88109,1
88118,1
88125,1
88131,2
88132,1
88153,1
88154,1
88157,1
88163,1
88173,1
88199,1
88224,1
88294,1
88297,1
88310,1
88314,1
88330,1
88378,1
88384,1
88391,1
88400,1
88410,1
88483,1
88499,1
88512,1
88532,1
88537,1
88541,1
88576,1
88608,1
88621,1
88656,1
88675,1
88682,1
88707,1
88740,1
88755,1
88780,1
88784,1
88794,1
88800,1
88813,1
88822,1
88829,1
88832,1
88848,1
88855,1
88864,1
88896,2
88935,1
88957,1
88973,1
88979,2
88999,1
89001,1
89011,1
89018,1
89031,1
89107,1
89114,1
89146,1
89158,1
89283,1
89302,1
89331,1
89334,1
89335,1
89376,1
89389,1
89408,1
89414,1
89485,1
89488,1
89497,1
89510,1
89520,1
89524,1
89526,1
89536,1
89581,1
89590,1
89594,1
89600,2
89620,1
89635,1
89651,1
89680,1
89696,1
89716,1
89731,1
89738,1
89773,1
89808,1
89840,1
89856,1
89882,1
89897,1
89926,1
89952,2
89961,1
89965,1
89971,1
90003,1
90029,1
90041,1
90048,1
90067,1
90074,1
90093,1
90106,1
90122,1
90176,2
90199,1
90221,1
90252,2
90259,1
90291,1
90320,1
90361,1
90368,2
90380,1
90410,1
90420,1
90432,1
90445,1
90471,1
90480,2
90487,1
90531,1
90560,1
90563,1
90569,1
90599,1
90614,1
90643,1
90649,1
90652,1
90720,2
90742,1
90746,1
90748,1
90749,1
90752,1
90761,1
90764,1
90775,1
90797,1
90810,1
90829,1
90887,1
90905,1
90925,1
90931,1
90947,1
90951,1
90989,1
90995,1
91008,1
91021,1
91031,2
91040,1
91046,1
91095,1
91107,1
91113,1
91152,1
91158,1
91174,1
91181,1
91187,1
91194,1
91239,1
91251,1
91257,1
91258,1
91290,1
91296,1
91299,1
91315,1
91319,1
91338,1
91392,1
91398,1
91412,1
91421,1
91427,1
91436,1
91510,1
91520,1
91527,1
91532,1
91552,2
91556,1
91584,1
91600,1
91616,1
91632,2
91635,1
91641,1
91664,1
91692,1
91712,1
91760,1
91779,1
91821,1
91833,1
91865,1
91904,2
91942,1
91955,1
91956,1
91984,1
91987,1
92009,1
92010,1
92038,1
92041,1
92058,1
92077,1
92096,1
92138,1
92144,2
92157,1
92163,1
92166,1
92170,1
92218,1
92224,1
92227,1
92236,1
92250,1
92259,1
92288,1
92295,1
92301,1
92304,1
92413,1
92416,1
92422,1
92425,1
92426,1
92432,1
92441,1
92468,1
92477,1
92489,1
92524,1
92551,1
92557,1
92563,1
92602,1
92621,1
92627,1
92646,1
92650,1
92701,1
92708,1
92710,1
92724,1
92787,1
92797,1
92819,1
92825,1
92851,1
92887,1
92896,1
92983,1
93004,1
93018,1
93024,1
93037,1
93059,1
93075,1
93120,1
93136,1
93142,1
93143,1
93155,1
93181,1
93216,1
93222,1
93242,1
93245,1
93257,1
93299,1
93331,1
93351,1
93356,1
93382,1
93421,1
93449,1
93452,1
93478,1
93501,1
93516,1
93523,1
93529,1
93536,1
93542,1
93578,1
93581,1
93603,1
93613,1
93616,1
93635,1
93655,1
93670,2
93671,1
93676,1
93706,1
93747,1
93754,1
93756,1
93763,1
93773,1
93795,1
93805,1
93811,1
93847,1
93866,1
93868,1
93869,2
93894,1
93913,1
93933,1
93936,1
93946,1
93949,1
93959,1
93965,2
93987,1
94000,1
94003,1
94029,2
94032,1
94115,1
94116,1
94131,1
94147,1
94176,1
94185,2
94201,1
94211,1
94224,1
94227,1
94233,1
94272,2
94275,2
94311,1
94355,1
94410,1
94442,1
94451,1
94454,1
94471,1
94473,1
94483,1
94515,1
94547,2
94608,1
94627,1
94631,3
94646,1
94653,2
94660,1
94662,1
94672,1
94675,1
94688,1
94707,1
94714,1
94736,3
94756,1
94771,1
94788,1
94828,1
94855,1
94877,1
94880,1
94896,1
94925,1
94931,1
94944,1
94951,1
94969,1
94970,1
94979,1
94986,1
95015,1
95017,1
95027,1
95033,1
95130,1
95161,1
95168,1
95175,1
95200,1
95203,2
95232,1
95252,1
95264,1
95270,1
95273,1
95300,1
95322,1
95325,1
95334,1
95354,1
95370,1
95376,1
95402,1
95414,1
95431,1
95437,1
95472,2
95475,1
95485,1
95494,1
95520,1
95539,1
95542,1
95562,1
95572,2
95577,1
95578,1
95584,1
95597,1
95600,1
95616,1
95623,1
95625,1
95629,1
95693,1
95696,1
95718,1
95725,1
95731,1
95735,1
95747,1
95756,1
95766,1
95769,1
95853,1
95856,1
95910,1
95942,1
95949,1
95968,1
95994,1
96019,1
96025,1
96026,1
96028,1
96036,1
96064,2
96089,1
96090,1
96096,1
96106,1
96112,1
96134,1
96135,1
96144,1
96160,1
96169,1
96192,1
96205,1
96243,1
96265,1
96275,1
96292,1
96301,1
96320,2
96355,1
96365,1
96375,1
96390,1
96391,1
96420,1
96429,1
96432,1
96448,1
96464,1
96499,1
96506,1
96512,1
96570,1
96579,1
96582,1
96611,1
96649,1
96666,1
96688,1
96691,1
96710,1
96733,1
96749,1
96758,1
96762,1
96778,1
96784,1
96842,1
96854,1
96858,1
96861,1
96867,2
96912,1
96918,1
96951,1
96953,1
96992,1
96995,1
97034,1
97043,1
97050,1
97082,1
97101,1
97117,1
97136,1
97165,1
97184,1
97235,1
97245,1
97264,1
97273,1
97325,1
97341,1
97354,1
97380,1
97382,1
97386,1
97398,1
97421,1
97434,2
97437,1
97456,1
97478,1
97494,1
97539,1
97556,2
97571,1
97574,1
97591,1
97625,2
97635,1
97658,1
97722,1
97728,1
97735,1
97754,1
97773,1
97811,1
97814,1
97815,1
97817,1
97824,1
97837,1
97840,1
97866,1
97869,1
97878,1
97898,1
97923,1
97949,1
97962,1
97994,1
98013,1
98048,1
98068,1
98074,1
98083,1
98096,1
98102,1
98147,1
98176,1
98192,1
98236,1
98256,1
98265,1
98285,1
98288,1
98317,1
98323,1
98355,1
98390,1
98397,1
98425,1
98426,1
98445,1
98451,1
98515,1
98534,1
98538,1
98541,1
98544,1
98630,1
98633,1
98676,1
98714,1
98739,1
98745,1
98756,1
98765,1
98774,1
98790,1
98877,1
98902,1
98912,1
98918,1
98941,1
98960,2
98966,1
98969,1
98992,1
99002,1
99053,2
99088,1
99095,1
99114,1
99120,1
99136,1
99149,2
99158,1
99162,1
99193,1
99204,1
99219,3
99257,1
99315,1
99328,1
99338,1
99347,1
99348,1
99376,1
99382,1
99383,1
99392,3
99404,1
99424,2
99431,1
99450,1
99472,1
99484,1
99549,1
99552,1
99565,1
99568,1
99572,1
99590,1
99639,1
99641,1
99642,1
99648,1
99655,1
99667,1
99690,1
99699,1
99709,1
99712,1
99724,1
99735,1
99744,2
99747,1
99766,1
99780,1
99786,1
99808,1
99812,1
99843,2
99882,1
99897,1
99930,1
99955,1
99968,1
99984,1
100007,1
100013,2
100048,1
100055,1
100138,1
100160,1
100164,1
100167,1
100172,1
100189,1
100230,1
100243,1
100259,1
100275,2
100278,1
100288,1
100294,1
100314,1
100333,1
100419,1
100429,1
100435,1
100448,1
100464,1
100473,1
100476,1
100486,1
100499,1
100525,1
100579,1
100580,1
100586,1
100588,1
100617,1
100621,1
100640,2
100643,1
100653,1
100659,1
100666,1
100713,1
100714,1
100716,2
100730,1
100736,2
100790,1
100796,1
100813,1
100819,1
100851,1
100857,1
100915,1
100941,1
100960,1
100966,2
101027,1
101043,1
101063,1
101072,1
101085,1
101097,1
101107,1
101136,1
101139,1
101146,1
101175,1
101190,1
101254,1
101270,1
101273,1
101280,1
101300,1
101305,2
101338,1
101344,1
101354,1
101373,1
101401,1
101402,1
101421,1
101424,1
101430,1
101437,1
101478,1
101479,1
101516,1
101546,1
101571,1
101584,1
101661,1
101680,1
101712,1
101754,1
101773,1
101817,1
101836,1
101837,1
101847,1
101856,1
101872,2
101881,1
101904,1
101959,1
101971,1
101977,1
101987,1
101993,1
102006,1
102007,1
102013,1
102035,1
102051,1
102055,1
102087,1
102137,1
102231,1
102266,1
102342,1
102371,1
102400,1
102436,1
102480,1
102487,2
102499,1
102506,1
102535,1
102537,1
102582,1
102583,1
102592,1
102602,1
102605,1
102618,1
102630,1
102666,1
102691,1
102695,1
102697,1
102704,1
102707,1
102713,1
102752,1
102762,1
102768,1
102784,1
102787,1
102791,1
102793,1
102809,1
102870,1
102874,1
102886,1
102906,1
102908,1
102951,1
102953,1
102957,1
102976,1
102979,1
103014,1
103034,1
103063,1
103078,1
103101,1
103116,1
103124,1
103126,1
103130,1
103136,1
103139,1
103155,1
103165,1
103175,1
103200,1
103213,1
103248,1
103251,2
103277,1
103283,1
103332,1
103385,1
103412,1
103415,1
103514,1
103520,3
103558,2
103581,1
103590,1
103616,1
103619,1
103652,1
103661,1
103687,1
103709,1
103735,1
103750,2
103779,1
103792,1
103811,1
103814,1
103862,1
103866,1
103878,1
103968,1
103987,1
103997,1
104016,1
104022,1
104122,1
104151,1
104153,1
104160,1
104192,1
104195,1
104205,2
104208,1
104218,1
104227,1
104269,1
104272,2
104275,2
104292,1
104317,1
104365,1
104435,1
104454,1
104455,1
104480,1
104537,1
104554,1
104563,1
104595,1
104633,1
104653,1
104666,1
104669,1
104694,1
104704,1
104726,1
104736,1
104752,1
104765,1
104781,1
104825,1
104829,1
104844,1
104887,1
104896,1
104915,1
104941,1
104957,2
104960,2
104970,1
104992,1
105011,1
105024,1
105065,1
105075,1
105104,1
105107,2
105108,1
105142,1
105165,1
105178,1
105184,1
105187,1
105210,1
105229,1
105245,2
105251,1
105260,1
105267,1
105274,2
105354,1
105363,1
105379,1
105383,1
105408,1
105443,1
105447,1
105452,1
105466,1
105488,1
105491,1
105494,1
105501,1
105526,1
105530,1
105549,1
105568,1
105578,1
105638,1
105651,1
105661,1
105667,1
105690,1
105696,1
105705,1
105740,1
105757,1
105779,1
105795,1
105804,1
105831,1
105852,1
105856,1
105882,1
105901,1
105913,1
105920,1
105927,1
105965,2
106003,1
106010,1
106067,1
106077,1
106093,2
106099,1
106109,1
106157,1
106189,1
106192,1
106218,1
106249,1
106330,1
106333,1
106384,1
106387,1
106416,1
106474,1
106496,1
106522,1
106528,3
106547,1
106554,2
106589,1
106595,1
106620,1
106659,1
106678,1
106710,2
106717,1
106723,1
106745,1
106746,1
106752,1
106772,1
106797,1
106857,1
106858,1
106877,1
106886,1
106973,1
106976,1
106996,1
107027,1
107040,1
107047,1
107053,2
107056,1
107078,1
107085,1
107094,1
107098,2
107101,1
107139,1
107177,1
107184,1
107187,1
107238,1
107264,1
107318,1
107353,1
107379,1
107405,1
107421,1
107424,1
107437,1
107478,1
107491,1
107508,2
107520,1
107529,1
107546,1
107577,1
107613,1
107622,1
107632,1
107661,1
107699,1
107709,1
107715,1
107753,2
107763,2
107770,1
107796,1
107805,1
107808,1
107846,1
107850,1
107865,1
107866,1
107872,2
107927,1
107936,1
107968,1
107975,1
107980,1
108019,1
108048,1
108096,1
108157,1
108172,1
108173,1
108182,1
108192,1
108214,1
108217,1
108218,1
108253,1
108262,2
108266,1
108285,1
108314,1
108336,1
108349,1
108362,1
108403,1
108422,1
108461,1
108464,1
108480,1
108487,1
108493,1
108502,1
108525,1
108534,1
108544,1
108569,1
108573,1
108601,1
108621,2
108678,1
108749,1
108758,1
108765,1
108797,1
108813,1
108845,1
108864,1
108896,1
108899,1
108915,1
108921,1
108928,1
108973,1
108979,1
108999,1
109005,1
109018,1
109036,1
109037,1
109044,1
109056,1
109078,1
109108,1
109152,1
109171,1
109180,1
109197,1
109204,1
109241,1
109254,1
109261,1
109277,2
109283,1
109292,1
109344,1
109350,1
109392,1
109395,1
109415,1
109418,1
109447,1
109450,1
109468,1
109484,1
109520,1
109526,1
109571,1
109581,1
109588,1
109616,1
109620,2
109628,1
109651,1
109655,1
109734,1
109737,1
109789,1
109795,1
109833,1
109843,1
109846,1
109847,1
109850,1
109859,1
109888,1
109923,1
109929,1
109930,1
109959,1
110000,1
110004,1
110016,1
110054,1
110070,1
110096,1
110118,1
110125,1
110134,1
110150,1
110157,2
110183,2
110217,1
110237,1
110246,1
110259,1
110317,1
110330,1
110333,1
110345,1
110365,1
110374,1
110384,1
110387,1
110422,1
110438,1
110477,1
110486,1
110489,1
110499,1
110518,1
110576,1
110586,1
110592,1
110595,1
110605,1
110646,1
110649,1
110675,1
110695,1
110701,1
110749,1
110765,1
110800,1
110828,1
110832,1
110880,1
110899,1
110918,1
110924,1
110932,1
110951,1
110969,1
110976,1
110979,1
111043,1
111068,1
111127,1
111158,1
111159,1
111162,1
111172,1
111213,1
111216,1
111244,1
111268,1
111284,1
111309,1
111335,1
111344,1
111360,1
111370,1
111386,2
111398,1
111399,1
111405,1
111459,1
111472,1
111475,2
111495,1
111520,1
111532,1
111588,1
111625,1
111635,1
111667,1
111692,1
111738,1
111751,2
111770,1
111782,1
111811,1
111833,1
111859,1
111882,1
111920,1
111952,2
111965,1
111987,1
111994,1
112026,1
112054,1
112057,1
112074,1
112099,1
112119,1
112166,1
112179,1
112214,1
112218,1
112221,1
112243,1
112249,1
112250,1
112281,1
112288,1
112333,1
112346,1
112387,1
112435,1
112445,1
112448,1
112455,1
112467,1
112489,1
112496,1
112512,1
112521,1
112570,1
112618,1
112634,1
112640,1
112672,1
112679,1
112685,1
112711,1
112720,1
112726,1
112755,1
112762,1
112787,1
112819,1
112857,1
112864,1
112899,1
112918,1
112919,1
112928,1
112947,1
112954,1
112969,1
112995,1
113008,1
113011,1
113020,1
113059,1
113060,1
113079,1
113081,1
113127,1
113181,1
113193,1
113213,1
113216,1
113226,1
113229,1
113264,1
113270,1
113280,1
113302,1
113315,1
113316,1
113325,1
113356,1
113363,1
113373,1
113382,1
113412,1
113424,1
113456,1
113469,1
113530,1
113600,1
113613,1
113616,1
113629,1
113660,1
113664,1
113725,1
113772,1
113798,2
113802,1
113811,1
113827,1
113833,1
113913,1
113930,1
113939,1
113943,1
113964,1
113965,1
113994,1
114016,1
114023,1
114045,1
114051,1
114068,1
114076,1
114092,1
114093,1
114128,1
114164,1
114179,2
114196,1
114211,1
114252,1
114297,1
114316,1
114352,1
114368,1
114387,1
114409,2
114429,2
114480,1
114486,1
114547,1
114550,1
114557,1
114598,1
114602,1
114634,1
114640,1
114643,1
114656,1
114672,1
114688,2
114695,1
114701,1
114729,1
114809,1
114861,1
114877,1
114880,1
114915,1
114937,1
115008,2
115024,1
115027,1
115079,1
115104,1
115146,1
115155,1
115161,1
115191,2
115194,1
115197,1
115308,1
115335,2
115344,1
115351,1
115421,1
115462,1
115469,2
115485,1
115492,1
115497,1
115498,1
115501,2
115539,1
115552,1
115587,1
115593,1
115622,1
115638,1
115642,1
115651,2
115680,1
115719,1
115763,3
115795,3
115801,1
115833,1
115836,1
115872,2
115901,1
115904,1
115923,1
115972,1
115994,1
116000,1
116019,1
116023,1
116035,1
116051,1
116073,1
116093,1
116105,1
116137,1
116141,1
116163,1
116172,1
116192,1
116218,1
116224,1
116227,1
116237,1
116243,1
116279,1
116307,1
116308,1
116310,1
116358,1
116361,1
116371,1
116384,1
116387,1
116397,1
116406,1
116409,1
116484,1
116486,1
116512,1
116531,1
116570,1
116579,1
116582,1
116602,1
116631,1
116640,1
116646,1
116672,1
116678,1
116736,1
116768,2
116774,1
116777,1
116791,1
116826,1
116857,1
116864,1
116871,1
116877,1
116902,1
116935,1
116954,1
116960,1
116973,1
116983,1
117020,1
117056,1
117081,1
117085,1
117091,1
117101,1
117120,1
117130,1
117139,1
117152,1
117178,1
117188,1
117203,1
117219,1
117244,1
117245,1
117258,1
117280,1
117287,1
117309,1
117388,1
117411,1
117417,1
117418,1
117465,1
117466,1
117491,1
117527,1
117578,1
117619,1
117625,1
117648,1
117718,1
117728,1
117763,1
117888,1
117916,1
117977,1
117991,1
118007,1
118009,1
118071,1
118153,1
118173,1
118176,1
118182,1
118234,2
118282,1
118297,1
118314,1
118378,1
118381,1
118406,1
118407,1
118410,1
118416,1
118419,1
118441,1
118448,1
118457,1
118476,1
118487,1
118493,1
118506,2
118535,1
118592,1
118598,1
118614,1
118627,1
118630,1
118662,1
118688,1
118710,1
118790,1
118823,1
118838,1
118844,1
118883,1
118892,1
118912,1
118931,1
118941,1
118960,1
118976,1
118988,1
119008,1
119015,1
119020,1
119021,1
119034,1
119056,1
119079,1
119225,1
119229,1
119258,1
119261,1
119268,1
119280,2
119299,1
119309,1
119315,1
119318,1
119322,1
119341,1
119354,1
119379,1
119382,1
119402,1
119405,1
119433,1
119494,1
119507,2
119514,1
119517,1
119539,1
119558,1
119571,1
119578,1
119603,1
119680,1
119721,1
119735,1
119757,1
119779,1
119782,1
119789,1
119798,1
119808,1
119815,1
119821,1
119843,1
119853,1
119875,1
119939,1
119984,1
119987,1
120006,1
120019,1
120032,1
120035,1
120038,1
120051,1
120112,1
120128,1
120141,1
120163,1
120198,1
120220,1
120224,2
120237,1
120311,1
120313,1
120320,1
120326,1
120327,1
120329,1
120332,1
120340,1
120356,1
120384,1
120394,1
120407,1
120416,1
120477,1
120480,1
120487,1
120493,1
120500,1
120506,1
120525,1
120538,1
120576,1
120588,1
120589,1
120595,1
120617,1
120653,2
120669,1
120678,1
120704,1
120733,1
120784,1
120788,1
120800,1
120822,1
120832,1
120861,1
120864,1
120880,1
120908,1
120935,1
120960,1
120970,1
120973,1
121031,1
121079,1
121084,1
121091,1
121117,1
121149,1
121184,1
121197,1
121200,1
121203,2
121271,1
121286,1
121331,1
121347,1
121360,1
121382,1
121392,2
121405,1
121494,1
121507,1
121510,1
121517,1
121549,1
121577,1
121581,1
121603,1
121661,1
121664,2
121671,1
121689,1
121706,1
121708,1
121731,1
121744,1
121747,1
121772,1
121808,1
121814,1
121971,1
122006,1
122032,2
122044,1
122048,2
122102,1
122109,1
122138,1
122150,1
122157,1
122201,1
122272,1
122275,1
122282,1
122304,2
122317,1
122323,1
122343,1
122358,1
122374,1
122387,1
122394,1
122413,1
122445,1
122454,1
122455,1
122489,1
122518,1
122541,1
122550,1
122582,1
122596,1
122602,1
122643,1
122666,1
122714,1
122720,1
122733,2
122746,1
122752,1
122803,1
122880,2
122899,1
122903,2
122954,2
122966,1
122989,1
123027,2
123033,1
123047,1
123075,1
123085,1
123098,1
123139,1
123159,1
123172,1
123232,1
123238,1
123239,1
123244,1
123264,1
123273,1
123302,1
123325,1
123331,1
123341,1
123354,1
123366,2
123383,1
123385,1
123421,1
123433,1
123444,1
123453,1
123462,1
123475,1
123482,1
123501,1
123508,1
123549,1
123559,1
123587,1
123594,1
123610,1
123616,1
123623,1
123626,1
123635,1
123683,1
123696,1
123712,1
123751,1
123754,1
123757,1
123773,1
123795,1
123812,1
123849,1
123859,2
123878,2
123936,1
123945,1
123956,1
123958,1
123965,1
123987,1
124010,1
124045,1
124051,1
124074,1
124090,1
124100,1
124109,2
124115,1
124147,1
124182,1
124192,1
124198,1
124205,2
124234,1
124237,1
124262,1
124294,1
124359,1
124365,1
124368,1
124374,1
124377,1
124397,1
124416,1
124477,1
124483,1
124506,1
124525,1
124531,1
124541,1
124544,1
124586,1
124601,1
124608,1
124615,1
124627,1
124630,1
124662,1
124672,1
124698,1
124710,1
124733,1
124749,1
124752,1
124764,1
124812,1
124813,1
124832,1
124835,1
124839,1
124845,2
124857,1
124876,1
124880,2
124922,1
124944,1
124956,1
124957,1
124996,1
125011,1
125014,1
125018,1
125027,1
125050,1
125065,1
125078,1
125152,1
125184,1
125210,1
125213,1
125242,1
125248,1
125267,1
125289,1
125290,1
125338,1
125396,1
125430,1
125452,1
125472,1
125478,1
125504,1
125527,1
125530,1
125536,2
125549,1
125561,1
125594,1
125610,2
125626,1
125632,1
125635,1
125645,1
125660,1
125661,1
125735,1
125747,1
125751,1
125760,1
125766,1
125767,1
125776,1
125782,1
125792,1
125827,1
125834,1
125888,1
125901,1
125911,1
125961,1
125975,1
126077,1
126096,2
126138,1
126157,1
126185,1
126202,1
126224,1
126230,1
126250,1
126256,1
126269,1
126272,1
126275,1
126279,1
126294,1
126304,1
126352,1
126365,1
126368,1
126374,1
126407,1
126464,1
126467,1
126528,1
126544,1
126605,2
126608,1
126631,2
126649,1
126650,1
126663,1
126682,1
126685,1
126697,1
126704,1
126720,1
126723,1
126729,1
126739,1
126745,1
126768,1
126772,1
126774,1
126796,1
126803,1
126809,1
126829,1
126874,1
126877,1
126902,1
126906,1
126909,1
126931,1
126944,1
126947,1
126963,1
126966,1
126970,1
126976,1
127034,1
127060,1
127066,1
127123,1
127142,1
127155,1
127165,1
127171,1
127241,1
127254,1
127267,1
127283,1
127315,1
127347,1
127351,1
127376,1
127398,1
127408,1
127443,1
127488,1
127523,1
127552,1
127562,1
127578,1
127587,1
127590,1
127596,1
127600,1
127619,2
127625,1
127661,1
127696,1
127715,1
127721,1
127728,1
127760,1
127767,1
127782,1
127786,1
127818,1
127968,1
127988,1
128019,1
128020,1
128032,1
128044,1
128055,1
128058,1
128070,1
128077,1
128096,2
128099,1
128102,1
128121,1
128131,1
128134,1
128199,1
128211,1
128227,1
128249,1
128333,1
128359,1
128365,1
128400,1
128525,1
128541,1
128567,1
128605,1
128627,1
128647,1
128704,1
128716,1
128727,1
128733,1
128749,1
128797,2
128803,1
128816,1
128854,1
128861,1
128867,1
128890,1
128909,2
128921,1
128935,1
128950,1
128963,1
128969,1
128976,1
129030,1
129046,1
129062,1
129075,2
129082,1
129107,2
129130,1
129145,1
129155,1
129168,1
129223,1
129241,1
129255,1
129274,1
129293,1
129309,1
129312,1
129322,1
129331,1
129334,1
129347,1
129385,1
129386,1
129395,1
129402,1
129408,1
129443,1
129460,1
129504,1
129514,1
129578,1
129606,1
129677,1
129683,1
129709,1
129722,1
129734,1
129740,1
129744,1
129767,1
129783,1
129792,2
129801,1
129805,1
129830,2
129833,1
129843,1
129860,1
129872,1
129881,1
129891,1
129907,1
129945,1
129952,1
129962,1
130007,1
130023,1
130041,1
130045,1
130067,1
130087,1
130109,1
130115,1
130118,1
130189,1
130192,1
130205,1
130208,1
130211,1
130221,1
130233,1
130246,1
130272,1
130279,1
130301,1
130307,1
130320,1
130346,1
130352,1
130406,1
130409,1
130461,1
130476,1
130516,1
130534,1
130554,1
130560,1
130576,1
130592,1
130659,2
130662,1
130669,1
130704,1
130707,1
130755,1
130765,1
130768,1
130772,1
130774,2
130803,1
130864,1
130889,1
130900,1
130912,1
130918,1
130922,1
130925,1
130944,1
130957,1
130966,1
130989,1
131021,2
131037,1
131091,1
131120,1
131123,1
131133,1
131177,1
131235,1
131254,1
131290,1
131296,1
131328,1
131347,1
131353,1
131389,1
131395,1
131430,2
131433,1
131436,1
131437,1
131463,1
131469,1
131479,1
131484,1
131511,1
131658,1
131676,1
131684,1
131693,1
131715,1
131724,1
131728,1
131763,2
131766,1
131776,1
131786,1
131801,1
131840,1
131852,1
131853,1
131862,1
131865,2
131888,1
131904,1
131908,1
131920,1
131961,1
131972,1
132019,1
132026,1
132032,1
132052,1
132083,1
132093,1
132099,1
132109,1
132141,1
132150,1
132205,1
132247,1
132259,1
132282,1
132288,2
132297,1
132310,1
132352,1
132355,2
132361,1
132423,1
132438,1
132458,1
132461,1
132487,1
132493,1
132496,1
132499,2
132505,1
132537,1
132544,1
132583,1
132589,1
132604,1
132611,1
132618,1
132634,1
132640,1
132659,1
132666,1
132672,1
132688,1
132691,1
132704,1
132717,1
132755,1
132781,1
132787,1
132842,1
132845,1
132848,1
132854,1
132864,1
132874,1
132896,1
132921,1
132947,1
133005,1
133050,1
133075,1
133082,1
133130,1
133139,1
133200,1
133210,1
133213,1
133299,2
133305,1
133315,1
133360,1
133408,1
133411,2
133428,1
133431,1
133466,1
133527,1
133549,1
133591,1
133619,1
133632,1
133645,1
133664,1
133670,1
133699,2
133728,1
133731,1
133763,2
133764,1
133769,1
133780,1
133795,1
133805,1
133808,1
133812,1
133846,1
133847,1
133939,1
133942,1
133962,1
133972,1
133994,1
133997,1
134023,1
134048,1
134051,1
134061,2
134086,1
134087,1
134121,1
134125,1
134163,1
134173,2
134188,1
134205,1
134208,1
134224,2
134234,1
134256,1
134272,1
134278,1
134346,1
134368,1
134378,1
134403,1
134429,1
134445,1
134454,1
134483,2
134492,1
134493,1
134516,1
134547,1
134557,1
134567,1
134582,1
134589,1
134595,1
134611,1
134633,1
134637,1
134640,1
134662,1
134704,1
134713,1
134742,2
134758,1
134841,1
134851,1
134858,1
134873,1
134880,1
134890,1
134902,1
134912,1
134918,1
134922,1
134951,1
134966,1
134970,2
134980,1
135040,1
135072,1
135079,1
135104,1
135114,1
135117,1
135130,1
135136,1
135148,1
135200,1
135210,1
135216,1
135226,1
135270,1
135315,1
135325,2
135328,1
135341,1
135344,3
135363,1
135367,1
135369,1
135398,1
135401,1
135402,1
135418,2
135443,2
135462,1
135494,1
135501,2
135517,1
135565,1
135574,1
135638,1
135670,1
135699,1
135722,1
135731,1
135734,1
135741,1
135747,1
135750,1
135773,1
135776,1
135779,1
135785,1
135795,1
135808,1
135818,1
135920,1
135926,1
135965,1
135988,1
135997,1
136010,1
136028,1
136096,1
136103,1
136140,1
136157,1
136179,3
136182,1
136189,1
136192,1
136205,1
136208,1
136224,1
136234,1
136243,1
136275,2
136294,1
136374,1
136378,1
136410,1
136425,1
136436,1
136496,1
136570,1
136634,1
136646,1
136659,1
136682,1
136707,1
136730,1
136748,1
136781,1
136807,1
136825,1
136842,1
136864,1
136867,1
136880,1
136893,1
136916,1
136934,2
136973,1
136998,1
137005,1
137011,1
137114,2
137133,1
137136,1
137152,1
137165,1
137178,1
137181,1
137184,1
137244,1
137261,1
137305,1
137328,1
137332,1
137351,1
137363,1
137364,1
137379,1
137395,1
137408,1
137418,1
137430,1
137504,1
137539,1
137575,1
137641,1
137670,2
137702,1
137719,1
137734,1
137747,1
137757,1
137763,1
137846,1
137875,1
137878,1
137897,1
137949,1
137952,1
137984,1
138013,1
138083,1
138092,1
138105,1
138128,1
138131,1
138163,1
138173,1
138205,1
138237,1
138247,1
138278,1
138281,1
138284,1
138288,1
138298,1
138314,1
138343,1
138371,1
138397,1
138419,1
138436,1
138464,1
138486,1
138490,1
138547,1
138579,2
138672,1
138676,1
138746,1
138755,1
138781,1
138803,1
138826,1
138829,1
138835,1
138836,1
138848,1
138852,1
138858,1
138896,1
138912,2
138915,1
138925,1
138960,1
139005,1
139084,1
139098,1
139117,1
139139,1
139158,1
139168,1
139187,1
139216,1
139223,1
139248,1
139257,1
139258,1
139303,1
139325,1
139351,1
139366,1
139385,1
139421,2
139430,1
139444,1
139446,1
139456,1
139488,1
139507,1
139552,1
139590,2
139603,1
139604,1
139625,1
139632,1
139639,1
139657,1
139661,2
139686,1
139692,1
139716,1
139721,1
139725,1
139737,1
139744,1
139763,1
139766,1
139773,1
139782,1
139802,1
139834,1
139852,1
139859,1
139865,1
139878,1
139904,1
140006,1
140035,1
140036,1
140054,1
140067,1
140109,1
140122,1
140134,1
140179,1
140196,1
140218,1
140256,2
140295,1
140307,1
140320,1
140349,1
140387,1
140394,1
140509,1
140560,2
140585,1
140608,1
140614,1
140630,2
140647,1
140678,1
140694,1
140707,1
140726,1
140765,1
140800,1
140832,1
140842,1
140854,1
140931,1
140935,1
140947,1
140960,1
140966,1
140972,1
140986,1
141002,1
141005,1
141062,1
141101,1
141114,1
141120,1
141132,1
141152,1
141200,1
141216,2
141242,1
141287,2
141325,1
141338,1
141395,1
141411,1
141460,1
141466,1
141494,1
141510,1
141558,1
141594,1
141674,1
141680,1
141683,1
141703,1
141715,1
141728,1
141741,1
141754,1
141763,1
141814,1
141824,1
141847,1
141856,2
141859,1
141920,1
141929,1
141987,1
141997,1
142026,1
142041,1
142058,1
142096,1
142102,1
142167,1
142202,1
142262,1
142336,1
142358,1
142387,1
142393,1
142400,1
142438,1
142496,1
142503,2
142515,1
142598,1
142617,1
142618,1
142637,1
142688,1
142745,1
142755,1
142777,1
142855,1
142935,1
142963,1
142967,1
143030,1
143037,1
143101,1
143116,1
143117,1
143171,1
143200,1
143213,1
143270,1
143290,1
143309,1
143369,1
143398,1
143411,1
143459,1
143460,1
143568,1
143580,1
143590,1
143603,1
143610,1
143622,1
143642,1
143667,1
143693,1
143741,1
143767,1
143782,1
143792,1
143818,1
143844,1
143885,1
143942,1
144013,1
144131,1
144179,1
144217,1
144249,1
144358,1
144393,2
144410,1
144455,1
144531,1
144615,1
144640,1
144656,1
144704,1
144708,1
144726,1
144736,1
144761,1
144820,1
144973,2
145036,1
145152,1
145162,1
145164,1
145174,1
145190,1
145312,2
145353,1
145363,1
145373,1
145440,1
145443,1
145504,1
145542,1
145722,1
145751,1
145776,1
145788,1
145792,1
145875,1
145895,1
145897,1
145920,1
145939,1
146007,1
146026,1
146032,1
146045,1
146096,1
146105,1
146157,1
146256,1
146272,1
146285,1
146298,1
146317,1
146381,1
146393,1
146554,1
146710,1
146778,1
146832,1
146844,1
146848,2
147060,1
147078,1
147149,1
147172,1
147181,1
147286,1
147348,1
147389,1
147402,1
147472,1
147485,1
147539,1
147549,1
147568,1
147661,1
147683,1
147808,1
147824,1
147872,1
147936,1
148007,2
148070,1
148077,1
148080,1
148093,1
148128,1
148135,1
148253,1
148339,1
148390,1
148455,1
148518,1
148553,1
148557,1
148567,1
148570,1
148611,1
148624,1
148733,1
148826,1
148848,1
148864,1
148877,1
148893,1
148896,1
149005,1
149024,1
149050,1
149072,1
149082,1
149104,1
149123,1
149146,1
149226,1
149248,1
149255,1
149373,1
149383,1
149396,1
149427,1
149456,1
149465,1
149501,1
149536,1
149651,1
149667,1
149760,1
149811,1
149914,1
149930,1
149968,1
150070,1
150102,1
150348,1
150425,1
150435,1
150553,1
150560,1
150784,1
150819,1
150822,1
150855,1
150899,1
150951,1
150982,1
151072,1
151098,1
151101,1
151110,1
151175,1
151196,1
151270,1
151302,1
151516,1
151610,1
151654,1
151719,1
151738,1
151780,1
151795,1
151834,1
151856,1
151866,1
151926,1
152086,1
152115,1
152125,1
152131,1
152173,1
152228,1
152365,1
152454,1
152457,1
152612,1
152656,1
152768,1
152813,1
152838,1
152934,1
152950,1
153024,1
153075,1
153107,1
153145,1
153152,1
153162,1
153300,1
153350,1
153373,1
153411,1
153456,1
153712,1
153728,1
153779,1
153804,1
153808,1
153824,1
153837,1
154038,1
154073,1
154074,1
154246,1
154256,1
154266,1
154317,1
154419,1
154579,1
154585,1
154720,1
154733,1
154873,1
154935,1
154957,1
155049,1
155085,1
155174,1
155289,1
155331,1
155347,1
155545,1
155680,1
155686,1
155731,1
155856,1
155859,1
155872,1
155881,1
155892,1
156052,1
156077,1
156115,1
156362,1
156406,1
156551,1
156637,1
156739,1
156871,1
156880,1
156928,1
157094,1
157104,1
157248,1
157351,1
157389,1
157395,1
157446,1
157485,1
157495,1
157524,1
157552,1
157600,1
157801,1
157834,1
157872,1
157878,1
157968,1
157994,1
158036,1
158160,1
158186,1
158192,1
158212,1
158227,1
158266,1
158397,1
158426,1
158445,1
158490,1
158547,1
158681,1
158736,1
158796,1
158899,1
159078,1
159091,1
159110,1
159241,1
159251,1
159283,1
159287,1
159456,1
159501,1
159510,1
159514,1
159622,2
159692,1
159828,1
159837,1
159885,1
159917,1
159943,1
159984,1
159993,1
160000,1
160016,1
160022,1
160292,1
160304,1
160326,1
160336,1
160340,1
160365,1
160461,1
160531,1
160566,1
160745,1
160803,1
160806,1
160874,1
160900,1
160922,1
160931,1
160937,1
160983,1
161014,1
161066,1
161210,1
161341,1
161430,1
161484,1
161638,1
161901,1
161984,1
162106,1
162253,1
162272,1
162317,1
162348,1
162362,1
162365,1
162464,1
162618,1
162710,1
162780,1
162870,1
163075,1
163107,1
163152,1
163155,1
163197,1
163200,1
163296,1
163322,1
163341,1
163376,1
163533,1
163536,1
163673,1
163687,1
163792,1
163811,1
163827,1
163833,1
163853,1
163866,1
163958,1
163968,1
164000,1
164006,1
164028,1
164048,1
164100,1
164233,1
164355,1
164579,1
164580,1
164615,1
164643,1
164647,1
164672,1
164691,1
164762,1
164780,1
164790,1
164804,1
164928,1
164944,1
164950,1
164979,1
165011,1
165043,1
165232,1
165318,2
165331,1
165338,1
165696,1
165788,1
165821,1
165843,1
165847,1
165859,1
165891,1
165907,1
166000,1
166048,1
166157,1
166243,1
166253,1
166420,1
166445,1
166521,1
166544,1
166714,1
166739,1
166819,1
166848,1
166918,1
166957,1
166972,1
166986,1
166998,1
167171,1
167209,1
167476,1
167596,1
167747,1
167757,1
167769,1
167968,1
168236,1
168349,1
168410,1
168474,1
168522,1
168550,1
168595,1
168659,1
168739,1
168807,1
168852,1
168906,1
169037,1
169078,1
169139,1
169337,1
169440,1
169507,1
169510,1
169555,1
169574,1
169721,1
169920,1
170035,1
170205,1
170237,1
170371,1
170493,1
170659,1
170662,1
170723,1
170883,1
170900,1
170982,1
171002,1
171008,1
171084,1
171552,1
171651,1
171687,1
171692,1
171939,1
171996,1
172103,1
172288,1
172301,1
172630,1
172640,1
172652,1
172666,1
172867,1
172935,1
172951,1
173063,1
173373,1
173414,1
173501,1
173907,1
174076,1
174330,1
174348,1
174397,1
174525,1
174679,1
174969,1
174989,1
175264,1
175290,1
175296,1
175369,1
175449,1
175555,1
175568,1
175616,1
176186,1
176204,1
176531,1
176566,1
176650,1
176697,1
176851,1
177123,1
177529,1
177693,1
177798,1
177908,1
177942,1
178019,1
178141,1
178464,1
178733,1
179194,1
179424,1
179578,1
179645,1
179683,1
179712,1
179748,1
179799,1
179815,1
180278,1
180400,1
180599,1
180736,1
180909,1
180998,1
181069,1
181235,1
181511,1
181517,1
181581,1
181616,1
181652,1
181757,1
181955,1
181977,1
182153,1
182409,1
182445,1
182624,1
182864,1
182874,1
182996,1
183165,1
183549,1
183613,1
183683,1
183731,1
183744,1
183770,1
183779,1
183940,1
184550,1
184605,1
184941,1
184998,1
185843,1
186007,1
186135,1
186170,1
186176,1
186419,1
186439,1
186636,1
186688,1
186701,1
187341,1
187347,1
187367,1
187629,1
187955,1
188000,1
188218,1
188240,1
188525,1
188928,1
189130,1
189197,1
189293,1
189318,1
189658,1
189862,1
190317,1
190396,1
190484,1
190752,1
190810,1
190905,1
191302,1
191373,1
191456,1
192032,1
192304,1
192451,1
192508,1
192602,1
192896,1
193097,1
193273,1
193366,1
193504,1
193901,1
193907,1
194048,1
194150,1
194208,1
194234,1
194314,1
194551,1
194941,1
195114,1
195178,1
195447,1
195488,1
195648,1
195767,1
196115,1
196236,1
196263,1
196333,1
196339,1
196365,1
196499,1
196509,1
196596,1
196646,1
196707,1
197030,1
197351,1
197434,1
197600,1
197603,1
197831,1
197891,1
198394,1
198694,1
198790,1
199110,1
199501,1
199628,1
200010,1
200534,1
200560,1
201885,1
202004,1
202416,1
203044,1
203271,1
203898,1
204451,1
204736,1
205097,1
205123,1
205148,1
206413,1
207127,1
207635,1
207981,1
208864,1
209075,1
209382,1
209472,1
209546,1
210489,1
210493,1
210506,1
210512,1
210682,1
210839,1
210873,1
211456,1
212029,1
212557,1
212944,1
213293,1
213351,1
213572,1
213702,1
213708,1
213885,1
213952,1
214233,1
214253,1
214441,1
214531,1
214854,1
214918,1
215392,1
217460,1
217949,1
218176,1
218697,1
218873,1
219453,1
219664,1
220281,1
220775,1
221843,1
222080,1
222144,1
222224,1
224316,1
226736,1
227123,1
227347,1
227514,1
227748,1
227811,1
228659,1
228672,1
228822,1
229369,1
229561,1
229670,1
229876,1
229942,1
230125,1
230624,1
231175,1
231373,1
233696,1
233779,1
234845,1
234912,1
235939,1
237024,1
243527,1
243616,1
244768,1
244982,1
245587,1
246381,1
247175,1
247318,1
247888,1
247955,1
249069,1
249113,1
250141,1
250444,1
253305,1
253811,1
254413,1
255031,1
256774,1
258909,1
262029,1
263796,1
264048,1
264214,1
264243,1
264468,1
264656,1
265078,1
265226,1
266368,1
266803,1
268253,1
268794,1
269619,1
269703,1
270086,1
270425,1
270749,1
271396,1
271603,1
272669,1
274080,1
275933,1
277386,1
277847,1
277885,1
280083,1
280573,1
280976,1
282637,1
283622,1
285116,1
285693,1
286090,1
286983,1
288234,1
288349,1
288435,1
288563,1
288701,1
289069,1
289555,1
289690,1
290151,1
290643,1
291094,1
293271,1
294809,1
295392,1
295619,1
298355,1
298656,1
298969,1
300432,1
300999,1
301152,1
301421,1
301610,1
302352,1
302496,1
302554,1
303783,1
303820,1
304774,1
305680,1
305769,1
306138,1
307578,1
310576,1
310611,1
311389,1
312080,1
313414,1
313683,1
314605,1
314710,1
314935,1
315840,1
316992,1
317789,1
318112,1
318717,1
319623,1
320678,1
321463,1
321834,1
323162,1
324585,1
324627,1
327238,1
327654,1
327721,1
328186,1
329424,1
330656,1
331444,1
331632,1
332755,1
334038,1
334221,1
334515,1
334544,1
334748,1
337524,1
338416,1
338726,1
339350,1
339968,1
340144,1
342608,1
343002,1
345590,1
346099,1
346172,1
346822,1
347645,1
347814,1
348358,1
349302,1
350457,1
350714,1
350992,1
352134,1
353142,1
355671,1
357805,1
357910,1
358704,1
359229,1
359939,1
360713,1
362886,1
364819,1
366365,1
366668,1
367002,1
367078,1
367232,1
367264,1
368164,1
368423,1
368922,1
368989,1
369325,1
369818,1
370109,1
370198,1
371133,1
373123,1
375885,1
375930,1
378055,1
378592,1
385190,1
386566,1
387789,1
389245,1
391526,1
395997,1
396026,1
396442,1
398224,1
398880,1
399463,1
399878,1
400656,1
401849,1
402631,1
403363,1
404090,1
404349,1
404365,1
405908,1
406173,1
408710,1
408775,1
411399,1
412480,1
413533,1
414176,1
414585,1
420691,1
421930,1
424957,1
426214,1
428774,1
429126,1
429888,1
432320,1
432375,1
433120,1
434345,1
435289,1
438375,1
439590,1
450006,1
481207,1
492051,1
