# Samples: 8728, Average: 23489.1 ns, StdDev: 8683.6 ns, Quartiles: 21248.0/22332.0/23725.0 ns
4541,1
4556,1
4563,2
4589,1
4611,1
4640,2
5517,1
8186,1
18256,1
18393,1
18442,1
18640,1
18679,1
18685,1
18692,1
18720,1
18733,1
18739,1
18848,1
18905,1
18928,1
18963,1
18970,1
18982,1
18998,1
19001,1
19052,1
19065,1
19079,1
19104,1
19124,1
19129,1
19136,2
19139,1
19149,1
19165,1
19168,1
19178,1
19193,1
19216,2
19219,1
19223,1
19232,2
19238,1
19241,1
19248,1
19258,1
19277,1
19287,1
19290,1
19292,1
19293,1
19296,2
19303,1
19306,1
19309,1
19312,1
19315,1
19318,2
19338,1
19357,1
19360,2
19370,1
19373,3
19376,1
19379,1
19385,1
19386,1
19392,1
19398,1
19399,1
19402,1
19405,1
19408,3
19411,1
19427,2
19434,1
19437,2
19440,2
19443,1
19456,1
19465,1
19466,1
19468,1
19475,1
19481,1
19485,1
19494,1
19501,1
19504,1
19510,1
19511,1
19513,1
19514,1
19523,3
19533,1
19536,1
19539,2
19542,3
19546,2
19548,1
19552,1
19555,1
19558,1
19559,1
19562,1
19568,1
19571,3
19578,2
19581,2
19584,2
19587,1
19603,2
19606,1
19609,1
19616,2
19622,1
19625,1
19629,1
19632,1
19635,1
19636,1
19642,1
19648,1
19651,2
19661,1
19664,3
19667,1
19677,2
19680,1
19683,1
19686,2
19693,1
19699,1
19700,1
19703,1
19705,1
19706,1
19709,2
19712,1
19716,1
19721,1
19722,1
19728,2
19731,3
19732,1
19734,1
19744,1
19753,2
19754,2
19757,1
19760,2
19763,1
19764,1
19766,1
19772,1
19773,2
19776,1
19796,1
19799,1
19802,1
19808,2
19811,4
19815,1
19820,1
19827,1
19828,1
19830,1
19833,1
19834,2
19837,2
19840,1
19843,1
19846,1
19849,2
19850,1
19852,1
19856,3
19859,1
19860,1
19862,2
19863,1
19866,2
19869,2
19872,2
19875,1
19876,1
19879,2
19881,2
19884,1
19885,3
19888,3
19891,3
19894,3
19895,3
19897,3
19898,2
19900,1
19901,1
19904,2
19910,1
19911,1
19913,1
19914,6
19916,1
19917,2
19920,3
19923,1
19926,2
19927,1
19932,1
19933,2
19936,1
19940,1
19949,3
19952,1
19955,2
19956,1
19958,1
19959,1
19962,2
19965,2
19968,3
19971,1
19974,6
19975,3
19977,1
19981,1
19984,4
19987,1
19990,1
19991,1
19993,1
19997,2
20000,3
20003,1
20004,1
20006,2
20007,3
20010,3
20012,1
20013,3
20016,2
20019,2
20025,1
20026,1
20029,1
20032,3
20035,3
20039,2
20041,2
20042,1
20044,1
20045,2
20048,2
20051,2
20054,1
20055,1
20058,1
20060,1
20061,1
20064,3
20067,3
20071,2
20074,2
20076,1
20077,2
20080,3
20086,3
20087,2
20089,1
20092,1
20093,1
20096,4
20099,3
20102,4
20105,2
20106,1
20108,1
20112,6
20115,3
20116,1
20118,1
20119,1
20122,2
20124,1
20125,2
20128,3
20131,2
20132,2
20134,4
20135,2
20137,1
20138,2
20140,1
20141,1
20144,4
20147,1
20148,2
20150,1
20153,3
20154,3
20157,2
20160,2
20163,2
20166,3
20167,2
20169,1
20173,6
20176,1
20182,2
20183,1
20185,1
20189,2
20192,6
20195,2
20198,3
20199,2
20201,1
20202,4
20204,1
20205,5
20208,2
20211,2
20214,3
20217,2
20220,1
20221,4
20224,3
20227,2
20230,1
20231,3
20237,5
20240,2
20243,2
20244,1
20246,1
20247,1
20249,2
20250,4
20253,1
20256,4
20259,3
20260,1
20262,4
20263,1
20266,3
20268,2
20269,2
20272,4
20275,2
20276,2
20279,2
20281,1
20285,1
20288,3
20291,4
20292,1
20294,3
20295,2
20297,2
20298,4
20300,1
20301,3
20304,2
20307,4
20310,1
20311,2
20313,1
20314,2
20317,4
20320,5
20323,4
20326,4
20327,1
20330,1
20332,1
20333,3
20336,2
20339,4
20342,1
20343,1
20345,2
20346,4
20348,2
20352,6
20355,3
20356,1
20358,2
20361,1
20362,2
20365,4
20368,5
20371,6
20374,1
20375,2
20377,2
20378,3
20380,5
20381,4
20384,5
20387,2
20388,2
20390,2
20391,1
20393,2
20394,2
20396,1
20397,3
20400,5
20403,4
20404,1
20406,1
20407,1
20410,3
20412,1
20413,9
20416,1
20419,3
20422,1
20423,5
20426,4
20428,1
20429,3
20432,2
20435,2
20436,4
20438,2
20439,4
20441,1
20442,1
20444,1
20445,5
20448,6
20451,5
20452,1
20454,5
20455,2
20457,2
20458,3
20460,1
20461,1
20464,3
20467,3
20468,2
20470,1
20471,2
20474,4
20477,2
20480,4
20483,2
20484,1
20486,1
20487,1
20489,1
20490,1
20493,5
20496,6
20499,5
20505,1
20506,4
20508,1
20509,4
20512,7
20515,4
20516,2
20518,4
20519,1
20521,3
20522,3
20524,1
20525,1
20528,5
20531,3
20532,1
20534,2
20535,3
20537,1
20538,1
20541,8
20544,3
20547,3
20548,1
20550,6
20551,1
20553,2
20554,3
20557,3
20560,2
20563,5
20564,2
20566,5
20567,3
20569,4
20570,1
20573,3
20576,4
20579,3
20580,1
20585,2
20586,2
20589,5
20592,4
20595,3
20596,1
20598,3
20599,3
20601,2
20602,3
20605,4
20608,8
20612,1
20614,9
20617,3
20618,6
20621,7
20624,3
20627,5
20628,1
20630,4
20631,2
20633,2
20634,6
20636,2
20637,5
20640,2
20643,6
20644,1
20646,2
20647,2
20649,1
20650,4
20652,1
20653,9
20656,2
20659,9
20662,2
20665,3
20666,4
20672,5
20675,4
20676,3
20678,3
20679,4
20682,2
20684,1
20685,2
20688,2
20691,6
20692,2
20694,6
20695,5
20697,1
20698,3
20701,3
20704,6
20707,4
20708,2
20710,3
20711,1
20713,1
20714,4
20716,2
20717,6
20720,4
20723,4
20724,5
20726,2
20727,1
20729,2
20730,3
20733,4
20736,8
20739,8
20742,3
20743,4
20745,1
20746,4
20749,3
20752,2
20755,4
20756,3
20758,1
20761,2
20762,3
20768,4
20771,4
20772,1
20774,1
20775,2
20777,4
20778,2
20780,1
20781,3
20784,2
20787,6
20790,2
20791,3
20793,2
20794,3
20796,1
20797,2
20800,6
20803,6
20804,1
20806,3
20807,2
20809,2
20810,3
20812,1
20813,6
20816,4
20819,5
20822,3
20823,3
20825,1
20826,2
20828,3
20829,2
20832,7
20835,4
20838,2
20839,2
20841,2
20842,5
20844,1
20845,2
20848,6
20851,6
20852,2
20854,2
20855,4
20857,2
20858,1
20860,2
20861,7
20864,4
20867,4
20870,3
20873,3
20874,4
20877,9
20880,7
20883,5
20886,4
20887,4
20889,3
20890,1
20892,4
20893,3
20896,4
20899,3
20900,1
20902,6
20903,4
20905,2
20906,2
20908,2
20909,9
20912,3
20915,5
20916,2
20918,3
20919,2
20921,6
20922,2
20924,4
20925,1
20928,6
20931,5
20932,1
20934,3
20935,3
20937,3
20938,5
20940,1
20941,4
20944,9
20947,6
20950,3
20951,2
20954,7
20956,2
20957,3
20960,9
20963,7
20964,1
20966,7
20967,2
20969,2
20970,4
20973,5
20976,9
20979,4
20980,1
20982,6
20985,4
20986,1
20988,2
20989,5
20992,4
20995,1
20996,2
20998,3
20999,3
21001,3
21002,4
21005,5
21008,5
21011,4
21012,6
21014,5
21015,3
21018,1
21021,8
21024,8
21027,7
21030,8
21031,3
21033,5
21034,2
21036,2
21037,10
21040,3
21043,5
21044,3
21046,2
21047,3
21049,1
21050,1
21053,1
21056,10
21059,3
21060,2
21062,5
21063,1
21066,6
21069,6
21072,6
21075,8
21078,2
21079,3
21081,1
21082,1
21084,1
21085,8
21088,7
21091,4
21092,1
21094,4
21095,2
21097,2
21098,1
21100,2
21101,2
21104,6
21107,5
21108,2
21110,4
21111,2
21113,2
21114,6
21116,1
21117,7
21120,13
21123,5
21126,4
21127,4
21129,4
21130,5
21132,1
21133,10
21136,4
21139,7
21140,2
21142,1
21143,1
21145,1
21148,3
21149,4
21152,7
21155,6
21158,5
21159,2
21161,2
21162,3
21164,1
21165,9
21168,1
21171,4
21172,2
21174,5
21175,6
21177,2
21178,5
21180,1
21181,5
21184,10
21187,4
21190,4
21191,1
21193,1
21194,4
21196,2
21197,4
21200,2
21203,9
21204,2
21206,3
21207,2
21209,1
21210,2
21212,1
21213,5
21216,13
21219,4
21220,2
21222,2
21223,1
21225,3
21226,2
21228,1
21229,8
21232,7
21235,2
21236,1
21238,7
21241,2
21242,6
21245,4
21248,9
21251,6
21252,2
21254,4
21255,1
21257,5
21258,8
21260,1
21261,6
21264,6
21267,8
21268,1
21270,1
21271,3
21273,3
21274,3
21276,1
21277,4
21280,9
21283,2
21286,7
21287,3
21289,3
21290,3
21292,3
21293,2
21296,2
21299,8
21302,4
21303,2
21305,3
21306,4
21308,1
21309,3
21312,12
21315,1
21316,2
21318,6
21319,4
21321,4
21322,5
21324,2
21325,4
21328,6
21331,4
21332,1
21334,5
21335,5
21337,2
21338,2
21340,2
21341,5
21344,4
21347,5
21350,6
21351,6
21353,1
21354,6
21357,1
21360,6
21363,2
21364,1
21366,2
21367,2
21369,3
21370,4
21372,2
21373,3
21376,5
21379,2
21380,2
21382,8
21383,7
21385,1
21386,1
21388,2
21389,5
21392,7
21395,8
21396,3
21398,1
21399,2
21401,4
21402,2
21404,1
21405,2
21408,6
21411,2
21412,2
21414,5
21415,1
21417,2
21418,6
21421,9
21424,3
21427,6
21428,3
21430,4
21431,2
21433,5
21434,4
21436,2
21437,4
21440,3
21443,3
21444,1
21446,3
21447,3
21449,2
21450,4
21452,3
21453,5
21456,7
21459,7
21462,2
21463,2
21465,2
21466,4
21469,9
21472,10
21475,5
21476,1
21478,2
21479,2
21481,3
21482,4
21485,6
21488,4
21491,4
21492,1
21494,3
21495,1
21497,3
21498,1
21500,2
21501,2
21504,6
21507,2
21510,8
21511,3
21513,3
21514,6
21516,2
21517,4
21520,8
21523,5
21524,3
21526,2
21527,3
21529,4
21530,8
21532,3
21533,4
21536,3
21539,6
21542,4
21543,5
21545,4
21546,4
21548,2
21549,4
21552,4
21555,3
21558,2
21559,2
21561,5
21562,5
21564,1
21565,5
21568,3
21571,5
21572,1
21574,3
21575,1
21577,3
21578,6
21581,4
21584,5
21587,9
21588,1
21590,4
21593,5
21594,3
21597,3
21600,7
21603,6
21606,4
21607,1
21609,2
21610,4
21612,2
21613,7
21616,8
21619,1
21622,1
21625,1
21626,1
21628,4
21629,4
21632,10
21635,5
21636,2
21638,2
21639,2
21642,2
21644,1
21645,9
21648,7
21651,6
21652,3
21654,3
21655,5
21657,2
21658,5
21660,2
21661,7
21664,7
21667,7
21668,2
21670,11
21671,5
21673,3
21674,6
21676,1
21677,3
21680,6
21683,8
21686,2
21687,3
21689,6
21690,6
21692,1
21693,5
21696,7
21699,3
21702,2
21703,5
21705,1
21706,3
21708,3
21709,6
21712,11
21715,5
21716,1
21718,1
21719,2
21721,1
21722,4
21725,5
21728,6
21731,4
21732,3
21734,5
21735,2
21737,3
21738,1
21741,10
21744,4
21747,4
21748,1
21750,6
21751,6
21753,3
21754,2
21756,1
21757,3
21760,4
21763,1
21766,4
21767,2
21769,3
21770,2
21772,1
21773,7
21776,4
21779,2
21780,1
21782,6
21785,2
21786,4
21788,3
21789,2
21792,8
21795,3
21798,1
21799,5
21801,3
21802,4
21804,1
21805,5
21808,3
21811,1
21814,3
21815,3
21817,4
21818,4
21821,4
21824,4
21827,5
21830,7
21831,7
21833,5
21834,2
21837,4
21840,7
21843,7
21844,2
21846,5
21847,2
21850,5
21852,1
21853,10
21856,4
21859,1
21862,3
21863,1
21865,1
21866,5
21868,2
21869,10
21872,7
21875,2
21878,4
21879,3
21881,5
21882,6
21884,3
21885,6
21888,10
21891,7
21892,1
21894,7
21895,4
21897,2
21898,3
21900,2
21901,3
21904,3
21907,2
21911,1
21913,5
21914,4
21916,2
21917,5
21920,6
21923,2
21926,2
21927,2
21929,3
21930,7
21932,3
21933,8
21936,6
21939,6
21940,1
21942,3
21943,2
21948,1
21949,4
21952,8
21955,6
21958,3
21959,1
21961,2
21962,6
21964,2
21965,4
21968,5
21971,6
21974,5
21975,4
21977,2
21978,4
21980,2
21981,6
21984,4
21987,6
21988,1
21990,1
21993,2
21994,5
21996,2
21997,2
22000,5
22003,8
22006,4
22007,1
22009,4
22010,2
22013,9
22016,10
22019,7
22020,1
22022,3
22023,3
22025,3
22026,4
22029,10
22032,6
22035,4
22036,4
22038,6
22039,3
22041,5
22042,6
22045,2
22048,7
22051,3
22052,1
22054,2
22055,3
22057,1
22058,9
22060,1
22061,1
22064,6
22067,2
22068,1
22070,2
22071,3
22073,2
22074,6
22076,1
22077,5
22080,5
22083,5
22084,3
22086,3
22087,4
22089,2
22090,1
22092,2
22093,6
22096,5
22099,4
22100,4
22102,3
22103,3
22105,3
22106,2
22108,1
22109,7
22112,7
22115,2
22116,3
22119,2
22121,4
22122,5
22124,2
22125,5
22128,8
22131,4
22132,4
22134,5
22135,4
22137,1
22138,9
22141,7
22144,14
22147,10
22150,6
22151,3
22153,1
22154,4
22156,1
22157,9
22160,9
22163,7
22164,1
22166,4
22167,1
22170,2
22172,1
22173,2
22176,6
22179,4
22180,1
22182,6
22183,2
22185,4
22186,3
22189,4
22192,5
22195,5
22196,4
22198,2
22199,5
22201,6
22202,3
22204,1
22205,3
22208,8
22211,5
22214,4
22215,2
22217,1
22218,3
22220,1
22221,6
22224,5
22227,11
22231,4
22233,5
22234,6
22236,2
22237,5
22240,8
22243,6
22244,2
22246,5
22247,1
22249,5
22250,3
22252,3
22253,9
22256,12
22259,11
22260,3
22262,3
22265,4
22266,1
22269,7
22272,7
22275,5
22276,1
22278,4
22279,4
22281,1
22282,4
22284,1
22285,8
22288,5
22291,5
22292,1
22294,8
22295,4
22297,2
22298,4
22301,5
22304,8
22307,6
22310,2
22311,4
22313,4
22314,4
22316,2
22317,4
22320,4
22323,6
22324,1
22326,3
22327,3
22329,1
22330,6
22332,2
22333,3
22336,9
22339,2
22340,2
22342,2
22343,2
22345,5
22346,4
22348,1
22349,3
22352,5
22355,4
22356,1
22358,3
22359,4
22361,2
22362,3
22364,1
22365,2
22368,6
22371,4
22372,3
22374,1
22375,4
22377,1
22378,1
22381,7
22384,3
22387,8
22388,2
22390,5
22391,3
22393,2
22394,4
22397,6
22400,10
22403,2
22404,1
22406,4
22407,3
22409,1
22410,1
22412,2
22413,4
22416,5
22419,8
22420,3
22422,3
22423,4
22425,3
22426,5
22428,1
22429,5
22432,4
22435,7
22436,1
22438,6
22439,4
22441,2
22442,2
22444,2
22445,6
22448,9
22451,12
22452,1
22454,5
22455,5
22457,2
22458,6
22460,3
22461,2
22464,6
22467,7
22468,1
22470,4
22471,2
22473,4
22474,1
22476,1
22477,7
22480,6
22483,9
22484,2
22486,2
22487,2
22489,4
22490,3
22492,3
22493,1
22496,6
22499,9
22500,1
22502,8
22503,2
22505,3
22506,7
22508,1
22509,11
22512,6
22515,2
22516,1
22518,5
22519,3
22521,4
22522,2
22525,3
22528,3
22531,6
22532,1
22534,6
22535,4
22540,3
22541,5
22544,6
22547,7
22548,2
22550,3
22551,4
22553,5
22554,3
22556,3
22557,4
22560,9
22563,4
22566,1
22567,2
22569,3
22572,3
22573,5
22576,4
22579,5
22580,1
22582,2
22583,2
22585,5
22586,3
22588,3
22589,6
22592,4
22595,6
22598,1
22599,1
22602,3
22604,1
22605,5
22608,9
22611,6
22612,1
22614,3
22615,2
22617,2
22618,3
22620,3
22621,5
22624,9
22630,3
22631,1
22633,2
22634,3
22637,3
22640,2
22643,3
22644,3
22646,2
22647,1
22649,1
22652,1
22653,4
22656,3
22659,1
22660,2
22662,2
22663,2
22665,2
22666,1
22669,6
22672,7
22675,8
22676,1
22678,1
22679,5
22681,2
22682,5
22684,1
22685,1
22688,14
22691,5
22692,1
22694,3
22697,3
22698,3
22700,4
22701,3
22704,3
22707,5
22708,2
22710,2
22711,1
22713,2
22714,6
22716,2
22717,3
22720,8
22723,6
22724,1
22726,5
22727,1
22729,1
22730,3
22733,7
22736,12
22739,6
22742,2
22743,4
22745,2
22746,2
22749,5
22752,1
22755,3
22756,3
22758,4
22759,6
22761,1
22762,1
22764,1
22765,12
22768,4
22771,10
22774,4
22775,4
22777,2
22780,1
22781,5
22784,7
22787,2
22790,2
22791,3
22794,3
22796,3
22797,2
22800,7
22803,2
22806,3
22807,6
22809,1
22810,2
22812,2
22813,3
22816,3
22819,7
22820,1
22822,5
22823,3
22825,5
22826,1
22828,1
22829,3
22832,2
22835,7
22838,2
22839,1
22841,3
22842,6
22845,4
22848,8
22851,7
22852,2
22854,2
22855,3
22857,1
22858,1
22860,4
22861,5
22864,3
22867,7
22868,3
22870,4
22871,2
22873,1
22874,1
22876,2
22877,2
22880,5
22883,4
22884,1
22886,5
22887,2
22889,2
22890,2
22893,2
22896,5
22899,5
22902,3
22903,2
22905,1
22906,5
22908,1
22909,5
22912,2
22915,5
22918,3
22919,3
22921,4
22922,1
22925,5
22928,2
22931,9
22934,5
22935,7
22937,3
22938,4
22940,1
22941,1
22944,5
22947,3
22948,3
22950,2
22951,2
22953,3
22954,2
22957,9
22960,7
22963,2
22964,3
22966,4
22967,2
22969,1
22970,5
22972,1
22973,2
22976,10
22979,3
22982,3
22985,2
22986,2
22988,2
22989,8
22992,3
22995,1
22998,3
22999,2
23001,1
23002,3
23004,2
23005,5
23008,6
23011,4
23014,4
23015,1
23017,1
23018,2
23020,1
23021,5
23024,4
23027,2
23028,1
23030,2
23031,2
23033,2
23034,2
23036,2
23037,7
23040,4
23043,4
23044,2
23046,1
23047,2
23049,1
23050,5
23052,2
23053,6
23056,7
23059,9
23060,2
23062,4
23063,1
23065,3
23066,3
23069,6
23072,6
23075,2
23076,2
23078,2
23079,5
23081,6
23082,6
23084,2
23085,3
23088,3
23091,5
23092,1
23094,2
23095,2
23097,3
23098,4
23100,4
23101,5
23104,4
23107,2
23108,5
23110,4
23111,3
23113,1
23114,4
23116,2
23117,3
23120,3
23123,3
23124,1
23126,2
23127,3
23130,5
23132,3
23133,2
23136,7
23139,1
23140,2
23142,3
23143,2
23145,1
23146,1
23148,1
23149,2
23152,2
23155,3
23156,2
23158,5
23159,3
23161,1
23164,1
23165,3
23168,6
23171,4
23174,5
23177,2
23181,3
23184,6
23187,5
23188,3
23190,1
23191,7
23193,3
23194,7
23196,1
23197,5
23200,5
23203,3
23204,1
23206,5
23207,2
23210,1
23212,1
23213,1
23216,2
23219,4
23222,4
23223,1
23225,2
23226,2
23228,1
23229,1
23232,4
23235,5
23236,2
23238,2
23239,2
23241,1
23242,4
23244,1
23245,5
23248,3
23251,7
23252,2
23254,4
23255,1
23258,2
23261,4
23264,6
23267,3
23268,1
23270,2
23271,1
23273,1
23276,1
23280,6
23283,5
23284,3
23286,2
23287,1
23290,1
23292,4
23293,4
23296,5
23299,2
23300,1
23302,2
23303,1
23305,4
23306,3
23308,1
23309,10
23312,5
23315,6
23316,2
23318,4
23319,1
23321,4
23322,2
23324,1
23328,4
23331,3
23332,1
23334,2
23335,4
23338,3
23340,3
23341,4
23344,2
23347,1
23348,1
23350,2
23351,3
23354,2
23357,6
23360,4
23363,3
23366,3
23367,3
23369,2
23370,2
23373,7
23376,3
23379,6
23382,3
23383,1
23385,3
23386,3
23388,1
23389,4
23392,6
23395,1
23398,1
23401,1
23402,3
23404,1
23405,3
23408,4
23411,3
23412,1
23414,5
23415,1
23417,1
23418,4
23421,1
23424,3
23427,1
23430,6
23431,2
23433,1
23434,3
23436,1
23437,5
23440,5
23443,1
23446,3
23449,1
23450,3
23453,2
23456,1
23459,1
23460,2
23462,1
23463,5
23469,4
23472,6
23475,2
23479,2
23481,2
23482,1
23485,6
23488,5
23491,1
23494,4
23495,1
23498,3
23500,1
23501,3
23504,4
23507,3
23511,2
23513,2
23514,1
23516,2
23517,2
23520,3
23523,1
23524,1
23526,4
23527,1
23529,1
23530,5
23532,1
23533,1
23536,3
23539,3
23540,1
23542,4
23543,2
23545,4
23546,5
23548,1
23549,3
23552,4
23555,2
23558,3
23559,1
23561,2
23562,1
23565,5
23568,4
23571,1
23574,3
23577,1
23580,1
23581,2
23584,6
23587,2
23588,2
23590,2
23591,2
23593,3
23594,3
23597,3
23600,6
23603,2
23606,1
23607,1
23609,1
23610,4
23613,3
23616,6
23619,2
23622,1
23625,4
23626,3
23628,2
23629,1
23632,2
23635,1
23639,1
23641,1
23642,3
23644,2
23648,1
23651,5
23654,4
23655,1
23657,1
23658,1
23660,1
23661,2
23664,3
23667,2
23670,1
23671,2
23674,3
23677,1
23680,5
23683,6
23684,1
23686,3
23687,1
23690,2
23692,3
23693,3
23696,2
23699,2
23702,1
23705,1
23706,2
23708,2
23709,3
23712,5
23715,1
23718,1
23719,1
23721,1
23722,2
23724,2
23725,6
23728,4
23731,3
23734,3
23735,1
23737,1
23738,2
23741,3
23744,3
23747,2
23750,2
23751,1
23757,6
23760,3
23763,1
23764,1
23767,2
23769,2
23770,3
23773,2
23779,1
23782,1
23785,2
23786,2
23788,1
23789,6
23792,6
23795,1
23796,1
23798,2
23799,2
23801,2
23802,1
23808,5
23811,2
23812,3
23815,1
23818,2
23820,1
23821,3
23824,2
23827,1
23830,1
23833,2
23834,2
23836,2
23837,2
23840,6
23843,4
23844,2
23846,2
23850,1
23852,1
23853,1
23856,2
23859,3
23862,2
23863,1
23865,1
23866,2
23869,1
23872,3
23875,2
23885,2
23888,2
23891,1
23892,2
23894,2
23897,1
23901,2
23904,3
23907,2
23910,3
23911,1
23913,1
23914,1
23917,4
23920,1
23923,2
23926,1
23927,1
23929,1
23930,3
23936,3
23939,4
23942,2
23943,3
23946,1
23948,2
23949,2
23952,4
23955,2
23956,2
23959,4
23961,1
23962,4
23965,1
23968,1
23971,3
23972,2
23974,1
23975,1
23977,1
23981,2
23987,1
23990,1
23993,1
23994,1
23996,2
24000,5
24003,3
24004,1
24006,3
24007,4
24010,1
24013,4
24016,2
24019,1
24020,1
24022,1
24026,3
24029,2
24032,1
24035,1
24041,2
24042,3
24045,3
24048,1
24051,2
24052,1
24055,2
24058,3
24061,3
24064,4
24068,1
24070,1
24074,4
24077,1
24080,3
24083,4
24084,1
24086,3
24087,1
24089,5
24093,1
24099,1
24100,2
24102,2
24103,2
24109,2
24118,1
24119,1
24122,2
24125,3
24128,5
24131,3
24134,2
24135,1
24138,1
24141,2
24144,2
24147,4
24148,1
24151,2
24153,3
24154,1
24157,2
24160,5
24163,3
24164,1
24166,3
24167,1
24169,1
24170,1
24173,3
24176,1
24179,2
24182,4
24185,1
24186,1
24189,2
24192,3
24198,1
24205,2
24208,4
24211,3
24214,3
24218,1
24224,2
24230,3
24231,1
24233,1
24234,1
24237,2
24240,4
24244,1
24246,1
24247,2
24250,1
24252,2
24253,5
24256,1
24259,2
24262,2
24266,1
24269,1
24272,2
24275,1
24279,1
24282,1
24285,3
24288,2
24291,2
24294,2
24295,1
24297,1
24298,1
24300,1
24304,1
24307,2
24311,1
24313,1
24314,1
24320,4
24327,1
24329,1
24330,2
24332,1
24336,2
24339,3
24343,2
24345,3
24346,1
24349,3
24352,2
24355,2
24358,1
24362,3
24365,2
24368,2
24374,2
24375,2
24377,2
24378,1
24380,1
24381,2
24384,1
24387,3
24390,3
24393,1
24394,1
24396,2
24397,1
24403,2
24404,1
24406,1
24407,1
24409,1
24410,2
24422,4
24425,1
24428,1
24429,2
24432,2
24436,1
24441,3
24442,1
24445,1
24448,2
24452,1
24454,1
24455,1
24458,1
24461,2
24464,5
24467,2
24471,1
24474,2
24476,2
24477,1
24483,2
24484,1
24486,1
24487,1
24492,1
24493,1
24496,1
24499,1
24502,1
24505,1
24506,1
24509,1
24512,2
24515,1
24516,1
24518,4
24521,1
24522,1
24525,1
24528,1
24531,3
24534,1
24538,1
24541,1
24544,1
24547,2
24551,1
24554,1
24560,2
24563,1
24566,1
24569,1
24572,1
24576,3
24579,2
24583,2
24586,2
24592,2
24595,1
24596,1
24598,1
24605,1
24608,1
24611,2
24615,1
24617,1
24618,1
24621,3
24627,1
24630,1
24633,2
24634,2
24637,1
24640,1
24643,2
24646,1
24653,3
24662,2
24672,3
24675,2
24681,1
24682,1
24684,2
24685,1
24688,1
24700,1
24710,1
24711,1
24716,2
24720,1
24723,1
24729,1
24730,4
24733,2
24736,5
24739,2
24740,1
24742,1
24748,1
24749,2
24752,2
24755,1
24758,2
24761,1
24762,2
24764,1
24765,2
24768,1
24771,1
24772,1
24774,3
24780,2
24794,2
24796,1
24797,1
24800,1
24803,1
24806,2
24807,2
24809,1
24813,1
24819,1
24823,2
24828,1
24832,1
24838,1
24839,1
24841,2
24842,2
24844,1
24845,1
24851,1
24855,2
24858,1
24860,1
24867,3
24873,2
24874,1
24877,1
24880,1
24883,2
24886,1
24887,1
24889,1
24899,1
24903,1
24906,1
24909,2
24912,3
24919,1
24921,1
24928,1
24931,3
24932,1
24935,1
24956,1
24957,3
24960,5
24964,1
24970,1
24972,1
24973,1
24976,1
24979,1
24982,1
24985,1
24986,1
24989,1
24992,2
24995,1
24998,1
25005,3
25008,1
25011,1
25014,1
25017,1
25020,1
25024,2
25027,3
25033,1
25037,1
25040,1
25046,1
25049,1
25050,1
25056,4
25060,2
25062,1
25063,1
25066,1
25069,1
25075,1
25079,1
25081,2
25082,1
25085,1
25088,3
25091,3
25097,1
25101,1
25104,3
25107,2
25111,2
25114,1
25117,1
25120,2
25123,2
25136,1
25146,1
25152,2
25155,2
25171,1
25178,1
25187,1
25190,2
25197,1
25200,1
25212,1
25213,1
25225,2
25226,1
25228,2
25229,1
25238,1
25239,1
25258,2
25261,1
25264,1
25267,2
25270,1
25274,1
25277,1
25280,2
25289,1
25292,1
25296,1
25299,1
25305,2
25306,2
25309,2
25316,1
25318,1
25324,1
25325,1
25328,1
25332,2
25344,2
25348,1
25350,1
25353,2
25354,1
25364,1
25367,1
25372,1
25376,1
25383,1
25386,1
25388,1
25392,2
25398,1
25399,1
25401,1
25408,2
25414,1
25418,1
25424,2
25427,1
25433,1
25437,1
25446,1
25449,1
25450,1
25459,1
25466,1
25469,1
25472,1
25475,1
25485,1
25488,1
25495,1
25497,2
25498,1
25508,1
25510,1
25511,1
25513,2
25514,1
25523,1
25526,1
25533,3
25543,1
25555,1
25565,1
25568,1
25584,2
25588,2
25600,1
25610,1
25619,1
25632,2
25635,1
25638,1
25639,1
25641,1
25648,1
25651,1
25655,1
25664,1
25668,1
25674,1
25680,4
25690,1
25692,1
25699,1
25703,1
25708,1
25712,1
25715,1
25721,1
25725,1
25728,2
25731,2
25734,1
25738,1
25741,1
25744,1
25747,1
25748,1
25754,2
25757,1
25776,1
25782,1
25788,1
25792,2
25796,1
25801,1
25804,1
25811,1
25818,1
25820,1
25824,2
25837,1
25843,1
25853,3
25859,1
25862,1
25865,1
25866,2
25872,3
25882,1
25884,1
25885,1
25888,3
25894,1
25895,1
25900,1
25914,1
25920,3
25923,1
25926,1
25929,1
25948,1
25964,2
25965,1
25978,3
25984,3
25987,1
25991,1
25993,1
25996,1
25997,1
26016,2
26029,1
26032,2
26035,1
26041,1
26048,2
26051,2
26061,1
26106,1
26108,1
26118,1
26122,1
26125,1
26131,2
26137,1
26138,1
26157,1
26163,2
26169,2
26173,2
26179,1
26186,1
26189,1
26195,1
26211,2
26214,1
26217,2
26220,1
26221,1
26230,1
26231,1
26243,1
26246,1
26253,1
26256,1
26265,1
26281,1
26292,1
26298,1
26301,1
26307,1
26311,1
26316,1
26327,1
26333,1
26336,1
26342,1
26346,2
26352,1
26355,1
26356,1
26362,4
26365,1
26368,2
26371,1
26372,2
26381,1
26384,1
26387,1
26393,1
26400,1
26403,2
26413,2
26416,1
26419,2
26426,1
26429,1
26441,1
26442,1
26455,1
26457,1
26458,1
26461,1
26471,1
26480,1
26489,1
26496,2
26499,1
26502,1
26505,1
26518,1
26519,1
26521,1
26528,1
26531,1
26538,1
26554,2
26557,1
26563,1
26570,1
26573,2
26576,2
26580,1
26598,1
26602,1
26605,1
26617,1
26627,3
26631,1
26636,2
26637,1
26640,1
26643,2
26647,1
26653,2
26666,1
26669,1
26675,1
26710,1
26716,1
26726,1
26727,1
26742,2
26746,1
26752,1
26755,1
26764,1
26765,1
26768,1
26771,1
26774,2
26787,2
26794,1
26813,1
26816,2
26819,1
26825,2
26826,1
26829,2
26832,2
26851,1
26858,1
26861,1
26873,1
26874,1
26880,1
26883,1
26886,1
26887,1
26890,2
26915,1
26918,3
26938,1
26941,1
26944,1
26950,2
26954,1
26960,1
26963,1
26966,1
26983,1
26989,1
26992,1
26995,2
27011,1
27028,1
27031,1
27040,1
27046,2
27047,2
27053,1
27056,1
27060,1
27066,2
27069,1
27079,1
27085,1
27088,2
27091,1
27092,1
27098,2
27104,2
27107,1
27108,1
27114,1
27117,2
27127,2
27129,1
27143,1
27164,1
27168,2
27171,4
27174,2
27175,1
27184,1
27187,1
27190,1
27193,1
27194,3
27197,2
27200,1
27210,1
27213,1
27226,1
27235,1
27267,1
27270,1
27271,1
27277,1
27286,1
27299,2
27309,1
27315,1
27322,1
27334,1
27335,2
27357,1
27373,1
27402,1
27408,2
27411,1
27414,1
27421,1
27427,1
27431,2
27440,1
27452,1
27456,1
27465,1
27494,1
27500,1
27504,2
27507,1
27508,1
27520,1
27532,1
27539,2
27548,1
27562,1
27568,1
27584,1
27590,1
27594,1
27600,1
27606,1
27622,1
27648,2
27652,1
27658,1
27667,1
27671,1
27674,1
27676,1
27687,2
27690,1
27696,1
27699,1
27709,1
27753,1
27757,1
27763,1
27766,1
27767,1
27776,2
27795,1
27798,3
27799,1
27804,1
27814,1
27817,1
27821,3
27827,1
27833,1
27840,1
27853,1
27856,1
27878,1
27888,1
27891,2
27894,1
27901,1
27914,1
27923,1
27926,1
27933,1
27939,1
27948,1
27958,1
27968,1
27974,1
27993,1
27997,1
28000,1
28016,1
28042,2
28048,1
28052,1
28080,1
28090,1
28096,1
28100,1
28105,1
28109,1
28118,1
28128,2
28141,1
28144,2
28153,1
28157,1
28160,1
28189,1
28202,1
28205,1
28208,1
28217,1
28224,1
28230,1
28231,1
28234,1
28253,1
28256,1
28262,1
28272,2
28278,2
28279,1
28282,1
28285,1
28298,1
28307,1
28308,1
28310,1
28314,1
28316,1
28317,1
28329,1
28342,1
28343,1
28349,1
28356,1
28365,1
28368,1
28374,1
28377,1
28378,1
28381,1
28390,1
28403,1
28406,1
28410,1
28423,1
28436,1
28445,1
28448,2
28452,1
28467,1
28480,1
28483,1
28489,1
28496,1
28509,1
28512,1
28531,1
28532,1
28534,1
28538,1
28551,1
28557,1
28570,2
28573,2
28579,1
28583,1
28585,1
28605,1
28608,2
28620,1
28621,2
28624,1
28656,1
28672,1
28678,1
28685,1
28697,1
28710,1
28714,1
28755,1
28771,1
28787,1
28800,1
28842,1
28844,1
28848,1
28851,1
28855,1
28858,1
28861,1
28887,1
28890,1
28915,1
28941,2
28956,1
28966,1
28970,1
28976,1
28982,1
28983,1
28985,1
28992,1
28998,2
29024,1
29031,1
29033,1
29040,2
29049,1
29053,1
29059,2
29062,1
29078,1
29094,1
29095,1
29098,1
29104,1
29111,1
29114,1
29127,2
29139,1
29155,1
29165,1
29174,1
29177,1
29178,1
29188,1
29197,1
29206,2
29219,1
29228,1
29251,1
29254,1
29255,1
29261,1
29268,1
29270,1
29290,1
29312,1
29335,1
29401,1
29411,1
29415,1
29424,2
29427,1
29440,1
29444,1
29479,1
29485,1
29488,1
29504,1
29533,1
29536,1
29539,1
29542,1
29546,1
29578,1
29606,1
29607,1
29616,1
29635,1
29661,1
29664,1
29677,1
29690,1
29718,1
29728,1
29754,1
29760,1
29763,1
29776,2
29785,1
29792,1
29808,1
29834,1
29837,1
29846,1
29849,1
29869,3
29881,1
29882,1
29901,1
29904,1
29917,1
29920,1
29927,1
29942,1
29984,1
29987,1
29994,1
29997,1
30000,1
30003,1
30022,1
30032,1
30035,1
30036,1
30051,1
30067,1
30074,2
30105,1
30108,1
30109,1
30124,1
30134,1
30138,1
30154,2
30182,1
30183,1
30185,1
30188,1
30192,1
30221,1
30231,1
30256,1
30266,1
30272,2
30291,1
30304,1
30307,1
30342,1
30365,1
30372,1
30378,1
30388,1
30393,1
30403,1
30410,1
30413,1
30416,1
30419,1
30422,1
30438,1
30451,1
30454,1
30457,1
30461,1
30464,2
30467,1
30480,1
30492,1
30496,1
30505,1
30515,1
30521,1
30528,1
30560,2
30566,1
30595,1
30599,1
30615,1
30630,1
30652,1
30653,1
30697,1
30707,2
30708,1
30714,1
30739,2
30743,1
30745,1
30771,1
30781,1
30794,1
30803,1
30829,1
30832,1
30852,1
30857,1
30858,2
30877,1
30883,1
30900,1
30903,1
30915,1
30925,1
30935,1
30937,1
30944,2
30972,1
30992,1
30998,1
30999,1
31014,1
31030,2
31040,1
31068,1
31075,1
31107,1
31110,1
31133,1
31143,1
31146,1
31152,2
31158,1
31159,1
31162,1
31171,1
31175,1
31178,1
31196,1
31213,1
31216,1
31222,1
31235,1
31239,1
31245,1
31255,1
31261,1
31267,1
31306,1
31331,1
31340,1
31347,1
31353,1
31366,1
31376,1
31382,1
31408,1
31430,1
31456,3
31465,1
31472,1
31478,1
31498,1
31504,1
31545,1
31555,1
31565,1
31568,1
31591,1
31597,1
31604,1
31635,1
31642,1
31651,1
31664,2
31670,1
31673,1
31706,2
31712,1
31728,1
31737,1
31753,1
31757,1
31763,1
31764,1
31789,1
31808,1
31814,1
31824,1
31834,1
31849,1
31863,1
31872,1
31882,1
31898,1
31904,1
31910,2
31917,1
31936,1
31939,1
31949,1
31955,1
31956,1
31962,1
32016,1
32035,1
32058,1
32064,1
32071,1
32083,1
32100,1
32112,1
32115,1
32118,1
32128,1
32144,1
32160,1
32186,2
32198,1
32205,1
32230,1
32231,1
32233,1
32256,1
32269,1
32275,2
32278,2
32282,1
32310,1
32342,1
32343,1
32355,1
32362,1
32403,2
32413,2
32416,1
32486,1
32496,1
32499,1
32506,1
32519,1
32547,1
32554,1
32579,3
32608,1
32615,1
32618,1
32627,1
32637,1
32653,1
32659,1
32669,1
32672,1
32685,1
32688,1
32700,1
32704,1
32714,1
32723,1
32729,1
32730,1
32733,1
32748,1
32752,1
32765,1
32778,1
32787,1
32791,1
32797,1
32806,1
32807,1
32816,1
32835,1
32842,1
32851,1
32852,1
32855,1
32860,1
32864,1
32877,1
32880,1
32903,1
32905,1
32908,1
32909,1
32912,1
32918,1
32951,1
32957,1
32960,1
32963,1
32966,1
32967,1
32992,2
32998,1
33002,1
33011,1
33018,1
33031,1
33033,1
33040,2
33088,1
33098,1
33120,1
33123,1
33136,2
33161,1
33168,1
33178,1
33184,2
33194,1
33197,1
33213,1
33239,1
33267,1
33284,1
33318,1
33366,1
33373,1
33376,1
33389,1
33396,1
33421,1
33440,1
33450,1
33456,1
33462,3
33476,1
33485,1
33488,3
33491,1
33495,1
33507,1
33523,1
33577,1
33584,1
33591,1
33606,1
33632,1
33638,1
33654,1
33702,1
33703,1
33754,1
33801,1
33814,1
33824,1
33847,1
33875,1
33904,1
33907,2
33917,1
33920,1
33926,1
33933,1
33940,1
33956,1
33965,1
33974,1
33981,1
33997,1
34006,1
34019,1
34070,1
34077,1
34093,1
34106,1
34119,1
34131,1
34144,2
34147,1
34153,1
34160,1
34246,1
34300,1
34317,1
34326,1
34355,1
34374,1
34384,1
34387,1
34400,1
34413,1
34419,1
34422,1
34461,1
34496,1
34515,1
34525,1
34538,1
34605,1
34614,2
34630,1
34650,1
34676,1
34698,1
34704,1
34772,1
34775,1
34800,1
34809,1
34813,2
34842,1
34876,1
34877,1
34893,1
34928,1
34937,1
34957,1
34960,1
34985,1
35002,1
35011,1
35040,3
35046,1
35082,1
35104,1
35107,1
35120,1
35129,1
35136,1
35143,1
35155,1
35165,1
35177,1
35197,1
35203,1
35206,1
35210,1
35257,1
35261,1
35276,1
35284,1
35312,1
35316,1
35360,1
35418,1
35436,1
35468,1
35475,1
35482,1
35504,2
35507,1
35514,1
35527,1
35539,2
35540,1
35545,1
35577,1
35619,1
35638,1
35654,1
35677,1
35680,1
35693,1
35696,1
35731,1
35747,2
35757,1
35795,1
35830,1
35849,1
35865,1
35904,1
35907,1
35910,1
35932,1
35968,1
36003,1
36006,1
36032,1
36103,1
36118,1
36131,1
36144,1
36198,1
36211,1
36253,1
36262,1
36266,1
36272,1
36279,1
36317,1
36343,1
36355,1
36371,1
36410,1
36419,1
36445,1
36448,1
36458,1
36473,1
36519,1
36557,1
36569,1
36637,1
36656,2
36720,2
36745,1
36749,1
36768,1
36791,1
36797,1
36867,1
36886,1
36909,1
36934,1
36970,1
36976,1
36995,1
37108,1
37216,1
37242,1
37340,1
37396,1
37405,1
37450,1
37466,1
37478,1
37488,1
37625,1
37677,1
37715,1
37718,1
37770,1
37811,1
37888,1
38214,1
38412,1
38464,1
38768,1
39558,1
51629,1
69072,1
84573,1
102810,1
116889,1
134541,1
147562,1
167158,1
176944,1
190221,1
210771,1
243142,1
277737,1
302637,1
334870,1
366592,1
